338,164,98,54
333,162,106,58
332,166,108,58
334,163,106,59
334,163,108,59
333,160,113,58
334,165,105,55
338,164,101,54
332,164,110,55
334,163,107,57
334,165,108,56
333,165,108,53
336,164,104,57
333,163,107,56
335,165,106,57
333,162,107,58
334,162,107,59
331,164,110,55
332,163,107,58
333,163,109,57
331,161,111,60
333,164,107,58
333,162,106,57
334,166,106,55
334,164,107,56
330,164,112,58
328,164,116,54
332,164,110,56
333,165,107,56
333,162,106,57
334,166,107,52
332,163,109,58
333,164,109,56
331,163,106,57
331,165,109,56
333,164,108,55
333,165,107,56
330,163,112,56
332,166,113,52
333,164,108,55
332,163,107,56
331,162,112,58
330,164,112,57
334,162,106,57
335,163,105,59
334,163,105,56
336,165,102,56
334,162,107,56
334,165,106,54
330,164,110,54
333,163,108,59
332,161,110,60
331,159,111,61
333,165,107,54
334,162,109,57
335,162,103,58
334,163,107,56
334,163,108,59
335,162,106,58
332,162,108,57
335,163,105,58
336,160,104,61
332,161,107,60
336,161,104,62
335,159,105,61
333,168,106,54
333,165,104,54
335,164,106,57
333,162,107,57
334,161,108,59
333,165,114,55
334,161,110,61
335,163,106,58
334,160,107,62
336,160,110,61
334,163,109,55
336,161,106,55
337,164,106,57
333,161,109,58
337,160,105,59
341,162,100,56
342,159,100,57
338,160,104,59
339,161,102,59
341,159,103,58
341,161,104,60
340,159,106,62
341,158,102,61
342,162,102,58
342,162,102,57
339,162,108,57
340,163,105,58
342,163,104,56
342,162,105,56
342,162,102,59
342,163,102,54
341,163,106,58
345,161,99,59
339,160,105,62
342,160,104,58
339,162,107,54
339,163,107,54
335,160,110,59
340,163,106,53
337,162,109,56
338,159,107,58
336,161,110,56
341,158,101,59
339,160,104,57
339,158,106,60
335,161,107,59
337,158,109,59
334,156,111,63
337,155,107,66
340,156,103,60
332,156,114,63
337,156,106,58
335,156,109,57
336,155,108,59
336,152,104,61
336,153,106,61
333,152,109,64
336,155,110,59
337,154,104,58
336,151,105,61
337,151,106,60
335,148,108,63
336,150,107,60
335,151,106,60
334,149,109,60
336,149,104,64
337,147,102,60
336,146,103,59
334,146,106,58
336,150,109,59
335,146,105,61
335,145,105,60
335,145,104,59
335,143,106,63
335,143,104,60
335,143,105,63
334,142,104,59
336,144,107,58
333,140,110,67
335,141,108,68
334,139,107,66
334,137,107,65
336,140,105,61
335,137,103,60
334,139,105,62
332,137,111,64
335,135,104,64
334,133,106,64
334,134,107,66
335,132,104,65
335,132,107,69
336,132,106,65
334,132,105,69
334,132,106,66
334,131,106,63
332,129,105,67
335,135,107,60
332,130,109,66
331,127,108,69
334,126,106,71
332,128,107,68
334,126,108,68
331,126,107,68
333,127,106,67
332,127,106,66
332,125,108,68
332,128,107,60
330,129,111,61
330,128,110,64
329,126,108,67
333,125,104,66
331,130,107,61
329,129,110,69
328,128,112,66
327,129,112,66
330,131,106,67
329,130,109,70
325,130,114,71
326,134,112,69
329,132,107,67
328,136,108,67
325,136,108,66
329,136,107,68
328,137,106,66
327,137,108,69
325,138,109,64
326,138,109,63
326,141,110,61
323,141,112,65
325,142,109,62
326,143,110,62
325,142,107,63
326,146,110,64
324,145,108,65
327,144,111,67
325,145,109,65
326,146,110,64
325,147,113,67
323,145,112,66
326,149,112,67
327,149,109,63
327,151,113,62
325,151,113,61
326,150,113,63
327,152,112,62
326,152,116,63
327,153,111,58
326,154,119,61
326,155,116,59
324,156,117,62
327,155,115,62
326,156,114,63
324,156,118,62
324,159,119,59
325,158,117,60
328,160,113,58
327,157,113,63
326,161,117,59
326,161,120,59
327,164,118,57
327,162,116,59
326,162,120,61
330,165,114,57
328,165,114,57
331,165,117,57
331,167,113,57
332,164,109,57
331,168,114,58
331,166,113,56
335,171,111,53
335,169,109,52
335,171,112,54
334,167,113,53
337,170,108,53
337,169,110,53
338,167,107,54
341,169,107,54
341,169,109,55
342,166,106,58
343,169,108,56
344,166,108,55
342,167,108,58
346,166,105,57
346,166,102,57
347,167,108,56
347,165,109,57
346,163,109,56
342,166,116,58
344,161,113,60
349,162,107,59
346,161,111,60
350,160,106,60
348,161,110,58
348,162,112,57
348,161,112,58
345,160,116,57
348,161,115,57
349,159,115,60
352,158,109,58
353,156,110,60
351,158,112,60
352,158,113,59
352,158,113,58
349,157,118,59
347,158,121,60
346,158,122,57
347,156,123,58
344,160,123,56
352,157,115,56
349,159,120,56
347,158,121,58
353,156,115,59
355,157,112,56
352,157,117,57
354,158,116,56
356,159,115,52
352,159,119,52
351,157,118,55
350,158,120,56
349,160,121,53
353,158,120,57
348,156,121,57
350,157,121,55
352,157,119,58
353,157,120,57
349,157,126,58
348,155,125,60
348,157,123,54
348,158,122,56
352,155,120,56
352,157,119,55
347,157,127,57
347,157,125,57
348,155,125,58
347,157,126,55
346,158,124,58
345,157,128,56
344,157,131,57
351,155,121,61
347,157,122,59
356,154,117,59
349,155,124,57
348,156,122,59
351,157,122,55
345,156,127,57
353,155,121,57
351,155,118,57
354,157,119,60
352,155,119,58
351,156,120,56
354,158,118,56
352,156,121,55
356,157,113,56
353,155,118,60
352,157,117,58
349,156,126,56
349,154,121,58
346,158,124,57
355,156,115,62
357,153,112,63
355,156,114,60
350,156,120,59
350,159,121,56
353,157,117,56
355,155,117,60
351,157,119,58
353,155,116,58
357,158,111,62
356,152,113,62
354,156,114,59
356,156,111,58
357,154,111,58
356,155,110,62
361,154,108,56
356,156,111,56
356,156,111,58
354,156,111,57
354,153,116,59
354,157,113,58
358,154,107,57
353,155,111,61
352,154,116,60
353,153,112,55
352,154,112,58
352,152,113,60
350,150,113,64
349,153,113,57
355,154,111,60
348,154,115,63
347,151,117,63
349,153,111,62
353,154,110,59
350,155,110,56
349,155,113,58
350,155,108,58
350,155,111,58
348,156,111,57
349,155,108,57
344,155,114,59
349,153,107,60
346,153,112,62
344,154,111,59
345,152,110,61
346,157,106,58
342,156,113,61
343,155,112,60
339,156,117,60
340,156,115,60
341,155,116,60
339,157,114,59
340,158,119,58
338,155,119,58
338,157,116,55
337,157,116,56
337,156,114,57
339,157,110,53
336,155,114,57
335,153,116,61
336,156,117,59
333,154,119,62
335,154,116,59
332,155,117,57
332,155,119,56
332,156,117,57
332,155,117,59
334,155,111,57
333,154,112,57
332,156,115,55
331,152,114,58
330,155,115,56
331,155,112,57
333,154,108,53
328,156,114,54
329,154,117,54
328,152,116,58
330,156,116,51
330,155,111,52
328,153,112,52
326,150,120,61
327,151,113,60
328,150,113,60
329,153,116,55
325,153,116,58
325,153,116,55
324,157,122,54
324,155,121,56
327,152,116,58
326,155,121,58
324,153,121,60
323,154,120,57
324,156,117,56
324,151,123,61
324,154,121,57
323,153,121,61
323,154,119,58
325,153,118,57
324,152,118,58
326,152,112,57
325,153,121,59
324,151,116,57
320,151,119,58
321,150,121,60
324,151,117,59
321,152,117,57
316,153,127,56
320,151,122,58
319,153,126,57
317,151,127,58
317,155,125,56
322,153,122,52
318,153,123,51
324,156,120,52
320,151,123,58
319,153,126,59
319,152,125,60
320,152,125,58
321,155,126,54
325,152,120,59
325,153,120,55
327,154,115,53
326,153,112,56
323,156,125,55
321,155,118,55
324,154,113,54
323,155,125,56
323,155,121,57
326,153,113,52
323,155,115,53
326,153,116,56
324,154,113,56
325,153,114,52
324,155,112,55
325,156,114,54
324,158,121,53
324,157,122,55
327,155,113,56
325,157,117,55
325,156,117,56
325,156,115,55
325,155,115,56
329,152,111,59
325,154,115,59
326,152,111,57
328,154,113,56
323,154,115,58
325,148,112,63
325,149,112,62
327,151,110,59
328,151,106,59
328,150,106,59
329,152,107,60
329,151,104,56
330,151,107,57
326,150,106,60
327,152,109,58
328,151,108,57
326,150,111,57
328,148,105,62
330,150,105,57
329,147,101,59
332,147,99,61
332,148,99,59
329,147,102,64
327,145,106,69
327,143,103,71
328,145,107,70
327,143,105,71
326,137,102,77
325,133,102,83
325,135,103,78
328,145,99,64
327,142,103,71
327,146,105,61
326,147,103,61
329,147,104,62
331,145,101,59
325,145,102,61
329,151,100,53
331,147,101,57
328,144,99,61
330,146,102,57
327,147,105,54
329,145,104,56
328,145,104,55
327,144,107,56
322,145,110,54
329,144,104,54
326,141,102,56
332,145,103,52
329,143,103,54
328,144,104,57
329,145,103,52
328,144,103,56
326,143,104,56
327,143,105,56
329,142,101,56
328,141,102,58
329,144,102,57
328,141,103,56
330,140,100,60
331,141,101,59
326,143,106,56
327,140,107,58
327,139,106,59
327,139,106,58
327,137,102,61
325,139,104,57
326,137,108,61
325,140,107,56
325,138,106,62
326,140,106,55
324,139,109,57
327,140,108,59
327,143,106,54
323,139,109,58
325,140,107,58
323,137,108,64
323,139,108,59
324,139,105,60
327,140,102,59
327,142,104,57
324,141,106,60
325,141,109,61
327,142,105,59
325,145,106,56
324,143,106,60
325,143,108,60
323,143,108,61
324,147,107,57
323,146,108,58
325,144,105,59
324,142,105,61
326,148,102,56
328,146,103,57
327,147,106,58
330,147,103,56
327,147,104,54
329,149,101,55
329,147,101,56
331,148,100,54
332,147,98,56
332,146,97,55
333,146,94,57
333,145,93,59
336,146,96,56
334,148,98,54
336,146,91,56
336,144,85,55
337,140,90,63
336,138,85,64
335,137,92,66
336,142,82,59
341,146,96,58
333,140,100,62
337,142,90,56
343,142,71,60
349,143,61,56
347,144,66,54
345,141,68,58
344,142,73,59
344,140,72,60
346,143,68,57
348,142,63,55
347,143,67,57
348,143,63,56
349,143,64,58
349,142,60,58
348,140,63,60
348,142,60,56
346,141,63,58
349,143,64,59
346,142,61,56
349,142,57,57
347,141,58,61
349,139,57,61
348,139,58,61
348,139,55,61
347,140,56,58
349,141,53,59
350,137,52,64
353,138,48,61
350,137,50,58
354,136,45,65
356,134,43,56
358,138,37,62
359,139,38,63
360,135,36,67
361,136,33,65
363,133,31,67
366,135,30,66
369,135,28,67
370,138,28,65
372,137,27,63
372,135,31,65
372,136,31,64
372,136,33,62
370,136,37,65
377,136,31,65
371,139,39,61
371,141,42,62
365,142,51,61
363,145,56,57
362,142,58,63
362,143,59,57
360,145,62,58
358,142,65,61
357,143,71,59
354,144,76,59
356,141,75,60
353,142,80,61
352,143,81,58
351,140,82,64
346,139,86,65
350,143,83,60
346,139,86,64
344,139,88,64
347,144,86,59
340,136,96,68
339,137,97,63
344,140,91,62
340,139,95,62
337,140,98,62
341,138,96,65
338,136,98,66
339,138,94,65
339,138,99,67
338,136,99,68
337,135,99,69
338,136,98,69
338,135,97,67
340,136,100,65
337,138,100,65
339,137,99,63
338,137,100,69
338,135,104,66
339,138,100,66
337,137,103,65
339,138,99,66
340,140,102,63
339,139,103,59
340,142,101,61
340,139,101,59
338,140,101,61
337,142,101,60
341,142,102,59
338,143,102,57
340,140,100,61
339,141,102,59
335,142,106,61
337,141,102,58
336,140,102,60
337,142,103,59
337,144,104,56
337,145,103,56
338,143,103,58
336,143,103,60
335,140,105,65
336,140,103,64
336,142,104,60
336,141,105,60
334,141,105,61
337,139,104,64
336,140,103,63
338,143,103,59
336,140,107,59
338,143,104,58
338,141,105,56
336,139,106,63
333,137,110,64
336,138,105,64
338,137,108,65
336,138,107,65
338,140,103,61
336,135,110,65
336,136,107,67
337,136,107,64
334,139,110,65
335,135,108,71
334,133,110,75
333,135,109,72
333,137,114,70
335,138,110,69
336,137,106,71
337,136,107,72
335,135,110,77
336,132,109,78
333,135,115,81
331,136,117,80
330,137,119,80
331,137,113,79
329,126,117,89
326,130,118,86
327,132,119,89
326,138,119,82
329,130,121,85
327,128,121,91
324,128,121,96
327,128,114,90
329,127,120,93
331,125,111,95
334,119,106,101
334,119,106,101
335,119,108,101
334,118,108,105
336,122,107,98
331,123,112,99
331,121,113,101
332,120,111,100
336,122,106,101
336,120,106,105
337,118,105,106
335,117,104,105
334,122,110,102
332,120,110,105
338,119,104,104
338,121,101,106
341,120,99,104
338,118,101,108
338,120,100,105
343,121,94,105
336,117,104,108
339,121,104,105
337,119,100,107
338,120,99,106
335,118,100,106
341,116,95,110
338,119,99,105
342,117,93,110
343,119,92,107
342,119,93,106
347,121,85,106
347,121,89,108
340,119,97,104
340,117,92,103
345,120,89,102
337,119,97,104
337,120,94,100
347,116,87,107
347,120,87,104
341,115,93,104
340,120,95,104
336,118,97,102
337,120,94,103
343,119,88,102
343,119,89,104
340,120,97,97
350,119,83,106
348,117,85,106
344,122,88,101
349,120,83,101
346,118,85,104
346,119,83,103
355,120,76,104
357,122,75,101
356,125,72,99
359,123,67,98
359,124,69,100
360,123,67,101
360,126,65,97
361,123,65,99
360,123,64,99
359,125,68,97
359,123,67,101
355,123,72,101
355,121,77,102
357,123,71,101
360,126,67,97
359,123,69,100
358,124,68,99
361,124,61,99
359,124,67,99
358,126,69,97
357,125,73,100
347,124,82,96
340,121,91,102
351,124,81,100
344,121,85,101
343,121,92,101
344,121,86,101
350,123,81,100
353,123,81,101
352,124,78,103
349,123,81,99
344,122,90,102
354,123,78,100
349,124,82,101
347,123,85,100
352,122,78,100
356,125,75,97
351,124,77,100
357,123,73,98
358,124,71,98
359,127,70,97
355,125,70,98
354,126,74,97
345,122,86,98
340,119,91,103
344,119,89,101
345,121,85,102
344,119,87,100
345,119,85,102
340,117,90,102
349,126,81,92
346,121,83,98
340,121,91,98
344,121,87,95
349,121,79,94
351,122,77,95
349,122,78,92
356,123,74,92
354,122,74,92
357,126,70,83
355,127,72,83
357,127,70,82
357,130,68,78
357,132,71,75
355,136,72,71
358,137,73,68
356,138,74,68
354,137,76,70
354,136,76,71
356,137,74,70
356,137,76,69
357,137,80,71
355,140,81,64
356,139,78,65
354,134,81,70
355,136,76,66
354,139,78,61
354,137,75,65
354,140,75,60
354,139,74,63
352,139,74,61
352,144,76,56
351,146,82,58
353,145,79,54
352,151,80,52
352,150,82,49
357,153,78,45
356,152,78,45
358,153,75,45
360,154,76,41
361,155,77,38
359,154,79,38
357,154,79,38
358,153,76,40
358,154,79,37
357,153,72,35
357,152,72,35
355,151,72,32
353,150,73,31
354,149,76,32
355,147,72,33
353,147,72,31
352,146,70,35
350,143,71,37
349,141,71,38
347,141,73,42
347,137,74,43
346,139,73,45
347,135,75,51
346,130,77,56
346,129,81,61
344,125,87,68
343,127,97,71
346,123,100,78
346,127,105,75
344,122,105,79
345,119,107,85
342,117,112,89
343,116,112,89
346,116,109,91
345,114,94,92
350,113,91,93
353,112,79,93
352,113,80,93
354,111,82,100
354,111,77,98
355,110,75,101
354,110,76,101
354,109,73,98
357,110,71,98
356,108,71,100
356,109,72,101
355,109,73,101
356,109,73,102
354,110,76,103
351,111,80,104
351,112,90,103
352,111,82,103
349,111,84,104
352,111,74,102
352,112,77,100
355,111,71,100
355,112,72,100
352,113,77,98
355,112,72,102
352,110,79,103
351,110,76,104
354,111,73,103
355,112,74,100
354,113,70,99
355,113,76,100
355,112,71,102
353,113,71,100
354,113,78,100
352,113,73,102
356,113,74,102
353,113,73,101
352,114,87,99
351,113,83,100
349,112,90,104
352,113,89,102
351,111,92,101
348,111,98,105
352,110,90,105
351,112,90,106
350,110,93,103
352,115,86,104
351,112,84,104
351,112,90,104
351,113,92,103
350,112,100,105
350,112,97,105
354,117,93,103
350,117,97,101
348,113,97,107
350,115,104,103
351,117,83,103
352,117,83,105
353,117,87,106
352,119,86,102
354,121,78,104
355,121,77,104
352,121,77,105
353,121,85,105
352,122,89,104
353,122,87,101
352,125,85,100
351,125,93,101
350,124,93,105
351,122,88,104
354,123,87,104
352,126,88,101
350,129,89,99
348,129,92,97
349,133,93,93
347,140,99,84
348,145,101,80
342,153,109,71
346,141,101,81
344,151,107,71
345,136,99,88
347,149,98,74
347,141,103,81
348,132,97,92
346,120,97,103
352,122,93,101
350,119,93,103
350,120,94,101
352,120,84,104
349,120,93,102
354,121,81,103
350,122,82,104
351,125,77,100
351,124,80,101
350,121,92,101
351,121,86,105
351,128,89,95
354,120,78,107
362,118,61,111
371,117,52,107
371,117,52,107
371,117,52,107
371,117,52,107
371,117,52,107
371,117,52,107
371,117,52,107
371,117,52,107
371,117,52,107
371,117,52,107
371,117,52,107
371,117,52,107
371,117,52,107
371,117,52,107
371,117,52,107
371,117,52,107
371,117,52,107
371,117,52,107
371,117,52,107
371,117,52,107
350,124,52,106
350,121,56,106
350,123,60,103
352,125,65,101
349,125,70,103
347,120,68,108
348,124,72,101
351,126,65,103
353,128,66,101
351,127,69,101
351,129,69,101
349,133,75,93
347,135,77,90
348,134,81,92
348,138,83,89
348,130,88,97
348,132,93,94
347,129,102,95
347,134,94,90
346,132,87,96
348,127,76,101
346,131,72,98
348,134,72,93
347,131,77,96
347,132,77,97
345,135,88,92
347,135,93,94
345,128,85,98
347,128,84,98
346,129,79,100
342,131,91,96
343,137,90,93
345,132,86,97
345,130,87,94
347,134,82,91
346,132,88,98
346,129,89,97
346,129,88,96
344,135,93,91
344,130,97,95
347,138,94,83
341,140,98,82
343,133,93,90
346,137,88,89
342,130,102,94
345,140,96,83
343,136,97,85
345,143,95,78
342,145,101,75
341,131,99,89
343,150,99,71
344,151,100,72
347,148,97,73
344,135,98,82
343,137,102,79
342,142,106,73
340,127,114,90
343,127,102,88
347,128,99,90
346,125,96,96
346,132,98,88
342,128,105,90
350,136,95,81
346,131,100,89
345,124,98,94
342,123,103,96
349,129,94,93
348,126,96,97
344,123,100,99
347,120,95,101
344,126,100,92
346,122,100,99
349,126,98,93
351,128,100,91
351,120,99,99
351,122,97,98
348,126,101,92
350,127,95,90
353,124,92,95
354,129,88,90
355,124,86,95
354,127,81,85
359,122,69,88
360,124,71,83
360,126,63,77
360,126,60,74
361,129,60,71
363,134,56,67
363,142,56,58
364,142,54,60
367,143,50,59
367,142,53,58
364,133,52,65
366,133,52,65
366,133,48,64
366,138,47,59
364,139,49,58
365,137,48,63
362,138,47,61
362,136,47,63
360,137,48,65
361,138,44,67
359,140,44,65
361,141,42,63
358,142,44,64
358,145,44,59
354,145,48,61
352,145,50,61
349,145,53,61
354,146,49,62
350,145,56,60
348,145,56,61
347,147,54,61
348,147,52,60
354,145,65,62
346,145,70,62
346,145,69,65
342,144,65,64
342,145,73,66
341,149,68,60
341,144,73,63
341,145,88,67
337,145,97,72
339,146,94,65
333,147,105,71
334,146,98,70
335,145,100,70
334,146,104,71
333,147,98,69
335,148,99,72
335,148,99,70
335,147,96,66
335,149,100,66
334,150,100,62
333,148,101,66
335,148,105,68
334,147,102,70
335,146,103,70
333,146,98,67
332,149,104,64
332,149,108,70
333,147,102,69
331,151,105,58
333,150,101,62
333,147,105,65
331,148,106,67
330,147,105,63
329,148,107,67
330,148,107,69
327,150,111,67
327,149,112,68
329,150,110,63
328,151,113,67
330,152,109,66
329,153,112,64
328,152,113,65
328,152,113,69
330,155,109,61
327,153,111,65
329,154,110,64
327,153,113,64
324,156,118,64
323,151,117,69
325,155,114,67
326,155,115,65
324,156,115,67
322,159,115,60
323,158,121,68
322,157,115,66
326,160,112,66
322,162,117,62
323,163,117,62
321,160,115,66
318,163,119,63
317,161,121,72
314,165,125,66
314,162,127,70
309,162,121,66
311,160,125,71
309,162,133,72
304,162,126,68
306,164,121,66
305,162,125,68
303,164,131,66
304,167,123,64
303,163,125,68
298,165,133,66
298,167,134,67
298,167,114,66
297,165,105,69
297,166,114,66
295,167,129,64
295,168,118,66
295,168,116,65
293,168,118,67
293,167,100,69
291,173,100,64
284,175,106,56
288,175,100,58
284,177,105,56
284,179,104,53
285,178,103,59
284,179,102,59
282,180,102,57
282,180,101,58
279,181,100,57
277,183,105,55
280,180,97,59
278,183,102,56
278,181,101,57
278,181,99,56
280,184,97,53
279,182,99,58
276,181,102,55
276,184,104,51
273,182,106,56
276,182,100,57
276,180,98,55
277,179,98,58
275,178,100,57
274,180,99,55
269,177,102,59
271,178,102,56
266,177,105,57
264,176,106,59
262,177,109,56
258,176,113,56
256,176,109,57
257,176,103,57
253,174,103,57
249,174,107,54
245,177,112,55
246,174,106,56
242,177,107,54
239,175,106,54
236,176,107,53
235,174,101,59
236,178,101,56
230,174,103,58
230,174,102,62
225,172,104,61
223,174,104,60
219,172,108,64
215,178,109,57
219,175,102,57
221,173,100,62
217,175,101,59
218,173,98,61
213,173,107,61
210,172,109,60
209,170,109,62
206,170,112,61
204,168,115,61
204,170,119,59
204,170,115,57
201,168,121,58
202,174,116,53
197,171,120,55
195,171,123,54
193,170,127,56
194,172,125,54
189,172,131,54
191,171,127,56
194,175,115,49
191,173,125,54
188,171,130,55
190,173,127,53
184,172,131,54
184,171,132,53
183,173,132,53
184,169,131,57
185,173,123,51
186,173,120,52
186,175,116,52
190,176,102,48
188,177,102,49
188,176,107,50
191,180,103,45
188,177,111,49
189,175,107,50
193,177,111,49
189,177,108,47
192,178,113,48
193,181,117,48
195,179,115,48
200,179,111,47
198,177,113,49
201,179,108,46
205,174,109,52
203,176,109,50
210,173,105,57
212,175,103,56
216,173,100,58
222,174,91,59
224,173,90,63
228,173,88,64
234,175,85,63
233,175,83,61
239,175,80,64
242,175,80,63
244,175,76,66
247,176,71,64
248,181,72,60
249,180,71,59
256,180,67,60
261,181,63,58
262,180,64,61
266,184,63,58
269,183,60,56
270,188,58,52
275,190,56,49
277,192,54,49
278,188,54,51
279,189,52,52
282,190,52,49
284,190,50,49
285,189,51,49
286,189,52,46
288,189,50,47
289,189,50,47
290,190,49,46
289,193,54,43
293,192,53,41
291,193,55,41
296,194,51,39
297,194,51,38
297,197,52,39
298,195,51,40
300,197,52,38
299,199,51,38
301,197,50,39
301,198,51,39
306,198,46,40
302,201,52,37
300,201,52,38
303,200,51,39
299,202,54,38
300,201,56,36
298,204,57,35
297,204,59,33
295,207,59,32
294,207,59,30
294,208,60,28
292,202,65,33
292,203,67,32
291,201,68,34
289,201,68,35
287,200,71,38
289,200,71,38
286,199,75,40
285,199,77,41
288,196,71,42
288,196,72,45
297,197,63,39
298,193,59,44
297,193,62,46
296,194,61,46
289,191,67,49
291,187,65,54
284,189,72,57
278,185,76,61
271,186,84,62
269,185,82,63
267,184,86,66
263,181,87,71
261,174,86,82
254,176,91,78
257,174,87,81
263,175,80,80
260,171,84,93
255,172,85,90
251,169,88,91
247,171,88,92
241,170,89,96
241,171,87,94
242,170,86,95
238,171,89,97
242,169,85,96
243,168,84,99
241,167,87,103
238,169,89,99
238,167,86,100
241,169,84,99
238,168,89,98
238,166,90,98
239,167,88,96
241,166,81,93
242,165,83,95
242,165,85,95
244,166,84,94
245,165,82,94
244,164,80,91
248,165,76,91
248,164,77,92
251,163,71,91
249,162,76,92
250,160,74,94
249,161,71,93
250,162,73,93
251,162,77,92
248,162,74,92
249,162,76,89
249,161,78,89
250,163,69,86
252,160,71,91
249,161,77,93
251,158,69,92
251,158,75,91
251,157,69,92
253,156,76,93
251,156,70,89
252,155,69,93
252,153,70,91
256,151,68,92
256,153,66,93
255,152,68,89
256,152,67,87
257,150,68,90
255,148,63,92
258,150,66,90
255,150,67,87
259,150,68,84
256,154,70,77
254,153,72,74
255,158,73,63
254,159,73,67
253,160,74,64
254,162,77,59
253,165,82,57
252,171,79,51
248,173,76,44
250,177,69,43
250,180,71,41
250,182,81,39
248,181,84,43
246,181,90,44
245,180,93,45
244,181,87,46
244,179,89,47
242,177,91,50
247,173,88,57
243,170,95,60
243,166,99,70
242,167,106,68
238,166,108,69
237,167,111,70
237,165,111,73
236,164,111,76
239,165,109,75
238,169,111,66
235,164,112,74
241,162,102,78
243,162,102,76
242,163,104,75
241,163,105,76
237,161,108,78
240,162,108,82
237,161,110,82
240,165,106,79
237,165,105,81
238,161,112,83
240,161,104,85
239,160,105,85
242,162,101,85
241,163,98,84
244,164,103,83
245,163,99,90
249,164,98,82
245,164,101,85
249,165,96,82
250,166,95,84
251,164,97,85
253,164,93,83
250,165,98,79
253,166,94,77
256,165,93,75
252,165,100,75
248,164,106,78
256,164,101,81
265,164,97,82
267,165,95,79
274,164,89,81
276,166,92,79
279,163,96,79
287,161,87,80
284,166,94,72
285,165,96,74
291,165,94,73
295,165,93,69
295,167,94,68
297,169,98,62
298,167,98,67
307,168,87,67
307,167,91,68
304,168,100,64
309,170,94,63
312,168,95,64
310,168,99,65
313,169,96,64
315,167,95,66
314,166,94,67
319,170,91,64
322,169,90,67
318,168,91,66
314,166,94,68
315,165,94,65
321,164,88,67
326,164,84,64
321,167,92,63
322,166,90,62
326,163,86,65
323,163,85,66
321,161,89,65
325,158,83,71
327,157,85,71
323,156,91,72
327,154,89,71
329,153,87,72
335,152,80,72
329,152,86,70
327,151,91,72
333,151,86,69
332,151,90,70
335,149,88,72
333,150,92,67
334,151,94,66
337,148,93,70
335,149,91,68
339,148,91,68
344,148,89,64
343,149,92,64
346,148,92,69
347,147,91,68
346,150,95,62
347,149,95,66
353,150,90,61
351,152,92,65
349,150,96,70
353,153,90,58
354,153,90,60
354,155,87,61
356,154,89,64
357,157,86,60
358,154,88,63
361,154,86,66
364,156,85,62
363,158,86,65
366,156,83,65
365,163,86,56
367,161,88,57
368,162,86,61
367,161,90,62
370,163,88,62
371,166,89,58
371,167,90,59
372,167,88,61
371,165,93,63
373,166,92,61
376,167,92,61
374,166,95,58
375,167,96,59
374,167,96,59
378,168,92,60
378,167,97,60
378,168,100,58
376,170,106,56
377,166,103,62
384,172,99,57
389,173,94,56
390,172,94,60
395,173,91,60
393,174,94,63
399,178,88,58
397,179,91,60
401,182,91,60
400,183,94,58
400,189,100,52
399,191,103,57
401,189,98,57
404,196,102,52
403,192,106,59
402,193,110,58
405,193,109,59
404,195,109,60
409,197,107,60
405,195,115,65
405,198,116,62
410,197,115,62
410,199,118,65
407,200,124,66
404,197,126,69
405,199,131,67
408,201,129,66
412,200,125,67
412,201,126,63
421,204,118,59
432,203,109,58
435,203,104,60
431,202,106,61
433,202,107,58
435,203,105,61
433,202,106,62
433,202,110,62
423,200,117,65
431,203,110,63
433,204,105,64
434,204,106,63
435,204,108,62
436,203,106,67
434,205,109,64
437,207,106,65
438,204,102,67
438,205,105,64
439,207,104,65
435,208,107,61
435,207,109,63
438,212,107,64
438,208,106,61
440,211,104,62
440,209,105,62
440,214,105,59
439,210,108,62
433,214,112,59
436,214,107,63
439,217,108,60
441,215,104,64
440,216,104,62
434,219,109,65
437,218,108,60
431,223,109,53
437,223,106,53
438,223,105,54
442,221,99,59
438,222,107,54
438,221,104,54
440,225,105,54
440,222,102,53
442,221,102,59
442,221,105,54
443,218,103,58
440,223,105,56
446,219,105,57
441,224,105,52
446,222,101,56
444,220,105,59
442,217,102,62
445,222,102,58
438,220,105,60
443,222,103,59
437,216,111,61
441,222,103,55
436,221,106,60
435,223,106,56
439,223,103,55
440,219,104,58
439,223,105,59
438,220,105,59
439,223,103,56
442,223,101,59
437,223,106,57
434,224,104,58
437,224,105,55
434,221,107,57
437,224,104,57
436,223,103,55
438,223,102,57
435,222,105,56
435,222,107,57
428,222,110,57
432,220,105,59
425,217,111,62
423,216,112,62
416,213,119,62
416,217,115,59
415,214,114,64
415,215,112,61
413,212,110,63
412,216,108,59
414,216,105,60
412,213,107,62
408,214,106,64
407,215,106,62
409,215,102,64
406,215,101,64
408,216,99,62
403,211,101,67
399,217,101,64
402,217,98,60
398,215,96,62
394,219,99,60
388,218,105,61
388,219,102,56
388,218,100,60
387,220,100,57
386,217,99,61
384,217,100,58
379,219,101,61
376,219,103,58
370,219,107,59
370,218,103,60
367,217,98,57
366,219,98,55
362,217,99,59
360,219,96,55
357,217,102,56
356,219,98,55
353,220,98,52
347,217,100,54
345,214,103,59
344,216,100,58
342,216,98,54
337,215,99,55
335,215,99,57
330,216,103,53
329,216,101,55
326,217,100,52
324,216,99,55
320,216,101,51
318,214,99,54
317,214,97,55
314,215,98,55
314,214,98,54
309,216,102,55
308,216,98,53
306,216,97,53
301,215,102,56
299,215,104,54
297,215,100,53
294,213,103,57
294,216,102,56
294,213,100,60
292,212,98,60
291,211,95,61
289,211,100,63
286,210,100,65
284,211,99,64
282,208,99,67
280,207,101,69
279,212,103,66
279,207,98,71
280,207,94,72
278,207,100,69
277,207,99,70
277,208,99,70
275,205,99,73
277,202,95,77
276,198,98,81
276,196,97,82
273,195,102,82
274,190,101,87
275,190,101,86
272,195,101,84
275,196,101,84
273,194,97,85
276,193,97,87
272,192,102,86
273,190,102,90
274,194,101,88
274,194,98,86
272,192,102,89
270,191,104,90
271,192,102,91
271,192,101,90
271,191,102,91
272,192,102,92
271,192,103,93
272,191,99,93
270,191,102,93
272,191,101,93
270,190,105,95
269,189,105,97
270,191,106,93
270,191,107,93
268,192,108,94
270,193,106,92
271,191,106,93
271,192,102,95
268,189,108,97
269,191,107,93
269,192,107,94
268,192,106,94
271,193,105,93
267,191,107,96
266,191,108,94
267,191,107,97
271,194,100,93
266,192,105,95
270,192,98,96
265,191,103,97
265,191,106,93
266,194,102,95
265,193,104,95
265,195,101,93
263,193,101,94
263,195,103,92
263,193,100,94
263,195,100,93
264,192,98,95
266,198,97,90
265,196,99,90
266,199,94,88
265,196,94,92
263,195,97,94
265,201,95,87
268,202,90,87
266,203,91,86
265,199,87,91
265,199,92,89
268,204,86,85
268,202,86,85
270,201,84,86
270,210,80,77
273,208,81,79
270,205,81,82
274,207,78,79
275,213,74,74
275,216,76,72
276,215,76,71
278,219,73,69
279,219,70,66
279,220,71,67
283,223,68,64
283,222,69,63
284,221,66,64
286,223,66,61
287,223,65,61
287,223,65,61
288,225,63,60
288,227,61,58
290,224,59,59
288,227,62,57
288,228,63,58
287,226,62,58
289,226,61,58
288,226,61,60
289,226,59,58
289,227,59,56
290,226,58,58
289,225,58,58
292,225,55,59
290,225,56,58
291,227,55,59
291,226,57,57
293,228,52,59
290,226,55,57
294,227,47,58
291,227,51,59
293,229,49,58
290,228,47,61
292,229,44,58
295,229,44,57
293,229,48,60
292,232,56,58
290,231,64,61
287,233,71,59
287,235,69,60
287,232,65,62
283,231,56,67
290,234,40,66
290,235,38,65
290,239,36,63
289,239,36,62
288,242,37,63
287,250,38,58
285,249,37,59
283,251,37,60
280,248,39,63
280,252,40,62
279,252,42,63
277,248,42,66
275,249,43,67
277,249,41,67
272,250,47,68
273,251,48,69
272,248,48,70
268,249,55,72
268,249,55,73
265,251,57,71
269,253,52,70
266,254,54,70
266,254,58,72
264,255,58,72
263,256,60,73
262,255,59,71
262,258,59,72
263,253,61,77
262,253,63,77
261,254,64,77
263,259,61,75
260,258,63,76
264,255,62,78
263,256,63,79
264,255,64,82
262,258,63,80
265,258,62,80
