212,155,50,57
210,154,53,59
210,152,52,62
213,153,51,61
210,149,52,65
212,147,52,68
211,151,54,65
211,153,52,61
212,155,51,57
211,150,50,64
212,152,50,62
212,152,50,63
211,153,50,61
210,151,51,65
207,151,53,64
208,152,48,62
207,152,50,62
209,155,50,59
207,148,51,67
209,150,50,65
211,149,52,66
210,154,50,62
210,152,52,64
208,150,51,65
210,151,50,65
208,151,51,64
210,149,48,68
208,150,52,64
208,150,50,63
209,151,51,62
204,151,54,62
207,149,52,65
204,150,53,64
202,149,57,66
201,149,54,64
200,149,55,64
200,149,57,66
198,147,57,68
197,146,56,71
196,147,56,70
194,148,57,69
194,148,59,68
196,149,57,69
194,148,58,71
194,151,58,69
195,154,60,68
194,152,60,72
193,154,61,72
194,159,57,74
193,163,61,71
194,166,60,71
193,170,60,73
193,173,61,75
195,178,62,74
195,180,63,76
197,186,62,73
198,186,64,76
199,189,64,74
201,191,64,73
203,192,63,76
205,194,64,77
206,196,60,78
207,199,62,71
211,196,58,79
211,197,62,79
212,197,61,80
215,196,60,79
218,196,58,81
219,193,60,84
220,194,60,83
220,191,60,85
220,188,61,85
223,185,61,85
225,182,60,85
224,180,60,84
222,178,64,82
220,176,66,81
220,172,64,82
219,170,65,77
219,165,64,82
218,162,62,80
216,159,62,84
214,156,66,83
214,153,64,88
211,150,67,86
209,151,67,80
210,148,65,80
209,146,67,79
207,146,68,78
206,144,69,81
205,144,69,76
204,145,70,78
202,145,72,76
203,146,71,77
202,144,73,80
203,147,73,75
204,146,70,77
204,146,71,77
204,146,72,75
205,146,69,74
205,146,71,77
206,144,70,79
207,146,70,76
206,143,67,77
208,143,68,80
206,144,67,75
205,143,70,78
207,143,70,74
206,142,72,78
208,141,71,77
208,141,69,75
208,139,69,80
207,138,68,80
206,138,68,77
204,136,69,81
204,135,68,78
203,135,69,80
201,134,67,78
201,134,69,77
199,132,71,78
198,131,69,78
196,131,70,79
197,132,72,75
195,129,72,78
192,130,74,76
194,130,69,77
193,128,70,78
192,128,68,78
190,129,71,77
189,128,70,78
189,128,71,78
187,130,72,78
186,130,72,79
187,133,72,78
188,131,68,81
188,132,68,79
189,134,67,78
187,133,70,79
189,134,66,78
188,132,69,79
188,135,65,78
186,135,67,77
187,132,67,82
184,132,70,80
183,133,68,80
181,135,70,78
179,136,70,77
177,136,70,78
178,135,71,80
178,136,70,79
176,137,71,79
177,136,69,80
179,136,68,79
177,135,70,80
177,136,70,76
179,136,68,75
180,134,66,77
180,133,65,78
178,133,68,79
180,134,64,77
180,134,63,78
178,134,64,78
179,133,68,79
179,135,61,77
180,134,62,80
181,138,64,76
180,138,63,78
182,139,64,76
180,140,62,76
181,141,63,76
181,141,63,76
182,140,63,77
179,139,64,80
182,138,63,81
181,139,64,78
181,139,65,78
182,140,63,76
181,139,61,80
184,138,62,78
183,139,62,76
183,138,61,79
184,137,59,79
185,138,60,78
185,136,62,82
183,139,60,75
187,137,60,78
185,137,58,78
186,137,62,79
186,136,57,79
187,136,60,79
188,135,59,80
190,136,57,77
189,135,60,76
191,134,60,78
192,133,55,78
192,134,57,78
194,134,56,78
194,132,57,83
193,133,55,82
191,134,58,78
190,132,56,84
193,133,54,82
191,133,56,78
193,133,57,79
195,131,56,83
197,131,56,83
195,131,57,82
197,133,58,78
199,129,57,82
200,129,58,81
199,129,61,89
201,129,57,82
202,129,59,84
202,129,60,87
200,130,59,82
199,129,61,90
201,130,59,84
201,130,57,86
200,130,57,87
201,130,55,86
199,130,55,88
201,129,55,89
199,131,53,85
200,131,57,85
199,131,57,87
199,132,56,88
199,131,58,85
199,132,56,88
200,132,56,84
199,132,55,85
199,131,55,89
200,131,54,89
202,131,54,92
200,131,56,87
199,132,57,88
200,133,55,85
199,133,55,85
199,132,57,85
200,131,55,90
199,132,56,88
198,132,58,85
198,132,59,88
199,132,58,87
197,132,59,86
198,132,58,86
197,132,60,85
196,133,61,82
196,133,61,85
195,134,63,82
197,132,62,87
195,132,62,88
194,133,63,83
193,132,63,85
193,132,64,83
191,134,64,85
190,133,65,85
189,135,66,77
192,134,66,84
191,134,66,85
190,135,68,78
191,134,67,84
190,135,69,78
191,134,67,84
189,134,65,77
191,133,69,86
191,134,69,79
190,133,68,81
190,134,71,80
192,134,68,78
190,133,70,83
191,134,71,78
191,133,66,83
191,132,69,86
190,132,71,84
191,133,70,85
188,133,69,84
188,134,73,83
188,133,72,85
188,133,71,85
188,133,71,85
189,134,70,79
188,134,72,82
187,135,75,80
186,136,73,79
188,136,73,77
186,137,74,78
186,136,70,80
186,136,73,79
185,137,71,75
184,138,74,74
183,136,72,80
184,136,72,75
182,136,75,76
183,135,71,78
183,135,75,73
182,134,73,75
181,134,71,77
180,134,75,77
180,135,72,75
180,133,72,76
178,135,75,73
178,134,74,76
178,133,75,75
176,133,74,73
176,133,71,73
175,133,74,74
174,130,72,76
173,129,72,75
172,128,71,73
171,124,72,75
169,121,75,77
169,119,73,76
168,118,73,75
167,115,71,76
165,112,71,76
163,109,71,80
163,107,72,79
162,106,67,74
161,104,71,77
162,102,70,77
161,100,71,76
161,100,72,75
161,98,68,75
160,97,73,77
161,95,69,78
160,93,69,80
159,94,74,77
159,92,71,78
159,91,74,77
160,89,68,80
158,88,71,79
158,87,68,78
158,84,72,79
157,82,76,81
159,80,67,78
158,79,72,80
155,77,74,80
156,76,71,78
156,73,71,81
154,74,76,76
153,70,71,79
151,70,83,78
153,66,72,81
155,65,70,79
153,64,70,78
153,63,71,75
152,59,71,80
151,59,76,79
152,56,70,81
152,53,69,83
148,54,73,79
148,55,79,77
147,51,73,80
148,50,71,79
147,49,73,79
148,47,71,80
147,45,73,83
146,44,72,79
147,42,72,80
144,39,76,82
146,37,68,81
145,35,73,80
145,34,73,79
144,30,70,81
143,26,71,83
143,23,69,84
141,21,71,84
141,18,73,82
138,17,77,82
139,16,74,81
140,14,72,81
140,12,70,81
139,8,72,85
137,8,75,81
139,6,71,83
137,6,76,83
138,4,72,80
139,3,70,83
138,3,75,83
137,2,73,80
136,2,76,80
138,0,70,80
135,2,79,80
135,0,74,77
134,0,76,80
133,1,79,75
133,0,77,75
133,0,81,74
133,0,77,74
131,0,82,76
128,0,86,74
129,0,86,74
132,0,77,73
131,0,81,74
132,0,80,72
132,0,77,72
132,0,82,69
132,0,82,70
132,0,83,70
132,0,84,67
134,0,80,68
133,0,78,65
133,1,82,62
132,0,84,64
132,0,86,63
133,0,82,62
130,0,85,61
129,1,86,60
127,2,89,60
127,4,90,58
130,1,83,62
129,0,85,62
128,1,86,62
129,1,85,61
128,2,88,60
128,5,87,58
127,3,88,61
128,2,86,62
130,1,85,63
130,0,83,66
132,0,81,66
131,0,82,67
130,0,85,66
132,0,81,66
132,0,79,67
132,1,81,67
131,1,84,66
131,0,84,66
130,1,85,68
133,2,80,67
133,0,76,67
132,0,77,69
131,0,80,69
133,1,72,69
132,2,77,69
132,1,80,69
131,2,74,71
133,0,75,70
132,1,70,69
132,1,68,70
131,1,70,70
133,1,68,70
132,0,66,69
134,1,63,66
133,2,65,64
132,2,67,67
133,3,64,62
133,3,61,61
133,4,66,64
134,6,65,63
134,7,59,56
131,8,60,56
137,9,69,64
131,9,68,60
133,11,60,57
133,10,61,56
131,11,59,57
136,19,74,56
130,12,77,59
130,13,72,61
131,14,61,56
131,16,60,53
129,16,61,54
130,18,60,54
131,19,58,53
131,20,59,53
130,20,58,52
131,21,57,50
130,21,61,53
130,21,60,53
129,21,61,53
130,21,59,53
131,22,58,53
129,23,58,52
131,23,57,52
128,23,58,54
130,24,58,52
128,24,60,52
129,26,61,52
128,27,59,51
128,27,57,52
128,28,59,53
127,29,61,51
127,30,61,53
127,32,63,51
126,31,65,52
126,34,73,52
126,33,71,52
127,34,73,52
127,36,73,51
127,36,76,52
127,36,69,52
127,36,78,52
126,37,82,53
127,37,81,56
126,37,79,54
127,41,77,51
126,39,85,53
126,39,91,54
126,39,92,52
124,40,94,54
125,39,91,52
125,41,90,55
124,37,90,53
124,39,91,55
124,38,91,54
123,38,96,55
124,40,90,55
123,41,89,54
123,40,88,54
122,41,86,54
122,40,90,56
121,40,93,56
122,42,95,58
123,40,90,59
123,41,91,58
125,39,83,60
124,39,86,57
125,42,84,58
125,41,90,58
126,42,87,59
124,41,84,59
126,42,83,60
125,43,84,59
124,44,87,58
124,42,81,60
126,44,83,61
124,42,84,60
124,42,91,64
125,40,89,66
125,44,84,61
124,43,88,62
126,44,86,65
126,43,84,64
125,44,90,64
124,48,86,58
125,45,87,62
124,44,89,63
125,44,87,66
124,44,90,64
124,44,89,64
125,44,90,64
125,44,89,65
126,45,87,65
127,43,86,67
125,43,92,67
127,44,86,66
125,44,92,66
125,46,90,64
126,46,91,64
125,48,92,61
124,48,94,62
126,47,91,63
127,48,90,62
125,49,93,62
126,47,93,66
127,48,91,65
127,48,90,66
127,50,90,64
125,51,94,62
125,53,92,59
125,54,93,59
125,55,93,57
125,53,93,60
125,53,94,60
125,54,94,60
128,55,91,58
129,54,91,59
127,58,93,56
127,57,94,55
126,59,96,56
122,59,101,55
129,58,94,58
126,61,96,55
123,61,97,55
125,62,94,56
127,64,90,55
123,63,97,56
126,65,93,55
129,65,91,54
127,66,91,53
127,65,93,56
128,65,92,57
127,63,94,58
133,62,88,58
130,63,91,57
134,65,90,54
133,65,91,56
133,67,92,55
131,68,96,56
133,69,93,57
135,69,92,55
132,66,96,58
138,66,87,55
136,65,90,56
137,65,90,56
134,65,94,57
132,65,96,56
134,64,91,56
134,62,89,59
134,63,88,58
131,60,89,61
125,62,96,55
128,61,90,58
123,61,93,56
122,61,93,58
120,59,93,59
117,60,94,55
117,59,93,58
113,59,96,58
113,58,95,61
114,57,91,63
112,56,92,61
110,54,93,63
109,55,94,62
109,55,92,62
106,57,94,58
103,56,95,61
105,56,93,60
102,57,95,57
102,55,94,59
100,56,95,58
99,56,94,56
98,54,94,58
99,53,91,61
97,53,93,62
95,54,97,59
96,53,95,61
94,53,95,61
93,55,96,57
90,54,97,59
86,55,103,59
85,56,104,58
83,55,103,58
84,55,98,60
81,56,99,59
80,55,98,58
80,55,99,58
79,56,96,57
79,51,99,62
78,52,98,62
78,52,99,60
77,51,100,59
79,51,93,58
79,48,94,60
79,47,93,59
77,45,97,59
78,43,92,60
75,43,97,58
74,40,98,63
75,39,96,61
74,38,94,62
71,38,98,60
71,38,95,60
70,36,93,61
68,37,94,60
65,37,96,59
66,36,90,62
63,36,90,60
63,35,92,65
61,34,94,64
60,36,94,62
59,35,95,61
60,33,90,62
58,32,91,61
55,32,92,58
54,32,92,57
53,31,93,59
49,29,101,63
49,27,95,63
48,27,93,64
47,26,91,66
46,26,94,66
44,26,94,67
42,26,98,70
41,25,93,66
39,24,98,70
38,24,94,69
35,24,98,71
33,23,97,73
31,24,101,75
29,24,108,75
28,24,106,69
30,24,89,73
29,23,95,72
27,22,98,72
26,23,96,73
24,21,99,75
22,21,96,78
22,19,98,76
21,18,94,75
18,16,98,74
18,14,98,76
17,15,95,69
15,14,96,72
15,13,99,75
14,12,96,76
13,12,94,75
11,12,97,73
10,11,93,71
8,12,97,64
7,11,95,64
6,12,96,71
6,12,97,65
4,13,101,70
4,13,94,69
4,13,98,71
2,13,92,68
2,14,95,72
1,14,95,67
2,13,99,73
1,14,96,68
1,14,98,70
1,14,96,68
1,15,98,69
2,15,88,70
1,15,87,72
0,16,96,70
1,15,95,74
0,15,99,70
1,15,93,70
2,15,100,73
2,14,101,73
3,15,99,70
4,15,94,71
4,14,104,76
6,14,105,76
6,14,98,73
8,16,102,73
9,15,98,75
11,16,95,75
10,16,94,75
12,16,91,76
12,16,90,75
13,16,84,70
13,16,95,77
15,16,91,77
17,15,96,75
15,15,101,74
18,13,95,78
21,12,94,76
19,13,98,73
24,12,89,76
22,12,93,75
24,12,93,75
27,12,91,75
27,14,91,69
27,14,93,67
27,12,97,72
29,11,93,69
30,11,93,66
31,11,93,69
33,11,88,67
31,12,95,75
32,12,89,74
32,12,89,73
32,13,88,72
31,15,90,69
32,18,89,66
32,15,89,71
31,17,91,69
31,17,90,68
31,18,89,70
30,20,91,68
31,19,90,69
30,18,93,69
34,18,88,71
34,18,88,71
34,19,89,70
37,19,85,70
36,18,89,71
37,20,89,70
37,20,91,69
39,20,91,68
37,20,90,69
38,19,84,70
39,19,81,71
40,19,79,69
41,19,81,70
43,19,80,70
42,18,84,70
46,19,81,69
46,18,77,70
50,18,76,71
53,18,71,71
50,19,74,70
55,18,69,71
55,19,70,70
60,19,64,69
58,19,67,70
58,19,66,69
59,20,66,69
60,17,64,72
61,19,64,70
62,18,62,73
62,19,62,73
61,20,64,73
61,20,60,73
60,21,60,73
60,22,59,72
59,22,58,72
59,20,58,75
60,23,56,71
62,24,54,69
60,22,55,69
60,21,54,71
61,24,53,68
59,20,55,73
58,22,57,71
59,23,55,68
58,23,57,68
57,21,60,71
57,23,60,70
59,19,54,75
59,21,54,70
57,21,57,70
58,23,54,69
58,22,52,65
58,21,53,67
58,21,54,69
59,22,51,68
58,21,55,69
57,19,56,70
58,20,53,70
58,22,53,65
61,22,47,64
60,21,46,67
59,20,49,68
58,22,57,62
60,22,58,62
61,20,57,66
61,22,57,64
63,24,54,63
63,24,58,61
65,24,55,62
69,23,48,64
70,23,48,63
72,23,50,63
76,21,43,66
78,22,47,66
78,21,54,71
79,21,52,67
81,23,51,65
81,24,59,61
83,24,62,62
86,26,57,60
86,26,61,61
88,27,59,62
90,27,58,61
93,27,55,62
95,28,54,64
97,27,58,63
101,29,47,65
102,28,51,63
105,28,51,65
106,28,52,61
109,28,54,63
111,29,52,64
113,28,56,65
115,27,59,67
117,28,57,67
120,29,56,67
122,30,55,64
122,31,58,62
124,29,60,64
126,29,60,67
128,28,56,65
130,29,56,67
131,29,60,63
134,29,60,65
137,28,56,63
137,30,58,65
140,30,57,63
141,32,57,63
143,32,57,64
145,32,57,67
148,31,55,68
150,32,57,68
152,30,57,71
154,30,55,72
157,36,55,68
158,30,58,73
160,32,56,73
163,37,56,67
165,35,59,69
167,32,57,74
169,33,60,74
172,39,57,68
175,37,57,72
178,38,57,71
180,37,59,73
182,36,57,74
184,40,59,72
188,42,57,69
189,40,59,74
191,41,61,72
194,43,59,71
197,43,60,71
199,42,61,73
201,45,60,73
203,45,62,74
205,47,63,72
208,49,63,71
210,49,63,72
213,49,65,74
215,51,65,72
218,52,66,73
221,55,65,70
224,52,63,75
227,55,64,74
228,55,66,75
229,57,68,74
229,57,71,75
232,60,69,71
236,60,67,74
237,62,67,73
239,62,67,75
240,65,68,73
242,67,67,71
243,66,66,74
243,67,66,76
243,67,67,78
243,69,68,77
243,70,71,75
242,72,72,71
242,71,71,77
243,73,71,75
242,73,70,76
242,74,70,75
243,75,72,78
241,74,72,80
241,75,70,82
241,76,73,79
242,77,70,81
243,78,72,78
242,78,70,80
240,80,73,79
242,80,74,79
240,81,71,81
241,81,73,80
240,82,73,79
240,81,71,82
241,80,74,86
238,82,75,83
240,83,71,84
239,82,73,85
237,82,74,85
238,81,74,92
238,83,73,85
237,85,73,83
239,85,72,85
239,85,71,85
237,85,71,85
237,86,75,81
235,85,75,85
238,86,74,84
238,86,71,84
235,87,75,85
239,88,73,83
236,89,73,83
233,91,76,80
235,90,75,83
232,91,77,83
228,92,78,83
227,94,78,79
226,93,81,84
227,93,74,85
227,93,72,84
228,93,74,88
225,96,81,84
226,95,79,88
225,94,77,88
228,99,75,86
223,99,78,84
224,100,82,89
224,98,77,94
224,102,75,89
225,102,73,87
223,102,80,86
223,103,76,84
224,102,76,86
224,103,77,88
222,102,79,90
224,104,81,90
223,104,79,88
228,104,76,90
