375,92,103,115
376,92,98,116
377,93,98,109
376,93,95,114
376,93,100,115
376,93,99,114
374,94,102,116
376,94,98,111
374,92,99,121
375,92,98,114
374,94,97,111
373,94,95,110
372,95,95,105
371,91,96,110
368,89,95,121
365,90,99,120
366,91,96,111
367,90,93,109
368,87,93,113
366,87,100,113
366,91,99,112
361,101,101,102
353,106,101,104
344,109,100,107
339,105,100,117
335,105,98,119
331,104,96,106
325,103,99,115
326,112,95,109
322,115,95,118
319,121,97,111
316,125,100,112
322,127,90,109
327,130,91,104
331,130,93,105
336,129,96,104
348,130,97,99
370,128,93,116
384,129,96,106
393,128,99,98
404,127,101,98
414,127,102,103
411,128,105,102
409,132,104,109
410,134,95,104
404,138,99,102
402,139,101,100
398,143,103,98
393,144,102,94
390,143,97,92
383,143,103,97
380,144,100,94
378,139,99,103
382,137,100,91
379,135,97,89
376,130,107,97
385,124,105,107
393,123,106,93
400,119,105,97
413,113,105,111
433,106,104,104
452,97,105,109
477,88,110,100
487,77,123,110
496,76,127,103
499,72,123,107
500,68,122,104
498,67,127,109
500,68,119,103
503,72,117,110
496,77,125,115
492,79,124,119
482,86,119,115
488,85,105,112
479,91,108,106
472,91,119,108
473,95,109,111
470,95,110,110
457,99,110,112
444,103,104,115
424,108,109,113
405,113,112,110
391,117,103,112
376,122,96,109
354,128,107,111
339,132,96,113
326,129,98,122
320,128,96,120
307,131,100,111
297,131,97,114
293,129,102,120
287,130,102,118
289,127,103,123
293,130,101,116
300,130,106,114
302,125,113,123
304,122,111,120
307,122,109,120
313,125,110,118
318,125,114,128
334,124,115,126
364,125,106,111
414,127,99,104
441,123,95,112
439,121,121,116
443,116,133,108
449,106,129,110
437,101,131,114
422,104,130,103
417,100,118,95
406,92,116,101
397,88,112,97
391,84,110,102
377,83,110,103
365,89,113,98
350,83,110,103
332,78,110,104
317,78,112,97
303,78,107,99
299,83,109,102
300,89,104,107
301,101,105,100
306,109,103,101
306,115,103,100
309,120,102,100
307,127,100,94
311,128,98,100
312,130,97,91
313,130,96,97
316,132,100,94
313,133,101,94
314,135,98,96
313,136,100,95
311,136,102,89
314,133,103,83
314,127,106,85
315,117,106,89
320,104,105,98
317,94,105,100
305,97,107,84
290,94,109,94
288,78,114,97
292,65,118,95
301,45,114,111
307,38,117,110
315,30,115,114
319,27,118,113
328,25,117,118
343,26,115,111
358,21,116,120
364,25,122,121
354,22,112,117
346,27,116,114
339,32,108,119
337,43,112,118
343,64,112,110
351,80,111,111
353,82,110,111
347,81,107,109
335,73,104,101
319,50,106,101
315,26,112,104
325,7,108,100
335,0,110,97
338,1,106,72
360,1,98,67
375,5,90,61
389,3,90,64
404,5,80,56
421,5,76,59
431,3,75,60
431,5,77,62
459,17,88,75
455,17,101,85
451,27,109,86
449,33,110,101
445,40,107,103
440,51,107,97
439,59,113,103
439,71,103,97
436,85,109,93
436,89,103,95
436,94,105,99
437,91,102,110
437,92,104,106
438,92,104,104
436,91,106,101
438,90,107,107
439,91,104,105
438,97,105,102
440,96,104,105
441,98,103,103
444,99,105,100
445,101,102,99
447,104,104,100
447,105,108,104
452,110,105,100
452,113,105,101
455,117,108,95
460,123,105,94
464,127,105,99
470,134,105,94
478,134,101,99
484,137,102,99
489,140,104,96
495,140,104,102
499,144,110,106
505,149,110,105
505,155,109,106
508,159,107,106
507,161,102,106
507,165,103,104
508,168,103,100
507,164,108,106
507,162,110,109
508,159,105,110
506,156,107,109
511,153,104,107
513,150,109,107
512,150,110,110
513,150,108,102
518,147,107,101
518,151,110,104
520,152,111,101
523,151,109,106
526,152,105,101
519,152,104,103
513,152,100,103
501,154,100,104
492,156,102,101
486,158,101,99
482,156,98,100
475,159,92,97
463,158,84,95
449,157,87,98
437,156,90,95
430,156,85,91
420,151,86,100
412,151,85,98
403,153,80,94
394,156,82,91
388,157,84,95
380,161,80,90
373,164,80,94
367,166,74,93
362,168,75,92
362,167,80,92
367,169,77,89
364,170,76,95
362,169,79,94
367,171,78,86
365,169,76,87
363,167,76,88
362,167,75,87
359,169,77,84
363,165,76,89
366,162,76,90
372,160,75,89
375,158,73,90
379,158,74,88
381,160,75,87
382,162,77,92
394,171,71,79
391,178,78,85
385,186,78,85
389,187,76,88
395,190,78,86
404,195,75,82
404,192,80,85
410,187,78,87
419,184,79,83
421,183,79,84
423,180,79,88
422,180,83,89
423,184,85,85
423,185,86,89
427,188,79,86
430,188,80,86
427,189,86,92
427,192,86,92
435,192,83,94
438,190,87,102
443,194,84,100
446,197,86,96
452,197,85,103
460,196,84,95
462,196,87,104
469,193,86,98
486,191,79,98
502,199,80,83
502,199,93,86
513,195,90,79
521,185,94,82
521,172,94,89
522,159,94,90
525,149,96,91
520,138,99,96
516,131,99,103
516,129,95,100
506,130,95,96
490,126,101,98
470,119,101,99
463,112,91,95
452,104,94,91
442,89,96,98
436,81,94,98
423,77,97,97
413,76,99,102
402,84,95,109
391,87,96,96
379,88,97,110
374,93,94,101
366,93,95,105
360,97,102,111
357,102,91,105
346,100,87,101
347,97,95,113
348,101,94,104
357,101,96,105
356,97,101,121
365,95,103,134
379,98,106,137
387,103,109,120
386,101,112,124
372,105,106,111
347,104,103,109
320,104,101,115
290,99,106,127
268,97,114,130
252,96,115,129
227,97,121,119
210,102,123,114
200,100,124,116
222,101,121,128
239,103,121,117
230,110,128,112
220,109,125,118
197,106,132,116
184,103,134,124
170,100,140,124
162,100,144,123
161,104,144,119
162,106,143,119
171,110,143,123
175,112,146,129
178,119,149,120
196,124,145,124
221,138,136,133
232,144,139,135
262,165,137,129
270,178,146,137
282,187,142,129
301,187,148,124
311,186,147,131
318,177,152,129
327,173,147,119
338,166,146,128
348,162,155,122
357,157,155,124
368,155,157,131
374,150,157,120
374,151,161,130
379,149,166,126
374,147,164,125
374,142,165,122
371,137,168,126
372,134,170,122
378,138,162,111
365,134,166,125
349,140,169,137
349,152,158,126
340,156,156,121
315,150,152,106
290,140,158,113
272,145,158,112
260,142,161,125
246,135,164,117
234,162,176,125
235,181,162,118
247,182,150,122
237,187,171,103
203,181,163,97
158,189,166,105
113,198,145,99
87,190,140,103
85,164,136,119
79,149,135,117
71,146,138,114
81,148,134,108
109,143,123,126
134,132,121,152
116,103,142,162
129,75,150,143
141,62,152,122
163,58,154,112
188,53,150,103
225,49,136,107
226,50,147,103
242,43,150,115
265,40,156,119
281,34,159,119
292,33,159,123
306,33,143,113
305,29,145,114
305,29,142,111
300,33,151,116
293,37,156,108
285,35,152,109
266,38,163,124
268,51,149,120
251,58,150,129
216,70,163,124
212,80,154,119
218,87,133,110
209,88,135,108
200,93,131,112
182,94,137,104
188,95,125,115
176,97,130,107
173,94,124,101
170,95,124,108
172,91,122,103
166,87,124,107
164,85,124,107
158,81,129,107
151,74,132,110
150,68,129,111
153,64,124,107
139,59,133,110
142,59,129,106
137,59,128,111
136,59,126,114
132,63,132,113
127,63,132,121
119,63,132,130
124,67,131,134
113,74,138,126
114,78,132,115
119,78,136,135
120,78,135,129
109,85,142,117
107,84,149,131
107,86,144,120
112,95,148,122
116,96,141,117
117,98,137,116
124,103,137,131
118,109,141,124
120,118,140,133
111,130,149,128
114,139,144,122
116,141,139,129
115,148,142,131
116,154,140,119
117,150,137,124
120,154,132,125
121,152,130,121
122,150,128,117
118,148,133,121
121,149,127,112
115,146,133,119
118,143,128,116
120,140,132,121
125,138,122,114
124,135,127,119
122,136,132,116
119,132,139,121
114,123,143,120
116,116,146,121
77,104,176,122
68,94,189,121
67,80,196,126
75,71,189,130
75,59,191,134
82,53,188,134
84,44,190,137
90,40,186,132
91,40,186,125
96,37,187,127
95,31,186,132
97,31,186,132
99,30,188,138
109,33,181,135
115,37,175,128
120,39,173,135
126,45,174,130
132,47,173,133
131,52,170,137
123,62,159,141
106,67,157,132
91,71,160,131
84,76,174,139
96,98,174,143
121,113,164,141
141,123,169,132
161,126,156,136
186,138,154,140
195,150,169,130
216,141,162,127
232,135,153,125
239,132,159,122
246,126,159,135
247,127,159,132
248,128,160,137
256,125,154,136
253,122,159,140
239,127,150,122
218,123,161,130
207,117,155,139
187,116,161,136
159,112,159,143
130,103,149,167
99,93,172,157
107,79,176,148
113,72,165,150
100,54,160,143
104,52,162,139
101,45,173,129
131,32,155,140
142,24,162,156
151,26,159,167
167,33,151,162
176,48,144,143
183,54,143,158
192,62,136,142
206,69,134,138
198,82,146,136
182,104,152,145
177,110,144,153
180,117,135,130
173,121,139,150
171,126,136,135
161,129,133,137
152,136,139,140
140,145,145,152
137,153,143,141
140,155,138,131
139,156,142,134
136,151,139,140
121,142,154,135
115,131,153,133
125,121,144,132
125,115,136,126
128,108,138,129
125,103,144,128
129,92,142,123
142,81,136,115
152,73,134,117
161,63,131,119
176,58,126,118
188,48,126,140
194,46,125,127
202,42,123,131
203,45,122,124
201,37,124,136
203,32,126,123
216,35,121,122
225,37,118,119
232,35,114,121
238,38,116,120
244,39,116,126
244,40,118,130
248,41,113,126
250,42,110,123
255,45,113,117
262,46,114,122
271,51,117,118
281,55,119,116
296,56,113,126
302,61,113,122
305,64,112,116
314,65,109,116
320,73,110,104
322,76,115,108
329,82,110,108
339,89,110,103
348,93,108,103
356,97,108,99
366,100,105,101
375,102,107,106
385,109,108,106
400,112,105,106
415,113,102,107
412,113,115,116
416,118,117,115
417,122,112,111
414,126,114,109
416,122,119,107
420,119,121,104
434,117,114,105
437,113,119,103
444,107,119,99
450,106,120,104
457,109,113,102
455,107,111,109
457,106,119,106
464,103,121,97
468,101,116,96
474,96,117,101
480,93,120,96
487,87,122,94
497,83,131,93
508,80,126,104
513,82,121,105
514,79,122,108
516,80,121,109
512,82,126,106
510,84,123,110
509,90,123,105
508,91,121,109
502,97,122,106
499,100,120,106
496,104,116,106
491,105,120,108
488,113,118,115
480,126,124,107
481,136,124,113
477,153,128,116
473,178,125,117
471,199,120,116
463,218,120,117
461,231,118,120
453,243,130,112
453,256,125,101
454,263,123,100
442,275,130,84
443,274,128,84
436,278,129,80
434,281,126,80
429,284,127,73
429,282,122,74
426,282,123,78
427,282,120,79
425,278,124,81
423,274,122,83
424,269,120,90
429,256,117,95
424,257,116,97
420,244,119,107
418,235,118,113
422,229,111,118
415,223,114,124
414,211,118,123
412,204,121,115
411,192,115,118
414,183,117,121
414,173,121,120
419,163,123,117
422,148,120,120
421,127,129,130
422,103,135,121
433,78,131,125
437,58,134,124
439,31,142,132
453,10,135,127
466,-1,120,126
466,0,121,111
477,1,111,92
477,2,109,79
479,3,105,73
479,4,110,74
481,2,108,78
483,4,106,77
486,3,105,85
487,3,109,92
473,4,118,90
462,14,119,104
456,27,117,108
447,37,116,120
432,50,117,116
423,67,113,106
403,80,116,96
389,89,112,110
368,97,115,107
358,105,105,109
339,113,105,115
320,120,104,122
300,132,106,110
280,139,105,121
259,148,104,110
232,151,116,120
218,158,111,114
214,157,108,121
199,161,111,122
192,161,116,124
175,165,116,123
160,164,112,136
137,164,121,134
118,165,126,137
106,164,124,133
99,161,127,132
95,158,129,135
94,156,129,138
101,160,129,129
108,162,128,131
109,161,133,141
114,166,125,131
116,166,126,135
120,168,125,126
121,166,129,138
123,172,128,133
130,178,129,136
139,186,126,134
141,194,130,141
143,205,130,137
150,212,130,135
149,220,133,136
151,229,133,127
152,242,129,120
161,252,127,115
162,259,131,100
165,275,131,84
168,298,137,59
168,298,137,59
179,299,126,59
179,299,126,59
179,299,126,59
179,299,126,59
179,299,126,59
162,299,133,59
154,300,132,59
147,288,139,66
144,271,134,85
146,247,128,107
144,230,131,121
144,218,132,126
146,203,126,139
150,196,133,135
161,189,130,144
175,185,126,140
174,183,132,133
189,176,126,124
196,173,127,121
206,167,122,116
209,159,118,115
211,150,120,115
219,143,120,112
223,135,121,110
233,133,115,102
240,131,115,104
249,130,116,106
254,134,112,110
257,138,110,115
258,144,112,109
261,148,110,109
260,147,109,113
260,151,110,110
262,153,105,111
259,154,106,107
257,151,111,107
257,141,109,108
260,133,106,100
266,123,103,96
263,110,104,93
259,100,106,91
255,86,104,99
252,75,106,96
253,66,106,98
259,62,104,96
268,59,101,96
277,59,97,96
287,63,97,98
296,68,95,95
301,75,95,92
305,80,96,93
310,78,95,97
315,86,93,90
320,86,92,93
326,86,94,93
336,87,91,93
344,90,93,90
349,90,95,97
362,92,94,98
370,96,93,97
376,104,95,92
380,111,96,93
383,117,95,109
380,128,93,102
375,134,90,102
368,146,88,88
349,151,87,92
332,157,89,89
319,158,85,93
304,158,84,90
280,158,93,94
269,159,85,90
248,154,89,100
226,151,95,106
205,147,98,105
187,147,96,96
167,143,100,100
156,147,96,98
141,148,105,104
126,152,105,103
114,150,108,101
97,147,118,104
85,147,117,101
76,148,114,101
72,148,109,108
70,147,115,107
75,149,118,106
100,155,106,91
136,155,98,76
182,155,86,64
189,152,92,71
214,152,90,57
229,151,95,67
266,147,94,59
305,142,86,57
340,129,82,65
374,123,88,62
404,112,81,63
430,109,89,72
445,100,100,89
459,98,106,96
474,97,102,97
486,99,107,94
494,99,110,92
504,97,112,93
514,99,114,93
523,101,117,90
538,101,101,100
546,101,97,98
556,104,87,95
559,105,82,99
558,107,83,96
560,106,81,97
551,108,86,97
544,108,94,100
523,113,116,101
511,114,108,98
494,117,96,104
464,127,94,99
436,133,98,97
413,140,93,91
395,145,92,89
379,149,93,86
364,151,93,88
350,151,88,89
332,152,90,97
320,154,89,93
310,153,91,90
304,153,90,90
301,154,91,92
303,158,93,88
308,159,96,94
319,165,96,102
332,174,93,102
339,185,92,101
348,190,97,104
352,199,99,105
357,210,96,102
353,222,102,97
348,230,100,104
349,234,96,106
340,238,93,104
331,241,97,101
320,243,96,96
309,241,94,102
296,240,96,103
284,242,95,95
273,240,93,93
259,241,93,89
246,235,96,96
235,233,97,93
223,228,97,96
210,222,101,99
192,217,105,94
180,210,108,101
165,204,112,97
149,196,110,92
128,184,110,99
96,168,126,96
87,152,125,99
75,132,127,103
64,115,126,98
61,105,134,95
67,98,124,96
75,91,116,96
77,87,118,97
83,85,119,89
83,76,126,104
92,69,122,90
103,59,120,95
120,50,116,99
136,48,111,96
148,47,114,94
166,47,103,99
187,48,95,90
207,44,91,86
227,38,93,91
246,33,91,91
263,30,92,94
283,27,87,99
294,26,93,88
311,26,88,93
329,26,89,90
349,26,86,91
366,29,91,93
381,32,91,93
398,36,88,96
412,39,88,99
422,47,97,92
434,52,100,88
442,59,101,92
453,66,102,92
462,73,102,94
467,81,106,98
475,93,105,93
480,103,107,89
485,113,104,88
484,121,109,92
487,130,105,91
487,138,105,95
488,148,106,93
484,155,111,97
480,164,108,101
471,171,108,97
467,179,93,93
447,192,94,92
422,204,90,93
403,214,86,103
376,221,98,95
361,224,97,96
352,225,87,93
349,224,92,98
342,223,93,93
341,223,95,94
334,222,95,100
329,225,91,92
321,224,92,95
309,224,92,99
297,226,94,92
288,226,88,93
271,226,90,91
248,224,94,84
231,221,90,94
204,218,91,91
182,212,96,92
171,206,98,99
159,203,102,93
150,197,106,95
143,190,103,95
133,185,103,95
123,178,107,95
113,170,114,97
94,161,116,97
86,148,120,103
79,135,117,103
77,121,116,99
83,114,112,90
90,107,112,95
99,99,117,98
115,95,111,92
128,89,109,90
143,84,106,90
153,77,107,93
175,66,95,98
191,59,90,90
205,54,92,94
225,51,88,95
246,55,89,92
262,60,86,94
281,67,84,94
297,73,84,92
312,78,83,92
324,84,87,88
331,92,83,90
331,98,87,92
331,108,85,95
333,116,78,86
326,120,79,84
322,122,77,90
316,123,77,83
314,119,77,88
314,117,78,87
313,115,78,87
320,114,78,86
323,117,82,87
331,120,77,87
330,122,80,92
329,131,80,87
329,135,83,86
326,141,82,88
333,147,80,84
339,145,82,82
346,141,84,82
350,138,83,88
347,143,82,85
343,148,80,87
340,153,77,87
332,160,77,89
324,169,79,86
318,175,78,93
311,184,85,87
309,187,81,82
313,187,81,87
316,189,79,87
316,191,83,90
320,199,81,88
322,204,83,86
323,209,83,84
329,209,79,91
330,205,82,93
331,203,80,87
331,200,82,88
330,198,84,85
332,195,83,86
331,195,83,82
331,192,84,82
329,192,84,81
330,188,83,83
330,183,87,81
334,171,89,82
338,163,88,84
340,155,89,81
349,151,84,79
358,147,85,80
365,149,86,80
376,152,79,83
386,157,83,81
391,160,87,82
398,165,89,78
406,169,88,80
410,171,90,81
415,170,89,84
417,173,91,82
420,175,91,82
421,175,89,73
422,175,89,78
422,174,89,77
420,172,93,75
418,172,93,75
417,171,93,76
418,169,92,76
417,169,92,80
415,172,92,79
414,169,92,80
416,172,91,80
415,170,92,80
414,170,94,78
416,166,96,78
420,165,95,76
425,159,94,83
436,157,89,80
436,160,92,81
433,165,97,80
435,163,94,86
433,166,97,81
434,165,94,84
429,172,90,86
422,172,89,83
420,168,90,85
417,164,81,86
410,159,85,90
401,156,83,88
383,162,83,94
368,164,76,96
349,164,76,94
332,168,77,93
321,167,78,97
313,167,75,90
305,175,82,91
300,175,84,89
298,172,81,90
296,171,83,90
296,167,84,91
294,160,85,92
294,158,83,93
289,154,83,95
287,151,85,91
287,142,96,99
306,129,93,106
307,113,94,96
310,112,92,92
311,109,94,92
320,100,89,97
318,101,91,99
316,97,95,106
322,104,98,109
325,111,99,102
328,103,101,116
336,108,105,105
340,110,101,114
338,115,102,111
335,115,108,110
343,123,108,129
344,139,113,128
340,155,111,125
344,165,112,131
343,168,112,134
358,182,119,137
372,194,119,127
356,201,123,123
337,207,123,130
324,207,125,127
327,214,127,132
334,218,128,130
332,216,132,128
334,220,130,121
336,224,135,128
332,223,141,123
330,221,146,122
324,220,143,124
322,225,145,125
325,221,141,127
320,227,139,125
322,230,146,125
326,228,146,121
316,224,145,124
307,224,140,121
305,227,144,127
301,237,144,121
290,233,140,124
270,236,139,110
240,234,114,113
197,215,129,126
155,203,153,130
155,189,141,133
120,183,154,134
119,162,143,133
82,145,166,126
68,120,168,132
53,104,172,147
57,123,159,129
65,119,162,126
109,102,142,127
116,85,143,135
121,85,144,123
116,78,164,118
126,75,162,117
125,50,165,117
115,23,174,132
125,20,161,125
123,19,167,121
148,21,161,117
215,20,145,107
267,11,140,104
319,1,141,92
333,4,150,81
391,6,146,105
376,13,168,117
377,20,178,119
369,28,180,128
361,37,171,120
345,44,169,113
328,52,168,123
325,65,161,127
304,73,165,113
285,79,161,111
279,86,158,114
275,91,152,117
265,95,159,108
269,93,152,107
282,94,126,116
255,90,146,119
169,114,161,119
165,120,166,119
171,125,157,111
174,130,154,114
172,126,154,116
170,130,154,112
171,131,154,116
172,132,149,111
183,133,139,116
176,130,146,114
183,133,134,110
178,130,140,115
188,131,128,110
189,129,126,112
193,128,119,104
183,127,130,112
179,129,132,108
166,127,143,115
175,128,131,112
139,132,160,110
148,132,145,111
133,134,149,109
111,134,148,108
97,130,143,107
97,124,130,116
69,119,151,128
59,109,144,136
43,103,152,129
32,98,151,126
11,89,165,141
6,84,162,142
0,78,164,147
5,72,159,149
2,70,162,150
1,64,162,149
1,61,167,157
0,54,167,145
5,46,170,149
7,43,169,155
4,29,171,183
15,21,164,180
14,16,171,183
30,10,153,175
30,1,152,166
31,0,148,142
26,0,163,113
13,0,172,103
18,0,176,110
40,2,156,88
58,3,138,83
62,4,134,84
61,1,140,98
64,3,133,91
59,1,144,105
66,1,135,101
61,2,141,100
69,1,136,108
69,1,135,103
70,3,134,108
71,2,136,111
66,4,144,114
72,5,138,122
70,7,144,122
74,14,143,120
65,15,154,132
71,28,144,127
72,32,143,124
69,42,148,127
66,53,156,129
68,60,159,129
55,72,169,130
68,86,156,125
65,97,155,129
77,103,150,122
77,105,143,119
60,108,159,127
62,107,154,124
57,117,164,126
67,130,153,126
85,135,137,125
70,146,156,126
78,152,148,126
90,159,138,124
79,164,151,128
97,170,129,120
88,173,141,112
80,176,147,115
82,179,142,124
84,182,142,123
89,186,131,118
88,191,135,120
82,200,142,122
85,205,143,122
92,210,136,117
95,216,135,125
101,219,124,115
91,220,142,118
90,217,141,121
93,214,137,122
84,213,144,123
81,207,146,117
75,196,150,124
78,196,146,112
75,182,142,118
66,175,147,124
59,167,151,124
60,159,144,125
54,149,149,134
48,142,146,129
38,133,154,126
28,123,161,135
20,113,162,133
5,101,171,147
5,91,167,145
6,77,153,176
5,69,148,165
2,65,148,148
1,58,143,146
-1,55,144,141
-2,51,144,138
0,50,143,140
-1,49,145,141
4,47,139,144
0,50,153,144
7,57,158,162
8,54,154,161
4,64,169,151
8,72,178,154
28,81,165,141
38,91,166,130
53,93,158,132
68,94,149,118
72,98,159,134
93,98,151,131
106,99,146,128
121,103,140,127
133,108,140,127
139,109,143,127
151,111,144,126
162,110,141,128
171,110,143,128
173,112,148,124
187,111,142,124
191,112,147,130
196,112,145,128
206,114,141,128
213,117,141,122
220,114,141,128
219,110,152,133
220,108,155,132
216,104,166,138
220,103,171,135
224,95,174,138
229,94,177,141
245,94,174,137
255,97,173,135
265,96,181,144
269,94,185,143
284,97,179,140
288,96,186,141
293,94,184,142
312,100,173,143
308,97,179,147
311,100,183,143
313,105,184,141
309,103,182,139
15,96,175,138
13,95,173,138
9,97,171,143
7,96,170,135
4,94,171,140
2,94,164,131
4,91,162,134
9,90,150,133
6,89,153,138
7,89,154,144
6,90,151,147
4,87,145,154
8,93,138,140
6,94,140,141
5,95,134,132
5,98,138,133
6,102,140,139
8,104,140,136
9,111,148,136
9,116,149,132
4,119,162,140
7,123,164,126
10,128,166,123
13,129,171,127
28,130,161,123
26,129,170,126
22,127,180,126
33,123,178,123
27,128,180,121
32,122,185,127
32,129,186,111
56,122,167,130
73,118,151,120
84,115,144,116
86,112,149,118
95,114,141,112
95,111,144,120
109,107,132,123
100,108,144,123
114,108,130,115
110,108,138,115
104,109,146,117
111,107,142,122
125,109,130,121
123,108,136,120
128,107,137,124
124,107,139,118
127,109,140,114
132,108,136,117
138,107,134,114
131,108,141,120
140,106,137,117
131,106,141,115
126,105,144,123
87,102,174,123
89,100,159,127
41,98,192,130
22,100,192,114
4,98,201,131
9,96,176,145
6,97,157,142
1,98,129,129
-13,99,119,113
-12,99,86,104
-5,107,68,103
-5,107,68,103
-5,107,68,103
-5,107,68,103
-5,107,68,103
-5,107,68,103
-5,107,68,103
-5,107,68,103
-5,107,68,103
-5,107,68,103
-5,107,68,103
-5,107,68,103
-5,107,68,103
-5,107,68,103
-5,107,68,103
-5,107,68,103
-5,107,68,103
-5,107,68,103
-5,107,68,103
-5,107,68,103
-5,107,68,103
-5,107,68,103
-5,107,68,103
-5,107,68,103
-5,107,68,103
-5,107,68,103
-5,107,68,103
-5,107,68,103
-5,107,68,103
-5,107,68,103
-5,107,68,103
-3,128,56,94
-2,123,72,87
18,119,81,99
37,126,102,109
44,122,125,120
46,119,151,136
34,114,189,127
59,108,186,129
79,101,182,133
82,99,193,136
88,90,198,139
98,90,197,136
119,92,182,137
153,97,160,134
136,100,183,140
130,102,194,135
144,105,185,136
175,105,162,133
169,106,170,137
160,108,188,132
164,114,188,135
175,115,178,140
172,114,186,143
175,123,183,144
173,132,178,147
158,146,181,142
146,151,172,147
134,146,181,146
134,142,179,147
140,147,178,146
153,155,166,139
170,159,158,135
188,162,158,134
210,164,159,131
224,160,158,127
242,156,153,125
256,144,160,131
274,132,157,131
290,129,151,128
302,123,149,129
318,118,146,128
330,115,142,126
339,115,142,119
348,116,143,127
363,118,146,128
367,129,152,145
348,151,157,154
344,165,142,148
338,166,142,137
350,165,151,131
371,153,154,121
389,127,153,125
397,123,147,139
388,133,145,142
371,142,153,114
369,139,147,113
355,118,149,113
354,121,143,100
339,121,143,107
324,124,131,123
302,126,135,135
289,124,131,137
278,130,125,131
260,132,133,117
247,126,138,120
230,118,128,117
198,103,122,113
168,83,145,116
168,61,136,123
162,47,138,130
162,39,132,142
161,39,132,132
144,40,134,132
142,47,136,137
152,53,128,129
149,57,129,128
152,57,128,124
141,58,122,116
133,55,126,124
133,55,123,125
130,60,124,133
131,70,126,133
145,77,124,122
151,83,113,122
140,86,115,120
133,94,119,123
137,107,120,121
147,117,108,127
151,124,112,113
160,130,107,118
162,140,105,111
154,140,105,112
153,142,99,116
146,149,103,119
149,153,101,105
135,146,101,115
120,141,100,109
119,136,101,106
121,141,100,106
130,149,99,104
142,157,96,96
158,162,92,97
173,171,91,104
181,183,93,110
170,197,93,117
170,212,94,108
180,227,84,111
200,239,75,97
214,247,76,95
225,251,75,85
231,251,81,90
235,250,83,91
243,244,81,101
252,238,78,93
260,220,78,92
292,202,71,98
322,183,67,110
342,175,75,96
363,157,67,103
374,149,72,96
378,141,74,92
383,138,76,84
392,133,71,79
404,128,71,76
404,126,78,74
412,119,73,78
425,115,74,88
427,120,76,83
425,126,76,79
421,129,75,76
419,135,75,78
416,139,71,80
408,147,72,78
410,160,74,88
405,173,77,91
407,185,73,91
413,195,73,83
413,200,74,84
416,205,71,84
417,215,70,84
413,223,71,83
418,230,69,80
421,236,71,81
426,241,66,78
429,244,68,77
432,245,69,72
431,241,72,77
440,229,72,72
444,212,78,77
452,203,73,79
453,199,68,73
455,197,68,70
459,192,69,78
458,186,73,82
465,179,72,82
471,171,71,77
477,160,72,79
482,155,68,73
480,149,68,80
479,150,68,80
474,152,68,78
473,151,65,81
474,153,70,78
473,154,73,79
477,153,69,81
483,154,69,79
483,155,73,84
484,161,73,78
481,162,71,85
479,167,68,81
478,167,65,84
474,169,69,81
474,172,72,76
473,174,69,77
468,179,69,74
463,185,65,73
462,184,66,78
455,192,66,79
451,194,69,81
446,196,66,81
447,195,64,84
443,197,68,77
438,197,70,81
431,195,72,74
426,191,67,75
418,189,68,74
413,184,68,74
408,177,72,78
402,174,71,78
399,172,70,77
396,169,69,77
392,167,69,78
387,165,70,82
385,161,78,78
387,157,75,83
385,157,75,89
384,157,78,89
387,157,77,87
389,159,78,85
394,157,76,87
400,157,79,87
405,161,79,88
412,164,80,87
412,169,89,98
421,177,83,87
422,180,92,87
426,181,92,92
430,183,94,91
435,184,93,95
437,181,95,101
444,179,89,103
445,179,95,102
442,180,98,102
442,178,101,100
449,176,97,98
448,175,100,104
446,177,105,100
445,179,107,104
444,183,109,104
445,189,104,102
443,192,101,102
439,193,105,101
440,195,102,100
437,195,106,101
438,194,107,101
441,193,104,99
441,198,104,97
438,195,101,101
435,197,102,96
434,194,96,98
435,190,97,98
431,186,95,96
429,185,91,97
429,185,88,100
428,189,87,92
426,192,82,85
419,187,86,84
419,182,82,84
415,174,92,81
425,165,87,76
431,160,83,82
435,156,78,90
432,157,79,86
424,163,84,84
422,162,82,82
425,159,83,78
430,153,81,84
440,150,79,80
445,149,82,81
453,149,79,85
460,148,85,84
475,152,74,84
483,154,82,86
490,161,80,84
494,168,82,87
496,177,82,89
497,181,80,89
511,181,82,78
525,173,82,87
524,170,83,87
521,167,83,89
517,171,89,101
513,171,86,93
504,168,87,90
492,161,84,86
490,144,89,96
487,131,90,96
472,120,100,92
449,113,108,81
419,106,107,76
391,100,111,66
358,90,104,83
329,77,108,86
300,70,112,83
270,63,108,88
240,64,98,82
206,65,108,89
174,72,107,85
142,78,105,92
106,82,116,104
77,87,118,108
51,88,127,126
18,92,145,129
2,95,144,128
0,92,140,133
5,92,139,133
5,86,163,135
40,89,136,119
58,83,134,114
82,79,117,99
111,74,114,89
144,65,104,95
178,58,101,88
223,50,84,83
265,43,76,75
299,39,78,82
332,44,78,69
367,56,86,59
367,57,95,52
396,67,105,59
400,77,114,66
435,86,112,75
463,104,112,75
492,123,91,85
504,143,96,91
504,153,95,93
489,164,87,99
477,182,83,93
455,201,89,87
453,203,79,91
450,202,80,94
443,206,82,90
439,204,80,98
431,203,80,85
426,196,78,92
418,193,81,88
413,184,82,85
410,169,83,89
407,156,85,90
400,146,83,94
396,133,83,90
393,118,83,88
387,105,84,85
382,96,85,85
381,87,87,90
382,79,88,94
383,75,91,92
390,71,87,92
397,69,90,98
413,70,90,104
426,74,95,105
445,79,95,104
455,88,100,103
470,98,93,97
480,111,95,101
485,124,101,102
491,140,99,103
490,158,95,103
488,178,92,100
486,194,90,111
480,209,92,110
476,226,90,108
470,245,92,105
461,259,97,99
451,280,95,74
432,307,90,51
417,321,83,36
403,325,82,32
400,330,85,29
399,328,87,30
404,322,86,36
405,316,84,40
407,308,86,49
408,297,91,60
415,282,85,72
418,270,87,83
420,258,88,93
419,245,87,101
417,229,94,97
427,215,91,100
429,201,86,95
431,185,90,98
434,168,91,99
440,152,91,102
447,134,88,97
453,114,90,91
455,88,92,89
466,62,90,83
474,34,92,89
480,12,98,94
492,4,99,86
508,-2,100,81
518,3,84,64
524,3,84,64
531,2,89,69
531,3,89,73
534,3,102,86
538,8,99,100
545,14,91,106
554,24,84,108
568,31,74,104
589,37,54,91
589,37,54,91
589,37,54,91
589,37,54,91
589,37,54,91
589,37,54,91
589,37,54,91
589,37,54,91
589,37,54,91
589,37,54,91
589,37,54,91
589,37,54,91
589,37,54,91
606,75,50,94
594,92,49,82
577,101,63,72
559,111,76,74
553,121,84,85
539,126,98,72
529,126,107,89
522,132,109,94
517,140,110,93
515,147,103,86
508,152,103,94
506,156,100,98
504,163,106,98
502,173,105,98
502,179,101,103
501,194,104,106
499,212,101,107
493,225,99,103
491,234,98,97
491,240,100,98
488,242,101,106
487,244,100,107
487,253,101,98
483,254,104,100
486,256,99,96
482,254,100,98
482,254,102,99
483,251,103,98
483,249,103,100
487,245,102,101
494,237,104,111
503,238,103,98
515,233,102,104
536,230,96,103
563,232,81,96
588,235,74,84
588,235,74,84
588,235,74,84
588,235,74,84
588,235,74,84
588,235,74,84
588,235,74,84
588,235,74,84
588,235,74,84
588,235,74,84
588,235,74,84
588,235,74,84
588,235,74,84
588,235,74,84
588,235,74,84
588,235,74,84
588,235,74,84
588,235,74,84
588,235,74,84
588,235,74,84
588,235,74,84
588,235,74,84
588,235,74,84
588,235,74,84
588,235,74,84
588,235,74,84
588,235,74,84
580,238,69,73
518,239,80,66
476,228,77,68
450,220,92,73
435,208,88,87
420,200,91,93
413,191,88,88
403,180,96,94
400,170,91,96
394,161,103,99
391,154,105,90
400,140,98,87
401,133,95,89
400,126,98,96
401,121,97,99
398,123,98,91
404,119,96,99
406,121,96,95
406,126,98,89
414,128,99,88
431,129,93,91
452,128,89,84
480,133,94,79
521,142,99,77
552,161,92,79
583,186,68,70
583,186,68,70
583,186,68,70
583,186,68,70
583,186,68,70
583,186,68,70
583,186,68,70
583,186,68,70
583,186,68,70
583,186,68,70
583,186,68,70
583,186,68,70
583,186,68,70
583,186,68,70
583,186,68,70
583,186,68,70
583,186,68,70
583,186,68,70
583,186,68,70
606,240,51,68
587,225,57,74
559,224,75,79
525,220,88,85
505,215,89,95
483,210,96,97
468,202,96,99
455,195,103,106
447,186,98,101
438,180,96,104
429,173,98,104
425,164,100,100
418,156,100,101
412,144,100,100
407,136,96,97
396,126,98,106
389,115,97,98
381,108,98,97
374,98,102,92
373,86,96,101
366,80,100,93
359,70,103,105
355,61,100,105
351,56,100,105
345,51,99,106
334,47,103,104
331,41,101,108
325,37,100,104
318,34,108,101
311,29,110,110
311,26,104,110
306,24,103,113
300,24,106,113
292,25,106,117
282,27,112,114
278,31,112,118
269,30,108,112
260,36,113,114
248,38,113,117
233,41,117,126
222,42,116,129
219,45,115,119
213,46,119,130
210,47,124,129
200,51,125,134
193,55,123,129
188,58,119,132
180,60,129,136
179,66,131,131
178,68,129,138
171,73,129,140
166,83,130,130
154,80,138,143
145,87,132,130
129,93,134,126
115,88,137,140
94,88,149,136
84,86,145,138
72,83,155,144
59,77,154,151
50,77,151,151
40,72,154,162
23,66,165,177
14,63,173,179
5,62,169,180
10,61,159,185
5,60,159,190
4,62,155,173
3,60,157,176
6,59,160,176
4,57,163,178
24,41,167,170
23,36,172,167
14,31,181,165
11,26,176,169
9,17,178,179
9,15,175,166
9,8,182,172
12,7,170,172
16,6,177,173
22,9,184,174
32,19,191,182
50,31,172,155
64,39,160,149
73,46,159,149
81,53,157,154
86,64,151,138
91,72,149,141
94,76,145,137
100,82,145,145
105,87,150,145
109,93,150,146
119,104,143,138
122,113,141,138
126,126,144,139
126,130,140,134
120,141,136,130
110,147,134,137
91,161,146,131
88,170,145,138
80,176,142,142
80,178,140,150
76,187,140,144
75,198,141,134
68,205,148,132
70,211,145,135
66,213,142,136
61,222,147,126
59,230,146,127
52,228,149,130
53,243,146,112
49,222,151,124
53,208,152,137
53,208,151,129
53,196,155,132
56,186,154,138
57,177,153,144
64,168,144,145
62,162,148,128
73,150,146,135
77,139,143,134
76,128,152,138
83,120,148,138
92,115,143,134
104,110,137,133
117,108,134,138
125,105,135,134
132,106,139,130
143,101,136,133
153,95,137,136
161,96,137,130
168,89,136,132
184,83,131,145
188,77,132,139
196,75,134,131
207,75,127,127
213,70,127,125
223,60,126,138
233,55,127,129
252,50,120,131
263,49,122,128
275,43,120,132
292,43,117,122
307,46,112,107
318,44,112,130
330,45,119,137
346,51,114,130
356,59,116,119
371,64,114,123
381,71,116,121
391,77,111,108
405,80,110,121
405,92,125,123
414,104,126,124
421,113,125,125
434,119,121,125
446,127,119,113
449,128,122,109
457,131,119,111
455,128,126,117
470,133,128,111
481,132,127,111
489,134,126,109
488,131,148,111
500,129,134,119
504,125,133,109
507,121,129,99
511,115,128,109
515,107,119,123
519,103,116,107
513,97,120,115
512,93,121,106
506,89,127,109
502,87,134,107
502,86,124,109
494,89,134,116
491,94,123,117
483,98,127,120
477,109,132,111
473,117,126,115
470,128,128,104
468,136,131,110
472,143,122,116
471,148,128,124
474,159,125,124
477,166,127,118
480,170,124,127
478,176,123,125
480,182,119,122
475,181,124,130
475,183,119,125
473,185,112,123
469,184,110,121
454,184,113,124
446,180,111,117
437,174,110,118
427,167,110,122
418,163,111,117
408,162,109,114
401,164,109,116
386,167,119,124
379,175,115,124
371,184,114,129
362,194,115,124
355,201,118,120
346,210,117,123
341,209,117,136
335,216,112,126
324,221,113,125
314,227,111,125
302,232,116,117
291,240,116,117
282,244,118,111
278,251,112,104
261,251,111,106
243,246,118,110
229,248,118,106
214,244,120,113
199,242,123,112
189,243,119,114
168,242,124,112
153,244,129,111
136,242,134,115
121,244,132,112
95,245,142,109
78,243,149,113
56,247,159,107
36,246,165,111
24,242,160,112
8,238,166,121
-5,226,166,128
-9,215,158,137
1,207,138,143
4,192,120,153
3,178,114,165
2,167,109,163
0,145,99,176
0,142,94,164
0,134,89,161
0,119,88,160
1,108,87,155
0,94,90,158
3,80,86,164
0,65,95,152
7,52,97,151
4,32,106,157
-1,10,121,176
0,6,134,171
-1,3,145,168
0,3,167,151
11,-1,172,143
26,0,164,131
56,0,152,116
69,2,145,107
86,5,142,103
105,3,146,102
120,1,145,103
137,2,135,114
146,4,137,119
156,2,129,124
161,0,132,129
174,3,128,130
188,4,127,133
203,6,124,124
218,9,117,135
233,14,120,123
250,17,119,117
272,25,115,109
289,28,112,118
310,35,105,115
325,42,107,123
338,51,108,120
350,58,110,125
358,65,114,131
367,75,114,125
371,85,115,123
384,94,109,121
392,104,109,116
405,113,110,115
406,113,111,126
416,121,113,125
419,123,111,131
431,132,113,132
442,140,113,129
452,145,114,123
467,148,107,112
467,150,120,115
478,152,113,108
486,151,114,114
491,155,118,112
498,156,112,118
502,158,113,119
502,164,114,127
499,168,118,119
499,170,111,121
492,174,117,116
494,175,110,116
488,175,111,110
483,172,114,115
480,173,107,108
472,172,104,114
465,174,106,114
459,177,103,110
451,177,105,112
441,176,106,118
438,180,103,112
431,178,102,111
424,175,100,123
414,177,101,118
403,184,103,118
391,186,101,130
379,192,102,131
368,197,101,133
357,207,98,119
341,214,98,118
326,219,102,118
313,223,99,110
295,223,99,119
275,226,99,111
254,223,104,120
239,221,102,121
223,218,103,128
208,218,104,124
192,216,112,121
185,211,114,128
173,209,114,119
166,203,117,121
164,194,117,123
160,181,116,117
152,174,118,115
149,161,116,103
148,144,118,105
148,131,118,104
145,115,116,103
143,98,128,106
159,84,123,101
176,77,110,89
188,68,118,101
207,63,109,95
228,62,99,88
239,58,99,87
256,52,98,92
268,51,97,97
276,53,93,91
281,57,92,93
284,63,95,95
298,71,85,88
302,73,89,94
308,80,86,87
308,81,82,87
306,78,84,86
301,80,84,80
303,84,83,89
315,92,79,98
325,100,81,102
336,110,79,99
351,118,75,93
366,124,75,102
381,131,73,103
397,138,74,96
419,138,74,98
439,139,78,104
454,140,76,91
480,141,75,107
503,146,83,99
516,153,85,98
535,159,83,99
548,164,88,101
557,172,84,97
566,176,76,101
559,182,86,88
560,186,82,90
558,186,80,91
555,184,83,95
541,182,90,102
531,182,89,97
522,183,84,83
508,179,84,87
492,177,86,86
482,172,83,91
470,170,83,93
456,167,86,92
447,163,84,86
440,157,82,82
435,149,81,79
433,144,80,86
431,144,81,85
429,140,79,90
427,141,82,83
426,141,85,85
427,141,82,88
426,142,85,83
432,140,82,90
434,140,85,90
433,143,85,87
430,144,87,78
416,141,88,90
398,137,91,80
374,135,97,86
360,130,81,84
358,131,79,78
355,130,83,83
356,132,81,78
354,133,84,82
356,135,86,79
361,140,81,79
371,145,84,84
372,153,90,82
380,159,86,75
394,163,82,78
400,164,89,85
415,169,82,76
421,170,91,82
427,172,90,87
430,176,94,77
443,175,89,87
448,176,95,80
453,172,97,83
457,169,99,82
469,165,94,82
473,166,100,73
480,164,97,72
490,162,96,81
499,164,99,86
508,167,99,78
517,171,102,78
519,176,111,80
530,181,107,80
533,183,106,87
533,186,104,88
529,189,108,87
531,189,106,85
526,189,110,91
523,188,109,86
518,188,115,81
516,188,112,77
507,186,99,80
498,185,103,82
492,184,104,79
484,183,98,77
476,184,103,76
470,182,97,82
462,182,99,87
454,187,99,74
432,190,90,76
422,189,90,83
412,187,88,82
397,188,92,82
387,191,93,82
381,192,95,90
378,200,94,93
375,205,87,93
374,201,91,92
371,195,90,86
355,191,93,82
340,178,88,91
332,164,91,94
334,154,94,95
353,142,89,103
360,129,95,97
360,121,94,108
353,119,96,106
347,119,101,91
327,123,103,104
322,128,99,101
331,137,98,100
357,142,88,92
367,135,107,103
354,130,101,121
332,129,105,124
313,139,110,121
297,146,100,116
272,148,106,126
249,154,111,117
241,154,111,116
236,151,107,113
236,142,114,110
244,149,118,116
256,160,119,115
266,163,117,118
272,161,120,121
296,162,115,124
325,165,114,127
364,161,117,117
389,157,130,130
413,156,141,120
423,145,155,122
436,131,148,122
429,120,143,127
419,114,141,128
407,114,142,132
400,113,144,124
392,116,144,125
396,121,149,132
394,122,153,129
386,120,149,132
384,123,148,135
381,129,148,134
377,131,158,141
383,144,158,126
400,143,150,129
434,152,153,123
460,161,167,138
453,155,175,126
441,132,175,123
429,109,167,115
423,89,168,118
412,76,172,116
401,73,162,119
391,77,154,123
373,84,160,130
356,98,159,125
349,109,150,138
326,131,162,142
326,123,147,122
310,116,156,121
307,112,146,107
293,108,148,120
279,114,143,118
279,118,135,114
260,117,136,119
235,116,142,114
210,110,152,112
206,111,156,105
202,106,148,108
194,102,155,114
188,100,149,112
176,97,159,115
173,100,160,115
179,103,156,122
178,106,164,112
181,109,161,116
199,109,162,109
203,107,174,116
200,93,199,123
235,92,181,112
238,85,174,109
241,75,165,110
240,78,161,108
237,80,163,119
230,83,164,118
211,93,175,107
206,98,175,115
195,106,178,103
184,108,178,112
169,112,173,107
183,112,138,104
167,107,142,119
132,106,157,104
117,101,158,117
77,97,178,120
55,99,198,127
59,104,187,131
41,104,195,123
67,108,163,118
64,110,150,121
50,109,167,137
48,116,160,134
48,115,155,123
43,119,155,135
40,117,152,128
32,110,159,131
28,101,174,139
20,100,176,134
18,94,173,132
23,85,172,136
16,79,170,144
10,71,172,137
8,62,182,154
18,56,177,147
6,51,196,136
58,44,174,133
68,37,166,134
62,31,160,121
78,26,151,127
78,27,158,125
68,26,167,129
86,26,150,126
102,33,146,132
106,35,153,126
111,40,144,119
98,38,159,127
100,42,154,122
83,44,159,123
81,47,157,128
69,52,170,127
51,56,185,140
62,63,162,125
69,62,149,130
62,63,147,129
62,63,151,126
55,63,148,132
50,61,158,143
50,61,151,138
48,62,156,140
52,67,155,142
57,69,150,137
50,71,159,130
56,76,162,135
57,74,161,124
46,76,175,130
46,77,171,118
52,78,164,126
45,83,175,127
47,86,172,127
48,91,173,127
51,97,177,128
51,103,171,115
52,107,168,125
55,112,166,124
51,115,164,120
58,112,156,123
46,111,169,120
55,107,149,115
40,103,162,125
40,103,164,120
37,105,165,123
40,107,165,126
45,115,164,124
48,121,163,116
53,119,158,118
55,121,154,125
48,124,161,127
48,125,161,119
43,129,166,121
46,125,164,121
43,129,165,124
51,130,155,117
40,132,166,119
48,133,159,119
59,136,152,115
70,136,149,113
78,136,150,113
81,135,153,112
81,134,155,113
84,135,155,111
81,133,155,115
79,134,156,110
80,132,148,112
76,133,146,109
63,130,154,115
57,124,153,115
59,125,148,116
53,121,150,121
58,122,144,113
54,121,148,117
54,123,149,118
53,122,149,119
56,125,154,118
56,133,158,116
66,133,151,114
66,134,154,115
63,131,157,117
69,130,155,110
86,130,142,120
74,131,156,107
70,130,158,105
68,127,158,105
68,122,158,110
67,119,155,115
67,119,155,121
65,118,157,114
62,115,158,123
70,115,146,122
65,119,154,121
65,117,157,124
58,122,165,122
59,123,163,116
64,121,155,113
60,120,159,115
63,118,156,116
63,115,158,117
68,112,160,113
68,111,163,115
68,105,159,121
67,100,161,118
67,100,157,123
66,99,159,128
56,100,161,118
61,96,155,122
60,96,154,127
56,98,155,127
49,97,162,122
53,99,163,125
56,97,160,119
67,99,151,123
58,98,155,123
57,99,159,123
54,97,163,124
58,92,162,126
58,94,167,119
60,92,165,121
64,89,164,114
61,80,173,128
61,77,166,122
58,76,167,115
62,67,168,127
60,71,174,122
60,80,171,122
64,93,183,123
67,104,179,121
69,114,175,126
67,124,183,123
68,129,181,129
62,138,186,124
70,142,181,128
68,141,181,127
61,153,191,127
62,159,189,125
67,160,181,130
66,166,178,127
81,166,162,117
47,165,180,140
22,166,194,152
40,172,169,134
22,173,175,139
14,172,173,149
14,168,173,151
8,155,179,161
14,152,166,142
8,143,172,144
6,129,181,153
9,121,182,143
16,115,171,143
10,107,177,134
11,99,176,143
13,97,177,140
16,93,176,142
36,88,162,141
43,102,160,117
37,108,175,136
41,117,178,129
58,125,166,127
80,133,155,115
79,128,171,126
109,125,164,129
126,114,171,127
152,107,170,115
176,95,161,109
192,72,163,121
222,62,153,125
244,52,154,124
264,42,153,130
272,31,160,131
291,24,160,128
300,20,167,148
312,23,160,152
303,29,158,154
287,45,156,156
273,64,139,143
227,83,149,141
215,85,150,132
212,93,155,118
214,88,153,123
220,82,150,127
213,75,146,126
203,73,147,128
196,71,140,136
191,76,140,124
194,73,141,127
205,70,139,131
215,71,141,128
231,59,134,132
247,51,130,131
258,46,131,129
265,46,133,123
266,41,132,130
267,51,127,134
267,51,123,134
256,72,115,132
243,70,128,122
257,49,127,130
269,36,128,134
272,38,131,131
271,48,126,135
259,61,114,123
241,58,123,120
228,49,126,123
214,36,126,121
207,16,129,126
227,14,128,121
258,19,113,128
277,23,116,116
299,25,109,123
326,37,107,124
348,45,108,119
369,49,108,108
379,49,108,102
395,43,107,106
416,38,104,105
433,37,108,109
443,39,113,108
450,48,115,108
461,58,113,106
466,75,118,110
479,91,114,108
483,108,117,108
492,121,115,109
500,138,115,106
502,149,113,108
508,161,108,105
509,167,115,110
510,173,113,113
515,183,108,106
510,188,110,108
508,194,104,107
505,195,105,106
502,192,103,107
501,192,106,96
504,188,109,102
501,184,107,101
501,178,110,103
501,173,104,100
501,162,109,99
502,153,109,92
513,136,110,90
518,117,116,92
526,104,119,94
536,92,111,95
544,83,97,102
547,80,98,105
552,81,89,111
549,89,88,110
542,98,97,109
532,113,106,96
520,121,110,100
517,129,106,96
514,133,105,97
516,135,105,101
511,139,106,103
513,144,107,100
513,148,108,99
516,152,105,103
515,151,105,113
516,158,105,106
511,163,105,104
506,168,103,100
501,167,103,111
502,172,103,110
499,174,104,110
497,176,104,105
497,181,97,99
486,183,103,101
482,183,99,101
479,183,97,100
477,182,98,98
477,182,99,102
475,181,100,100
477,181,101,100
473,182,100,103
470,180,103,99
474,180,101,98
474,179,100,100
472,176,103,101
478,175,98,105
478,177,98,101
472,178,99,99
473,178,98,96
461,175,98,102
458,174,100,101
460,179,101,96
458,180,97,99
457,178,100,101
456,179,98,97
456,175,99,105
455,175,99,100
456,176,97,96
456,176,103,94
455,173,100,95
456,175,96,98
458,172,97,101
453,170,99,101
453,170,102,99
452,170,99,101
451,172,98,99
447,168,101,102
449,168,95,97
446,167,100,100
440,171,100,93
438,172,97,92
435,171,95,95
430,173,95,94
421,178,98,95
414,185,98,97
410,191,97,98
407,196,96,108
402,208,93,109
400,221,93,111
400,228,94,104
392,224,92,108
381,222,92,105
371,219,93,108
361,210,93,121
352,208,89,113
344,207,92,113
335,206,93,110
331,206,93,115
321,207,92,109
306,206,91,103
287,203,99,104
274,199,99,112
271,202,100,113
268,200,100,115
272,209,100,114
272,213,105,118
279,222,102,120
286,228,105,121
286,229,109,119
291,233,102,120
285,240,108,110
287,238,104,108
292,235,101,114
302,230,104,121
312,222,110,124
336,211,100,124
349,206,104,117
362,194,110,126
384,182,107,129
395,170,117,127
405,160,124,126
420,154,119,122
434,145,116,126
449,138,118,124
453,138,125,115
444,132,123,111
441,123,124,106
430,118,112,106
406,119,120,105
391,116,128,108
376,112,119,114
359,113,122,120
351,106,125,121
348,105,124,115
349,107,122,114
347,113,123,124
354,121,123,123
362,126,127,124
374,128,125,116
381,130,122,112
387,128,128,122
395,126,131,110
403,129,127,121
398,129,125,123
394,133,125,122
387,136,121,121
380,139,121,123
379,142,120,123
380,143,116,118
384,144,121,122
386,148,122,119
394,152,119,120
396,152,123,125
406,154,122,117
406,152,121,127
412,154,121,118
415,153,123,121
414,149,126,127
414,152,123,120
416,151,125,126
416,152,121,130
415,152,124,126
416,152,123,129
419,152,123,120
420,149,124,126
417,148,123,124
419,147,126,131
413,145,122,123
413,143,123,124
411,141,122,129
406,142,123,130
406,142,120,127
406,138,125,124
407,139,122,132
404,139,124,123
407,138,124,126
408,139,119,122
406,138,122,126
400,138,122,132
400,139,122,113
391,142,117,117
380,142,117,124
375,147,113,116
368,146,114,126
364,147,106,115
367,149,110,116
367,153,108,108
367,151,103,109
371,155,105,108
377,162,104,109
377,169,102,106
375,176,104,109
373,183,101,103
368,187,100,109
361,196,99,122
350,210,100,122
341,221,100,108
338,226,97,103
340,226,97,102
346,221,96,103
348,221,95,101
353,220,93,93
352,221,94,96
359,216,94,108
367,213,95,114
380,213,94,114
392,215,91,115
409,217,89,116
427,220,92,114
447,226,91,108
461,229,95,109
467,230,104,109
474,230,107,115
477,227,106,112
474,228,105,105
475,226,102,105
469,226,105,102
463,222,107,111
460,219,104,112
459,217,105,111
456,217,105,113
453,216,107,109
451,215,107,109
443,214,107,108
440,214,107,112
442,212,105,108
441,212,104,108
437,212,106,111
439,211,106,107
438,210,108,106
436,212,110,104
437,205,105,117
436,208,105,98
432,205,108,107
436,204,108,102
436,206,108,99
434,203,107,101
435,202,107,103
434,202,107,105
435,204,106,104
433,204,109,104
431,204,111,104
432,204,108,100
431,203,105,100
431,204,107,99
431,202,107,102
429,203,109,101
429,202,110,105
431,201,109,105
430,201,110,108
432,201,108,102
429,198,110,113
431,199,106,104
428,200,111,105
426,201,107,104
426,197,105,103
425,197,106,100
424,196,106,98
423,192,106,102
420,195,111,104
419,194,113,111
423,195,104,99
419,193,111,110
422,193,105,101
419,195,106,101
418,192,109,102
420,192,107,102
418,192,109,103
418,190,108,104
417,191,112,103
416,192,108,100
415,190,108,99
412,190,108,105
412,191,110,104
411,190,110,106
412,189,111,103
411,187,109,109
414,191,108,104
414,192,107,96
413,191,109,109
413,192,107,105
411,191,108,106
410,191,112,111
410,191,110,109
407,189,111,113
404,188,112,110
404,187,108,108
401,186,109,109
399,185,108,101
397,181,111,105
395,179,111,101
394,176,111,109
391,176,112,103
391,175,109,101
390,174,111,99
392,173,110,99
389,174,111,100
387,173,115,103
384,176,116,103
381,176,113,109
382,176,113,108
378,176,117,102
379,176,115,94
381,172,116,108
380,175,118,94
382,172,116,102
383,172,119,99
391,170,115,97
394,169,115,100
396,166,118,106
401,168,118,103
402,167,120,112
404,171,120,115
404,175,115,99
401,174,117,114
404,178,116,98
402,178,117,101
404,181,119,94
405,179,117,100
