392,170,98,53
389,169,101,57
389,171,101,59
387,173,100,55
384,170,100,59
380,175,100,53
376,175,103,53
375,177,102,51
373,180,103,48
391,182,85,42
393,181,77,45
399,185,65,39
404,186,53,40
404,186,53,40
404,186,53,40
404,186,53,40
404,186,53,40
404,186,53,40
404,186,53,40
404,186,53,40
404,186,53,40
404,186,53,40
404,186,53,40
404,186,53,40
404,186,53,40
404,186,53,40
404,186,53,40
404,186,53,40
404,186,53,40
404,186,53,40
404,186,53,40
404,186,53,40
404,186,53,40
404,186,53,40
404,186,53,40
404,186,53,40
404,186,53,40
404,186,53,40
404,186,53,40
404,186,53,40
404,186,53,40
404,186,53,40
404,186,53,40
404,186,53,40
404,186,53,40
404,186,53,40
404,186,53,40
404,186,53,40
404,186,53,40
404,186,53,40
404,186,53,40
404,186,53,40
404,186,53,40
404,186,53,40
404,186,53,40
404,186,53,40
404,186,53,40
404,186,53,40
404,186,53,40
404,186,53,40
404,186,53,40
404,186,53,40
404,186,53,40
404,186,53,40
404,186,53,40
404,186,53,40
404,186,53,40
404,186,53,40
404,186,53,40
404,186,53,40
404,186,53,40
404,186,53,40
404,186,53,40
404,186,53,40
404,186,53,40
404,186,53,40
404,186,53,40
404,186,53,40
404,186,53,40
404,186,53,40
404,186,53,40
404,186,53,40
404,186,53,40
404,186,53,40
404,186,53,40
404,186,53,40
404,186,53,40
404,186,53,40
404,186,53,40
404,186,53,40
404,186,53,40
404,186,53,40
404,186,53,40
404,186,53,40
404,186,53,40
404,186,53,40
404,186,53,40
404,186,53,40
404,186,53,40
404,186,53,40
404,186,53,40
404,186,53,40
404,186,53,40
404,186,53,40
344,187,60,42
336,189,65,43
336,189,65,43
336,189,65,43
336,189,65,43
336,189,65,43
336,189,65,43
336,189,65,43
336,189,65,43
336,189,65,43
336,189,65,43
336,189,65,43
336,189,65,43
230,291,60,45
230,291,60,45
230,291,60,45
230,291,60,45
230,291,60,45
311,192,57,46
361,197,61,33
342,194,68,34
352,198,71,30
344,199,81,30
346,197,79,30
357,196,69,29
364,195,62,29
362,195,61,25
367,195,56,28
361,194,61,27
361,194,62,33
359,194,64,31
359,195,65,24
368,195,55,25
376,195,48,28
337,193,52,31
364,193,59,33
336,190,61,36
358,193,67,33
360,194,63,31
360,195,64,33
361,195,61,32
357,196,65,31
361,195,61,33
358,197,62,30
358,197,60,30
358,197,60,30
330,197,73,31
330,197,73,31
312,181,77,38
319,174,74,53
319,174,74,53
319,174,74,53
319,174,74,53
319,174,74,53
319,174,74,53
319,174,74,53
319,174,74,53
319,174,74,53
319,174,74,53
319,174,74,53
319,174,74,53
319,174,74,53
323,162,68,65
326,164,54,78
326,164,54,78
326,164,54,78
326,164,54,78
326,164,54,78
326,164,54,78
326,164,54,78
326,164,54,78
326,164,54,78
326,164,54,78
326,164,54,78
326,164,54,78
326,164,54,78
326,164,54,78
326,164,54,78
326,164,54,78
326,164,54,78
326,164,54,78
326,164,54,78
326,164,54,78
326,164,54,78
326,164,54,78
326,164,54,78
326,164,54,78
326,164,54,78
326,164,54,78
326,164,54,78
326,164,54,78
326,164,54,78
326,164,54,78
326,164,54,78
326,164,54,78
326,164,54,78
326,164,54,78
326,164,54,78
326,164,54,78
326,164,54,78
326,164,54,78
326,164,54,78
326,164,54,78
326,164,54,78
326,164,54,78
326,164,54,78
326,164,54,78
326,164,54,78
326,164,54,78
326,164,54,78
356,168,68,60
340,170,83,51
330,171,93,48
327,170,98,42
323,167,101,46
314,165,110,51
274,158,115,65
294,158,118,63
306,162,120,55
304,161,124,58
300,161,127,58
293,160,135,58
284,156,144,60
286,151,142,67
286,143,140,77
290,144,138,78
288,139,137,80
288,136,138,85
291,136,134,86
292,137,134,85
290,128,136,94
292,126,138,96
291,125,135,97
293,127,134,92
294,128,136,93
294,125,133,97
293,126,136,95
294,126,134,97
297,127,132,94
303,126,125,97
302,127,124,95
302,129,125,92
299,129,130,91
300,125,129,95
297,125,130,98
296,122,137,98
294,122,139,97
296,118,134,103
290,120,138,99
296,118,134,102
292,122,137,98
289,122,136,97
295,122,136,100
294,121,137,95
295,119,136,100
295,121,135,99
297,119,138,102
294,121,139,101
292,122,136,96
294,120,142,100
296,121,136,98
295,121,142,97
296,120,137,98
295,118,138,101
296,123,137,89
304,129,131,81
295,122,142,85
293,128,145,71
293,124,151,75
295,140,156,57
292,143,156,49
304,148,147,43
296,145,157,44
293,147,157,42
309,153,142,35
311,152,140,37
311,152,139,39
302,147,147,45
293,145,154,45
294,148,153,43
293,148,154,41
294,148,154,44
295,151,153,46
296,151,153,47
303,156,144,46
314,156,134,49
318,159,127,47
318,158,127,49
316,156,129,51
295,148,149,64
301,148,144,68
299,149,148,66
292,148,153,65
295,144,147,72
295,132,149,80
296,125,141,91
296,120,139,97
296,120,133,92
295,114,125,103
294,117,126,97
293,119,125,92
293,115,128,100
297,120,124,94
296,118,122,98
293,117,122,98
295,117,128,99
292,115,125,101
295,116,126,100
294,118,126,92
294,118,125,93
293,117,124,94
294,114,127,99
294,114,134,98
296,117,127,100
298,118,133,95
296,116,125,101
299,117,129,96
296,115,130,98
295,117,133,97
296,117,128,96
297,117,131,96
297,117,130,101
297,120,133,90
296,120,133,94
296,120,135,94
297,118,135,95
296,122,135,86
298,123,134,87
297,123,134,88
298,121,136,91
296,121,135,93
299,118,133,96
297,118,135,97
297,120,136,92
297,117,132,97
295,119,133,91
297,120,135,88
296,118,135,94
296,116,135,98
295,121,139,88
296,117,137,92
296,116,133,101
295,119,136,94
294,118,135,93
297,118,134,92
295,117,133,96
293,115,135,97
294,117,135,94
291,114,134,97
295,114,136,97
295,116,133,97
295,117,136,93
296,114,132,103
292,114,135,99
295,115,137,97
292,118,136,93
294,119,133,90
295,119,136,90
293,120,140,91
295,119,143,95
295,120,142,96
294,119,148,96
293,118,149,99
291,118,154,94
292,117,149,91
293,114,148,94
295,115,143,92
295,109,143,95
293,106,145,96
293,98,146,105
293,91,151,116
295,85,146,126
295,71,147,144
298,67,144,146
300,67,144,150
300,69,143,153
297,70,148,145
300,68,140,149
300,70,146,141
297,70,149,135
298,69,149,138
294,69,158,135
293,70,157,134
295,67,155,136
293,104,153,109
293,111,166,101
288,118,173,94
287,120,182,91
286,123,184,88
283,131,171,83
286,133,188,68
270,141,197,67
255,139,198,65
286,146,185,54
280,145,192,53
276,144,191,61
259,145,187,63
282,149,176,47
279,148,151,48
281,150,156,48
283,152,153,47
284,150,160,49
284,151,142,53
287,152,137,48
290,151,139,52
293,149,131,59
293,148,134,58
292,147,132,63
293,147,133,67
296,147,125,68
318,116,124,95
314,100,126,115
300,109,130,114
299,106,133,119
302,94,131,131
305,96,130,131
303,98,131,129
305,104,129,121
306,101,130,124
306,99,130,127
304,101,133,124
306,101,127,126
306,101,124,126
306,102,125,127
307,103,126,123
306,107,126,117
305,103,126,125
310,103,122,122
308,101,125,127
312,95,122,133
308,86,126,140
310,70,123,156
308,68,126,166
310,66,121,166
309,66,124,167
310,67,120,167
310,76,122,156
312,68,125,160
311,67,127,162
314,66,130,162
311,73,134,154
316,68,138,159
313,78,139,146
313,68,142,157
313,68,148,151
314,67,145,152
316,66,148,148
317,68,147,137
313,66,156,140
315,64,148,140
316,65,148,140
316,66,147,137
314,66,144,142
314,65,149,139
314,66,144,135
308,88,159,132
312,66,145,145
317,66,137,126
312,78,146,131
315,66,149,119
310,86,161,121
315,67,151,127
311,111,151,92
310,121,160,77
308,130,161,69
309,132,160,67
307,138,160,62
307,139,158,61
308,140,157,60
306,150,159,52
307,149,160,49
307,148,159,51
307,147,159,51
305,142,163,57
306,148,165,51
302,142,165,59
302,148,175,51
301,149,181,53
299,145,188,58
296,153,169,45
291,152,159,53
291,147,161,57
289,143,191,64
286,126,215,82
282,117,206,99
282,120,191,95
278,121,181,95
277,119,181,98
278,119,175,99
275,120,176,96
281,119,167,92
278,120,173,92
279,119,174,91
278,114,174,83
281,108,167,92
284,111,168,91
285,111,171,90
282,113,167,81
285,120,169,69
285,120,174,65
284,117,171,66
286,114,177,67
287,111,177,74
289,105,168,81
289,93,167,94
289,94,163,92
288,89,164,98
280,114,149,95
284,114,131,95
285,117,125,84
288,118,118,79
294,118,123,81
293,115,124,83
292,104,126,98
300,77,117,122
295,86,116,131
305,61,104,144
307,65,99,145
308,65,101,152
320,59,88,144
318,82,91,139
316,66,95,135
315,111,107,109
318,113,100,108
320,110,103,113
321,119,105,102
322,121,106,99
324,117,107,105
327,109,104,116
332,98,104,125
334,95,103,128
330,87,109,135
332,74,105,142
331,60,107,159
317,55,124,162
318,54,122,163
316,55,122,154
319,54,120,150
321,54,120,149
320,54,121,144
319,55,123,143
320,56,122,139
320,53,122,143
319,56,125,137
316,94,132,128
324,96,127,121
321,106,130,114
322,58,125,125
327,88,126,134
330,63,121,146
328,59,124,141
330,58,124,137
328,76,125,132
331,63,122,136
334,58,122,139
335,92,124,132
338,114,119,111
335,115,118,102
338,113,127,93
338,114,103,91
344,120,123,87
335,115,109,93
331,116,112,87
333,117,120,87
329,117,116,86
324,119,120,83
335,115,109,87
339,117,123,86
330,118,116,80
340,118,118,84
330,118,122,80
321,116,130,89
321,118,133,87
320,117,133,92
321,120,129,89
322,119,128,91
325,118,122,94
327,118,123,95
324,114,127,99
323,115,125,97
328,118,127,95
330,114,118,99
326,114,126,101
330,117,121,96
330,114,122,99
327,114,123,101
329,114,121,98
325,116,127,95
331,113,129,102
326,115,124,98
328,116,126,99
324,115,127,99
323,115,125,98
330,113,123,105
325,114,128,102
325,122,127,90
324,115,122,96
327,115,122,102
327,117,123,97
324,115,126,102
323,113,127,103
325,115,128,100
326,117,130,98
328,114,130,99
326,112,135,100
325,112,140,96
329,115,139,93
331,120,146,85
326,115,158,97
327,114,156,103
328,110,153,111
329,109,160,113
329,122,143,97
331,125,165,93
330,113,173,110
331,114,171,106
333,115,175,106
334,111,179,107
335,117,178,104
335,123,181,97
339,114,177,107
338,121,183,101
337,112,176,112
338,116,170,108
340,125,146,97
341,127,156,90
342,138,153,76
420,123,131,84
432,119,132,87
443,119,120,94
454,120,107,96
459,121,97,96
465,121,79,101
491,123,67,98
497,119,68,102
503,119,72,100
496,116,89,103
512,120,85,95
513,120,88,90
527,123,81,84
518,120,91,82
531,121,84,78
507,112,107,75
511,119,110,69
514,115,106,67
532,120,92,55
547,119,78,45
551,120,74,38
551,120,74,38
551,120,74,38
551,120,74,38
551,120,74,38
551,120,74,38
551,120,74,38
551,120,74,38
551,120,74,38
551,120,74,38
551,120,74,38
551,120,74,38
551,120,74,38
551,120,74,38
551,120,74,38
551,120,74,38
551,120,74,38
551,120,74,38
551,120,74,38
551,120,74,38
551,120,74,38
551,120,74,38
551,120,74,38
551,120,74,38
551,120,74,38
551,120,74,38
551,120,74,38
551,120,74,38
551,120,74,38
551,120,74,38
551,120,74,38
551,120,74,38
551,120,74,38
551,120,74,38
551,120,74,38
551,120,74,38
551,120,74,38
551,120,74,38
551,120,74,38
551,120,74,38
551,120,74,38
551,120,74,38
551,120,74,38
551,120,74,38
551,120,74,38
551,120,74,38
551,120,74,38
551,120,74,38
551,120,74,38
551,120,74,38
551,120,74,38
551,120,74,38
551,120,74,38
551,120,74,38
551,120,74,38
551,120,74,38
551,120,74,38
551,120,74,38
551,120,74,38
551,120,74,38
551,120,74,38
551,120,74,38
551,120,74,38
551,120,74,38
551,120,74,38
551,120,74,38
551,120,74,38
551,120,74,38
551,120,74,38
551,120,74,38
551,120,74,38
551,120,74,38
551,120,74,38
551,120,74,38
551,120,74,38
551,120,74,38
551,120,74,38
551,120,74,38
551,120,74,38
551,120,74,38
551,120,74,38
551,120,74,38
551,120,74,38
551,120,74,38
551,120,74,38
551,120,74,38
551,120,74,38
551,120,74,38
551,120,74,38
551,120,74,38
551,120,74,38
551,120,74,38
551,120,74,38
551,120,74,38
551,120,74,38
551,120,74,38
551,120,74,38
551,120,74,38
551,120,74,38
551,120,74,38
551,120,74,38
551,120,74,38
551,120,74,38
551,120,74,38
551,120,74,38
551,120,74,38
551,120,74,38
551,120,74,38
551,120,74,38
551,120,74,38
551,120,74,38
551,120,74,38
551,120,74,38
551,120,74,38
551,120,74,38
551,120,74,38
551,120,74,38
551,120,74,38
551,120,74,38
551,120,74,38
551,120,74,38
551,120,74,38
551,120,74,38
551,120,74,38
551,120,74,38
551,120,74,38
551,120,74,38
551,120,74,38
551,120,74,38
551,120,74,38
551,120,74,38
551,120,74,38
551,120,74,38
551,120,74,38
551,120,74,38
551,120,74,38
551,120,74,38
551,120,74,38
551,120,74,38
551,120,74,38
551,120,74,38
551,120,74,38
551,120,74,38
551,120,74,38
551,120,74,38
551,120,74,38
551,120,74,38
551,120,74,38
551,120,74,38
551,120,74,38
551,120,74,38
551,120,74,38
551,120,74,38
551,120,74,38
551,120,74,38
551,120,74,38
551,120,74,38
551,120,74,38
551,120,74,38
551,120,74,38
551,120,74,38
551,120,74,38
551,120,74,38
551,120,74,38
551,120,74,38
551,120,74,38
551,120,74,38
551,120,74,38
551,120,74,38
551,120,74,38
551,120,74,38
551,120,74,38
551,120,74,38
551,120,74,38
551,120,74,38
551,120,74,38
551,120,74,38
551,120,74,38
551,120,74,38
551,120,74,38
551,120,74,38
551,120,74,38
551,120,74,38
551,120,74,38
551,120,74,38
551,120,74,38
551,120,74,38
551,120,74,38
551,120,74,38
551,120,74,38
551,120,74,38
551,120,74,38
551,120,74,38
551,120,74,38
551,120,74,38
551,120,74,38
551,120,74,38
551,120,74,38
551,120,74,38
551,120,74,38
551,120,74,38
551,120,74,38
551,120,74,38
551,120,74,38
551,120,74,38
551,120,74,38
551,120,74,38
551,120,74,38
551,120,74,38
551,120,74,38
551,120,74,38
551,120,74,38
551,120,74,38
551,120,74,38
551,120,74,38
551,120,74,38
551,120,74,38
551,120,74,38
551,120,74,38
551,120,74,38
551,120,74,38
551,120,74,38
551,120,74,38
551,120,74,38
551,120,74,38
551,120,74,38
551,120,74,38
551,120,74,38
551,120,74,38
551,120,74,38
551,120,74,38
551,120,74,38
551,120,74,38
551,120,74,38
551,120,74,38
551,120,74,38
551,120,74,38
551,120,74,38
551,120,74,38
551,120,74,38
551,120,74,38
551,120,74,38
551,120,74,38
551,120,74,38
551,120,74,38
551,120,74,38
551,120,74,38
551,120,74,38
551,120,74,38
551,120,74,38
551,120,74,38
551,120,74,38
551,120,74,38
551,120,74,38
551,120,74,38
551,120,74,38
551,120,74,38
551,120,74,38
551,120,74,38
551,120,74,38
551,120,74,38
551,120,74,38
551,120,74,38
551,120,74,38
551,120,74,38
551,120,74,38
551,120,74,38
551,120,74,38
551,120,74,38
551,120,74,38
551,120,74,38
551,120,74,38
551,120,74,38
551,120,74,38
551,120,74,38
551,120,74,38
551,120,74,38
551,120,74,38
551,120,74,38
551,120,74,38
551,120,74,38
551,120,74,38
551,120,74,38
551,120,74,38
551,120,74,38
551,120,74,38
551,120,74,38
551,120,74,38
551,120,74,38
551,120,74,38
551,120,74,38
551,120,74,38
551,120,74,38
551,120,74,38
551,120,74,38
551,120,74,38
551,120,74,38
551,120,74,38
551,120,74,38
551,120,74,38
551,120,74,38
551,120,74,38
551,120,74,38
551,120,74,38
551,120,74,38
551,120,74,38
551,120,74,38
551,120,74,38
551,120,74,38
551,120,74,38
551,120,74,38
551,120,74,38
551,120,74,38
551,120,74,38
551,120,74,38
551,120,74,38
551,120,74,38
551,120,74,38
551,120,74,38
551,120,74,38
551,120,74,38
551,120,74,38
551,120,74,38
551,120,74,38
551,120,74,38
551,120,74,38
551,120,74,38
551,120,74,38
551,120,74,38
551,120,74,38
551,120,74,38
551,120,74,38
551,120,74,38
551,120,74,38
551,120,74,38
551,120,74,38
551,120,74,38
551,120,74,38
551,120,74,38
551,120,74,38
551,120,74,38
551,120,74,38
551,120,74,38
551,120,74,38
551,120,74,38
551,120,74,38
551,120,74,38
551,120,74,38
551,120,74,38
551,120,74,38
551,120,74,38
551,120,74,38
551,120,74,38
551,120,74,38
551,120,74,38
551,120,74,38
551,120,74,38
551,120,74,38
551,120,74,38
551,120,74,38
551,120,74,38
551,120,74,38
551,120,74,38
551,120,74,38
551,120,74,38
551,120,74,38
551,120,74,38
551,120,74,38
551,120,74,38
551,120,74,38
551,120,74,38
551,120,74,38
551,120,74,38
551,120,74,38
551,120,74,38
551,120,74,38
551,120,74,38
551,120,74,38
551,120,74,38
551,120,74,38
551,120,74,38
551,120,74,38
551,120,74,38
551,120,74,38
551,120,74,38
551,120,74,38
551,120,74,38
551,120,74,38
551,120,74,38
551,120,74,38
551,120,74,38
551,120,74,38
551,120,74,38
551,120,74,38
551,120,74,38
551,120,74,38
551,120,74,38
551,120,74,38
551,120,74,38
551,120,74,38
551,120,74,38
551,120,74,38
551,120,74,38
551,120,74,38
551,120,74,38
551,120,74,38
551,120,74,38
551,120,74,38
551,120,74,38
551,120,74,38
551,120,74,38
551,120,74,38
551,120,74,38
551,120,74,38
551,120,74,38
551,120,74,38
551,120,74,38
551,120,74,38
551,120,74,38
551,120,74,38
551,120,74,38
551,120,74,38
551,120,74,38
551,120,74,38
551,120,74,38
551,120,74,38
551,120,74,38
551,120,74,38
551,120,74,38
551,120,74,38
551,120,74,38
551,120,74,38
551,120,74,38
551,120,74,38
551,120,74,38
551,120,74,38
551,120,74,38
551,120,74,38
551,120,74,38
551,120,74,38
551,120,74,38
551,120,74,38
551,120,74,38
551,120,74,38
551,120,74,38
551,120,74,38
551,120,74,38
551,120,74,38
551,120,74,38
551,120,74,38
551,120,74,38
551,120,74,38
551,120,74,38
551,120,74,38
551,120,74,38
551,120,74,38
551,120,74,38
551,120,74,38
551,120,74,38
551,120,74,38
551,120,74,38
551,120,74,38
551,120,74,38
551,120,74,38
551,120,74,38
551,120,74,38
551,120,74,38
551,120,74,38
551,120,74,38
551,120,74,38
551,120,74,38
551,120,74,38
551,120,74,38
551,120,74,38
551,120,74,38
551,120,74,38
551,120,74,38
551,120,74,38
551,120,74,38
551,120,74,38
551,120,74,38
551,120,74,38
551,120,74,38
551,120,74,38
551,120,74,38
551,120,74,38
551,120,74,38
551,120,74,38
551,120,74,38
551,120,74,38
551,120,74,38
551,120,74,38
551,120,74,38
551,120,74,38
551,120,74,38
551,120,74,38
551,120,74,38
551,120,74,38
551,120,74,38
551,120,74,38
551,120,74,38
551,120,74,38
551,120,74,38
551,120,74,38
551,120,74,38
551,120,74,38
551,120,74,38
551,120,74,38
551,120,74,38
551,120,74,38
551,120,74,38
551,120,74,38
551,120,74,38
551,120,74,38
551,120,74,38
551,120,74,38
551,120,74,38
551,120,74,38
551,120,74,38
551,120,74,38
551,120,74,38
551,120,74,38
551,120,74,38
551,120,74,38
551,120,74,38
551,120,74,38
551,120,74,38
551,120,74,38
551,120,74,38
551,120,74,38
551,120,74,38
551,120,74,38
551,120,74,38
551,120,74,38
551,120,74,38
551,120,74,38
551,120,74,38
551,120,74,38
551,120,74,38
551,120,74,38
551,120,74,38
551,120,74,38
551,120,74,38
551,120,74,38
551,120,74,38
551,120,74,38
551,120,74,38
551,120,74,38
551,120,74,38
551,120,74,38
551,120,74,38
551,120,74,38
551,120,74,38
551,120,74,38
551,120,74,38
551,120,74,38
551,120,74,38
551,120,74,38
551,120,74,38
551,120,74,38
551,120,74,38
551,120,74,38
551,120,74,38
551,120,74,38
551,120,74,38
551,120,74,38
551,120,74,38
551,120,74,38
551,120,74,38
551,120,74,38
551,120,74,38
551,120,74,38
551,120,74,38
551,120,74,38
551,120,74,38
551,120,74,38
551,120,74,38
551,120,74,38
551,120,74,38
551,120,74,38
551,120,74,38
551,120,74,38
551,120,74,38
551,120,74,38
551,120,74,38
551,120,74,38
551,120,74,38
551,120,74,38
551,120,74,38
551,120,74,38
551,120,74,38
551,120,74,38
551,120,74,38
551,120,74,38
551,120,74,38
551,120,74,38
551,120,74,38
551,120,74,38
551,120,74,38
551,120,74,38
551,120,74,38
551,120,74,38
551,120,74,38
551,120,74,38
551,120,74,38
551,120,74,38
551,120,74,38
551,120,74,38
551,120,74,38
551,120,74,38
551,120,74,38
551,120,74,38
551,120,74,38
551,120,74,38
551,120,74,38
551,120,74,38
551,120,74,38
551,120,74,38
551,120,74,38
551,120,74,38
551,120,74,38
551,120,74,38
551,120,74,38
551,120,74,38
551,120,74,38
551,120,74,38
551,120,74,38
551,120,74,38
551,120,74,38
551,120,74,38
551,120,74,38
551,120,74,38
551,120,74,38
551,120,74,38
551,120,74,38
551,120,74,38
551,120,74,38
551,120,74,38
551,120,74,38
551,120,74,38
551,120,74,38
551,120,74,38
551,120,74,38
551,120,74,38
551,120,74,38
551,120,74,38
551,120,74,38
551,120,74,38
551,120,74,38
551,120,74,38
551,120,74,38
551,120,74,38
551,120,74,38
551,120,74,38
551,120,74,38
551,120,74,38
551,120,74,38
551,120,74,38
447,227,75,47
447,226,62,44
448,224,54,51
463,226,46,65
464,221,44,69
462,216,48,74
462,209,50,81
456,211,58,78
460,218,52,69
457,208,51,81
454,215,54,72
455,215,58,71
459,219,46,65
455,217,47,66
454,219,46,62
465,215,36,65
462,213,37,64
455,216,43,59
451,209,49,64
450,208,51,64
450,210,49,59
451,196,46,70
456,188,37,78
451,188,35,76
451,192,32,70
452,193,30,65
454,194,27,63
454,194,28,62
451,195,33,56
449,195,36,54
447,196,42,47
446,197,46,44
445,197,46,41
441,196,50,40
439,195,43,41
432,195,46,41
433,195,45,40
429,194,48,41
430,195,47,40
431,195,46,40
434,196,42,40
430,198,45,37
433,198,41,37
429,200,45,34
444,205,36,39
430,202,38,33
427,210,40,24
423,206,42,27
425,210,36,23
420,206,37,25
429,212,33,26
431,212,31,19
423,210,29,20
425,211,26,20
416,210,32,21
418,209,28,22
419,209,25,23
414,209,28,22
415,208,27,23
414,206,26,24
414,205,24,25
413,206,21,24
413,209,20,21
411,210,18,19
410,212,17,18
408,211,16,18
406,210,16,19
404,209,16,20
402,209,16,20
399,208,17,20
395,207,19,22
389,201,22,28
391,203,19,25
386,204,20,24
384,205,18,24
381,204,19,23
377,204,18,24
374,204,18,23
367,202,22,24
346,199,21,26
345,197,23,30
348,199,29,28
343,196,32,32
341,191,32,36
341,192,32,37
339,187,37,39
338,181,42,47
339,178,47,51
339,178,47,51
339,178,45,49
340,176,44,60
341,177,37,60
340,177,39,56
339,176,39,56
338,178,42,53
337,177,41,54
335,177,44,53
333,178,45,52
333,182,44,55
333,179,45,55
338,178,39,52
338,178,39,50
294,222,42,57
207,213,49,60
205,212,53,61
200,203,50,67
200,203,52,71
290,222,44,75
338,177,37,59
337,178,38,50
337,177,39,52
338,177,40,51
338,176,38,52
338,177,38,51
338,176,40,51
338,176,39,52
338,177,38,50
339,178,39,48
338,177,39,50
339,177,39,50
339,177,38,51
339,177,40,51
338,177,40,51
339,178,38,49
339,177,37,50
340,177,37,52
339,177,37,56
339,177,39,50
339,177,39,51
340,177,39,49
339,177,40,50
340,177,39,51
340,178,38,48
339,177,39,51
340,177,38,51
339,179,39,46
339,177,39,49
339,177,39,50
338,176,39,52
338,177,38,51
340,177,35,50
337,176,39,50
334,176,41,51
337,177,38,49
337,176,37,50
336,176,41,52
337,180,47,49
337,178,52,51
335,178,63,54
336,177,68,51
324,177,67,54
329,179,59,51
334,177,50,53
335,177,39,51
334,176,38,50
335,177,37,49
334,176,38,51
334,176,38,51
334,176,37,52
335,177,37,49
334,176,38,50
335,176,38,49
335,176,36,53
335,176,38,51
335,176,38,52
334,176,39,53
335,177,38,50
335,176,38,52
335,176,38,52
335,177,38,49
336,176,37,49
335,176,38,50
335,176,37,50
336,176,38,51
335,177,40,49
334,176,38,52
334,178,38,50
334,177,37,51
333,177,39,52
333,176,39,52
333,177,37,51
334,177,37,49
333,177,38,51
333,176,37,51
333,177,36,49
333,177,37,48
334,177,36,50
334,176,36,52
334,178,37,48
334,176,38,52
333,176,38,50
334,177,38,50
334,179,37,47
334,176,36,52
334,177,36,51
334,177,38,49
334,177,37,48
334,176,37,49
334,176,35,50
333,175,41,51
335,175,39,52
334,175,38,52
335,175,39,52
333,177,38,48
334,175,40,51
334,176,42,51
333,175,47,53
333,175,43,53
332,175,41,51
331,175,40,53
332,176,39,52
331,173,39,54
332,167,45,58
333,166,46,55
331,168,50,56
331,172,53,52
334,172,53,54
330,174,60,53
330,176,65,54
322,177,69,53
330,178,69,50
319,176,64,52
328,176,48,51
329,179,39,46
330,175,40,50
330,176,38,51
330,176,37,50
331,177,37,49
331,176,37,51
332,175,37,50
333,175,36,53
333,176,37,52
333,176,38,52
334,176,39,52
335,175,37,53
337,176,37,53
336,176,39,51
337,176,39,50
337,176,38,51
338,176,39,52
338,177,39,49
338,176,39,52
338,177,39,50
338,177,38,50
339,176,38,52
338,177,38,52
338,177,39,51
337,177,39,49
338,177,39,50
337,176,38,52
338,177,39,51
337,177,40,51
338,178,40,48
337,178,39,49
338,178,38,50
337,177,40,51
338,178,37,50
338,177,38,49
338,178,39,49
338,176,40,50
339,178,39,46
340,178,39,48
340,177,39,51
342,178,38,48
341,177,41,50
342,179,41,49
342,179,40,48
342,178,40,49
342,179,40,48
343,179,39,50
342,179,40,50
343,178,39,54
341,178,40,50
342,177,41,51
342,178,41,49
343,178,39,49
343,178,39,49
342,179,39,49
344,178,38,50
342,178,40,48
343,178,40,48
343,178,39,50
343,177,39,52
344,178,38,48
343,178,39,49
344,178,39,47
345,177,38,51
344,177,39,51
343,177,40,49
344,178,40,49
344,179,40,48
345,178,41,48
344,178,39,49
344,177,40,50
343,177,39,50
344,178,41,50
343,178,41,47
343,179,41,49
343,179,40,48
343,179,40,49
343,178,40,48
342,178,41,50
342,178,41,50
342,178,41,49
