151,103,168,166
144,106,168,157
141,106,167,158
128,106,169,155
124,102,167,154
114,99,178,157
109,93,174,163
110,95,184,156
112,88,185,160
126,85,184,157
141,79,171,153
160,75,161,157
158,74,166,156
175,70,167,151
219,69,155,137
254,71,144,130
283,68,138,129
322,71,125,122
335,71,136,125
358,79,137,125
375,81,137,122
371,88,132,120
379,91,131,122
365,99,129,121
362,97,127,124
325,99,133,124
308,95,123,126
297,99,116,115
237,94,123,112
198,92,118,107
129,85,131,110
92,72,127,116
27,40,136,138
2,21,115,148
7,17,109,156
5,13,107,173
5,13,107,173
5,13,107,173
5,13,107,173
5,13,107,173
5,13,107,173
2,11,116,189
19,10,111,183
18,33,120,161
88,96,107,134
114,110,121,116
177,121,117,113
186,125,132,109
226,131,116,105
285,134,95,99
316,133,103,100
327,126,106,103
325,124,108,107
330,117,112,111
310,127,115,108
280,138,114,111
220,143,144,130
153,152,150,125
116,160,142,117
94,154,150,121
14,126,133,138
14,126,133,138
14,126,133,138
14,126,133,138
14,126,133,138
14,126,133,138
14,126,133,138
14,126,133,138
14,126,133,138
14,126,133,138
14,126,133,138
14,126,133,138
14,126,133,138
41,132,119,140
142,164,128,121
206,163,135,115
223,162,131,105
240,154,131,112
262,145,127,107
277,139,123,105
289,133,120,101
284,136,113,101
229,147,142,106
216,148,150,108
162,153,140,124
98,164,144,112
56,160,145,109
11,154,120,106
11,154,120,106
11,154,120,106
11,154,120,106
11,154,120,106
11,154,120,106
11,154,120,106
11,154,120,106
11,154,120,106
11,154,120,106
11,154,120,106
11,154,120,106
11,154,120,106
11,154,120,106
53,153,110,110
102,170,139,119
168,179,150,115
240,175,135,115
248,172,131,116
284,151,123,119
303,115,132,122
303,116,127,119
280,98,140,132
250,96,143,135
211,96,179,135
178,99,157,132
159,98,156,123
134,94,138,119
136,94,120,122
150,96,111,117
183,102,108,105
197,115,94,92
206,123,96,85
224,122,84,86
232,122,80,81
232,122,79,81
249,118,81,84
255,119,81,87
259,117,89,94
261,119,98,104
260,116,100,107
254,110,116,114
247,98,125,130
242,89,129,133
223,39,140,146
214,28,143,149
201,11,151,162
204,14,149,165
204,15,139,154
209,49,142,147
225,75,135,141
228,87,126,134
242,101,117,123
243,101,116,123
264,108,98,109
269,104,90,98
277,89,80,91
276,73,77,88
274,62,69,82
271,52,68,78
263,47,67,75
266,46,67,78
258,54,69,73
254,58,69,76
253,57,76,78
245,73,80,84
238,70,86,90
234,72,96,93
228,57,107,107
222,22,121,120
216,-2,129,124
209,-8,144,114
212,-3,138,84
212,-3,138,84
214,-3,145,88
217,-1,152,114
224,63,154,128
227,64,155,157
273,112,121,125
290,143,110,119
303,160,105,104
309,170,104,114
318,188,104,108
321,191,98,99
327,191,87,95
327,195,98,98
321,192,106,97
327,194,90,87
321,191,89,100
322,191,92,94
327,193,99,98
326,193,92,94
322,188,91,106
324,187,94,102
323,188,92,103
327,189,95,93
323,190,99,97
323,187,93,99
325,191,90,96
323,188,101,101
325,190,98,109
326,192,91,102
320,189,95,104
320,186,94,98
295,188,110,104
299,189,103,104
263,177,113,105
253,173,117,98
204,167,118,93
170,178,113,102
131,204,117,100
98,209,125,102
102,208,124,112
94,203,126,97
91,204,137,99
105,208,127,100
106,207,127,104
111,207,122,109
106,209,126,104
106,210,125,100
111,210,124,101
110,209,120,106
109,209,123,99
110,211,115,100
107,206,122,106
107,207,120,108
106,203,130,112
132,195,109,109
154,186,107,106
160,177,107,110
187,169,113,101
191,168,115,100
215,168,110,106
236,176,115,102
245,184,120,94
293,205,103,99
298,192,98,110
295,189,97,111
298,188,94,104
297,190,89,110
299,191,82,106
278,185,97,93
271,179,102,99
255,155,105,89
234,151,104,93
214,149,116,91
180,146,118,101
151,143,117,102
106,142,128,102
81,143,117,101
22,160,114,113
8,183,92,101
8,183,92,101
8,183,92,101
8,183,92,101
8,183,92,101
8,183,92,101
8,183,92,101
8,183,92,101
8,183,92,101
8,183,92,101
17,2,96,98
17,2,96,98
17,2,96,98
16,3,123,90
16,3,123,90
20,183,116,111
29,179,93,104
78,161,114,107
129,169,131,102
179,159,149,113
232,155,147,121
281,157,121,120
316,156,126,116
320,157,125,121
314,157,126,115
289,163,130,119
245,168,140,120
225,173,152,115
139,165,152,109
80,152,149,112
65,132,149,125
1,85,115,129
1,85,115,129
1,85,115,129
1,85,115,129
1,85,115,129
1,85,115,129
1,85,115,129
1,85,115,129
8,63,111,143
3,54,122,179
68,114,144,167
137,156,163,164
229,185,174,164
300,196,162,153
325,188,155,141
334,172,162,141
333,167,170,140
347,157,144,135
321,151,159,130
321,153,149,132
282,150,156,127
268,148,151,124
193,144,185,135
176,146,189,134
130,144,169,122
119,147,161,122
80,149,152,117
71,137,147,131
10,105,137,147
10,105,137,147
10,105,137,147
10,105,137,147
10,105,137,147
10,105,137,147
10,105,137,147
10,105,137,147
10,105,137,147
10,105,137,147
10,105,137,147
10,105,137,147
10,105,137,147
0,8,121,168
-5,78,113,192
55,122,126,164
115,159,146,150
185,160,147,132
233,168,142,105
232,154,143,117
267,150,121,111
288,146,125,112
316,136,118,112
323,127,116,111
315,124,115,108
293,130,110,100
276,132,121,97
266,136,109,102
218,130,111,106
165,134,117,97
102,134,126,112
72,133,118,111
73,137,111,105
44,134,116,102
46,135,107,97
32,135,111,94
27,134,115,99
41,136,107,99
52,142,99,95
58,144,104,97
81,152,95,91
101,165,102,86
139,173,99,87
152,176,94,90
169,179,94,81
192,181,103,92
202,182,103,94
258,176,109,96
290,167,96,90
308,157,93,96
324,147,101,93
326,136,105,96
319,127,112,98
284,121,120,117
236,115,138,129
161,112,163,141
138,114,176,152
71,116,161,161
32,121,152,152
31,139,134,126
31,151,130,125
55,161,122,116
89,171,112,105
88,175,130,100
156,184,111,94
173,185,104,88
205,188,112,96
237,185,93,87
267,182,106,80
280,178,103,85
305,167,97,89
317,158,99,87
316,156,105,95
314,149,113,102
303,143,119,102
279,140,132,105
265,138,130,105
190,128,151,124
109,115,178,146
78,104,156,153
28,95,151,156
12,101,127,153
20,119,101,139
22,129,105,131
30,131,108,141
49,144,114,130
70,164,107,111
111,178,115,107
154,179,111,110
192,181,109,100
221,177,101,97
239,177,127,81
269,161,109,93
290,150,99,94
289,151,105,91
293,145,106,98
289,141,110,98
272,139,116,104
228,142,138,103
186,142,149,102
121,137,161,124
80,125,141,138
62,93,116,150
45,81,114,151
66,84,89,148
34,37,112,149
18,37,135,160
42,61,127,151
71,88,112,160
83,110,128,144
107,123,138,138
116,115,144,136
116,114,147,130
160,71,155,145
177,10,165,166
177,10,165,166
177,10,165,166
177,10,165,166
177,10,165,166
177,10,165,166
177,10,165,166
177,10,165,166
177,10,165,166
177,10,165,166
177,10,165,166
177,10,165,166
177,10,165,166
177,10,165,166
177,10,165,166
177,10,165,166
177,10,165,166
177,10,165,166
177,10,165,166
177,10,165,166
177,10,165,166
177,10,165,166
177,10,165,166
177,10,165,166
177,10,165,166
177,10,165,166
177,10,165,166
177,10,165,166
177,10,165,166
177,10,165,166
177,10,165,166
177,10,165,166
177,10,165,166
177,10,165,166
177,10,165,166
177,10,165,166
177,10,165,166
177,10,165,166
177,10,165,166
177,10,165,166
177,10,165,166
177,10,165,166
177,10,165,166
177,10,165,166
177,10,165,166
177,10,165,166
177,10,165,166
177,10,165,166
177,10,165,166
177,10,165,166
177,10,165,166
177,10,165,166
177,10,165,166
177,10,165,166
4,176,169,145
18,180,168,128
48,174,159,133
88,176,148,123
167,163,127,113
229,152,134,113
245,143,131,102
307,130,119,99
324,116,117,111
331,108,121,114
332,112,117,109
334,105,119,114
325,109,120,119
300,122,123,112
264,131,119,113
210,142,127,118
171,144,153,121
104,147,143,123
51,129,127,137
9,99,115,147
7,106,88,148
7,106,88,148
7,106,88,148
7,106,88,148
7,106,88,148
7,106,88,148
7,106,88,148
7,106,88,148
7,106,88,148
17,139,97,133
45,146,118,121
76,156,122,104
117,167,118,99
148,173,107,89
161,174,96,82
192,171,95,79
197,172,93,79
205,175,93,83
220,179,82,91
224,196,87,84
229,206,83,69
237,198,75,80
235,199,76,86
233,204,78,80
235,204,74,78
237,203,74,83
236,203,71,81
229,200,79,85
232,200,80,81
232,200,80,81
230,196,85,90
232,188,83,90
232,176,84,85
234,175,81,77
230,172,86,79
230,169,87,83
226,173,89,94
227,179,90,89
217,205,94,99
214,209,86,83
215,202,88,79
212,198,93,89
204,195,102,96
209,196,95,88
211,197,90,94
204,189,101,95
206,181,104,89
203,173,106,96
201,168,111,91
209,166,103,89
219,150,99,96
218,144,104,102
222,148,106,101
219,152,105,106
218,164,121,117
219,175,113,122
221,182,106,131
212,219,115,130
201,219,124,130
203,215,123,128
204,217,119,126
211,217,112,129
212,210,110,133
217,210,95,135
216,210,92,129
211,205,119,135
214,202,117,123
221,196,109,124
213,193,119,123
218,191,107,114
213,175,114,105
218,160,102,101
222,152,96,92
224,151,91,89
227,148,83,83
226,148,82,84
227,159,81,77
231,163,77,80
232,171,73,70
237,185,70,71
232,197,72,77
227,202,74,80
225,199,75,76
226,200,74,66
225,202,71,71
224,199,72,75
226,200,74,81
226,198,74,85
228,175,74,68
226,186,78,70
227,173,75,78
231,136,83,84
236,132,87,90
236,128,96,96
243,129,101,96
241,128,111,109
242,126,115,109
243,114,127,123
236,96,144,145
224,86,150,158
209,78,150,167
194,75,165,167
184,77,170,168
161,93,164,163
144,101,171,152
119,110,169,149
114,119,149,136
115,117,146,137
113,117,138,131
110,118,144,123
108,109,124,137
104,107,123,128
108,104,112,117
109,101,108,111
106,89,102,98
117,91,94,94
119,92,96,88
127,94,88,81
134,90,91,85
155,89,84,82
172,90,86,86
190,97,81,93
201,101,91,94
209,102,92,97
220,101,93,100
240,106,98,112
251,107,107,121
249,100,121,132
235,90,139,149
201,85,156,146
179,75,180,156
126,58,200,170
14,18,189,184
-1,12,166,186
2,12,127,173
5,14,115,181
2,34,121,165
3,22,132,179
25,47,124,157
23,49,140,165
92,102,123,137
187,121,113,123
236,137,121,117
276,147,122,114
287,144,123,123
293,131,131,119
264,116,157,121
218,96,161,140
171,77,168,159
141,72,182,169
96,67,155,174
60,62,168,174
55,67,142,167
20,57,140,170
3,56,142,181
-1,54,123,175
18,83,111,151
11,98,122,141
21,101,126,134
64,111,116,125
102,123,116,123
145,135,116,117
170,142,122,112
209,142,127,118
229,140,129,120
251,138,124,121
261,131,135,123
263,113,147,127
261,104,151,134
250,86,154,148
204,47,167,170
142,28,178,172
105,24,167,161
102,25,172,154
25,15,172,152
28,14,148,146
37,13,152,132
46,10,134,137
52,8,141,130
82,3,130,123
110,2,124,123
129,6,116,123
147,10,114,124
174,31,116,123
195,41,117,134
195,76,133,122
194,75,131,133
178,90,147,126
147,95,166,131
118,103,159,134
89,117,144,132
74,120,143,130
48,115,132,138
0,121,108,161
0,121,108,161
0,121,108,161
0,121,108,161
0,121,108,161
0,121,108,161
0,121,108,161
0,121,108,161
0,121,108,161
0,121,108,161
0,121,108,161
0,121,108,161
0,121,108,161
3,144,99,144
35,130,80,132
31,130,91,114
57,141,89,101
80,139,107,105
111,142,114,102
122,145,122,99
172,147,107,103
192,150,92,92
201,151,99,88
228,156,90,89
236,162,89,80
243,172,88,86
240,168,89,95
252,205,76,81
253,202,75,88
252,200,76,84
253,195,78,85
249,194,82,85
251,198,81,79
246,200,81,83
245,203,81,81
248,198,75,85
240,200,79,82
233,189,85,77
218,159,91,92
195,145,108,95
187,137,104,97
174,117,111,112
151,95,126,124
138,78,130,134
115,71,145,137
93,51,144,142
87,31,161,167
75,24,168,166
31,2,206,175
24,0,203,177
17,1,194,171
21,0,194,192
18,13,187,200
16,45,188,209
12,38,191,236
31,105,168,191
35,126,163,162
37,139,135,151
23,134,142,150
15,136,155,149
-3,120,138,145
3,118,112,131
1,106,90,130
-1,110,76,123
2,117,59,110
2,117,59,110
2,117,59,110
2,117,59,110
2,117,59,110
2,117,59,110
33,174,49,107
46,182,61,103
65,177,52,113
107,182,62,99
119,198,75,105
140,177,93,117
184,167,109,123
238,162,132,134
266,155,134,128
270,148,144,134
264,148,140,131
217,158,156,137
151,164,169,149
129,163,176,165
25,148,176,170
1,156,189,192
1,156,189,192
1,156,189,192
1,156,189,192
1,156,189,192
1,156,189,192
1,156,189,192
1,156,189,192
1,156,189,192
1,156,189,192
1,156,189,192
1,156,189,192
1,156,189,192
1,156,189,192
1,156,189,192
1,156,189,192
1,156,189,192
1,156,189,192
1,156,189,192
1,156,189,192
1,156,189,192
1,156,189,192
1,156,189,192
1,156,189,192
1,156,189,192
1,156,189,192
1,156,189,192
1,156,189,192
1,156,189,192
1,156,189,192
1,156,189,192
1,156,189,192
1,156,189,192
1,156,189,192
1,156,189,192
1,156,189,192
1,156,189,192
1,156,189,192
1,156,189,192
1,156,189,192
1,156,189,192
1,156,189,192
1,156,189,192
1,156,189,192
1,156,189,192
1,156,189,192
1,156,189,192
1,156,189,192
1,156,189,192
1,156,189,192
1,156,189,192
1,156,189,192
1,156,189,192
1,156,189,192
1,156,189,192
1,156,189,192
1,156,189,192
1,156,189,192
1,156,189,192
1,156,189,192
1,156,189,192
1,156,189,192
1,156,189,192
-36,11,166,183
43,11,187,155
90,13,165,161
151,15,165,156
191,9,161,160
209,12,153,153
215,8,150,151
212,11,148,148
213,8,140,147
184,7,140,141
169,8,139,133
146,9,141,122
124,4,133,122
115,9,137,122
64,5,145,132
44,9,146,134
47,16,133,134
33,14,147,137
47,26,129,139
47,32,133,144
42,34,147,147
81,61,143,132
115,79,146,139
135,91,140,131
200,101,130,135
223,102,134,129
269,94,124,126
288,87,125,126
292,82,125,132
299,75,129,138
305,68,127,136
301,48,127,128
286,44,124,123
261,39,121,118
230,33,132,119
190,32,124,113
180,33,119,109
121,34,126,108
86,33,129,108
38,25,125,123
28,22,136,134
1,24,117,131
0,16,112,136
4,18,108,141
5,17,108,153
11,36,117,157
19,20,107,182
26,27,112,186
61,79,118,166
108,119,129,151
129,137,127,130
163,146,124,135
173,155,135,127
238,166,141,115
244,161,135,122
284,151,122,119
310,130,117,119
312,112,129,119
309,108,122,121
305,98,131,131
288,91,144,139
237,78,141,147
223,79,148,146
168,83,152,148
107,87,164,156
92,90,147,152
91,97,120,144
60,94,137,139
51,97,134,127
47,97,117,120
50,98,104,120
49,107,106,107
49,107,109,104
55,110,111,103
66,112,107,98
86,117,99,101
98,117,97,103
108,120,101,110
150,129,90,96
182,130,93,89
211,131,94,92
217,132,93,90
239,130,91,95
266,125,92,100
272,120,99,104
271,118,103,106
269,116,102,108
262,99,107,115
249,93,120,121
221,83,131,126
167,67,140,135
123,57,142,138
58,43,154,143
14,32,148,159
4,21,129,169
2,11,127,179
-1,19,134,175
-4,28,118,189
8,63,115,199
58,122,117,162
110,184,114,128
172,199,100,98
189,196,103,98
195,194,117,105
206,185,116,112
230,186,104,110
248,194,117,122
252,194,121,121
260,198,114,122
264,189,123,145
269,194,108,138
266,186,119,135
261,189,121,142
260,198,120,125
266,188,112,145
266,188,113,142
265,187,116,149
261,189,118,138
265,197,112,129
274,189,106,135
270,189,112,139
271,188,111,147
270,188,112,150
268,186,112,144
269,188,110,143
270,186,117,153
272,187,108,146
265,191,114,145
262,193,115,138
260,189,121,153
262,189,122,159
259,191,127,158
262,190,124,163
260,189,119,158
267,188,116,159
264,188,116,155
257,189,120,151
252,190,127,151
245,196,133,146
228,208,150,117
229,213,144,113
229,207,141,118
230,207,142,124
243,198,132,140
232,191,142,155
240,210,130,128
238,198,138,142
239,202,131,127
237,201,133,120
224,207,130,115
216,204,124,102
204,196,132,111
175,173,141,121
135,154,146,117
109,121,133,130
60,96,137,128
34,85,131,132
10,79,125,151
1,93,108,142
7,112,91,137
5,114,94,135
0,122,105,153
25,133,110,160
51,155,123,144
82,171,155,125
142,167,159,129
177,172,154,131
259,185,133,115
298,190,139,112
319,191,141,120
323,189,140,125
314,197,146,125
312,199,146,119
259,188,140,138
190,186,145,127
153,173,145,124
73,140,161,133
31,123,155,144
11,87,146,174
-8,92,128,172
10,100,100,192
10,100,100,192
10,100,100,192
10,100,100,192
10,100,100,192
10,100,100,192
10,100,100,192
10,100,100,192
10,100,100,192
10,100,100,192
10,100,100,192
10,100,100,192
10,100,100,192
10,100,100,192
10,100,100,192
10,100,100,192
10,100,100,192
10,100,100,192
10,100,100,192
10,100,100,192
10,100,100,192
10,100,100,192
10,100,100,192
10,100,100,192
10,100,100,192
10,100,100,192
10,100,100,192
10,100,100,192
10,100,100,192
10,100,100,192
10,100,100,192
10,100,100,192
10,100,100,192
10,100,100,192
10,100,100,192
10,100,100,192
10,100,100,192
10,100,100,192
10,100,100,192
10,100,100,192
10,100,100,192
10,100,100,192
10,100,100,192
10,100,100,192
10,100,100,192
10,100,100,192
10,100,100,192
10,100,100,192
10,100,100,192
10,100,100,192
