362,75,133,350
362,81,146,342
365,81,150,335
368,79,136,348
372,82,144,333
373,80,143,341
376,88,139,330
372,78,144,331
381,85,136,337
380,81,133,328
384,88,133,329
386,83,132,336
385,89,136,322
390,84,133,333
395,91,131,318
400,82,132,337
399,88,128,328
399,83,139,335
404,90,133,321
398,84,139,333
406,94,133,313
402,95,138,315
404,88,133,332
416,86,124,343
411,89,128,331
426,95,116,328
433,93,118,317
437,94,116,328
439,90,113,333
448,88,105,341
458,89,103,335
456,91,95,335
463,88,95,337
470,99,92,334
470,90,85,336
476,90,85,339
480,100,83,325
477,95,87,322
481,105,87,317
480,99,93,330
483,101,92,323
476,104,107,312
469,98,113,323
472,104,120,317
477,100,109,315
478,98,107,330
476,99,108,313
473,105,115,308
473,110,106,290
472,104,110,301
473,108,104,299
474,112,107,291
469,112,105,302
467,113,108,289
470,109,103,294
467,111,103,295
467,115,105,280
466,117,95,281
467,115,99,283
468,114,98,273
462,114,101,274
465,115,96,270
464,111,92,281
470,118,87,272
468,118,84,267
469,119,86,251
473,123,86,240
467,115,86,247
472,112,83,260
471,114,86,250
464,121,94,236
470,123,86,229
470,116,90,242
465,123,86,230
466,134,87,222
469,127,87,229
472,123,77,222
471,125,80,224
475,129,79,216
475,122,77,219
477,127,77,213
480,122,75,220
478,125,74,213
481,134,71,207
482,132,68,206
486,135,65,206
484,134,68,202
488,132,69,198
487,128,69,202
488,128,68,196
488,130,71,198
489,127,71,193
487,124,74,196
487,128,75,189
489,138,72,181
491,132,69,170
492,140,66,171
495,135,66,178
494,136,68,166
496,133,68,161
499,128,66,175
499,122,66,185
498,130,65,178
501,126,62,182
501,123,64,186
506,122,59,182
503,119,64,184
502,126,65,176
505,120,61,176
511,128,55,172
508,127,53,172
508,124,57,171
511,119,58,182
511,119,55,181
510,120,56,175
512,123,54,167
513,124,55,167
507,126,62,166
514,127,52,167
513,129,52,163
511,124,58,162
513,122,58,171
516,119,48,168
514,126,53,160
516,125,50,156
515,129,50,152
521,125,46,157
519,125,47,155
520,131,47,151
522,131,45,150
523,129,47,153
522,122,46,159
523,120,48,160
524,127,42,149
526,128,43,149
524,123,45,156
526,122,44,155
526,122,46,154
525,128,45,149
526,125,46,146
526,129,43,148
525,126,48,148
524,131,46,146
523,119,49,154
524,121,51,152
525,123,52,149
523,127,50,142
525,126,51,140
525,125,52,143
526,125,50,144
526,128,47,135
529,131,50,135
530,128,47,137
531,128,45,135
531,130,45,132
531,132,48,127
535,133,42,128
535,130,44,127
534,132,44,125
538,133,42,125
536,139,44,114
535,138,42,117
536,133,42,122
536,137,45,115
536,139,44,119
535,131,44,120
538,131,44,123
536,133,44,122
537,136,44,120
536,138,42,115
539,132,42,124
538,137,39,116
541,138,40,115
542,136,39,120
543,136,40,118
542,136,39,117
543,136,39,113
543,135,39,115
544,136,38,114
544,136,35,112
544,138,38,111
543,137,36,111
544,138,39,113
543,137,37,109
545,135,36,115
544,135,35,114
544,135,38,111
546,137,38,110
544,134,37,110
545,140,42,106
547,136,37,108
547,134,36,110
546,137,35,111
547,135,35,110
548,138,34,106
547,136,34,108
547,136,35,106
549,137,36,106
548,138,34,103
549,140,33,101
548,140,32,101
551,140,32,101
551,139,32,104
552,138,30,104
549,140,32,101
553,140,29,104
551,139,32,103
551,137,31,103
553,139,30,99
552,140,32,97
552,138,30,104
553,136,28,103
554,140,29,95
554,140,28,97
553,139,29,99
553,138,30,98
553,140,30,96
553,139,30,99
554,138,29,99
555,139,29,97
554,140,28,93
553,144,29,90
556,142,28,95
554,140,28,95
553,144,29,89
555,141,27,96
553,142,28,93
553,139,28,94
554,138,29,95
553,137,28,94
555,143,30,90
555,142,27,91
556,139,29,95
556,141,27,95
557,141,28,90
558,140,27,90
557,144,27,87
557,141,30,88
558,142,31,85
556,141,30,84
557,142,28,84
558,141,31,85
558,144,29,81
559,145,31,81
557,143,30,82
557,143,34,83
557,144,30,83
558,142,31,85
557,142,32,86
559,140,31,90
558,141,31,89
559,142,33,84
558,143,32,83
558,144,32,83
558,144,32,83
558,145,31,82
557,144,33,79
558,144,29,80
560,147,29,78
558,144,30,78
558,145,30,78
559,146,30,76
558,145,30,76
558,146,30,76
560,147,31,72
559,144,32,77
558,144,31,79
561,143,31,77
560,143,31,78
559,144,32,78
561,142,30,80
559,143,30,76
559,144,31,77
560,144,30,75
559,146,28,74
560,146,28,74
560,144,29,75
559,145,29,76
560,146,28,73
559,146,28,74
562,143,27,76
559,146,26,76
561,145,25,75
559,142,26,76
560,147,25,72
561,147,24,73
559,145,24,73
561,145,25,73
560,143,28,75
562,146,26,72
560,144,32,72
560,143,30,76
560,145,36,73
560,143,42,74
561,143,39,74
559,144,42,69
560,147,37,70
560,146,36,68
559,144,40,68
560,145,40,68
561,144,31,72
560,145,32,70
559,146,33,70
561,146,32,70
560,146,31,70
559,146,32,68
560,144,31,71
560,143,31,73
560,144,31,71
560,145,30,71
561,146,29,68
561,147,29,70
560,147,29,66
562,148,32,65
561,149,32,65
561,147,31,64
562,147,33,66
562,146,36,66
563,145,35,70
562,141,42,76
560,143,38,71
561,145,42,69
560,146,37,69
561,144,36,71
561,144,32,67
563,145,28,70
562,146,32,67
562,148,29,65
563,148,30,64
562,146,30,66
564,146,30,67
564,148,29,65
562,148,30,63
563,148,31,65
563,148,31,67
562,148,33,67
562,145,33,68
562,148,31,64
561,146,32,66
561,147,31,63
562,150,31,62
563,148,31,64
562,147,29,66
562,146,29,65
563,147,29,66
563,147,31,63
562,147,31,66
561,147,31,65
561,147,33,64
563,145,28,64
561,147,31,63
562,147,31,64
562,149,32,60
561,148,34,63
563,147,31,64
563,146,30,65
562,147,30,62
561,148,30,61
561,147,31,60
561,148,31,61
561,148,32,62
561,149,33,60
561,149,33,60
562,148,31,65
561,149,33,62
563,148,30,64
561,148,29,62
561,147,28,63
563,148,28,64
559,148,33,62
561,147,32,62
560,146,31,63
562,146,28,66
559,147,35,65
562,143,31,70
561,145,30,65
563,143,39,71
561,143,43,68
559,141,46,68
560,142,45,68
561,145,35,67
563,145,29,63
562,145,30,65
561,146,30,64
564,147,27,64
562,148,30,63
563,147,30,62
562,148,29,64
559,146,31,62
560,145,31,65
561,145,30,63
560,145,30,65
560,144,29,69
561,146,29,64
560,147,30,61
561,149,29,60
561,149,28,57
560,151,29,57
560,149,29,62
560,149,29,59
559,149,29,61
560,146,31,61
559,147,30,64
559,148,30,60
558,149,31,58
559,148,32,57
558,149,32,56
559,150,27,55
560,151,29,56
558,149,35,59
557,146,33,60
559,148,23,59
559,148,22,59
558,149,20,56
558,151,21,50
558,151,20,54
557,150,20,52
556,152,18,50
556,153,19,52
555,152,19,51
554,150,21,53
553,150,21,54
552,153,22,52
551,152,23,52
550,153,22,48
547,155,23,43
547,156,25,43
544,155,28,44
542,155,31,44
541,155,33,46
554,154,21,46
555,153,19,48
558,154,15,46
558,153,16,46
558,153,15,45
558,156,16,42
559,158,12,39
557,156,14,41
559,156,14,41
558,159,12,38
558,158,12,38
559,158,15,39
558,159,13,39
559,160,14,37
557,158,16,38
558,161,13,36
558,160,15,37
558,160,14,38
558,161,13,37
558,160,15,38
557,160,15,36
557,161,14,34
559,160,15,36
559,161,13,35
558,163,12,33
556,161,14,34
558,160,15,36
557,161,16,34
556,163,15,33
558,161,15,35
558,162,15,33
558,162,15,33
559,162,14,31
558,161,14,33
559,161,14,32
558,163,15,30
558,163,15,31
559,163,14,30
559,163,15,32
558,162,17,32
558,163,15,31
559,161,17,34
557,161,15,33
558,161,16,35
558,160,16,35
558,161,17,34
559,163,15,32
558,161,15,33
558,160,16,36
559,161,16,34
558,161,15,37
557,160,16,36
559,159,16,35
558,162,15,33
558,161,16,34
558,160,15,33
557,161,19,32
558,162,16,33
558,160,16,33
559,163,16,33
558,162,15,35
558,163,15,34
559,162,17,33
557,160,16,34
558,163,16,32
558,162,16,33
559,163,14,32
558,162,15,35
557,162,15,35
558,161,15,36
559,160,12,35
559,162,15,33
558,161,14,34
557,161,15,36
558,160,17,40
558,159,18,40
556,163,20,36
560,163,15,32
558,164,18,34
558,162,17,34
558,162,17,34
559,162,19,36
558,161,27,40
559,161,26,42
559,161,25,41
559,158,25,45
558,161,25,40
558,162,24,38
559,161,23,42
560,155,22,47
564,152,17,53
558,155,22,51
559,155,21,49
558,156,21,47
559,155,20,50
557,156,22,47
559,157,21,46
559,152,20,49
557,153,20,49
559,157,21,46
558,158,19,46
557,158,18,43
557,160,18,44
558,160,19,44
557,159,17,44
557,161,18,43
558,158,15,44
557,154,15,47
557,156,15,46
557,154,15,45
556,154,16,46
556,156,15,46
554,155,16,48
556,155,16,47
556,156,16,45
555,156,17,46
554,156,15,47
554,156,15,45
551,157,16,47
552,156,15,47
551,158,15,44
550,157,15,44
549,156,14,43
549,156,16,42
547,156,16,43
547,158,15,43
543,157,17,43
543,156,18,43
560,158,12,45
565,156,9,44
563,156,10,41
564,160,10,39
563,156,11,42
563,157,10,41
562,155,12,40
558,159,15,39
559,159,16,38
559,161,16,35
559,160,16,35
558,160,16,38
559,161,15,36
559,160,15,36
558,161,15,35
558,162,15,33
559,161,15,33
557,161,16,34
559,161,15,32
558,162,15,33
558,161,15,33
559,160,15,34
559,161,16,34
558,161,15,33
558,161,15,35
557,160,16,38
557,158,17,36
559,162,16,35
559,162,15,34
558,160,16,34
559,161,16,34
559,160,16,36
558,162,16,33
560,161,15,34
558,162,17,33
558,161,16,34
558,160,15,34
558,161,14,32
558,161,16,34
558,160,15,33
557,163,15,33
557,160,17,34
558,161,16,33
558,162,15,35
558,159,16,36
558,161,16,34
558,163,15,32
557,162,16,33
558,162,15,33
557,161,16,34
558,161,15,33
557,162,16,34
557,160,15,35
558,161,15,35
558,160,16,34
558,162,16,35
558,161,16,35
558,161,16,33
558,162,15,33
558,161,15,36
559,161,16,35
560,159,15,34
557,162,16,35
559,161,15,34
558,160,16,36
558,160,15,37
558,159,16,40
558,160,16,37
557,161,16,34
558,160,17,35
558,161,16,33
558,161,15,33
558,160,17,35
559,161,15,33
559,162,15,33
558,162,14,32
559,161,16,32
558,162,16,32
557,160,16,34
559,160,16,35
558,162,16,34
558,160,16,35
558,161,17,35
557,159,16,36
559,162,16,33
559,161,15,33
559,161,16,33
558,160,16,34
558,161,15,33
558,162,15,31
558,161,15,33
559,163,15,32
558,161,15,34
558,160,15,36
559,160,14,35
559,163,15,34
558,162,15,37
557,161,16,35
558,160,16,35
559,161,15,33
559,162,15,34
558,163,15,32
558,163,15,30
559,161,15,34
558,162,15,34
559,161,15,35
559,161,16,33
557,161,16,36
558,161,16,34
559,162,16,32
557,160,16,36
558,162,16,34
558,160,16,35
558,162,16,34
558,162,16,35
558,161,15,36
559,162,15,32
558,162,15,34
557,162,15,32
558,160,16,35
557,160,17,34
559,161,15,33
558,161,15,33
558,159,16,37
558,159,17,38
558,160,17,36
559,162,16,32
558,162,16,33
559,161,14,34
560,161,14,37
563,158,11,36
564,155,10,37
565,158,10,37
563,161,10,36
564,156,9,38
565,157,9,38
561,161,12,34
562,159,11,37
555,156,15,36
554,156,17,41
555,155,15,45
554,155,19,47
554,155,21,49
555,151,18,53
555,152,19,51
558,153,18,52
557,153,17,55
559,153,16,54
559,153,16,55
559,152,19,55
559,155,20,50
560,152,20,55
558,156,22,51
559,156,29,48
557,153,27,51
559,150,29,53
560,151,32,54
561,152,29,53
560,152,31,56
560,150,31,56
560,147,32,56
559,150,34,55
558,148,34,57
559,152,32,57
559,152,33,55
560,147,33,61
560,147,34,61
562,146,32,63
560,147,34,63
560,147,33,64
561,147,35,63
561,143,35,68
559,148,33,62
559,144,41,66
563,146,37,61
561,146,44,61
562,146,41,58
560,149,40,57
558,144,46,62
561,141,47,66
561,144,48,63
561,142,47,64
562,146,39,64
563,143,44,65
566,139,42,68
557,140,49,68
556,140,53,71
563,145,46,61
558,138,52,72
570,143,42,67
558,142,43,68
569,141,36,69
574,145,31,63
575,146,24,62
573,148,23,60
568,147,27,66
574,144,25,66
574,146,25,66
573,143,26,66
574,143,25,67
571,143,29,68
575,140,30,68
573,142,35,69
571,142,39,67
573,141,36,67
571,142,38,69
570,143,38,67
571,142,36,66
571,141,36,71
570,139,41,73
572,139,37,73
573,140,37,72
572,140,38,74
571,140,36,73
568,140,39,71
574,139,32,71
571,141,36,68
569,141,40,69
570,141,39,70
571,144,36,65
554,146,48,67
560,146,46,65
570,143,38,68
565,139,43,74
566,138,42,73
555,143,50,67
571,137,40,73
570,142,38,68
570,142,35,69
573,141,35,72
573,140,35,72
573,141,36,72
571,142,36,71
573,141,33,72
575,141,32,72
576,139,31,73
576,141,32,72
575,141,33,71
573,139,34,73
573,142,35,71
574,140,36,74
568,138,38,76
562,140,44,74
576,139,31,73
575,138,32,74
579,141,29,72
575,138,32,73
574,143,35,72
575,141,32,73
575,140,32,72
573,139,34,72
571,145,35,68
573,140,35,73
572,142,37,71
572,139,35,73
571,141,38,71
570,139,41,75
572,141,35,68
571,140,37,70
571,142,38,72
572,142,37,71
571,140,37,70
573,142,36,69
574,139,35,72
576,139,33,75
576,140,33,74
575,140,34,73
575,139,35,75
574,140,35,74
579,140,29,75
576,138,31,79
576,140,33,77
575,140,34,74
574,140,34,75
573,141,35,76
573,142,35,75
572,141,36,76
573,141,35,75
574,140,35,73
573,139,35,77
572,140,36,78
570,139,38,77
570,142,38,75
569,140,40,73
572,141,36,74
570,142,38,74
569,142,38,74
570,140,37,75
571,142,39,75
570,140,39,75
569,139,38,75
574,140,34,75
576,139,34,76
574,140,32,80
572,139,33,79
572,140,35,76
569,141,38,76
570,141,40,75
572,142,39,77
570,144,37,74
569,143,37,73
571,143,35,72
572,141,34,76
570,141,37,78
570,141,36,77
570,140,38,81
569,140,39,72
572,140,35,78
569,140,38,76
571,144,36,71
569,140,39,78
573,141,36,75
574,141,33,77
573,141,32,75
575,140,31,79
573,139,33,80
572,140,35,81
569,140,38,80
570,141,36,77
570,141,38,80
570,142,37,77
570,142,37,76
571,143,33,74
570,143,35,77
569,143,34,78
570,142,31,79
572,142,32,78
570,143,35,79
569,142,34,80
570,141,35,81
570,139,35,83
569,139,39,82
568,138,40,86
568,142,39,81
567,140,42,82
568,139,41,79
568,142,38,79
572,141,30,86
570,144,32,80
571,142,31,83
569,140,33,83
568,141,38,83
567,140,38,81
569,142,37,82
567,142,38,83
567,141,37,79
569,143,33,80
568,143,35,83
570,143,34,82
569,144,33,80
567,142,35,84
567,144,36,85
568,141,37,88
568,143,35,82
567,141,36,85
566,139,41,85
568,142,37,87
569,140,36,84
567,141,38,88
569,142,36,85
567,142,37,83
566,139,35,90
567,142,37,85
568,141,35,87
565,141,37,88
569,142,33,88
566,142,36,89
565,142,39,83
566,139,40,88
567,139,38,91
567,141,39,88
566,143,38,86
566,139,40,90
567,142,40,86
566,140,41,89
565,139,41,91
565,142,43,86
568,142,36,83
570,141,33,91
568,141,37,92
568,141,38,92
567,139,40,93
565,141,42,89
564,141,43,80
565,144,43,88
563,140,42,90
562,140,41,91
565,141,40,94
563,140,40,95
563,142,42,90
563,140,43,92
560,142,41,89
565,142,36,95
565,140,37,96
563,141,38,97
562,139,45,99
562,141,44,94
562,140,42,93
560,141,44,92
562,143,42,94
560,140,43,94
560,140,39,98
562,140,42,94
563,141,38,94
561,141,41,94
559,140,41,96
559,141,42,96
559,141,35,94
557,140,42,96
559,140,46,95
558,138,44,101
556,139,43,97
558,140,44,97
557,144,37,89
555,142,34,96
556,142,45,84
556,143,37,86
551,139,45,98
549,138,55,99
543,139,58,99
538,144,65,95
536,142,68,103
540,146,69,104
529,129,73,114
528,120,76,125
530,117,64,128
531,122,73,126
532,129,77,115
529,122,65,118
529,129,74,113
529,120,57,121
535,128,66,118
525,118,77,129
526,119,82,127
518,123,78,124
524,126,70,115
521,123,84,130
514,119,93,128
508,120,72,124
510,120,59,126
531,115,74,137
506,125,93,121
507,125,86,122
502,135,69,112
527,124,49,118
551,133,55,111
550,137,61,118
542,133,74,121
533,124,66,124
534,120,76,132
534,117,55,130
540,123,66,132
543,128,73,124
534,119,68,125
536,117,72,139
537,120,52,128
540,129,58,117
540,129,71,124
541,119,67,131
537,115,51,133
544,125,64,129
539,121,42,122
545,126,60,124
542,127,56,125
540,124,68,125
540,129,52,120
545,134,60,118
542,137,47,112
545,133,62,118
541,143,60,107
544,141,68,111
539,125,61,125
540,126,67,122
540,128,49,124
542,128,63,125
540,125,50,128
537,127,58,127
537,116,40,139
538,118,51,139
537,124,61,130
533,124,44,129
539,131,64,128
532,123,44,134
540,126,61,137
531,122,41,136
531,118,45,145
531,116,41,143
537,121,57,147
528,120,45,142
534,122,64,145
529,122,54,144
527,120,54,145
525,118,46,144
531,121,48,141
528,122,40,142
544,120,49,145
521,118,50,145
520,121,51,142
522,119,62,149
519,122,44,143
549,120,55,145
517,122,62,147
519,121,68,150
514,127,51,142
523,128,68,137
512,137,44,131
547,122,59,131
507,128,65,141
508,122,58,147
506,127,53,143
506,140,47,134
543,130,67,127
502,145,63,131
505,131,64,144
502,133,59,141
506,137,42,136
555,120,52,130
541,124,68,123
499,142,77,133
498,132,71,144
497,129,65,149
499,136,75,146
494,140,76,142
494,128,78,155
493,145,70,138
507,128,78,151
492,131,76,154
492,140,70,140
502,133,84,143
491,142,63,140
512,125,69,138
509,125,70,139
517,119,67,136
509,127,76,149
490,136,94,159
485,141,95,152
485,148,63,143
527,111,49,130
544,125,64,132
537,121,59,125
530,115,45,127
552,127,56,130
532,127,77,124
507,124,79,132
494,135,90,129
489,141,93,125
487,139,109,160
483,130,83,171
488,134,58,169
516,120,65,152
503,126,82,167
489,113,62,187
490,118,76,187
494,119,56,186
498,120,68,186
497,117,63,194
496,122,57,190
494,122,73,186
499,141,57,170
502,118,60,197
502,123,56,195
507,121,56,190
507,128,55,189
514,125,50,187
514,125,53,197
516,120,52,211
517,117,58,223
518,116,52,224
522,121,51,219
524,120,55,217
523,123,51,207
526,117,58,215
530,121,54,204
531,118,56,202
533,127,55,202
533,122,57,190
532,129,58,165
533,137,59,160
533,138,62,150
537,142,63,143
540,142,61,138
544,143,60,145
543,140,68,140
545,140,63,149
547,139,62,159
549,139,63,151
547,140,64,148
550,141,63,156
550,139,64,163
550,140,64,158
554,140,58,166
551,141,60,166
547,137,68,175
547,140,67,176
546,137,72,176
546,132,71,190
545,134,73,186
541,132,84,174
538,131,78,172
536,133,81,178
539,135,71,185
536,137,77,180
537,136,69,181
535,137,72,179
535,135,66,190
532,138,68,196
527,132,70,209
524,131,70,214
521,133,72,217
517,130,73,212
509,129,79,205
506,133,78,203
502,127,77,224
502,123,75,231
497,132,74,242
495,134,75,259
486,138,79,264
479,133,75,276
468,137,88,280
467,131,74,277
458,130,80,287
454,123,76,291
444,133,78,276
440,139,78,284
424,138,88,280
404,139,108,279
400,145,103,269
396,137,96,273
389,133,84,286
499,128,105,265
384,141,66,281
369,171,82,264
363,139,71,291
356,128,66,299
332,130,87,302
325,135,92,292
316,142,90,285
307,141,83,274
297,141,84,274
285,138,83,268
280,141,75,261
262,143,81,279
253,146,69,285
249,138,64,287
240,145,62,289
228,142,68,298
217,133,74,292
201,143,80,291
194,138,82,292
173,141,103,289
150,137,114,290
145,134,114,293
144,132,113,298
125,136,87,289
120,142,84,286
113,140,83,290
105,139,90,298
89,131,92,297
86,129,88,297
77,128,93,291
61,135,103,292
42,142,120,276
37,140,123,277
28,161,125,262
30,136,118,284
26,147,103,272
31,133,87,285
26,147,84,271
26,147,84,271
16,136,85,283
5,138,91,278
4,137,86,273
4,139,79,264
-1,142,87,267
-2,137,86,276
0,142,75,266
-1,141,83,274
9,142,83,255
4,166,75,244
2,185,50,229
2,185,50,229
2,185,50,229
2,185,50,229
2,185,50,229
2,185,50,229
2,185,50,229
2,185,50,229
2,185,50,229
2,185,50,229
2,185,50,229
2,185,50,229
2,185,50,229
2,185,50,229
2,185,50,229
2,185,50,229
2,185,50,229
2,185,50,229
2,185,50,229
2,185,50,229
2,185,50,229
2,185,50,229
2,185,50,229
2,185,50,229
2,185,50,229
2,185,50,229
2,185,50,229
2,185,50,229
2,185,50,229
2,185,50,229
2,185,50,229
2,185,50,229
53,172,45,213
49,177,47,193
49,183,47,186
49,183,47,186
49,183,47,186
49,183,47,186
49,183,47,186
49,183,47,186
49,183,47,186
47,183,49,176
52,182,42,178
49,183,49,182
49,182,70,184
48,176,62,183
49,179,65,180
48,196,69,167
49,187,56,171
49,181,54,176
47,186,53,167
51,192,46,177
51,187,52,172
51,184,54,172
47,180,52,173
48,195,70,169
48,185,68,174
48,176,59,184
46,180,64,180
47,176,65,184
45,185,67,175
46,176,61,183
45,177,54,176
48,176,49,182
50,184,60,182
50,179,60,181
49,180,63,180
47,176,56,181
50,180,69,186
47,175,72,192
45,172,73,193
44,170,72,192
45,174,63,182
47,167,50,189
53,181,63,184
53,185,66,184
48,181,71,184
48,171,62,192
47,180,66,182
48,173,66,190
47,171,50,172
47,180,55,178
48,181,58,178
48,176,56,183
48,175,57,184
47,173,62,189
48,171,50,186
51,182,67,183
49,183,59,177
51,176,57,182
49,172,48,187
45,183,48,180
51,180,56,181
51,179,45,166
54,186,60,178
51,178,66,188
50,174,69,197
48,172,70,197
47,179,54,181
47,175,50,180
44,185,51,175
46,178,52,175
44,183,52,176
43,184,49,173
57,181,36,167
50,192,53,167
49,190,61,164
40,182,62,162
48,199,44,152
35,209,40,143
80,32,44,146
80,32,44,146
80,32,44,146
80,32,44,146
9,125,66,143
3,130,85,152
15,173,90,166
6,173,100,173
-3,168,88,181
17,179,95,190
3,189,70,172
45,175,73,187
49,164,68,204
60,174,58,196
61,177,61,191
46,177,69,183
61,180,60,192
59,176,60,178
62,177,59,196
58,171,57,198
56,170,64,198
53,160,66,206
51,172,71,195
36,178,80,192
33,158,80,205
45,171,60,190
50,166,47,194
55,172,63,195
52,179,68,186
49,177,68,191
49,182,61,184
48,175,58,184
48,176,52,170
56,189,60,176
51,184,67,186
49,174,71,192
34,172,82,189
29,164,77,190
49,178,71,190
45,173,74,189
45,177,47,166
60,184,33,170
61,184,38,180
60,179,42,181
54,178,46,181
51,174,61,183
48,183,66,180
49,179,60,183
49,179,50,163
55,184,48,169
52,182,57,181
52,183,42,157
54,184,57,180
54,179,48,179
52,178,61,187
49,177,55,175
49,177,64,186
48,174,67,184
46,182,64,182
48,178,60,176
49,180,49,163
53,191,58,160
52,184,57,178
52,178,53,185
55,175,42,185
58,176,45,178
56,189,52,174
51,183,61,184
49,178,49,177
54,182,57,182
51,180,49,175
51,191,59,174
49,187,64,180
47,181,53,183
47,180,72,184
48,179,71,186
50,183,69,182
48,184,70,185
48,177,69,189
48,184,71,176
51,189,66,181
49,180,62,174
50,179,62,184
48,170,61,194
47,170,60,192
47,163,50,198
51,178,60,187
49,175,65,192
50,173,50,192
