284,156,113,111
289,152,109,114
290,157,107,105
289,153,103,108
294,153,102,110
294,153,94,109
296,152,88,111
295,156,86,108
296,156,82,105
296,154,74,107
298,151,75,110
297,151,66,110
295,148,62,111
296,152,60,108
297,149,49,107
298,150,50,108
300,146,42,107
300,143,41,111
303,138,36,113
304,138,36,112
310,134,31,110
316,130,30,113
319,128,28,113
329,120,25,120
327,118,29,119
336,110,32,125
336,101,34,135
350,90,32,137
348,86,39,136
223,171,53,131
215,171,68,129
218,180,91,106
206,182,108,100
200,185,130,89
201,186,138,94
200,184,143,91
201,185,156,92
201,183,156,100
204,183,162,109
197,186,167,116
201,185,164,118
202,182,171,124
199,184,174,107
201,184,168,115
203,187,170,119
198,185,165,128
198,187,166,108
197,184,177,121
199,185,177,108
199,189,164,109
203,185,165,112
203,187,164,113
203,184,168,123
201,185,161,116
204,182,161,127
204,184,171,119
198,186,168,116
196,186,170,124
210,187,157,101
199,184,169,112
200,186,169,122
203,183,168,113
196,185,173,119
199,185,173,117
197,183,170,119
193,184,176,124
197,184,171,119
194,185,172,105
194,184,169,113
198,186,168,107
196,183,169,120
194,183,169,125
197,182,167,104
199,185,165,99
195,186,170,99
196,184,169,101
196,185,170,95
199,185,167,97
200,186,167,98
194,184,170,100
196,187,167,95
194,186,169,94
195,183,166,108
200,182,162,107
192,185,172,96
195,183,169,101
193,186,171,106
196,181,168,126
195,184,172,124
197,185,169,104
196,185,168,107
196,184,176,108
196,188,167,105
199,184,168,111
198,184,168,114
197,184,169,115
194,187,168,116
190,184,167,124
195,183,173,127
190,186,170,105
197,181,167,124
195,187,168,117
197,182,168,132
199,188,158,104
199,188,163,106
201,184,163,115
197,184,171,110
194,185,168,118
197,186,167,102
199,182,167,105
193,186,171,105
198,186,169,112
199,187,169,104
196,188,166,115
199,185,168,110
197,187,170,115
197,186,168,107
195,183,170,119
197,187,166,122
199,183,166,121
195,184,172,115
195,183,169,120
195,185,163,114
201,179,165,118
197,183,168,117
195,182,162,109
195,181,168,103
195,185,168,103
195,185,165,103
195,182,168,104
194,183,170,103
193,183,168,103
191,183,175,109
195,183,166,111
198,183,167,106
197,184,167,110
194,183,168,104
194,184,167,106
196,183,168,105
196,182,169,107
192,182,168,104
195,182,170,103
191,183,175,103
200,184,163,101
194,183,168,98
192,184,171,98
197,182,166,98
206,183,157,101
204,185,162,99
199,185,165,96
192,184,170,113
196,186,167,118
197,184,168,94
194,186,168,90
198,187,170,89
191,184,171,96
197,188,167,90
192,182,176,101
197,186,169,102
202,184,166,101
196,181,172,113
202,184,164,119
196,186,172,96
192,184,172,98
192,181,173,103
200,180,167,110
193,185,169,102
196,183,168,101
192,185,171,98
193,184,169,99
193,183,169,104
191,184,175,102
193,183,169,107
195,184,169,102
198,183,166,107
195,183,173,104
190,184,174,102
194,183,174,106
196,182,168,104
200,184,168,100
197,187,168,98
210,184,152,100
209,186,157,96
188,187,174,111
196,182,168,119
197,188,165,94
195,185,168,98
194,183,169,101
194,182,171,112
199,182,165,114
196,182,166,120
198,180,166,117
196,176,167,126
199,177,163,107
197,176,163,103
199,170,160,104
198,169,163,112
197,161,164,117
200,159,160,124
198,159,165,130
202,173,162,114
197,186,168,102
195,184,165,99
193,183,170,100
196,185,166,101
198,184,163,107
198,184,165,106
194,184,168,102
194,182,170,104
194,184,166,105
195,183,168,101
196,183,166,104
196,182,169,105
195,183,168,103
196,184,166,100
194,185,168,101
193,183,171,104
192,184,171,104
194,185,174,99
193,185,169,105
196,183,171,106
199,183,164,108
194,181,170,113
193,179,168,122
196,183,169,112
199,180,170,116
194,184,167,117
193,181,171,127
193,184,177,109
191,182,168,120
200,186,165,114
190,182,169,110
198,181,170,114
198,185,164,117
196,185,170,112
198,183,169,125
194,183,169,112
196,179,171,125
194,184,167,129
192,185,171,108
191,183,176,114
193,182,166,126
197,182,172,117
197,180,168,124
189,183,170,122
194,184,170,114
193,183,166,119
196,185,163,96
197,184,167,99
196,183,168,103
196,184,170,99
196,183,165,104
198,184,169,105
192,182,170,110
196,182,169,116
195,183,169,118
199,184,164,122
193,183,171,102
192,180,173,108
197,184,170,106
197,183,169,106
192,182,173,109
195,182,172,107
199,184,167,100
197,183,169,100
198,185,166,96
193,183,173,94
192,185,169,93
191,184,167,97
198,184,164,100
195,184,169,97
194,183,177,104
193,183,184,106
195,185,185,103
195,185,186,105
190,183,200,118
197,186,193,111
194,186,199,113
192,187,195,110
191,188,196,112
190,186,186,121
194,186,183,111
197,183,166,116
197,183,164,119
197,184,160,121
197,184,161,124
197,185,162,112
197,185,167,115
201,184,160,116
194,186,169,119
193,184,171,125
181,182,180,140
186,184,181,121
173,186,196,101
165,184,197,108
159,185,204,110
161,188,209,100
166,185,199,97
175,184,193,99
178,183,187,98
191,183,177,105
197,181,171,100
198,183,164,114
197,184,164,104
196,178,165,104
200,181,162,98
192,178,176,105
194,182,171,103
197,182,166,105
197,182,164,112
195,185,167,105
198,179,169,113
196,183,170,108
198,181,169,113
194,181,168,114
193,183,172,118
193,185,168,100
190,181,176,101
195,182,169,105
195,183,172,102
193,183,169,100
191,183,171,97
199,183,158,99
195,181,173,101
195,179,168,106
197,179,165,106
201,181,164,100
195,180,172,99
197,183,166,96
198,182,166,101
193,182,164,101
197,181,164,102
197,183,166,101
196,182,167,104
193,183,172,105
195,180,169,103
194,183,169,98
195,181,172,103
197,182,170,105
193,181,173,106
194,182,176,103
192,180,169,109
201,183,165,107
196,182,170,101
195,183,168,97
197,182,166,104
201,183,161,99
200,182,161,94
194,179,168,100
191,180,176,103
194,180,172,101
196,182,171,98
195,181,169,100
197,181,165,101
195,180,166,105
195,183,168,103
195,182,164,102
195,183,163,101
193,182,165,96
194,184,175,98
197,183,175,97
194,184,166,96
192,183,170,96
193,184,172,96
193,185,173,98
184,183,180,99
198,183,170,96
198,181,164,110
191,183,173,99
198,184,164,104
195,181,167,109
197,182,169,104
191,184,173,104
198,183,167,105
193,183,170,100
193,183,171,105
194,182,170,110
190,184,168,107
198,184,164,102
197,181,163,108
194,183,170,106
194,184,169,106
192,185,167,101
188,183,174,96
162,184,199,95
188,181,177,103
193,184,175,98
193,183,168,98
192,185,165,102
197,182,163,107
196,185,167,99
195,185,172,99
193,184,184,99
192,184,192,91
194,186,184,93
196,185,183,94
194,184,175,96
193,183,170,98
196,183,169,100
188,182,171,104
193,186,169,102
194,185,167,97
193,184,167,102
191,183,171,91
197,183,165,97
192,180,172,103
192,182,168,109
193,181,168,115
198,182,168,114
192,181,166,119
199,185,162,102
195,183,166,102
198,184,165,98
195,183,172,101
198,183,165,106
197,182,166,114
193,180,166,124
197,187,162,94
195,185,165,99
195,184,166,101
196,183,165,98
199,183,162,96
195,183,167,101
195,181,169,101
192,183,174,98
191,183,168,96
194,183,167,100
196,183,171,97
195,181,169,109
196,183,158,107
197,184,166,112
197,185,167,107
192,183,174,103
193,184,173,110
197,182,167,118
193,184,171,114
197,183,171,109
195,183,163,104
196,182,168,104
197,183,170,109
195,182,165,112
192,181,178,110
198,181,165,103
191,183,172,99
197,181,168,100
193,183,172,99
192,182,174,104
190,183,176,106
197,186,170,104
194,185,165,104
197,184,168,101
192,183,173,103
194,183,174,100
193,182,175,101
196,183,172,105
194,183,172,114
194,182,165,112
197,184,170,108
194,182,168,107
194,182,168,110
197,180,170,110
197,183,165,100
196,183,167,99
200,184,165,104
197,184,170,100
195,184,169,100
194,181,171,111
194,183,166,111
194,183,173,104
197,181,169,106
196,183,165,103
193,181,168,112
194,181,172,110
195,183,166,115
198,180,168,123
195,181,168,127
194,187,172,95
195,183,171,111
195,181,170,117
191,181,168,119
198,181,166,111
197,182,164,101
193,181,180,101
192,183,170,101
196,182,169,102
204,184,159,98
186,181,177,101
195,183,172,97
193,181,168,104
196,184,169,106
196,184,168,100
194,182,171,102
195,182,169,106
197,184,167,109
195,182,165,116
197,186,162,104
196,185,164,102
200,182,164,105
199,183,167,107
192,183,172,104
196,184,168,104
192,183,172,100
193,183,170,108
194,182,168,112
197,184,167,109
201,183,163,104
196,186,167,100
194,186,171,97
192,184,170,98
193,185,172,99
194,183,174,105
194,184,166,101
193,183,169,100
194,181,166,111
196,183,168,112
197,183,169,106
199,185,167,101
199,181,166,108
193,184,169,107
196,181,169,106
197,184,169,106
195,183,167,104
197,183,167,103
196,179,164,108
193,183,175,105
197,185,169,103
194,184,172,104
196,183,170,107
191,183,173,107
195,183,174,104
201,180,165,99
195,183,169,104
195,182,168,105
191,183,173,107
190,184,173,106
193,182,174,104
195,181,175,102
193,185,174,98
195,184,172,98
195,184,174,102
192,182,171,103
192,184,169,104
201,183,161,107
191,183,168,106
199,184,161,99
200,186,163,100
192,185,171,96
201,184,164,96
196,184,166,98
199,184,165,112
198,185,161,105
195,182,166,107
197,180,168,109
198,184,164,107
198,183,162,112
200,180,160,115
195,182,165,108
191,181,168,109
192,182,167,107
198,182,166,107
194,180,168,108
199,181,162,108
198,177,167,112
198,178,162,111
197,182,162,99
194,183,168,100
194,183,169,105
200,184,164,96
195,184,167,100
198,183,165,101
194,180,173,103
194,183,172,102
192,184,172,102
194,181,169,103
194,184,174,99
194,183,172,104
196,182,171,107
193,181,167,104
197,181,168,103
197,183,166,103
192,182,173,100
195,183,168,102
190,183,171,101
193,184,173,103
192,185,173,100
193,184,173,97
193,181,173,99
187,181,170,96
197,175,165,103
194,177,167,104
196,174,169,107
197,179,166,102
198,181,161,97
193,181,168,102
195,182,164,102
194,182,167,99
195,182,166,99
194,184,166,100
190,183,170,98
192,182,168,110
195,182,168,101
191,175,176,103
192,172,170,109
196,167,164,113
200,180,164,102
200,181,165,102
198,184,168,103
196,183,165,98
195,182,171,102
197,182,167,103
194,182,170,103
196,179,167,109
198,183,167,107
193,183,169,102
196,181,166,107
196,184,169,104
196,182,170,106
196,181,172,104
194,184,173,105
191,186,175,101
194,183,173,103
194,184,173,103
198,182,168,118
192,181,170,126
197,185,163,101
193,181,168,105
194,180,168,118
194,183,175,119
193,185,169,105
196,182,171,107
193,182,172,108
196,183,171,110
194,182,168,107
195,185,173,104
191,184,172,100
193,182,172,103
195,182,171,102
196,185,168,109
193,183,167,111
194,182,169,120
200,185,167,112
198,183,165,122
193,182,172,119
200,185,161,107
197,184,168,107
194,182,171,104
195,183,170,102
194,183,172,103
196,184,168,100
195,180,168,114
195,182,170,101
197,183,170,102
199,184,164,106
197,183,166,106
195,184,168,98
195,182,169,105
195,183,168,101
196,184,168,99
196,183,169,101
197,183,170,101
197,184,168,101
196,184,167,96
198,184,168,97
196,185,169,98
196,185,170,101
199,181,167,105
198,183,165,103
197,180,171,106
196,180,168,106
199,180,165,106
201,178,159,110
197,180,168,107
192,181,170,104
195,182,171,105
197,183,173,104
195,182,179,107
192,181,172,113
193,181,174,101
196,183,166,98
194,182,171,100
194,182,172,100
196,183,173,102
200,184,166,97
198,183,168,97
203,183,163,99
199,184,169,100
199,184,166,103
201,184,166,108
198,184,171,106
196,182,171,111
199,184,167,103
196,184,173,104
196,185,172,99
197,184,170,100
201,186,168,99
195,187,169,99
196,185,170,102
197,183,169,109
197,185,166,104
198,184,171,102
194,184,174,97
196,183,170,99
196,182,173,97
198,185,170,96
201,184,165,96
194,185,172,96
199,183,169,101
195,184,175,97
196,185,173,98
193,184,178,99
194,185,176,101
189,186,183,99
195,184,181,100
195,183,174,102
196,184,170,106
193,185,174,104
194,183,176,100
193,184,177,99
195,186,172,105
201,185,165,100
195,185,175,97
195,184,170,94
196,182,171,96
197,186,171,99
200,185,163,102
196,183,168,108
202,184,162,106
199,183,169,105
193,184,171,100
195,184,171,100
195,185,171,100
198,185,170,105
193,185,171,105
196,183,170,123
192,186,174,107
199,181,168,111
197,184,171,101
198,182,169,104
201,184,164,102
197,184,168,101
200,185,165,102
199,183,169,103
201,184,164,103
197,183,169,102
197,184,170,100
201,185,164,99
199,185,166,97
198,184,166,97
200,183,165,105
200,182,166,105
199,184,166,101
202,183,166,101
198,184,169,97
196,185,171,97
198,183,167,97
197,183,170,104
198,183,169,98
196,184,171,101
195,182,172,105
197,182,171,104
201,184,166,99
197,184,171,99
198,185,171,99
201,185,166,99
199,185,169,102
198,184,168,103
199,184,169,99
194,184,170,101
201,183,167,101
199,182,164,101
197,183,169,98
194,182,175,99
192,182,177,101
196,183,168,103
202,181,165,109
198,180,168,104
201,182,168,107
196,182,173,104
196,185,175,102
192,181,178,101
193,183,175,101
194,183,176,102
198,183,172,97
195,183,172,100
194,183,173,104
194,184,175,100
194,183,172,99
194,182,177,103
196,183,170,99
193,183,174,105
198,182,174,99
195,183,171,103
193,184,173,103
193,182,175,102
195,181,174,101
191,183,179,106
190,183,181,104
195,180,175,106
195,184,172,99
198,183,168,105
194,181,175,105
195,182,172,107
194,184,172,103
199,181,171,105
196,180,172,111
199,183,169,109
195,183,170,103
197,184,169,100
194,184,173,102
196,183,174,104
195,183,171,105
196,184,172,103
195,183,175,100
193,184,175,99
194,181,176,100
194,183,176,100
197,184,170,97
199,184,170,100
197,184,174,102
197,184,169,99
199,184,168,98
199,185,167,97
199,183,169,100
197,185,170,99
203,186,163,102
199,185,167,98
199,184,173,98
194,183,171,112
197,182,169,111
196,184,170,104
199,183,170,101
194,185,173,97
196,182,176,103
200,183,165,101
196,184,171,107
199,181,167,110
196,183,176,105
197,182,172,107
197,181,169,107
192,183,178,99
196,184,171,102
196,184,172,100
198,184,169,102
198,184,166,102
197,181,169,105
197,182,167,105
194,185,172,100
194,184,173,102
196,184,175,102
191,183,172,101
195,184,172,106
195,185,176,100
195,183,174,100
193,185,173,99
197,185,169,100
194,182,175,105
192,182,178,106
193,182,174,104
196,183,175,99
193,184,173,99
197,183,169,96
197,184,171,101
195,182,175,100
195,183,175,100
191,185,175,96
198,183,170,98
199,183,168,99
198,182,166,106
198,183,167,105
199,183,169,107
195,185,171,104
199,181,168,107
198,184,170,103
196,184,172,107
200,180,172,111
201,183,167,105
194,184,172,107
196,181,173,111
197,183,168,117
198,181,170,117
198,183,170,122
196,183,169,114
200,183,172,115
203,185,162,112
200,184,167,102
200,183,165,103
202,183,164,102
201,184,170,101
202,184,167,99
197,183,171,101
196,183,173,100
203,184,166,98
198,182,170,94
201,182,166,99
207,181,161,99
213,184,155,103
212,185,158,99
216,187,148,108
219,183,149,112
216,183,148,122
213,184,147,148
206,183,155,141
205,182,151,145
201,182,159,156
194,182,167,170
189,175,164,179
191,180,164,170
188,182,170,149
189,183,166,162
190,183,170,145
188,181,172,130
186,183,175,133
185,182,178,129
192,184,177,117
188,184,176,114
193,184,173,120
199,181,165,129
192,183,175,110
193,179,173,131
190,181,182,122
195,177,171,118
202,182,170,113
200,178,167,127
198,182,170,125
196,188,169,113
193,187,176,103
193,190,170,111
193,184,171,122
195,188,172,107
191,190,168,104
198,183,164,123
196,183,168,129
191,184,171,116
191,184,168,126
191,183,173,115
196,186,168,122
195,186,172,114
197,186,167,102
193,182,172,116
194,182,171,126
196,182,168,134
197,184,161,118
196,184,165,120
191,183,172,124
194,182,164,134
198,182,170,119
192,187,167,120
200,184,162,120
194,184,170,128
199,185,165,108
198,184,163,122
194,184,167,120
190,184,170,130
195,188,166,105
198,184,164,125
201,183,166,115
195,185,170,123
197,186,169,115
194,187,168,110
200,181,165,122
196,183,169,124
190,183,175,123
190,186,171,117
195,185,170,113
199,183,175,109
199,184,163,107
195,185,166,107
197,185,167,117
195,183,172,121
189,183,170,123
193,188,171,125
196,187,171,106
201,185,162,122
194,182,172,114
195,184,169,125
196,189,164,96
195,186,168,100
194,186,169,100
196,189,169,107
196,188,169,105
196,189,170,109
194,185,170,108
195,186,169,112
195,184,170,129
194,187,171,108
196,186,165,121
197,186,169,106
196,183,163,121
196,182,169,128
197,185,163,112
197,184,164,121
202,179,161,130
194,183,171,118
196,180,169,128
195,186,166,111
197,182,169,127
193,182,165,118
194,188,166,121
195,184,168,121
190,188,166,105
196,183,170,127
195,186,173,109
192,183,168,125
197,182,166,117
199,184,167,112
196,185,167,114
191,183,173,126
193,188,165,102
194,184,173,114
196,182,164,126
194,184,170,115
195,180,175,126
191,183,177,129
193,188,168,103
199,182,164,116
192,184,167,126
195,184,170,121
193,183,172,118
193,185,171,125
196,186,161,107
195,186,168,113
195,186,171,121
193,185,169,118
195,186,167,128
202,185,168,119
197,185,168,110
197,188,161,120
198,184,171,103
194,186,168,108
200,184,167,122
193,185,168,125
197,182,169,118
195,185,169,124
198,187,167,94
193,188,167,99
199,185,163,108
195,186,170,106
200,186,164,114
197,183,166,122
197,189,163,114
200,188,162,97
204,186,164,106
199,187,166,111
196,179,169,125
197,166,169,139
194,167,169,137
196,169,169,133
194,174,171,132
197,178,170,125
196,178,170,129
199,177,167,131
199,177,167,120
197,181,168,118
198,180,169,125
199,181,163,130
197,182,170,132
196,178,172,117
198,181,164,123
194,182,171,129
202,184,158,108
196,179,166,125
191,183,169,132
196,181,177,117
197,186,169,124
192,188,176,95
199,187,168,103
196,186,167,120
195,187,168,108
199,185,164,120
200,186,164,125
202,186,163,102
197,184,170,122
200,188,169,123
198,185,168,117
202,186,164,122
198,185,168,126
193,185,170,116
191,183,172,114
189,188,173,123
188,184,178,115
188,184,174,122
184,187,178,105
186,184,183,116
187,183,183,123
191,186,175,114
194,186,171,105
193,184,169,124
201,185,168,112
200,185,162,124
204,186,166,122
200,184,162,105
204,183,163,114
195,187,169,111
197,186,165,114
194,184,169,115
198,186,167,115
193,186,172,125
201,186,163,100
199,184,165,111
199,184,165,125
189,183,171,129
195,185,172,108
196,186,168,116
192,186,166,123
200,184,168,112
199,186,169,117
197,186,169,112
194,183,168,125
195,183,176,116
195,185,167,125
195,189,163,101
195,184,165,117
195,187,166,110
204,183,159,123
196,185,166,128
200,185,168,105
190,185,171,114
195,183,167,128
194,184,167,109
193,186,172,115
191,180,171,121
197,182,167,128
197,187,171,95
193,186,166,112
202,183,158,126
196,184,170,123
188,186,169,114
194,183,172,127
198,185,167,100
201,185,159,103
200,187,165,101
198,185,163,110
198,182,167,125
197,184,169,128
200,186,162,104
201,183,165,107
198,183,164,121
193,185,163,115
199,183,164,121
188,183,174,116
198,186,164,122
192,184,174,120
196,186,168,112
191,184,167,123
187,183,175,124
195,183,169,121
197,186,170,107
194,183,163,120
198,182,165,129
195,185,167,120
194,185,169,109
193,185,169,122
188,186,167,108
196,183,169,122
191,187,166,107
202,184,159,120
196,183,164,127
200,184,159,118
192,181,169,127
195,183,176,123
196,184,163,127
195,185,171,109
193,181,166,127
199,183,170,133
193,184,163,111
200,183,166,127
195,185,165,120
194,181,170,126
198,184,169,104
197,185,165,106
195,184,168,121
193,186,162,107
196,182,169,124
202,184,166,128
193,184,165,112
196,179,171,127
194,182,169,132
195,182,170,124
197,182,166,129
198,183,170,108
199,184,162,114
199,181,165,122
194,185,168,128
190,183,165,118
194,186,164,128
191,184,170,110
196,185,170,117
187,180,174,129
202,182,163,121
194,183,167,130
192,184,170,112
191,185,168,117
189,183,169,116
191,184,173,120
186,183,175,130
195,186,162,111
199,184,163,124
199,187,162,105
194,183,168,119
200,182,165,123
199,182,163,124
200,179,164,125
194,175,168,129
196,181,166,124
194,181,162,124
194,181,165,129
193,183,167,119
196,184,161,118
195,180,162,132
191,187,163,116
196,185,165,103
199,183,164,120
196,186,167,110
200,185,164,120
206,185,160,125
205,184,158,116
204,187,160,120
182,183,177,119
191,183,177,107
184,184,175,119
200,180,170,126
189,182,177,129
190,184,178,118
187,181,176,132
191,183,176,119
189,185,168,126
196,188,162,105
192,185,172,122
200,181,164,116
196,184,165,122
196,182,167,128
200,185,159,110
197,182,164,126
185,187,177,106
179,184,180,117
197,185,156,135
200,187,161,139
197,182,168,133
198,186,160,102
195,185,170,99
194,186,168,106
195,186,169,113
195,185,163,126
191,185,173,104
199,178,164,126
195,184,166,119
197,184,168,122
196,185,166,121
193,184,165,128
198,187,156,111
195,183,170,122
195,183,168,128
199,183,171,102
197,184,164,116
192,183,166,129
199,185,165,107
195,184,167,118
200,183,163,126
192,184,172,116
194,184,172,105
190,187,167,102
191,187,173,105
196,184,165,124
192,184,165,138
200,187,167,110
195,185,170,122
188,186,171,115
196,183,170,122
187,183,178,116
197,183,173,127
192,189,163,106
196,184,166,118
196,184,160,126
193,186,170,109
201,183,164,119
189,185,169,115
196,187,168,116
195,186,166,123
198,185,171,104
190,183,173,123
199,185,165,133
192,182,167,141
197,185,166,108
192,185,171,107
198,182,167,121
196,181,167,124
193,185,171,126
197,184,166,117
196,185,161,125
196,186,167,107
196,185,166,121
194,184,167,115
199,182,165,122
196,184,171,125
200,186,161,111
199,184,165,113
195,186,168,118
194,185,165,102
200,181,163,119
196,187,162,112
189,181,171,127
194,183,169,131
198,184,172,121
195,185,166,127
189,184,176,112
191,187,169,123
192,182,167,140
189,186,170,113
201,182,159,119
197,182,163,125
190,182,169,130
196,183,164,102
197,184,167,103
198,184,167,102
196,186,167,109
194,187,167,122
196,186,169,107
199,181,168,124
189,183,175,129
195,184,166,118
192,187,169,124
200,182,166,121
191,183,171,125
192,183,179,117
188,186,167,108
194,186,172,100
187,186,175,99
194,186,172,95
193,185,171,103
203,186,156,120
199,185,167,113
196,184,171,98
195,183,172,127
194,188,163,106
201,184,163,118
197,186,165,112
191,187,166,120
193,186,166,113
198,184,162,122
190,186,169,117
199,187,163,120
197,186,165,111
201,182,165,126
194,183,165,110
193,187,164,108
196,182,165,124
191,188,169,120
188,186,167,111
192,186,167,115
197,184,163,122
198,186,167,101
193,186,164,112
194,182,174,124
188,184,171,129
195,183,166,120
190,186,168,127
197,184,163,123
201,187,165,106
202,186,158,111
205,188,156,115
197,186,163,104
196,186,165,113
197,186,167,110
201,185,163,116
194,186,166,116
198,185,164,121
193,183,168,113
195,187,167,120
201,188,163,101
196,187,168,105
196,188,168,111
198,170,161,113
197,180,171,112
197,182,168,106
196,184,165,107
198,184,168,115
195,186,167,124
190,185,170,112
197,185,163,118
192,183,166,128
198,183,171,102
198,187,159,104
195,183,164,123
196,183,163,117
191,183,168,129
201,182,161,118
193,182,166,126
196,187,168,126
196,185,167,115
190,185,171,123
199,185,164,129
196,185,163,105
196,182,167,117
193,184,167,126
193,184,172,99
194,184,166,111
196,182,168,125
196,184,166,122
200,187,160,112
199,186,162,116
200,183,157,124
199,183,159,111
198,184,163,119
202,182,164,117
199,184,162,125
189,185,172,119
195,184,164,129
194,187,160,105
197,182,169,125
198,184,165,121
193,186,171,125
196,183,174,116
194,185,170,115
193,181,167,128
196,183,171,130
190,182,171,128
197,185,164,113
198,182,161,122
198,182,166,127
192,184,166,119
195,184,161,126
195,183,167,114
194,185,165,121
193,183,170,132
198,184,165,113
198,186,162,123
196,182,166,130
199,183,166,106
193,186,166,111
198,182,167,124
194,184,165,129
196,184,164,115
201,183,169,119
194,183,169,121
196,184,167,115
191,181,170,125
195,182,165,132
202,183,165,118
194,186,164,125
202,186,161,107
199,187,159,116
200,182,164,124
191,184,174,129
195,186,170,116
191,186,170,128
192,186,166,110
192,184,163,125
195,182,170,118
194,185,168,120
200,183,163,118
192,183,167,128
190,185,169,119
198,183,166,118
190,183,170,122
194,188,175,123
192,185,170,110
197,182,168,126
196,183,169,108
193,182,171,121
199,186,168,104
195,187,165,100
200,183,164,104
200,185,164,108
199,185,162,116
197,186,164,123
190,185,171,110
196,185,171,118
188,181,179,125
191,186,170,120
191,181,177,131
194,183,167,119
195,187,170,126
194,182,179,109
193,186,167,111
197,184,170,120
196,187,170,112
196,184,175,119
196,184,169,97
198,185,169,104
195,184,167,116
196,183,164,122
195,184,162,127
197,187,162,99
197,185,172,100
194,186,166,106
194,186,168,110
197,183,169,123
195,183,166,132
198,184,163,117
193,184,169,124
188,183,177,119
192,186,173,123
197,182,165,126
196,185,166,120
193,186,169,126
193,184,172,104
195,183,168,121
196,185,169,127
192,185,172,104
197,183,170,115
191,183,176,122
198,186,165,98
194,186,177,100
194,183,174,118
191,184,175,119
196,185,170,110
195,182,166,125
191,183,177,124
185,181,178,120
196,183,169,127
193,183,169,111
196,179,162,127
191,184,168,128
191,186,166,107
194,185,166,112
197,181,167,119
191,179,171,124
190,184,176,123
197,186,165,95
194,184,172,108
196,184,172,114
196,185,169,109
201,185,163,123
198,183,167,123
196,185,167,122
192,181,167,125
192,184,173,128
191,183,173,107
196,183,173,110
199,182,169,116
196,182,168,122
193,179,166,130
196,185,167,130
192,182,174,115
196,180,169,127
194,183,174,112
195,185,170,110
198,186,165,118
198,184,171,112
192,184,173,118
194,185,173,110
196,186,171,115
193,181,175,115
197,182,171,117
197,183,174,123
194,185,177,104
191,183,176,114
196,183,176,119
198,180,174,124
198,184,171,105
195,182,171,114
194,181,175,122
191,189,173,98
194,185,169,111
195,188,170,105
197,185,174,116
191,185,179,113
191,186,174,100
196,186,176,96
194,183,177,100
190,185,171,98
196,184,173,108
196,184,175,115
192,182,173,128
196,182,177,109
196,184,173,101
197,183,173,99
197,185,171,105
195,183,173,108
195,182,173,116
196,181,173,125
188,184,176,126
198,187,169,104
192,183,172,113
195,184,174,118
195,183,168,121
197,182,169,125
194,184,170,110
195,181,170,124
187,185,173,112
194,185,168,121
198,185,166,104
196,186,170,101
196,185,168,100
193,183,171,110
193,184,168,129
196,186,165,108
198,182,164,129
192,181,172,127
198,184,166,121
192,186,165,99
197,185,168,104
195,183,171,109
194,184,173,114
192,182,171,121
192,180,172,130
192,184,175,104
193,185,170,112
187,183,174,127
191,184,179,112
196,184,166,124
193,182,171,129
198,184,167,119
198,182,164,118
195,182,170,125
197,186,167,97
198,185,170,100
192,186,172,100
194,185,174,100
191,182,174,112
192,187,173,119
192,187,170,103
194,184,176,109
195,181,172,123
193,181,172,131
201,185,166,104
196,183,171,107
192,184,179,105
193,185,175,106
193,184,171,104
193,180,176,111
190,183,175,114
196,183,169,120
192,183,171,113
196,186,169,117
199,184,170,121
200,185,165,116
195,183,172,116
194,183,172,116
199,182,173,125
194,185,173,106
195,187,173,102
194,187,171,100
193,184,173,103
195,185,171,111
192,186,176,106
190,185,175,117
195,183,175,110
198,183,171,103
196,186,170,107
200,185,170,110
195,185,169,117
197,184,172,117
194,182,170,126
188,186,182,102
191,183,178,106
195,187,169,102
192,185,174,105
197,182,165,121
196,183,168,120
199,183,165,116
195,181,168,124
187,181,175,128
202,181,167,109
193,183,164,105
195,182,167,118
196,182,169,115
195,181,170,124
191,184,165,113
200,180,166,125
200,183,165,108
197,185,170,102
200,184,165,107
194,183,169,110
200,184,164,127
197,184,164,112
196,185,162,121
199,184,168,116
193,183,167,124
193,184,172,114
192,180,166,125
191,181,168,130
203,185,159,125
198,183,159,116
197,182,161,126
191,184,166,106
198,183,168,118
197,186,167,111
196,182,167,119
193,180,166,129
192,186,175,120
190,186,168,108
195,183,169,125
191,182,181,119
192,182,174,127
196,183,175,119
193,184,170,129
190,185,178,105
197,184,171,121
196,182,171,110
189,183,175,105
193,182,175,122
192,181,174,120
187,182,177,128
193,185,175,112
194,184,168,119
195,182,171,128
189,184,183,104
191,183,176,111
195,183,173,121
190,183,176,114
197,185,170,124
193,184,174,104
197,187,165,97
198,181,171,106
199,186,167,103
195,183,178,110
198,182,172,114
195,180,174,118
195,177,175,127
192,181,174,133
196,185,172,115
194,183,171,125
201,184,166,116
198,185,168,122
196,181,171,133
192,183,175,109
193,182,175,118
201,185,168,114
198,182,170,121
214,187,154,117
219,190,146,119
219,187,150,122
214,189,151,126
205,187,163,124
211,185,156,132
207,185,158,133
211,187,157,120
214,190,155,119
219,188,148,123
239,186,130,113
244,188,119,107
198,181,144,113
193,186,174,100
196,184,172,102
196,184,169,105
194,186,174,109
194,184,173,124
189,184,180,111
187,185,182,122
191,185,175,110
194,185,173,122
192,184,175,114
193,183,178,122
190,186,177,119
191,185,177,126
197,185,172,115
199,182,170,128
195,184,172,133
195,183,173,115
194,182,172,125
198,184,168,125
198,182,166,110
197,182,174,117
197,184,168,121
191,181,173,126
196,185,170,114
197,186,164,112
197,183,165,119
196,179,167,128
194,181,171,127
191,182,172,111
194,184,166,113
196,182,170,128
196,185,168,110
195,181,171,125
193,182,171,119
198,182,168,127
192,183,169,117
196,181,170,119
189,182,175,122
198,180,169,119
198,178,167,120
197,177,164,131
199,177,162,103
194,174,168,116
195,170,170,117
194,172,168,117
195,171,168,125
191,181,173,118
192,184,169,123
190,182,171,96
194,183,173,101
193,184,172,102
194,182,173,106
193,183,167,103
194,182,171,101
194,182,172,102
193,183,172,105
197,181,170,120
196,180,172,124
196,182,176,118
193,180,177,119
193,181,174,122
199,176,167,115
195,180,178,110
195,173,175,127
197,169,171,133
194,176,173,130
195,162,170,138
196,166,166,124
192,168,171,122
194,166,171,128
198,172,162,115
193,171,175,118
196,178,170,107
195,179,166,102
198,181,171,103
195,184,169,101
193,182,175,105
194,186,174,100
193,185,175,98
195,183,174,97
194,182,178,97
194,185,170,99
194,185,167,99
194,185,173,109
196,184,174,107
197,183,170,113
197,186,169,115
193,184,174,105
191,182,182,111
197,186,171,121
202,188,164,103
202,189,164,103
203,185,164,116
201,185,165,111
204,186,162,123
198,186,168,106
194,184,172,121
197,187,169,101
192,184,175,108
194,184,171,115
192,186,173,110
193,182,171,123
192,183,175,124
194,183,176,121
192,183,173,116
195,184,173,122
194,185,171,99
196,183,169,102
193,187,175,101
197,183,175,102
193,185,172,108
201,182,164,121
196,186,167,116
192,183,173,128
192,182,174,114
193,183,169,125
189,184,179,97
198,183,172,117
198,183,173,115
195,185,171,104
195,185,170,107
194,185,172,112
197,185,171,91
198,185,170,95
200,182,169,104
192,185,175,104
180,185,183,101
183,183,186,94
181,184,186,97
192,186,175,98
192,184,174,100
201,186,164,96
194,183,174,100
199,180,167,116
201,183,167,118
195,184,169,118
196,186,168,116
199,184,166,115
196,185,169,105
193,182,179,102
194,183,170,111
196,186,170,112
190,183,174,125
191,188,169,101
197,184,169,106
191,184,171,105
193,184,176,111
194,182,171,123
193,184,174,125
192,186,173,98
196,182,172,112
196,186,170,110
194,184,172,122
198,183,168,97
193,183,171,118
195,186,167,111
197,183,172,123
194,187,165,97
194,184,175,100
195,187,165,103
194,184,170,112
196,180,172,122
201,184,167,106
196,184,174,110
199,186,162,98
196,186,169,95
193,185,171,100
198,185,169,100
192,185,171,102
200,185,168,110
195,188,167,116
196,186,172,100
194,186,172,99
198,184,171,100
196,187,171,101
195,182,176,110
200,185,165,117
195,184,168,104
193,185,171,107
195,183,176,119
197,182,169,125
197,186,171,104
196,183,169,106
196,188,166,106
199,183,164,119
196,183,170,118
192,186,174,111
193,185,167,121
192,183,175,117
192,183,173,123
193,186,168,102
198,184,167,104
197,185,168,107
194,186,172,108
196,186,168,101
199,184,165,102
197,181,168,117
193,182,172,122
190,184,174,97
197,184,162,106
197,181,173,114
193,181,175,105
192,180,165,104
195,181,172,107
194,183,172,113
202,187,164,99
194,187,171,94
194,184,171,114
193,186,172,112
199,186,168,120
192,185,168,121
192,185,174,108
194,185,170,118
194,186,169,121
196,185,170,106
201,186,168,101
196,186,168,99
195,187,168,113
198,182,163,121
202,183,157,127
197,183,165,111
197,182,167,122
197,183,171,107
194,183,173,110
195,186,166,119
196,185,164,92
201,182,162,114
197,182,172,120
195,181,169,116
195,184,171,120
191,183,175,109
197,180,172,120
196,186,168,125
201,186,165,104
194,185,171,111
194,182,174,114
193,179,172,126
191,180,176,120
197,183,164,113
198,183,163,118
196,185,167,120
196,183,167,110
197,185,167,111
199,182,166,107
193,183,176,107
195,185,168,97
194,182,173,101
197,184,171,100
200,183,166,101
202,182,164,105
194,182,169,103
195,181,173,107
199,184,168,100
200,184,168,97
195,183,171,104
199,183,168,100
193,183,173,97
188,184,178,98
192,186,176,96
193,184,174,98
200,184,165,100
200,185,166,111
200,184,164,114
200,183,163,113
200,184,165,107
197,179,167,119
197,182,170,119
