341,162,29,86
338,162,32,84
326,162,40,81
319,153,48,89
319,149,47,91
315,145,51,99
312,142,49,98
303,139,60,103
293,136,63,109
295,134,54,94
292,131,54,83
290,132,47,81
288,129,42,77
288,128,38,83
284,129,44,75
283,127,44,72
285,128,42,71
283,132,46,67
280,132,52,64
286,136,49,60
294,141,53,48
299,147,53,52
292,150,61,50
321,193,57,52
321,191,52,55
323,185,50,58
319,172,52,70
316,175,51,70
316,175,51,70
320,176,57,67
320,176,57,67
320,176,57,67
311,161,52,52
311,161,52,52
321,191,51,56
320,180,52,63
320,180,52,63
320,180,52,63
320,180,52,63
320,180,52,63
320,180,52,63
320,180,52,63
320,180,52,63
320,180,52,63
335,165,55,53
330,165,53,65
330,160,50,67
334,152,45,69
329,154,46,59
333,137,45,66
324,130,54,68
320,128,64,62
313,126,66,54
311,123,69,49
308,122,71,48
308,122,71,48
290,123,74,56
301,119,76,55
301,118,73,58
305,122,71,65
303,124,74,66
305,129,74,70
308,128,68,71
309,132,68,71
307,132,68,77
308,132,70,78
311,134,72,77
313,136,67,78
311,144,60,65
314,147,61,60
316,165,58,68
307,155,63,90
293,156,71,90
292,159,68,78
293,157,61,71
297,148,55,75
314,169,42,71
317,120,44,73
319,112,48,68
324,106,48,63
335,105,43,56
339,109,41,48
344,120,41,54
338,138,44,57
323,151,54,60
322,155,54,57
324,156,55,60
321,152,60,69
321,148,61,80
324,152,58,74
324,152,58,74
320,160,60,57
318,165,68,51
320,169,75,53
334,151,69,63
336,152,68,67
337,155,69,65
338,155,68,72
341,156,66,76
346,159,64,67
343,160,64,65
347,159,61,69
351,158,59,73
350,159,57,72
351,155,59,71
356,158,55,70
359,158,54,68
355,157,57,68
361,156,52,69
363,160,52,67
365,159,50,70
368,161,47,73
368,159,49,70
367,160,50,73
374,161,44,74
374,159,43,73
371,161,43,72
370,162,43,73
369,159,42,72
369,160,45,71
365,157,47,72
366,162,45,69
363,166,46,70
364,165,45,64
364,166,46,61
365,167,45,58
368,166,42,66
369,166,44,68
368,167,43,69
366,169,49,74
360,170,53,74
360,171,54,75
358,173,58,82
358,176,60,80
352,174,65,82
352,174,66,81
344,174,74,86
354,175,65,70
358,175,62,69
353,177,66,68
358,175,60,71
356,178,61,70
355,177,65,67
364,179,58,68
364,179,57,71
359,179,60,71
359,181,62,66
364,182,59,70
367,185,58,66
375,182,49,71
382,184,41,72
378,184,45,73
383,185,43,61
383,183,42,68
387,185,40,66
390,182,40,70
392,183,39,66
394,183,37,64
395,183,39,63
394,182,42,60
391,183,44,57
390,185,46,59
395,185,44,63
399,185,46,63
398,186,51,57
400,187,52,49
396,187,53,42
395,188,54,46
396,190,52,43
401,190,48,43
401,190,50,44
405,190,42,43
406,191,42,40
402,191,44,33
405,191,41,33
402,190,40,32
403,190,40,32
406,190,37,34
409,194,32,31
406,193,32,33
404,195,29,30
401,194,30,37
400,193,29,40
399,193,30,29
398,193,30,25
397,192,30,25
397,190,30,25
395,184,32,28
393,181,32,27
392,178,32,27
389,176,34,29
388,175,32,29
387,174,33,29
385,177,32,29
386,176,34,29
385,179,36,27
386,179,36,32
384,180,37,29
382,177,37,30
382,175,36,31
387,176,33,29
390,172,34,28
390,173,35,31
392,170,37,29
392,169,38,29
401,168,34,29
405,170,33,27
403,170,35,28
402,172,35,26
400,174,35,26
396,176,37,28
390,179,37,30
384,180,42,30
379,177,42,31
377,180,41,40
369,171,41,43
370,172,39,45
368,170,33,52
366,180,40,46
366,180,40,46
366,191,44,47
371,196,44,59
369,188,43,57
356,182,50,53
344,157,53,50
342,157,58,52
334,149,64,58
337,153,58,55
342,154,53,54
342,153,54,53
349,157,52,53
344,164,59,46
342,156,68,50
349,151,62,52
348,153,61,48
347,153,65,47
348,146,65,53
348,137,61,58
363,139,53,54
361,136,56,54
364,136,50,54
365,135,50,55
368,132,49,57
373,131,45,59
367,133,50,59
364,136,54,58
359,137,54,58
360,138,54,58
357,137,55,57
355,140,54,53
359,140,54,53
355,137,58,56
357,135,57,56
348,135,64,60
341,134,69,62
343,135,68,62
343,138,70,63
360,140,63,68
369,147,57,61
365,156,64,59
375,172,60,46
367,196,66,45
359,225,63,46
359,225,63,46
359,225,63,46
359,225,63,46
359,225,63,46
359,225,63,46
359,225,63,46
359,225,63,46
359,225,63,46
359,225,63,46
359,225,63,46
359,225,63,46
359,225,63,46
359,225,63,46
359,225,63,46
247,169,53,52
265,130,45,55
265,130,45,55
271,120,40,64
273,122,33,65
282,175,43,61
270,200,44,47
274,197,41,49
274,197,41,49
272,201,47,49
313,221,44,52
313,221,44,52
326,205,38,43
326,205,38,43
414,186,38,40
477,188,37,42
478,183,38,43
503,147,43,43
516,139,41,38
499,165,39,41
530,132,36,39
510,160,37,46
539,132,30,50
524,157,33,47
528,158,30,48
534,135,28,50
532,139,28,49
530,141,27,50
525,143,28,51
524,145,29,48
517,146,27,51
510,143,27,50
495,134,34,59
487,132,35,70
482,130,33,74
467,125,43,74
456,120,47,76
453,115,44,79
449,111,41,83
436,110,48,85
428,110,51,83
422,105,44,85
415,108,41,85
402,152,47,86
399,110,42,82
399,110,45,81
390,124,46,70
386,121,44,70
382,111,45,77
375,118,46,70
369,146,46,74
366,135,48,88
363,141,50,79
367,135,46,83
360,135,47,79
358,139,47,74
357,138,45,75
356,134,45,79
355,133,45,83
361,110,40,67
355,109,41,62
354,111,44,62
356,143,46,76
353,142,47,83
357,138,48,92
355,125,49,98
351,123,55,97
351,125,52,99
343,119,61,100
332,121,71,94
342,129,61,85
346,133,52,86
350,130,50,93
354,128,42,88
352,129,46,90
350,129,45,85
353,130,42,85
352,133,43,85
353,135,49,85
355,137,48,84
362,139,43,83
363,142,46,77
366,139,46,80
374,140,46,85
380,139,52,82
379,143,61,78
387,145,61,77
391,148,63,75
394,150,69,76
391,144,54,80
406,152,63,82
405,152,74,82
405,166,78,71
408,165,81,77
391,172,91,66
377,155,97,82
385,173,96,81
367,157,113,84
363,149,116,102
360,148,117,105
364,153,103,101
365,145,99,115
363,143,110,113
367,139,116,117
364,136,122,115
369,138,113,113
366,141,120,107
367,140,123,118
372,141,116,119
368,140,120,115
374,141,114,105
372,139,121,106
365,138,129,120
366,139,124,112
379,147,116,103
372,138,121,112
365,142,126,117
375,141,114,108
368,143,127,117
377,136,116,118
368,140,124,116
381,146,106,97
377,149,110,105
380,141,106,105
376,148,98,99
378,139,108,102
383,143,103,98
387,132,100,111
380,143,107,98
394,137,94,95
378,146,97,103
382,140,105,103
378,150,88,98
383,153,82,84
376,159,78,81
377,154,79,88
380,157,73,84
381,158,74,80
383,158,70,79
383,161,71,75
384,160,68,74
389,160,61,81
385,164,65,72
385,164,65,72
385,160,68,78
376,162,75,81
379,159,77,82
377,158,77,82
380,159,70,79
380,166,72,86
385,160,68,76
385,161,66,73
385,159,68,80
382,160,73,77
388,160,69,78
387,162,69,73
385,160,68,74
382,159,73,82
370,154,83,92
381,160,75,73
382,161,70,71
388,165,70,73
376,157,74,83
381,160,75,80
370,154,82,86
364,155,89,92
374,156,81,88
380,160,75,83
371,154,81,88
372,156,84,89
375,155,88,95
374,156,81,89
374,156,75,93
389,161,68,77
382,160,74,80
383,161,71,76
375,159,75,84
375,157,79,89
377,157,81,89
387,161,68,74
377,158,75,82
384,160,71,76
380,160,73,79
369,155,84,91
375,156,80,88
372,156,78,92
370,156,85,94
387,160,68,77
380,159,74,79
377,157,78,84
383,160,74,77
371,154,79,88
378,159,74,90
373,156,78,95
383,159,73,80
375,156,76,82
377,156,75,83
375,158,81,79
373,158,83,81
374,159,78,81
384,161,71,79
375,159,77,83
378,159,75,84
379,158,74,86
376,156,75,85
381,159,73,79
377,159,75,79
381,159,74,80
375,158,76,80
385,161,70,76
384,163,69,73
381,161,73,76
373,159,80,79
367,157,87,84
374,158,80,86
381,160,75,84
372,156,78,91
371,157,81,93
382,161,73,77
372,155,81,84
377,160,78,80
377,159,76,82
379,157,74,81
370,158,84,82
379,159,75,81
373,157,77,85
381,160,73,79
369,154,76,91
382,158,69,84
369,155,81,85
376,160,77,80
384,161,68,76
373,156,78,84
380,160,76,79
371,154,78,89
383,158,68,82
372,154,79,86
373,157,82,84
377,158,79,84
375,155,77,87
377,159,78,80
370,155,84,87
376,158,82,81
385,160,68,80
380,161,71,78
367,155,82,86
377,159,78,80
369,157,80,82
375,158,80,81
370,160,86,92
367,160,79,84
369,157,82,91
365,158,80,98
382,157,70,82
374,157,73,84
375,156,76,89
377,158,78,82
379,160,74,79
366,156,76,95
373,156,71,95
369,154,80,96
364,155,91,97
368,155,80,94
377,157,75,83
365,155,80,96
372,155,78,95
371,158,77,94
372,154,82,91
374,156,85,108
370,152,85,96
367,158,66,97
378,156,74,86
375,157,79,81
368,156,65,97
376,156,61,98
375,154,67,99
376,153,73,95
382,159,64,85
368,155,72,94
367,153,77,102
368,152,62,111
376,154,54,100
384,156,37,100
382,156,42,98
378,153,45,100
375,155,49,106
382,156,57,94
380,157,71,89
370,157,82,86
381,159,66,83
374,157,50,96
384,157,41,98
381,162,42,98
380,156,43,99
374,153,49,104
377,150,45,107
373,151,50,103
377,151,49,104
380,151,60,96
378,155,76,83
375,153,88,89
378,152,79,92
374,155,87,99
374,154,80,92
374,155,75,98
373,153,58,104
375,155,46,103
379,161,43,95
376,160,46,95
379,163,41,94
380,163,40,94
379,162,42,96
377,163,45,96
379,162,51,97
378,160,54,94
375,164,66,88
375,164,71,85
377,163,70,86
377,165,64,85
376,165,68,87
377,162,69,92
378,162,68,92
377,162,65,89
376,164,69,88
375,165,62,89
376,163,61,92
375,163,65,90
375,165,60,84
374,168,63,84
372,167,56,85
373,165,61,86
368,165,60,86
367,166,64,87
365,171,65,81
364,168,65,80
361,166,70,88
360,163,67,89
359,164,69,93
359,164,72,99
361,166,68,95
361,169,69,91
361,167,66,94
356,165,72,93
358,160,71,100
349,158,81,103
347,153,83,107
342,150,87,104
335,139,91,119
322,137,102,118
323,140,103,111
318,144,106,109
315,136,108,116
314,142,109,112
305,147,116,103
325,138,100,117
309,143,114,112
298,146,123,108
309,145,115,104
300,148,125,104
297,141,128,110
298,144,127,110
301,141,123,113
292,144,129,109
299,135,125,118
294,148,130,107
291,144,133,112
293,141,132,112
292,140,130,113
286,139,139,112
297,142,123,113
294,140,126,115
293,147,132,107
283,147,141,105
293,144,130,110
309,148,118,112
296,145,127,106
288,151,133,104
290,152,133,105
298,149,126,110
291,148,131,103
293,155,130,102
300,151,125,108
289,150,137,102
291,152,132,104
298,148,128,107
293,161,136,96
289,157,138,98
300,146,129,109
290,155,141,96
296,158,136,87
298,153,130,96
304,155,125,100
310,148,111,110
315,148,111,109
315,147,108,103
326,148,95,107
331,140,94,113
329,144,100,105
335,141,95,108
333,140,93,94
342,148,88,96
344,138,89,111
346,137,88,114
347,139,86,116
351,142,82,113
351,143,81,112
356,146,79,112
352,145,76,113
356,144,73,115
356,145,75,113
355,152,82,107
356,151,73,109
359,152,71,105
360,157,75,106
360,156,68,100
359,158,74,99
359,161,74,100
361,159,68,99
360,161,73,98
363,168,72,91
366,175,73,85
370,180,71,80
373,184,69,76
373,190,70,70
373,194,72,62
374,197,77,58
372,196,78,61
376,195,76,63
341,169,90,70
375,178,82,81
384,166,70,90
395,158,61,93
407,150,46,94
313,175,45,83
314,173,45,73
314,175,44,71
311,170,48,76
309,177,51,72
307,170,54,81
309,175,59,73
315,188,51,58
317,193,55,52
317,194,56,51
317,195,60,45
318,193,54,49
320,194,44,48
321,194,48,47
320,192,53,54
319,192,46,53
316,193,54,50
314,193,59,51
315,195,52,51
316,194,57,52
317,194,50,49
317,194,53,49
319,199,57,43
311,198,66,47
325,184,56,56
316,181,55,64
317,171,49,75
317,169,55,77
317,169,55,77
308,171,62,77
308,170,62,79
312,172,58,75
310,168,56,77
312,173,57,77
309,179,65,69
311,175,64,72
308,169,67,78
311,171,68,76
308,171,68,77
312,175,67,72
312,175,67,72
312,175,67,72
316,191,45,77
318,168,47,80
318,184,53,67
319,192,50,54
317,193,53,50
321,193,53,49
322,193,51,49
319,193,52,53
317,193,55,49
318,193,58,47
311,194,66,49
313,194,56,48
313,195,57,49
310,193,52,49
316,193,46,51
314,194,47,50
317,195,45,49
318,193,41,51
320,194,41,48
319,197,39,46
318,195,40,47
318,198,42,44
320,198,40,46
319,196,40,49
319,198,40,45
320,196,40,47
320,197,41,46
320,200,44,42
321,204,40,36
318,208,38,35
333,209,36,26
333,209,36,26
333,209,36,26
299,218,31,29
298,218,26,30
298,216,26,33
298,216,26,33
297,211,24,35
297,209,26,35
295,206,28,37
320,200,34,44
319,198,39,46
320,197,50,46
319,199,44,46
320,201,42,43
322,202,40,42
320,201,36,43
319,204,38,41
320,205,39,39
321,206,37,38
319,208,38,37
318,210,39,34
320,211,39,34
318,211,40,33
316,213,41,30
312,215,44,29
313,217,43,27
329,205,46,24
310,219,39,23
323,205,42,26
312,216,46,26
318,195,55,34
314,199,55,36
319,199,50,41
319,196,49,33
318,198,52,41
319,196,50,41
313,195,56,44
312,195,59,41
312,193,61,51
314,195,59,52
313,192,61,54
311,192,62,53
317,193,59,55
312,194,63,52
314,194,63,50
314,194,64,53
313,193,63,52
313,192,65,54
315,193,64,53
315,192,68,53
313,193,70,54
313,194,73,52
314,192,72,55
314,196,75,51
314,194,78,53
314,199,81,52
315,183,76,66
316,197,62,58
317,195,50,57
318,191,45,57
318,189,39,59
318,190,35,58
319,191,37,55
319,198,37,52
321,202,41,44
319,212,40,35
318,211,40,32
318,211,41,33
319,212,39,32
317,210,38,33
318,210,40,35
317,210,42,35
315,210,41,34
315,211,42,33
315,209,43,34
316,210,42,35
316,209,40,33
316,212,42,32
316,210,43,33
316,212,44,31
314,211,43,33
317,212,43,32
317,209,44,34
319,209,43,33
320,209,48,35
317,212,42,32
319,214,40,31
319,214,37,30
319,216,38,28
320,218,38,27
320,218,35,26
319,216,36,27
322,215,36,28
320,213,36,30
319,212,36,30
321,210,38,34
322,205,36,37
321,207,38,39
321,205,37,40
319,202,37,42
321,201,38,42
322,202,38,40
320,202,41,42
322,200,45,45
320,199,41,45
321,199,45,44
321,199,51,45
321,200,46,43
324,201,48,43
320,201,46,41
321,202,47,40
320,204,55,42
319,205,52,39
319,207,54,37
318,207,56,38
319,209,56,35
317,211,54,35
317,214,44,34
316,218,40,28
316,220,41,27
318,221,42,25
322,222,40,21
322,226,37,17
319,215,40,22
317,211,40,29
329,216,45,28
319,215,45,28
327,217,42,25
326,216,32,27
322,216,37,28
320,216,38,28
321,217,47,29
320,209,42,32
320,208,38,36
319,202,40,41
321,199,37,43
318,193,43,49
318,193,52,51
316,194,58,47
315,193,61,49
315,192,57,49
313,194,62,53
313,194,58,49
316,195,62,47
314,193,60,50
315,194,63,48
312,194,68,48
314,194,61,51
314,194,57,48
317,195,59,46
318,195,56,49
320,196,54,48
319,194,57,49
319,194,59,50
311,200,57,44
311,195,65,47
316,194,62,50
315,194,60,48
321,193,56,47
320,193,54,50
321,193,50,51
320,195,50,49
320,195,55,48
318,192,55,51
320,194,49,50
319,193,51,50
320,193,49,48
321,192,47,49
315,193,58,49
317,192,53,51
321,193,55,50
319,195,53,49
319,194,53,50
318,192,54,50
320,192,50,49
319,192,51,51
316,194,58,51
314,192,55,51
320,194,49,50
319,193,50,50
319,192,55,51
317,193,60,50
316,194,57,52
315,194,57,49
316,194,59,50
315,196,64,49
315,198,61,45
314,210,58,35
316,211,50,34
317,214,45,32
317,215,43,28
317,216,43,31
317,215,42,30
317,216,43,30
317,216,44,31
317,217,45,30
317,219,43,29
316,218,45,29
317,221,44,24
317,219,42,27
317,219,40,28
315,219,42,28
317,220,41,27
318,220,40,27
319,219,38,27
316,221,42,25
318,221,45,26
319,221,48,26
320,222,45,21
318,220,46,25
317,221,42,24
318,220,43,26
322,220,46,22
321,221,40,24
320,219,43,25
319,220,41,26
323,220,40,24
323,222,34,24
321,220,37,25
320,219,38,24
323,221,35,24
322,221,35,24
320,220,37,23
327,221,30,22
325,223,30,20
327,220,30,23
328,222,29,20
327,222,30,22
331,224,26,19
329,225,26,18
330,227,28,18
331,228,28,18
328,228,24,16
314,230,25,16
329,229,29,16
329,227,26,17
330,226,27,18
327,224,28,20
325,223,29,22
319,216,34,26
317,214,40,30
320,209,38,36
316,207,42,37
319,210,43,33
318,210,42,33
319,212,47,33
319,211,52,32
318,212,42,31
319,212,39,31
318,212,41,31
321,213,38,32
320,211,37,31
320,211,39,33
321,212,38,32
321,214,36,30
320,212,39,33
322,215,36,29
320,213,39,30
321,213,39,31
320,212,44,31
321,210,41,34
322,210,38,33
322,211,37,34
322,210,35,33
322,211,35,33
323,210,37,33
323,214,36,30
324,211,36,31
323,212,34,31
323,211,37,31
323,210,40,34
322,209,49,36
323,209,51,34
323,209,45,35
323,212,37,32
323,213,36,31
323,213,35,33
323,212,35,31
323,212,36,32
323,210,35,32
323,210,36,34
321,209,37,35
321,210,37,33
322,210,35,32
322,212,37,34
321,211,37,32
321,211,37,33
321,210,38,34
320,209,42,35
319,207,42,36
320,206,36,36
320,207,38,36
321,207,38,36
319,207,37,35
320,207,37,37
321,208,38,35
321,209,38,34
320,209,38,35
320,208,39,36
318,210,39,34
318,210,39,32
316,210,42,33
315,210,42,33
315,210,40,33
315,212,41,31
316,212,43,32
315,210,42,32
314,209,44,36
313,207,43,35
316,205,51,36
315,205,41,37
313,204,42,39
317,200,49,40
314,196,51,45
315,196,56,46
314,194,52,45
311,193,57,48
313,191,59,50
311,193,55,50
311,193,58,48
310,191,60,50
317,194,57,49
319,195,49,45
319,194,49,45
320,195,51,45
320,194,42,47
320,193,44,48
320,195,45,50
316,204,49,42
309,215,54,30
324,195,54,28
315,202,52,35
319,195,54,46
321,192,44,50
320,190,49,51
315,194,52,48
320,193,49,48
319,192,49,50
320,193,52,49
320,191,45,51
322,195,47,47
322,195,53,47
320,193,47,49
319,193,52,48
313,193,56,50
306,191,60,54
298,190,68,53
299,190,74,57
306,191,65,55
311,190,55,55
319,191,52,52
320,192,48,49
321,194,45,49
322,194,50,48
320,194,46,49
320,194,49,46
318,194,48,48
319,194,49,47
318,193,51,47
319,193,54,48
322,192,51,50
320,192,47,50
320,194,51,48
319,192,51,49
321,195,46,48
320,194,50,46
321,194,51,47
320,192,46,49
322,195,48,47
322,194,47,47
321,194,50,47
323,195,53,46
320,195,49,47
318,194,56,47
321,194,45,46
321,194,46,44
320,195,48,45
321,195,45,47
320,193,53,49
320,192,48,49
318,193,55,48
308,189,63,53
318,193,53,51
318,193,46,50
318,192,52,49
320,191,51,49
321,192,47,49
320,192,43,50
319,194,49,48
320,193,45,48
320,192,46,51
321,194,46,49
314,193,51,51
321,193,44,49
319,194,48,49
317,194,54,47
320,194,54,47
318,193,51,49
317,193,54,49
319,193,55,48
315,193,61,48
318,195,56,47
315,193,53,47
314,194,55,48
315,194,59,47
314,194,58,50
313,194,59,50
311,194,63,50
313,193,61,48
314,193,61,50
311,195,64,51
314,194,55,49
319,194,51,49
319,194,50,47
317,193,53,48
320,195,48,46
319,195,52,46
321,194,52,46
317,194,56,47
320,193,52,48
320,193,47,49
321,193,54,47
323,195,44,47
322,195,43,46
322,193,49,50
323,193,43,49
320,194,47,46
320,194,51,47
320,194,49,48
319,194,51,49
320,193,47,48
319,193,49,46
318,192,51,48
319,194,53,49
318,190,50,52
321,193,50,49
321,193,56,48
319,194,51,50
318,194,50,46
319,195,52,46
320,194,48,46
319,194,53,47
322,194,50,47
320,194,52,46
323,194,52,45
324,194,45,41
324,195,48,39
319,194,51,46
317,193,58,55
321,191,56,49
321,191,56,49
310,209,52,39
319,207,46,39
322,199,47,42
321,195,49,46
322,193,48,48
321,193,43,50
319,195,51,47
320,193,43,48
322,194,47,48
321,194,42,46
319,194,50,45
320,193,52,47
321,194,47,47
321,195,51,46
320,194,46,48
321,195,46,47
322,194,43,46
321,195,51,48
322,194,44,48
323,195,46,47
321,193,46,48
323,195,47,45
319,195,50,46
318,193,50,49
321,195,42,49
320,194,45,48
321,196,48,48
320,195,50,49
319,198,52,46
315,200,54,44
314,198,59,43
317,197,57,43
316,196,56,47
316,197,55,47
316,199,59,44
317,199,58,45
315,199,61,43
314,202,59,42
317,201,59,42
317,200,51,40
317,201,58,42
317,203,50,41
317,202,56,38
318,201,57,42
318,200,58,44
317,200,53,43
320,199,48,41
318,200,50,43
320,201,54,42
318,201,58,43
319,201,59,45
319,201,52,43
320,200,53,43
316,198,57,44
320,198,55,45
320,199,50,44
320,200,46,42
320,199,55,41
319,200,57,44
318,197,56,46
319,197,51,48
317,196,48,47
319,197,51,47
317,194,55,51
318,196,45,48
316,198,43,48
320,201,46,43
316,204,46,40
314,205,47,38
311,209,48,36
309,210,53,33
309,212,50,35
307,209,54,35
308,207,59,37
317,201,48,42
319,203,39,40
320,204,37,41
319,207,36,36
321,198,43,41
321,193,51,47
317,192,54,51
310,191,58,53
306,188,68,54
313,192,63,50
303,190,70,54
301,188,73,56
293,189,83,56
307,192,69,49
318,194,57,50
319,192,50,50
320,193,49,50
320,194,47,51
320,194,54,46
320,194,49,48
321,193,51,50
319,193,53,50
319,194,57,47
321,194,48,49
322,195,46,49
320,194,49,48
319,193,49,50
319,193,51,49
319,194,54,47
321,194,48,49
320,195,54,47
321,193,56,50
319,193,55,49
311,190,61,54
307,189,66,54
312,191,62,51
311,190,61,53
319,190,49,54
318,191,47,53
321,187,48,56
320,187,41,59
319,196,39,51
322,192,38,52
319,196,37,46
320,195,36,50
320,194,35,50
320,193,38,50
320,193,39,49
321,194,37,50
319,193,42,48
320,193,41,50
319,193,39,51
319,193,39,51
318,192,42,52
320,193,39,51
318,192,41,50
320,193,39,49
320,194,38,50
316,193,42,51
321,196,35,48
319,196,36,48
321,194,35,49
320,197,35,46
321,196,36,46
321,198,31,47
320,199,32,46
319,199,29,43
320,200,24,48
320,203,27,45
320,205,25,43
321,207,22,40
319,207,17,39
328,202,21,41
337,208,20,37
330,211,19,32
327,209,20,33
342,210,17,29
322,211,19,32
323,213,23,31
328,214,23,30
328,217,23,27
324,217,27,26
327,219,28,26
325,222,32,20
327,222,30,21
331,223,27,20
330,221,26,20
330,224,26,18
331,224,25,18
336,223,23,19
336,223,23,19
341,224,21,19
341,225,17,19
341,226,13,20
342,228,17,19
341,225,14,20
342,227,13,18
345,227,14,20
343,227,15,21
341,225,11,21
345,226,11,19
344,227,13,20
343,226,14,19
343,228,13,19
344,228,14,18
341,229,15,18
343,229,14,16
343,229,14,16
343,229,14,16
344,229,14,17
343,229,14,16
344,230,15,16
342,228,13,19
343,229,14,17
341,229,14,16
343,230,16,16
342,227,16,15
343,229,15,15
344,231,15,15
344,229,15,16
344,231,15,15
343,231,15,14
343,230,16,14
343,231,15,15
344,230,14,16
342,229,15,16
342,227,16,19
342,226,16,20
342,226,16,19
344,226,13,19
343,227,14,19
344,226,14,20
341,227,15,18
341,226,16,18
344,227,14,14
344,226,13,14
345,227,14,16
342,227,16,18
341,225,13,20
344,226,14,20
344,229,14,17
342,232,17,15
344,231,14,16
343,230,14,15
343,229,14,17
342,231,16,15
341,228,16,16
344,228,14,19
344,229,15,18
343,227,14,18
343,227,14,18
344,228,15,17
343,231,14,15
344,233,14,13
344,233,13,13
343,234,16,14
357,237,17,16
342,233,15,15
342,233,15,15
355,236,15,17
355,236,15,17
370,233,14,20
370,233,14,20
341,240,13,24
341,240,13,24
381,238,15,21
381,238,15,21
381,238,15,21
381,238,15,21
381,238,15,21
381,238,15,21
381,238,15,21
381,238,15,21
381,238,15,21
381,238,15,21
381,238,15,21
381,238,15,21
381,238,15,21
381,238,15,21
381,238,15,21
381,238,15,21
381,238,15,21
381,238,15,21
381,238,15,21
381,238,15,21
381,238,15,21
381,238,15,21
365,198,13,24
343,210,15,28
343,210,15,28
330,210,20,33
323,209,23,33
310,208,24,36
302,208,21,35
298,211,27,35
290,211,23,37
289,213,20,36
287,214,20,37
283,218,22,40
284,220,21,38
285,221,22,41
285,222,22,46
288,221,20,51
289,221,21,53
291,222,21,52
294,221,21,56
295,221,22,56
296,220,22,56
296,220,25,56
296,220,22,56
299,218,23,56
300,218,21,57
302,218,21,57
301,217,19,56
301,216,16,55
302,215,17,52
299,214,16,54
298,214,17,57
297,212,19,54
293,211,19,53
292,210,18,58
293,208,16,59
291,207,16,55
289,203,15,53
286,199,16,47
284,195,13,40
277,188,14,36
273,182,18,35
286,190,21,39
271,164,15,42
326,197,19,44
373,211,18,49
339,210,10,50
335,198,10,53
331,210,13,52
325,209,19,51
320,208,21,50
319,211,18,46
315,207,20,47
309,209,24,44
309,212,24,43
308,214,29,41
308,213,38,42
307,211,35,44
303,138,34,48
308,210,35,47
305,212,38,46
299,209,46,47
292,211,51,53
282,202,57,66
311,189,55,84
301,173,59,100
300,172,59,100
302,172,59,101
303,163,59,106
301,171,60,106
303,174,60,98
306,173,57,95
307,172,58,95
307,165,60,103
308,174,58,93
307,174,61,94
311,175,55,95
311,171,56,97
311,173,57,98
309,177,58,95
311,170,55,100
312,175,56,99
312,175,54,98
312,179,54,97
311,174,56,98
310,179,58,97
315,173,53,99
313,174,60,100
314,179,59,95
317,178,58,96
320,176,59,98
321,176,58,98
322,177,61,96
323,178,62,94
322,177,67,93
324,175,65,94
328,179,63,88
331,172,64,91
331,173,65,92
335,172,61,90
337,174,60,88
339,170,62,93
338,171,64,90
344,168,62,92
347,166,58,89
346,167,61,94
349,168,59,92
350,167,58,91
348,169,63,91
353,167,61,91
351,163,57,97
352,165,60,94
353,166,59,93
349,175,61,87
352,170,61,92
354,170,60,93
354,167,57,95
355,167,58,95
354,167,62,96
355,165,58,96
357,168,60,92
357,164,61,94
361,163,57,96
365,161,56,97
363,156,54,98
365,154,51,99
364,153,51,98
363,154,53,97
365,150,50,98
359,157,54,93
352,154,60,96
353,154,54,96
350,155,54,95
349,154,53,95
344,157,52,94
342,158,53,92
338,162,53,86
333,162,54,88
329,169,60,81
327,174,55,82
326,173,56,76
322,175,57,77
323,174,50,79
324,177,51,77
323,173,49,81
328,170,44,70
322,172,45,77
317,176,48,73
320,178,42,71
313,181,46,69
311,182,48,69
308,180,49,70
307,182,48,70
304,186,53,66
306,185,49,66
309,184,47,67
311,185,44,68
314,184,43,66
317,186,41,67
311,185,50,65
317,187,50,62
323,187,47,63
329,187,50,62
337,192,44,58
342,191,44,60
347,184,44,66
354,183,39,68
359,184,41,62
364,182,37,67
368,182,35,70
375,183,36,65
379,183,34,69
385,183,32,70
392,181,27,70
392,181,27,70
392,181,27,70
392,181,27,70
392,181,27,70
392,181,27,70
392,181,27,70
392,181,27,70
392,181,27,70
392,181,27,70
392,181,27,70
392,181,27,70
392,181,27,70
392,181,27,70
328,193,33,70
314,187,43,61
314,187,43,61
351,117,37,61
321,193,37,52
321,193,37,52
321,193,37,52
321,193,37,52
321,193,37,52
321,193,37,52
320,192,37,52
326,194,32,49
323,194,33,50
321,194,37,49
321,198,34,47
333,205,29,46
330,196,26,47
336,205,19,42
338,210,18,38
339,211,16,34
338,213,16,34
339,211,14,30
339,217,17,31
339,214,18,33
339,214,16,33
338,215,15,30
339,214,14,27
339,224,17,25
340,215,14,26
339,218,17,30
340,213,14,28
339,215,15,28
338,214,13,26
338,214,14,25
340,216,14,25
338,215,14,24
339,223,16,24
339,216,15,23
339,223,15,24
340,216,12,25
339,216,14,24
339,215,14,25
339,215,15,24
339,216,13,24
340,215,13,25
340,215,13,26
340,216,14,25
340,215,14,25
338,213,14,26
338,214,13,24
338,215,14,24
340,216,14,24
340,215,14,25
340,215,13,26
340,213,14,27
340,214,13,25
339,214,14,26
339,215,14,24
339,215,14,24
340,216,14,25
339,213,14,27
339,215,14,25
340,213,13,26
340,215,14,26
339,215,13,25
339,213,14,26
339,215,15,26
340,216,15,25
339,215,15,26
338,214,14,26
340,215,14,24
338,216,14,24
339,215,15,24
340,215,13,25
339,217,14,24
340,216,14,24
338,214,15,26
339,214,14,23
338,214,14,25
339,215,15,25
339,215,14,25
338,216,14,25
340,215,13,21
340,217,13,18
340,216,13,17
338,216,15,20
338,217,14,19
339,214,12,21
340,216,11,20
339,215,9,20
339,215,9,20
339,215,9,20
339,215,9,20
339,215,9,20
339,215,9,20
339,215,9,20
339,215,9,20
339,215,9,20
339,215,9,20
306,184,11,21
306,184,11,21
306,184,11,21
306,184,11,21
306,184,11,21
306,184,11,21
308,165,10,20
308,165,10,20
308,165,10,20
308,165,10,20
308,165,10,20
308,165,10,20
308,165,10,20
308,165,10,20
308,165,10,20
308,165,10,20
308,165,10,20
308,165,10,20
308,165,10,20
308,165,10,20
308,165,10,20
308,165,10,20
308,165,10,20
308,165,10,20
308,165,10,20
308,165,10,20
308,165,10,20
308,165,10,20
308,165,10,20
308,165,10,20
308,165,10,20
308,165,10,20
308,165,10,20
308,165,10,20
308,165,10,20
308,165,10,20
308,165,10,20
308,165,10,20
308,165,10,20
326,146,10,21
326,146,10,21
320,168,13,20
319,148,16,19
319,148,16,19
319,148,16,19
319,148,16,19
319,148,16,19
319,148,16,19
287,149,20,17
287,149,20,17
287,149,20,17
287,149,20,17
287,154,22,15
287,154,22,15
287,154,22,15
287,154,22,15
287,154,22,15
287,154,22,15
287,154,22,15
317,154,26,19
317,154,26,19
317,154,26,19
289,153,31,14
289,153,31,14
289,153,31,14
289,153,31,14
289,153,31,14
289,153,31,14
289,153,31,14
289,153,31,14
289,153,31,14
289,153,31,14
289,153,31,14
318,154,31,18
318,154,31,18
286,151,33,15
287,152,33,9
287,152,33,9
287,152,33,9
314,155,34,10
314,155,34,10
314,155,34,10
314,155,34,10
314,155,34,10
314,155,34,10
314,155,34,10
314,155,34,10
286,154,33,8
286,154,33,8
286,154,33,8
286,154,34,9
315,154,35,13
287,152,34,8
285,153,34,7
285,153,35,8
284,154,37,8
314,154,38,8
314,154,38,8
315,154,36,11
287,153,34,7
285,153,35,7
287,154,34,8
287,153,32,8
287,153,32,8
288,154,33,8
314,154,31,10
287,154,32,7
287,152,32,8
314,162,34,10
283,154,35,7
286,154,34,8
287,153,32,7
286,153,33,8
287,154,32,7
288,154,32,8
287,152,32,8
288,153,32,8
287,154,31,7
287,153,34,7
286,153,33,7
287,153,32,7
288,152,33,8
287,153,32,7
288,154,31,8
289,153,31,7
287,153,31,7
287,153,33,8
287,153,33,8
289,154,32,8
289,153,32,7
287,153,31,7
286,152,32,8
288,154,32,7
288,153,32,8
287,152,31,8
286,153,34,8
289,154,33,7
287,153,33,8
287,153,32,7
288,153,33,8
287,153,33,8
287,153,32,8
287,153,32,8
288,154,32,8
288,153,32,7
288,152,32,8
287,154,32,8
288,154,32,8
287,154,33,7
288,153,34,7
286,152,33,8
287,153,32,7
287,153,32,7
288,153,32,7
286,154,33,7
288,154,31,7
287,154,32,8
288,153,32,7
286,154,32,8
287,153,31,8
287,154,32,7
287,154,33,7
287,154,32,7
288,153,31,7
288,153,32,8
288,152,32,8
287,153,31,8
289,154,30,8
292,154,28,7
292,154,28,7
292,154,28,7
292,154,28,7
292,154,28,7
292,154,28,7
292,154,28,7
292,154,28,7
292,154,28,7
292,154,28,7
292,154,28,7
292,154,28,7
292,154,28,7
292,154,28,7
292,154,28,7
292,154,28,7
292,154,28,7
292,154,28,7
292,154,28,7
292,154,28,7
292,154,28,7
292,154,28,7
292,154,28,7
292,154,28,7
292,154,28,7
292,154,28,7
292,154,28,7
286,152,28,7
288,153,29,7
287,153,32,8
287,153,33,7
286,154,33,7
287,154,32,8
286,152,32,7
287,153,33,7
286,153,32,8
286,153,33,7
286,153,33,7
287,154,33,7
286,152,33,8
287,153,31,8
287,152,33,7
287,153,32,8
286,153,34,8
287,154,34,8
288,152,32,7
288,153,30,7
287,153,31,8
288,154,32,7
288,154,32,7
287,154,32,8
288,153,31,8
289,153,31,8
287,153,32,7
287,153,32,8
287,153,34,8
285,152,34,8
286,153,33,7
287,154,31,7
287,152,32,8
288,153,31,7
286,153,32,8
287,153,34,8
286,152,33,8
287,153,32,8
288,153,31,8
287,154,32,8
288,153,32,8
287,153,33,7
289,154,31,8
286,153,33,7
285,153,33,8
287,154,32,8
288,153,31,8
287,153,32,7
287,153,32,7
286,154,33,7
286,153,33,7
287,153,32,8
287,153,32,8
287,153,31,8
286,152,32,8
286,152,33,7
288,153,32,7
287,153,33,8
287,153,33,7
287,153,32,8
288,153,33,7
287,153,32,7
286,153,34,8
287,154,33,7
287,152,32,7
288,153,31,7
287,153,31,8
287,153,31,7
287,153,33,7
287,152,31,8
286,154,32,7
287,153,32,8
287,153,31,8
287,153,32,8
287,153,31,7
288,154,31,8
287,152,31,8
287,153,31,8
288,152,30,8
288,153,31,7
288,153,32,8
286,152,30,8
288,154,31,7
287,154,30,8
286,154,32,6
287,154,31,6
287,154,31,6
287,154,31,6
287,154,31,6
287,154,31,6
287,154,31,6
287,154,31,6
287,154,31,6
287,154,31,6
287,154,31,6
287,154,31,6
287,154,31,6
287,154,31,6
287,154,31,6
287,154,31,6
287,154,31,6
287,154,31,6
287,154,31,6
287,154,31,6
287,154,31,6
287,154,31,6
287,154,31,6
287,154,31,6
287,154,31,6
292,153,26,7
292,153,26,7
292,154,28,7
291,155,26,6
293,157,26,5
293,157,26,5
293,157,26,5
293,157,26,5
293,157,26,5
293,154,25,6
289,153,29,8
287,153,32,8
286,153,33,8
288,154,32,8
287,153,31,7
287,153,31,8
287,154,32,8
287,154,33,7
287,152,33,8
288,154,31,8
287,153,31,8
286,154,32,7
288,154,32,7
286,153,32,8
286,154,33,7
288,153,31,8
288,152,30,8
288,154,32,8
289,154,31,7
288,153,31,7
286,153,32,8
287,154,33,7
288,153,31,8
288,153,33,7
287,154,32,8
287,153,32,7
288,154,32,7
288,154,32,7
287,152,32,7
287,153,32,8
289,154,34,8
288,153,32,7
287,153,33,8
288,153,32,8
287,154,32,8
288,154,31,7
287,154,32,8
288,154,32,8
287,152,33,8
289,153,31,7
286,152,32,8
288,154,32,8
287,154,33,8
288,153,32,8
287,153,32,8
287,153,32,7
288,153,32,8
288,152,32,8
288,153,32,8
287,154,31,7
288,154,31,8
289,154,30,8
289,154,31,7
290,154,28,7
290,154,28,7
271,160,29,8
271,160,29,8
286,159,27,7
287,160,28,6
288,157,28,8
286,153,28,7
291,159,27,8
291,156,26,10
295,153,23,10
295,154,21,12
297,151,19,10
299,152,17,8
301,162,17,7
300,152,16,9
300,152,16,9
300,152,16,9
300,152,16,9
300,152,16,9
300,152,16,9
300,152,16,9
300,152,16,9
300,152,16,9
297,153,17,8
297,153,17,8
297,153,17,8
297,153,17,8
297,153,17,8
297,153,17,8
297,153,17,8
297,153,17,8
297,153,17,8
297,153,17,8
297,153,17,8
297,153,17,8
297,153,17,8
320,167,20,8
320,167,20,8
320,167,20,8
316,169,20,8
332,158,21,6
333,158,20,9
333,158,20,9
333,158,20,9
333,158,20,9
333,158,20,9
333,158,20,9
333,158,20,9
333,158,20,9
333,158,20,9
343,163,20,11
347,161,19,14
347,161,19,14
347,161,19,14
347,161,19,14
347,161,19,14
347,161,19,14
347,161,19,14
347,161,19,14
347,161,19,14
347,161,19,14
347,161,19,14
347,161,19,14
347,161,19,14
347,161,19,14
373,156,18,14
373,156,18,14
373,156,18,14
373,156,18,14
373,156,18,14
373,156,18,14
373,156,18,14
373,156,18,14
373,156,18,14
373,156,18,14
373,156,18,14
373,156,18,14
373,156,18,14
373,156,18,14
373,156,18,14
373,156,18,14
375,163,18,11
373,163,20,10
371,161,19,11
374,160,17,11
374,160,17,11
361,133,16,10
361,133,16,10
361,133,16,10
361,133,16,10
361,133,16,10
361,133,16,10
361,133,16,10
361,133,16,10
361,133,16,10
361,133,16,10
361,133,16,10
361,133,16,10
361,133,16,10
361,133,16,10
361,133,16,10
361,133,16,10
361,133,16,10
361,133,16,10
361,133,16,10
361,133,16,10
361,133,16,10
361,133,16,10
361,133,16,10
361,133,16,10
361,133,16,10
361,133,16,10
361,133,16,10
361,133,16,10
361,133,16,10
361,133,16,10
361,133,16,10
361,133,16,10
361,133,16,10
361,133,16,10
361,133,16,10
361,133,16,10
361,133,16,10
361,133,16,10
361,133,16,10
361,133,16,10
361,133,16,10
361,133,16,10
361,133,16,10
361,133,16,10
361,133,16,10
361,133,16,10
361,133,16,10
361,133,16,10
361,133,16,10
339,155,15,9
339,155,15,9
339,155,15,9
