238,144,82,49
238,145,89,47
240,143,92,48
240,144,97,48
240,140,100,51
240,139,105,51
239,141,94,47
243,139,85,48
245,140,80,47
245,141,91,45
247,143,95,44
248,144,99,46
247,143,99,51
240,146,108,45
235,149,112,44
224,150,123,42
239,150,108,43
239,152,110,40
242,152,105,41
243,152,105,39
244,153,104,39
244,153,105,39
245,151,105,42
245,153,105,35
244,150,109,41
241,150,109,38
233,151,109,39
234,154,109,37
234,156,113,35
237,159,107,34
235,158,106,37
234,161,106,37
231,161,110,34
223,161,110,31
237,160,106,35
233,159,103,36
236,161,100,34
235,159,103,35
232,160,101,35
236,160,95,35
236,160,96,39
238,163,101,30
237,163,102,30
237,162,103,31
239,163,106,29
236,162,106,31
235,163,115,30
232,165,111,26
235,162,105,32
236,161,106,32
238,161,99,33
240,162,92,31
241,162,90,32
239,163,94,30
239,165,94,31
236,164,101,31
235,163,103,38
234,163,108,31
235,164,98,31
237,163,94,33
239,163,93,31
239,163,95,31
236,163,99,30
240,165,91,30
238,164,93,30
237,164,93,31
237,163,97,32
237,164,95,32
239,163,94,38
237,163,93,38
239,163,86,44
241,163,81,45
244,164,72,43
243,162,71,34
243,161,71,34
243,161,84,32
236,158,80,32
239,157,91,36
235,153,103,42
241,153,99,39
246,148,84,41
249,150,81,40
246,148,86,37
243,148,91,32
245,146,89,34
248,144,84,35
250,143,85,41
250,142,86,41
251,142,85,41
249,141,87,47
253,142,83,49
251,142,87,48
251,143,85,44
249,143,88,45
252,144,84,50
250,143,88,55
251,144,87,50
248,144,89,48
248,146,89,35
248,146,88,38
248,146,86,34
251,146,82,41
252,144,85,51
249,144,87,48
251,143,81,49
250,143,83,42
250,142,82,52
244,142,84,40
243,141,81,40
242,144,79,39
241,144,78,39
244,146,71,38
243,148,68,36
242,149,66,36
241,148,67,38
242,152,63,35
243,152,61,37
246,151,59,37
250,152,56,37
253,153,54,38
253,153,53,32
253,154,54,36
253,156,53,30
251,157,56,30
266,133,54,41
252,148,57,38
254,149,54,39
255,152,42,34
254,150,45,35
254,149,45,32
265,147,46,36
261,141,47,40
255,137,48,39
269,141,44,36
254,131,49,40
250,130,51,38
246,128,54,37
241,123,52,36
237,117,53,40
231,111,54,40
227,104,51,43
222,101,51,40
219,98,48,40
218,95,46,40
217,96,46,39
216,94,44,41
214,92,45,40
212,94,47,39
211,94,50,41
207,98,55,38
206,98,54,41
206,101,53,40
204,103,56,38
204,103,56,38
204,103,56,38
204,103,56,38
204,103,56,38
201,92,62,43
201,92,63,39
202,89,65,42
202,84,65,46
198,81,67,49
199,83,65,47
195,83,70,46
196,81,66,44
195,82,62,41
195,79,62,43
193,76,64,44
192,77,65,44
190,71,70,50
189,72,66,47
188,70,65,48
186,70,69,47
186,69,68,48
184,65,72,53
186,70,65,46
185,68,69,43
184,67,67,44
185,62,69,49
186,64,67,45
184,63,70,43
186,63,69,40
187,61,70,40
190,59,69,40
192,55,68,38
195,53,65,39
198,51,66,38
200,49,67,38
203,48,65,37
207,45,64,39
208,44,67,38
212,43,61,35
214,40,63,36
217,40,63,35
220,39,57,35
221,37,54,36
223,37,63,35
225,36,61,34
226,35,61,34
227,35,59,34
228,34,61,34
228,31,62,36
229,29,60,36
229,26,59,36
229,22,56,34
228,18,55,34
229,14,53,35
228,9,55,36
226,5,58,36
225,3,57,35
222,0,64,33
222,3,64,26
221,1,60,23
218,1,62,20
217,0,62,18
215,0,61,18
215,0,57,15
215,0,54,15
213,-3,56,14
213,-3,56,14
213,-3,56,14
213,-3,56,14
213,-3,56,14
213,-3,56,14
213,-3,56,14
213,-3,56,14
213,-3,56,14
213,-3,56,14
213,-3,56,14
213,-3,56,14
213,-3,56,14
213,-3,56,14
213,-3,56,14
183,-2,54,14
182,-5,52,14
180,-3,52,16
175,-2,54,16
171,-5,54,16
167,-5,56,19
163,-2,59,17
156,-7,63,17
154,-5,61,18
149,-5,65,16
144,-5,67,17
139,-5,67,16
135,-5,68,17
131,-4,68,17
126,-3,65,18
121,-2,66,17
111,0,63,16
104,0,69,18
99,2,69,17
92,2,73,20
85,2,77,24
80,1,80,27
74,2,86,28
70,2,91,29
71,2,86,36
70,0,89,44
73,3,93,45
72,4,89,48
74,2,92,50
75,3,96,57
78,5,95,56
81,7,92,56
87,6,89,59
91,4,85,59
95,9,84,52
97,8,87,53
105,14,82,49
107,13,82,49
114,17,79,47
116,18,81,49
121,19,79,49
124,25,80,43
128,27,78,47
130,32,78,43
134,34,74,43
135,34,73,46
137,36,77,46
142,39,74,45
144,42,76,44
147,45,71,43
150,47,75,42
155,48,73,44
156,50,75,42
161,51,70,43
166,54,64,42
170,55,65,40
175,59,69,38
178,60,69,39
183,62,70,37
187,64,69,37
193,63,67,38
199,66,67,35
205,67,65,36
210,67,65,34
215,67,65,35
220,68,64,34
225,69,61,32
231,69,63,33
236,70,62,31
241,69,60,32
247,70,60,31
252,68,59,32
257,68,61,31
263,68,57,30
270,69,56,29
276,67,55,30
281,67,56,30
288,66,56,31
295,65,53,30
298,63,56,31
302,64,58,29
308,64,53,30
312,64,52,29
316,64,52,29
320,63,52,30
324,63,53,29
328,64,52,30
331,62,50,31
333,63,52,29
335,63,52,30
337,65,51,29
338,65,52,30
339,66,50,30
339,67,51,29
339,68,49,30
338,68,51,30
336,68,50,28
335,70,53,30
333,70,51,30
330,70,51,29
327,71,52,30
324,72,53,31
323,75,52,30
318,75,54,32
315,76,55,30
313,77,54,31
310,80,54,31
310,82,50,31
306,84,55,31
304,87,55,31
302,90,58,29
300,90,59,31
300,92,56,31
299,94,54,29
298,96,57,29
295,96,59,29
293,96,59,31
293,96,58,31
292,99,56,29
292,99,56,30
290,100,58,29
291,100,57,30
291,101,55,29
289,102,58,29
290,102,56,30
288,103,58,28
287,104,58,28
286,105,59,27
286,103,56,29
285,103,59,30
284,102,59,30
284,101,62,31
284,101,60,30
283,101,60,29
283,101,60,30
283,100,59,30
282,99,59,31
281,99,61,30
280,100,59,28
280,96,57,31
277,96,59,31
276,95,57,30
276,93,55,30
275,91,55,28
273,89,55,30
273,86,55,32
270,87,57,28
268,86,61,31
268,86,57,31
267,85,62,32
268,86,63,32
267,86,63,32
267,87,62,31
268,87,62,32
268,85,63,33
268,87,58,31
268,88,61,31
269,88,60,32
268,88,60,31
269,88,58,30
269,87,61,33
270,88,59,32
268,88,63,32
269,88,61,32
269,88,57,32
268,87,61,33
268,89,59,31
268,88,60,31
266,88,63,31
265,90,64,31
262,89,67,34
261,92,65,32
258,91,66,36
255,94,67,38
253,98,68,36
251,101,70,40
252,103,69,46
249,105,72,53
252,111,70,56
254,117,71,59
257,120,78,63
261,126,77,62
266,132,83,66
265,140,80,63
276,145,75,70
275,147,77,70
267,154,78,64
278,155,72,66
276,158,70,62
277,161,66,54
275,164,54,50
274,167,53,48
274,169,46,45
272,171,51,40
271,172,50,40
270,172,53,41
270,172,50,40
270,171,51,42
270,172,50,41
270,172,49,44
270,171,50,45
270,168,60,53
270,167,62,55
268,170,65,48
268,160,70,56
270,158,70,60
271,159,67,59
271,161,69,57
270,162,72,53
269,162,72,56
269,160,70,55
270,160,72,58
270,159,70,59
270,161,71,55
271,161,70,57
271,161,71,59
270,160,70,58
269,160,70,68
267,160,72,66
262,160,70,60
258,161,69,59
253,162,69,52
249,163,60,50
245,164,64,48
238,164,71,54
231,163,72,61
227,166,74,60
207,169,59,71
226,171,69,61
204,176,62,69
221,173,70,68
223,176,65,61
204,178,61,68
222,176,66,63
223,178,67,51
204,188,59,59
218,184,54,62
206,186,54,59
219,181,47,62
211,179,51,64
199,180,60,65
192,164,68,78
190,158,69,83
186,161,73,79
182,160,75,76
180,158,77,79
174,153,81,81
164,148,89,83
148,154,104,71
145,154,104,66
144,151,104,67
143,153,107,62
145,151,105,62
146,149,104,64
146,146,105,67
146,147,107,67
148,152,103,61
149,154,101,56
144,155,109,58
147,155,109,61
146,150,107,69
144,154,110,63
158,154,99,58
153,151,106,54
168,149,97,49
165,140,103,47
178,132,92,49
175,115,98,62
179,106,102,69
181,96,107,76
184,95,104,76
185,97,104,79
189,105,102,73
188,111,104,72
188,118,96,73
188,121,105,77
199,128,95,74
188,137,100,68
187,136,105,73
187,135,108,71
190,132,110,78
196,128,93,84
198,124,87,86
200,119,84,92
200,120,84,93
204,122,78,90
207,121,77,95
211,123,75,97
213,126,73,97
217,126,70,99
220,128,66,97
222,127,64,102
225,129,61,98
228,129,59,96
233,130,54,94
235,131,53,89
235,134,54,89
237,133,53,93
240,133,49,99
240,133,48,105
237,135,55,106
229,142,65,104
246,142,73,106
239,147,83,105
238,157,78,94
237,162,72,86
240,168,72,81
242,173,73,76
247,177,72,71
242,178,75,69
241,182,77,65
242,182,73,65
242,181,72,64
244,181,69,65
249,181,64,64
244,180,68,65
244,180,68,66
242,182,69,63
240,182,71,63
241,178,69,69
242,178,68,68
238,179,71,66
237,180,72,64
239,180,70,66
237,181,69,63
236,179,73,65
236,178,74,64
237,179,71,63
235,178,75,64
237,176,71,66
235,175,72,69
233,172,73,71
231,165,69,82
227,163,57,89
225,162,58,88
221,161,65,90
210,158,79,88
206,157,95,98
196,159,104,97
197,163,107,88
195,173,107,80
200,180,104,71
198,185,108,62
201,196,104,52
206,199,100,52
203,199,103,55
204,200,102,51
213,200,99,56
214,201,98,63
217,203,98,62
220,206,95,60
224,204,98,63
227,201,96,70
232,204,93,68
230,200,95,74
234,201,89,77
238,206,87,73
233,201,96,79
237,206,93,76
231,210,102,67
228,216,107,57
232,209,106,62
231,222,108,49
230,222,111,51
228,221,114,52
229,219,114,62
233,218,110,65
235,217,111,69
236,202,107,84
236,197,101,92
238,200,103,90
234,202,105,93
256,204,105,84
237,212,105,73
235,206,107,78
237,209,107,70
240,207,107,74
240,213,103,65
237,212,104,67
239,214,96,71
239,206,98,77
241,204,95,78
236,203,99,76
232,200,101,68
232,198,99,63
233,197,93,64
233,195,90,64
235,193,82,58
230,190,90,58
227,197,103,57
223,203,109,61
223,200,108,66
224,196,108,72
224,215,108,55
218,219,106,49
225,214,105,51
221,217,104,49
223,205,107,62
217,204,108,55
233,195,96,53
234,185,84,59
254,174,72,62
225,155,95,57
223,152,97,66
224,160,98,83
233,167,90,79
235,167,91,82
235,176,97,81
233,186,100,79
232,196,101,73
232,203,103,66
234,208,102,61
235,205,99,62
233,204,100,58
230,198,106,56
227,196,105,49
229,193,109,42
231,192,116,36
231,188,104,41
241,185,113,43
237,190,115,44
230,191,107,51
231,189,97,56
235,185,82,71
232,188,92,81
260,190,83,79
258,194,93,78
260,222,81,61
261,226,78,52
261,239,70,42
276,241,64,41
279,244,58,42
280,244,58,42
280,248,62,40
280,245,58,40
280,243,54,37
280,243,54,37
283,234,62,40
283,236,56,35
283,237,61,38
283,240,56,37
283,242,56,35
282,239,55,39
282,239,58,39
