112,163,68,42
115,163,66,44
113,163,65,42
113,163,67,44
111,162,67,44
113,165,67,41
114,163,66,43
113,165,66,44
113,164,68,41
112,164,68,41
114,163,67,44
114,162,66,44
114,162,63,46
114,164,67,43
112,163,67,43
112,164,68,42
114,163,68,45
112,162,66,45
113,163,66,44
112,164,66,41
112,163,68,43
112,162,69,43
112,165,69,44
112,163,74,44
115,160,73,44
123,152,71,40
129,146,74,43
137,136,75,43
144,129,75,42
157,123,69,42
169,118,66,41
173,114,70,43
179,111,74,42
188,110,69,41
195,114,66,40
197,118,64,44
195,123,67,49
189,131,68,62
190,138,64,64
186,144,66,65
183,145,68,57
186,147,66,51
188,147,65,49
188,146,64,48
191,145,64,52
194,143,65,54
197,143,62,54
202,142,60,58
208,144,59,48
212,143,57,50
218,143,54,51
222,144,55,51
225,144,61,50
230,146,63,47
237,148,61,46
242,149,61,46
243,147,67,46
252,147,64,44
264,146,56,45
266,146,63,46
271,146,64,46
270,143,65,50
269,142,71,51
272,144,71,48
271,142,73,47
270,142,74,49
272,141,72,52
268,140,76,53
269,145,77,48
270,145,75,52
265,147,82,50
269,147,80,52
268,147,82,53
269,148,82,54
268,147,83,53
269,149,85,52
273,150,83,50
277,149,81,51
279,149,82,51
282,151,84,50
286,153,84,48
288,154,88,46
286,154,94,49
285,156,107,49
278,158,119,48
275,160,122,48
286,160,115,48
282,161,119,47
288,163,115,44
288,165,116,43
284,166,118,43
280,167,119,44
282,173,113,38
290,174,104,37
302,174,93,38
302,175,90,35
302,176,84,32
315,176,69,30
322,175,59,29
316,173,64,29
319,172,59,26
317,169,61,28
311,167,65,30
313,166,59,36
293,164,73,45
289,161,81,47
284,162,84,49
283,161,82,45
286,159,81,47
287,159,81,46
289,156,75,47
290,157,72,47
289,156,79,49
288,157,83,49
289,159,84,48
289,157,84,50
288,158,83,48
285,160,87,47
287,160,83,44
289,163,86,43
272,168,97,37
276,168,106,36
262,168,115,37
276,170,108,34
272,169,111,34
256,167,120,38
268,166,111,39
275,166,106,37
266,166,109,42
277,165,104,40
271,164,100,40
275,161,97,49
274,160,100,47
273,159,96,48
273,156,101,50
274,156,96,50
274,154,100,55
273,153,96,57
276,152,88,58
277,153,86,57
276,154,90,54
278,155,87,52
280,157,89,52
283,157,86,57
283,158,86,54
282,160,86,53
282,161,89,55
286,161,83,57
286,165,85,56
290,162,83,56
294,166,72,51
297,165,69,50
299,165,63,49
299,164,62,48
297,164,67,48
296,163,70,52
293,165,73,51
292,167,76,48
291,168,75,47
290,170,75,44
283,171,80,40
287,172,76,41
283,173,81,38
284,174,80,35
285,174,75,34
285,174,73,34
284,175,76,35
284,174,78,36
283,176,79,36
283,176,81,35
283,177,81,36
282,177,81,37
282,177,81,37
281,174,80,41
279,172,86,43
275,169,93,46
272,168,100,47
271,165,88,48
271,163,87,51
272,163,84,49
273,162,82,50
274,164,78,46
274,163,80,51
274,163,80,52
274,162,80,48
275,162,77,50
274,163,80,48
273,161,78,52
274,159,79,55
273,160,78,53
273,162,76,53
277,162,73,53
280,161,70,53
283,161,70,51
282,158,70,51
282,155,72,51
280,153,75,51
277,152,78,53
275,152,81,55
273,151,84,54
273,152,85,54
274,154,82,50
273,157,83,48
271,160,88,44
272,162,88,40
273,164,87,38
273,167,83,36
272,168,84,34
272,168,90,35
272,168,92,35
270,167,96,36
270,166,95,38
269,166,96,37
268,165,96,40
267,161,95,47
268,160,95,48
267,156,100,54
269,158,100,57
270,159,96,50
272,163,72,52
276,161,64,54
276,159,64,56
279,154,62,60
277,155,66,62
286,155,55,64
287,153,56,66
286,153,60,67
287,151,61,66
285,151,62,66
284,149,64,66
284,150,65,64
283,150,64,62
283,149,62,62
284,149,64,60
281,149,66,59
279,149,72,58
278,149,73,61
275,149,72,60
274,150,75,60
271,149,77,60
273,150,79,59
272,150,82,60
274,150,81,62
273,152,82,58
273,154,82,58
270,155,86,66
270,156,84,65
267,157,87,64
266,161,86,60
267,159,89,64
266,160,87,65
265,161,85,65
263,160,86,63
265,158,86,68
264,160,85,65
260,160,85,64
262,161,87,64
262,160,87,64
264,159,87,66
262,160,85,62
263,159,85,67
266,159,81,66
264,158,83,66
263,157,83,67
264,158,83,63
269,157,79,65
265,157,82,66
263,156,83,66
263,159,82,62
259,159,86,62
265,161,83,60
264,162,80,58
264,162,82,59
266,162,76,56
267,162,73,54
269,165,70,52
276,163,60,57
281,162,54,59
286,162,47,58
286,163,50,56
286,165,52,53
295,166,44,52
296,164,45,53
300,166,42,51
288,165,52,51
282,164,61,52
277,164,68,51
275,163,70,51
274,164,71,49
272,166,76,45
269,167,77,46
270,168,80,47
271,168,80,49
268,169,81,47
266,168,85,51
265,168,82,52
265,170,80,47
264,170,85,47
263,171,84,49
263,171,80,47
260,174,85,44
261,174,82,45
260,174,81,44
262,175,77,42
259,174,78,46
262,174,74,47
260,176,83,46
260,174,80,49
258,173,83,47
258,173,81,49
259,173,83,49
259,173,84,48
257,173,86,48
256,170,88,54
257,171,89,53
257,171,89,57
259,170,85,58
259,169,90,63
259,168,89,68
256,167,92,65
261,165,86,69
264,165,84,69
267,165,79,71
269,165,77,72
270,165,74,72
271,164,72,72
271,164,73,70
270,166,71,67
271,163,68,76
271,163,67,73
272,161,63,73
272,159,62,79
268,145,69,76
274,156,67,68
275,159,58,80
275,150,60,76
274,158,57,80
277,155,55,85
278,144,48,85
277,153,57,82
270,139,60,81
269,149,59,72
264,154,63,71
272,154,52,78
277,152,49,82
271,149,55,79
276,152,49,78
275,148,52,79
276,155,53,74
271,152,60,77
265,152,70,75
275,154,58,74
274,153,60,72
278,153,55,71
280,153,52,70
282,153,47,70
285,154,50,73
282,149,55,73
283,147,56,73
281,147,58,74
281,144,59,76
280,144,70,76
280,145,62,76
279,142,61,76
278,140,66,78
276,136,83,82
274,127,93,86
273,131,93,84
270,130,100,84
271,128,97,83
272,131,95,79
272,125,95,84
269,132,99,77
266,141,99,68
268,140,98,65
268,144,89,60
271,146,82,58
272,149,84,54
271,153,85,50
266,155,93,48
262,157,94,46
261,157,98,44
260,158,97,42
259,157,85,50
258,159,79,50
257,157,82,53
255,155,85,58
254,154,89,58
252,153,92,60
252,153,95,70
251,153,93,70
251,150,93,72
253,151,91,77
249,148,92,75
261,149,77,77
254,147,86,77
253,146,86,80
254,145,82,78
257,142,78,83
257,143,78,81
258,144,76,83
262,142,72,85
262,143,74,82
260,139,75,85
263,134,72,90
252,137,83,90
251,151,80,77
249,158,72,73
250,161,63,72
252,159,73,73
247,163,61,74
252,163,53,76
253,162,52,79
248,163,56,81
250,161,53,80
243,160,59,81
248,160,56,81
239,163,66,79
245,164,62,77
238,164,68,75
238,163,70,73
237,167,69,71
236,168,69,71
234,171,73,63
225,176,77,57
244,179,61,51
242,182,65,50
235,183,72,50
228,183,81,54
220,183,89,55
229,179,80,61
237,179,76,59
238,179,74,63
236,177,78,68
238,176,75,68
237,175,76,69
239,175,74,69
239,175,75,69
239,174,74,71
241,175,74,70
242,172,72,72
239,171,77,71
240,170,77,70
241,169,74,69
241,168,74,69
241,164,74,72
243,166,72,73
243,164,72,76
245,162,71,76
246,162,69,76
250,160,68,79
255,158,65,77
257,159,67,77
262,158,62,78
265,156,66,79
270,158,63,76
271,158,66,73
271,159,68,68
272,159,68,65
272,157,69,69
272,157,72,64
273,158,71,58
274,157,72,54
273,157,73,55
274,157,75,53
273,156,83,54
274,158,87,52
277,155,86,53
278,155,87,50
277,152,87,54
279,148,88,47
276,147,90,39
273,145,94,41
273,141,95,44
274,139,95,43
275,146,97,50
272,137,100,53
271,133,96,54
261,139,101,63
272,135,102,56
271,137,101,51
271,137,92,53
270,136,93,55
269,135,86,56
269,135,86,60
268,137,84,57
266,133,83,64
265,133,84,64
265,132,85,62
266,135,87,61
266,137,85,60
267,134,85,69
266,135,85,69
268,137,87,72
268,138,86,69
268,140,83,69
267,139,86,71
269,139,84,70
270,141,80,69
267,139,87,72
269,137,84,75
268,138,82,73
269,138,84,73
271,139,80,71
271,139,79,74
272,138,81,73
274,137,75,73
273,141,75,70
273,137,78,74
274,138,76,73
274,138,75,72
275,139,72,72
274,140,72,70
274,138,71,73
276,143,68,71
275,143,72,71
277,143,69,72
280,141,64,70
280,143,65,72
279,139,66,73
282,140,63,73
280,140,65,72
283,139,61,70
282,139,63,74
283,140,60,70
281,139,61,73
283,139,60,71
281,140,57,72
280,138,61,75
279,140,59,70
278,141,65,70
276,138,69,73
274,138,80,74
272,138,82,73
271,140,82,70
268,140,87,68
266,141,89,68
265,145,91,63
263,150,92,58
263,151,93,56
263,153,91,54
262,155,93,50
260,157,98,50
260,159,95,48
258,161,100,49
258,162,100,45
257,163,101,42
260,163,98,42
259,162,100,45
259,163,99,40
261,162,96,46
258,162,100,48
259,160,102,49
260,160,100,48
259,160,99,48
260,160,102,47
261,160,98,44
259,159,100,50
261,159,100,49
259,157,104,51
259,157,99,49
257,157,104,54
256,157,103,50
252,156,107,53
251,158,106,51
251,157,92,52
249,154,91,54
247,155,91,55
244,155,94,55
242,154,92,56
242,154,90,54
241,151,90,56
240,153,88,54
240,150,85,56
239,149,84,57
239,149,84,53
240,150,80,52
239,149,80,50
240,150,80,51
243,146,74,52
246,145,71,50
244,144,71,49
244,141,74,50
248,142,70,50
243,140,75,51
248,141,72,51
250,140,70,53
249,143,73,52
242,144,82,53
243,146,81,52
241,150,83,50
234,152,94,49
247,152,85,51
235,155,95,48
231,155,99,47
240,157,88,44
253,160,72,41
248,162,77,37
261,165,65,33
267,166,59,33
269,167,56,32
271,168,51,31
272,168,51,31
274,169,50,31
275,172,50,33
275,171,52,31
275,172,53,32
275,173,56,33
277,173,53,35
279,174,52,38
276,172,55,43
278,172,56,41
279,172,55,43
278,173,55,44
279,175,54,41
279,175,55,44
280,174,56,44
281,172,54,45
282,172,55,47
284,170,55,47
285,166,53,47
283,164,56,50
278,163,60,47
280,161,57,47
278,159,56,45
278,156,56,47
272,155,62,57
272,154,61,67
269,153,64,63
269,150,66,72
274,151,59,72
269,150,65,72
268,150,64,64
266,151,67,64
271,150,61,75
275,149,55,81
275,149,58,80
272,149,61,78
268,151,65,77
264,153,67,78
264,153,67,78
261,152,68,81
259,153,66,66
259,152,63,67
250,155,70,64
245,154,73,64
243,156,75,65
244,156,74,65
243,159,78,64
242,160,80,62
240,163,83,60
242,164,81,55
241,166,83,55
241,167,85,51
241,166,85,51
243,168,84,48
243,169,84,46
239,171,91,43
240,171,94,41
241,172,94,38
242,172,91,35
242,173,92,35
241,174,93,32
244,174,90,33
244,176,91,33
244,175,97,36
245,174,97,37
243,173,101,39
242,173,104,38
242,174,103,38
240,171,107,44
241,169,105,47
242,169,105,48
240,168,106,47
242,168,105,48
243,166,103,50
242,166,107,50
241,166,107,49
242,164,107,52
245,162,103,53
246,160,102,53
252,158,97,53
254,156,95,57
256,155,90,57
256,155,92,60
257,153,91,57
259,151,89,62
260,149,88,62
261,150,87,60
262,148,86,63
264,145,85,66
266,143,82,66
268,143,78,68
269,141,81,71
269,140,78,72
269,141,78,73
271,138,77,77
268,139,77,76
272,140,76,75
273,139,75,74
272,139,75,74
274,138,72,77
274,138,72,76
273,138,73,76
275,136,74,78
274,136,71,79
277,137,69,77
279,135,65,77
280,138,65,71
282,135,69,78
285,137,59,77
286,136,55,79
286,135,54,79
285,135,56,79
281,131,68,80
278,134,70,78
277,135,73,77
276,134,73,76
275,136,75,73
274,137,77,72
270,140,81,71
267,147,85,65
261,151,92,61
259,153,93,57
258,156,93,55
260,159,89,52
257,162,92,50
256,163,92,48
255,165,92,43
255,167,94,43
254,166,94,42
253,166,93,41
253,165,96,42
251,166,97,41
248,169,98,43
247,166,99,45
246,166,97,46
246,164,92,49
244,161,90,55
247,158,79,64
245,158,80,68
243,161,81,69
245,162,79,71
241,162,83,73
241,163,83,74
243,160,81,77
244,163,79,75
242,163,81,77
243,162,78,78
245,162,73,78
248,161,68,81
253,160,60,80
252,165,62,81
245,164,70,79
247,165,66,81
249,170,68,80
255,170,60,78
256,172,64,78
260,170,59,78
254,172,66,74
255,172,64,69
256,174,65,64
256,175,65,61
256,175,62,55
260,177,60,53
261,177,57,48
261,177,58,50
262,177,59,48
262,177,59,41
263,176,59,35
264,175,60,33
265,173,59,36
268,172,59,40
269,170,62,43
272,169,58,44
273,168,58,45
275,167,58,45
277,165,56,50
278,165,56,49
281,166,53,48
283,163,52,50
285,162,52,50
271,162,66,50
263,162,75,48
263,160,74,48
261,161,77,46
263,160,75,47
263,161,72,44
261,160,74,47
260,160,72,46
259,159,72,48
258,157,74,52
256,157,76,51
255,157,78,57
253,159,80,55
252,160,79,54
251,161,82,53
250,161,80,56
249,160,82,57
247,160,84,57
246,160,86,55
246,159,86,56
245,159,89,57
246,160,90,58
248,158,91,65
251,157,91,69
252,158,95,69
252,158,95,67
255,161,92,66
256,159,92,67
259,163,92,63
259,161,86,67
260,160,89,65
262,161,87,66
263,159,86,66
262,159,86,71
267,158,81,73
265,158,82,76
269,156,77,76
273,158,75,74
277,156,70,73
281,156,66,73
287,156,55,79
287,157,60,75
285,154,62,76
281,153,67,75
278,155,73,70
277,157,74,66
275,158,75,61
272,159,80,59
273,160,82,59
271,164,88,54
270,164,87,55
269,168,90,52
267,170,90,50
266,171,90,48
264,172,91,46
262,172,91,47
261,172,90,50
260,173,90,48
260,175,92,48
262,176,91,45
259,176,92,44
260,175,92,45
258,173,93,48
258,171,93,48
257,169,92,53
258,168,91,54
257,163,91,56
255,161,91,60
256,158,90,63
256,157,91,54
256,155,90,59
255,153,90,66
257,150,89,63
256,149,91,65
254,151,90,66
255,149,90,66
255,148,90,67
254,145,89,71
252,147,92,68
253,147,90,68
254,148,89,68
253,147,89,66
256,146,87,69
254,144,90,70
258,145,85,70
260,144,88,68
261,143,85,70
262,140,92,71
264,138,90,72
266,135,89,73
272,133,80,75
273,135,76,70
273,133,80,74
274,133,76,77
274,133,78,77
275,134,76,75
275,134,74,76
275,132,74,78
276,132,73,79
277,132,72,76
277,133,71,75
280,133,66,76
281,131,66,78
284,135,60,73
283,131,57,78
281,131,60,79
278,128,72,80
274,131,78,75
274,134,76,74
272,138,81,72
268,140,83,69
268,142,82,65
265,147,85,60
263,150,89,56
258,154,94,51
258,156,95,47
251,158,102,45
247,160,106,46
246,162,107,43
252,162,100,40
245,164,107,40
239,166,112,34
240,165,113,33
242,163,111,42
239,163,111,42
241,162,112,38
239,162,112,34
240,163,112,39
241,163,110,38
239,162,114,39
243,160,107,38
240,159,109,46
241,157,107,50
239,156,106,51
236,157,111,50
236,155,104,53
235,153,98,55
235,151,94,59
235,152,89,59
234,151,89,62
236,150,85,61
233,150,84,62
233,150,83,64
235,151,81,58
235,150,78,55
235,149,80,53
238,150,78,53
239,149,81,53
239,150,82,51
239,152,85,46
240,152,86,43
240,152,86,43
240,153,85,51
241,154,85,50
240,156,87,49
238,158,89,50
236,160,89,46
242,162,82,47
241,163,84,42
237,167,87,40
236,169,86,34
238,167,81,35
240,168,71,35
245,168,62,35
249,168,58,36
248,169,58,37
251,170,56,36
254,171,55,37
253,171,59,39
253,173,68,40
254,173,63,38
253,173,71,42
250,175,80,41
252,174,80,42
249,175,82,42
245,169,72,46
244,161,62,48
243,155,64,52
241,151,72,60
241,144,75,68
241,138,76,77
241,134,76,80
242,133,75,77
243,130,72,79
241,125,74,83
250,130,62,77
252,128,58,79
255,127,53,81
258,152,48,69
255,130,48,81
258,131,42,79
257,130,40,76
256,128,39,81
256,128,41,82
257,128,44,88
257,124,49,92
257,122,50,107
258,120,48,108
257,121,46,107
256,122,46,106
256,120,47,109
255,118,49,106
255,120,50,108
255,123,51,105
253,119,54,111
251,122,58,110
253,118,57,96
251,124,58,85
246,125,65,73
244,125,65,70
239,124,73,73
236,123,78,71
231,123,83,72
231,123,84,67
229,124,87,70
226,122,86,76
224,124,99,76
223,125,102,73
221,127,98,66
223,129,93,61
226,134,87,53
230,137,80,49
233,137,76,49
236,141,74,44
238,143,73,46
238,146,71,48
240,147,70,48
243,149,65,45
243,151,68,47
247,155,65,42
246,158,70,40
246,163,67,35
248,170,65,29
250,162,65,37
254,166,61,34
255,167,62,33
257,166,61,33
259,168,60,31
259,168,63,30
264,168,59,31
263,166,63,34
265,163,61,37
268,160,58,41
267,157,60,47
269,158,63,45
268,155,71,41
268,154,77,41
269,154,78,55
273,154,73,56
272,156,80,55
274,154,83,56
274,148,85,62
278,150,79,59
280,148,81,60
283,143,78,64
285,143,79,62
288,142,78,63
290,138,77,67
290,139,79,67
291,141,80,67
295,140,76,70
296,142,76,70
297,141,75,67
298,142,72,68
302,136,68,75
302,135,66,72
300,135,67,70
302,140,64,64
297,149,72,52
296,148,67,51
283,150,80,45
291,153,73,40
284,153,77,37
284,153,73,35
276,150,77,35
270,148,79,35
266,144,72,41
257,144,71,39
249,140,66,46
234,138,69,42
221,135,68,49
208,137,69,47
192,136,69,44
181,140,69,41
167,142,71,38
156,144,69,39
144,147,68,39
135,151,66,45
125,155,72,47
116,159,74,48
110,159,74,49
110,159,75,50
113,158,70,46
110,159,69,47
103,162,70,47
99,162,69,46
100,162,72,49
97,162,70,48
96,160,68,51
