542,231,50,72
527,230,50,76
515,226,52,80
506,225,50,77
499,225,51,75
492,225,52,73
488,227,49,71
483,225,49,73
474,226,48,72
468,227,48,72
461,229,48,71
453,228,47,74
449,227,46,76
444,228,51,74
436,226,50,73
433,227,45,70
426,227,46,70
422,225,44,71
415,229,48,66
409,225,49,70
404,220,50,77
398,219,50,80
392,223,52,75
387,219,50,76
380,213,56,84
373,212,53,84
368,212,55,83
362,213,57,83
359,210,54,82
354,209,58,81
352,209,60,81
347,209,60,85
345,208,65,81
341,209,69,83
339,207,70,83
336,208,74,79
334,208,72,81
334,205,68,85
334,203,65,86
337,201,57,87
337,195,68,94
337,187,61,101
339,205,72,107
342,200,70,113
347,200,67,110
347,192,68,108
352,186,61,101
353,201,59,89
354,210,52,77
356,210,53,76
357,209,62,77
361,208,59,78
365,211,54,74
372,216,47,70
378,217,42,68
385,225,34,60
390,228,28,56
390,228,28,56
390,228,28,56
390,228,28,56
390,228,28,56
390,228,28,56
390,228,28,56
390,228,28,56
390,228,28,56
390,228,28,56
390,228,28,56
390,228,28,56
390,228,28,56
390,228,28,56
390,228,28,56
390,228,28,56
390,228,28,56
390,228,28,56
390,228,28,56
390,228,28,56
390,228,28,56
390,228,28,56
390,228,28,56
390,228,28,56
390,228,28,56
390,228,28,56
390,228,28,56
390,228,28,56
390,228,28,56
390,228,28,56
390,228,28,56
390,228,28,56
390,228,28,56
390,228,28,56
390,228,28,56
390,228,28,56
390,228,28,56
390,228,28,56
390,228,28,56
390,228,28,56
390,228,28,56
390,228,28,56
390,228,28,56
390,228,28,56
390,228,28,56
390,228,28,56
390,228,28,56
390,228,28,56
390,228,28,56
390,228,28,56
390,228,28,56
390,228,28,56
390,228,28,56
390,228,28,56
390,228,28,56
390,228,28,56
390,228,28,56
390,228,28,56
390,228,28,56
390,228,28,56
390,228,28,56
390,228,28,56
390,228,28,56
390,228,28,56
390,228,28,56
390,228,28,56
390,228,28,56
390,228,28,56
390,228,28,56
390,228,28,56
390,228,28,56
390,228,28,56
390,228,28,56
390,228,28,56
390,228,28,56
390,228,28,56
390,228,28,56
390,228,28,56
390,228,28,56
390,228,28,56
390,228,28,56
390,228,28,56
390,228,28,56
390,228,28,56
390,228,28,56
390,228,28,56
390,228,28,56
390,228,28,56
390,228,28,56
390,228,28,56
390,228,28,56
390,228,28,56
390,228,28,56
390,228,28,56
390,228,28,56
390,228,28,56
390,228,28,56
390,228,28,56
390,228,28,56
364,244,34,58
364,244,34,58
364,244,34,58
364,244,34,58
364,244,34,58
364,244,34,58
364,244,34,58
364,244,34,58
364,244,34,58
364,244,34,58
364,244,34,58
364,244,34,58
364,244,34,58
364,244,34,58
364,244,34,58
364,244,34,58
364,244,34,58
364,244,34,58
364,244,34,58
364,244,34,58
364,244,34,58
413,265,44,56
413,265,44,56
413,265,44,56
413,265,44,56
413,265,44,56
413,265,44,56
413,265,44,56
413,265,44,56
413,265,44,56
413,265,44,56
413,265,44,56
413,265,44,56
413,265,44,56
413,265,44,56
413,265,44,56
413,265,44,56
413,265,44,56
413,265,44,56
413,265,44,56
413,265,44,56
413,265,44,56
413,265,44,56
341,262,57,62
328,256,73,68
328,249,72,81
326,247,72,90
322,250,77,89
331,251,74,95
337,253,74,97
345,254,75,106
354,249,72,121
362,259,71,116
364,266,83,111
374,270,91,113
379,280,85,101
395,287,78,88
401,280,78,93
409,275,70,96
412,272,72,95
415,269,70,96
417,257,67,109
422,261,66,102
425,262,62,105
425,267,65,99
428,268,65,97
429,269,63,92
434,268,63,99
436,268,59,98
438,266,64,99
443,264,63,102
446,264,59,102
449,265,61,104
451,268,62,99
451,273,64,94
452,275,64,94
452,268,62,101
456,260,57,110
456,262,57,109
452,262,63,107
450,268,65,99
451,267,62,100
451,266,62,103
451,269,66,100
452,272,64,96
451,272,66,98
453,271,63,100
461,273,52,97
461,269,51,101
459,267,55,104
460,269,52,102
460,267,51,105
461,265,50,107
459,267,53,104
466,265,44,107
461,264,50,108
455,265,56,107
449,268,69,102
449,279,65,92
448,276,68,94
448,278,68,92
449,282,67,87
455,276,59,93
460,273,53,96
462,280,50,92
463,271,49,98
461,267,48,105
458,262,54,109
455,263,57,108
456,260,62,110
452,266,65,105
457,272,60,99
454,280,62,91
452,277,61,93
446,290,68,81
447,288,70,81
448,288,67,82
449,288,66,81
447,288,68,81
446,284,68,85
446,286,69,85
448,283,68,85
447,282,73,88
448,284,68,84
448,281,72,89
447,283,71,87
447,285,68,84
449,287,67,83
449,282,66,86
447,285,70,83
449,282,65,87
447,286,66,83
447,286,68,83
447,284,67,86
448,287,68,82
449,285,67,84
449,276,68,95
450,281,64,90
450,276,66,94
448,280,67,91
451,281,66,89
449,283,66,87
453,286,66,83
450,286,66,84
451,291,69,79
451,287,68,85
451,290,70,81
452,291,69,79
452,291,70,80
455,293,66,77
456,291,63,81
454,288,66,84
453,292,64,79
455,294,68,78
453,291,71,78
453,282,66,92
451,286,82,87
451,282,80,90
452,277,75,95
456,275,65,97
455,275,66,97
454,278,66,94
455,278,66,96
455,276,67,97
455,280,69,92
456,278,66,96
455,279,66,94
455,275,64,98
456,277,64,95
456,270,64,102
453,271,73,101
451,270,73,102
448,265,80,109
447,267,78,106
448,273,97,102
452,280,102,95
447,277,97,96
448,270,91,102
451,280,74,93
450,281,68,94
452,273,67,97
452,266,66,103
451,263,65,107
453,259,66,113
453,255,68,118
454,248,64,123
454,247,66,127
454,245,63,128
452,240,65,137
453,247,68,125
453,251,69,122
454,255,65,117
454,259,67,113
451,261,71,112
453,261,69,110
451,265,69,106
452,269,70,103
450,269,69,103
449,271,73,101
449,270,72,101
447,280,75,93
447,285,73,84
449,280,69,91
450,284,67,87
448,284,68,85
448,283,69,87
448,282,68,88
447,282,70,89
447,286,73,84
448,284,70,86
448,285,72,83
448,288,71,82
447,287,72,82
449,282,70,89
448,278,70,93
447,279,71,91
448,273,71,98
448,278,65,94
449,275,66,96
450,269,66,103
450,277,64,95
451,280,69,92
448,285,90,87
447,270,100,102
447,274,104,100
449,282,109,90
450,281,94,90
447,284,97,87
450,283,78,88
452,286,75,85
452,289,63,81
455,289,63,82
453,288,64,83
454,286,64,84
454,286,60,84
452,285,64,85
451,281,64,91
455,274,59,98
455,273,61,97
464,272,52,100
454,274,60,98
452,276,66,95
451,276,75,95
452,281,67,91
452,287,65,81
450,282,67,85
451,284,67,84
450,283,68,87
451,277,66,93
452,271,66,99
450,276,65,96
453,277,66,93
451,271,68,101
456,259,64,114
455,260,61,113
455,257,62,117
459,260,56,114
452,261,63,111
456,266,63,103
449,266,66,104
451,260,66,112
450,257,65,113
453,245,61,125
456,248,58,123
452,254,65,120
454,247,61,125
454,231,60,141
453,237,62,133
454,258,63,112
454,250,61,120
456,239,57,132
458,255,54,115
451,252,60,118
453,237,57,134
452,250,61,121
453,233,55,139
449,246,61,126
457,240,52,131
451,247,61,125
447,233,64,138
449,239,60,133
453,242,56,128
457,261,54,110
455,266,52,107
454,270,55,101
449,281,65,90
451,280,61,91
451,280,60,91
449,281,61,90
448,283,62,87
447,282,65,89
443,284,69,86
445,281,67,88
446,282,68,87
445,281,69,90
445,280,69,90
449,278,65,89
451,274,62,95
449,276,64,95
450,273,63,95
448,273,66,96
447,268,64,101
446,274,64,96
445,263,64,107
446,265,65,105
447,266,66,103
446,271,64,99
450,266,61,103
450,268,63,101
450,262,62,107
451,265,64,106
449,270,63,101
447,279,66,93
447,278,69,91
446,282,66,84
441,281,67,89
444,282,70,88
440,280,70,90
443,279,70,92
447,281,65,88
449,278,63,92
447,275,64,96
448,275,61,97
448,272,61,98
443,277,62,90
440,278,60,86
433,273,67,87
420,256,75,97
414,257,75,90
408,253,77,89
396,243,77,92
391,234,66,94
379,229,73,88
372,222,73,91
370,224,66,81
366,221,63,85
365,220,59,89
370,221,53,94
376,219,47,92
378,225,43,81
384,227,34,82
384,228,36,81
383,233,40,73
383,234,37,76
387,236,33,76
387,236,33,76
387,236,33,76
387,240,31,71
387,243,32,65
387,243,32,65
384,251,34,56
383,257,37,49
385,257,32,47
388,256,29,47
388,256,29,47
388,256,29,47
388,256,29,47
388,256,29,47
388,256,29,47
388,256,29,47
388,256,29,47
388,256,29,47
388,256,29,47
388,256,29,47
388,256,29,47
388,256,29,47
388,256,29,47
388,256,29,47
388,256,29,47
467,215,23,46
467,215,23,46
467,215,23,46
458,220,27,40
458,220,27,40
458,220,27,40
458,220,27,40
458,220,27,40
458,220,27,40
458,220,27,40
458,220,27,40
458,220,27,40
458,220,27,40
458,220,27,40
458,220,27,40
458,220,27,40
458,220,27,40
458,220,27,40
496,224,33,43
498,240,39,38
503,228,38,47
508,225,34,52
510,224,33,52
511,224,32,53
515,222,31,54
517,225,32,52
519,227,33,49
521,229,32,47
522,228,31,48
522,228,31,48
522,228,31,48
515,226,42,50
521,225,37,50
511,221,48,53
516,218,45,53
505,215,57,52
505,215,57,52
505,215,57,52
505,215,57,52
505,215,57,52
481,226,63,61
481,226,63,61
481,226,63,61
481,226,63,61
523,277,50,65
524,276,36,65
527,289,29,62
532,289,24,66
530,291,20,66
521,289,32,70
517,282,33,76
508,286,40,72
499,281,48,78
499,261,38,90
489,250,38,92
480,252,42,97
469,253,51,106
460,250,55,114
452,244,57,124
444,246,58,122
434,241,63,129
427,243,63,126
418,243,69,127
409,246,73,119
401,245,78,123
391,245,79,123
382,251,83,115
378,249,80,118
369,245,75,126
363,243,82,127
355,244,85,123
348,240,81,122
343,231,77,137
340,231,71,130
335,234,77,123
335,238,75,121
327,235,77,118
328,238,75,118
319,236,79,121
319,235,77,122
311,229,79,123
304,224,83,131
303,226,79,126
296,217,84,136
287,220,85,136
281,220,86,136
280,222,81,132
273,218,84,138
268,221,83,131
260,215,92,136
255,211,92,138
252,214,92,133
244,209,97,139
241,213,91,130
237,205,89,138
237,207,85,132
234,206,88,131
234,204,89,134
235,206,86,129
237,209,84,124
242,209,79,122
250,215,69,116
252,214,70,117
257,218,68,112
261,219,63,110
264,226,63,100
268,224,60,100
271,232,58,87
275,232,55,87
280,231,51,88
285,234,48,87
290,234,46,88
293,236,47,87
304,239,38,86
309,239,34,89
293,241,42,81
293,243,46,82
291,244,39,79
289,246,49,80
300,256,44,71
292,257,53,67
289,256,45,69
281,264,34,60
281,264,34,60
219,272,26,66
211,273,28,68
206,273,31,73
198,271,40,76
192,274,44,79
188,278,47,84
184,286,47,79
180,291,53,81
175,295,59,80
173,299,54,80
172,302,59,83
170,303,69,86
171,305,63,87
170,297,68,94
173,291,66,101
175,297,62,95
172,301,68,92
176,299,67,94
175,301,65,87
179,303,61,89
179,299,63,94
181,301,62,90
180,300,60,94
184,301,56,92
184,298,55,94
187,299,56,95
188,303,50,92
189,301,48,94
189,303,47,92
189,301,44,94
190,301,43,93
190,303,42,94
191,302,41,94
190,301,43,93
189,303,43,91
191,300,42,97
188,300,46,95
188,301,46,93
189,300,45,97
190,301,43,93
191,303,45,95
191,302,43,92
189,305,46,90
191,305,45,90
189,307,48,87
189,304,49,92
189,304,51,94
189,310,49,87
190,308,50,87
190,310,50,85
189,308,53,87
186,307,57,86
188,306,58,87
186,303,61,92
186,305,64,90
185,310,64,83
184,307,66,87
186,307,67,85
185,309,64,83
187,309,62,81
187,305,62,87
188,307,56,86
189,303,66,91
191,311,65,80
192,307,68,84
193,307,68,84
193,306,69,86
194,312,66,79
194,309,66,84
194,302,67,91
196,304,62,88
197,309,60,79
200,307,61,83
202,307,58,81
201,308,59,77
206,306,56,78
202,303,57,77
205,300,58,79
203,300,59,79
203,302,60,77
204,303,59,74
202,301,59,74
203,301,59,69
204,297,62,71
203,297,59,66
202,299,63,57
203,300,63,54
205,286,60,65
205,271,62,79
208,275,56,75
202,272,58,77
200,267,65,80
198,270,65,76
199,282,59,63
201,276,56,63
198,271,57,66
205,245,60,64
204,236,64,74
205,244,68,73
203,239,71,77
206,239,79,79
208,250,85,69
209,247,86,70
209,253,89,66
212,254,85,67
212,254,87,68
215,252,86,69
212,258,87,63
217,252,84,68
217,256,86,65
216,255,82,65
221,250,80,72
221,252,85,70
221,250,86,69
220,247,88,73
220,245,92,72
196,244,90,67
199,257,80,71
211,256,72,71
212,245,69,88
210,247,70,87
206,245,75,91
204,246,77,93
199,251,81,89
197,256,81,82
196,262,81,77
197,263,84,79
200,267,78,78
199,272,74,73
202,275,68,78
204,283,66,74
206,286,67,74
206,294,64,69
211,298,60,67
210,305,63,64
210,297,65,75
214,294,61,85
211,296,61,89
213,295,55,90
214,294,50,91
211,296,56,89
212,297,54,87
211,299,55,88
211,294,53,91
208,295,56,94
209,299,56,90
208,298,57,86
210,302,54,82
211,298,54,88
210,299,51,87
210,297,52,88
211,298,52,89
213,296,48,82
218,297,42,70
209,315,53,70
212,315,50,71
214,311,46,74
208,304,51,82
209,298,48,87
212,296,52,91
210,297,50,87
212,296,49,91
209,295,50,90
212,298,49,91
210,293,50,94
211,295,49,92
208,300,52,91
209,293,52,92
209,297,52,93
209,296,49,87
210,299,51,88
213,296,47,88
211,297,50,92
214,300,47,86
212,297,47,90
212,299,45,90
209,301,48,83
208,299,51,91
211,305,45,83
217,290,40,97
213,286,44,100
215,284,41,102
214,277,41,109
214,274,44,113
212,274,44,113
210,272,46,115
209,273,46,114
208,278,48,110
213,282,44,108
209,277,45,108
209,284,46,106
208,285,45,105
210,285,41,105
210,286,44,103
208,289,46,99
209,290,44,99
209,291,42,98
208,286,44,101
207,286,44,102
208,288,45,101
211,291,39,100
208,287,42,104
204,283,46,107
208,282,43,106
206,288,43,102
205,287,44,102
205,289,44,100
205,291,45,98
205,295,44,95
205,289,44,99
206,290,44,96
206,296,42,92
205,294,45,96
205,293,45,93
204,294,45,96
204,297,45,91
205,296,46,91
205,294,44,93
205,295,47,96
206,299,45,86
206,296,45,92
207,296,45,89
205,295,46,95
205,295,46,92
204,301,47,91
207,294,46,91
203,299,48,90
206,298,46,90
204,294,49,94
204,291,46,98
206,296,45,93
206,295,43,94
205,295,47,95
204,295,46,91
204,297,48,92
207,298,44,89
206,299,43,88
207,293,44,93
206,292,44,97
206,295,46,94
206,293,44,94
206,293,43,96
205,294,45,96
205,295,46,93
205,295,45,93
205,297,46,90
205,296,46,89
204,297,46,92
207,298,44,90
207,295,43,95
207,297,43,93
205,298,44,90
206,298,45,91
206,298,43,92
204,297,45,93
204,298,44,90
207,299,43,90
204,297,46,90
206,298,45,92
205,297,44,91
206,295,45,93
205,298,43,90
207,296,43,89
205,298,43,90
206,299,45,91
204,298,45,90
205,300,48,88
204,297,47,90
206,295,47,94
206,295,46,95
207,298,48,90
205,295,47,90
209,298,45,90
206,298,45,90
207,296,48,93
207,295,47,92
205,296,46,94
207,297,47,93
206,296,46,92
205,296,47,90
206,296,47,93
205,296,45,92
207,294,45,94
206,296,44,94
209,295,45,95
204,295,48,92
206,298,47,92
207,295,45,94
208,295,43,95
206,294,45,95
205,296,47,93
206,295,47,95
206,299,47,90
207,297,48,92
204,296,49,92
206,297,47,90
206,297,45,94
205,289,47,97
208,297,45,89
206,298,49,92
206,299,48,88
206,296,46,90
208,297,47,92
207,297,48,90
207,301,46,84
206,301,50,84
207,296,46,88
209,298,45,88
205,302,48,81
208,302,51,86
207,300,46,84
209,301,46,84
207,300,48,82
207,302,49,82
207,299,48,84
206,299,50,86
208,298,48,88
208,295,49,91
207,296,50,89
209,292,49,94
207,295,52,94
210,294,48,91
206,294,52,91
204,291,53,93
207,294,52,92
207,292,50,95
208,287,48,97
207,290,53,95
209,289,50,101
206,289,52,98
207,290,50,100
207,291,49,96
208,296,50,91
208,297,53,91
207,296,51,91
209,294,50,94
208,298,49,88
206,295,50,91
206,297,53,92
206,295,50,93
209,298,46,87
207,296,47,94
208,300,46,87
204,296,46,93
202,298,47,89
205,293,47,95
206,293,43,94
207,297,45,91
204,295,47,93
204,300,48,89
202,302,47,87
204,308,42,83
202,305,45,81
207,301,42,84
203,309,44,76
204,303,47,83
206,301,43,86
204,301,45,85
206,297,40,91
205,296,42,93
207,289,43,98
204,292,45,97
206,289,47,98
206,293,45,96
207,296,46,93
207,295,47,93
205,300,48,87
207,303,49,83
207,302,46,87
210,304,47,83
206,301,50,86
204,303,51,84
203,305,53,81
202,303,55,84
203,301,58,84
204,301,57,83
206,302,50,85
209,299,47,85
207,301,52,87
204,301,51,84
208,299,51,87
204,300,53,86
204,300,55,88
205,296,53,91
213,290,48,96
204,294,57,94
207,288,53,97
211,294,47,95
208,293,51,91
207,289,54,97
205,289,58,96
207,297,55,85
209,299,56,83
209,297,53,82
211,296,52,82
211,297,55,81
212,302,50,74
215,307,47,71
217,312,44,67
218,307,44,71
215,305,51,72
214,299,54,80
212,301,59,80
210,301,62,80
208,299,66,81
210,301,68,82
210,307,66,71
210,313,69,65
210,312,70,68
210,309,71,72
210,304,71,77
211,299,74,82
211,305,72,74
213,305,70,75
212,302,70,75
213,295,66,85
215,296,69,87
215,298,71,82
217,301,62,79
219,298,65,81
222,296,66,81
225,294,65,83
228,297,66,79
234,298,58,71
242,294,48,74
249,290,54,80
256,288,52,85
264,287,59,83
271,287,61,85
276,286,61,87
282,286,62,85
289,284,62,85
293,286,62,85
296,284,72,87
297,288,88,87
306,293,81,86
314,296,78,83
322,295,72,90
333,294,69,87
343,288,67,94
353,294,67,85
367,289,64,86
374,284,65,91
387,279,61,89
399,279,57,84
408,274,54,89
416,270,54,88
426,270,54,83
432,267,59,80
442,268,58,80
454,267,58,81
467,264,49,84
484,262,39,76
495,260,40,73
497,259,50,75
509,259,49,71
522,258,49,71
534,257,49,78
543,255,55,91
558,255,50,89
571,256,50,82
583,254,54,84
596,256,53,82
610,258,55,79
625,259,55,81
647,262,47,78
663,268,40,78
678,274,39,73
691,282,40,60
691,282,40,60
691,282,40,60
691,282,40,60
691,282,40,60
691,282,40,60
691,282,40,60
691,282,40,60
691,282,40,60
737,328,29,55
737,328,29,55
737,328,29,55
737,328,29,55
737,328,29,55
737,328,29,55
737,328,29,55
737,328,29,55
