317,255,33,28
319,254,30,26
317,252,32,30
318,251,29,31
317,252,32,29
317,256,32,25
317,255,31,25
318,254,31,27
319,253,30,29
318,250,31,31
318,250,30,31
318,250,31,32
317,253,32,28
317,252,32,29
317,251,30,30
318,252,30,30
317,249,32,31
318,253,30,28
318,253,31,28
317,253,32,29
318,253,31,29
317,251,31,31
317,253,30,30
317,252,31,28
319,251,30,29
318,249,31,32
319,248,29,31
317,245,30,36
317,243,31,38
318,245,30,37
316,239,34,41
317,244,33,36
314,241,35,39
316,244,34,39
317,244,32,40
313,244,36,40
310,239,41,46
308,234,44,53
313,228,41,56
314,214,41,53
314,214,41,53
315,200,44,55
317,198,46,48
319,195,44,48
317,191,49,51
320,192,46,50
317,192,49,51
317,196,49,50
317,196,49,50
317,196,49,50
317,196,49,50
317,196,49,50
317,196,49,50
317,196,49,50
317,196,49,50
317,196,49,50
317,196,49,50
317,196,49,50
319,173,43,51
319,173,43,51
319,173,43,51
319,173,43,51
319,173,43,51
319,173,43,51
319,173,43,51
319,173,43,51
319,173,43,51
319,173,43,51
319,173,43,51
319,173,43,51
319,173,43,51
319,173,43,51
319,173,43,51
319,173,43,51
319,173,43,51
319,173,43,51
319,173,43,51
319,173,43,51
319,173,43,51
319,173,43,51
319,173,43,51
319,173,43,51
319,173,43,51
319,173,43,51
319,173,43,51
319,173,43,51
319,173,43,51
319,173,43,51
319,173,43,51
319,173,43,51
319,173,43,51
319,173,43,51
319,173,43,51
319,173,43,51
319,173,43,51
319,173,43,51
319,173,43,51
319,173,43,51
319,173,43,51
319,173,43,51
319,173,43,51
319,173,43,51
319,173,43,51
319,173,43,51
319,173,43,51
319,173,43,51
319,173,43,51
319,173,43,51
319,173,43,51
319,173,43,51
319,173,43,51
319,173,43,51
319,173,43,51
319,173,43,51
319,173,43,51
319,173,43,51
319,173,43,51
319,173,43,51
319,173,43,51
319,173,43,51
319,173,43,51
319,173,43,51
319,173,43,51
319,173,43,51
319,173,43,51
319,173,43,51
319,173,43,51
319,173,43,51
319,173,43,51
319,173,43,51
319,173,43,51
319,173,43,51
319,173,43,51
319,173,43,51
319,173,43,51
319,173,43,51
319,173,43,51
319,173,43,51
319,173,43,51
319,173,43,51
319,173,43,51
319,173,43,51
319,173,43,51
319,173,43,51
319,173,43,51
319,173,43,51
319,173,43,51
319,173,43,51
319,173,43,51
319,173,43,51
319,173,43,51
319,173,43,51
319,173,43,51
319,173,43,51
319,173,43,51
319,173,43,51
319,173,43,51
319,173,43,51
319,173,43,51
319,173,43,51
319,173,43,51
319,173,43,51
319,173,43,51
319,173,43,51
319,173,43,51
319,173,43,51
319,173,43,51
319,173,43,51
319,173,43,51
319,173,43,51
319,173,43,51
319,173,43,51
319,173,43,51
319,173,43,51
319,173,43,51
319,173,43,51
319,173,43,51
319,173,43,51
319,173,43,51
319,173,43,51
319,173,43,51
319,173,43,51
319,173,43,51
319,173,43,51
319,173,43,51
319,173,43,51
319,173,43,51
319,173,43,51
319,173,43,51
319,173,43,51
319,173,43,51
319,173,43,51
319,173,43,51
319,173,43,51
319,173,43,51
319,173,43,51
319,173,43,51
319,173,43,51
319,173,43,51
319,173,43,51
319,173,43,51
319,173,43,51
319,173,43,51
319,173,43,51
319,173,43,51
319,173,43,51
319,173,43,51
319,173,43,51
319,173,43,51
319,173,43,51
319,173,43,51
319,173,43,51
319,173,43,51
319,173,43,51
319,173,43,51
319,173,43,51
319,173,43,51
319,173,43,51
319,173,43,51
319,173,43,51
319,173,43,51
319,173,43,51
319,173,43,51
319,173,43,51
319,173,43,51
319,173,43,51
319,173,43,51
319,173,43,51
319,173,43,51
319,173,43,51
319,173,43,51
319,173,43,51
319,173,43,51
319,173,43,51
330,146,50,55
330,146,50,55
330,146,50,55
330,146,50,55
330,146,50,55
330,146,50,55
330,146,50,55
330,146,50,55
330,146,50,55
330,146,50,55
330,146,50,55
330,146,50,55
330,146,50,55
330,146,50,55
330,146,50,55
330,146,50,55
330,146,50,55
330,146,50,55
330,146,50,55
330,146,50,55
330,146,50,55
330,146,50,55
330,146,50,55
330,146,50,55
330,146,50,55
330,146,50,55
330,146,50,55
330,146,50,55
330,146,50,55
330,146,50,55
330,146,50,55
330,146,50,55
330,146,50,55
330,146,50,55
330,146,50,55
330,146,50,55
330,146,50,55
330,146,50,55
330,146,50,55
330,146,50,55
330,146,50,55
330,146,50,55
330,146,50,55
330,146,50,55
330,146,50,55
330,146,50,55
330,146,50,55
330,146,50,55
330,146,50,55
330,146,50,55
330,146,50,55
330,146,50,55
330,146,50,55
330,146,50,55
330,146,50,55
330,146,50,55
330,146,50,55
330,146,50,55
330,146,50,55
330,146,50,55
330,146,50,55
330,146,50,55
330,146,50,55
330,146,50,55
330,146,50,55
330,146,50,55
330,146,50,55
330,146,50,55
330,146,50,55
330,146,50,55
330,146,50,55
330,146,50,55
330,146,50,55
330,146,50,55
330,146,50,55
330,146,50,55
330,146,50,55
330,146,50,55
330,146,50,55
330,146,50,55
330,146,50,55
330,146,50,55
330,146,50,55
330,146,50,55
330,146,50,55
330,146,50,55
330,146,50,55
330,146,50,55
330,146,50,55
330,146,50,55
330,146,50,55
330,146,50,55
330,146,50,55
330,146,50,55
330,146,50,55
330,146,50,55
330,146,50,55
330,146,50,55
330,146,50,55
330,146,50,55
330,146,50,55
330,146,50,55
330,146,50,55
330,146,50,55
330,146,50,55
330,146,50,55
330,146,50,55
330,146,50,55
330,146,50,55
330,146,50,55
330,146,50,55
330,146,50,55
330,146,50,55
330,146,50,55
330,146,50,55
330,146,50,55
330,146,50,55
330,146,50,55
330,146,50,55
330,146,50,55
330,146,50,55
330,146,50,55
330,146,50,55
330,146,50,55
330,146,50,55
330,146,50,55
330,146,50,55
330,146,50,55
330,146,50,55
330,146,50,55
330,146,50,55
419,135,46,47
423,139,40,46
421,145,41,38
415,146,47,39
412,149,49,35
408,152,51,33
408,152,51,33
408,152,51,33
408,152,51,33
408,152,51,33
408,152,51,33
408,152,51,33
378,159,48,33
378,159,48,33
378,159,48,33
378,159,48,33
378,159,48,33
378,159,48,33
378,159,48,33
378,159,48,33
378,159,48,33
378,159,48,33
378,159,48,33
378,159,48,33
378,159,48,33
378,159,48,33
378,159,48,33
378,159,48,33
378,159,48,33
378,159,48,33
378,159,48,33
378,159,48,33
378,159,48,33
378,159,48,33
378,159,48,33
378,159,48,33
378,159,48,33
378,159,48,33
378,159,48,33
378,159,48,33
378,159,48,33
378,159,48,33
378,159,48,33
378,159,48,33
378,159,48,33
378,159,48,33
378,159,48,33
378,159,48,33
378,159,48,33
378,159,48,33
378,159,48,33
378,159,48,33
378,159,48,33
378,159,48,33
378,159,48,33
378,159,48,33
378,159,48,33
378,159,48,33
378,159,48,33
378,159,48,33
378,159,48,33
378,159,48,33
378,159,48,33
378,159,48,33
378,159,48,33
378,159,48,33
378,159,48,33
378,159,48,33
378,159,48,33
378,159,48,33
378,159,48,33
378,159,48,33
378,159,48,33
378,159,48,33
378,159,48,33
378,159,48,33
378,159,48,33
378,159,48,33
378,159,48,33
378,159,48,33
378,159,48,33
378,159,48,33
378,159,48,33
378,159,48,33
378,159,48,33
378,159,48,33
378,159,48,33
378,159,48,33
378,159,48,33
378,159,48,33
378,159,48,33
378,159,48,33
378,159,48,33
378,159,48,33
378,159,48,33
378,159,48,33
378,159,48,33
378,159,48,33
378,159,48,33
378,159,48,33
378,159,48,33
378,159,48,33
378,159,48,33
378,159,48,33
378,159,48,33
378,159,48,33
378,159,48,33
378,159,48,33
378,159,48,33
378,159,48,33
378,159,48,33
378,159,48,33
378,159,48,33
378,159,48,33
378,159,48,33
378,159,48,33
378,159,48,33
378,159,48,33
378,159,48,33
378,159,48,33
378,159,48,33
378,159,48,33
378,159,48,33
378,159,48,33
378,159,48,33
378,159,48,33
378,159,48,33
378,159,48,33
378,159,48,33
378,159,48,33
378,159,48,33
378,159,48,33
378,159,48,33
378,159,48,33
378,159,48,33
378,159,48,33
378,159,48,33
378,159,48,33
378,159,48,33
378,159,48,33
378,159,48,33
378,159,48,33
378,159,48,33
378,159,48,33
378,159,48,33
378,159,48,33
378,159,48,33
378,159,48,33
378,159,48,33
378,159,48,33
378,159,48,33
378,159,48,33
378,159,48,33
378,159,48,33
378,159,48,33
378,159,48,33
378,159,48,33
378,159,48,33
378,159,48,33
378,159,48,33
378,159,48,33
378,159,48,33
378,159,48,33
378,159,48,33
378,159,48,33
378,159,48,33
378,159,48,33
378,159,48,33
378,159,48,33
378,159,48,33
378,159,48,33
378,159,48,33
378,159,48,33
378,159,48,33
378,159,48,33
378,159,48,33
378,159,48,33
378,159,48,33
378,159,48,33
378,159,48,33
378,159,48,33
378,159,48,33
378,159,48,33
378,159,48,33
378,159,48,33
378,159,48,33
378,159,48,33
378,159,48,33
378,159,48,33
378,159,48,33
378,159,48,33
378,159,48,33
378,159,48,33
378,159,48,33
378,159,48,33
378,159,48,33
378,159,48,33
378,159,48,33
378,159,48,33
378,159,48,33
378,159,48,33
378,159,48,33
378,159,48,33
378,159,48,33
378,159,48,33
378,159,48,33
378,159,48,33
378,159,48,33
378,159,48,33
378,159,48,33
378,159,48,33
378,159,48,33
378,159,48,33
378,159,48,33
378,159,48,33
378,159,48,33
378,159,48,33
378,159,48,33
378,159,48,33
378,159,48,33
378,159,48,33
378,159,48,33
378,159,48,33
378,159,48,33
378,159,48,33
378,159,48,33
378,159,48,33
378,159,48,33
378,159,48,33
378,159,48,33
378,159,48,33
378,159,48,33
378,159,48,33
378,159,48,33
378,159,48,33
378,159,48,33
378,159,48,33
378,159,48,33
378,159,48,33
378,159,48,33
378,159,48,33
433,121,41,23
433,121,41,23
433,121,41,23
433,121,41,23
433,121,41,23
433,121,41,23
433,121,41,23
433,121,41,23
433,121,41,23
433,121,41,23
433,121,41,23
433,121,41,23
433,121,41,23
371,127,42,25
371,127,42,25
371,127,42,25
371,127,42,25
371,127,42,25
371,127,42,25
371,127,42,25
371,127,42,25
371,127,42,25
371,127,42,25
371,127,42,25
371,127,42,25
371,127,42,25
371,127,42,25
371,127,42,25
371,127,42,25
371,127,42,25
371,127,42,25
371,127,42,25
371,127,42,25
371,127,42,25
371,127,42,25
371,127,42,25
371,127,42,25
371,127,42,25
371,127,42,25
371,127,42,25
371,127,42,25
371,127,42,25
371,127,42,25
371,127,42,25
371,127,42,25
371,127,42,25
371,127,42,25
371,127,42,25
371,127,42,25
371,127,42,25
371,127,42,25
371,127,42,25
371,127,42,25
371,127,42,25
371,127,42,25
371,127,42,25
371,127,42,25
371,127,42,25
371,127,42,25
371,127,42,25
371,127,42,25
371,127,42,25
371,127,42,25
371,127,42,25
371,127,42,25
371,127,42,25
371,127,42,25
371,127,42,25
371,127,42,25
371,127,42,25
371,127,42,25
371,127,42,25
371,127,42,25
371,127,42,25
371,127,42,25
371,127,42,25
371,127,42,25
371,127,42,25
371,127,42,25
371,127,42,25
371,127,42,25
371,127,42,25
371,127,42,25
371,127,42,25
371,127,42,25
371,127,42,25
371,127,42,25
371,127,42,25
371,127,42,25
371,127,42,25
371,127,42,25
371,127,42,25
371,127,42,25
371,127,42,25
371,127,42,25
371,127,42,25
371,127,42,25
371,127,42,25
371,127,42,25
371,127,42,25
371,127,42,25
371,127,42,25
371,127,42,25
371,127,42,25
371,127,42,25
371,127,42,25
371,127,42,25
371,127,42,25
371,127,42,25
371,127,42,25
371,127,42,25
371,127,42,25
371,127,42,25
371,127,42,25
371,127,42,25
371,127,42,25
371,127,42,25
371,127,42,25
371,127,42,25
371,127,42,25
371,127,42,25
371,127,42,25
371,127,42,25
371,127,42,25
371,127,42,25
371,127,42,25
371,127,42,25
371,127,42,25
371,127,42,25
371,127,42,25
371,127,42,25
371,127,42,25
371,127,42,25
371,127,42,25
371,127,42,25
371,127,42,25
371,127,42,25
371,127,42,25
371,127,42,25
371,127,42,25
371,127,42,25
371,127,42,25
371,127,42,25
371,127,42,25
371,127,42,25
371,127,42,25
371,127,42,25
371,127,42,25
371,127,42,25
371,127,42,25
371,127,42,25
371,127,42,25
371,127,42,25
371,127,42,25
371,127,42,25
371,127,42,25
371,127,42,25
371,127,42,25
371,127,42,25
371,127,42,25
371,127,42,25
371,127,42,25
371,127,42,25
371,127,42,25
371,127,42,25
371,127,42,25
371,127,42,25
371,127,42,25
371,127,42,25
371,127,42,25
371,127,42,25
371,127,42,25
371,127,42,25
371,127,42,25
371,127,42,25
371,127,42,25
371,127,42,25
371,127,42,25
371,127,42,25
371,127,42,25
371,127,42,25
371,127,42,25
371,127,42,25
371,127,42,25
371,127,42,25
371,127,42,25
371,127,42,25
371,127,42,25
371,127,42,25
371,127,42,25
371,127,42,25
371,127,42,25
371,127,42,25
371,127,42,25
371,127,42,25
371,127,42,25
371,127,42,25
371,127,42,25
371,127,42,25
371,127,42,25
371,127,42,25
371,127,42,25
371,127,42,25
371,127,42,25
371,127,42,25
371,127,42,25
371,127,42,25
371,127,42,25
371,127,42,25
371,127,42,25
371,127,42,25
371,127,42,25
371,127,42,25
371,127,42,25
371,127,42,25
371,127,42,25
371,127,42,25
371,127,42,25
371,127,42,25
371,127,42,25
371,127,42,25
371,127,42,25
371,127,42,25
371,127,42,25
371,127,42,25
371,127,42,25
371,127,42,25
371,127,42,25
371,127,42,25
371,127,42,25
371,127,42,25
371,127,42,25
371,127,42,25
371,127,42,25
371,127,42,25
371,127,42,25
371,127,42,25
371,127,42,25
371,127,42,25
371,127,42,25
371,127,42,25
371,127,42,25
371,127,42,25
371,127,42,25
371,127,42,25
371,127,42,25
371,127,42,25
371,127,42,25
371,127,42,25
371,127,42,25
371,127,42,25
371,127,42,25
371,127,42,25
371,127,42,25
371,127,42,25
371,127,42,25
371,127,42,25
371,127,42,25
371,127,42,25
371,127,42,25
371,127,42,25
371,127,42,25
371,127,42,25
371,127,42,25
371,127,42,25
371,127,42,25
371,127,42,25
371,127,42,25
371,127,42,25
371,127,42,25
371,127,42,25
371,127,42,25
371,127,42,25
371,127,42,25
371,127,42,25
371,127,42,25
371,127,42,25
371,127,42,25
371,127,42,25
371,127,42,25
371,127,42,25
371,127,42,25
371,127,42,25
371,127,42,25
371,127,42,25
371,127,42,25
371,127,42,25
371,127,42,25
371,127,42,25
371,127,42,25
371,127,42,25
371,127,42,25
371,127,42,25
371,127,42,25
371,127,42,25
371,127,42,25
371,127,42,25
371,127,42,25
371,127,42,25
371,127,42,25
371,127,42,25
371,127,42,25
371,127,42,25
371,127,42,25
371,127,42,25
371,127,42,25
371,127,42,25
371,127,42,25
371,127,42,25
371,127,42,25
371,127,42,25
371,127,42,25
371,127,42,25
371,127,42,25
371,127,42,25
371,127,42,25
371,127,42,25
371,127,42,25
371,127,42,25
371,127,42,25
371,127,42,25
371,127,42,25
371,127,42,25
371,127,42,25
371,127,42,25
371,127,42,25
371,127,42,25
371,127,42,25
371,127,42,25
371,127,42,25
371,127,42,25
371,127,42,25
371,127,42,25
371,127,42,25
371,127,42,25
371,127,42,25
371,127,42,25
371,127,42,25
371,127,42,25
371,127,42,25
371,127,42,25
371,127,42,25
371,127,42,25
371,127,42,25
371,127,42,25
371,127,42,25
371,127,42,25
371,127,42,25
371,127,42,25
371,127,42,25
371,127,42,25
371,127,42,25
371,127,42,25
371,127,42,25
371,127,42,25
371,127,42,25
371,127,42,25
371,127,42,25
371,127,42,25
371,127,42,25
371,127,42,25
371,127,42,25
371,127,42,25
371,127,42,25
371,127,42,25
371,127,42,25
371,127,42,25
371,127,42,25
371,127,42,25
371,127,42,25
371,127,42,25
371,127,42,25
371,127,42,25
371,127,42,25
371,127,42,25
371,127,42,25
371,127,42,25
371,127,42,25
371,127,42,25
371,127,42,25
371,127,42,25
371,127,42,25
371,127,42,25
371,127,42,25
371,127,42,25
371,127,42,25
371,127,42,25
371,127,42,25
371,127,42,25
371,127,42,25
371,127,42,25
371,127,42,25
371,127,42,25
371,127,42,25
371,127,42,25
371,127,42,25
371,127,42,25
371,127,42,25
371,127,42,25
371,127,42,25
371,127,42,25
371,127,42,25
371,127,42,25
371,127,42,25
371,127,42,25
371,127,42,25
371,127,42,25
371,127,42,25
371,127,42,25
371,127,42,25
371,127,42,25
371,127,42,25
371,127,42,25
371,127,42,25
371,127,42,25
371,127,42,25
371,127,42,25
371,127,42,25
371,127,42,25
371,127,42,25
371,127,42,25
371,127,42,25
371,127,42,25
371,127,42,25
371,127,42,25
371,127,42,25
371,127,42,25
371,127,42,25
371,127,42,25
371,127,42,25
371,127,42,25
371,127,42,25
371,127,42,25
371,127,42,25
371,127,42,25
371,127,42,25
371,127,42,25
371,127,42,25
371,127,42,25
371,127,42,25
371,127,42,25
371,127,42,25
371,127,42,25
371,127,42,25
371,127,42,25
371,127,42,25
371,127,42,25
371,127,42,25
371,127,42,25
371,127,42,25
371,127,42,25
371,127,42,25
371,127,42,25
371,127,42,25
371,127,42,25
371,127,42,25
371,127,42,25
371,127,42,25
371,127,42,25
371,127,42,25
371,127,42,25
371,127,42,25
371,127,42,25
371,127,42,25
371,127,42,25
371,127,42,25
371,127,42,25
371,127,42,25
371,127,42,25
371,127,42,25
371,127,42,25
371,127,42,25
371,127,42,25
371,127,42,25
371,127,42,25
371,127,42,25
371,127,42,25
371,127,42,25
371,127,42,25
371,127,42,25
371,127,42,25
371,127,42,25
371,127,42,25
371,127,42,25
371,127,42,25
371,127,42,25
371,127,42,25
371,127,42,25
371,127,42,25
371,127,42,25
371,127,42,25
371,127,42,25
371,127,42,25
371,127,42,25
371,127,42,25
371,127,42,25
371,127,42,25
371,127,42,25
371,127,42,25
371,127,42,25
371,127,42,25
371,127,42,25
371,127,42,25
371,127,42,25
371,127,42,25
371,127,42,25
371,127,42,25
371,127,42,25
371,127,42,25
371,127,42,25
371,127,42,25
371,127,42,25
371,127,42,25
371,127,42,25
371,127,42,25
371,127,42,25
371,127,42,25
371,127,42,25
371,127,42,25
371,127,42,25
371,127,42,25
371,127,42,25
371,127,42,25
371,127,42,25
371,127,42,25
371,127,42,25
371,127,42,25
371,127,42,25
371,127,42,25
371,127,42,25
371,127,42,25
371,127,42,25
371,127,42,25
371,127,42,25
371,127,42,25
371,127,42,25
371,127,42,25
371,127,42,25
371,127,42,25
371,127,42,25
371,127,42,25
371,127,42,25
371,127,42,25
371,127,42,25
371,127,42,25
371,127,42,25
371,127,42,25
371,127,42,25
371,127,42,25
371,127,42,25
371,127,42,25
371,127,42,25
371,127,42,25
371,127,42,25
371,127,42,25
371,127,42,25
371,127,42,25
371,127,42,25
371,127,42,25
371,127,42,25
371,127,42,25
371,127,42,25
371,127,42,25
371,127,42,25
371,127,42,25
371,127,42,25
371,127,42,25
371,127,42,25
371,127,42,25
371,127,42,25
371,127,42,25
371,127,42,25
371,127,42,25
371,127,42,25
371,127,42,25
371,127,42,25
371,127,42,25
371,127,42,25
371,127,42,25
371,127,42,25
371,127,42,25
371,127,42,25
371,127,42,25
371,127,42,25
371,127,42,25
371,127,42,25
371,127,42,25
371,127,42,25
371,127,42,25
371,127,42,25
371,127,42,25
371,127,42,25
371,127,42,25
371,127,42,25
371,127,42,25
371,127,42,25
371,127,42,25
371,127,42,25
371,127,42,25
371,127,42,25
371,127,42,25
371,127,42,25
371,127,42,25
371,127,42,25
371,127,42,25
371,127,42,25
371,127,42,25
371,127,42,25
371,127,42,25
371,127,42,25
371,127,42,25
371,127,42,25
371,127,42,25
371,127,42,25
371,127,42,25
371,127,42,25
371,127,42,25
371,127,42,25
371,127,42,25
371,127,42,25
371,127,42,25
371,127,42,25
371,127,42,25
371,127,42,25
371,127,42,25
371,127,42,25
371,127,42,25
371,127,42,25
371,127,42,25
371,127,42,25
371,127,42,25
371,127,42,25
371,127,42,25
371,127,42,25
371,127,42,25
371,127,42,25
371,127,42,25
371,127,42,25
371,127,42,25
371,127,42,25
371,127,42,25
371,127,42,25
371,127,42,25
371,127,42,25
371,127,42,25
371,127,42,25
371,127,42,25
371,127,42,25
371,127,42,25
371,127,42,25
371,127,42,25
371,127,42,25
371,127,42,25
371,127,42,25
371,127,42,25
371,127,42,25
371,127,42,25
371,127,42,25
371,127,42,25
371,127,42,25
371,127,42,25
371,127,42,25
371,127,42,25
371,127,42,25
371,127,42,25
371,127,42,25
371,127,42,25
371,127,42,25
371,127,42,25
371,127,42,25
371,127,42,25
371,127,42,25
371,127,42,25
371,127,42,25
371,127,42,25
371,127,42,25
371,127,42,25
371,127,42,25
371,127,42,25
371,127,42,25
371,127,42,25
371,127,42,25
371,127,42,25
371,127,42,25
371,127,42,25
371,127,42,25
371,127,42,25
371,127,42,25
371,127,42,25
371,127,42,25
371,127,42,25
371,127,42,25
371,127,42,25
371,127,42,25
371,127,42,25
371,127,42,25
371,127,42,25
371,127,42,25
371,127,42,25
371,127,42,25
371,127,42,25
371,127,42,25
371,127,42,25
371,127,42,25
371,127,42,25
371,127,42,25
371,127,42,25
371,127,42,25
371,127,42,25
371,127,42,25
371,127,42,25
371,127,42,25
371,127,42,25
371,127,42,25
371,127,42,25
371,127,42,25
371,127,42,25
371,127,42,25
371,127,42,25
371,127,42,25
371,127,42,25
371,127,42,25
371,127,42,25
371,127,42,25
371,127,42,25
371,127,42,25
371,127,42,25
371,127,42,25
371,127,42,25
371,127,42,25
371,127,42,25
371,127,42,25
371,127,42,25
371,127,42,25
371,127,42,25
371,127,42,25
371,127,42,25
371,127,42,25
371,127,42,25
371,127,42,25
371,127,42,25
371,127,42,25
371,127,42,25
371,127,42,25
371,127,42,25
371,127,42,25
371,127,42,25
371,127,42,25
371,127,42,25
371,127,42,25
371,127,42,25
371,127,42,25
371,127,42,25
371,127,42,25
371,127,42,25
371,127,42,25
371,127,42,25
371,127,42,25
371,127,42,25
371,127,42,25
371,127,42,25
371,127,42,25
371,127,42,25
371,127,42,25
371,127,42,25
371,127,42,25
371,127,42,25
371,127,42,25
371,127,42,25
371,127,42,25
371,127,42,25
371,127,42,25
371,127,42,25
371,127,42,25
371,127,42,25
371,127,42,25
371,127,42,25
371,127,42,25
371,127,42,25
371,127,42,25
371,127,42,25
371,127,42,25
371,127,42,25
371,127,42,25
371,127,42,25
371,127,42,25
371,127,42,25
371,127,42,25
371,127,42,25
371,127,42,25
371,127,42,25
371,127,42,25
371,127,42,25
371,127,42,25
371,127,42,25
371,127,42,25
371,127,42,25
371,127,42,25
371,127,42,25
371,127,42,25
371,127,42,25
371,127,42,25
371,127,42,25
371,127,42,25
371,127,42,25
371,127,42,25
371,127,42,25
371,127,42,25
371,127,42,25
371,127,42,25
371,127,42,25
371,127,42,25
371,127,42,25
371,127,42,25
371,127,42,25
371,127,42,25
371,127,42,25
371,127,42,25
371,127,42,25
371,127,42,25
371,127,42,25
371,127,42,25
371,127,42,25
371,127,42,25
371,127,42,25
371,127,42,25
371,127,42,25
371,127,42,25
371,127,42,25
371,127,42,25
371,127,42,25
371,127,42,25
371,127,42,25
371,127,42,25
371,127,42,25
371,127,42,25
371,127,42,25
371,127,42,25
371,127,42,25
371,127,42,25
371,127,42,25
371,127,42,25
371,127,42,25
371,127,42,25
371,127,42,25
371,127,42,25
371,127,42,25
371,127,42,25
371,127,42,25
371,127,42,25
371,127,42,25
371,127,42,25
371,127,42,25
371,127,42,25
371,127,42,25
371,127,42,25
371,127,42,25
371,127,42,25
371,127,42,25
371,127,42,25
371,127,42,25
371,127,42,25
371,127,42,25
371,127,42,25
371,127,42,25
371,127,42,25
371,127,42,25
371,127,42,25
371,127,42,25
371,127,42,25
371,127,42,25
371,127,42,25
371,127,42,25
371,127,42,25
371,127,42,25
371,127,42,25
371,127,42,25
371,127,42,25
371,127,42,25
371,127,42,25
371,127,42,25
371,127,42,25
371,127,42,25
371,127,42,25
371,127,42,25
371,127,42,25
371,127,42,25
371,127,42,25
371,127,42,25
371,127,42,25
371,127,42,25
371,127,42,25
371,127,42,25
371,127,42,25
371,127,42,25
371,127,42,25
371,127,42,25
371,127,42,25
371,127,42,25
371,127,42,25
371,127,42,25
371,127,42,25
371,127,42,25
371,127,42,25
371,127,42,25
371,127,42,25
371,127,42,25
371,127,42,25
371,127,42,25
371,127,42,25
371,127,42,25
371,127,42,25
371,127,42,25
371,127,42,25
371,127,42,25
371,127,42,25
371,127,42,25
371,127,42,25
371,127,42,25
371,127,42,25
371,127,42,25
