405,80,116,189
407,86,119,182
412,85,110,183
410,86,106,181
412,85,107,186
415,89,100,181
410,83,112,185
415,89,101,180
414,82,107,190
411,84,113,189
415,86,102,184
417,83,102,188
411,85,111,183
413,89,112,179
415,88,108,182
412,87,115,188
415,81,105,194
414,91,117,179
417,88,107,185
419,83,106,193
421,88,106,188
421,81,103,194
419,88,111,188
421,86,107,185
415,87,113,189
415,93,119,182
417,83,108,193
413,93,114,184
415,93,114,185
414,90,107,188
412,87,111,189
411,88,108,188
410,89,109,189
411,83,105,194
409,85,108,187
407,84,117,188
408,84,104,189
410,83,104,190
408,78,110,195
406,85,103,189
406,80,100,188
410,83,92,188
405,83,102,187
405,86,103,184
405,87,100,175
409,84,97,185
407,89,100,173
408,88,97,171
407,90,103,177
406,93,102,174
405,95,106,166
405,89,109,170
411,89,99,176
417,84,95,175
417,90,97,173
423,89,94,175
425,86,94,177
431,84,90,183
430,84,95,190
433,86,96,183
433,84,97,188
433,83,99,188
433,85,102,182
441,82,90,186
438,83,97,186
436,85,104,179
440,84,95,186
442,83,91,184
442,81,93,190
443,81,92,195
444,82,86,194
444,84,87,187
443,84,88,188
441,84,92,188
442,86,90,184
439,85,92,183
440,85,87,182
437,87,92,174
437,86,85,179
435,86,86,183
436,82,83,182
432,84,88,183
435,84,83,187
437,85,78,178
437,84,81,180
441,84,76,181
441,85,75,179
442,84,74,161
441,81,74,173
445,81,72,166
444,80,75,153
444,78,77,148
451,74,69,156
452,77,69,151
455,76,67,155
458,75,66,153
458,73,69,154
458,74,67,159
456,73,69,156
454,72,73,164
456,71,72,177
455,72,73,178
455,71,74,175
455,72,73,174
456,72,71,177
455,71,79,181
454,70,74,179
456,71,77,173
452,71,84,187
452,71,84,190
453,73,81,190
453,70,79,192
452,71,85,191
452,72,81,189
453,73,80,186
453,71,81,194
453,68,85,205
454,70,79,199
454,71,80,189
455,70,83,184
457,67,78,183
457,67,78,191
458,68,77,186
455,70,85,181
458,70,82,187
457,69,84,192
460,70,81,180
459,71,80,176
461,73,79,165
461,72,78,166
460,73,82,168
460,70,80,177
459,72,78,176
457,74,76,168
457,75,76,180
457,73,78,181
459,75,79,176
459,75,75,172
459,73,79,173
461,75,78,164
461,73,76,168
462,74,77,167
460,72,82,179
464,73,76,177
463,75,78,163
463,73,74,169
461,71,77,172
461,72,78,175
460,73,82,166
460,72,79,169
462,71,79,165
463,68,75,177
461,70,79,163
462,70,75,166
460,72,76,159
459,70,73,171
458,71,75,167
457,71,74,160
455,73,74,161
456,72,70,161
453,73,72,162
451,71,76,166
450,74,73,152
450,74,69,155
446,75,73,154
449,74,72,152
447,73,74,159
447,73,75,176
447,76,72,158
448,72,73,166
450,73,69,157
449,73,74,156
449,74,74,159
449,71,78,167
449,72,76,157
450,70,76,165
451,72,73,155
448,74,73,149
447,75,77,150
445,75,76,148
449,74,74,152
446,73,75,151
445,73,76,149
443,75,79,150
442,75,79,151
440,76,79,146
440,72,81,147
439,73,79,152
438,77,79,140
436,75,82,145
435,78,82,138
433,81,81,137
433,79,81,140
431,80,83,139
432,81,84,138
427,81,85,131
431,82,85,138
428,83,86,134
427,85,86,132
424,87,91,130
427,85,84,131
423,88,88,123
414,85,102,140
418,88,95,130
417,91,92,118
412,91,98,131
419,92,90,121
411,93,98,130
410,93,102,128
412,96,97,121
410,93,96,124
408,95,102,135
411,95,99,129
409,95,101,123
409,97,99,120
409,96,99,127
408,95,104,129
408,94,100,127
409,100,98,120
410,98,93,119
401,98,110,134
401,98,118,143
400,96,115,160
398,100,119,167
396,99,136,167
396,100,141,164
395,99,129,169
393,102,132,162
392,101,142,165
391,101,138,164
389,103,136,163
389,107,138,161
391,105,132,162
387,103,149,170
388,107,148,161
387,104,137,162
386,104,145,163
386,105,131,157
384,104,151,164
382,106,152,165
386,104,135,163
387,102,141,170
387,100,134,169
382,102,164,170
386,103,144,163
384,102,151,169
385,102,144,164
384,105,157,164
383,104,158,164
384,102,158,168
384,107,152,163
386,105,154,161
385,106,153,162
384,104,146,162
384,107,158,165
387,103,148,161
384,112,143,161
385,113,137,155
383,107,151,163
383,109,153,156
380,110,154,155
380,111,149,156
379,111,152,151
376,113,168,153
377,115,155,153
376,113,142,149
376,115,152,150
375,116,152,151
372,114,153,153
370,114,154,148
367,120,158,151
365,115,150,149
366,113,158,153
362,118,165,148
359,119,169,151
358,117,161,152
353,116,165,152
350,115,179,153
353,109,160,158
353,114,144,151
352,119,168,143
349,114,165,152
352,117,155,151
353,111,167,156
352,114,163,153
354,113,143,148
353,114,162,151
349,109,171,159
351,105,170,164
349,107,174,158
347,117,172,146
346,116,169,154
351,111,161,154
347,112,158,152
350,118,167,151
343,114,172,152
344,119,171,151
343,122,171,145
341,115,174,152
344,122,166,145
338,118,167,147
340,126,176,143
339,121,171,147
338,125,173,143
340,128,164,141
339,130,169,135
337,128,174,139
338,127,171,139
338,133,154,132
338,130,159,137
335,130,172,141
335,133,183,144
334,133,185,146
334,135,174,145
333,143,176,133
331,148,173,125
328,152,186,125
331,150,170,124
328,151,179,125
330,143,177,134
329,152,177,124
332,148,170,124
330,152,164,121
328,153,174,121
331,153,171,119
330,151,177,122
329,155,180,122
330,153,178,124
330,157,169,115
331,154,165,120
331,156,165,119
331,153,180,130
332,158,173,120
334,159,166,116
333,156,164,119
333,158,168,120
331,163,169,111
333,160,158,114
334,165,164,111
334,165,161,110
334,166,167,108
333,167,165,110
333,169,161,105
336,170,154,105
336,169,162,111
336,168,160,109
336,171,159,107
335,171,156,105
337,173,164,114
335,177,146,99
333,174,158,107
336,170,176,127
335,179,184,131
335,177,182,140
334,176,187,136
336,182,180,134
334,179,184,140
335,183,177,136
334,186,166,122
336,183,182,135
337,188,171,128
334,187,177,132
334,188,177,129
335,188,177,132
335,191,181,125
336,194,170,118
337,193,162,118
339,197,170,117
340,198,162,115
339,201,163,112
338,207,178,110
342,203,166,116
339,208,148,104
342,205,151,109
343,203,160,116
341,211,162,110
345,212,174,108
345,207,166,111
348,212,159,108
346,212,158,111
347,210,149,111
348,215,167,107
350,219,147,103
350,215,145,106
351,226,160,97
351,229,149,99
351,221,151,101
353,225,157,100
353,222,148,99
352,222,150,103
354,220,152,103
354,229,146,97
353,221,151,103
354,225,161,101
355,222,152,99
358,233,153,91
354,225,156,95
358,234,160,92
361,236,150,86
359,224,151,99
362,227,151,97
362,238,150,86
358,234,151,86
364,235,145,86
360,246,160,77
360,252,161,73
361,250,153,74
360,248,155,75
361,250,156,74
362,255,155,67
363,253,152,69
365,252,150,73
363,253,140,67
365,255,121,69
364,255,119,66
373,257,139,63
363,257,152,66
365,255,149,68
365,258,151,64
367,259,146,63
366,259,145,63
368,261,143,62
366,261,126,62
366,261,117,61
378,263,110,59
365,264,114,55
385,263,106,58
372,265,103,59
376,266,104,56
389,267,88,56
383,265,92,58
368,270,103,52
369,272,105,50
378,273,96,49
367,274,102,48
367,275,102,47
367,276,103,47
367,278,103,45
376,279,94,43
377,281,90,42
381,283,84,41
390,284,72,37
394,284,68,39
396,285,66,36
393,284,71,38
396,285,66,36
400,285,60,36
397,287,62,34
401,286,57,36
399,287,61,34
400,285,59,36
399,286,61,35
398,287,61,35
400,285,58,36
399,287,58,34
399,287,58,35
403,286,53,35
408,287,49,34
411,290,43,31
410,288,44,32
410,290,45,33
409,290,46,31
411,291,43,31
413,292,40,29
412,292,43,30
413,295,39,25
412,295,41,24
412,296,40,25
412,297,39,24
412,296,39,25
413,297,37,24
411,297,38,23
411,299,37,22
410,299,35,21
409,299,38,22
411,300,33,21
412,299,36,22
412,298,36,23
411,298,36,23
411,300,36,22
410,300,34,21
408,303,32,18
407,305,32,17
406,306,30,15
405,308,31,14
406,310,27,12
407,311,24,11
407,309,25,12
408,310,25,11
410,310,23,11
411,310,21,11
413,309,23,11
415,310,21,10
418,310,24,10
423,310,22,10
427,310,21,10
433,310,22,10
440,309,23,12
448,311,20,10
457,311,18,8
464,311,16,10
471,311,14,9
476,311,13,9
482,311,12,9
494,310,15,10
498,310,15,10
498,310,15,10
511,311,13,10
514,311,15,10
519,311,15,9
520,311,15,10
519,310,19,11
520,309,18,10
520,309,18,12
518,310,21,12
513,309,24,12
512,309,27,13
511,308,27,15
510,309,29,15
510,309,29,15
508,307,31,16
510,307,29,15
510,308,30,15
508,307,33,16
509,307,31,16
509,307,32,16
508,307,32,16
508,308,33,15
507,307,34,17
508,308,33,16
508,308,32,15
508,308,33,15
508,308,32,15
508,307,33,16
508,307,33,17
508,305,34,18
509,307,32,17
509,307,32,17
509,307,33,16
508,306,34,17
509,306,33,17
508,306,34,17
508,306,34,17
508,306,34,17
508,307,35,16
508,305,35,18
510,306,34,18
511,307,34,18
510,306,36,18
513,305,36,19
514,305,38,20
513,305,40,21
511,302,43,22
508,299,47,25
507,295,47,28
505,293,49,28
505,290,51,34
506,289,49,34
506,288,50,35
504,286,54,37
503,285,58,39
503,284,58,39
502,284,58,40
502,283,58,43
501,281,60,43
502,279,62,46
501,278,61,47
500,276,61,49
501,276,61,49
500,276,60,47
496,277,65,46
498,275,63,50
498,275,65,48
495,273,67,52
493,272,71,53
488,271,79,52
486,270,81,52
481,268,92,57
478,265,100,61
479,263,99,62
475,264,103,59
475,263,106,63
473,262,107,65
470,261,114,65
467,259,114,67
469,260,112,66
464,257,119,70
465,256,123,69
462,254,121,71
461,254,122,69
453,255,136,69
452,253,141,72
451,252,135,74
454,249,133,77
456,246,140,79
452,249,141,76
451,243,139,80
449,244,147,80
448,243,137,81
443,241,152,86
439,239,150,86
443,238,148,87
439,234,146,93
442,229,144,97
446,229,135,95
447,229,131,98
447,227,130,98
444,226,135,98
441,226,139,100
437,225,143,100
445,227,133,100
448,223,124,100
442,224,132,104
444,224,131,100
438,222,140,100
440,221,139,106
433,216,148,105
434,214,148,108
440,211,144,112
438,208,143,112
433,209,150,114
427,208,160,108
424,207,163,107
436,207,142,113
440,206,139,107
435,208,146,111
437,206,143,108
444,206,137,114
438,204,138,113
441,202,139,115
447,202,135,113
444,201,130,114
440,200,138,115
436,198,145,115
434,199,148,116
453,198,127,120
447,198,133,115
449,195,132,117
443,192,143,122
433,193,148,115
437,193,147,113
450,192,136,116
439,192,153,104
443,189,142,102
449,186,140,112
443,187,145,104
444,186,146,108
449,185,140,118
444,185,143,129
445,185,144,135
443,183,144,140
446,181,140,142
455,184,134,141
442,181,144,140
451,179,142,138
446,183,139,140
452,179,138,140
447,180,144,142
455,179,138,137
450,178,143,141
457,178,136,141
457,175,135,138
455,177,138,138
455,175,142,139
458,178,143,133
456,175,143,141
453,173,143,142
456,175,144,135
457,174,141,136
455,173,142,133
458,173,140,132
457,170,143,143
455,169,142,142
456,171,142,130
455,170,143,140
451,163,156,152
449,166,152,136
447,167,155,136
446,165,155,132
439,164,161,129
436,163,161,130
438,164,162,134
438,163,164,146
439,161,162,137
437,160,167,137
438,157,164,134
440,158,175,160
441,158,164,162
439,156,179,162
444,156,169,164
445,156,165,159
444,155,158,155
442,152,179,174
441,153,182,170
446,152,167,175
443,145,167,179
443,151,171,171
445,147,164,177
443,145,162,180
438,144,176,177
440,141,187,182
440,140,193,188
444,141,206,192
446,139,219,200
441,138,236,196
440,134,242,204
441,134,205,184
443,134,224,195
445,134,222,202
443,134,233,201
447,133,226,212
444,130,210,192
443,130,226,200
445,131,231,210
443,131,212,187
446,131,226,191
450,128,219,207
452,132,212,207
448,128,185,193
448,130,218,193
450,127,216,203
451,129,195,201
450,129,208,205
450,131,210,209
446,126,217,212
452,127,204,217
448,128,211,211
453,127,213,213
450,128,216,203
456,123,206,219
457,121,212,213
451,123,216,207
458,120,205,217
454,120,195,204
457,120,203,204
460,121,197,200
460,121,202,198
461,119,197,204
457,118,203,205
454,118,201,208
452,120,212,206
458,116,207,221
457,117,188,216
458,118,197,215
457,118,192,211
455,115,198,215
455,119,200,206
458,120,199,209
458,113,198,213
456,117,205,213
454,116,192,213
456,117,201,215
459,116,199,222
458,116,201,224
458,116,200,229
459,114,180,223
457,115,196,229
461,111,183,253
459,111,188,250
459,116,177,246
456,113,181,240
461,111,158,239
457,111,154,216
457,114,163,207
459,111,153,185
452,111,158,165
449,111,161,161
456,110,156,159
466,110,148,160
450,109,159,165
451,108,156,162
464,106,142,163
451,107,159,169
452,105,155,162
447,107,158,163
451,105,152,163
447,103,157,166
452,105,149,160
452,101,151,168
454,101,147,165
447,100,152,173
449,100,150,167
446,102,153,165
446,103,150,165
443,104,154,165
445,102,152,166
447,102,150,163
449,105,143,167
437,99,155,167
439,103,152,166
438,100,154,170
438,100,152,168
438,99,150,169
440,95,151,173
444,100,147,166
444,97,145,170
436,99,155,169
439,97,148,171
437,100,148,168
437,97,149,170
437,96,148,170
436,98,151,170
434,98,154,170
437,98,146,168
436,98,150,169
435,97,148,168
435,99,147,166
436,97,145,170
436,96,148,173
436,96,149,172
433,96,159,170
435,96,147,172
439,96,136,169
442,95,135,170
437,93,137,175
438,95,135,168
436,89,134,173
439,94,129,178
437,94,129,167
437,89,128,176
439,94,119,169
438,95,125,173
435,93,129,172
438,96,118,172
434,94,125,171
435,96,120,171
435,95,115,172
438,90,111,178
433,92,117,171
434,90,112,173
432,96,114,174
434,90,113,172
432,92,108,176
432,93,105,174
431,88,106,178
427,91,107,175
428,91,111,176
425,93,113,174
423,89,111,177
423,92,112,178
424,91,109,173
424,92,113,175
424,91,107,179
424,90,110,179
423,86,112,184
421,87,115,182
423,92,109,183
426,82,102,183
421,89,117,183
423,82,108,179
422,93,111,171
423,85,112,183
420,87,109,185
425,82,106,180
419,85,117,179
416,86,119,185
424,82,105,184
423,87,110,180
419,85,111,182
419,89,112,180
428,87,98,182
418,85,119,177
418,88,112,180
419,88,116,175
415,90,117,177
418,91,116,176
422,87,107,181
420,84,105,181
418,89,110,177
421,85,106,183
417,89,117,175
421,84,102,183
420,83,109,184
421,82,104,183
421,84,103,186
417,87,114,178
420,87,102,178
416,84,111,179
418,84,103,179
415,86,113,177
417,87,106,180
415,86,108,177
414,90,112,172
413,87,109,175
408,89,119,177
411,87,117,174
412,88,102,173
410,87,111,175
410,88,111,175
412,88,102,174
409,88,107,173
409,91,107,173
407,88,109,173
408,90,102,169
406,90,109,169
406,88,108,176
406,91,105,172
408,94,102,167
407,89,97,177
406,90,99,170
405,91,104,168
405,91,102,169
403,89,107,171
404,93,103,167
405,92,100,172
401,90,106,171
405,92,93,169
404,94,100,168
403,90,97,170
401,96,106,167
401,92,102,168
401,97,97,161
402,91,97,165
400,97,100,161
404,95,89,165
403,94,90,166
402,94,94,166
401,96,95,165
403,97,89,165
403,99,92,160
402,99,92,165
403,100,90,159
399,97,93,165
398,102,101,163
401,98,93,163
401,100,89,161
401,98,87,161
398,98,95,165
398,102,99,155
399,103,85,157
401,104,86,154
400,107,88,152
401,103,81,156
401,102,81,156
400,104,86,151
401,104,83,155
402,101,84,155
401,100,81,157
400,103,82,154
401,99,80,155
399,100,88,156
398,99,85,161
400,97,91,162
398,101,87,159
401,101,90,156
401,98,81,161
401,101,81,155
402,98,75,157
400,101,85,156
399,100,86,156
398,100,85,156
399,103,87,153
399,104,89,149
399,100,82,156
398,101,83,156
401,105,77,151
400,104,81,151
399,103,84,154
397,101,91,157
399,105,87,152
399,106,86,147
400,104,79,151
398,106,86,149
398,102,83,155
398,106,83,151
397,105,83,150
398,102,79,156
398,106,84,153
399,103,76,156
397,109,84,148
398,110,79,147
397,109,81,151
396,108,79,154
395,111,81,149
395,110,81,151
394,116,86,147
394,120,81,142
396,117,82,148
393,118,83,143
393,125,82,138
395,124,79,140
391,124,83,141
392,130,82,133
392,128,82,138
392,126,78,139
391,128,80,135
390,128,84,140
391,129,75,130
390,137,84,125
391,136,80,131
391,135,83,127
391,128,76,135
390,134,81,131
389,141,83,121
389,140,82,122
388,142,83,119
389,143,84,119
389,136,82,127
388,141,86,124
389,144,78,119
389,143,82,121
389,146,80,117
388,149,84,116
389,145,81,119
387,152,82,114
388,150,79,114
387,147,83,119
386,150,87,116
387,152,85,114
388,153,82,113
386,157,86,109
389,149,79,115
388,157,83,107
389,160,81,105
388,158,84,108
389,163,83,103
389,161,83,105
390,163,82,102
390,159,75,107
389,159,80,104
390,165,80,98
388,158,85,105
389,168,85,98
388,164,85,98
391,174,82,88
389,168,84,97
390,171,86,95
389,172,88,92
391,168,85,97
390,174,90,93
394,168,82,94
393,173,83,97
390,178,91,88
391,180,85,84
392,179,83,85
389,176,89,92
393,174,86,87
392,178,85,87
393,174,82,92
392,175,84,97
392,181,85,91
392,176,84,89
392,178,84,92
394,177,78,88
392,179,87,91
393,180,83,88
392,182,82,82
392,186,82,82
394,180,79,82
390,188,87,76
391,186,86,82
390,187,88,81
393,183,77,79
392,194,81,78
388,196,89,68
390,190,86,75
390,190,88,76
392,196,80,71
390,195,87,69
389,191,87,78
391,198,86,69
388,200,92,68
388,196,88,71
389,202,85,67
389,208,86,57
389,222,86,47
385,222,94,45
388,211,89,57
390,207,80,59
388,210,86,56
389,209,79,57
387,209,82,60
385,215,87,52
387,213,84,51
385,220,84,47
385,216,90,49
385,211,88,54
384,216,88,51
382,222,86,42
383,217,85,48
385,219,84,47
382,220,84,46
385,221,80,45
385,222,76,44
383,224,73,41
385,225,69,40
396,223,67,42
388,224,70,42
388,226,61,40
393,227,62,39
389,226,67,38
387,229,69,36
388,230,66,35
391,232,62,34
395,229,60,36
397,231,55,33
405,230,47,33
404,232,44,32
408,232,37,33
408,234,37,31
409,235,35,29
409,235,33,29
409,235,34,29
409,235,34,29
409,235,34,31
409,235,32,31
409,235,34,32
410,236,34,29
410,237,30,29
411,237,29,29
411,238,30,28
409,237,32,29
410,237,29,29
411,240,29,27
411,239,24,27
410,239,28,28
411,239,26,27
410,240,22,26
411,239,25,28
410,240,24,27
411,239,24,28
410,238,24,30
410,239,24,28
411,239,23,28
410,239,24,28
411,239,23,27
412,239,20,27
410,239,24,28
410,240,27,27
410,239,24,28
410,239,23,28
416,241,19,25
418,240,15,24
411,245,21,21
412,240,20,26
414,238,17,26
414,238,18,26
414,239,19,25
415,239,17,24
416,240,16,24
416,239,16,24
417,240,15,23
416,240,16,24
416,239,15,25
417,239,13,25
416,240,15,26
414,239,17,27
411,238,20,28
411,237,21,30
412,239,21,27
412,240,22,24
410,239,22,26
410,240,23,26
411,240,25,26
413,240,24,25
417,240,22,26
420,240,20,25
417,240,23,25
419,241,22,25
413,240,23,26
412,240,26,27
415,241,26,25
414,241,26,26
414,240,26,26
411,240,30,27
411,239,31,26
411,240,31,27
411,240,30,27
411,240,30,26
414,240,28,27
413,241,28,26
412,241,29,26
412,240,30,26
412,241,29,26
414,241,27,26
415,241,25,25
419,241,21,25
420,240,16,26
419,239,17,27
420,240,17,26
421,239,15,26
422,239,16,26
422,240,15,24
421,240,14,24
420,239,15,26
420,239,14,25
421,239,16,25
419,240,20,26
411,238,23,28
416,239,23,26
414,237,28,28
411,238,34,27
409,235,38,31
409,233,38,32
408,232,41,32
409,229,41,35
408,228,45,34
409,225,51,37
408,223,54,41
407,221,56,42
408,220,55,42
405,220,60,45
404,219,58,46
400,218,64,47
396,217,67,49
392,215,72,51
392,216,71,51
393,211,74,55
393,211,85,56
395,210,82,56
397,210,87,56
396,206,89,60
393,211,94,55
397,210,90,57
398,204,85,62
398,203,87,64
398,208,77,60
399,202,83,65
399,200,85,66
397,202,91,64
399,202,83,69
398,195,86,72
399,196,90,71
399,199,85,66
399,198,84,67
398,198,89,69
396,193,94,76
398,196,89,71
398,193,89,73
397,195,90,73
396,188,90,82
399,184,85,79
398,187,84,80
398,190,86,74
399,186,82,77
399,191,81,77
398,183,84,83
399,181,78,85
398,182,78,84
399,183,79,85
398,181,85,82
400,182,74,85
399,179,81,85
398,181,85,83
399,180,84,88
399,181,83,81
397,182,94,85
401,183,81,82
400,186,88,84
398,182,91,82
400,179,89,88
399,175,89,91
400,180,85,92
403,174,82,88
400,177,88,91
401,177,89,86
403,172,79,89
404,178,77,91
403,172,82,92
402,173,86,94
400,172,91,93
403,172,86,91
404,168,80,95
402,168,84,98
402,170,87,96
402,166,89,98
403,166,91,101
406,168,82,95
405,165,80,98
405,165,83,101
406,167,84,99
406,163,81,102
408,164,75,101
408,164,79,102
407,164,81,101
409,165,74,100
406,162,85,103
408,164,79,102
409,164,78,103
411,158,73,109
410,160,75,105
410,158,77,108
411,160,77,106
413,158,74,108
414,159,73,106
410,159,78,106
412,161,76,106
410,159,81,106
411,158,79,108
410,161,81,104
409,154,83,113
411,156,78,109
411,160,81,106
411,153,81,113
409,153,80,113
410,149,80,116
410,151,76,112
409,157,83,108
412,145,73,121
410,152,79,115
412,148,80,116
410,146,82,118
410,149,79,115
410,145,83,119
412,143,81,119
411,142,79,123
411,143,78,121
411,142,83,122
412,141,77,122
410,136,84,126
411,137,79,127
409,134,85,129
408,132,90,130
410,132,87,130
410,129,85,135
409,131,86,131
407,126,86,135
410,126,80,138
409,123,83,141
411,128,83,132
408,123,92,141
409,122,88,142
412,120,82,142
409,121,87,143
410,120,87,141
409,116,83,150
411,117,86,146
410,118,85,144
412,116,88,146
415,116,83,146
416,112,79,147
411,113,84,149
412,112,85,148
413,111,80,148
411,106,81,151
412,110,84,151
411,108,83,152
411,109,87,149
412,108,81,153
409,105,88,155
409,111,92,146
409,107,90,151
411,108,89,151
412,108,85,145
411,103,86,153
411,105,89,156
412,105,88,156
412,101,83,157
415,101,86,149
412,101,89,156
413,103,88,152
414,104,86,147
410,101,92,155
411,103,93,147
412,101,87,154
412,100,89,156
413,99,91,160
412,101,93,154
413,98,90,158
414,99,89,154
414,97,90,163
412,97,97,163
414,96,89,158
416,97,85,160
414,95,93,162
415,100,91,156
416,94,87,159
412,93,93,166
409,94,101,165
410,95,97,165
415,90,91,169
411,94,97,168
411,94,99,164
411,94,101,164
413,91,92,168
413,94,91,166
415,95,93,164
411,94,92,163
410,93,102,171
410,94,93,164
414,98,95,164
411,92,91,166
414,90,93,168
409,93,98,169
414,95,93,163
415,96,88,164
414,94,91,165
413,93,84,165
415,96,85,167
411,95,95,162
411,92,97,173
410,91,97,170
411,95,96,169
412,97,98,169
412,97,92,165
415,93,93,172
411,95,96,175
409,94,98,165
413,95,96,169
409,92,98,175
414,92,93,173
416,93,86,171
409,94,106,172
412,92,96,175
414,93,90,175
413,91,99,173
410,95,103,171
411,93,97,170
414,94,92,170
414,94,89,167
411,95,102,171
412,93,93,174
412,89,96,174
410,93,97,175
411,93,101,174
410,90,96,176
410,91,100,174
410,89,100,178
412,94,94,173
412,92,94,181
409,92,99,175
411,92,96,178
409,87,97,179
412,94,93,176
412,90,95,176
411,90,96,178
412,88,95,181
410,91,99,175
409,87,100,181
410,88,102,179
411,88,100,178
410,87,102,176
413,91,97,177
413,89,92,179
409,89,105,175
411,90,99,175
410,88,105,176
413,84,97,179
411,86,104,175
412,86,98,178
412,83,102,185
414,81,95,184
412,85,106,177
414,81,102,179
412,84,106,177
414,80,99,184
414,82,100,180
412,83,105,179
413,83,103,177
414,81,103,180
412,80,108,183
414,79,100,182
415,77,101,182
414,83,102,184
419,78,92,184
415,82,101,182
416,78,102,186
414,83,101,185
415,77,104,186
411,86,108,181
414,78,104,186
413,81,106,184
413,80,111,184
414,80,110,188
414,78,113,188
417,77,106,195
417,73,104,193
416,76,106,194
416,80,103,188
415,77,108,187
416,80,107,186
414,84,113,182
419,78,105,190
415,77,112,189
417,78,107,184
417,79,112,189
417,78,113,189
418,76,115,192
418,78,116,189
420,73,115,199
422,73,110,191
423,73,107,203
423,71,111,199
425,73,110,198
425,69,108,198
423,71,113,199
425,67,108,203
424,67,112,207
429,69,106,198
427,69,110,200
428,68,106,202
428,70,106,200
427,67,110,203
427,72,111,202
427,70,113,199
427,67,108,203
428,72,110,203
429,67,101,201
428,70,108,206
424,73,120,199
427,72,119,203
430,69,109,208
427,71,119,208
429,74,117,201
428,67,109,214
429,68,115,214
432,71,112,206
431,71,115,211
430,74,116,205
430,75,126,205
433,71,118,206
433,72,110,212
434,71,113,210
434,73,115,214
433,67,116,231
432,72,120,211
434,73,118,209
437,69,112,220
434,70,120,224
435,68,121,218
434,68,125,224
434,73,123,216
435,72,125,211
432,72,126,210
436,67,122,224
434,68,129,219
433,75,126,207
433,74,132,212
432,71,128,215
434,71,126,220
435,72,124,219
436,70,124,216
433,67,130,227
434,66,131,236
432,68,126,225
432,70,129,223
435,70,128,222
433,69,131,224
433,70,130,222
434,72,131,224
433,72,131,226
433,70,131,225
433,72,131,230
434,69,132,235
434,73,133,233
438,72,128,237
435,74,135,229
435,76,137,230
437,75,141,235
437,76,146,235
441,72,141,240
443,73,142,242
442,75,146,243
443,77,146,240
444,80,148,236
446,79,152,237
451,79,145,241
446,80,159,236
453,81,142,242
446,78,157,241
450,85,152,239
452,81,151,244
448,81,149,239
453,83,150,237
452,91,153,228
452,83,152,238
452,85,164,241
455,87,161,233
454,90,157,233
460,83,145,236
459,89,155,232
462,91,155,232
462,85,150,237
466,88,159,234
467,81,149,242
469,82,159,244
469,87,152,233
467,84,156,231
471,92,150,228
470,78,155,251
477,91,142,240
473,84,147,235
471,93,164,236
467,86,164,259
473,87,164,266
468,80,156,267
471,93,154,253
464,84,160,269
469,89,153,261
465,88,154,262
466,83,154,276
464,94,162,248
464,92,159,261
466,92,153,250
461,88,168,259
464,95,159,254
463,89,168,262
464,94,181,263
462,100,171,254
465,93,180,269
463,100,179,261
468,99,182,261
459,100,185,258
468,102,197,264
460,99,180,252
467,100,199,256
465,99,200,267
469,97,193,259
471,95,196,269
472,100,184,250
474,102,194,253
470,97,196,262
477,99,206,274
479,100,173,259
483,89,195,290
484,97,171,268
483,91,193,278
482,93,202,268
481,95,201,265
487,94,193,262
487,96,194,257
486,93,196,278
495,92,186,274
498,93,185,269
494,96,186,264
494,92,189,276
498,90,193,280
497,97,196,274
498,94,189,286
499,90,187,279
501,91,178,274
501,98,176,263
500,92,179,271
498,96,175,259
497,99,175,260
495,98,174,259
501,97,171,255
499,97,167,261
499,102,164,254
494,104,168,246
497,99,160,253
496,98,166,261
496,105,172,252
495,103,165,251
496,104,164,240
495,96,158,254
494,95,150,247
490,102,152,226
488,97,162,231
492,92,149,253
486,88,161,260
489,87,166,269
493,94,163,268
493,92,166,256
495,91,161,265
496,95,160,245
498,95,160,250
494,100,164,238
497,96,166,247
495,100,171,244
500,107,153,239
497,112,163,230
496,111,170,237
500,111,161,246
502,119,163,233
499,118,160,243
499,122,166,242
496,122,170,251
496,125,162,255
498,125,168,262
497,130,161,250
494,126,159,268
496,130,161,257
491,132,171,256
492,135,171,251
488,143,181,238
490,142,169,242
489,145,164,231
487,150,175,236
484,149,179,227
489,150,162,215
487,156,167,223
485,152,174,245
481,160,167,226
482,165,177,223
481,170,179,210
480,173,183,205
482,170,173,228
481,168,170,221
483,171,168,221
484,172,165,227
480,177,184,216
482,172,176,230
485,179,170,218
483,177,177,213
485,182,170,213
484,178,160,221
481,181,164,216
479,190,163,207
479,176,163,236
484,183,164,228
486,183,152,236
484,180,153,241
483,192,157,222
483,199,154,214
484,189,154,239
479,196,163,229
480,198,160,225
480,205,174,226
479,200,169,237
481,206,169,235
482,201,164,253
483,210,170,256
482,208,164,262
480,216,172,260
480,212,168,276
481,216,177,273
480,218,182,267
479,233,197,252
482,233,184,250
478,235,195,250
478,239,200,245
480,235,172,254
476,229,176,261
473,223,180,263
474,229,184,261
471,236,200,242
473,243,207,235
478,243,205,236
476,241,191,247
473,237,204,250
473,229,190,254
472,225,195,261
473,230,193,255
475,235,193,256
475,223,188,274
473,228,185,265
472,239,196,252
476,238,179,214
477,236,180,231
478,234,185,252
477,229,193,267
476,242,197,245
474,241,211,246
479,241,208,244
