131,173,111,69
129,173,121,69
129,173,118,74
123,175,120,69
127,174,122,70
125,173,121,71
128,172,118,71
126,171,119,73
126,172,120,73
125,173,119,71
126,173,119,70
127,173,122,69
125,175,119,71
128,171,117,73
127,172,119,70
125,172,120,71
128,172,119,71
128,172,119,69
129,172,117,70
126,172,116,71
127,174,121,71
128,173,117,70
128,174,118,67
128,173,121,70
131,173,116,69
131,172,116,70
132,173,116,68
131,173,115,71
129,173,120,71
127,172,125,71
127,172,127,74
130,171,127,74
130,170,122,72
132,173,117,72
127,170,121,73
129,173,119,69
131,169,121,72
128,167,124,80
125,170,123,76
129,171,118,73
124,169,122,75
126,167,126,76
127,164,128,81
123,172,125,73
129,169,120,76
132,172,113,73
130,169,119,74
132,165,119,74
127,165,121,79
127,158,120,87
124,148,128,93
125,144,119,101
128,136,120,106
126,145,124,92
128,136,120,99
131,141,118,91
136,142,115,84
139,137,111,88
135,139,111,82
140,142,107,72
140,140,111,76
141,139,111,72
137,135,117,74
137,137,115,72
135,133,114,72
140,134,114,78
140,120,111,91
140,126,114,76
142,124,112,84
143,128,114,77
142,127,112,74
141,126,113,74
144,122,109,80
143,120,115,78
143,119,117,79
144,122,115,74
142,119,118,78
143,120,119,73
145,122,123,74
146,120,118,72
146,120,119,74
150,120,118,72
147,122,119,71
148,120,120,71
150,116,118,73
149,118,124,75
151,120,117,71
153,120,119,73
153,113,119,76
152,119,122,70
155,116,119,75
156,116,118,72
156,117,121,73
156,117,123,70
158,116,123,73
160,115,120,73
158,114,122,78
161,118,123,69
162,118,121,73
162,116,126,70
162,115,127,75
165,116,125,71
164,116,124,72
167,115,121,73
170,117,117,67
167,117,121,68
167,116,127,69
167,115,125,71
168,114,125,72
170,114,126,72
171,115,125,69
172,115,128,70
172,115,124,69
175,116,125,70
175,114,118,71
176,116,127,70
178,115,121,70
175,115,122,71
175,117,124,68
173,114,132,71
177,116,123,69
174,113,128,73
178,115,124,73
174,114,128,72
175,116,123,70
174,117,125,67
174,115,126,69
174,118,126,69
172,116,127,68
173,115,124,73
176,116,121,70
172,115,125,72
173,117,124,70
172,113,125,75
171,115,124,72
173,118,122,69
172,118,122,70
171,122,120,64
168,118,124,71
169,119,123,69
169,118,124,73
168,123,124,67
168,121,123,70
171,120,121,73
169,120,118,71
168,123,120,70
168,119,122,73
168,122,122,69
168,122,119,71
166,121,122,75
167,120,119,72
163,122,126,72
165,122,122,73
167,123,120,73
166,122,125,72
169,125,118,71
168,122,120,74
168,123,120,76
167,124,122,74
166,121,123,74
167,121,123,77
168,125,119,74
168,129,122,69
167,123,129,73
167,125,126,71
169,126,120,70
170,121,118,75
170,128,120,67
167,125,121,72
169,124,120,72
167,127,120,69
166,128,121,67
167,128,122,68
166,129,122,68
165,126,123,70
168,128,122,68
167,128,122,68
168,128,122,67
169,128,118,67
165,125,121,69
169,129,117,67
166,125,120,67
168,126,123,70
167,124,121,74
167,126,116,69
166,120,121,74
168,124,122,74
167,121,125,74
166,118,127,75
168,117,122,75
167,118,128,75
165,117,128,77
167,118,122,77
165,116,126,79
163,115,128,78
169,114,123,81
166,116,125,80
168,116,125,80
167,114,127,82
166,112,126,84
168,110,126,85
170,111,122,84
169,108,127,89
172,107,125,88
172,113,127,83
169,111,125,82
172,110,127,83
170,108,126,85
173,107,126,87
175,105,128,91
172,106,128,91
173,106,123,89
174,107,125,88
174,106,126,93
175,103,125,92
175,104,124,91
174,105,125,92
175,106,123,89
176,103,128,94
175,105,129,92
176,106,124,88
177,103,125,97
173,104,126,94
172,103,126,92
176,103,123,95
176,103,125,91
175,103,124,95
175,101,128,96
175,99,127,102
176,103,123,94
176,103,121,94
175,101,125,95
179,103,122,95
177,101,125,94
175,102,127,94
181,101,125,99
179,101,124,97
177,98,124,100
177,99,124,101
177,98,129,99
176,96,126,105
176,99,125,97
180,98,122,99
178,98,126,98
178,97,125,100
179,96,127,102
178,96,127,103
177,95,126,102
180,95,125,105
181,92,123,104
181,96,126,102
181,93,126,102
181,93,127,101
181,94,121,99
180,93,126,104
180,94,128,102
181,93,132,103
181,90,125,109
182,92,125,104
182,93,124,103
186,89,124,109
184,91,126,107
187,94,124,102
185,94,126,101
184,93,124,101
187,90,129,105
188,94,126,102
189,92,123,101
189,91,132,105
186,92,134,105
189,92,133,103
192,92,126,106
193,91,120,104
194,93,123,100
199,88,121,107
200,89,126,107
199,86,131,106
201,90,126,104
202,85,118,109
203,89,120,106
205,89,121,104
204,84,116,109
207,88,119,105
203,85,119,105
212,86,116,110
207,84,119,106
207,87,118,102
209,86,121,105
211,83,121,109
212,87,118,105
212,85,120,110
213,85,119,107
210,87,126,103
213,86,130,107
212,84,124,103
215,83,122,109
218,87,124,107
216,87,136,105
222,83,129,105
217,91,130,101
218,90,132,99
222,91,129,98
225,89,125,102
228,88,129,103
224,89,133,103
229,88,129,102
228,96,130,95
232,90,127,99
233,86,137,107
238,96,123,97
241,95,122,99
240,91,125,102
242,91,127,102
243,95,128,96
244,100,117,93
247,95,130,99
249,94,126,99
246,96,133,99
251,92,131,102
256,89,134,105
253,90,134,105
250,94,139,102
252,93,130,101
253,95,134,99
253,93,135,103
253,93,137,104
253,92,129,100
252,94,132,103
256,93,133,104
253,94,134,99
250,91,137,104
252,96,142,103
252,91,142,105
253,89,142,108
251,95,134,101
248,95,137,99
252,86,134,109
252,84,136,110
250,86,138,110
255,85,135,111
252,83,138,110
249,91,136,104
254,89,136,105
250,84,137,106
248,80,142,112
251,86,135,106
249,84,139,104
250,81,139,107
245,82,145,104
248,79,146,104
248,82,148,101
249,68,150,115
249,71,148,110
245,68,153,112
245,61,150,120
242,68,154,112
251,64,153,119
248,73,150,104
247,74,147,104
246,62,153,118
243,62,144,110
247,70,137,105
248,68,141,107
249,62,145,113
247,66,149,108
249,63,146,111
247,62,147,113
250,63,150,111
244,61,151,116
249,63,144,113
247,61,146,113
241,62,149,112
245,60,155,117
248,61,150,116
244,62,152,113
248,60,146,117
249,60,144,111
244,58,150,117
245,60,146,111
251,61,147,115
252,59,143,113
250,61,143,112
250,63,141,108
248,59,146,113
247,60,143,112
245,59,148,116
248,64,151,110
250,62,145,110
251,59,141,116
249,61,147,111
251,62,147,114
249,61,148,112
250,63,143,110
253,65,143,108
256,61,141,114
252,61,145,115
251,63,142,114
255,65,141,111
256,60,138,117
257,62,141,115
257,60,139,118
256,64,147,118
259,62,138,118
259,58,134,118
257,60,143,119
251,62,147,116
253,62,144,117
261,61,141,120
257,58,142,122
256,59,141,122
255,59,136,120
257,59,143,124
254,59,138,121
254,61,143,120
257,61,136,120
258,60,136,121
253,59,139,125
257,60,139,126
257,58,135,127
257,60,135,124
259,56,134,129
258,57,135,125
257,59,134,125
255,58,138,127
259,62,135,121
256,62,132,124
257,62,136,123
257,62,134,119
255,60,134,128
254,58,136,129
257,60,137,127
256,62,137,126
255,59,135,125
253,62,141,123
253,60,142,123
258,60,134,122
251,60,140,122
252,59,138,125
252,58,140,125
251,57,129,126
246,59,139,124
253,61,140,124
250,62,139,124
251,62,140,120
248,62,134,114
251,66,133,114
249,60,135,124
248,67,140,112
243,66,142,109
246,64,138,114
246,65,139,109
245,61,143,116
247,64,141,112
246,61,146,112
243,64,141,108
246,57,137,117
247,59,149,111
244,60,145,110
243,59,152,111
246,60,155,114
242,59,148,108
247,62,146,111
244,64,148,103
248,55,145,115
243,59,153,109
247,59,142,112
247,57,143,110
246,60,147,107
247,60,147,107
251,57,142,112
248,59,141,108
250,59,139,105
248,58,138,107
249,61,141,106
248,62,140,103
247,56,148,112
249,58,153,110
249,59,149,105
246,58,154,110
252,59,148,108
248,59,155,108
250,59,150,107
246,59,152,106
253,56,153,115
249,56,154,111
252,58,153,111
254,59,150,110
256,58,154,109
253,64,150,103
256,61,149,108
256,61,145,103
253,61,149,105
255,61,144,104
251,59,154,110
255,57,152,110
260,61,150,107
252,63,152,106
255,65,156,103
251,65,152,102
259,65,149,102
252,63,153,105
256,64,148,104
256,63,149,105
255,60,150,108
256,65,153,102
255,65,146,107
253,60,148,109
258,60,151,111
257,60,148,112
253,59,149,109
257,57,150,111
254,57,149,111
258,57,148,112
257,57,147,112
257,59,143,110
256,59,147,111
257,58,147,110
259,61,144,109
258,60,146,110
258,60,142,110
259,60,149,111
258,60,141,105
259,58,146,108
256,55,148,115
260,60,146,108
261,60,145,108
259,59,146,109
261,59,148,110
262,61,143,109
258,60,148,111
262,60,145,113
260,60,151,112
262,61,145,115
261,53,145,121
266,60,145,116
261,57,147,118
262,58,149,118
265,57,146,120
265,59,143,118
263,54,146,120
263,57,149,120
258,60,148,116
260,57,149,121
264,58,150,124
266,62,143,118
259,56,144,128
262,55,147,124
270,60,145,121
264,55,147,125
267,56,143,122
266,56,149,124
260,53,149,126
263,52,151,131
266,54,145,129
264,55,149,128
266,56,145,125
267,53,146,130
267,56,151,127
268,55,143,122
268,55,147,125
265,53,147,128
269,53,149,129
267,54,142,131
266,54,148,130
267,54,150,129
266,54,148,129
269,58,149,122
267,53,147,124
268,54,152,130
264,51,152,127
270,52,147,130
265,50,148,138
267,50,143,134
267,57,148,128
267,55,151,127
264,53,151,125
265,56,148,126
266,55,151,129
261,54,148,131
265,55,147,124
266,55,142,128
263,51,145,136
258,54,152,131
262,57,147,125
265,56,151,131
263,58,157,125
262,54,147,133
265,54,142,129
261,56,148,127
264,54,144,134
263,56,148,129
265,57,145,127
261,56,146,129
262,55,148,137
264,56,152,127
263,59,149,125
263,58,151,129
259,56,149,130
260,58,152,126
260,61,147,124
261,57,148,131
260,57,149,129
258,60,150,122
255,60,152,131
260,65,153,120
256,60,154,125
259,60,151,126
257,58,151,126
258,61,146,121
253,62,151,120
260,60,151,124
255,60,156,126
258,60,146,121
258,60,149,125
253,60,148,126
257,63,157,121
255,56,149,131
256,62,148,124
258,62,150,124
253,62,148,123
260,63,150,122
252,59,150,126
259,61,148,127
254,57,146,131
260,58,149,130
250,63,149,124
257,64,150,120
258,59,147,126
259,61,147,130
252,57,154,131
255,65,152,122
254,61,145,126
254,61,151,122
261,57,145,133
258,60,145,125
261,63,141,124
260,65,147,114
260,63,148,120
256,60,146,126
263,59,142,123
262,59,146,125
265,63,146,124
262,62,147,124
270,64,147,119
266,61,141,122
268,63,149,117
267,63,145,119
271,63,149,121
275,63,146,119
276,61,149,121
270,64,155,118
268,59,150,120
266,58,155,123
271,56,150,124
270,64,149,111
271,62,148,115
271,63,147,114
270,62,149,118
276,60,146,118
273,59,154,120
270,65,155,114
274,60,152,119
273,57,147,118
276,61,145,113
275,60,151,117
275,63,150,113
277,62,152,118
276,57,144,123
271,59,151,115
276,61,149,115
272,62,152,114
275,59,147,119
273,60,149,115
273,65,151,114
273,60,148,120
267,66,152,113
268,60,149,124
271,59,142,120
266,61,148,119
268,61,143,120
263,65,147,116
264,60,145,119
261,62,143,114
260,63,144,113
260,65,146,114
260,61,146,115
258,63,143,115
245,64,150,113
252,66,151,112
250,65,145,113
250,62,146,118
247,63,144,116
244,60,149,119
241,63,146,111
239,60,148,116
241,62,143,112
236,64,148,113
237,63,151,118
237,63,143,115
237,60,142,113
232,63,143,111
233,63,145,108
233,63,142,110
229,61,143,113
232,62,142,114
228,61,142,111
227,59,150,117
226,61,148,112
227,65,142,108
226,61,148,113
228,64,147,109
228,59,146,119
228,62,146,114
226,59,153,115
225,61,153,112
229,61,150,110
230,59,144,112
231,63,141,108
230,61,143,113
227,62,143,111
229,64,145,108
229,67,150,106
229,63,143,108
228,62,146,108
229,61,145,110
229,62,141,108
229,66,141,104
228,67,150,107
232,65,141,105
236,63,132,108
234,67,131,104
234,67,130,104
232,67,139,104
232,66,142,105
234,67,135,104
234,62,134,109
232,67,137,103
235,65,132,105
236,69,123,99
235,67,130,102
236,69,135,100
236,68,137,101
237,67,136,101
236,66,134,101
238,64,135,106
237,63,138,104
236,59,148,108
234,58,150,108
238,62,149,107
237,64,149,104
238,63,142,101
239,64,144,100
239,63,142,103
238,63,141,104
241,66,135,99
240,64,134,103
239,67,141,100
241,64,142,105
240,66,139,100
241,65,135,104
240,65,129,104
244,65,128,103
243,65,126,102
242,66,135,102
241,65,127,102
241,63,137,108
242,67,134,103
242,65,137,104
241,64,142,105
243,68,138,100
239,66,140,105
236,67,145,104
236,66,149,105
241,66,142,104
237,66,138,102
236,69,143,102
240,68,145,103
235,65,144,106
235,65,144,104
235,68,155,103
238,68,145,104
240,67,142,105
238,68,147,104
239,64,143,110
238,63,143,108
235,66,147,105
236,67,136,104
240,67,144,106
234,67,150,105
236,68,146,104
238,65,148,108
239,67,144,103
235,70,143,100
237,70,140,100
240,70,137,102
238,69,143,104
237,66,150,109
236,65,147,107
236,70,146,101
236,68,141,103
236,68,142,103
237,67,144,105
236,69,144,102
233,67,145,105
236,71,137,99
233,68,142,104
229,66,146,106
230,63,148,111
225,69,147,104
222,66,151,110
220,67,148,107
219,65,146,105
218,66,145,105
218,65,142,107
213,68,145,105
211,66,147,110
209,66,147,105
208,72,143,100
206,67,139,102
205,70,142,102
202,68,145,102
197,71,149,101
199,65,138,109
200,68,136,102
197,71,140,99
195,68,137,104
197,69,137,104
195,69,141,104
193,70,132,101
186,70,142,102
185,68,143,103
185,67,146,106
185,69,142,105
185,70,139,102
179,70,147,104
177,69,142,105
178,72,142,104
175,72,141,105
169,73,148,106
169,72,149,102
166,74,143,105
164,73,139,105
159,73,140,107
158,74,136,104
157,73,134,106
152,74,140,105
151,75,136,105
149,74,137,105
144,77,137,104
140,74,142,106
134,73,148,108
133,71,144,110
129,72,143,112
126,72,150,108
126,73,146,106
122,73,146,107
124,74,143,106
121,76,149,106
117,76,152,104
112,75,157,107
109,73,154,107
106,76,159,106
101,73,154,109
102,75,147,109
98,74,151,111
96,76,152,111
90,76,150,109
86,73,153,113
83,79,155,103
79,76,155,110
70,78,155,104
72,74,150,111
66,77,158,111
65,72,156,113
55,70,164,116
58,73,156,116
56,74,153,110
53,73,151,114
50,79,157,113
43,74,161,113
42,76,157,114
42,74,158,114
42,76,151,115
42,76,146,116
37,75,153,118
34,74,158,118
27,79,161,110
28,76,154,115
23,71,161,123
24,80,158,113
20,75,164,117
23,73,160,120
21,80,161,112
21,80,159,114
20,81,162,113
21,80,160,109
20,82,164,114
20,82,158,113
16,77,170,119
18,84,159,109
16,79,164,113
20,81,163,113
20,80,156,111
18,78,166,116
19,83,159,112
16,76,161,116
18,83,168,116
19,80,162,115
21,80,157,112
23,79,157,114
22,78,157,116
24,71,162,128
25,81,163,108
30,79,158,116
30,80,160,113
31,81,164,107
32,74,162,123
38,77,173,115
42,76,161,114
46,83,157,107
48,80,163,110
49,76,168,111
54,76,165,113
59,77,159,111
63,79,163,112
67,77,167,113
71,74,166,114
77,73,161,116
83,72,159,115
85,70,160,115
88,72,158,113
92,73,165,111
97,70,169,109
99,71,159,112
100,69,172,109
105,69,168,106
113,70,157,108
114,70,163,110
117,70,157,106
116,67,167,110
114,66,182,111
122,68,179,111
126,67,171,110
128,65,168,109
134,69,165,107
131,67,170,110
137,68,174,107
139,67,175,112
141,67,168,112
148,70,167,104
150,67,160,117
153,68,171,110
154,69,171,108
156,67,173,115
162,65,167,117
166,68,169,115
171,66,165,114
179,65,163,116
180,64,167,120
179,62,174,119
188,66,169,114
193,66,167,116
197,65,169,116
201,62,171,116
205,62,172,127
208,60,167,117
208,61,173,118
219,60,169,125
216,59,170,119
221,58,168,118
224,58,168,116
229,59,165,114
232,57,165,113
235,59,166,112
238,56,168,112
244,55,167,114
245,57,167,109
249,54,166,124
251,54,175,105
256,57,172,110
260,53,170,115
262,53,172,116
270,54,173,117
269,55,176,108
272,56,176,112
276,53,181,119
276,55,184,114
279,52,183,120
288,52,178,107
292,50,181,114
293,50,184,113
301,50,180,111
310,51,179,118
303,52,187,111
308,49,186,117
302,51,190,111
315,49,189,108
308,57,193,102
316,52,176,111
326,50,176,110
328,52,177,104
327,51,183,108
324,52,194,112
328,52,190,107
323,53,190,107
338,49,185,117
344,50,185,115
333,53,190,109
333,53,192,114
345,50,180,114
352,51,182,115
350,48,184,119
349,49,190,119
341,54,200,116
345,54,191,116
351,52,191,118
355,53,190,121
353,51,198,123
353,55,193,116
355,50,196,119
362,55,194,121
363,51,196,121
363,55,200,121
366,53,194,124
363,51,200,125
368,53,198,127
364,53,196,123
372,49,193,125
364,52,207,121
372,50,201,125
362,54,206,122
368,53,205,122
365,52,212,126
367,50,208,125
366,51,207,132
366,51,214,125
366,58,207,121
358,53,222,128
364,60,208,121
359,54,217,126
358,55,212,124
367,56,210,124
372,59,203,126
374,58,200,126
368,57,206,122
366,62,203,122
363,58,207,124
369,63,199,121
367,63,202,122
361,58,200,123
364,63,205,127
361,63,205,125
362,66,201,117
373,70,191,118
365,68,197,116
366,67,195,119
366,70,195,117
365,70,194,116
366,70,194,114
368,67,188,116
361,69,196,118
360,71,200,116
358,70,199,113
369,76,186,112
372,75,180,111
366,75,186,115
361,74,193,110
354,81,189,110
360,83,182,107
369,83,176,105
369,86,174,100
377,87,166,98
369,86,174,98
366,86,173,96
370,84,171,99
373,84,168,96
358,85,186,100
359,85,183,95
365,87,177,94
364,89,179,95
365,89,180,93
360,89,187,94
360,92,184,91
358,93,183,84
363,91,184,88
360,91,181,90
355,94,190,85
350,96,196,86
347,97,197,80
353,100,185,82
352,98,190,83
357,101,183,83
357,103,181,87
361,107,173,82
363,108,170,83
363,108,167,86
366,111,167,87
365,111,165,88
364,117,168,83
362,115,166,86
369,119,164,88
359,120,163,86
366,121,168,90
360,123,164,87
364,125,164,86
361,123,168,89
361,124,163,85
359,127,165,83
360,126,166,83
357,129,165,81
359,128,160,83
358,124,163,85
356,129,167,83
352,129,168,84
356,127,171,83
355,131,162,81
352,126,169,84
351,128,170,82
346,128,175,83
348,128,172,87
341,129,180,89
345,126,172,90
344,130,173,84
343,127,173,86
336,132,180,81
340,128,174,86
338,129,175,83
337,129,177,83
334,131,178,81
333,130,177,78
334,130,174,79
336,131,173,80
332,131,178,79
333,126,178,84
338,126,172,85
339,125,171,84
334,127,177,80
336,126,172,82
334,127,171,78
332,125,175,80
332,129,172,75
333,124,173,80
333,126,171,78
331,123,169,82
332,123,168,79
329,124,174,78
329,121,170,81
335,120,167,88
331,122,172,80
327,121,170,82
331,121,165,83
329,123,165,80
328,120,166,84
328,122,162,80
327,118,162,85
321,120,170,83
317,119,170,82
317,121,168,83
312,123,173,77
315,120,165,76
317,120,165,80
315,121,166,76
313,120,166,80
309,119,170,79
306,115,172,85
307,117,163,79
309,117,163,78
307,116,164,82
307,112,159,84
307,112,161,81
306,115,156,80
303,116,161,77
303,113,162,80
300,115,165,78
302,111,158,82
304,113,156,83
296,111,160,85
302,113,154,83
301,118,152,77
306,117,154,84
302,121,150,77
306,122,154,77
304,120,156,80
305,122,156,84
300,120,165,82
304,123,159,83
307,121,156,82
302,120,157,85
306,119,156,88
310,116,150,87
317,117,150,90
312,118,155,87
315,113,147,95
314,118,149,89
320,117,150,88
320,119,157,89
311,119,162,83
324,122,155,85
321,123,158,85
326,123,154,83
324,122,154,85
326,122,157,87
325,123,161,87
328,125,157,87
327,123,158,89
332,124,156,88
332,124,155,91
332,125,153,89
332,124,154,93
331,125,155,95
331,125,155,90
331,123,152,93
335,121,149,97
332,127,149,93
332,123,151,94
331,121,154,98
332,121,153,98
331,120,151,97
331,119,153,101
332,119,156,103
330,116,153,106
330,113,151,110
325,113,160,106
327,116,161,103
331,121,152,96
330,123,149,98
328,123,149,97
329,125,150,96
338,121,143,95
333,124,147,96
335,121,138,100
334,125,145,93
334,124,141,96
337,121,135,98
332,124,142,92
339,125,136,90
337,128,138,89
336,127,136,93
337,127,135,93
339,127,137,91
337,128,130,92
341,128,125,90
341,129,128,91
340,132,125,88
340,133,120,87
341,132,121,89
338,130,123,90
337,131,123,89
339,135,121,86
337,128,121,92
340,132,121,89
338,132,117,87
340,132,116,87
343,137,110,83
339,131,115,87
341,136,117,84
339,129,116,92
337,134,115,86
342,133,111,86
338,131,114,88
339,133,110,88
337,135,110,85
336,134,113,85
338,137,110,84
338,135,107,86
335,133,109,85
335,135,107,87
335,136,103,85
333,135,108,87
332,133,105,89
330,134,109,88
329,135,110,87
327,138,109,85
330,137,104,86
327,137,108,86
325,137,109,87
324,136,107,86
323,136,112,89
322,136,111,88
317,138,114,85
318,136,113,88
313,135,121,88
310,138,121,85
309,137,119,88
305,138,122,87
306,138,125,87
302,138,125,88
307,137,121,86
302,135,126,93
301,140,124,91
303,138,122,88
303,139,121,89
301,137,128,92
298,137,128,90
300,138,127,89
300,135,133,90
296,138,132,88
301,137,129,92
296,137,134,89
296,134,136,93
297,135,134,91
296,135,137,90
294,136,144,90
295,133,140,92
296,134,139,95
300,135,135,90
293,135,143,88
296,136,144,84
292,134,149,87
293,133,142,90
293,132,148,93
291,133,155,92
290,131,147,93
293,133,144,95
294,133,149,93
293,134,145,98
292,132,149,97
289,134,154,93
288,137,155,96
292,135,153,95
289,135,151,93
289,133,152,94
285,136,153,90
288,136,150,95
290,135,152,87
284,137,151,88
292,135,147,96
284,134,154,93
289,137,147,91
284,138,155,89
288,135,149,88
288,136,149,90
287,134,151,91
285,137,152,90
282,135,156,94
286,135,153,94
285,134,156,96
280,136,159,91
286,138,150,87
282,136,154,92
282,138,155,92
283,139,152,91
279,136,158,92
281,140,154,86
280,136,158,92
283,141,153,87
281,140,155,85
280,141,158,86
281,141,153,90
284,143,149,83
280,140,158,89
283,140,156,85
283,141,152,87
282,142,160,87
282,138,157,85
281,140,156,82
281,140,157,85
281,142,156,85
280,137,159,87
282,139,152,89
283,139,151,86
282,138,156,88
281,137,154,85
283,141,150,86
281,144,150,84
281,141,149,86
281,141,148,88
279,142,154,84
277,141,149,86
281,142,147,81
286,141,148,86
281,142,150,83
280,141,151,84
281,140,150,87
284,137,148,89
283,139,150,84
282,137,152,85
283,140,152,82
280,138,153,82
279,137,147,79
283,139,153,79
286,137,146,79
286,135,149,82
285,136,155,84
287,137,148,80
287,133,150,85
286,133,150,84
294,131,157,85
294,129,149,91
294,129,152,87
292,131,148,83
299,130,145,90
298,129,147,89
296,130,149,84
293,129,159,87
302,131,147,79
300,130,146,86
300,131,146,84
301,133,147,82
301,136,144,82
303,134,146,81
302,134,148,85
303,135,142,82
302,137,146,79
306,133,145,83
302,131,151,82
301,136,149,79
299,133,147,81
298,132,155,80
305,134,146,80
301,132,147,80
296,131,151,81
296,130,153,81
301,133,148,79
297,130,149,82
295,127,150,87
297,130,153,80
297,129,150,82
295,128,158,81
297,128,151,82
296,131,152,78
296,130,159,79
296,129,153,79
297,129,158,82
294,129,156,83
299,129,152,80
301,131,149,80
299,127,154,82
301,128,156,82
295,127,161,82
299,128,157,83
296,124,165,83
302,122,159,86
300,123,157,84
302,128,155,77
300,125,157,82
300,124,162,82
300,125,162,87
301,125,159,82
300,124,158,83
305,127,156,84
302,125,159,84
300,129,155,82
302,125,156,87
305,127,153,85
307,126,151,82
303,127,152,85
306,130,156,78
306,129,151,82
305,130,154,82
307,132,146,80
309,131,148,84
308,132,139,83
309,131,147,82
305,132,147,80
308,133,144,78
310,132,143,79
309,133,145,80
310,132,142,80
305,134,141,79
312,129,135,84
314,131,137,80
311,134,140,78
315,133,134,81
317,132,136,77
312,133,132,79
317,133,129,78
314,132,132,81
317,132,129,77
317,131,127,82
320,134,122,78
318,133,127,79
319,133,121,83
321,131,122,81
320,132,123,82
327,130,119,80
321,131,119,81
322,131,119,83
324,132,114,83
328,137,112,78
326,134,111,79
328,134,108,81
327,133,109,80
327,135,109,79
329,134,105,79
328,133,103,83
329,134,102,82
332,135,99,81
329,134,101,81
328,133,104,84
332,135,101,83
330,133,97,82
328,134,101,83
329,132,99,86
327,131,100,86
329,134,99,84
327,134,97,84
326,135,96,80
328,134,95,81
323,135,100,83
325,137,94,80
324,135,96,82
322,133,98,84
323,136,98,81
320,136,100,80
318,136,100,81
321,135,96,82
318,135,102,83
318,137,98,80
321,133,100,80
317,136,103,79
319,134,101,81
318,135,98,78
317,135,104,79
316,136,102,79
317,134,101,78
316,138,102,76
319,134,101,79
316,136,102,78
318,137,100,76
318,135,101,78
316,137,101,78
320,135,99,79
317,135,104,78
318,135,99,80
319,137,100,79
317,137,101,78
312,138,104,77
311,139,102,77
313,138,100,78
313,140,98,82
309,140,102,78
308,142,101,86
302,142,109,84
301,146,103,84
298,145,98,87
296,142,94,89
292,144,97,89
287,147,98,86
281,146,99,87
278,148,101,85
269,150,101,81
265,146,108,85
259,143,113,89
250,141,116,89
247,142,116,86
239,144,121,83
230,144,122,81
226,146,123,76
215,145,127,80
212,147,126,75
205,145,129,79
200,148,125,73
195,150,127,74
187,149,133,75
183,149,133,74
179,149,134,78
174,150,126,75
170,150,133,81
163,152,128,75
161,152,126,79
155,150,130,85
152,153,127,81
146,153,130,83
142,152,131,82
137,157,132,78
135,160,133,76
132,161,133,78
128,163,131,76
126,168,124,75
127,169,121,72
122,172,120,74
118,173,123,72
117,173,119,71
113,173,120,72
115,174,120,68
110,177,121,68
108,178,120,67
107,181,124,63
105,178,125,67
104,179,119,67
104,179,122,66
101,182,122,63
97,180,125,65
104,178,117,71
103,178,120,68
100,178,123,67
102,178,120,67
101,177,122,69
100,178,123,69
103,178,123,68
100,178,125,69
100,179,123,67
100,177,125,71
95,177,127,69
101,177,125,70
104,176,118,71
105,176,119,72
102,177,120,68
102,177,121,69
100,176,125,70
104,179,120,67
101,177,123,70
102,175,123,72
104,178,120,68
102,178,123,67
101,178,125,68
104,177,118,69
103,177,122,67
104,179,118,66
101,177,123,67
103,178,122,66
101,177,126,70
104,177,120,69
102,177,121,69
104,177,121,70
101,175,120,71
105,176,119,71
101,178,122,67
103,177,119,68
97,176,124,71
99,179,125,68
97,178,126,69
101,178,123,67
97,176,125,71
103,178,121,72
98,177,122,69
101,178,123,70
99,177,125,70
103,177,121,71
99,178,125,68
101,176,124,71
100,177,124,72
100,176,121,70
99,177,126,67
102,178,122,70
102,177,123,69
99,176,125,71
103,177,122,70
107,178,118,69
99,178,123,68
99,177,125,68
102,177,125,68
106,177,117,68
