232,127,122,76
231,125,124,75
233,126,122,76
225,127,128,75
231,127,120,76
225,127,118,75
228,125,122,76
227,128,119,76
226,129,117,73
222,127,123,75
225,129,118,76
224,132,116,74
223,134,116,74
224,134,115,75
220,135,119,74
221,136,116,74
220,136,117,73
217,133,117,76
218,133,115,74
215,136,117,74
217,134,113,73
215,132,115,78
217,130,113,77
215,129,116,74
217,127,112,73
216,126,115,75
218,124,118,76
218,122,115,78
218,121,114,78
222,123,111,76
224,122,111,69
226,121,108,69
226,119,106,73
225,118,108,66
222,115,105,72
223,117,103,65
222,116,105,67
215,116,106,72
217,115,105,72
219,116,102,69
215,116,107,70
214,118,103,71
214,118,105,70
212,121,106,67
213,120,101,69
208,120,101,71
201,123,101,68
192,121,103,70
191,122,99,71
182,123,106,70
176,121,104,70
174,121,105,68
167,123,107,68
165,123,105,69
159,126,103,67
154,125,105,67
148,125,110,66
148,125,104,67
143,124,107,68
144,125,104,66
146,127,103,64
142,124,102,66
145,128,103,65
148,127,100,67
146,129,101,64
150,129,104,67
155,127,99,64
157,129,103,66
163,128,97,65
168,128,101,69
175,130,97,65
185,129,95,68
188,129,99,65
198,131,98,64
208,129,96,66
212,129,97,63
220,127,95,68
227,127,93,66
233,127,94,63
238,126,97,67
244,127,95,61
250,125,96,63
256,125,99,66
258,131,98,63
263,129,99,62
267,132,99,66
272,132,98,65
272,132,96,66
276,137,98,66
281,137,92,66
282,140,96,64
283,139,95,63
286,138,96,64
288,142,95,61
291,140,96,61
294,143,90,60
295,142,91,63
299,142,93,64
297,143,92,64
299,143,93,64
304,143,87,64
305,141,91,63
305,142,91,64
305,143,89,63
305,143,89,65
305,142,86,71
306,143,84,68
309,142,83,65
312,145,85,61
308,146,85,58
311,147,83,56
311,145,86,58
313,146,80,59
313,148,77,56
319,149,74,55
322,147,71,60
325,146,68,58
324,147,69,54
324,149,67,56
328,150,64,55
330,147,61,54
329,149,63,57
331,148,60,57
330,148,62,59
333,147,55,58
334,146,55,62
334,147,55,59
332,148,56,58
331,147,59,57
329,146,62,56
332,147,59,59
334,146,54,57
336,145,53,59
335,146,53,58
336,145,52,59
334,145,56,57
337,145,54,59
341,145,47,58
342,144,44,58
340,144,43,57
342,142,41,57
338,141,45,56
337,142,43,57
338,143,44,56
337,143,45,57
334,141,45,59
336,143,43,56
336,144,42,56
332,145,43,55
335,143,40,53
332,143,41,53
329,144,41,55
323,141,45,54
322,141,50,55
320,142,48,57
319,145,41,54
316,145,40,56
314,144,41,56
312,145,43,56
310,144,40,55
308,145,37,57
311,149,32,54
306,150,35,56
307,152,32,56
305,153,33,54
303,155,32,55
303,156,31,54
304,157,29,54
302,158,29,53
301,158,27,56
301,162,26,51
300,163,26,51
298,165,25,51
296,163,27,53
293,165,27,53
295,167,26,54
293,167,27,54
292,171,26,55
288,172,30,56
288,175,27,53
286,179,30,54
285,181,29,55
284,184,32,55
283,187,31,57
284,190,29,55
284,195,27,55
284,195,28,57
281,199,30,61
281,202,31,63
280,208,31,59
282,212,29,58
279,216,31,54
283,219,25,54
280,222,29,53
282,225,28,50
284,230,26,50
283,232,28,50
280,233,29,52
279,235,30,52
284,241,24,51
281,243,26,50
279,244,27,52
282,246,26,55
284,248,24,57
283,253,27,55
283,256,27,53
279,259,30,55
286,262,24,53
284,266,25,53
285,269,21,52
284,266,27,56
282,270,25,54
284,272,27,55
281,274,23,53
282,276,23,58
282,280,25,56
282,280,26,58
283,280,28,59
281,285,23,55
282,283,26,58
281,285,23,56
282,286,25,57
282,285,25,59
284,285,23,57
283,287,25,55
285,288,18,53
287,287,17,53
287,287,17,54
286,287,19,54
286,286,16,55
289,287,16,54
290,287,16,54
291,285,16,53
293,286,16,56
297,287,16,52
297,284,17,54
298,284,17,53
299,283,18,57
302,282,15,55
304,282,15,54
304,280,19,57
309,280,18,58
314,278,17,56
319,279,17,54
324,280,18,53
328,277,17,56
333,276,18,56
339,277,18,55
344,276,20,54
351,274,20,56
357,273,21,56
364,277,19,52
371,274,21,54
378,273,22,52
384,273,22,53
389,271,24,54
396,272,23,52
402,272,23,51
406,269,21,53
410,268,23,53
417,269,22,52
421,269,22,50
426,266,22,52
431,270,23,50
433,267,23,51
439,265,22,52
443,264,23,52
447,262,24,52
451,263,25,53
455,263,23,52
458,265,21,48
462,262,22,50
466,264,21,48
471,263,22,49
477,263,21,50
480,263,21,50
484,259,23,52
490,262,21,49
497,262,21,50
499,262,23,49
504,265,22,47
511,264,21,49
515,265,23,50
519,264,22,51
526,265,21,50
529,265,24,49
533,267,23,49
536,267,25,48
543,265,23,48
546,266,25,47
552,267,23,49
556,266,23,49
561,273,22,44
562,268,24,48
565,268,25,49
566,268,24,49
570,269,25,48
570,268,25,49
571,268,24,48
573,268,25,47
574,268,24,48
576,267,24,48
574,265,24,50
574,264,24,50
576,265,24,48
575,263,29,49
577,264,28,48
577,261,28,51
576,261,29,50
577,260,27,48
574,258,31,51
573,258,32,50
574,256,34,50
574,256,32,51
575,254,33,50
574,253,34,50
573,252,36,51
574,250,36,52
573,249,39,54
574,248,36,52
572,248,37,52
572,247,41,52
575,243,41,52
574,240,41,51
573,239,42,51
573,238,41,52
576,236,40,54
574,234,43,50
574,234,42,51
572,235,42,51
574,233,42,53
572,232,42,53
574,230,41,54
574,228,41,54
573,228,42,56
573,227,42,54
573,225,45,53
577,224,43,55
579,221,44,53
578,222,46,51
579,218,45,50
580,218,46,51
579,216,48,50
580,217,49,51
579,215,50,51
579,216,49,50
578,214,51,50
580,214,50,50
582,215,51,51
582,212,50,52
583,214,51,49
583,210,52,49
582,211,52,47
584,211,50,47
583,211,53,47
582,212,53,47
582,212,54,48
584,211,53,48
582,213,54,47
582,211,53,50
581,212,55,48
577,210,58,45
578,208,57,47
576,210,58,45
576,210,60,44
573,208,59,44
572,209,59,44
571,209,59,45
568,209,60,45
571,210,60,43
569,208,60,45
569,207,60,45
570,211,61,43
569,208,60,42
567,208,60,42
568,210,61,41
570,208,59,39
568,209,62,39
568,208,61,37
567,208,63,38
568,210,62,40
566,210,63,37
566,210,63,35
566,212,62,36
566,211,62,35
564,211,63,33
566,213,61,32
566,212,63,33
565,212,61,32
564,212,63,34
566,212,64,34
565,212,63,33
566,213,63,32
567,211,64,33
567,212,64,32
565,213,63,31
566,212,61,32
567,212,62,32
567,213,64,30
568,212,62,29
572,210,62,29
571,209,60,28
573,210,62,26
571,209,64,27
573,211,62,27
573,210,63,27
574,210,63,27
576,209,60,29
579,210,61,27
581,208,58,24
578,207,60,24
579,206,61,25
580,205,59,25
582,207,58,25
581,206,59,25
578,204,61,25
580,203,61,25
581,203,60,27
581,201,59,22
581,200,58,24
580,199,59,24
577,199,61,24
579,198,60,23
579,199,61,23
575,198,62,23
575,198,63,22
573,197,65,23
572,196,63,24
573,196,63,23
569,195,63,22
572,195,58,22
571,195,60,21
567,193,60,22
570,195,59,21
567,193,60,21
568,193,61,22
566,193,60,21
568,193,60,20
566,194,60,21
564,194,61,20
567,195,60,21
566,194,60,20
564,194,62,20
564,195,60,22
561,194,61,21
564,195,61,20
561,194,60,21
561,194,60,19
562,193,61,19
562,195,61,20
562,193,61,20
563,193,61,20
562,191,60,18
564,192,58,16
567,192,56,17
562,191,59,16
565,191,59,17
567,193,57,14
571,193,56,15
571,194,54,14
570,192,51,14
562,193,58,14
561,193,58,13
556,191,59,15
555,191,59,14
554,191,60,12
551,191,61,13
550,190,58,12
546,189,58,15
540,189,61,14
540,189,57,13
535,190,59,13
529,191,61,13
524,191,60,13
520,193,59,14
518,194,57,14
512,192,58,14
505,193,60,15
500,195,60,15
497,195,58,14
494,196,60,16
487,196,60,15
485,197,59,15
479,198,60,15
474,198,59,15
468,197,60,16
461,198,60,16
455,201,61,16
450,200,58,13
440,201,59,15
433,203,59,15
429,204,57,15
420,207,59,14
413,207,62,15
412,208,58,15
406,208,57,14
400,210,59,15
394,209,58,14
391,210,59,15
386,211,61,15
382,210,61,14
379,211,59,16
372,209,62,16
368,210,60,15
362,208,61,18
360,209,59,16
353,209,59,16
350,210,59,15
344,208,59,16
339,207,61,16
335,208,61,16
329,206,61,17
325,206,62,17
325,206,57,14
320,204,57,14
315,205,59,15
309,203,57,16
302,204,58,16
294,202,60,15
288,201,61,18
282,200,60,20
276,199,57,19
266,198,61,23
260,198,59,19
251,198,61,18
246,197,62,23
239,196,62,16
234,197,61,17
228,195,60,20
222,194,63,17
215,194,61,19
212,194,59,16
206,193,60,15
202,193,59,15
198,193,58,17
193,192,57,15
185,193,59,13
183,192,58,15
178,192,59,17
170,193,61,14
166,192,62,16
161,192,63,20
158,192,57,22
152,193,59,21
150,193,57,22
145,191,56,16
140,193,55,14
128,189,54,18
125,190,54,20
123,189,52,15
122,190,52,17
119,190,51,14
115,190,53,16
108,190,59,22
104,191,59,23
104,192,58,20
103,191,55,22
104,190,52,15
98,191,56,16
99,190,52,17
97,191,51,15
97,189,52,13
95,189,55,18
92,189,55,19
90,189,57,14
87,190,58,15
88,189,55,18
88,188,51,13
82,190,54,15
77,188,57,20
74,188,56,21
73,188,55,16
69,188,56,17
64,187,59,16
62,187,61,16
62,188,60,18
61,188,59,19
65,187,57,14
63,189,59,14
68,188,54,17
69,189,58,20
71,187,55,15
73,189,56,16
73,190,58,16
75,190,59,17
74,188,59,18
75,189,59,19
77,189,58,20
75,190,60,19
77,188,58,19
77,189,57,19
79,188,60,21
80,189,60,22
81,190,59,22
81,189,60,23
79,190,61,23
81,189,59,24
81,190,59,26
81,189,60,28
82,189,62,28
80,191,63,26
80,188,62,29
81,190,60,29
83,189,60,29
81,189,60,29
82,188,61,33
85,189,62,35
82,193,64,40
89,195,60,46
88,197,61,55
87,194,63,61
85,195,66,62
85,197,63,59
85,195,63,59
83,197,65,59
84,198,65,55
81,199,64,55
84,200,64,55
82,200,65,53
85,202,62,52
83,203,63,50
85,205,62,50
83,204,63,51
85,205,62,49
84,205,63,49
83,208,61,45
86,207,62,46
84,208,63,44
84,207,61,45
84,208,62,42
86,208,59,42
87,208,61,40
86,209,61,38
88,210,58,38
86,208,62,37
83,210,62,37
85,208,62,36
83,207,64,39
84,208,66,40
91,208,61,41
94,206,59,45
91,206,63,45
89,209,65,43
89,203,65,50
85,202,65,52
85,201,65,51
85,202,65,51
85,202,65,52
81,200,67,54
88,200,60,55
86,199,64,56
86,201,67,56
84,198,66,57
86,199,62,58
86,199,66,59
84,198,64,61
83,203,65,57
85,201,63,59
83,200,64,62
83,198,65,66
84,198,64,67
86,203,59,68
83,202,63,68
82,202,65,71
83,198,63,78
84,195,62,82
83,196,62,78
84,195,64,79
85,196,62,80
84,197,63,76
86,206,55,72
83,202,60,78
83,208,58,72
89,208,53,72
83,202,61,78
87,210,54,73
87,208,57,71
92,209,53,73
86,205,58,75
87,196,54,85
88,200,54,80
86,196,56,84
87,194,55,85
86,191,58,85
87,195,60,82
91,194,57,80
95,194,53,80
93,190,55,85
94,191,57,80
96,196,56,79
97,196,55,79
96,189,56,84
96,190,55,82
97,189,55,85
100,185,55,84
98,187,56,85
100,184,56,85
100,187,54,83
103,184,53,85
101,187,55,82
102,184,56,82
104,179,52,84
103,185,52,81
103,181,56,81
104,181,53,83
105,179,53,83
104,179,52,84
107,180,53,83
108,177,51,85
106,181,52,81
106,183,52,82
106,178,53,85
106,182,51,79
104,184,54,77
102,183,56,78
101,183,58,78
106,183,52,78
104,183,54,77
105,183,55,75
106,184,55,74
110,195,49,63
109,191,54,67
109,190,54,68
110,190,53,66
110,192,54,65
112,194,54,61
110,192,54,63
110,194,54,63
114,195,52,62
114,194,49,61
116,194,50,60
118,194,50,61
114,194,54,62
119,193,48,60
120,193,49,60
124,192,45,60
122,192,46,59
120,190,49,60
116,190,51,60
120,188,48,60
114,187,51,61
115,187,50,59
113,186,49,61
110,182,51,62
110,180,50,62
109,176,52,62
113,171,49,60
112,167,51,61
109,161,55,63
109,154,56,62
115,150,53,61
115,141,54,62
115,133,61,65
118,130,58,62
122,123,62,62
124,117,63,64
126,112,64,65
130,107,68,65
133,102,66,69
140,99,62,65
140,97,65,65
142,97,68,63
146,94,67,66
147,92,68,68
151,90,69,66
154,84,65,70
157,83,68,67
158,83,72,61
162,77,70,66
170,75,68,64
175,70,70,66
180,65,68,67
184,60,70,68
190,56,70,66
197,51,69,68
204,47,68,68
207,45,69,67
214,41,67,67
220,39,68,67
223,34,68,70
231,33,69,68
233,29,67,70
238,25,71,70
242,25,68,68
250,24,68,66
253,21,68,67
257,20,70,68
263,16,72,69
266,13,70,71
274,15,67,68
277,12,71,69
281,9,69,71
288,7,73,73
295,7,70,71
300,7,70,70
304,4,70,75
307,6,74,68
313,5,74,68
318,5,72,66
320,3,73,68
325,3,73,64
327,4,74,66
331,3,72,61
335,3,74,61
337,3,72,58
339,4,73,57
341,3,73,56
341,2,72,56
344,3,72,53
346,1,71,55
348,3,70,56
348,2,70,55
348,2,70,55
349,2,68,55
348,3,70,54
349,2,68,56
348,3,70,53
349,2,70,53
349,3,70,56
349,3,69,57
349,3,70,56
348,3,71,54
347,2,68,56
347,1,69,57
347,2,67,56
347,1,69,57
345,3,67,57
346,2,70,59
346,3,69,57
344,1,69,56
347,2,67,57
344,3,72,59
346,2,67,57
346,1,68,56
342,2,70,57
343,4,69,58
346,1,66,63
345,2,64,62
343,1,66,61
344,5,64,56
343,3,61,63
347,4,61,59
343,2,63,62
344,2,61,62
344,4,59,62
342,3,64,65
337,4,64,64
343,6,60,64
341,5,63,65
338,4,68,66
332,6,73,66
336,6,68,67
333,5,72,67
336,6,67,67
334,5,70,69
332,6,69,68
332,9,73,67
329,9,76,68
329,9,76,69
329,10,77,68
327,12,80,68
329,14,78,66
329,14,80,67
329,16,80,65
327,16,85,67
331,15,82,65
330,15,80,68
327,17,84,65
328,19,84,64
325,19,85,65
328,21,79,65
327,20,81,66
324,21,87,65
329,20,85,70
328,21,86,68
331,22,84,67
328,23,83,63
329,23,85,66
327,25,86,65
326,26,86,63
330,28,80,62
329,27,78,58
328,28,84,67
328,28,83,63
327,28,84,66
327,29,82,66
326,29,81,62
323,31,80,60
326,32,81,62
326,32,79,64
326,33,73,55
325,32,78,61
325,33,74,56
326,32,72,57
323,34,75,54
323,34,70,49
322,35,69,53
325,35,67,56
325,35,64,49
322,37,67,56
325,36,68,52
323,37,67,52
323,37,74,56
321,37,70,52
322,37,67,51
323,36,73,63
324,39,72,52
325,38,71,50
327,37,68,58
325,37,71,52
324,38,77,60
326,40,75,64
326,38,75,61
328,37,75,53
327,37,73,53
325,39,76,48
326,41,79,60
324,41,79,54
318,43,88,59
321,45,84,54
329,44,74,57
329,45,78,58
327,45,79,58
314,46,92,60
312,48,94,54
310,49,93,55
314,49,90,54
316,49,91,59
312,52,93,57
314,50,93,62
311,50,95,60
312,51,93,63
310,49,95,66
309,51,98,63
311,53,101,60
311,54,92,57
309,55,97,59
324,60,83,55
320,60,85,52
323,63,81,52
323,59,81,56
321,61,85,51
320,60,88,53
327,61,78,54
325,61,81,53
328,61,78,52
330,63,78,52
330,62,75,55
328,63,80,53
327,62,79,54
328,62,78,54
329,64,77,53
331,63,75,53
329,62,78,53
328,61,80,55
327,61,79,55
330,58,77,56
327,62,80,54
327,59,78,53
327,60,79,54
326,60,80,54
320,60,87,54
312,59,90,51
317,59,89,51
326,59,80,52
331,59,74,50
332,58,74,47
334,58,72,47
331,57,76,49
334,59,75,44
336,59,73,48
336,55,73,45
335,57,74,46
330,55,80,49
326,55,88,49
328,54,83,48
323,53,88,51
323,56,90,46
321,56,93,49
322,55,94,51
321,57,92,51
322,56,94,50
319,54,91,54
327,55,90,52
322,57,93,53
319,55,93,54
337,56,76,53
341,56,71,50
340,56,71,48
340,57,73,49
338,54,72,48
340,59,68,44
338,57,72,47
338,60,74,44
336,63,72,36
339,65,68,32
336,64,72,30
336,64,72,30
336,64,72,31
337,63,71,32
338,60,71,32
336,60,70,32
337,62,73,33
335,58,72,41
336,58,73,47
335,59,74,57
339,59,75,49
339,60,72,60
335,61,74,63
335,59,73,48
334,62,76,61
339,61,71,51
337,61,76,53
337,62,75,49
340,67,75,42
341,65,71,46
340,65,71,43
340,66,74,47
341,65,73,47
342,65,72,47
338,66,74,45
339,64,74,48
338,67,76,44
340,65,71,46
340,65,73,47
338,65,76,47
337,66,76,47
337,65,79,52
335,64,78,51
336,64,80,50
337,63,75,51
337,67,77,51
336,66,78,52
339,66,74,51
339,65,74,51
342,68,73,50
341,67,72,52
340,67,73,50
340,66,74,52
338,66,76,51
340,67,76,51
340,69,74,49
340,69,74,50
339,70,75,50
341,69,76,51
342,71,74,47
341,71,75,48
341,71,76,48
343,68,73,52
341,70,77,52
344,68,73,53
344,69,75,50
344,68,73,52
344,68,75,50
345,71,75,47
344,69,75,50
345,68,77,51
345,67,74,52
347,67,74,52
349,66,75,52
352,66,69,55
351,65,74,55
350,66,78,55
351,67,73,55
349,65,78,55
352,64,73,56
350,65,76,57
352,65,73,58
352,65,74,55
348,65,78,57
349,65,83,56
348,66,82,56
347,67,86,54
346,64,85,59
344,65,78,56
341,66,86,54
340,64,101,58
336,67,105,53
335,67,106,55
338,66,101,55
339,64,98,56
336,67,100,55
336,62,101,58
331,64,105,54
330,65,103,55
333,63,100,58
331,61,101,57
333,64,99,56
330,63,96,58
330,62,96,59
332,65,94,57
331,61,91,59
330,61,91,60
327,63,93,60
329,61,90,62
324,60,97,63
326,62,94,61
326,59,94,62
327,62,90,59
329,61,88,63
329,61,90,64
326,61,91,66
327,64,87,60
327,64,86,61
325,63,87,61
324,63,89,60
325,60,88,65
326,61,88,67
326,62,92,66
326,64,91,68
330,64,88,73
329,61,87,69
329,62,89,71
330,62,88,81
330,61,88,73
335,62,85,81
336,65,85,69
337,66,83,68
341,66,85,68
341,65,85,72
346,65,84,68
348,65,84,79
354,68,82,71
358,67,79,75
360,67,81,73
364,67,79,80
366,69,77,76
370,68,77,76
373,68,79,80
374,68,78,75
380,68,77,80
380,68,77,83
381,69,77,79
383,70,78,76
383,68,78,80
385,69,77,80
385,70,76,76
387,69,72,77
387,70,75,77
386,70,77,80
387,67,77,81
386,69,76,75
388,70,75,79
383,67,73,78
385,67,76,85
386,70,73,81
385,67,75,83
385,68,75,76
384,67,78,85
385,65,75,84
387,69,73,80
385,67,76,84
385,66,74,82
385,66,76,88
385,63,75,88
384,64,76,91
385,64,77,88
386,68,77,84
386,65,76,88
387,64,75,90
387,67,76,89
388,67,78,88
390,64,75,91
389,65,76,89
389,67,76,91
390,69,74,88
391,67,75,92
392,66,73,91
391,67,78,92
392,65,73,95
394,67,75,91
395,65,73,92
395,66,76,94
395,66,74,90
395,65,74,94
395,66,76,95
395,66,77,90
398,68,79,81
397,70,76,83
400,71,79,91
403,69,75,92
407,70,75,95
409,71,76,94
411,72,75,92
414,72,75,96
420,74,73,96
423,75,75,94
425,74,77,87
429,78,77,88
434,79,77,87
436,82,78,88
442,81,75,80
443,84,78,74
447,83,76,78
452,86,75,85
457,84,75,79
458,86,73,94
464,87,73,96
464,86,74,97
465,88,75,97
469,90,72,93
471,89,73,94
474,89,72,94
474,88,74,95
476,88,73,95
477,89,73,95
478,89,74,95
481,89,75,94
485,90,74,94
488,88,72,96
493,93,73,88
498,92,72,93
502,97,75,83
509,98,73,92
515,99,71,90
521,99,70,90
525,100,71,80
529,103,72,84
535,104,73,91
539,107,75,89
543,111,76,89
549,115,72,86
554,118,76,86
561,124,76,87
567,131,73,87
577,135,71,83
577,143,73,82
583,150,72,73
588,155,66,75
590,161,64,75
590,168,63,75
594,175,60,73
593,184,58,73
595,194,60,68
587,206,69,65
577,213,77,68
568,219,83,66
557,229,88,66
543,241,94,67
533,249,97,68
528,258,96,69
520,265,97,72
510,268,100,81
503,278,104,81
500,295,90,76
492,306,88,68
486,317,82,73
488,326,76,67
482,327,81,75
479,333,83,76
477,333,79,84
474,334,80,87
477,336,83,92
470,341,95,83
471,345,101,82
478,355,91,73
472,361,99,67
475,367,95,62
469,377,101,52
466,385,100,49
466,384,95,45
464,390,97,43
463,394,92,37
466,398,90,35
473,398,84,35
476,401,77,31
