324,156,92,58
323,155,94,61
322,151,100,65
322,152,95,66
322,152,97,64
324,155,95,62
323,155,98,62
323,155,97,62
324,154,97,63
327,155,92,62
326,160,92,57
327,154,92,62
328,155,93,59
327,154,93,62
327,153,95,63
327,156,94,58
328,153,96,62
329,156,93,59
328,154,96,60
328,155,95,59
328,152,93,61
329,152,91,62
328,152,94,59
328,154,95,58
328,151,93,61
328,151,97,61
328,148,96,64
329,151,91,60
329,150,93,62
329,150,92,62
327,149,97,64
327,149,97,65
327,150,98,63
329,152,91,60
329,151,92,61
327,153,96,60
327,150,99,62
327,149,99,65
329,148,94,65
329,149,96,63
329,153,95,59
329,148,94,65
328,155,94,55
330,152,94,59
328,148,96,65
330,152,93,60
329,148,95,64
330,156,93,56
329,153,96,60
332,153,90,59
332,150,91,60
331,147,94,64
329,148,98,63
331,152,94,59
331,150,95,60
332,147,95,65
335,147,94,64
335,148,93,63
336,150,92,61
336,150,94,61
339,149,90,63
335,149,95,62
332,147,99,64
334,153,95,56
335,153,94,56
335,150,94,59
334,149,97,62
332,154,100,57
330,154,101,58
333,152,98,61
333,152,98,61
333,152,100,61
333,154,101,59
337,153,96,56
335,152,101,57
336,150,101,58
335,150,102,59
335,152,102,56
335,151,102,57
338,152,99,58
340,151,95,56
338,152,98,59
339,150,100,57
338,153,103,55
341,149,100,59
342,151,99,59
347,151,94,55
337,152,107,57
340,152,102,57
342,152,100,55
338,152,104,57
341,152,100,55
337,153,105,55
340,153,101,53
339,152,103,56
338,151,104,54
341,148,100,56
338,151,103,54
337,150,106,56
336,151,105,56
333,150,109,59
335,151,108,59
337,153,103,57
332,151,111,62
335,155,106,56
333,154,108,58
333,153,110,59
336,153,106,60
336,152,105,61
334,155,109,57
338,154,102,56
335,152,105,63
337,154,103,56
339,152,102,61
337,154,106,60
339,154,106,55
340,154,103,58
342,155,103,55
344,152,99,61
342,153,102,61
342,156,104,57
344,157,101,56
342,157,102,56
343,157,102,56
343,157,97,56
344,158,97,58
340,159,101,55
343,157,99,56
345,158,98,57
343,157,99,58
343,159,99,56
346,158,96,56
341,159,101,56
343,159,100,58
345,158,97,56
348,160,97,52
346,159,98,57
348,160,96,54
348,160,97,54
346,159,99,56
349,158,95,57
352,158,91,59
347,161,97,52
349,161,96,54
350,161,93,51
349,159,95,56
348,160,96,55
350,161,94,53
347,160,96,53
349,160,94,54
345,159,99,56
349,158,96,57
350,157,95,58
350,157,93,57
349,156,96,57
346,157,100,57
348,155,97,57
346,155,101,57
349,154,97,58
346,155,101,57
348,155,100,58
349,154,98,58
349,153,98,58
352,151,96,57
353,149,96,56
353,150,97,54
350,150,102,53
351,151,101,51
352,150,101,51
351,152,103,49
350,151,105,51
353,153,102,50
354,156,102,45
354,156,101,48
353,159,100,45
353,158,101,45
353,160,101,43
354,159,101,45
353,158,102,45
352,158,105,44
353,158,104,44
353,159,106,43
354,158,108,44
354,158,103,43
355,159,101,45
364,159,92,42
355,162,101,39
357,162,99,39
356,163,100,40
356,162,99,40
356,165,100,38
353,164,102,40
354,164,102,41
356,164,99,42
353,166,103,39
355,167,101,39
355,167,100,38
355,167,101,38
354,168,101,37
352,168,103,39
352,168,106,40
353,168,104,40
354,168,102,41
351,169,106,39
353,170,114,38
354,171,106,37
351,172,110,37
353,173,104,37
353,174,103,38
353,175,102,36
355,175,100,37
352,175,107,38
353,174,106,39
352,174,110,39
352,175,107,39
354,175,104,39
355,176,103,38
356,176,101,38
353,176,104,37
356,177,101,37
353,177,110,38
354,177,110,38
354,175,105,39
355,176,103,38
353,174,109,39
355,174,103,39
354,174,108,40
354,173,105,40
357,173,101,40
357,173,100,42
357,172,102,43
355,173,106,42
354,174,113,41
357,175,106,42
358,177,106,42
360,177,106,40
358,176,107,40
358,176,110,40
360,176,107,40
363,177,104,38
361,176,105,41
363,176,104,41
361,177,104,41
360,176,107,44
362,178,105,42
360,177,105,46
358,179,108,48
359,178,105,51
359,179,107,53
359,179,105,49
357,178,107,52
358,179,105,51
358,178,106,52
356,176,107,54
356,179,107,50
355,177,107,52
357,176,105,54
356,176,107,53
356,175,108,55
355,174,108,55
357,175,105,54
357,175,106,53
357,175,106,52
358,174,104,54
357,171,108,58
358,171,106,57
358,171,108,58
358,171,107,58
358,173,106,53
360,169,104,57
361,168,106,60
360,169,105,57
362,169,106,56
362,167,106,58
362,167,107,57
362,165,104,59
362,167,104,58
363,164,105,61
362,165,104,60
363,166,105,58
362,167,103,59
363,167,104,59
360,168,104,60
362,169,105,59
359,168,103,61
363,169,102,59
360,169,107,58
360,167,104,58
364,166,102,60
365,166,101,59
364,165,102,59
364,164,103,63
362,165,104,58
364,166,103,58
363,166,104,57
364,165,103,57
362,166,106,55
361,167,107,54
367,163,101,59
363,163,103,60
363,163,106,59
365,165,104,56
366,162,101,60
365,161,104,59
367,161,102,57
363,160,103,57
369,161,102,54
365,160,100,56
370,161,99,54
366,160,101,55
364,160,104,56
364,160,103,56
364,161,106,56
366,162,102,53
363,160,105,58
368,161,100,53
366,162,102,53
363,162,103,53
367,160,102,58
364,160,102,58
364,161,103,57
365,164,101,52
366,162,100,52
367,161,100,55
366,160,99,57
366,160,98,56
363,162,103,53
364,163,102,51
364,160,101,54
366,160,98,56
363,161,101,52
363,161,103,55
363,162,100,53
363,160,103,58
365,161,98,52
367,161,101,53
364,161,100,52
363,160,104,54
362,160,101,55
364,162,102,50
362,161,100,54
362,161,103,52
364,163,97,50
367,163,100,50
363,163,98,51
364,163,99,50
363,163,100,49
370,165,91,47
371,165,93,45
367,166,98,45
369,165,96,45
367,166,98,44
365,165,98,47
369,165,96,47
374,166,89,45
374,167,89,44
377,167,89,44
373,169,90,42
373,168,90,44
372,167,91,45
373,169,91,43
374,169,90,42
377,169,86,43
376,169,88,44
376,169,88,44
382,171,81,41
373,168,90,46
372,167,91,47
370,168,93,46
367,167,97,47
370,168,95,47
369,168,96,48
367,167,97,48
376,170,89,44
365,165,98,52
372,167,89,48
369,166,92,49
371,165,88,48
370,165,90,47
370,165,91,50
370,166,90,47
375,166,83,46
371,165,89,47
369,165,91,47
372,165,88,46
371,165,90,48
369,166,91,46
368,166,93,49
371,165,90,49
370,165,90,48
372,166,88,47
377,167,83,44
378,167,80,43
377,167,84,43
374,165,87,44
375,164,86,47
373,165,89,46
372,166,92,45
373,165,91,46
373,165,91,47
375,166,89,45
376,165,90,46
376,163,89,46
378,162,86,47
375,161,90,46
373,159,91,49
373,157,92,47
380,158,84,44
384,158,79,42
388,159,75,41
390,159,73,42
387,159,76,42
381,159,82,43
376,158,86,43
376,159,88,44
372,159,91,43
372,159,90,45
371,159,90,45
374,159,88,44
375,158,81,44
374,158,81,44
377,158,77,43
379,159,74,41
376,159,77,40
376,159,75,41
376,160,76,43
369,160,82,44
365,160,84,43
363,160,88,44
359,158,93,47
356,158,93,47
358,159,89,48
358,160,89,46
356,161,90,45
354,162,92,46
352,163,92,47
354,163,86,48
351,165,87,44
351,166,85,44
351,166,83,45
348,168,84,43
349,168,81,44
349,169,80,42
347,169,82,41
346,168,83,44
346,169,82,43
346,169,79,42
346,171,78,40
345,170,81,43
343,171,80,42
343,172,82,41
344,172,79,42
343,172,78,41
343,172,78,42
341,173,79,41
341,174,78,42
341,173,76,43
338,173,79,43
339,174,77,42
339,174,76,42
338,175,76,41
338,175,76,41
335,175,77,43
332,175,80,43
331,176,79,43
331,176,79,44
330,177,79,43
329,178,79,42
330,178,77,42
331,179,76,41
331,180,76,40
331,180,75,40
329,180,79,43
328,180,80,45
329,182,76,43
330,183,75,42
328,183,76,42
329,182,78,44
328,183,79,44
326,183,82,43
327,184,78,42
327,185,78,42
327,186,75,41
327,187,75,41
326,188,77,41
325,189,78,42
325,189,77,42
324,192,77,42
324,193,78,41
324,194,78,43
326,195,77,43
326,197,78,42
325,197,78,42
325,197,78,43
325,199,78,42
326,199,76,42
323,200,79,47
320,199,85,54
320,199,84,59
319,200,84,57
318,200,86,57
319,201,86,57
320,202,82,51
321,203,79,52
320,204,80,50
323,204,77,47
321,206,80,50
321,207,79,49
322,206,80,50
319,209,83,49
320,209,82,48
321,209,83,48
324,211,77,47
320,210,81,48
321,211,84,48
321,213,80,45
320,213,82,44
322,216,78,43
318,215,84,43
320,220,79,39
319,221,81,38
320,221,79,37
318,223,81,36
319,224,80,34
320,224,79,34
320,226,79,32
320,226,80,32
320,227,80,32
320,228,80,31
321,228,78,31
319,231,80,27
320,233,81,25
319,234,83,24
320,234,81,24
320,235,79,23
320,236,78,22
320,236,80,22
320,237,80,21
320,236,79,22
320,237,78,21
319,238,79,20
319,238,80,20
319,238,80,20
320,239,79,19
319,239,79,19
318,239,79,19
319,239,75,19
319,240,77,18
319,239,77,19
319,240,78,17
318,240,75,18
316,237,72,21
318,241,73,18
325,234,78,15
323,235,77,16
323,235,77,16
330,235,75,14
330,235,75,14
330,235,75,14
328,236,76,14
318,224,76,19
321,236,76,15
320,236,74,15
326,236,76,16
321,236,81,16
317,236,81,15
319,236,82,15
307,235,85,17
318,235,84,16
307,236,81,14
323,236,80,15
327,236,77,15
323,236,80,14
321,236,81,15
323,236,80,15
325,237,77,14
329,236,76,14
319,237,74,13
334,236,73,14
332,236,76,15
308,237,75,14
331,235,78,16
329,236,80,15
327,236,85,15
326,236,86,14
326,236,86,15
324,236,87,14
327,236,85,14
327,236,84,14
321,233,86,19
320,234,92,17
324,235,88,16
325,235,85,16
328,233,83,18
323,235,87,17
314,235,85,16
315,235,94,16
312,232,99,19
301,222,109,28
298,231,114,25
297,223,113,33
300,214,112,41
297,223,113,34
291,233,117,30
284,226,127,30
285,220,126,35
287,222,119,43
300,236,126,51
300,236,126,51
300,236,126,51
300,236,126,51
300,236,126,51
300,236,126,51
300,236,126,51
300,236,126,51
300,236,126,51
300,236,126,51
300,236,126,51
300,236,126,51
300,236,126,51
300,236,126,51
300,236,126,51
300,236,126,51
300,236,126,51
300,236,126,51
300,236,126,51
300,236,126,51
300,236,126,51
300,236,126,51
300,236,126,51
300,236,126,51
300,236,126,51
300,236,126,51
300,236,126,51
289,209,123,50
292,216,113,50
292,210,119,48
286,219,119,44
281,225,121,54
278,211,134,60
281,209,131,49
274,209,141,48
275,211,141,46
261,209,153,50
266,209,150,47
270,210,147,48
275,209,142,49
279,208,133,51
269,210,143,51
259,209,156,52
252,208,164,51
256,208,161,51
254,209,161,49
251,209,163,49
252,209,161,50
264,209,149,53
269,211,143,50
270,212,144,52
276,209,136,56
277,209,135,56
273,210,140,52
272,210,140,53
270,209,142,53
269,209,147,54
265,209,147,53
264,209,149,53
267,209,146,53
270,209,143,52
266,207,146,55
268,208,144,54
260,209,152,51
268,213,146,47
282,221,129,37
302,217,116,42
318,223,93,35
322,222,86,36
324,221,84,37
323,220,87,39
322,220,86,38
323,220,86,38
323,218,85,40
323,219,85,40
324,219,83,41
326,218,83,41
324,218,85,41
322,217,87,43
323,216,87,43
322,217,88,43
323,217,87,43
323,215,87,44
323,216,88,43
323,214,88,45
323,213,86,46
323,214,87,45
324,213,89,47
323,212,87,48
326,211,86,49
326,211,83,47
327,217,85,44
325,212,87,45
324,212,87,47
323,211,88,49
328,209,81,49
324,213,84,47
328,214,83,44
325,211,87,48
326,209,83,50
326,211,85,49
326,215,85,43
328,211,84,48
327,210,81,48
326,214,85,45
326,216,84,42
328,218,81,39
330,215,81,41
327,213,82,45
326,207,84,50
329,211,82,47
326,217,81,40
329,216,82,39
326,212,84,46
327,218,81,39
327,211,82,46
328,212,81,45
326,211,84,45
327,208,84,48
329,207,80,48
329,208,82,47
329,208,83,46
330,206,80,47
331,205,80,47
329,206,82,45
330,205,82,45
331,204,80,45
330,203,81,44
332,202,80,44
333,201,80,44
332,200,80,47
331,201,80,45
331,200,82,44
330,198,84,43
333,197,82,44
331,196,81,44
333,194,82,44
334,194,79,42
331,192,82,44
333,191,82,44
334,191,82,43
334,190,82,42
335,188,82,44
335,187,82,43
337,186,82,44
339,185,80,45
341,186,78,45
339,186,81,42
340,186,79,43
344,186,75,44
345,187,76,42
346,187,76,41
346,186,76,41
346,186,78,40
349,186,75,40
350,183,75,44
348,183,78,44
347,183,78,43
350,184,77,42
353,183,73,43
356,183,71,42
354,182,74,43
356,184,71,42
354,183,76,42
356,182,72,44
355,181,72,45
355,182,75,45
355,180,75,46
357,179,73,46
356,176,75,48
358,175,73,49
358,176,74,48
361,180,72,43
361,179,70,46
361,176,71,47
359,175,74,49
356,175,77,48
359,180,75,44
361,178,71,44
365,183,68,39
366,182,67,40
368,180,65,42
367,179,67,42
368,177,65,44
367,177,66,44
369,177,64,44
368,176,65,45
369,181,64,41
367,181,64,41
369,182,64,42
369,181,65,43
370,184,63,40
370,180,64,45
370,180,63,45
372,179,62,45
373,180,61,42
375,182,60,42
375,182,59,40
375,177,58,44
375,175,58,44
376,175,56,42
376,173,56,44
376,170,53,48
375,169,55,50
374,166,56,54
374,164,55,56
374,163,55,57
374,164,55,56
375,164,52,55
375,163,52,58
376,162,53,58
374,161,52,57
374,162,54,55
374,161,53,58
371,162,56,58
371,163,56,54
371,167,56,48
372,167,53,46
371,169,55,44
370,168,56,46
370,168,55,48
369,169,56,45
370,169,56,43
370,170,53,41
371,169,53,43
371,169,53,41
371,166,52,46
373,170,52,40
371,169,52,39
371,168,52,39
371,167,52,40
370,166,52,41
369,165,52,44
369,162,52,50
367,163,52,48
368,163,51,49
367,164,51,46
365,159,50,55
363,156,50,62
359,157,54,60
356,150,56,68
360,140,51,79
357,136,55,82
354,135,58,82
354,134,56,83
349,135,61,81
349,134,58,81
347,133,60,81
349,134,57,82
348,133,58,83
345,134,59,80
346,133,58,81
345,134,57,78
344,134,58,78
341,135,61,78
340,132,61,81
335,135,64,77
325,134,75,79
320,139,77,72
318,140,76,69
330,143,61,67
321,139,72,69
318,137,77,70
316,138,78,67
318,143,76,61
319,145,73,59
315,140,77,62
316,136,77,68
315,138,75,65
320,139,70,64
314,135,75,70
316,137,74,65
315,138,76,61
318,136,72,62
316,140,74,57
316,137,74,57
317,137,73,54
316,138,74,54
316,137,74,55
317,139,73,53
315,139,75,54
319,141,72,52
317,138,74,56
316,140,74,53
316,142,75,52
317,141,74,54
319,143,70,52
318,142,71,52
318,143,70,53
315,143,74,52
318,141,71,56
316,143,71,52
316,144,72,52
319,143,68,56
314,145,73,51
314,146,73,52
312,147,74,51
314,144,74,53
314,148,72,50
317,148,71,50
314,149,72,49
315,148,72,49
315,148,72,51
319,148,68,49
321,150,65,48
320,148,65,50
320,146,66,54
319,150,66,49
319,151,65,49
320,152,64,49
319,148,66,56
316,151,69,49
317,153,69,47
317,150,69,49
316,151,71,49
319,151,67,49
319,149,67,52
315,152,71,48
318,153,68,46
320,149,66,54
317,153,69,51
319,152,66,51
316,156,69,47
320,154,66,51
316,153,68,53
320,157,65,48
320,154,64,51
317,157,65,49
315,157,70,48
314,158,70,49
316,158,68,49
316,162,66,44
314,161,69,47
312,160,72,49
313,163,68,47
313,165,69,46
313,165,68,47
311,165,70,46
312,169,68,42
315,170,65,41
317,173,61,38
314,171,66,40
316,174,62,38
314,173,67,39
311,175,70,39
310,174,72,39
310,176,70,39
311,178,70,35
310,178,70,36
312,179,68,35
313,180,66,33
310,178,70,35
307,177,73,37
312,181,66,33
309,181,70,32
311,181,68,32
308,182,71,30
307,183,71,30
308,183,71,30
309,185,70,28
309,186,70,27
308,187,72,26
304,187,77,26
302,189,81,23
301,190,81,22
302,190,80,22
299,188,85,25
299,190,84,23
297,188,86,23
299,190,84,21
302,190,82,21
300,190,85,20
298,190,87,23
298,190,85,21
297,191,87,23
297,193,87,21
297,193,87,20
297,195,86,18
299,190,86,22
299,197,84,19
297,192,87,25
301,184,84,28
298,195,84,21
299,191,85,23
294,200,89,19
292,194,93,22
295,209,89,34
297,188,87,26
297,188,87,26
297,188,87,26
297,188,87,26
297,188,87,26
297,188,87,26
297,188,87,26
297,188,87,26
297,188,87,26
297,188,87,26
297,188,87,26
297,188,87,26
297,188,87,26
297,188,87,26
297,188,87,26
297,188,87,26
297,188,87,26
297,188,87,26
297,188,87,26
297,188,87,26
297,188,87,26
297,188,87,26
297,188,87,26
297,188,87,26
297,188,87,26
297,188,87,26
297,188,87,26
297,188,87,26
297,188,87,26
297,188,87,26
297,188,87,26
310,219,99,34
310,219,99,34
310,219,99,34
310,219,99,34
310,219,99,34
296,211,102,45
299,210,112,48
282,214,130,43
284,211,128,47
281,211,132,46
284,211,129,47
291,210,123,48
271,211,142,48
266,212,149,46
271,210,147,47
272,210,143,49
273,209,142,49
272,210,142,47
274,209,142,49
268,211,145,47
267,209,148,48
268,208,151,50
274,209,141,49
276,208,138,50
284,208,130,49
291,209,121,49
300,209,112,48
286,211,127,47
290,210,123,47
290,211,122,46
286,211,126,46
292,209,122,50
297,209,115,47
299,209,113,48
283,212,129,45
286,209,129,49
282,210,130,49
288,211,125,48
291,210,121,48
292,210,119,49
285,211,125,47
290,208,121,50
290,208,120,51
289,210,123,48
295,209,115,49
295,208,117,50
297,209,115,48
299,208,113,50
297,209,116,49
291,209,121,49
295,210,118,47
297,208,116,49
290,208,123,50
295,207,117,49
297,208,115,51
297,209,114,48
295,210,118,48
299,209,113,48
299,209,113,48
296,209,116,48
292,209,121,48
293,211,119,47
297,210,115,47
294,208,119,49
297,208,115,50
300,209,112,49
298,210,114,47
299,210,112,47
299,210,113,47
303,210,109,48
298,209,114,48
299,209,113,48
298,208,115,49
293,209,120,49
294,209,118,47
292,208,120,49
297,210,114,45
297,210,116,48
297,208,116,49
295,208,118,50
295,208,118,49
299,209,113,49
295,210,118,47
295,209,117,48
295,208,118,49
293,208,121,49
297,209,116,49
300,209,112,48
293,209,119,49
292,209,121,48
287,209,125,49
291,209,123,48
290,209,120,49
296,209,117,49
297,207,116,53
296,209,118,49
295,208,117,51
294,208,117,50
290,209,124,50
290,210,121,48
295,208,117,50
290,207,121,52
292,208,119,50
293,208,117,50
295,209,115,49
295,210,117,48
294,209,114,47
293,208,119,50
295,207,117,51
291,208,117,49
293,207,120,52
297,208,114,50
302,208,111,48
310,207,107,49
297,208,116,48
286,210,127,46
296,207,116,50
294,207,116,51
301,205,111,53
310,205,103,53
308,207,103,51
308,207,104,49
307,207,104,50
315,207,95,50
313,208,97,49
301,208,111,49
298,206,114,51
296,207,115,49
302,207,109,50
303,207,109,51
309,206,102,51
314,208,98,48
309,207,103,50
307,208,105,49
309,208,102,48
309,209,102,48
304,208,107,49
302,209,110,48
295,210,115,47
292,208,118,48
288,209,123,48
293,209,119,49
291,210,121,47
288,208,122,49
284,209,128,48
281,209,130,49
275,210,135,48
286,211,126,46
287,211,123,46
283,210,129,48
271,212,142,46
282,210,131,47
285,211,127,47
285,209,128,48
275,211,137,47
291,211,123,47
291,211,120,47
294,210,118,47
295,211,115,46
292,212,119,45
289,214,123,44
292,213,121,44
296,212,117,45
293,214,119,44
288,211,124,47
285,212,126,45
274,213,140,45
271,212,143,46
258,209,154,48
279,207,133,49
266,209,144,49
273,211,139,45
264,208,149,49
284,202,129,57
273,210,138,44
264,212,149,45
251,209,162,48
268,208,144,47
258,207,156,49
251,204,163,54
270,209,141,48
259,209,154,47
276,207,136,51
265,206,146,52
260,206,152,52
272,208,141,48
264,208,149,49
255,207,157,50
269,207,143,49
259,209,154,47
252,207,161,50
261,207,150,50
268,207,145,51
254,209,158,46
263,209,147,48
271,208,141,49
257,204,155,55
245,209,165,45
249,209,165,44
247,209,166,47
244,207,168,50
252,208,159,47
252,205,159,50
249,210,162,42
253,210,159,44
249,212,161,43
260,211,152,47
256,210,158,47
254,209,158,48
245,208,166,49
253,209,157,47
257,209,154,47
249,209,162,47
259,208,152,49
253,207,160,50
251,209,164,48
246,208,169,48
239,207,175,48
229,210,184,43
246,209,167,45
248,209,165,45
249,212,161,38
259,211,154,44
249,211,165,45
241,213,174,41
256,209,166,49
253,212,164,45
247,211,175,46
247,210,181,48
247,212,185,47
235,218,210,44
232,209,213,49
228,212,214,45
217,211,228,49
209,208,237,51
201,210,247,48
202,211,252,46
201,210,250,48
201,211,253,47
202,210,252,48
200,211,251,45
202,211,250,47
203,209,251,50
202,210,248,47
200,210,251,47
200,211,251,46
205,211,249,46
205,211,243,47
205,210,245,47
203,209,249,50
204,210,245,49
206,211,241,44
203,210,246,46
204,211,249,46
205,212,245,45
204,211,246,47
205,210,245,49
203,210,247,47
204,210,248,49
202,211,249,46
202,211,249,45
201,210,250,47
197,210,253,47
202,211,250,46
202,210,249,46
205,211,248,46
201,209,249,49
198,210,256,48
200,212,251,44
201,211,248,47
200,212,246,44
204,207,248,58
203,208,248,52
200,208,251,51
205,210,249,50
202,209,247,48
200,207,256,57
203,207,248,57
201,210,249,50
201,211,250,46
202,210,251,47
200,210,252,48
200,211,248,46
203,210,245,47
203,211,249,46
200,212,250,45
201,211,250,47
201,207,249,53
204,209,251,52
207,211,242,47
204,210,248,47
202,211,249,46
197,209,250,48
198,209,253,52
205,210,248,50
200,211,249,44
202,211,249,46
200,212,247,44
202,211,248,47
199,212,249,45
200,212,254,45
200,210,253,48
199,212,249,46
204,211,246,46
204,212,246,45
204,212,246,45
201,211,249,45
202,212,248,45
201,211,247,46
198,210,253,46
200,213,251,44
201,210,253,46
202,210,252,49
203,210,249,48
200,212,249,45
200,211,251,47
196,211,257,45
200,209,253,51
203,211,251,48
203,211,248,47
205,212,245,46
201,212,246,44
200,209,251,50
205,211,249,48
200,210,251,48
199,211,253,47
198,211,253,48
199,212,251,44
202,211,249,47
198,212,256,45
202,212,249,46
202,212,247,45
202,209,253,48
202,209,249,51
202,209,251,50
201,208,250,53
200,210,255,47
197,210,254,48
200,211,250,47
203,211,249,48
204,212,246,45
204,213,243,43
204,213,247,45
205,211,240,46
204,211,244,47
205,210,245,49
202,212,251,45
201,211,250,47
199,210,251,47
200,213,249,45
198,211,255,45
200,212,249,46
205,212,244,46
203,208,247,58
203,210,249,47
200,211,250,47
203,211,249,46
202,212,246,44
204,213,243,44
203,211,246,48
200,211,251,47
199,209,250,49
203,211,248,47
206,210,242,50
199,210,249,47
200,211,248,46
202,211,247,46
205,210,247,49
201,212,249,46
203,212,247,45
200,211,252,47
200,213,247,43
203,213,247,44
204,212,244,44
202,211,249,47
202,212,247,46
200,212,251,44
202,212,245,45
203,210,247,49
200,209,251,49
201,211,248,46
199,211,247,48
199,210,253,48
201,210,250,48
201,211,251,46
195,209,256,50
198,210,254,47
196,210,258,47
199,211,253,46
199,210,253,48
201,209,249,50
198,210,256,50
205,210,247,50
207,210,241,49
203,212,250,47
202,213,249,44
202,211,248,48
204,211,246,47
203,211,247,48
197,211,257,49
197,214,256,47
193,205,261,58
205,234,253,64
208,238,254,56
199,213,262,80
202,209,253,76
208,206,245,79
207,202,247,80
211,202,245,80
205,210,237,51
205,211,235,44
205,211,222,41
204,211,231,41
219,210,216,45
206,211,219,43
206,212,229,43
205,211,232,43
205,211,234,44
204,211,229,43
205,211,225,46
203,211,228,43
220,210,213,46
