165,119,164,115
165,123,169,112
164,123,169,115
161,122,173,118
165,122,167,114
163,122,166,115
163,123,169,115
162,124,167,118
161,128,171,110
160,129,164,110
162,131,161,111
157,130,168,112
163,134,161,110
157,134,167,108
159,139,161,103
163,141,164,105
162,139,160,106
160,141,153,98
163,141,159,100
156,141,158,98
153,136,161,106
156,141,158,101
147,139,167,101
144,137,159,100
144,139,163,98
141,140,165,101
135,140,170,97
137,140,161,95
141,143,151,91
138,147,152,89
136,146,162,87
134,148,161,87
136,145,157,87
133,147,160,86
130,147,160,84
128,148,166,86
130,146,158,88
132,146,156,85
130,146,167,87
132,145,158,87
133,146,154,85
135,146,152,85
139,151,172,82
134,148,166,82
133,148,169,86
134,150,170,83
132,147,158,82
135,147,162,83
136,145,160,85
137,143,154,85
141,146,151,89
139,147,156,80
141,141,156,85
149,144,157,88
154,144,155,85
150,138,159,86
151,139,158,86
156,141,156,84
154,141,157,85
158,142,153,86
156,140,165,86
161,141,169,86
158,143,156,84
164,139,158,87
167,143,153,82
164,141,153,85
170,143,155,81
170,141,164,85
172,143,169,84
171,142,176,83
171,141,171,84
174,140,177,84
171,140,174,86
175,139,169,88
175,138,168,87
176,140,167,87
175,136,165,87
177,140,159,87
176,139,162,88
178,139,141,88
178,140,147,85
180,138,146,84
178,142,152,84
176,140,167,88
172,140,170,88
177,141,163,89
171,143,149,86
173,148,154,79
172,148,138,79
173,148,136,79
173,145,137,84
172,147,132,82
170,147,134,83
169,144,136,90
168,145,137,88
166,146,140,90
162,149,144,86
165,147,137,86
166,143,138,91
163,141,144,92
165,141,144,96
167,144,144,90
168,140,139,93
174,141,135,91
171,143,142,91
174,139,136,96
174,140,136,91
177,140,129,96
179,137,133,98
178,138,137,98
180,140,134,96
179,138,143,102
179,138,143,99
177,136,143,99
181,135,135,101
179,133,141,103
174,130,149,102
182,134,123,100
182,136,118,98
183,133,117,99
181,135,121,98
183,137,112,96
185,132,110,101
185,127,111,107
177,129,133,105
178,126,143,108
176,127,138,110
179,128,129,110
180,128,125,103
178,125,136,108
174,126,134,107
186,128,130,112
182,127,130,107
181,127,129,108
183,125,117,109
191,132,99,106
187,128,103,110
192,135,94,100
190,135,85,101
195,130,82,108
194,133,77,105
198,130,73,109
197,131,71,105
198,130,71,107
195,132,71,108
197,135,67,104
196,130,67,110
196,133,65,106
197,138,62,101
199,132,59,108
198,134,57,105
198,132,57,107
202,133,52,108
203,135,49,106
205,130,47,107
202,131,49,109
205,130,45,110
204,129,44,110
205,130,42,110
206,128,40,110
207,129,37,109
208,128,36,112
209,128,35,111
210,128,31,109
214,130,28,107
213,130,25,111
212,128,25,111
215,118,33,104
218,128,29,98
218,128,29,98
209,129,34,87
228,128,29,97
226,146,30,94
217,142,31,96
237,130,30,98
234,130,36,100
217,130,42,91
235,131,37,97
218,132,39,94
221,135,38,91
220,136,39,90
224,139,37,90
234,133,46,97
224,133,45,97
225,138,41,92
231,137,46,91
231,139,47,90
231,139,47,90
190,148,61,92
208,138,70,93
189,140,83,103
187,138,96,104
183,135,113,106
183,134,114,107
182,135,119,108
179,136,124,106
175,138,131,105
171,134,125,108
170,137,127,106
173,136,126,107
169,145,133,94
169,144,123,97
171,147,115,94
171,150,112,90
171,149,104,90
164,152,122,89
163,158,121,84
163,158,123,81
163,156,130,83
161,151,127,87
162,159,130,80
161,160,130,80
162,160,128,77
161,158,136,79
161,150,138,87
158,157,137,81
157,156,138,81
157,156,138,79
153,155,140,79
151,154,146,82
153,156,142,81
148,154,146,84
147,152,151,86
147,153,149,83
144,151,157,85
145,152,156,86
144,149,159,90
147,148,152,89
146,149,155,88
146,149,153,90
141,145,159,91
145,145,155,89
145,146,156,87
141,145,162,89
139,142,157,93
138,142,161,97
137,142,162,97
135,139,162,100
136,140,161,95
140,143,156,94
137,143,161,96
136,142,163,97
137,143,163,99
133,146,171,94
135,142,165,99
139,144,162,95
138,145,161,94
136,143,162,98
139,145,160,95
139,144,159,98
135,142,162,98
141,141,156,102
143,144,156,99
138,142,158,101
141,141,154,107
141,143,158,102
143,142,157,105
140,140,157,110
140,141,160,111
140,142,159,109
144,145,156,103
144,145,157,105
146,143,155,109
146,144,154,107
157,145,144,105
154,145,150,103
156,145,152,105
159,147,143,102
156,147,150,101
155,146,148,104
152,147,152,104
153,146,147,104
151,148,155,104
154,148,151,106
156,149,145,101
151,148,154,103
154,150,152,101
153,147,152,100
151,150,154,96
156,152,149,93
153,149,151,101
157,150,147,95
157,150,146,96
155,149,147,94
154,149,146,92
158,148,145,96
157,150,147,94
156,152,149,91
157,150,147,95
154,150,150,95
157,152,144,88
155,152,151,91
153,152,151,88
157,152,145,88
157,152,148,86
153,153,149,93
158,153,142,86
158,154,146,90
155,153,143,87
157,155,143,88
159,155,138,86
155,155,142,87
153,159,143,84
151,157,146,82
148,159,149,84
155,156,145,86
155,157,139,83
151,158,145,84
152,159,143,79
148,159,146,81
148,158,143,87
151,157,139,86
154,161,133,84
149,160,136,80
151,164,132,76
147,164,134,77
145,164,135,75
137,163,142,78
139,163,136,76
134,166,142,72
134,169,142,69
131,172,144,66
131,173,146,66
127,172,157,67
127,174,146,66
128,175,143,62
127,177,146,61
128,181,147,58
119,175,147,63
123,182,144,57
123,180,143,56
123,179,146,56
122,180,152,54
117,180,165,54
118,179,168,55
117,179,158,57
120,177,155,57
117,177,155,54
118,175,158,52
114,174,164,55
113,174,164,57
114,172,166,55
114,171,168,59
119,172,154,58
113,172,165,59
111,171,169,60
115,168,157,56
114,163,155,59
116,163,153,62
116,162,155,63
115,164,148,60
114,162,148,63
114,161,155,63
117,161,148,66
113,159,154,67
116,158,150,67
113,159,157,67
116,158,157,67
120,157,144,69
119,154,143,73
120,153,146,75
119,155,149,74
118,152,146,78
119,151,147,79
125,151,141,78
128,150,139,81
122,147,145,80
123,151,143,79
123,146,141,83
119,150,153,79
125,147,146,82
121,147,149,81
125,147,147,85
121,146,149,83
128,147,139,86
122,144,149,88
125,143,149,89
125,144,146,87
127,144,144,89
128,143,148,89
126,146,146,82
128,143,144,90
129,144,144,87
131,143,144,85
130,144,143,89
133,147,139,84
134,146,137,85
132,142,143,91
136,146,142,85
137,145,138,83
136,141,146,89
139,143,141,87
140,140,144,90
145,141,141,88
144,137,140,92
147,141,142,88
143,145,138,82
150,143,132,85
149,145,133,82
146,146,134,83
147,146,133,82
147,148,134,80
149,150,134,80
146,149,136,80
149,151,135,83
154,152,134,79
155,152,129,80
159,150,134,82
160,154,131,76
163,155,134,78
162,152,137,82
165,154,139,81
171,156,133,81
172,155,136,82
174,154,136,83
176,156,137,83
178,155,134,82
180,154,134,84
186,156,129,81
188,158,130,81
191,158,131,79
193,157,136,82
198,160,128,80
202,159,126,80
205,159,126,80
208,158,131,84
213,158,125,81
214,159,128,81
218,162,129,78
224,162,127,78
229,160,124,78
228,164,124,74
226,160,133,76
231,164,127,77
230,161,135,75
230,160,134,79
227,158,137,78
232,155,132,80
241,155,127,79
239,147,130,87
241,146,128,95
243,144,130,94
242,144,137,94
246,150,129,88
252,150,126,88
250,146,132,95
260,150,118,90
259,149,124,89
259,145,129,89
269,148,118,92
268,148,122,88
269,151,124,85
269,150,123,90
273,160,118,76
275,161,123,79
279,160,121,76
282,161,116,77
285,165,119,71
290,164,122,71
288,164,122,72
292,165,120,68
296,168,117,64
293,164,120,71
298,149,115,88
295,145,120,92
298,145,123,92
296,146,125,91
299,148,124,92
300,152,125,87
301,155,128,82
300,149,127,90
301,148,126,99
300,144,134,100
303,144,127,110
302,146,128,105
300,146,135,101
300,143,137,102
302,145,133,99
302,144,135,95
304,144,130,102
305,144,130,102
308,144,133,101
309,142,131,104
293,142,150,103
286,139,157,110
281,144,170,100
283,144,168,103
285,141,164,104
294,148,160,100
294,155,162,92
323,168,139,79
344,171,120,74
351,176,116,73
354,180,112,68
356,182,116,68
358,181,116,68
362,183,112,66
288,145,96,51
368,188,110,63
371,185,114,67
371,183,113,67
375,187,117,64
374,187,116,65
380,186,115,65
382,186,129,67
379,188,133,63
385,188,128,63
387,188,130,64
391,187,129,63
393,189,129,67
398,184,123,68
394,187,131,64
396,186,132,62
399,187,127,62
401,185,124,59
404,183,125,63
403,184,125,62
405,183,128,64
405,182,127,64
410,183,124,65
410,182,125,64
407,183,129,65
407,184,131,65
413,183,126,65
414,184,125,65
416,185,126,65
419,186,123,64
419,184,127,65
422,187,121,63
424,186,120,63
427,185,120,62
426,185,120,63
429,185,118,63
431,185,122,65
431,185,123,66
432,186,126,64
436,186,121,64
436,186,122,62
438,186,122,65
442,185,117,67
441,186,122,63
443,189,125,65
448,186,116,65
444,187,125,64
447,185,129,65
452,185,124,65
450,187,125,63
451,188,123,66
454,187,126,64
455,187,122,63
455,187,126,65
453,186,128,65
455,187,123,65
459,190,122,62
460,189,121,64
460,188,122,63
458,189,127,67
459,187,124,66
458,184,123,68
457,185,126,68
454,185,130,68
458,184,125,67
456,182,129,71
459,182,128,69
456,181,130,72
459,183,127,70
458,179,129,74
457,179,131,73
455,178,133,71
455,177,134,75
459,177,128,73
460,174,128,78
457,172,131,78
460,172,128,77
459,169,133,81
454,165,136,89
461,163,129,87
461,166,127,83
459,162,131,87
456,161,137,94
451,160,132,92
456,157,127,95
450,154,136,97
450,149,137,99
453,147,128,101
451,147,131,103
453,144,128,101
451,143,128,105
450,142,130,107
450,141,130,106
444,140,129,108
448,140,128,106
450,141,127,108
450,139,120,109
450,138,118,108
449,136,119,108
453,136,118,109
448,134,118,109
451,133,119,110
449,133,116,111
449,131,114,111
446,131,118,109
446,132,116,108
446,130,114,107
441,132,124,105
444,130,123,107
444,131,115,105
438,131,123,111
442,131,120,110
438,130,123,106
447,131,113,111
444,131,114,107
442,131,112,106
441,131,115,111
443,132,113,108
445,132,110,106
441,132,110,107
440,132,112,110
437,134,116,110
440,137,114,107
440,133,107,112
441,135,109,111
440,136,108,107
440,134,112,107
440,134,108,107
439,135,110,108
440,134,106,107
439,135,109,106
440,136,105,108
440,133,106,109
441,138,104,109
443,137,101,107
440,137,102,107
441,135,99,111
441,136,100,108
441,135,98,107
440,133,100,109
438,134,96,109
441,132,93,106
442,133,91,105
443,133,89,107
440,132,90,107
442,130,85,105
442,134,82,106
439,135,86,105
441,133,80,107
439,133,82,108
443,132,74,102
442,135,76,101
436,134,81,103
444,131,67,101
440,134,77,99
442,133,73,104
439,133,72,102
444,134,68,100
443,133,70,103
442,132,69,103
440,132,72,101
442,132,69,104
441,131,71,105
442,131,71,102
436,132,77,102
440,133,67,101
441,132,73,100
440,132,72,102
442,133,69,103
439,133,72,105
443,131,68,105
438,128,74,106
439,129,73,107
441,128,73,106
439,130,72,106
442,129,67,105
439,127,70,107
439,126,73,108
436,128,76,105
439,127,71,104
439,128,73,106
437,129,77,105
437,125,78,107
439,131,71,104
434,128,79,108
436,129,79,107
433,128,78,106
434,126,79,107
432,128,86,104
431,125,82,106
431,130,88,105
429,125,87,109
428,126,88,104
432,127,85,106
426,125,91,109
427,128,96,106
426,130,95,104
423,124,99,107
421,127,97,106
421,124,100,106
423,125,97,107
421,127,103,109
422,126,99,107
418,122,103,108
420,128,99,108
417,124,105,108
418,129,103,108
419,128,104,111
418,128,105,109
419,132,104,110
419,132,106,110
417,129,110,107
416,125,111,107
418,129,109,105
416,131,112,105
417,131,112,106
418,128,109,107
416,130,111,107
418,130,111,110
418,130,112,108
416,125,116,106
418,130,111,111
412,130,117,109
413,131,119,107
414,129,117,113
413,129,121,105
414,131,119,102
415,131,118,106
411,133,122,102
407,132,125,106
411,133,122,103
410,135,121,101
406,134,125,101
416,135,118,102
408,135,122,100
403,142,126,99
407,138,123,100
401,140,131,95
405,141,128,98
404,145,124,92
402,143,122,92
403,146,125,93
403,147,122,95
397,149,129,87
399,150,123,91
399,150,127,93
400,146,124,91
401,150,123,88
397,149,127,87
394,151,129,89
398,151,125,87
393,151,128,84
394,152,127,85
396,151,123,86
396,152,121,85
394,154,122,80
393,154,123,80
391,154,122,78
390,154,123,77
394,155,114,79
386,155,121,80
391,156,117,74
389,158,117,73
395,160,110,71
389,162,116,70
384,165,122,67
391,160,111,70
386,164,112,66
388,163,108,70
388,163,113,68
385,165,114,69
387,163,111,70
384,164,114,67
381,166,117,67
382,164,114,68
383,164,112,67
387,168,106,64
379,166,113,67
383,168,108,65
378,163,110,68
378,168,111,65
377,164,108,68
374,168,109,66
374,165,107,67
373,168,106,64
370,167,109,64
370,167,105,64
369,169,108,63
366,169,108,64
364,169,109,65
362,169,109,63
352,169,112,62
353,168,109,63
351,167,111,63
348,168,109,64
347,167,106,66
347,166,104,66
343,166,106,65
340,168,108,65
336,163,110,68
334,168,109,64
334,166,104,63
333,166,105,67
328,166,106,64
325,167,105,62
319,165,106,65
316,168,109,62
317,166,104,63
316,166,103,59
312,166,103,62
310,166,102,64
306,167,104,63
305,166,97,64
305,166,99,64
301,165,100,64
300,166,96,61
297,165,97,61
294,166,102,63
291,166,100,62
291,164,94,64
288,165,91,64
283,162,88,65
276,165,97,61
274,165,89,62
273,164,89,64
271,162,82,62
266,164,87,60
263,161,86,63
258,165,88,62
258,163,85,63
254,166,86,59
248,163,92,62
248,164,88,60
250,164,85,58
245,161,84,62
244,162,88,61
245,164,82,62
240,165,86,60
240,162,79,61
238,162,79,62
234,163,80,60
226,160,87,64
227,163,82,62
228,162,79,64
221,160,83,67
221,162,80,63
219,161,80,66
218,163,80,63
216,162,79,63
214,163,79,63
214,162,76,63
213,164,75,62
212,162,73,64
210,165,74,62
204,165,77,64
203,166,74,59
202,166,72,59
201,164,74,61
195,166,78,63
193,167,79,63
191,168,85,62
189,168,80,60
186,167,77,60
187,168,78,60
183,167,73,61
182,169,73,57
179,169,78,59
178,169,79,60
176,168,77,61
173,170,74,58
172,169,83,59
170,167,72,60
168,169,76,59
166,169,72,59
166,169,76,57
163,169,84,58
161,169,77,57
158,168,79,58
155,169,76,56
154,170,79,57
154,171,75,57
150,170,80,55
149,169,86,56
146,169,83,54
145,167,85,56
142,166,80,56
142,165,81,56
139,164,81,58
138,163,80,58
135,162,77,59
135,162,76,56
132,160,75,58
129,159,76,59
130,159,75,59
127,160,73,58
125,158,73,58
124,158,69,57
123,160,68,56
119,160,69,58
116,160,66,57
113,161,67,55
113,161,60,57
109,162,61,56
108,161,60,57
106,161,57,54
104,160,56,57
103,160,53,59
101,158,54,57
98,158,54,58
98,156,54,60
98,156,49,60
97,155,50,58
97,155,50,59
96,154,51,59
95,156,51,56
96,157,52,57
94,156,53,57
93,156,50,55
93,157,50,55
91,157,50,55
92,154,46,57
92,155,46,58
90,155,44,57
91,155,45,57
92,154,41,56
91,156,39,56
90,155,42,57
92,155,39,55
98,155,32,55
93,154,33,56
99,156,27,55
99,156,25,57
98,156,25,54
93,154,28,58
91,155,26,57
92,156,24,56
90,157,24,56
87,157,26,57
85,158,28,57
81,158,33,57
77,159,37,57
79,160,36,56
72,159,42,57
70,159,45,56
66,159,48,57
63,159,50,57
60,159,53,58
56,157,56,58
57,158,55,58
55,157,57,58
50,157,61,58
50,157,62,57
48,158,63,57
49,157,62,56
46,158,65,56
46,156,63,55
44,155,65,54
35,156,75,55
30,154,81,57
31,153,78,56
31,153,79,57
34,152,76,56
34,151,75,56
30,150,81,55
30,149,79,58
31,151,82,57
28,150,84,57
27,150,86,58
33,149,80,55
34,149,80,57
33,150,82,57
31,152,87,55
31,150,87,56
31,151,89,56
33,153,87,55
35,153,83,55
36,152,86,55
34,154,87,55
37,153,88,55
34,153,90,56
35,153,92,55
35,151,92,56
36,151,92,55
38,151,90,56
38,150,92,55
38,150,92,55
38,148,92,54
37,150,94,56
36,148,96,54
37,149,96,55
35,149,101,54
41,147,94,55
40,146,95,55
39,147,95,55
37,146,103,57
38,148,102,56
42,148,98,55
40,148,102,56
43,147,101,55
42,146,102,56
42,149,103,54
43,148,103,54
43,146,99,55
44,149,100,57
46,147,100,56
45,147,101,56
44,145,104,56
42,146,105,58
43,146,103,55
45,147,101,56
45,148,106,57
48,146,105,56
48,145,106,58
49,146,103,54
53,146,101,55
51,146,106,56
53,147,101,54
54,149,101,54
54,147,102,53
52,147,107,56
54,147,102,54
57,148,95,53
60,146,95,54
58,146,99,53
57,148,101,55
57,147,100,53
56,148,102,56
57,148,102,53
58,147,101,56
58,147,103,54
58,148,105,54
54,148,104,54
58,148,101,56
55,147,109,58
55,147,104,55
56,145,105,56
56,146,102,58
59,145,103,59
55,144,108,60
53,143,108,61
56,144,106,65
55,144,105,65
55,141,105,63
54,143,105,65
52,141,107,70
56,140,104,69
54,142,110,71
53,140,108,73
54,142,111,74
54,139,114,75
50,140,114,76
53,139,115,78
55,140,113,80
52,140,114,80
54,140,114,81
53,139,113,82
53,139,115,82
55,139,117,87
53,140,116,83
58,137,109,88
56,139,114,88
57,139,110,90
57,140,111,90
60,139,108,92
61,140,107,93
62,140,108,94
62,140,107,98
63,140,106,94
65,142,103,89
64,140,105,104
66,140,104,95
67,142,101,96
69,142,100,95
72,143,97,101
73,143,95,98
71,143,96,99
75,143,95,100
76,144,95,106
79,145,92,96
76,145,94,102
81,146,94,100
83,148,91,99
85,150,88,98
85,150,89,99
88,149,82,99
94,152,78,93
95,153,77,93
99,156,72,91
105,156,66,88
112,157,59,88
115,157,59,92
117,163,59,85
113,169,63,85
116,169,64,86
116,173,69,86
116,180,76,83
120,185,75,81
121,185,79,88
122,190,78,87
124,197,78,89
124,203,81,89
125,213,79,92
127,221,76,92
129,227,75,91
129,234,71,91
135,240,68,94
138,242,66,96
139,251,69,94
144,251,67,99
148,258,63,99
153,261,63,100
155,266,68,94
163,267,68,96
169,268,70,93
180,268,66,94
186,262,66,97
190,263,72,100
204,258,66,100
213,257,65,102
224,250,59,107
233,249,49,105
249,246,37,107
249,246,37,107
249,246,37,107
249,246,37,107
268,256,34,104
275,257,26,97
215,211,35,95
263,222,43,100
252,239,53,115
242,243,69,117
