391,81,58,59
390,80,56,58
392,81,54,58
390,80,56,59
393,82,55,57
392,86,57,57
390,78,57,59
393,79,59,61
389,78,59,61
389,77,58,62
393,78,54,60
394,79,57,61
390,78,58,60
389,79,60,56
389,78,59,62
390,82,57,56
390,79,55,56
388,79,61,59
387,82,58,57
386,82,58,59
388,83,58,60
387,85,58,55
385,83,57,60
387,83,55,59
388,84,56,59
387,85,58,59
385,82,58,57
385,84,58,62
386,87,55,57
387,86,56,56
387,86,56,58
387,84,56,58
386,85,57,59
386,88,57,57
386,86,58,57
388,84,55,60
384,86,56,60
390,85,55,59
388,84,55,59
385,85,57,59
385,85,57,60
385,85,55,57
384,85,59,59
387,85,57,60
385,83,58,58
385,83,54,58
387,82,55,59
386,83,59,58
386,82,58,62
386,85,58,58
387,88,59,53
385,84,59,57
383,84,59,60
385,84,58,60
387,85,58,62
386,84,56,59
387,84,55,61
386,85,58,59
386,86,59,59
385,83,59,57
384,83,59,62
385,84,60,59
385,82,58,64
386,83,56,67
387,84,58,62
386,86,59,58
386,85,59,61
389,86,58,57
386,87,59,59
387,85,57,58
390,86,56,57
389,83,58,61
388,85,58,60
388,86,56,58
388,86,58,59
387,85,59,59
387,84,56,61
391,86,56,58
389,86,56,60
388,86,54,58
389,83,57,59
386,86,59,53
389,84,57,61
387,81,59,62
390,84,56,58
391,82,57,64
388,83,57,60
388,83,59,61
389,83,59,60
389,84,58,62
388,79,59,62
387,83,59,59
390,84,59,60
387,83,59,62
388,83,58,57
386,83,60,58
389,82,57,58
390,85,57,54
387,83,62,61
387,84,60,60
387,85,60,61
389,82,58,63
387,84,60,61
388,85,57,58
389,82,58,58
388,83,57,60
389,82,59,61
390,84,58,57
388,84,60,59
391,86,58,53
390,86,62,54
391,84,59,58
392,86,58,60
392,84,57,60
393,87,56,59
390,86,57,58
393,87,57,59
393,85,57,59
395,88,56,57
393,86,57,57
393,86,56,57
394,84,59,60
394,85,58,58
394,85,60,58
394,85,57,59
394,84,58,60
395,83,61,62
394,80,60,61
398,83,56,58
396,82,59,63
396,79,59,61
397,79,57,61
397,84,58,59
397,81,57,62
394,80,59,61
399,83,56,63
396,83,56,57
396,85,59,57
394,84,57,61
392,79,58,64
393,82,58,65
390,80,59,62
390,85,59,57
386,82,60,61
388,82,61,58
389,86,58,59
391,85,59,60
389,88,58,60
391,86,57,59
389,88,56,58
391,88,60,58
389,87,56,59
391,86,57,59
391,85,59,60
393,85,57,59
392,87,57,58
392,83,60,59
393,83,58,59
391,84,59,58
393,83,59,60
393,80,58,58
394,80,57,58
393,78,59,60
396,79,55,56
396,78,57,63
391,78,60,62
392,70,59,67
394,78,56,62
393,77,62,60
392,77,61,59
353,80,56,57
357,87,64,50
363,87,58,62
357,84,63,66
344,85,58,65
336,87,61,63
327,85,62,68
320,84,60,66
312,86,61,65
308,86,59,61
299,86,61,61
292,87,60,60
290,90,58,59
285,84,58,64
281,86,57,59
277,83,57,58
277,84,58,60
273,83,58,58
274,81,59,58
275,83,57,60
279,80,60,60
283,78,60,62
287,76,61,62
293,77,59,62
301,76,61,61
309,75,61,61
317,73,62,60
327,78,63,61
338,73,62,63
347,75,61,65
354,75,60,62
365,81,62,59
373,79,59,57
380,74,58,62
382,79,62,59
387,78,61,58
392,77,61,64
396,79,58,62
401,77,59,63
401,80,61,62
398,78,60,61
404,78,62,60
400,80,63,59
402,80,60,62
402,79,63,63
403,81,61,60
404,84,59,59
404,83,59,59
406,83,56,58
408,83,57,60
407,84,59,57
407,81,57,59
407,83,57,58
409,83,57,57
407,83,57,57
407,80,58,60
408,82,58,59
409,80,56,59
408,84,61,57
408,79,60,57
407,79,62,61
410,80,59,54
412,79,60,57
412,77,59,59
413,77,60,58
411,75,61,63
410,76,61,65
411,80,61,58
413,79,59,60
412,79,60,60
411,80,60,60
409,82,62,59
411,79,62,61
411,81,59,60
410,81,60,60
409,79,59,61
411,85,58,58
409,84,58,58
409,83,61,59
410,86,58,54
410,83,59,58
412,83,57,58
411,83,58,59
412,83,56,58
412,85,57,57
413,83,56,58
412,84,58,57
411,83,58,60
412,85,56,56
413,85,56,59
412,84,56,55
413,85,59,55
410,82,59,59
413,84,59,57
412,81,59,57
414,84,59,57
415,81,61,61
414,84,61,58
416,81,60,56
417,85,59,57
420,81,61,60
417,82,62,60
421,80,63,57
419,84,64,56
425,81,61,60
422,79,60,61
425,83,59,56
426,84,57,55
430,83,57,55
431,82,57,57
433,81,58,57
435,81,55,53
439,79,58,56
440,77,61,55
444,78,57,55
446,75,58,60
450,77,59,55
456,72,60,57
459,70,62,61
461,70,61,58
465,69,61,60
467,70,63,61
474,72,62,57
476,74,59,59
481,75,63,56
485,76,63,61
490,79,62,59
494,77,62,63
494,79,65,63
500,82,64,61
501,82,63,58
503,81,65,60
503,86,63,60
505,87,61,61
506,87,64,59
507,89,63,58
508,90,64,56
512,90,65,55
510,92,64,55
512,90,63,56
512,89,63,55
513,90,64,53
516,90,65,52
517,89,66,56
516,90,68,55
521,90,65,50
520,88,64,52
522,86,63,56
524,87,64,53
524,87,66,57
521,86,63,55
521,87,63,53
520,88,64,55
521,88,66,54
524,87,65,54
522,89,66,53
523,90,66,55
522,89,67,52
523,89,66,55
523,89,66,53
520,88,66,51
523,89,67,54
523,88,65,55
523,88,66,56
523,88,66,56
524,88,67,52
523,87,67,53
520,86,68,53
524,88,66,57
524,88,66,52
520,88,73,51
516,88,77,52
511,87,83,57
511,87,83,57
505,88,89,54
510,87,86,49
509,88,86,52
505,88,89,51
512,87,82,53
513,89,84,54
506,89,88,52
508,88,84,52
509,88,83,59
512,87,83,56
512,88,81,54
507,88,86,51
513,89,81,50
515,90,78,55
513,87,80,54
514,86,78,59
511,90,84,54
511,87,84,58
521,89,70,53
519,88,68,55
526,87,64,56
523,89,66,54
521,88,67,51
523,87,66,57
521,88,68,55
523,89,63,54
523,91,66,52
522,89,68,55
522,88,68,53
522,88,65,57
523,91,68,53
521,88,69,56
524,89,66,53
521,89,66,52
524,88,65,53
522,90,67,53
524,88,64,51
523,89,64,54
524,89,66,53
523,89,67,54
521,88,67,54
523,91,66,54
522,89,65,54
517,87,75,54
513,86,82,57
515,88,77,55
516,87,79,56
512,89,81,53
514,87,81,55
520,85,76,57
516,86,78,55
517,86,78,54
513,89,79,52
516,88,80,54
514,86,78,55
517,86,78,53
518,88,75,55
513,88,79,54
519,85,74,57
519,87,74,54
517,87,74,55
521,89,68,57
522,88,67,54
524,91,66,50
523,88,65,54
521,90,65,51
522,88,65,54
525,90,67,50
522,88,66,55
521,89,68,54
521,89,67,56
520,89,67,55
523,91,67,53
523,89,68,55
521,88,67,52
526,89,64,56
525,89,63,53
521,87,66,53
524,87,64,53
522,89,66,56
522,87,66,54
522,88,64,56
519,87,68,54
522,89,67,53
521,87,67,52
523,87,65,55
521,86,65,54
524,86,63,55
522,88,65,53
524,86,64,55
520,89,67,53
521,87,63,55
520,87,66,53
513,85,66,57
513,83,65,59
510,82,63,59
507,80,63,58
502,78,62,58
496,77,63,58
494,77,60,58
491,76,59,59
484,76,63,62
479,78,61,60
473,78,57,58
472,81,56,58
463,83,58,52
460,86,56,53
458,91,55,51
453,89,58,51
449,91,56,52
448,91,59,53
443,94,56,56
443,98,54,54
440,100,54,52
434,105,56,52
431,105,53,51
428,109,52,50
424,107,52,50
420,106,52,51
417,107,52,51
413,107,53,52
411,106,51,53
407,104,52,53
406,107,53,51
404,101,49,54
399,103,51,51
397,99,51,52
392,98,52,52
386,95,51,54
378,91,53,54
365,85,59,58
359,84,57,59
345,81,60,57
337,82,58,55
327,78,55,55
317,78,54,55
307,76,56,53
300,74,53,55
287,74,54,52
277,71,54,53
265,74,56,52
257,72,57,57
249,74,61,54
245,75,54,55
240,76,55,53
236,76,58,56
232,79,60,54
229,80,51,53
227,82,51,52
225,84,48,49
226,86,47,48
226,87,48,45
228,89,49,46
232,89,47,45
236,89,48,46
241,90,51,47
248,90,48,49
256,91,46,49
265,89,50,47
274,89,51,47
286,85,51,47
299,82,50,50
310,82,52,48
320,79,55,51
331,76,53,54
341,73,55,56
353,77,54,53
366,78,52,50
379,76,49,52
383,78,54,53
392,81,50,50
400,81,53,53
409,83,53,52
416,85,49,52
421,88,50,52
424,91,47,50
426,92,48,48
427,94,49,48
427,95,49,49
427,97,48,47
428,98,46,47
428,99,48,45
427,102,46,44
426,102,45,44
424,104,45,46
423,107,45,43
425,106,43,42
424,107,44,42
422,108,42,43
423,108,43,43
423,110,45,42
424,114,44,40
424,115,44,40
423,115,44,41
424,117,43,40
425,119,44,40
422,122,43,39
423,124,43,37
422,126,45,40
422,126,44,38
420,128,44,36
421,129,44,34
421,131,46,38
424,131,43,42
422,130,44,42
424,129,45,38
423,132,44,36
422,131,47,35
425,131,44,38
426,130,45,40
426,127,44,43
425,130,47,40
429,129,45,41
426,131,49,37
427,129,45,39
428,132,44,36
429,131,45,33
429,132,43,35
429,131,44,39
428,130,42,44
429,129,41,39
429,131,41,41
428,130,40,38
429,130,41,40
429,130,41,41
429,132,41,40
428,131,41,37
428,131,38,38
427,128,42,41
428,129,41,38
428,130,41,39
428,129,41,39
430,128,41,40
430,130,42,33
429,131,43,36
429,127,43,40
431,126,44,35
431,127,43,33
433,126,43,38
433,123,43,35
434,125,45,34
436,122,44,37
437,120,45,37
437,119,44,37
437,118,45,38
437,118,45,39
438,115,44,41
439,115,45,42
437,115,45,38
438,114,44,39
438,114,46,40
436,114,45,40
438,112,44,40
438,114,44,40
438,113,45,41
440,113,43,42
438,112,46,42
437,114,45,42
438,113,47,40
437,114,45,41
436,113,48,39
436,113,47,42
436,114,47,42
438,115,45,39
437,116,44,39
437,115,46,41
437,114,44,41
435,118,46,39
436,116,46,40
434,117,47,41
435,116,47,41
435,116,46,43
435,117,44,41
434,119,32,43
437,119,29,43
436,117,29,42
437,118,35,43
438,117,39,40
437,117,30,41
438,118,27,44
440,117,28,43
439,116,35,41
436,117,44,40
437,117,39,41
436,118,45,40
433,116,38,44
436,119,36,40
437,119,34,42
436,118,39,44
436,117,41,42
435,118,42,43
435,117,34,42
435,118,39,43
435,116,32,44
436,115,30,47
437,116,41,40
436,119,45,40
434,118,45,41
434,119,46,40
436,121,45,38
435,119,46,39
434,118,46,40
436,120,46,40
436,118,45,40
437,120,44,38
435,118,46,40
436,119,46,40
435,117,45,40
435,118,45,39
436,117,45,39
436,117,45,38
436,117,46,39
434,116,45,39
436,117,45,36
433,115,46,41
433,115,45,40
435,114,44,39
434,114,46,39
434,113,46,42
434,113,47,41
432,113,47,43
434,113,47,42
436,110,46,47
435,112,47,47
434,110,48,46
435,111,47,46
435,110,49,45
434,110,55,44
435,108,49,47
436,106,47,48
437,107,49,48
435,105,51,51
433,105,52,49
436,107,51,48
436,107,52,49
436,108,53,48
437,107,51,49
437,108,53,46
435,106,52,50
435,106,52,49
437,106,52,49
435,106,53,49
436,107,51,50
438,107,50,46
436,108,54,46
437,110,49,46
436,110,49,48
438,110,48,46
439,111,48,46
438,109,48,46
438,110,47,46
437,110,49,46
438,110,47,45
437,108,47,47
437,110,47,47
437,111,47,44
438,109,49,48
438,108,47,48
439,109,48,49
439,110,47,47
438,110,51,48
439,109,49,46
439,107,51,48
440,109,53,49
439,107,52,50
439,108,55,49
441,110,49,48
440,109,52,48
441,110,50,49
441,112,51,46
441,112,51,48
441,112,54,49
441,112,54,50
444,112,52,48
438,114,55,49
440,113,55,49
441,111,54,49
439,112,55,50
441,111,55,50
443,112,54,50
442,111,52,48
444,109,53,51
444,107,54,50
447,105,52,52
444,107,56,49
447,107,53,49
446,103,57,53
450,103,54,51
449,102,54,50
449,102,55,52
449,102,55,53
450,103,55,51
450,102,54,51
450,102,55,52
451,100,55,53
451,102,55,52
451,103,55,52
451,101,54,53
449,102,57,50
452,102,53,53
452,99,57,54
446,99,62,54
444,100,64,54
444,99,67,56
444,99,63,57
442,98,66,57
448,96,60,58
450,97,58,56
446,100,61,56
446,100,64,59
450,99,60,59
445,101,61,54
446,101,60,53
448,100,60,54
449,100,59,56
447,99,59,52
448,100,55,54
449,101,53,51
448,103,54,51
450,101,52,52
451,104,52,49
450,102,51,49
448,101,52,49
447,100,51,51
447,101,50,51
447,103,50,48
445,103,50,49
443,103,51,47
444,106,47,46
444,106,47,44
442,106,48,45
442,107,45,45
442,108,45,38
443,107,43,41
440,109,44,38
439,111,44,40
440,114,43,40
440,116,41,40
438,114,41,42
438,116,43,41
436,114,44,41
435,115,45,41
437,116,44,46
436,113,44,45
436,112,40,46
438,117,43,38
436,117,47,39
440,115,45,42
438,114,46,42
441,114,43,42
441,112,43,44
442,113,44,43
441,113,47,43
442,113,46,42
443,110,45,46
444,111,44,43
446,110,43,46
446,111,44,42
445,111,42,41
443,111,43,41
443,111,43,40
443,111,43,42
442,109,44,43
442,110,47,42
441,110,44,42
442,109,45,42
442,109,45,41
442,111,43,41
440,110,44,39
443,110,44,40
440,108,48,46
441,109,46,46
443,108,43,46
441,108,45,46
441,108,46,47
441,106,47,49
441,108,46,48
442,107,46,44
442,107,45,47
439,104,46,49
441,104,45,48
441,104,46,48
442,106,46,47
444,102,44,48
442,103,46,49
442,104,45,45
443,103,45,46
441,105,48,42
443,106,46,42
445,105,44,41
444,105,45,43
444,106,46,41
444,104,46,42
444,104,46,42
444,103,46,42
442,100,46,43
444,102,44,42
441,101,44,44
440,103,45,41
439,100,44,41
439,98,42,41
437,99,44,42
436,100,42,40
432,97,44,42
431,95,45,42
428,94,45,41
425,92,45,42
422,93,47,44
421,93,45,41
421,91,44,44
419,89,46,46
419,88,47,47
416,91,48,43
416,88,47,46
416,90,45,45
419,90,45,44
418,93,44,44
418,92,44,46
419,93,46,46
418,93,45,45
416,98,47,45
418,98,47,46
416,99,47,45
418,100,47,44
418,101,47,47
417,99,44,46
418,100,46,44
418,97,47,48
415,100,50,45
417,100,48,47
418,102,45,44
419,102,46,45
418,98,46,48
416,100,45,48
419,97,46,48
415,98,45,48
418,96,46,47
415,96,45,45
417,92,46,46
417,92,47,47
415,87,49,49
414,86,50,44
414,85,47,47
415,84,46,45
419,82,45,45
419,79,48,48
422,79,48,48
424,80,45,44
428,79,43,45
431,78,47,46
431,78,43,43
433,76,47,43
437,77,47,45
438,76,47,45
442,74,45,44
445,75,45,42
446,73,45,44
451,73,45,44
451,74,47,42
453,72,47,43
453,72,46,43
457,71,46,44
456,70,49,44
457,69,47,43
457,69,46,44
456,69,48,46
457,69,48,44
455,69,47,43
456,72,47,43
454,70,49,43
453,70,47,44
449,70,47,45
447,72,49,44
448,73,47,45
443,74,48,47
444,73,49,48
443,76,46,46
442,75,49,46
440,75,48,47
439,77,48,47
437,78,50,48
436,79,52,46
433,78,51,48
436,80,49,47
433,81,50,49
432,80,53,48
431,79,51,48
428,79,51,48
428,82,54,49
424,79,59,59
423,75,61,58
422,72,61,65
425,76,57,59
422,75,60,60
422,70,62,64
421,75,62,59
423,74,60,59
423,73,60,61
423,76,61,59
422,74,62,58
422,73,59,56
425,72,61,57
424,73,61,60
423,71,59,57
428,75,57,55
429,78,53,53
428,78,56,50
431,77,54,52
428,77,54,51
428,78,55,51
429,78,54,50
427,79,56,51
424,81,55,52
423,80,52,49
421,81,54,50
421,83,56,51
417,81,54,51
414,83,53,52
412,86,50,51
407,86,54,54
405,90,52,53
402,92,53,53
398,93,54,53
391,96,55,56
386,98,55,56
384,99,55,56
379,102,55,56
377,104,52,54
372,107,52,54
365,108,56,54
360,109,56,56
