408,167,97,126
411,165,96,128
414,165,98,126
407,166,100,128
408,162,105,135
407,164,99,135
409,164,99,132
408,172,96,130
408,172,99,137
407,175,100,137
405,181,101,134
403,182,106,131
411,182,97,134
407,182,108,125
407,170,111,130
410,166,104,124
409,161,116,127
407,159,116,118
416,155,91,110
416,151,94,114
416,152,94,111
416,152,96,112
419,150,91,115
418,152,92,110
420,148,92,117
421,147,93,116
421,146,91,110
421,144,91,118
423,141,90,114
422,140,91,115
424,136,90,119
425,137,91,112
427,136,87,115
427,132,87,117
429,131,90,111
428,128,91,111
431,125,89,115
426,121,90,114
417,122,91,119
412,120,89,113
406,117,90,114
402,112,90,117
400,111,86,119
394,113,85,120
391,113,85,111
390,113,85,111
382,112,87,115
376,109,91,115
371,111,89,113
366,106,88,110
361,104,89,113
359,102,88,115
357,102,88,108
359,100,90,111
359,100,95,111
366,96,84,109
364,98,92,110
369,99,93,116
375,94,90,114
382,88,85,121
386,87,88,121
394,80,82,127
396,78,82,123
401,80,83,124
404,79,83,125
405,70,88,139
407,78,97,131
411,87,97,125
415,93,98,124
422,100,94,121
425,107,94,123
428,115,93,123
426,123,97,129
428,132,96,130
431,141,95,128
427,144,104,131
430,158,104,129
432,167,107,126
438,169,104,131
440,184,114,124
445,187,104,136
444,193,101,139
440,197,108,140
437,199,107,144
431,200,101,145
421,205,102,145
410,205,103,136
404,204,97,137
394,199,94,136
381,199,94,136
373,194,97,136
369,186,95,136
360,189,96,133
359,180,95,136
353,178,97,129
353,171,100,130
354,172,95,126
354,170,97,121
357,161,95,127
364,156,96,126
370,151,95,126
377,153,99,125
387,148,96,127
394,143,96,124
400,147,101,119
411,141,94,121
413,143,100,127
422,140,102,123
429,135,100,128
434,133,101,119
438,130,97,120
439,132,98,116
443,125,96,119
444,125,99,117
445,120,97,121
446,113,93,118
447,103,94,124
445,98,93,119
446,89,93,119
446,85,91,120
445,82,89,120
448,75,87,116
437,71,96,118
437,67,93,118
435,64,89,119
422,62,96,121
407,64,104,126
405,61,99,121
406,61,93,120
405,61,87,122
399,60,84,128
392,67,87,119
387,68,87,123
388,71,92,125
383,68,94,131
383,78,91,129
389,85,90,127
396,78,83,135
401,84,86,137
402,99,91,126
405,99,93,125
411,101,94,126
415,101,98,128
419,105,97,127
423,105,94,126
427,106,88,126
430,100,87,128
429,98,90,127
431,96,85,127
432,95,87,123
423,95,95,126
429,105,94,121
436,102,85,119
441,110,79,123
442,106,79,118
449,112,102,115
420,146,87,100
413,148,100,104
412,164,91,82
412,171,98,71
416,170,91,75
418,168,89,74
417,171,95,74
420,171,91,69
423,171,90,70
423,169,89,74
426,170,87,70
423,174,90,71
421,180,97,73
447,114,84,84
453,108,78,101
455,95,77,115
457,90,75,119
459,90,78,120
460,86,76,118
460,85,82,119
461,87,82,116
461,83,87,118
463,82,82,120
459,81,94,120
460,82,92,120
462,80,90,120
459,80,102,122
460,77,98,121
462,76,99,121
459,74,105,119
459,70,101,121
462,72,100,126
459,69,105,122
462,66,96,122
465,66,92,123
462,70,94,123
459,70,99,128
463,74,97,124
459,76,98,121
456,75,96,122
454,73,93,124
448,75,100,125
450,75,98,121
449,72,95,124
448,71,94,127
448,73,94,122
449,74,93,126
449,71,93,125
446,71,92,123
447,71,91,126
445,69,92,127
447,73,90,124
444,71,90,126
445,76,88,124
441,82,91,118
445,81,82,121
446,82,84,120
442,80,88,125
435,85,94,118
438,85,89,119
440,82,86,122
439,83,89,121
440,83,90,117
438,81,85,116
438,83,90,116
442,81,80,117
440,85,88,114
441,77,80,118
444,76,83,124
440,74,81,125
438,78,87,122
439,79,76,117
441,82,79,118
440,83,76,113
446,84,75,118
442,82,77,119
446,87,73,112
447,83,69,115
443,83,74,116
446,85,68,112
446,84,72,114
447,85,71,111
447,88,70,108
447,84,73,113
448,89,76,113
448,91,78,113
449,89,80,112
451,91,78,113
451,92,82,110
450,89,82,112
452,93,87,112
449,87,93,121
452,88,90,109
452,92,89,113
449,92,90,109
452,94,90,113
453,92,93,110
449,95,92,112
448,96,96,110
454,98,93,107
460,96,86,112
458,98,89,115
461,98,86,111
455,96,93,118
458,97,92,118
460,96,89,120
455,98,93,112
457,97,90,122
460,95,89,114
457,98,88,115
456,98,90,119
455,98,93,117
456,101,90,114
455,99,94,123
449,101,100,123
451,104,102,122
446,106,101,120
446,104,99,129
444,100,93,129
442,97,91,122
443,96,85,125
441,95,84,117
442,94,80,114
440,92,75,116
437,93,80,116
437,95,72,119
435,100,73,115
428,101,75,114
421,104,75,118
412,103,77,121
403,101,77,126
396,102,82,126
389,103,78,126
379,105,80,125
366,106,83,124
354,106,87,129
345,110,89,127
331,111,93,126
316,115,105,122
315,116,95,122
307,112,95,126
297,109,102,127
303,106,94,127
297,106,93,118
295,100,89,117
295,94,90,116
291,88,94,115
287,80,97,115
289,74,97,114
286,69,96,113
292,63,93,115
290,57,89,117
292,52,94,113
290,45,93,114
299,36,89,120
301,25,92,131
303,14,88,125
307,12,92,125
310,8,91,117
313,6,91,110
320,5,90,110
327,4,92,105
332,2,94,100
341,3,94,103
353,2,92,102
369,2,87,104
378,0,82,97
390,2,76,103
402,4,79,109
412,5,74,114
422,6,76,118
430,8,73,117
439,3,69,123
443,7,76,127
452,9,74,120
456,9,78,124
459,9,77,127
465,11,78,132
470,15,79,128
479,19,77,127
486,23,77,127
492,25,79,127
497,30,84,128
500,36,84,126
507,42,84,128
509,45,85,121
515,45,81,125
519,48,83,121
520,45,82,126
519,51,89,117
516,50,94,123
514,52,97,122
515,54,99,128
512,56,105,127
514,60,107,126
515,64,106,123
512,68,110,121
520,69,107,121
519,73,100,124
524,78,100,124
527,87,106,121
529,94,110,143
531,99,117,155
534,109,117,151
539,118,110,146
543,127,114,143
549,142,108,134
555,150,108,136
554,164,109,136
545,168,117,150
540,182,118,147
535,196,124,151
532,206,122,162
537,222,119,148
539,233,118,145
542,240,113,135
537,244,114,130
537,249,111,128
533,250,110,129
530,257,106,122
526,263,105,113
522,268,105,109
518,278,114,105
518,287,114,96
513,293,117,88
516,302,114,75
509,308,109,69
501,315,103,62
501,315,103,62
501,315,103,62
501,315,103,62
501,315,103,62
501,315,103,62
501,315,103,62
501,315,103,62
501,315,103,62
501,315,103,62
501,315,103,62
501,315,103,62
501,315,103,62
501,315,103,62
501,315,103,62
501,315,103,62
501,315,103,62
501,315,103,62
501,315,103,62
501,315,103,62
501,315,103,62
501,315,103,62
501,315,103,62
501,315,103,62
501,315,103,62
501,315,103,62
501,315,103,62
501,315,103,62
501,315,103,62
501,315,103,62
501,315,103,62
501,315,103,62
501,315,103,62
501,315,103,62
501,315,103,62
501,315,103,62
501,315,103,62
501,315,103,62
501,315,103,62
501,315,103,62
501,315,103,62
501,315,103,62
501,315,103,62
501,315,103,62
501,315,103,62
501,315,103,62
501,315,103,62
501,315,103,62
501,315,103,62
501,315,103,62
501,315,103,62
501,315,103,62
501,315,103,62
501,315,103,62
501,315,103,62
501,315,103,62
501,315,103,62
501,315,103,62
501,315,103,62
501,315,103,62
426,134,107,58
429,103,102,67
431,87,103,79
430,101,109,99
429,113,109,106
420,117,123,134
422,118,123,147
411,121,136,143
422,115,126,163
426,129,122,158
421,138,127,157
424,147,130,155
429,160,124,148
436,165,124,158
436,162,125,148
438,159,123,156
435,144,127,153
438,134,128,145
452,128,120,147
462,117,115,150
454,112,123,152
459,119,115,139
458,118,113,140
464,119,107,133
467,120,106,125
465,117,115,124
469,114,113,126
469,109,116,129
469,107,120,126
475,105,118,132
480,102,118,135
479,98,109,141
475,94,107,152
475,96,100,157
476,114,99,136
476,113,90,133
472,114,92,129
472,114,91,130
478,116,92,132
479,115,92,132
473,113,94,133
479,114,98,134
482,107,101,141
478,111,102,139
482,108,105,148
480,109,115,154
484,108,119,150
486,107,127,155
493,108,122,153
497,109,131,149
500,110,135,143
500,107,142,149
506,110,139,147
517,112,131,152
521,115,130,143
517,111,138,149
532,104,124,153
528,104,124,151
532,102,124,149
525,101,130,155
527,106,129,152
524,102,124,158
527,102,123,157
521,105,126,154
520,105,123,154
511,102,129,155
516,102,120,150
507,98,131,158
505,101,131,153
506,100,127,154
499,100,127,158
495,101,132,156
487,106,134,158
473,103,144,160
466,110,160,155
464,111,149,148
456,110,170,150
454,115,174,150
458,116,171,145
450,105,137,155
459,101,123,157
454,94,122,155
458,88,123,159
454,82,129,158
459,92,119,156
450,96,119,139
453,88,107,151
453,89,110,153
441,82,120,151
442,69,122,159
435,55,123,165
432,41,127,165
428,36,129,151
426,15,122,162
426,8,115,149
425,6,115,130
420,3,127,118
426,6,119,101
415,0,133,84
415,0,133,84
363,77,108,106
363,77,108,106
363,77,108,106
363,77,108,106
363,77,108,106
363,77,108,106
363,77,108,106
363,77,108,106
363,77,108,106
363,77,108,106
363,77,108,106
363,77,108,106
363,77,108,106
363,77,108,106
363,77,108,106
363,77,108,106
363,77,108,106
363,77,108,106
363,77,108,106
363,77,108,106
363,77,108,106
363,77,108,106
363,77,108,106
363,77,108,106
363,77,108,106
363,77,108,106
363,77,108,106
363,77,108,106
363,77,108,106
363,77,108,106
363,77,108,106
363,77,108,106
363,77,108,106
363,77,108,106
363,77,108,106
363,77,108,106
363,77,108,106
363,77,108,106
363,77,108,106
363,77,108,106
363,77,108,106
363,77,108,106
363,77,108,106
363,77,108,106
363,77,108,106
572,301,113,115
572,292,131,93
573,293,133,87
536,299,130,80
531,298,133,82
522,294,145,80
525,284,132,92
510,280,135,97
505,272,129,109
497,266,131,106
492,256,136,118
492,237,116,134
482,221,126,148
468,213,135,156
464,184,141,159
457,155,147,157
455,135,145,150
455,120,133,140
452,104,133,144
452,93,130,147
446,87,134,141
445,80,127,139
441,74,128,133
437,70,128,131
433,62,131,131
431,62,129,132
430,61,121,130
440,56,109,130
430,63,116,125
418,61,123,132
400,66,138,131
392,71,139,126
391,67,136,141
388,70,128,147
382,72,112,143
371,85,107,137
354,80,120,137
342,84,107,134
329,86,106,127
313,86,119,130
305,83,114,130
298,86,107,133
293,85,107,125
290,90,105,124
289,90,100,131
292,83,100,127
296,87,104,128
305,86,104,124
312,82,104,129
328,84,98,128
340,84,99,127
352,85,97,126
362,89,97,125
368,88,100,126
378,86,98,131
389,87,95,128
395,88,101,133
409,94,99,127
419,93,95,124
428,95,91,129
435,96,91,128
433,102,97,128
439,105,90,130
441,100,84,127
444,102,85,129
442,103,83,127
440,102,80,125
438,105,75,124
425,101,82,125
414,104,83,125
403,104,82,127
389,104,91,130
384,101,92,129
369,112,102,117
364,103,99,126
360,110,103,121
350,104,111,123
351,103,110,123
355,102,109,121
362,103,106,121
362,98,114,120
368,100,111,117
372,92,107,119
378,87,101,124
384,91,99,119
388,85,94,123
391,87,93,122
392,80,90,130
388,74,99,134
387,74,109,134
414,87,89,123
433,91,76,116
435,86,84,116
441,81,91,114
452,75,96,118
465,67,99,123
476,54,99,122
487,41,99,128
498,35,102,130
504,29,107,124
513,25,107,127
517,30,114,122
528,33,114,128
533,39,107,131
540,46,105,137
545,52,104,134
550,54,101,141
550,58,95,144
550,59,97,156
550,61,101,162
552,63,95,160
556,66,93,158
558,76,95,151
570,80,89,152
573,84,89,151
582,86,84,148
589,96,86,144
592,100,87,143
594,106,89,140
593,113,92,141
594,128,92,137
596,147,92,131
590,154,99,141
588,170,103,148
589,173,105,165
588,192,112,170
586,197,118,176
582,207,120,169
586,218,117,162
580,229,116,148
564,238,127,141
567,255,113,125
558,270,113,106
555,290,103,82
542,302,106,77
533,312,100,67
518,317,104,60
518,317,104,60
518,317,104,60
518,317,104,60
518,317,104,60
518,317,104,60
518,317,104,60
518,317,104,60
518,317,104,60
518,317,104,60
518,317,104,60
518,317,104,60
518,317,104,60
518,317,104,60
518,317,104,60
518,317,104,60
518,317,104,60
389,304,98,73
403,306,96,70
427,311,94,66
455,324,87,57
507,283,78,60
507,283,78,60
507,283,78,60
507,283,78,60
507,283,78,60
507,283,78,60
507,283,78,60
507,283,78,60
507,283,78,60
507,283,78,60
507,283,78,60
507,283,78,60
507,283,78,60
507,283,78,60
507,283,78,60
507,283,78,60
507,283,78,60
507,283,78,60
514,297,75,76
493,321,77,65
479,329,86,52
475,308,93,65
475,290,98,79
478,278,98,81
485,267,100,80
491,259,100,80
500,253,98,86
516,248,87,90
525,243,84,97
533,242,83,96
538,237,83,101
531,226,88,114
527,206,87,130
518,186,101,144
265,116,85,139
290,113,76,124
300,112,78,119
308,111,75,120
315,113,78,119
321,113,77,125
326,115,74,124
330,117,71,122
333,117,73,122
336,117,77,122
344,118,77,122
349,120,78,120
358,115,76,126
364,118,76,122
371,115,77,124
376,111,79,125
374,107,88,123
373,107,90,121
375,105,97,124
385,102,97,132
393,103,96,133
402,97,95,130
406,97,102,127
411,93,104,130
417,96,110,123
424,99,105,121
432,94,105,123
437,95,107,125
444,91,107,126
450,92,111,126
452,92,112,125
453,92,110,126
452,93,114,124
450,94,108,127
450,94,108,126
453,92,102,128
448,88,102,128
445,83,101,132
444,87,100,126
441,92,92,122
444,92,96,124
442,97,90,124
445,95,93,126
445,94,86,128
452,94,79,129
456,97,79,124
458,97,79,120
461,96,81,123
461,94,87,120
463,93,93,118
462,89,95,122
460,90,100,124
459,87,105,128
459,90,112,123
458,87,118,123
462,86,115,127
460,87,112,126
466,89,108,122
468,90,106,123
466,92,108,118
470,91,102,119
468,95,107,118
470,92,110,122
475,99,110,116
483,97,103,122
490,94,98,126
496,96,95,124
503,97,90,127
505,99,83,130
503,96,87,132
504,104,83,132
498,103,87,129
495,105,91,133
491,106,92,129
487,107,90,131
483,106,90,127
476,105,89,129
470,103,92,123
465,100,91,128
460,93,91,135
454,90,92,127
456,86,93,133
457,82,91,130
454,77,96,135
452,71,94,140
450,62,96,141
446,56,98,130
444,49,98,152
441,49,99,149
439,45,103,160
442,46,98,162
438,45,103,156
434,40,107,163
439,41,101,175
437,41,102,188
439,36,111,180
445,39,110,170
443,34,113,190
444,36,118,180
442,42,119,188
442,43,117,194
436,45,124,198
443,46,118,219
437,48,123,231
436,30,129,252
431,48,130,250
428,44,134,243
439,50,124,231
445,52,117,211
447,54,119,205
445,57,122,211
444,54,120,218
442,53,124,230
448,57,127,198
439,55,132,222
436,57,133,238
446,53,125,215
443,53,127,210
445,49,123,239
439,36,130,246
