473,181,50,28
473,178,48,37
476,181,46,35
476,181,48,35
480,178,47,38
480,181,46,38
483,180,50,41
481,181,57,40
481,182,48,33
481,182,48,33
488,181,43,37
489,180,43,38
491,180,40,35
491,180,40,35
490,176,40,37
491,178,47,33
493,177,45,37
493,177,45,37
493,177,45,37
504,175,50,38
511,177,46,43
514,176,44,40
507,178,49,42
508,179,52,43
505,180,53,36
507,179,52,37
507,178,52,37
500,179,58,41
502,175,54,43
502,175,54,43
499,176,56,37
499,179,51,35
496,177,52,37
501,177,48,41
493,177,52,38
490,179,60,41
488,181,56,39
489,184,56,42
490,186,55,44
491,194,52,39
493,200,43,37
493,204,47,36
492,209,49,36
486,214,46,32
485,212,51,36
481,210,55,36
477,208,50,35
472,201,55,37
461,196,59,32
453,186,53,32
443,172,49,29
435,158,43,31
428,144,40,32
423,126,42,28
411,110,49,25
408,101,51,28
404,98,50,32
401,90,53,34
387,85,54,42
482,176,59,42
373,79,57,44
372,80,62,47
342,79,66,53
351,89,54,47
349,100,52,43
343,105,53,40
315,124,53,46
297,135,65,58
300,142,80,53
274,131,86,68
274,126,90,83
271,137,77,80
276,138,57,68
280,213,50,55
280,213,50,55
279,144,49,49
280,145,46,48
280,145,46,48
286,147,41,48
285,148,44,45
283,150,45,50
282,151,48,45
290,155,43,43
291,162,42,47
292,166,44,44
290,168,46,40
293,174,44,41
293,178,42,39
290,184,44,44
293,187,42,36
290,190,45,32
268,199,54,35
273,194,61,41
267,194,67,42
268,192,67,44
258,191,76,54
258,191,76,54
256,176,78,53
256,176,78,53
256,176,78,53
266,158,74,45
280,152,66,42
274,150,59,41
279,143,53,47
280,141,47,46
279,137,45,45
276,132,51,51
274,128,48,48
269,129,50,49
269,128,44,47
297,167,34,52
297,163,36,54
294,168,35,47
298,181,33,39
289,187,39,33
289,187,39,33
289,187,39,33
291,199,33,24
291,199,33,24
294,196,28,24
287,190,35,25
282,182,38,29
281,171,42,32
279,176,37,28
287,166,34,34
278,158,36,41
278,158,36,41
276,150,37,39
274,154,35,36
271,156,38,37
269,154,36,42
269,154,36,42
242,119,33,45
242,119,33,45
238,118,37,52
237,119,40,55
237,119,40,55
238,119,35,50
239,118,33,49
237,119,37,48
241,118,31,47
237,118,33,47
237,117,37,48
240,117,36,47
233,116,38,46
234,115,38,51
238,119,33,48
236,118,34,51
236,117,42,59
235,117,45,63
237,117,41,59
234,120,40,59
229,119,47,59
234,117,38,48
234,119,35,46
232,118,40,51
261,151,38,40
230,116,36,39
233,120,34,42
233,119,32,48
263,160,33,43
232,119,33,42
233,118,33,45
233,118,34,44
234,118,29,42
232,119,31,42
231,119,33,39
231,121,32,41
228,119,37,40
227,120,37,34
228,119,33,33
228,120,37,39
230,119,40,43
233,122,44,47
220,120,54,51
224,121,56,50
225,121,52,48
225,121,46,52
224,120,41,58
219,121,44,49
264,146,43,40
216,122,47,47
213,130,52,58
208,125,60,63
207,126,61,64
210,122,63,78
206,124,62,75
208,128,61,70
210,127,63,66
210,124,64,68
215,124,65,71
216,122,59,65
218,123,64,59
223,123,55,45
223,122,51,53
228,114,49,59
230,103,39,61
238,92,35,64
249,77,32,59
253,63,36,57
262,41,34,48
270,41,33,39
282,33,30,38
284,25,30,38
293,23,32,34
292,17,40,31
307,16,35,32
318,16,35,34
325,17,36,29
337,19,33,29
339,22,32,26
354,29,35,27
354,38,37,31
366,41,36,28
376,54,35,31
428,103,36,32
396,80,31,32
406,96,35,31
408,114,38,30
421,139,36,34
430,165,40,32
441,193,39,37
452,211,40,42
471,230,41,48
487,244,46,48
509,162,43,47
506,170,46,49
507,172,47,48
505,177,48,46
507,173,46,48
506,171,45,46
508,167,47,47
511,161,45,50
512,156,46,48
518,146,45,48
518,142,43,46
522,134,44,49
524,129,43,46
527,120,40,54
530,111,39,55
536,103,38,56
534,99,41,55
535,93,49,59
534,93,46,55
537,85,47,60
536,88,46,56
538,85,50,57
540,82,47,55
540,81,49,54
540,80,53,61
541,83,51,54
542,81,50,55
542,81,49,55
541,81,48,51
543,81,49,53
542,84,47,56
544,86,42,51
543,91,44,50
543,88,45,52
542,88,46,53
544,89,47,52
545,92,44,54
543,92,47,58
543,91,47,54
542,92,46,56
543,90,41,54
545,91,42,52
544,83,49,59
544,85,42,56
545,89,41,47
546,86,45,49
545,88,47,47
544,84,49,49
545,81,50,54
544,85,47,52
544,83,47,50
543,81,50,52
542,77,50,55
544,80,46,54
544,80,45,53
544,84,44,48
544,79,45,56
541,81,49,51
540,80,46,52
543,84,43,50
540,82,49,51
538,77,51,54
540,77,50,52
540,80,45,55
541,84,42,51
540,80,49,57
539,80,47,54
539,79,47,55
539,81,47,52
540,80,46,51
538,78,48,56
539,84,46,50
539,87,44,47
540,85,44,49
538,82,45,56
538,83,43,55
538,83,45,54
538,85,43,49
539,81,39,54
540,83,45,53
542,88,42,47
542,86,39,45
542,81,44,53
541,79,42,57
541,81,48,54
540,80,46,53
542,81,46,53
541,80,47,53
542,79,50,51
541,80,49,54
541,82,43,54
541,81,48,53
543,85,44,50
541,81,45,54
541,82,46,51
542,82,46,53
542,82,44,54
542,84,44,53
541,85,41,50
542,82,43,49
543,83,47,53
540,82,47,51
541,82,46,54
543,82,44,51
542,79,47,55
543,85,43,53
541,79,46,55
542,83,45,55
541,86,46,49
542,83,44,50
542,82,43,53
541,82,49,53
541,81,40,53
541,82,48,53
541,80,46,51
540,84,46,50
541,83,44,47
540,81,46,49
541,80,47,53
541,79,43,54
541,79,43,53
540,80,46,55
540,80,45,54
539,81,45,52
540,83,44,52
540,77,44,56
540,79,44,55
538,82,46,50
539,80,45,53
537,82,45,55
537,80,46,54
535,83,47,51
535,81,47,52
535,81,45,54
532,76,49,57
534,79,49,55
534,78,48,56
535,77,46,58
535,79,44,53
535,80,47,53
536,79,44,56
538,79,45,56
537,80,47,52
538,81,51,53
539,83,46,49
542,85,42,47
540,78,42,53
539,80,44,54
538,76,49,59
537,78,48,53
536,78,46,51
538,81,45,50
538,81,44,50
538,82,44,53
540,81,42,52
536,79,43,55
534,81,45,53
533,79,46,56
534,83,44,53
534,85,45,52
533,80,50,58
531,81,45,55
529,81,48,55
530,82,44,52
529,85,44,52
530,79,44,54
530,84,45,54
529,81,47,59
528,80,51,56
531,84,44,51
531,84,44,51
531,85,45,52
532,88,44,48
533,85,44,48
534,84,42,50
533,86,44,49
536,83,41,49
536,84,45,50
536,84,43,51
537,86,43,48
533,78,48,55
534,84,46,52
534,83,45,49
534,83,44,53
532,82,44,53
531,84,45,53
529,83,47,56
527,82,47,56
524,81,47,54
524,81,46,54
525,84,51,54
519,80,49,56
521,82,47,52
522,84,44,50
518,82,47,54
520,84,47,52
518,82,48,53
517,82,48,55
518,82,48,54
520,84,45,50
517,85,47,48
519,84,46,52
521,82,46,49
518,80,49,56
521,81,49,53
521,82,47,50
522,80,50,54
524,82,47,50
524,84,45,51
523,87,46,48
521,86,49,48
522,77,47,56
525,79,48,52
527,82,46,51
523,74,53,62
527,81,44,52
526,81,46,53
527,80,45,54
522,74,51,58
527,80,47,53
521,76,51,58
525,76,49,60
525,74,53,61
524,78,47,53
526,76,45,54
528,76,48,57
526,73,51,53
527,79,47,51
529,76,47,52
528,77,47,52
530,73,47,56
531,75,44,55
529,74,47,57
531,73,49,54
532,76,46,52
534,74,45,56
536,74,50,51
536,77,44,52
537,78,47,52
538,75,46,48
538,74,49,49
541,75,49,52
541,73,55,54
542,78,45,45
544,78,43,48
544,80,48,50
544,75,52,57
545,75,51,58
543,74,54,55
546,74,49,55
547,77,49,56
550,77,45,58
549,75,48,57
549,76,45,55
550,78,47,51
549,79,47,51
551,81,42,48
551,76,49,52
552,80,49,50
551,78,51,51
552,76,54,57
553,78,56,54
552,80,54,55
554,78,52,52
553,78,53,49
555,76,55,52
552,74,56,52
556,79,57,50
555,74,59,52
558,75,60,54
558,77,59,51
559,78,61,55
563,80,62,52
563,78,62,58
565,78,58,55
567,81,59,49
569,81,52,49
567,83,58,44
574,81,50,48
570,85,52,44
573,83,51,47
573,83,53,45
573,84,53,44
576,87,49,42
578,87,46,37
578,87,46,37
579,85,51,36
576,86,51,38
577,86,49,42
505,46,50,48
506,57,52,46
506,71,48,44
505,84,49,47
575,93,52,45
576,94,50,48
575,93,51,54
572,94,53,52
570,97,53,49
566,97,51,57
562,102,55,52
559,106,58,53
555,107,60,58
549,107,53,55
552,111,47,50
550,113,46,43
551,108,47,50
550,108,49,57
551,102,51,51
553,100,56,55
547,97,53,44
550,96,52,48
551,94,59,55
555,92,57,62
552,91,59,50
550,89,62,47
556,93,50,38
558,91,49,44
558,88,54,45
558,88,58,49
557,86,55,48
559,87,54,47
558,89,50,46
556,89,54,44
557,85,56,46
557,88,52,46
558,88,53,48
557,89,48,44
561,88,45,45
560,85,48,50
560,87,51,47
562,84,46,49
565,87,43,51
563,86,46,48
564,84,49,52
561,88,49,50
562,86,55,53
563,85,51,51
562,88,51,50
562,87,51,54
561,88,47,57
562,89,46,57
561,88,54,56
557,90,51,52
554,88,53,48
558,91,50,53
557,90,53,49
560,88,50,46
559,89,51,45
559,85,50,52
559,82,48,51
560,84,51,53
559,85,49,50
561,84,51,50
562,81,49,49
560,79,54,48
560,83,49,45
561,81,50,48
562,83,51,47
560,80,53,51
559,79,54,54
562,80,55,55
561,77,55,57
561,79,54,51
559,80,56,52
558,80,53,47
559,83,51,50
559,79,48,53
561,77,53,55
561,79,51,52
559,80,56,56
560,80,54,50
556,80,56,50
558,79,57,54
560,81,57,53
559,78,60,54
562,78,61,56
560,75,55,58
561,79,55,55
563,80,60,53
562,79,58,54
562,79,56,52
565,81,55,53
566,80,57,50
563,80,60,56
565,82,58,52
563,81,57,48
564,83,58,50
563,83,63,50
564,82,53,50
563,85,50,49
565,82,54,50
564,83,58,57
565,84,58,54
568,84,56,53
567,88,55,45
566,88,58,42
568,89,52,48
571,88,52,48
571,90,53,43
570,88,54,48
571,88,56,50
570,91,54,43
572,89,52,44
573,89,52,45
571,89,54,44
572,90,54,43
573,91,51,39
575,89,50,42
573,88,55,40
573,90,50,41
575,91,49,42
573,89,51,46
570,87,56,48
571,88,56,43
572,85,54,49
572,87,52,44
571,88,55,43
572,85,53,49
570,87,51,46
572,88,52,46
571,87,53,47
572,87,51,45
571,87,53,46
570,89,51,45
570,87,52,50
571,88,50,51
572,87,46,51
569,87,48,51
566,85,54,54
565,82,55,64
564,84,53,66
559,86,55,57
558,85,48,53
556,87,48,51
554,89,48,46
553,89,44,46
552,86,48,47
553,90,52,50
552,91,51,47
554,87,54,58
552,87,51,50
556,87,52,50
557,85,53,50
558,81,53,50
561,80,56,48
562,81,55,51
559,83,57,60
557,78,61,52
546,83,69,55
550,83,70,59
549,80,74,69
550,79,75,65
553,78,72,67
550,77,72,78
545,81,78,80
566,70,63,72
575,75,54,61
574,75,52,57
572,77,54,55
573,77,51,53
572,78,53,52
572,79,54,54
572,76,55,55
570,76,53,55
570,79,50,56
569,80,49,53
569,79,52,57
569,79,53,53
569,75,58,59
571,78,51,56
571,82,53,48
573,77,53,54
572,78,55,54
572,77,54,51
575,74,50,54
576,76,50,53
570,79,55,50
482,67,53,46
487,43,53,50
489,26,53,49
491,6,54,45
579,78,57,50
580,81,51,52
581,81,51,48
581,82,48,45
577,82,56,40
578,83,64,33
580,83,70,32
540,63,70,38
539,59,69,39
546,48,72,49
557,40,65,53
562,33,59,63
561,37,64,70
570,30,58,79
552,13,71,89
563,22,71,78
569,21,66,87
548,2,71,75
550,6,71,84
552,19,67,72
554,36,62,77
557,54,61,83
555,77,67,72
547,95,75,67
562,89,64,70
567,91,57,76
562,88,59,72
558,89,56,65
552,92,56,61
550,94,50,48
554,84,54,52
552,89,51,57
551,89,50,53
551,87,44,48
548,86,48,47
550,86,46,51
550,83,49,53
548,82,47,52
549,81,51,55
550,79,53,54
548,80,50,51
551,78,45,58
551,78,48,57
551,77,51,53
551,77,52,53
551,76,52,47
549,78,49,51
550,81,50,46
553,75,44,54
553,76,49,50
548,77,45,51
548,75,51,56
548,74,52,53
547,79,52,49
543,80,51,49
545,76,48,50
544,74,51,50
543,78,48,44
541,77,51,48
543,80,42,47
539,78,45,51
538,77,48,52
537,79,46,50
536,84,46,43
536,78,47,49
536,79,47,54
537,75,47,50
534,77,48,51
537,79,46,54
537,79,50,48
533,73,51,52
538,75,46,58
538,76,48,60
539,78,48,53
540,80,48,55
543,80,44,53
542,81,48,51
542,81,52,52
543,78,55,55
545,81,51,53
545,80,55,53
546,82,55,46
545,82,54,51
550,83,54,55
550,84,56,55
549,83,54,53
553,85,58,52
555,89,56,47
557,91,56,45
563,94,54,40
565,93,54,48
566,95,58,44
569,93,55,56
569,97,59,53
568,105,59,63
567,107,55,65
570,109,56,64
567,108,53,73
572,103,56,80
570,104,59,93
570,105,55,90
572,107,54,96
569,107,55,90
572,106,53,83
574,101,52,76
572,102,52,74
568,103,53,63
561,102,55,57
557,106,51,61
553,108,55,64
544,116,56,57
543,120,47,46
534,129,48,55
529,135,44,55
526,142,41,49
521,146,42,45
517,148,40,49
516,152,41,46
513,154,39,44
512,152,42,46
510,152,43,44
508,153,41,42
507,151,44,41
507,149,40,43
505,148,41,41
505,145,42,42
504,146,40,38
504,144,42,38
505,142,41,38
504,141,48,40
503,139,52,49
503,138,48,46
508,135,46,45
509,133,47,43
513,132,43,41
517,129,41,42
520,127,38,41
520,125,39,39
522,122,38,42
523,121,37,39
524,116,39,48
527,109,39,55
528,106,39,48
529,106,37,45
531,98,45,51
530,98,48,56
533,95,46,54
532,94,48,51
533,93,51,55
533,94,45,50
536,93,45,47
537,92,46,48
537,94,42,43
537,94,43,49
538,93,45,45
538,89,50,47
538,89,45,50
537,88,49,50
537,89,42,51
537,92,40,49
538,93,42,50
538,93,42,46
537,91,49,53
536,93,42,53
536,94,43,50
537,94,43,52
537,92,40,56
538,93,44,57
537,91,47,63
539,89,46,67
539,89,49,62
539,90,55,63
539,85,45,59
540,85,49,65
540,86,42,54
540,85,44,55
541,88,44,53
541,88,41,52
543,87,44,49
542,84,45,48
542,85,46,53
542,85,42,51
543,87,42,49
543,85,43,54
542,82,46,52
543,82,46,52
542,81,44,51
544,87,44,47
542,83,45,51
544,78,46,58
544,80,44,56
543,79,48,55
544,81,44,53
544,80,46,53
545,79,46,57
542,79,47,57
540,79,48,55
540,80,51,55
542,79,49,55
539,75,51,56
541,82,45,51
543,79,52,50
537,81,47,52
538,75,51,58
537,74,50,58
536,73,50,47
536,72,47,50
533,77,49,57
534,75,50,59
536,74,48,57
531,70,49,61
533,74,47,56
529,71,53,48
533,73,50,48
533,79,45,53
533,77,49,54
532,76,46,55
532,77,50,51
536,74,42,58
534,74,48,59
532,73,48,56
530,71,50,53
533,75,46,55
530,77,47,49
532,79,43,54
530,82,46,44
532,82,46,45
531,80,45,48
531,80,45,53
531,79,50,54
529,82,46,54
529,83,46,52
528,81,47,52
529,87,44,47
530,89,39,45
529,87,41,47
530,91,41,44
530,93,40,43
528,87,43,49
527,89,45,50
528,86,42,44
526,90,42,46
527,92,40,43
528,89,41,48
525,90,42,46
528,91,39,46
526,92,39,46
528,93,39,45
527,92,37,41
527,90,39,43
527,89,42,48
527,90,42,48
528,91,40,46
528,89,42,49
527,90,40,47
529,92,42,44
531,98,37,39
528,91,41,41
528,91,42,46
529,91,40,44
530,92,38,41
530,97,40,37
531,95,38,38
529,95,43,41
532,93,42,41
532,91,41,46
534,87,39,47
537,87,40,48
537,89,39,46
540,89,39,47
540,87,43,41
540,92,38,42
541,92,37,43
542,90,41,47
542,90,43,46
543,86,40,52
542,89,39,46
543,90,40,45
543,89,41,45
545,89,43,46
542,83,50,46
544,90,44,42
543,85,47,43
544,89,43,42
547,86,41,45
545,89,39,39
544,87,43,45
545,84,42,49
545,92,38,42
544,90,39,43
545,88,40,44
542,90,38,46
541,96,38,39
541,89,36,43
540,89,41,48
536,89,41,46
537,88,39,49
534,90,41,45
533,90,42,46
534,92,40,44
532,91,42,46
532,94,40,44
533,91,41,46
534,91,42,43
536,92,39,45
535,88,40,49
538,91,40,46
539,88,40,44
541,89,37,46
543,87,43,50
544,88,39,47
546,91,40,45
542,90,45,48
545,87,40,51
546,87,43,51
548,86,47,45
548,89,43,46
547,88,49,49
547,86,48,47
549,88,51,50
551,88,46,49
547,88,46,48
546,90,52,47
549,87,46,50
545,89,50,47
542,87,57,50
542,88,50,48
540,93,46,48
538,96,44,44
535,94,44,50
531,94,42,49
531,96,39,44
528,95,37,47
525,94,39,46
522,96,39,44
521,97,38,41
519,97,39,42
520,99,39,42
520,95,39,48
519,96,38,46
520,97,39,47
520,97,38,47
520,96,38,46
522,97,37,42
520,94,39,46
522,92,39,51
521,90,44,51
521,87,44,50
525,84,43,51
524,85,44,50
527,87,40,45
528,84,43,53
530,83,42,58
530,83,43,55
529,82,42,56
532,85,46,59
532,80,49,57
532,80,48,50
532,81,49,47
535,83,45,52
534,81,48,56
535,80,46,55
536,83,43,43
535,81,49,49
537,79,49,55
536,82,47,55
539,82,43,56
541,80,47,56
542,81,47,55
542,82,46,56
543,83,45,55
543,87,42,50
547,85,44,50
547,90,41,47
550,87,47,48
551,88,45,48
553,87,49,48
552,85,46,51
555,85,51,48
559,86,50,49
558,84,51,47
562,87,56,49
563,88,51,54
564,86,48,50
565,88,48,50
566,88,50,49
567,88,46,48
568,89,47,49
570,91,43,45
570,94,43,47
572,93,44,51
571,91,49,51
572,91,50,51
572,90,48,51
573,93,50,50
576,91,47,51
578,92,46,49
577,94,47,45
575,90,53,53
580,92,48,49
575,92,50,54
577,90,52,56
578,89,50,56
578,91,49,50
578,92,48,54
576,93,48,51
577,90,48,57
576,91,46,55
577,91,48,54
577,93,49,50
575,94,48,48
575,96,46,46
573,94,44,50
573,93,49,47
571,95,54,51
572,93,50,53
572,93,50,52
571,95,52,54
572,94,51,54
570,93,50,56
570,95,51,52
568,93,53,52
568,92,55,50
569,94,55,48
570,93,51,50
570,91,52,53
570,90,54,56
571,90,52,51
574,93,53,46
572,93,53,48
575,91,53,46
576,93,51,48
578,91,50,51
581,94,45,48
582,91,49,49
582,104,45,44
581,100,40,48
581,95,43,56
583,95,40,50
579,101,41,43
581,95,42,47
581,94,44,43
582,91,45,48
583,95,46,57
582,95,41,60
580,95,43,56
580,98,48,52
579,94,49,48
577,96,47,47
577,98,48,45
574,96,48,51
574,96,49,52
572,98,47,47
574,98,45,50
572,96,47,52
571,96,44,54
571,97,50,53
571,96,51,57
571,96,48,60
571,93,45,58
572,98,43,59
571,99,45,54
572,99,48,53
571,96,51,53
573,94,49,56
576,95,41,51
574,96,49,51
576,95,45,52
577,93,51,51
577,92,49,49
580,90,47,50
580,92,39,42
580,90,48,47
581,89,41,51
581,89,45,54
584,90,42,50
583,90,45,43
582,90,43,46
583,90,42,50
582,92,42,52
579,91,42,50
580,90,48,54
579,88,46,58
575,89,52,54
574,91,48,54
573,89,49,54
572,90,48,54
570,90,52,52
568,90,44,55
568,88,48,57
569,89,46,51
568,90,48,50
566,86,51,53
566,85,49,56
568,86,48,56
568,88,47,50
567,87,44,52
569,86,45,49
569,84,46,50
568,86,50,51
570,84,55,53
567,85,50,53
571,83,50,53
569,84,46,53
571,85,46,50
571,87,46,48
566,88,48,48
570,90,39,38
569,89,45,44
568,88,48,46
569,85,47,46
566,87,54,49
567,88,53,54
569,89,45,44
568,88,46,52
568,87,48,53
568,90,47,46
568,89,46,55
569,88,46,53
570,88,46,56
569,87,50,58
570,88,50,54
570,94,39,46
569,90,46,53
569,91,44,52
568,91,44,50
569,91,43,49
567,93,43,48
568,92,48,49
569,91,48,51
568,96,44,49
570,94,46,46
571,92,45,51
570,91,51,51
569,92,50,51
572,91,44,48
573,92,51,49
573,90,45,50
575,91,46,51
575,90,50,48
573,92,49,48
575,91,47,49
573,89,50,49
573,92,50,49
573,91,49,47
573,92,49,46
572,93,49,48
573,91,45,51
573,93,44,45
570,96,46,48
569,93,44,50
570,91,50,55
568,92,47,51
569,89,51,54
568,91,46,52
565,94,44,51
566,94,43,48
565,92,45,50
566,92,44,52
565,93,42,51
561,94,42,51
563,94,40,52
559,92,49,57
558,94,50,53
555,92,46,48
556,95,43,49
554,95,44,49
551,96,43,49
549,97,44,47
546,96,47,49
545,99,41,49
544,99,42,51
545,99,40,52
542,98,43,56
541,97,41,55
541,99,42,50
541,93,41,54
542,95,45,49
541,94,44,48
543,96,44,46
545,94,44,45
547,93,44,45
548,89,47,48
547,86,45,45
550,84,48,51
551,83,50,45
556,80,49,38
536,88,50,42
507,71,52,47
403,124,43,50
405,126,35,46
405,130,34,49
406,128,34,45
407,127,34,52
407,128,35,45
404,130,37,44
405,129,36,49
408,128,33,49
409,128,35,51
408,129,35,48
409,129,35,47
407,131,37,45
402,129,44,46
410,132,36,42
412,131,34,44
416,129,34,45
417,131,34,44
418,132,34,43
425,131,30,45
427,133,28,42
428,133,29,44
430,132,29,41
432,132,27,42
434,131,30,44
436,131,28,46
437,132,29,42
437,132,32,46
438,132,31,48
438,131,32,49
439,129,31,47
438,128,31,42
439,129,31,47
441,131,30,48
439,127,29,43
437,128,32,42
439,129,29,44
438,129,30,43
435,128,34,51
434,127,31,53
419,130,43,50
407,119,52,53
414,130,46,56
416,125,42,61
412,128,42,62
413,128,41,61
409,127,45,63
407,126,44,68
405,125,53,72
405,124,47,78
403,124,49,83
400,125,51,84
400,126,49,80
396,126,52,85
397,121,54,81
392,122,58,84
392,124,59,81
392,120,49,83
389,123,48,77
386,120,51,81
382,121,57,77
378,121,62,79
376,123,59,75
376,122,54,74
375,124,52,68
374,125,52,59
373,124,49,63
368,124,54,68
370,110,51,61
372,119,49,62
367,113,53,72
362,114,57,71
372,108,44,81
371,112,45,84
366,113,50,82
365,112,53,91
360,111,54,99
361,107,53,89
357,107,56,88
357,106,54,102
358,102,53,94
348,107,52,90
346,103,53,85
346,105,53,87
324,107,67,91
327,106,61,99
327,105,59,84
328,106,55,77
326,105,51,61
325,104,46,63
319,101,54,67
310,101,50,60
309,103,55,69
306,104,51,59
307,102,51,61
304,102,52,69
303,102,58,66
298,101,52,73
300,102,52,65
298,102,51,62
298,101,52,70
295,103,52,64
296,103,51,71
294,104,49,57
294,104,46,60
295,105,48,64
292,105,47,72
284,105,58,79
283,108,55,77
285,107,51,65
286,110,45,56
285,108,44,55
283,109,47,60
280,109,40,60
277,110,49,56
275,107,42,59
275,111,42,62
275,109,37,55
271,107,43,49
272,107,38,42
272,107,41,47
269,106,45,55
268,112,50,67
267,112,55,76
265,112,58,71
267,109,51,73
262,110,57,79
263,108,60,78
260,111,65,77
253,105,68,71
261,109,64,86
262,108,71,87
262,107,73,82
242,109,64,82
261,107,70,80
255,108,54,78
256,107,48,78
264,109,65,79
264,106,65,79
259,106,53,77
266,105,39,85
264,106,42,76
265,109,42,68
267,110,43,68
269,109,42,75
270,110,44,75
270,111,47,74
265,111,56,77
271,111,56,72
268,112,60,77
270,111,60,79
276,110,59,76
274,112,61,79
266,110,71,88
273,109,75,81
273,108,78,84
274,109,75,76
280,109,65,68
283,103,67,67
284,105,66,79
285,104,70,94
287,104,72,102
288,104,75,105
286,102,78,109
281,103,91,103
290,99,78,113
292,101,74,111
293,100,77,112
292,101,77,115
295,103,66,115
294,97,65,110
288,100,69,116
278,99,80,121
280,102,72,111
273,102,78,117
272,104,79,120
276,101,72,127
281,96,71,119
280,98,68,123
286,94,63,113
277,91,69,103
297,94,61,81
299,96,59,75
308,96,50,68
310,99,43,55
308,99,44,59
313,101,45,58
317,101,38,55
320,103,37,51
323,100,41,52
323,101,45,52
329,99,37,60
330,103,39,58
331,105,46,55
334,103,41,56
333,101,48,52
338,104,43,52
337,103,51,53
341,104,48,52
345,104,41,54
346,101,46,52
346,103,44,57
349,104,44,57
348,104,43,57
353,102,40,57
352,103,43,50
354,102,42,48
353,102,43,54
351,103,50,52
353,102,50,55
356,107,48,55
354,104,53,56
356,103,47,52
356,102,53,56
355,104,56,61
353,105,57,60
353,100,54,60
351,98,61,61
352,98,55,66
352,97,53,68
349,96,64,68
351,97,68,71
353,97,58,69
351,92,64,70
351,93,63,71
347,94,68,72
343,94,67,63
345,97,61,62
344,99,59,59
344,100,54,64
341,98,59,50
340,96,60,59
335,93,69,67
341,97,60,60
336,96,64,60
339,93,71,62
336,91,69,67
340,93,63,59
335,94,71,66
335,91,73,73
336,91,78,85
334,89,87,91
340,85,75,109
344,86,70,109
346,87,65,104
343,82,71,100
346,80,60,107
347,74,83,121
350,73,78,143
348,69,78,161
349,68,74,156
345,70,77,172
347,70,75,170
348,69,77,160
351,65,72,154
346,67,77,173
351,66,77,168
353,57,74,155
354,64,72,170
356,62,69,149
348,69,76,163
345,56,75,143
348,65,70,124
345,68,71,113
343,71,69,101
341,70,71,101
342,73,69,97
336,75,73,86
336,77,68,88
329,81,73,82
333,81,69,82
331,82,75,91
333,83,81,92
328,84,75,93
330,84,67,92
332,85,69,93
330,84,73,84
327,85,71,86
328,84,75,93
329,86,78,99
331,86,74,106
326,92,81,99
329,95,79,110
332,91,81,98
340,93,71,104
341,100,74,112
337,101,83,134
336,106,78,139
333,101,77,140
334,106,77,140
326,105,84,151
338,107,72,153
338,107,72,146
336,105,74,140
336,102,73,153
341,101,71,164
347,104,65,151
353,106,62,147
354,99,60,125
347,96,71,114
335,109,78,122
347,109,64,125
353,102,62,117
347,107,67,125
357,105,57,115
348,105,63,110
337,104,73,91
354,103,65,91
345,104,70,87
346,101,68,74
347,106,61,65
346,104,66,57
348,104,63,69
352,104,59,60
359,104,49,52
361,104,46,57
361,104,48,54
358,106,45,51
357,106,46,54
357,104,45,55
357,103,43,57
354,103,46,53
353,103,47,60
349,103,43,59
350,101,39,54
346,102,43,51
345,102,52,58
343,100,53,58
340,101,44,51
335,104,53,55
333,103,49,51
334,103,45,57
331,100,46,57
330,96,54,65
328,101,55,59
322,99,56,60
324,99,62,59
323,100,52,57
319,97,49,66
317,97,49,54
315,101,51,58
316,100,50,63
316,99,51,56
319,102,47,51
321,100,50,57
319,101,49,59
321,99,46,60
322,100,43,58
323,102,45,60
323,104,42,57
325,105,48,59
325,106,51,58
322,108,57,50
326,109,52,48
328,107,48,53
327,110,48,53
327,109,49,55
322,109,49,57
323,108,52,54
322,107,51,53
320,107,51,52
321,109,51,51
320,106,49,51
317,108,50,50
318,105,53,47
317,106,44,58
316,104,47,61
313,103,44,60
312,103,46,58
305,105,52,64
301,103,54,66
308,103,48,60
311,104,42,54
308,105,44,58
307,104,44,56
308,103,44,55
305,101,46,60
303,102,45,64
302,100,50,61
299,100,47,60
302,101,40,58
301,100,42,60
298,99,42,68
297,99,41,64
295,100,42,66
292,98,44,61
294,99,38,54
293,101,41,53
288,102,46,49
291,102,39,46
285,102,45,48
284,100,48,59
288,100,44,53
286,102,43,55
288,103,43,49
288,102,42,50
285,104,42,54
286,105,45,54
286,107,42,57
287,107,40,53
287,106,42,52
286,108,40,50
285,109,41,49
285,108,44,51
283,109,44,51
285,108,43,52
283,109,51,55
283,108,46,53
285,108,44,49
281,106,48,48
279,106,49,56
277,106,48,58
278,106,45,55
278,106,44,47
277,107,45,54
275,105,49,55
274,103,51,55
273,104,44,57
273,103,45,54
270,102,44,48
268,103,44,51
268,101,43,53
264,100,53,59
262,101,44,62
261,98,55,59
263,96,46,62
260,97,45,60
258,93,49,64
263,92,40,67
258,93,45,62
259,92,42,59
259,93,43,60
259,92,42,59
255,91,48,56
258,91,47,53
259,92,47,61
263,92,42,56
264,93,42,60
266,93,46,59
266,93,47,59
266,96,52,61
269,96,52,63
271,97,56,53
277,100,54,51
282,99,57,63
275,105,61,66
280,103,60,58
287,106,56,57
288,106,60,59
296,108,54,67
298,108,57,65
300,110,58,62
302,109,56,61
300,110,63,56
300,111,66,64
292,112,76,66
302,113,75,78
309,116,64,69
302,113,79,72
323,113,67,74
321,115,67,70
320,116,67,76
311,115,74,73
330,117,60,63
328,116,69,57
328,119,64,53
330,120,68,50
331,122,69,43
338,127,61,54
331,127,69,64
328,122,73,65
338,121,73,65
340,121,68,67
339,121,76,66
336,120,81,73
360,123,65,60
351,125,66,69
352,128,70,73
357,148,66,68
361,144,68,81
364,139,68,97
370,141,69,111
376,151,67,128
375,152,75,141
377,152,77,149
386,156,71,151
385,160,77,153
385,152,78,166
388,152,77,162
388,151,79,173
387,150,85,173
387,147,86,177
390,142,84,193
390,142,84,193
390,139,86,206
392,138,84,203
393,138,80,192
393,139,80,181
392,135,80,176
398,134,76,191
396,135,80,189
400,132,78,191
404,134,74,197
405,138,72,198
402,143,75,189
402,138,81,184
409,149,76,187
417,161,70,173
389,121,90,159
383,142,106,151
392,149,105,162
407,164,93,171
372,139,123,159
388,157,112,166
401,162,99,165
372,138,122,166
400,155,97,153
406,159,85,152
409,163,80,150
414,161,77,147
414,161,77,147
357,123,75,133
351,129,80,118
354,122,71,115
352,131,70,118
408,182,81,131
356,130,107,119
397,198,87,130
409,203,71,128
407,160,70,132
350,123,85,126
348,125,110,126
351,132,113,139
368,146,96,146
352,136,105,155
355,138,107,178
365,148,92,179
362,143,90,186
354,140,95,195
360,152,86,191
372,172,73,183
365,160,77,184
355,147,87,189
367,158,74,187
374,160,64,190
353,136,79,199
355,143,77,203
353,149,77,194
355,152,76,177
353,150,75,172
349,147,79,170
354,147,72,178
354,147,74,171
354,148,75,179
350,147,82,183
355,140,74,189
356,141,71,182
357,140,69,184
356,137,67,179
358,133,66,194
356,130,71,197
356,130,69,208
354,125,73,222
354,123,75,221
350,120,77,226
353,117,79,227
353,116,75,228
351,116,77,228
348,112,79,233
352,112,74,237
349,117,71,231
347,113,72,226
350,104,66,230
351,103,62,239
342,106,76,237
343,106,69,232
339,103,70,222
339,108,68,214
340,101,67,238
334,100,69,246
336,94,72,242
330,101,71,249
329,103,74,245
328,97,73,254
333,93,62,254
330,91,60,248
322,97,66,253
319,96,65,243
316,98,67,228
313,95,67,238
309,95,71,253
305,108,69,251
302,99,70,260
300,92,70,257
295,98,75,262
297,99,69,253
291,106,78,253
285,107,85,251
284,107,87,248
276,102,104,236
279,109,79,254
273,98,89,252
263,89,98,225
310,89,83,254
261,109,99,249
259,127,83,221
256,145,75,209
251,161,71,197
249,149,70,207
291,90,72,176
315,92,75,154
300,90,86,150
240,157,74,147
305,93,76,116
291,98,82,98
294,99,76,88
300,100,64,72
294,99,69,63
296,98,72,59
299,100,65,54
298,98,70,63
301,98,63,57
304,100,57,53
302,101,64,59
306,103,59,56
305,102,59,53
305,102,60,54
305,102,60,53
309,100,60,57
305,103,61,54
310,103,59,58
309,103,62,57
307,101,63,57
308,103,62,61
306,102,64,66
307,106,62,57
308,111,65,47
308,117,68,58
314,120,60,62
311,124,61,65
311,126,65,63
315,130,59,56
319,132,56,53
321,129,54,56
322,130,57,53
324,128,55,54
320,127,56,56
316,125,61,58
316,122,60,53
314,122,56,54
315,121,57,57
318,118,52,52
314,117,53,60
309,117,55,55
301,111,62,62
303,109,59,56
300,108,54,59
292,104,59,57
292,103,52,57
290,100,53,54
285,98,50,53
282,95,47,57
276,94,50,60
276,90,50,59
274,89,46,69
267,87,50,82
265,87,50,76
264,84,48,86
264,83,45,87
256,78,53,81
260,82,46,79
259,81,49,94
252,81,47,91
257,79,48,80
254,79,50,68
255,82,48,60
255,83,50,55
253,83,47,54
256,81,49,63
257,82,49,66
256,82,50,59
258,82,53,58
262,87,46,55
266,84,42,54
265,85,51,63
269,87,56,60
270,86,50,55
268,89,55,47
274,90,52,46
275,91,53,52
275,92,55,56
276,92,58,64
276,94,58,58
277,93,58,57
276,93,63,60
278,93,65,64
278,96,63,65
276,93,61,61
284,94,55,58
280,94,59,62
279,94,62,62
281,93,57,57
282,90,58,64
280,88,58,63
281,92,53,61
277,89,60,62
276,87,56,65
273,84,58,69
274,83,49,63
271,85,52,56
269,83,53,60
269,81,45,65
266,81,48,68
264,82,48,68
264,82,45,65
263,82,46,67
263,82,48,69
266,82,42,64
267,84,48,64
264,82,49,69
266,84,48,63
267,84,51,57
267,86,52,53
267,87,58,56
265,87,64,60
267,90,61,62
268,89,56,60
267,90,59,60
269,91,54,51
270,90,52,52
269,91,51,56
271,93,52,52
272,93,47,53
272,93,47,48
274,93,45,52
270,93,46,52
272,94,46,54
272,96,44,52
273,97,45,49
272,97,47,51
273,97,45,47
275,103,48,57
268,98,58,62
266,105,56,67
268,105,58,64
269,110,61,63
270,113,53,55
270,114,56,55
263,123,65,61
267,129,69,71
263,134,67,65
268,143,64,70
271,147,54,63
270,160,55,59
271,168,49,55
271,183,49,55
268,194,56,58
265,208,62,53
262,217,66,54
260,221,71,58
260,221,71,58
260,221,71,58
260,221,71,58
260,221,71,58
260,221,71,58
260,221,71,58
260,221,71,58
260,221,71,58
260,221,71,58
175,213,53,60
192,209,37,58
196,211,29,60
198,215,26,71
200,213,25,75
199,209,26,80
198,211,28,75
197,208,29,79
202,209,24,73
198,214,27,79
198,210,28,83
196,210,29,84
198,210,28,82
199,210,27,82
197,209,27,84
198,210,28,87
197,209,28,88
195,215,29,89
198,209,27,88
198,208,27,83
197,212,28,88
196,208,30,91
194,209,31,95
194,211,33,88
196,211,29,85
