188,157,108,58
187,155,103,67
188,155,102,70
190,154,103,70
188,156,107,66
189,155,106,68
188,154,104,70
190,155,106,67
186,154,105,70
187,154,105,71
186,154,107,73
187,155,104,75
189,155,105,75
188,157,104,71
186,157,105,64
188,157,100,61
188,156,102,73
185,157,107,70
183,155,107,66
182,155,106,68
178,155,107,70
182,158,104,71
181,159,103,69
183,162,100,62
183,159,103,67
183,161,108,62
179,163,110,61
176,160,110,71
176,166,111,54
177,166,110,59
176,168,106,58
174,168,106,56
176,170,111,54
176,169,108,52
172,171,108,48
176,170,115,52
177,171,107,52
177,170,107,50
180,170,106,53
181,167,108,52
181,167,107,57
179,166,113,56
180,167,112,54
181,167,113,54
184,166,113,55
186,167,114,50
187,165,116,52
182,163,122,53
186,164,116,52
183,163,120,52
183,161,119,57
184,160,121,51
180,159,124,55
175,159,124,56
173,157,125,55
179,157,124,49
169,158,133,51
166,157,137,48
165,161,139,42
161,162,140,44
163,159,131,45
163,162,138,42
165,159,132,45
165,160,138,44
165,157,137,48
167,154,138,48
168,154,133,48
168,152,135,53
170,150,129,52
168,148,134,52
171,146,127,50
171,145,132,49
174,145,128,46
172,144,128,44
172,141,134,49
173,141,130,54
173,140,128,54
171,139,127,51
171,138,126,53
172,138,120,54
172,135,118,50
172,136,116,61
174,136,114,57
170,135,112,56
171,136,122,55
172,136,107,48
174,135,109,50
174,136,100,53
174,133,89,53
178,130,81,49
181,127,78,54
180,126,79,54
183,124,77,46
186,122,74,47
186,120,77,51
188,119,80,53
187,119,80,52
189,118,81,56
190,118,83,62
192,120,87,58
191,118,88,66
200,118,78,57
201,116,79,58
204,115,78,52
202,114,82,54
201,113,82,53
205,112,82,52
206,111,81,54
206,110,80,56
212,109,74,53
213,109,76,51
215,108,74,51
214,109,74,48
215,110,77,49
218,110,72,47
219,109,74,49
225,109,69,47
226,109,69,45
226,108,70,44
224,107,69,43
227,108,70,43
234,106,64,42
235,107,67,40
241,107,63,40
241,107,65,39
244,106,64,41
248,106,61,40
248,104,62,39
249,108,62,39
247,106,63,41
253,107,57,40
258,108,54,37
259,108,56,41
262,108,55,40
262,109,51,39
264,108,50,38
263,110,51,39
267,110,47,38
268,110,45,40
269,110,46,39
268,109,46,39
270,108,45,38
269,110,44,40
271,111,42,39
271,109,43,40
274,111,38,39
274,112,39,39
276,112,36,40
276,113,36,40
277,115,35,38
275,114,37,38
275,115,36,39
275,115,34,40
276,117,34,38
276,117,34,40
274,117,36,43
274,119,35,40
272,118,36,42
271,120,37,42
270,123,36,41
268,124,36,42
268,125,36,44
265,126,37,45
265,126,38,45
262,126,38,46
264,127,39,46
261,127,40,47
258,128,44,47
260,129,41,45
260,125,41,48
258,126,41,49
258,128,44,46
254,127,47,50
255,128,46,49
254,128,47,49
247,132,52,49
251,135,50,43
249,132,51,48
251,137,49,43
250,137,50,45
251,137,49,49
251,137,50,48
247,137,51,50
245,136,53,55
245,143,52,47
242,141,55,51
237,147,58,45
236,146,57,48
235,148,56,46
232,150,56,46
232,150,55,47
228,156,55,45
224,147,61,52
221,153,61,50
218,150,61,51
215,142,62,57
212,144,64,60
205,148,67,54
205,143,65,55
199,148,64,51
197,149,64,44
198,155,59,36
198,152,60,39
195,153,60,40
193,150,65,42
193,149,63,46
191,143,69,50
192,148,65,47
190,148,64,46
189,147,68,46
188,147,64,45
187,149,62,40
184,144,71,49
184,145,70,43
184,143,67,43
184,145,63,42
182,144,63,42
178,140,69,45
173,139,72,46
172,139,69,41
172,136,68,44
170,135,70,42
162,134,74,44
162,129,71,47
161,130,70,43
159,129,64,40
153,133,67,34
154,131,69,38
147,126,71,38
145,123,72,39
143,124,68,36
138,125,69,35
132,119,69,39
126,119,71,36
124,113,70,40
117,109,73,39
116,108,73,39
110,102,75,43
105,101,75,43
102,99,77,43
98,100,76,39
95,98,73,38
93,91,77,42
91,94,83,47
85,81,89,57
88,91,82,49
86,91,81,42
86,97,82,32
85,93,76,36
86,94,77,33
84,90,79,37
84,92,76,34
86,90,73,32
82,94,77,29
84,93,75,29
85,96,73,28
83,95,76,28
86,97,74,27
84,101,76,24
85,101,75,21
83,100,77,21
84,102,77,21
87,102,74,19
85,103,76,17
84,102,77,18
82,104,81,16
82,101,81,17
83,103,80,15
83,103,81,14
87,103,77,15
86,105,76,13
85,105,75,15
87,105,76,14
89,103,75,16
90,103,74,17
88,106,76,14
88,108,76,15
88,105,78,15
88,107,78,14
89,105,77,16
90,105,73,17
92,101,72,19
92,101,74,19
91,103,74,15
92,104,73,15
91,104,72,17
92,103,74,17
92,104,74,13
93,104,73,15
93,108,71,13
94,107,72,15
92,108,71,14
94,110,72,12
95,110,74,14
95,110,76,15
96,108,74,14
97,108,75,14
95,110,77,14
96,108,73,16
96,110,73,13
98,110,73,13
95,109,74,15
95,109,78,15
95,109,77,15
95,104,76,18
99,108,73,14
93,104,77,18
97,109,74,15
97,107,73,14
101,104,71,16
100,108,72,13
101,105,71,13
102,105,68,14
101,104,70,13
102,102,71,14
104,106,71,14
98,102,76,14
103,104,73,14
103,104,73,14
106,99,66,14
122,79,66,19
111,90,59,22
103,79,69,30
105,74,67,34
105,69,72,42
99,21,74,50
90,70,86,38
102,70,80,37
108,69,70,37
107,71,69,33
112,74,61,29
115,73,60,31
118,67,51,30
116,69,53,29
118,66,52,29
116,59,56,34
114,60,55,32
112,59,57,32
109,59,59,30
109,60,57,28
107,62,61,21
106,65,68,17
97,65,76,17
101,68,72,15
98,66,72,17
87,64,67,19
97,68,60,16
97,66,57,16
96,68,52,12
95,67,53,15
96,66,52,13
95,67,51,13
94,66,50,13
94,66,51,15
91,67,50,13
92,70,51,14
91,71,51,15
91,70,49,15
91,71,49,17
88,70,49,16
90,70,51,18
87,69,50,16
88,68,51,17
89,67,48,19
88,65,47,19
86,62,47,17
88,61,47,21
85,60,47,21
85,57,50,21
84,59,47,23
86,59,46,24
85,59,46,22
85,58,48,22
86,56,46,26
88,52,52,29
84,53,46,26
88,55,40,27
89,52,40,27
88,53,40,26
88,47,41,29
89,51,39,25
85,51,41,25
88,46,38,27
89,49,36,26
89,51,35,25
90,49,35,26
88,46,35,26
88,42,39,29
85,47,38,28
85,47,38,29
84,47,40,27
83,44,40,30
84,45,38,30
83,43,42,29
82,45,35,31
80,42,38,35
79,45,36,32
78,40,45,35
80,40,50,35
79,35,56,38
79,36,60,37
80,26,58,43
77,27,62,45
78,20,60,50
78,21,65,46
79,17,68,50
80,12,66,51
80,12,61,55
85,7,56,57
82,3,57,61
84,5,57,59
88,5,53,61
83,4,60,62
84,5,59,60
85,5,56,61
86,3,55,60
87,7,57,56
83,4,59,62
87,2,53,62
90,3,53,59
85,3,56,61
86,5,55,58
86,4,53,58
90,5,51,53
85,2,57,60
87,3,55,60
88,4,54,56
89,3,56,57
90,2,52,49
94,2,53,46
89,2,56,45
94,3,55,40
90,2,60,38
90,3,60,39
88,1,64,32
88,2,64,30
89,2,67,31
87,1,70,28
88,2,71,26
86,2,73,27
86,1,72,25
86,2,75,21
85,1,76,19
86,2,71,18
74,5,70,19
80,7,70,28
90,1,67,28
93,5,66,38
95,2,60,50
99,1,53,52
102,0,56,57
107,1,63,57
109,2,74,61
110,4,72,56
117,7,75,62
120,11,62,63
123,6,66,55
125,18,69,47
128,24,70,45
130,27,76,49
133,31,77,51
134,35,84,53
137,38,80,56
143,44,84,61
146,48,81,66
149,54,85,68
153,62,83,64
156,66,87,71
159,72,87,74
161,78,88,67
168,81,87,67
171,89,94,84
171,92,106,100
178,100,108,103
173,101,112,97
179,103,106,104
176,105,107,105
180,107,103,109
184,108,104,106
181,105,103,113
181,105,103,113
183,101,100,129
185,101,102,136
184,103,102,138
181,97,104,121
179,96,106,101
179,97,102,90
175,96,106,87
175,97,106,90
173,97,107,92
177,95,100,90
171,93,109,92
172,93,105,96
177,88,98,97
185,100,87,80
196,131,82,97
177,102,94,89
174,105,95,91
181,104,88,101
177,110,97,126
166,109,98,104
180,115,97,129
168,114,93,112
161,119,93,89
163,123,75,93
157,129,77,82
153,132,89,84
164,148,96,78
151,134,86,74
152,137,103,75
155,135,103,76
153,139,107,72
154,145,103,66
162,161,96,62
153,151,103,64
138,163,117,66
144,145,106,71
144,144,95,79
147,135,93,86
142,142,94,78
138,147,96,76
138,145,94,81
142,143,91,87
140,144,93,86
142,146,93,83
146,142,86,85
146,140,89,87
144,140,93,84
143,141,92,83
142,141,94,84
135,143,96,85
136,141,97,90
140,142,97,89
136,141,98,87
131,144,104,88
133,145,103,89
129,145,104,93
130,147,106,94
126,147,107,91
129,149,101,93
129,147,101,97
128,149,107,96
135,148,104,93
145,147,93,94
149,147,94,90
152,143,100,99
156,138,94,98
160,135,92,96
161,136,91,102
169,134,87,97
172,131,91,100
173,131,87,102
179,131,85,98
178,129,86,99
177,131,87,95
179,127,85,100
177,132,85,95
177,129,84,98
179,130,82,96
176,131,85,100
175,130,87,101
175,134,89,102
173,131,91,95
174,133,89,96
176,130,88,101
175,131,90,100
175,135,90,92
175,134,87,96
172,132,89,97
172,131,89,104
173,130,86,98
173,132,88,102
173,132,95,104
174,136,90,94
174,134,89,100
176,132,90,101
177,134,89,101
177,132,90,101
175,135,91,103
176,134,91,97
172,136,92,98
175,132,91,99
174,136,89,99
175,136,92,95
173,135,93,98
177,134,92,97
176,133,91,102
179,136,88,95
173,138,92,100
176,136,88,98
180,138,86,98
184,141,81,90
188,140,79,97
196,137,78,91
213,140,65,87
218,138,67,90
216,140,67,80
218,141,67,86
218,147,66,90
231,151,58,89
239,153,60,85
245,152,80,91
250,161,81,79
255,165,82,89
254,170,83,83
253,174,74,82
249,178,77,82
245,182,69,77
241,185,55,79
234,189,62,80
236,196,59,75
238,197,59,76
233,204,62,70
232,205,62,67
226,210,60,67
217,213,68,63
215,210,71,66
208,210,74,64
208,209,74,70
203,211,74,69
197,207,79,72
199,202,78,76
195,201,81,74
196,200,79,74
195,198,79,75
190,201,85,70
189,202,81,68
185,202,84,66
183,202,85,65
178,210,90,59
179,213,87,61
179,213,86,63
176,213,91,63
176,210,92,65
176,209,92,67
177,209,94,70
176,210,93,73
174,211,97,75
175,211,99,69
175,211,102,75
177,210,100,74
180,210,104,73
180,208,97,75
177,206,104,76
180,205,100,72
185,205,89,77
184,199,83,76
182,198,78,77
184,200,75,73
182,200,79,72
187,203,74,72
187,202,75,68
186,203,73,67
188,201,79,67
190,202,73,64
193,196,75,70
192,197,81,70
195,201,92,65
194,200,82,65
196,199,96,68
196,200,86,66
198,199,75,64
197,197,72,65
197,197,89,66
196,193,89,73
197,188,85,74
196,179,83,81
196,172,81,85
195,170,96,103
190,163,87,105
188,157,83,109
187,154,86,112
188,146,79,119
202,200,108,104
192,206,122,99
190,207,120,86
189,206,129,93
189,202,127,90
190,202,123,86
189,201,125,91
190,200,124,74
194,198,116,67
191,194,120,71
190,195,116,77
191,190,115,71
192,188,115,70
191,182,115,73
197,170,108,88
198,165,109,92
199,160,111,91
200,160,111,91
200,156,109,93
205,158,106,91
206,157,99,91
207,152,105,94
210,151,99,94
213,151,102,92
217,146,98,94
225,145,89,93
226,143,87,89
228,143,88,93
236,141,81,90
235,137,84,94
236,135,84,94
240,133,83,94
241,131,85,98
242,127,85,99
244,128,83,100
246,127,83,98
250,126,79,98
250,127,81,99
250,126,77,98
251,126,77,96
253,125,75,100
255,125,76,100
260,125,70,97
259,123,70,100
261,124,69,101
264,123,66,100
265,123,70,96
267,123,72,99
267,123,66,97
267,122,73,104
269,124,70,98
271,123,76,103
268,123,76,104
273,122,74,97
273,123,74,99
273,121,75,104
273,121,74,104
273,120,77,107
277,120,74,106
279,118,69,104
280,118,74,101
280,118,74,95
281,119,74,98
282,118,75,101
283,118,76,102
283,119,77,106
281,120,80,104
279,120,83,105
283,121,78,100
283,122,80,99
284,122,78,98
284,122,80,105
285,120,82,102
284,120,82,102
286,121,79,101
286,121,84,101
287,118,84,105
287,119,82,104
286,118,84,105
286,117,83,109
285,117,83,109
281,115,86,106
280,114,88,109
276,111,90,113
275,112,91,113
278,111,86,107
278,112,81,106
278,112,85,110
275,110,84,108
277,110,83,110
275,111,83,108
275,109,83,113
274,110,88,115
273,110,84,110
272,108,89,114
274,110,89,113
275,109,83,115
274,108,83,109
272,107,89,114
272,108,88,113
271,108,88,115
274,107,87,116
276,108,85,113
276,110,83,108
276,110,83,114
273,110,86,113
272,110,85,113
274,111,86,112
274,110,83,114
278,110,83,109
276,109,83,113
274,111,86,113
274,111,85,113
272,111,85,113
274,111,85,111
269,112,88,112
274,111,83,111
271,111,87,112
269,112,87,113
272,111,85,111
270,112,86,108
269,113,89,113
271,112,89,115
271,113,86,110
271,112,85,112
270,114,86,110
268,112,89,110
266,113,93,114
270,115,84,111
272,113,88,113
272,113,84,108
270,112,87,110
268,114,88,112
274,113,81,113
271,114,86,114
274,114,85,114
271,114,89,108
269,113,88,113
274,115,81,109
274,114,84,109
270,114,89,109
274,115,84,113
270,114,90,113
274,115,81,112
271,118,88,110
272,115,83,110
273,115,85,111
275,114,82,108
273,116,83,109
272,114,86,109
271,115,87,115
275,114,79,108
275,114,83,111
274,115,80,109
273,115,87,112
271,115,88,112
275,114,86,111
275,115,78,110
272,114,84,114
276,115,80,111
272,116,81,112
274,116,85,110
270,115,88,109
274,114,79,108
273,115,83,113
273,114,85,111
273,115,75,111
274,115,84,114
276,116,80,112
274,115,82,107
273,115,78,111
272,116,81,110
273,117,76,112
275,116,70,114
274,112,72,112
275,116,76,110
274,114,77,115
279,113,70,113
282,114,71,111
281,112,80,112
283,112,83,111
287,112,78,113
289,111,78,112
289,113,86,112
289,110,78,117
290,110,84,112
293,108,83,115
296,105,85,119
303,106,74,114
304,103,79,110
302,104,84,108
309,102,79,112
309,104,84,111
309,102,77,108
311,104,79,106
310,102,84,106
312,104,85,102
311,103,85,103
312,103,82,103
315,100,75,103
316,102,77,105
314,100,79,105
317,100,75,104
317,98,76,113
321,96,72,107
324,96,65,106
327,96,56,100
328,95,41,104
330,95,41,103
331,93,44,105
331,93,47,110
333,91,50,108
335,94,50,109
336,94,50,109
339,90,49,108
343,91,47,107
346,90,51,108
348,90,49,109
349,91,49,109
352,90,52,108
353,88,58,110
355,90,55,105
357,88,55,106
351,89,61,103
352,90,69,102
345,91,83,100
347,88,83,105
346,83,85,111
344,86,85,103
339,85,96,103
340,82,98,109
341,84,101,106
341,84,104,106
340,80,103,109
337,66,103,120
334,53,114,126
335,58,113,119
335,65,111,110
339,59,113,112
334,56,115,113
336,52,118,114
329,50,122,117
343,56,113,111
346,60,111,107
349,62,103,109
351,67,103,109
354,72,104,110
352,77,105,107
355,82,106,112
353,88,109,108
351,94,110,109
350,100,111,104
346,105,115,110
346,111,115,107
340,116,121,102
342,119,121,106
341,121,120,105
343,123,119,104
346,119,113,111
347,111,112,108
345,104,114,106
345,99,116,113
340,100,120,106
339,98,121,110
335,100,123,106
333,102,120,107
333,99,119,110
332,98,121,108
329,99,120,114
327,96,120,110
321,87,127,106
319,89,123,114
313,83,128,122
315,92,121,106
309,89,123,113
304,78,125,115
301,86,128,110
298,75,123,120
290,67,124,120
291,74,125,111
279,62,128,111
273,66,130,121
267,66,131,116
265,59,130,117
261,59,130,117
256,66,133,108
255,73,130,100
251,67,126,105
247,67,128,109
244,67,128,103
241,68,126,99
233,68,130,99
232,67,128,99
230,66,124,97
221,62,133,98
221,63,132,99
218,64,132,97
216,65,121,96
214,62,128,97
212,60,126,101
208,59,125,94
206,59,132,98
203,58,124,98
200,55,128,98
199,55,121,99
195,54,121,96
192,55,127,98
188,55,123,93
187,50,123,97
184,52,122,98
184,54,113,93
174,54,127,93
171,52,120,96
172,50,119,95
169,51,116,94
167,53,122,91
165,51,115,91
166,51,117,92
167,50,111,89
160,48,118,92
158,47,115,90
154,51,118,87
154,51,121,90
154,55,107,86
151,54,112,85
153,56,111,82
148,56,113,84
140,56,110,81
138,61,105,77
138,61,101,82
132,64,109,74
132,65,107,77
131,66,113,76
128,71,106,77
128,70,111,76
127,73,108,77
125,71,110,76
123,78,115,73
122,78,116,72
121,81,114,69
122,84,116,69
121,88,118,68
124,91,116,68
123,93,114,68
121,92,117,74
122,98,121,72
119,99,120,74
121,101,117,74
127,101,118,68
125,102,119,76
127,104,122,79
129,108,127,73
129,113,133,67
128,115,138,73
131,118,135,65
129,121,137,70
131,120,132,65
134,122,135,72
138,122,121,65
136,125,128,67
142,126,119,60
138,128,126,67
139,132,122,69
139,132,120,70
143,136,121,70
133,137,128,68
135,136,127,68
139,138,119,71
133,138,123,65
133,142,125,70
135,142,124,68
132,143,124,67
134,145,126,69
132,146,127,68
134,147,121,73
132,150,123,69
132,152,123,70
135,152,118,67
133,156,119,68
136,159,117,72
137,160,113,68
134,164,114,72
135,167,115,68
136,167,117,68
136,166,121,73
136,169,121,70
136,168,120,70
136,170,117,64
138,171,116,70
136,171,120,70
136,173,119,72
137,175,117,74
133,175,122,73
134,176,119,75
134,175,119,77
133,180,119,77
132,182,128,77
129,189,131,74
129,192,126,75
130,194,125,81
129,200,123,80
128,203,123,80
128,199,122,84
129,199,123,86
128,199,120,81
126,203,121,80
128,201,121,83
126,204,120,81
128,204,119,82
129,205,119,81
130,205,121,83
132,203,116,87
132,205,118,85
134,211,117,81
134,213,120,78
134,211,119,84
138,215,113,78
141,214,112,82
140,216,111,83
138,219,120,82
142,222,115,80
146,227,119,81
145,227,119,84
148,230,123,84
147,228,124,89
152,236,119,80
148,233,122,84
153,237,117,83
153,237,117,83
153,233,118,87
155,235,117,86
154,235,118,82
155,235,116,84
154,233,120,84
160,235,112,79
161,235,114,78
163,230,114,81
163,227,116,84
165,229,113,72
168,225,109,75
171,226,107,70
171,224,102,68
175,221,104,73
174,220,107,68
176,219,105,67
177,217,104,67
179,214,103,65
181,214,100,65
182,213,101,61
184,211,97,62
186,212,99,59
188,209,97,61
192,212,87,54
192,200,97,61
195,205,98,53
197,198,101,60
200,200,92,56
201,199,104,59
200,192,102,65
198,188,95,63
200,177,86,72
201,178,88,69
205,175,87,71
205,167,81,75
208,161,82,83
209,162,78,80
208,160,75,85
210,155,78,82
207,152,81,77
208,152,87,84
208,150,88,90
209,148,88,86
210,149,90,89
206,149,91,88
207,148,90,88
207,147,89,91
207,148,89,88
161,151,113,83
179,149,116,83
167,148,129,87
161,148,139,86
165,147,135,85
164,150,142,84
166,149,142,85
167,150,130,83
164,148,138,84
164,152,131,84
166,150,132,89
165,154,127,79
165,157,132,85
165,156,122,81
168,160,120,79
172,162,115,83
167,163,117,83
169,165,110,84
167,169,118,84
168,173,101,78
179,169,92,82
171,171,98,83
168,173,94,80
167,176,99,80
166,178,98,76
180,175,89,79
163,172,95,81
167,168,119,88
164,174,120,84
169,174,119,86
169,173,121,90
174,175,108,87
185,175,94,91
189,176,83,88
196,176,74,93
193,179,80,89
190,176,83,93
202,175,75,91
200,175,77,91
192,171,87,94
200,167,88,99
202,168,79,94
200,163,84,98
199,160,81,100
207,158,81,103
209,157,80,106
214,160,75,102
211,158,83,105
205,155,88,105
217,152,77,109
227,154,72,105
227,149,73,110
232,151,66,106
232,161,70,98
231,155,76,102
233,163,77,95
228,154,84,98
229,151,74,101
233,150,75,99
233,148,58,99
235,145,53,102
237,147,56,92
239,145,56,89
237,147,59,87
239,145,63,84
241,146,72,86
242,146,70,86
244,142,62,85
244,143,67,86
245,146,80,98
246,142,74,108
244,141,75,105
243,140,71,106
241,142,75,105
236,141,73,102
231,142,76,98
228,141,73,100
224,142,74,98
217,143,74,97
209,146,80,95
201,152,86,91
197,155,88,89
192,159,93,89
188,160,93,90
187,162,90,88
183,172,93,80
179,172,100,85
174,176,97,86
177,177,106,91
180,184,103,72
166,195,97,76
164,198,98,76
161,206,97,73
158,214,98,71
157,219,97,71
156,223,96,71
150,230,102,73
147,230,103,78
145,229,105,84
143,232,99,87
144,236,99,85
142,243,98,82
141,243,100,82
140,246,102,82
138,243,99,85
141,246,101,84
138,252,101,79
138,239,104,92
141,245,98,86
137,253,97,79
136,251,99,81
136,253,99,81
135,255,96,77
133,256,101,74
134,255,98,77
135,255,94,77
