318,133,119,97
326,139,107,88
325,138,113,82
327,133,106,79
326,123,104,82
330,118,98,81
328,115,104,79
331,114,102,76
332,112,103,77
332,110,107,80
339,110,101,81
339,109,108,84
341,110,109,86
341,113,110,89
341,117,104,96
334,127,110,90
333,135,104,86
325,143,107,83
322,147,102,81
320,148,98,79
316,147,101,81
316,145,98,79
315,144,104,81
316,143,101,82
317,141,102,83
320,139,100,84
322,138,100,84
322,138,97,85
321,138,99,84
322,137,96,83
322,137,95,84
320,138,103,81
324,137,97,82
324,135,108,82
326,131,110,88
329,130,109,87
332,131,108,84
335,132,106,84
338,136,99,83
337,138,104,80
336,137,107,78
337,138,106,78
336,140,105,77
334,139,107,76
334,136,106,79
332,134,107,80
331,133,110,83
332,131,107,85
332,130,108,88
332,129,107,88
335,130,100,88
336,131,105,88
337,136,104,82
337,132,106,85
339,134,105,83
340,133,103,83
340,137,105,75
341,139,103,75
344,137,96,76
343,136,98,77
344,137,100,76
344,134,101,82
345,136,103,82
348,137,99,83
349,140,102,80
347,139,104,89
347,141,102,85
346,141,105,85
347,142,100,80
347,139,98,81
350,140,96,77
349,137,99,79
348,136,99,78
346,137,100,83
345,140,98,76
343,140,98,77
342,141,95,75
341,141,94,80
337,144,95,76
337,148,96,71
333,146,101,76
333,144,101,78
334,144,102,76
334,144,102,77
335,145,101,77
336,146,99,78
336,148,101,76
336,146,100,79
337,151,102,75
336,151,101,76
338,144,100,82
336,145,101,80
336,143,101,78
335,142,100,74
334,136,103,79
338,136,99,76
340,136,99,77
341,135,100,79
340,136,104,79
344,138,99,82
344,143,97,80
342,143,96,87
339,147,97,85
340,148,92,79
338,147,98,75
343,146,95,72
346,141,99,87
347,143,103,101
345,138,108,107
344,138,118,105
344,114,124,128
345,109,127,133
345,106,128,132
346,104,125,131
348,100,118,135
345,95,117,136
349,90,113,135
348,90,112,128
348,87,112,125
345,83,116,126
348,81,112,123
348,75,112,126
349,74,113,123
348,73,116,124
346,66,118,126
342,56,120,131
345,51,118,137
346,47,116,135
347,42,116,137
343,36,119,139
341,37,125,139
336,38,127,134
335,34,129,134
337,34,129,133
338,35,124,131
339,36,136,126
332,34,147,127
340,34,128,127
340,31,127,131
340,35,126,130
339,38,126,128
341,35,126,133
345,44,123,130
349,48,118,126
344,53,111,127
344,58,112,126
341,64,106,123
339,65,110,125
336,71,118,120
336,77,118,115
336,83,115,110
335,84,115,109
333,69,117,123
333,59,117,134
335,61,121,130
337,67,113,124
337,63,110,131
332,76,113,118
333,83,110,111
337,91,104,102
338,93,103,99
338,98,99,89
335,103,102,78
332,103,107,88
329,107,107,83
331,114,102,76
332,116,100,77
330,121,102,80
332,124,96,76
330,130,100,77
327,133,101,76
326,132,100,80
326,133,98,80
322,131,103,83
321,124,103,89
322,124,99,83
318,120,101,82
315,114,102,84
315,109,99,87
317,107,97,101
315,107,98,110
312,108,100,106
300,106,112,112
314,105,96,113
313,101,98,119
313,106,97,114
313,106,95,116
315,105,94,119
313,103,95,120
308,101,100,125
316,102,93,122
314,102,92,120
314,101,94,120
304,100,104,121
311,100,99,119
314,99,94,119
302,99,109,120
297,97,114,122
301,99,110,120
301,98,110,118
298,99,112,117
310,99,98,118
297,97,110,122
309,99,98,117
302,100,105,114
314,98,92,116
304,100,103,117
296,100,114,117
309,102,97,114
312,101,95,115
307,100,98,118
308,103,101,114
300,101,109,120
301,103,108,121
302,103,108,125
301,102,114,130
303,101,120,137
305,103,122,137
313,107,108,137
321,103,114,136
328,113,118,126
337,104,117,125
344,111,123,117
352,112,120,105
371,119,133,93
367,115,139,92
369,116,140,87
372,112,137,87
373,102,136,96
383,110,129,81
395,105,116,86
405,108,105,78
404,108,99,80
404,112,97,80
398,111,93,86
398,117,92,79
393,118,90,79
390,118,86,82
382,117,90,82
373,114,94,88
372,113,91,88
371,115,90,82
371,115,83,75
350,115,98,84
335,116,108,85
341,119,98,78
334,125,98,79
325,129,103,85
317,132,106,85
315,136,105,80
315,137,105,81
315,133,100,83
312,133,101,79
309,132,103,80
310,134,99,81
309,137,98,78
310,142,99,78
312,145,97,75
312,142,98,77
313,139,100,82
314,140,98,75
316,138,99,77
317,135,100,78
324,132,93,80
323,134,100,80
323,136,105,81
332,139,97,80
330,141,105,79
335,142,103,79
332,140,108,83
335,140,105,79
332,134,111,85
332,134,112,81
331,132,113,82
331,130,115,82
333,129,113,91
341,130,106,96
345,131,107,100
353,136,102,98
356,139,109,103
364,146,106,102
369,150,110,104
376,159,110,96
381,172,111,94
389,186,104,90
385,198,106,93
378,215,112,94
376,230,112,99
385,249,106,89
410,185,96,83
424,203,80,65
426,216,75,65
429,228,70,72
420,247,81,68
435,252,65,55
435,252,65,55
435,252,65,55
435,252,65,55
435,252,65,55
435,252,65,55
435,252,65,55
435,252,65,55
435,252,65,55
435,252,65,55
435,252,65,55
435,252,65,55
435,252,65,55
435,252,65,55
435,252,65,55
435,252,65,55
435,252,65,55
435,252,65,55
435,252,65,55
435,252,65,55
435,252,65,55
435,252,65,55
435,252,65,55
435,252,65,55
435,252,65,55
435,252,65,55
435,252,65,55
435,252,65,55
435,252,65,55
435,252,65,55
435,252,65,55
435,252,65,55
435,252,65,55
435,252,65,55
435,252,65,55
435,252,65,55
435,252,65,55
435,252,65,55
435,252,65,55
435,252,65,55
435,252,65,55
435,252,65,55
435,252,65,55
435,252,65,55
435,252,65,55
435,252,65,55
435,252,65,55
435,252,65,55
435,252,65,55
435,252,65,55
435,252,65,55
435,252,65,55
435,252,65,55
435,252,65,55
435,252,65,55
435,252,65,55
435,252,65,55
435,252,65,55
435,252,65,55
435,252,65,55
410,251,54,53
398,240,59,61
398,215,65,74
373,194,84,74
348,252,100,81
344,232,109,93
339,213,113,96
343,195,107,96
343,182,105,83
328,161,116,92
328,153,114,84
325,144,116,82
323,129,116,86
319,121,119,94
318,114,119,99
320,102,117,109
323,97,116,112
322,96,118,108
332,99,108,103
330,100,113,100
329,96,117,102
329,95,118,104
328,96,122,104
325,96,126,103
333,99,125,98
334,100,124,96
338,97,125,101
337,96,131,107
344,100,129,102
343,99,138,115
347,98,139,121
352,94,147,133
365,71,129,154
365,110,138,120
362,101,147,137
365,111,151,130
383,101,131,143
402,97,113,153
396,86,127,169
402,122,130,136
404,118,137,144
405,93,140,177
414,89,140,182
414,120,153,154
416,119,160,151
426,117,156,158
443,129,141,153
440,130,140,177
450,150,135,161
438,150,150,172
438,176,151,148
445,63,119,143
441,205,138,128
429,212,161,110
426,209,157,120
135,154,167,146
156,155,150,147
166,161,137,125
163,158,139,126
154,154,145,129
439,169,149,115
434,168,158,110
422,150,172,124
427,142,168,131
424,128,173,140
453,113,142,150
443,118,152,136
431,116,162,133
449,127,150,120
432,121,170,127
439,118,158,131
435,114,173,138
436,115,173,141
441,106,176,150
459,111,151,140
464,105,150,141
479,101,132,139
492,100,120,137
493,85,126,151
504,96,113,136
514,90,104,141
512,95,114,135
522,103,97,129
516,121,104,127
522,132,99,127
527,141,91,124
528,143,95,122
529,144,95,118
538,146,88,107
545,148,80,108
554,158,69,102
570,169,69,89
575,176,63,71
580,180,53,68
580,179,51,76
576,173,53,85
569,172,58,82
565,170,59,78
553,159,56,96
550,153,67,103
551,149,72,109
522,156,82,102
509,155,101,101
316,219,100,95
520,143,96,99
502,136,94,100
513,136,79,89
500,126,87,94
509,126,73,80
500,124,78,76
478,119,71,90
465,117,86,103
464,116,66,109
459,114,87,111
454,108,104,119
447,111,109,117
444,114,110,112
442,115,110,112
441,111,104,116
438,101,104,124
436,99,101,127
432,81,97,143
427,79,100,144
432,82,92,139
428,79,92,141
427,79,92,140
422,82,102,138
426,86,91,132
425,85,93,133
424,90,96,127
427,87,86,130
422,94,93,122
419,87,93,130
423,81,86,134
419,73,89,141
420,71,84,141
416,82,89,127
413,75,90,134
414,69,85,141
413,68,84,142
405,70,89,139
410,69,82,139
409,71,82,137
407,64,83,143
400,63,87,141
404,64,83,140
401,59,82,144
403,63,79,142
398,61,84,140
401,62,81,142
397,60,82,146
398,61,82,144
393,60,86,146
396,59,83,147
393,60,87,145
394,63,87,141
391,63,93,141
395,65,94,140
389,61,103,153
393,68,105,146
395,71,104,147
397,67,100,155
395,103,113,123
402,112,104,113
404,119,101,110
406,121,98,112
408,124,97,110
410,122,101,111
414,120,101,110
417,114,101,113
421,114,99,112
420,115,101,115
419,116,104,110
422,110,98,116
420,107,101,115
420,107,102,115
426,106,91,118
420,105,97,117
421,106,95,116
420,107,94,115
415,107,98,113
422,106,90,115
413,105,98,112
417,103,92,114
420,101,86,115
412,101,91,116
414,99,89,117
418,97,83,118
412,94,85,118
413,90,83,122
413,89,80,120
410,87,82,122
411,86,81,122
406,85,81,122
406,85,81,123
409,88,77,125
400,88,87,127
400,92,92,127
399,97,100,126
413,105,94,126
406,109,112,126
410,117,115,123
404,121,127,126
403,129,124,116
400,139,126,108
404,148,118,100
400,146,114,101
403,159,110,89
405,159,105,90
420,157,92,94
421,164,92,85
417,165,97,80
418,166,94,77
406,164,105,77
399,162,112,82
397,157,115,94
377,152,123,103
379,161,128,107
377,168,124,111
381,175,117,110
393,190,110,96
408,201,103,99
411,210,111,100
423,219,107,95
422,224,116,101
440,230,100,93
433,231,117,95
450,233,108,96
455,235,107,95
460,237,100,92
461,238,100,88
460,238,101,92
460,241,101,88
460,241,99,86
458,240,103,85
460,238,99,87
459,235,105,92
457,235,110,93
457,234,109,92
453,239,111,87
452,238,111,87
446,237,115,90
439,237,119,91
433,238,118,90
422,238,126,89
429,240,114,88
423,239,118,91
423,241,121,84
421,240,125,86
427,236,124,95
427,221,131,109
426,206,138,112
432,190,139,126
428,174,155,139
412,157,174,146
404,160,186,128
404,150,186,129
408,139,181,139
408,137,189,132
411,133,193,142
431,138,182,134
438,129,183,144
454,122,169,149
474,116,139,157
489,120,120,165
501,135,94,161
500,139,84,159
501,131,74,184
503,127,65,193
478,115,69,203
495,112,57,204
504,107,48,215
539,106,42,222
478,82,59,240
463,81,70,251
508,89,89,259
461,98,125,252
474,112,134,233
475,104,137,241
298,101,166,228
287,92,177,237
261,91,204,241
234,100,233,232
268,99,228,229
236,110,224,219
274,104,223,225
256,109,209,221
243,110,215,220
234,104,246,228
239,114,231,217
240,114,221,215
427,119,199,193
418,134,183,160
404,132,181,140
392,142,156,125
386,163,137,111
387,176,112,103
385,191,98,96
349,196,114,96
340,203,105,98
336,205,98,97
334,206,99,92
334,205,98,90
335,202,95,90
335,202,95,84
336,201,97,88
335,201,96,88
334,201,97,87
334,200,98,87
335,200,96,86
334,198,97,88
338,197,93,91
334,197,99,88
334,198,99,92
337,200,96,90
337,201,95,88
340,202,94,93
341,203,93,89
339,204,95,86
337,204,98,84
341,204,93,87
337,203,97,85
341,204,95,90
341,202,95,92
344,203,94,90
344,205,97,84
347,207,99,84
349,208,96,84
350,209,109,83
356,208,103,85
356,210,106,83
359,210,103,86
362,214,103,83
360,218,105,83
360,221,104,83
359,221,104,80
361,220,101,85
361,219,103,81
362,216,101,84
366,213,105,87
367,206,109,88
363,205,116,90
366,202,117,95
369,200,116,97
365,202,121,97
355,202,132,110
360,212,128,102
356,215,126,97
352,212,128,102
351,207,130,107
355,207,125,109
370,215,100,97
369,218,97,95
369,222,94,96
370,228,91,99
368,222,96,104
373,230,89,101
375,232,93,92
373,237,99,90
371,244,108,82
386,245,103,87
386,248,115,77
395,248,115,81
406,249,115,79
402,248,130,77
417,247,118,82
418,247,121,82
429,248,111,80
427,253,117,73
430,254,116,77
431,258,120,70
431,257,123,69
432,253,123,75
433,250,123,77
437,244,121,84
440,240,118,87
439,234,122,93
442,230,124,97
437,224,130,103
438,223,134,100
436,215,139,107
434,212,137,104
430,204,134,105
428,198,134,97
428,194,131,90
425,195,131,88
426,193,126,86
429,189,122,83
428,183,125,86
424,175,125,87
425,159,120,103
422,143,130,114
430,143,124,111
431,139,122,112
431,137,121,110
437,137,115,109
434,131,118,114
436,130,115,112
436,127,113,116
440,128,108,113
440,128,106,111
438,120,106,116
440,118,101,116
440,109,97,124
443,114,93,117
438,108,93,118
442,110,89,117
435,105,91,120
433,103,91,119
429,89,96,125
430,76,93,135
433,74,86,135
433,72,84,135
435,73,80,134
434,73,78,134
429,71,82,139
433,74,77,134
431,75,79,133
434,72,76,136
431,74,81,136
428,69,85,143
430,75,87,140
426,77,95,139
425,83,102,135
428,84,102,137
427,98,106,128
416,97,115,135
422,120,107,115
408,116,117,119
413,133,108,101
404,140,118,92
408,145,115,88
411,148,111,84
410,151,113,85
415,153,101,88
416,157,96,89
412,162,99,92
406,166,106,95
405,172,104,91
404,173,105,101
403,186,106,97
407,190,101,89
405,195,109,89
408,205,111,93
410,213,115,91
412,217,107,93
416,221,107,94
414,224,105,90
410,222,113,92
410,223,106,92
406,224,106,90
403,225,104,94
401,227,103,92
401,231,102,89
396,229,98,91
395,231,104,92
396,231,101,93
393,231,99,89
398,234,103,89
395,235,111,87
398,234,114,90
397,236,114,88
396,233,111,88
402,234,102,87
435,246,80,79
444,253,65,73
441,244,73,81
442,241,74,89
438,239,77,85
435,233,77,91
429,231,83,90
427,227,84,91
423,226,87,89
421,224,88,91
417,221,93,91
423,218,87,95
422,211,89,100
418,207,91,89
416,202,93,90
415,196,92,92
410,190,95,92
412,185,91,92
411,180,86,93
411,177,82,89
411,176,77,81
404,175,75,73
402,173,71,76
397,161,72,86
373,162,93,79
365,162,107,86
357,163,115,87
356,165,112,86
354,167,110,87
354,176,103,82
351,178,102,81
349,179,101,86
351,181,97,90
352,184,96,89
353,186,93,87
349,185,95,88
345,188,96,83
346,194,99,82
346,201,100,87
352,212,107,88
357,221,102,92
361,232,106,90
369,232,106,87
377,228,100,89
380,225,105,91
383,218,111,96
388,215,115,102
386,211,129,108
382,207,146,112
375,214,137,102
366,217,132,97
372,208,111,101
365,205,114,102
366,199,115,101
369,190,120,105
373,179,123,108
373,173,137,109
378,159,138,119
381,160,140,112
379,156,141,113
376,152,138,109
371,142,139,109
369,134,140,109
364,127,147,108
370,123,139,108
366,123,148,109
373,123,136,111
365,129,146,115
364,138,145,113
364,153,147,112
371,177,143,108
376,196,152,128
387,222,155,115
400,237,159,101
400,237,159,101
395,204,158,110
395,204,158,110
395,204,158,110
395,204,158,110
395,204,158,110
395,204,158,110
395,204,158,110
395,204,158,110
395,204,158,110
395,204,158,110
395,204,158,110
395,204,158,110
395,204,158,110
395,204,158,110
395,204,158,110
395,204,158,110
395,204,158,110
395,204,158,110
395,204,158,110
395,204,158,110
395,204,158,110
395,204,158,110
395,204,158,110
395,204,158,110
395,204,158,110
395,204,158,110
395,204,158,110
293,253,173,90
289,224,168,113
270,191,173,130
270,137,162,139
263,102,167,152
272,87,154,150
278,79,148,142
289,70,135,143
295,106,137,99
296,112,136,84
320,112,112,79
328,111,105,75
330,109,102,76
333,107,100,76
330,106,103,82
329,108,102,73
324,106,108,91
327,106,104,88
321,109,107,77
329,112,98,72
328,112,98,77
326,114,100,71
327,113,99,82
329,113,96,81
325,115,104,85
331,114,95,86
341,118,86,84
343,116,82,89
335,117,93,89
337,115,93,94
