392,170,98,53
391,170,93,51
388,170,97,53
385,171,97,54
383,173,100,52
380,174,101,51
378,173,101,55
377,175,99,55
386,173,89,56
383,178,89,49
389,179,84,48
383,181,94,44
380,183,98,43
386,187,93,40
397,190,81,39
393,191,86,39
392,193,88,35
401,195,77,24
401,195,77,24
401,195,77,24
401,195,77,24
401,195,77,24
401,195,77,24
401,195,77,24
401,195,77,24
407,192,70,20
407,192,70,20
407,192,70,20
407,192,70,20
407,192,70,20
407,192,70,20
407,192,70,20
407,192,70,20
407,192,70,20
407,192,70,20
407,192,70,20
407,192,70,20
407,192,70,20
407,192,70,20
407,192,70,20
407,192,70,20
407,192,70,20
407,192,70,20
407,192,70,20
407,192,70,20
407,192,70,20
407,192,70,20
407,192,70,20
407,192,70,20
407,192,70,20
407,192,70,20
407,192,70,20
407,192,70,20
407,192,70,20
407,192,70,20
407,192,70,20
407,192,70,20
407,192,70,20
407,192,70,20
407,192,70,20
407,192,70,20
407,192,70,20
407,192,70,20
407,192,70,20
407,192,70,20
407,192,70,20
407,192,70,20
407,192,70,20
407,192,70,20
407,192,70,20
420,190,61,19
431,192,60,20
431,193,52,17
440,192,50,21
440,192,50,21
440,192,50,21
440,192,50,21
439,191,46,21
439,191,46,21
439,191,48,21
439,191,48,21
438,193,49,19
440,192,46,21
440,194,38,17
445,194,32,13
452,194,27,14
454,192,24,17
455,195,23,14
455,195,23,14
454,194,23,13
455,195,22,13
454,194,22,13
455,194,22,13
454,195,22,14
455,194,23,13
455,195,23,13
454,195,22,13
455,195,22,15
454,194,23,13
455,195,22,13
454,194,22,14
455,194,22,14
455,195,23,14
454,195,23,13
456,195,22,14
454,193,23,13
455,193,23,14
454,193,23,15
454,195,22,13
454,195,23,12
454,194,22,13
454,195,22,13
454,195,23,13
454,195,22,13
454,195,22,13
454,194,23,14
455,194,22,12
454,195,22,12
453,194,22,12
454,194,22,13
454,195,22,14
455,194,22,13
453,195,22,12
455,194,22,15
455,194,23,14
454,193,22,13
454,194,22,13
453,194,23,13
455,195,23,14
454,193,22,12
455,195,23,13
454,194,22,12
453,194,23,13
454,195,22,13
455,194,23,13
454,195,23,14
454,195,22,13
454,195,22,13
456,194,22,13
455,194,22,12
454,195,22,13
455,193,22,13
454,194,23,13
455,195,22,14
454,195,23,14
454,195,22,13
455,195,22,13
455,194,22,13
454,194,22,14
455,194,22,13
454,194,22,13
454,195,22,13
454,195,23,13
454,194,23,13
455,195,22,13
454,195,21,13
455,193,22,13
455,193,22,13
454,194,22,14
454,195,22,13
455,194,23,13
453,194,23,14
455,194,22,14
456,194,22,14
455,195,22,13
455,194,23,13
456,194,22,12
455,195,22,13
454,194,22,14
454,194,22,15
453,194,24,13
455,195,23,13
454,194,22,12
454,195,22,14
454,193,22,13
455,193,22,13
454,194,22,13
454,195,22,13
455,194,22,13
455,195,22,13
453,195,23,12
454,194,23,13
455,194,22,13
453,194,22,13
455,194,23,14
455,195,23,14
454,195,23,15
454,194,23,13
452,193,23,13
453,193,22,14
455,194,23,15
453,193,23,14
455,194,23,13
453,193,23,14
455,195,23,14
454,193,23,14
454,194,23,14
455,194,22,15
454,194,23,14
454,193,23,14
454,194,23,13
455,195,22,13
454,194,23,12
454,194,22,13
454,195,22,12
455,194,22,13
454,195,23,13
455,195,22,12
454,194,23,14
453,194,23,14
454,195,23,13
454,194,22,14
454,193,22,13
455,193,22,14
453,195,22,13
455,195,22,12
455,194,23,14
454,194,22,13
455,194,22,13
455,195,22,14
454,195,23,13
454,195,23,13
454,195,23,13
455,195,22,13
454,194,23,14
455,195,23,14
454,195,22,13
455,193,22,13
456,195,22,13
455,195,22,13
454,195,22,13
453,194,23,13
455,195,23,14
454,195,23,13
454,195,22,13
454,195,22,12
455,194,21,12
454,194,22,12
455,195,22,13
454,195,22,13
455,195,22,12
455,194,22,12
455,195,21,13
455,194,22,13
454,194,22,14
454,195,22,14
453,194,23,13
455,194,23,13
454,194,23,14
455,194,23,14
453,195,22,13
455,194,22,15
455,194,22,14
455,194,22,13
454,194,22,13
454,195,22,13
455,195,22,13
453,195,22,13
455,195,22,13
455,195,22,14
453,194,22,13
455,193,23,13
454,193,23,13
454,194,22,13
454,194,22,13
454,194,23,14
455,194,21,12
455,195,23,14
454,194,22,12
455,194,23,13
455,195,22,12
454,195,22,13
455,195,22,13
455,195,22,12
455,195,22,12
454,195,22,12
453,194,22,13
455,194,22,13
455,194,22,13
455,194,22,13
454,194,22,12
454,193,22,13
455,194,22,13
454,194,23,13
454,195,23,13
453,193,23,13
454,193,22,13
454,193,22,14
455,194,22,13
453,194,23,12
454,194,22,13
455,195,23,13
455,195,22,14
455,194,22,13
454,193,22,14
455,194,22,14
455,195,23,14
454,195,23,12
453,194,23,14
454,194,23,14
454,194,23,13
455,195,23,13
455,195,23,13
454,194,22,14
454,194,22,13
454,194,22,12
455,194,22,12
454,194,23,13
454,194,23,13
453,194,22,13
454,194,22,13
454,193,22,14
455,195,23,13
455,194,22,12
454,194,22,13
454,194,22,13
454,195,22,12
454,195,23,13
455,195,23,12
455,194,23,13
454,195,22,13
456,194,23,13
454,194,22,12
454,193,23,13
454,194,22,13
455,194,22,13
454,193,23,14
455,194,22,13
454,194,23,14
454,195,22,13
455,195,22,12
454,194,22,13
455,194,22,13
455,194,23,13
454,195,23,13
455,194,22,13
454,195,23,13
453,194,22,12
455,194,23,13
455,195,22,13
454,195,23,15
454,193,21,13
454,195,22,13
454,194,23,14
455,195,22,13
454,195,22,13
455,194,22,12
454,194,22,12
454,194,22,13
455,193,22,13
454,194,22,14
453,193,23,13
455,194,23,14
455,193,23,13
454,194,22,13
455,195,22,12
455,194,22,13
454,195,22,13
455,194,23,14
454,195,21,13
455,194,23,13
454,194,23,13
455,194,22,13
454,195,22,12
454,194,22,12
454,195,22,13
455,194,22,14
455,195,22,14
454,193,22,14
455,194,22,14
454,194,22,13
454,193,22,14
454,194,22,13
454,195,22,13
454,195,23,13
455,194,23,13
455,194,22,14
454,195,23,14
456,194,22,13
455,194,22,14
455,194,22,14
454,194,22,14
454,194,21,13
455,194,22,13
454,194,23,14
454,194,22,14
454,194,22,13
454,195,23,13
454,195,22,14
455,194,22,13
453,194,23,13
454,194,23,12
454,194,22,13
454,195,22,13
455,195,22,13
454,193,23,14
454,194,23,14
453,194,22,13
453,194,22,13
453,194,22,13
455,195,22,13
454,195,22,13
454,194,21,11
456,195,22,12
455,195,22,14
454,194,23,13
455,194,22,13
455,194,22,13
454,194,23,14
454,193,22,13
454,193,23,14
456,194,23,13
453,194,23,13
455,194,23,13
455,195,22,13
453,195,22,14
456,194,22,13
455,194,23,14
453,193,23,13
455,194,23,13
454,194,23,14
454,195,22,13
454,195,21,12
454,195,22,13
454,195,23,13
454,195,22,14
455,195,23,14
454,195,21,13
454,195,22,14
455,194,22,13
455,193,22,14
454,194,22,13
455,194,22,15
453,194,22,15
456,194,22,13
454,194,23,13
454,195,22,12
455,194,22,12
454,195,22,12
455,194,22,12
455,195,22,13
455,195,23,14
453,195,22,12
455,194,22,13
454,194,22,12
454,193,22,14
453,193,22,13
454,194,22,13
455,195,22,13
453,194,23,14
455,195,22,13
454,194,23,13
454,194,22,13
454,194,22,12
453,195,21,12
454,194,22,13
455,195,22,13
454,195,22,13
453,195,22,13
455,193,22,12
453,195,22,14
454,194,23,14
455,195,22,13
453,193,23,13
455,193,23,14
454,195,22,14
455,193,22,13
455,194,22,12
455,195,22,13
454,195,23,12
455,195,22,13
453,194,22,13
455,194,22,13
454,193,23,14
454,195,22,13
454,194,23,13
454,194,23,14
454,194,23,13
454,195,22,13
455,194,22,12
454,195,22,13
454,195,22,13
453,194,22,13
455,194,22,12
455,194,22,13
455,194,21,12
454,194,22,13
454,195,23,13
454,195,22,13
454,195,22,14
454,194,21,14
454,194,22,14
454,194,22,14
454,195,21,13
455,194,22,12
454,194,22,12
455,194,22,13
454,194,23,14
453,193,22,13
455,194,22,14
455,194,22,14
454,195,22,13
455,195,22,13
453,195,22,14
454,195,23,14
455,195,23,13
455,194,22,14
455,195,22,13
455,195,22,13
454,195,22,14
454,193,23,14
455,194,23,14
455,195,23,13
453,194,23,13
455,194,23,13
454,195,23,14
455,195,22,13
453,195,23,13
454,194,22,12
455,195,22,14
453,193,23,14
454,194,23,13
455,195,22,14
454,195,22,14
454,195,22,12
453,194,22,13
454,193,21,13
453,193,22,13
453,193,23,14
455,194,22,13
454,194,23,13
453,194,23,14
455,195,23,13
454,195,22,13
455,193,23,14
454,194,22,13
455,195,22,13
453,194,23,13
454,194,22,14
455,195,22,13
455,194,23,14
455,194,23,13
454,193,23,13
454,194,23,12
454,194,23,14
454,194,22,13
455,194,22,13
455,195,22,13
454,194,22,12
455,194,22,14
455,195,22,13
454,195,22,12
454,194,22,14
454,194,23,13
454,193,22,13
454,194,22,12
454,194,22,13
454,195,22,13
455,194,23,12
454,194,22,13
453,195,22,13
455,194,22,12
454,194,22,14
453,195,23,13
453,195,23,14
455,195,22,14
455,193,22,13
455,195,22,13
454,195,22,14
454,194,22,13
455,194,23,15
453,194,23,14
454,195,22,13
454,195,22,14
454,194,22,13
453,194,22,14
455,194,22,14
455,194,22,13
455,194,21,13
454,194,23,14
455,194,23,12
454,194,22,13
453,194,23,13
454,194,22,13
455,194,23,14
455,194,22,13
453,195,23,13
455,194,23,14
455,194,23,14
454,194,22,13
455,193,22,13
454,194,22,13
454,195,22,13
454,195,22,13
455,195,23,14
455,194,22,13
453,194,23,14
455,194,23,14
455,195,23,13
454,194,23,13
455,195,22,13
453,195,22,12
454,195,22,13
455,194,22,12
454,194,22,13
455,194,22,14
454,194,22,13
454,193,22,13
455,193,22,14
454,194,22,13
455,193,22,13
456,194,21,13
455,195,23,13
453,194,23,13
454,193,22,14
455,195,23,14
454,193,22,12
454,195,22,14
454,195,22,12
454,194,22,13
453,194,22,13
455,194,22,13
453,194,23,14
454,194,23,13
454,194,21,12
453,193,23,13
454,194,23,13
455,195,22,13
453,195,22,13
456,195,22,14
455,194,22,13
457,194,19,16
472,158,21,17
472,158,21,17
454,191,17,19
455,192,20,16
455,194,22,15
455,195,23,14
455,194,22,14
454,195,22,13
455,195,22,13
453,194,23,12
455,195,22,14
455,195,22,12
453,195,23,13
454,194,22,13
455,195,22,13
455,195,22,13
454,195,22,13
455,194,22,14
455,194,23,14
454,194,22,13
454,194,22,13
454,194,22,13
454,193,22,14
455,193,22,14
453,193,23,13
454,194,23,14
455,194,22,13
455,195,22,12
454,195,22,14
453,193,23,13
455,194,23,13
455,195,22,14
455,195,23,14
455,194,24,13
455,194,23,14
454,195,23,13
455,195,22,13
455,195,23,13
454,194,23,13
454,194,23,14
454,194,22,12
455,195,22,14
455,194,22,13
454,195,22,14
454,195,22,13
455,194,22,13
454,195,22,13
455,195,23,13
454,195,23,13
455,195,24,14
455,194,22,13
453,195,23,13
454,195,21,12
454,193,23,13
454,193,22,13
455,193,22,14
454,193,22,13
455,194,22,13
455,195,22,13
454,194,23,13
455,194,23,14
455,194,22,14
454,194,22,13
455,194,22,14
455,194,23,14
454,193,22,15
454,195,22,13
455,195,22,13
453,194,22,13
455,194,23,13
454,194,22,15
454,194,22,13
454,194,22,12
455,194,21,13
454,194,22,14
455,194,22,13
454,194,23,13
454,194,22,13
455,195,22,13
455,195,23,12
455,194,22,13
454,194,22,13
455,194,22,13
454,195,22,12
454,195,22,11
455,195,21,13
453,195,23,14
452,195,24,13
454,195,23,14
454,193,22,13
454,194,22,13
455,194,22,13
454,195,22,14
456,194,22,13
455,195,22,13
454,195,22,15
454,193,22,13
454,194,23,14
454,194,23,13
455,195,22,13
454,195,23,14
455,194,22,13
455,194,22,13
455,194,23,11
454,195,23,14
455,194,22,13
455,193,22,13
454,194,22,13
454,194,23,13
453,194,23,15
455,194,22,14
453,194,23,14
454,195,23,14
455,194,23,13
454,194,22,13
454,195,22,12
455,195,22,12
453,194,22,12
455,194,22,14
454,193,23,13
455,194,23,13
453,194,22,13
454,194,22,14
455,194,22,13
453,194,23,14
455,194,22,13
454,194,22,14
454,194,22,13
455,194,22,13
454,193,22,13
455,193,22,13
454,194,22,13
454,195,22,14
454,194,22,14
454,193,22,13
453,194,22,14
454,195,23,13
453,195,22,13
454,194,23,14
455,194,22,14
456,194,22,14
453,193,23,14
454,195,22,13
454,195,22,13
455,195,22,13
453,194,22,14
455,195,22,13
455,195,23,14
455,194,23,14
453,195,23,13
454,194,23,14
454,195,22,12
454,194,22,12
455,194,23,14
454,194,22,13
454,194,22,12
454,195,22,14
455,193,23,14
454,194,22,13
454,195,22,13
454,195,22,13
455,194,22,13
455,194,22,13
454,194,23,13
455,194,22,13
455,195,22,13
455,195,22,12
453,193,22,13
455,193,22,14
455,193,22,14
453,193,23,15
454,194,22,14
454,194,22,12
455,194,22,14
453,194,22,13
453,194,23,13
455,194,23,14
455,194,23,14
455,194,23,14
455,194,23,13
455,194,22,14
453,194,22,14
454,195,22,12
455,194,23,14
454,195,21,13
454,194,23,13
455,194,22,13
455,195,22,13
453,195,22,13
455,194,23,14
453,194,23,13
454,195,23,13
453,195,22,12
455,194,21,13
454,194,22,14
454,194,23,15
454,194,23,13
454,195,22,13
454,194,22,14
455,194,22,12
454,195,22,12
454,195,22,14
454,193,22,14
453,194,22,13
454,194,23,12
455,193,23,13
454,194,22,14
455,195,23,13
454,195,22,14
453,193,22,13
455,194,22,13
455,194,22,13
456,194,22,13
455,195,22,13
454,195,23,13
453,194,23,13
455,194,23,14
455,195,22,14
454,195,22,13
454,195,22,13
454,195,23,13
453,194,23,14
453,195,23,13
453,194,22,12
455,194,22,13
455,195,23,15
454,194,22,13
455,194,23,15
455,194,22,15
455,194,22,12
453,194,23,14
455,194,22,13
454,194,23,14
455,195,23,13
454,194,23,13
455,193,22,13
453,195,23,13
454,194,23,13
455,195,22,13
454,195,23,13
455,195,22,12
455,194,23,13
454,195,22,13
454,195,22,15
455,193,22,13
454,193,22,14
454,194,22,13
455,194,23,14
456,195,22,13
454,195,22,14
454,195,22,13
454,195,23,12
455,194,22,13
454,194,23,15
455,194,23,14
455,195,23,13
455,195,23,14
454,194,23,14
454,194,22,14
454,194,22,13
455,195,22,13
454,195,22,13
454,195,23,14
455,195,22,14
454,195,22,12
453,195,22,14
455,195,23,13
454,195,22,13
455,194,23,13
453,194,24,14
454,194,22,13
455,194,23,13
453,195,23,13
454,195,23,13
454,194,22,14
454,193,22,13
455,194,22,14
454,195,21,12
453,194,23,13
455,194,23,13
455,195,23,14
453,194,22,13
455,194,22,13
455,194,22,13
454,194,22,13
454,195,22,12
453,195,22,12
454,194,23,12
455,194,23,13
455,194,23,13
453,193,23,13
455,194,22,13
454,193,23,13
454,193,22,13
455,193,23,14
454,193,22,13
454,194,22,13
454,194,22,13
453,194,22,13
456,194,22,14
455,193,23,13
453,193,22,13
454,193,23,13
454,195,22,14
454,193,22,13
454,195,22,13
453,194,22,13
455,193,22,13
454,194,22,13
453,193,23,13
455,194,22,13
453,194,21,13
454,194,22,13
455,194,23,12
454,194,23,14
454,195,22,13
454,195,22,13
454,195,22,13
454,194,23,13
454,194,22,13
454,195,22,13
455,195,23,13
454,194,23,14
455,195,23,13
455,195,23,13
454,194,23,13
454,194,22,13
454,195,22,13
454,195,22,12
454,193,22,13
454,193,23,13
455,193,22,13
454,193,23,14
454,194,22,13
453,193,22,14
455,195,22,13
454,195,23,14
455,195,22,14
455,194,22,14
455,194,22,12
454,194,23,12
454,193,22,12
453,195,23,13
454,194,22,13
454,194,22,12
454,195,23,13
455,194,22,14
456,195,22,13
454,195,23,12
454,195,22,14
454,194,22,13
453,195,22,13
453,194,23,13
452,194,22,13
455,194,22,12
453,195,23,13
454,194,23,13
454,195,22,13
454,194,22,13
454,195,22,14
455,193,21,13
455,195,22,13
454,195,22,13
454,195,23,12
455,194,22,13
455,195,22,13
454,195,23,12
454,194,22,12
454,194,22,14
455,194,22,12
454,194,23,13
455,194,22,12
454,195,22,13
455,195,22,13
453,194,22,14
455,195,23,14
455,194,22,13
454,194,22,14
455,194,22,12
454,194,22,13
454,195,22,13
454,195,22,13
455,194,22,14
453,194,22,13
455,193,22,14
453,193,23,13
455,194,24,14
455,193,22,13
453,193,22,13
454,193,23,14
454,193,22,13
455,194,22,12
455,194,22,14
454,195,22,13
455,195,22,13
454,194,23,13
455,194,22,13
455,195,22,13
455,195,22,12
455,194,22,13
455,194,22,13
453,194,24,13
455,194,23,13
455,195,22,13
455,195,22,14
455,195,23,14
455,195,22,13
453,195,23,13
454,195,22,13
453,194,23,14
455,195,23,14
454,195,22,14
453,194,22,13
455,194,23,12
454,194,23,14
454,194,22,12
455,195,23,14
454,195,23,14
455,195,24,13
454,194,23,13
454,193,23,14
455,193,23,13
453,194,23,14
454,194,22,13
455,194,22,14
454,194,23,13
453,194,22,13
454,194,23,12
454,196,23,16
455,194,22,15
454,194,22,13
455,194,23,13
454,195,22,13
453,195,22,13
454,195,22,13
454,194,22,14
454,194,22,14
454,194,22,12
455,194,22,13
455,194,22,13
455,195,23,14
453,194,23,14
453,193,23,15
455,194,22,12
455,195,22,13
454,195,23,14
455,194,22,13
455,193,23,14
454,193,22,13
455,194,23,14
454,194,23,13
454,193,23,13
455,193,22,14
453,194,22,14
454,194,23,14
455,195,23,15
455,194,23,12
454,194,23,13
453,194,23,14
455,194,22,13
454,194,23,14
454,195,22,12
454,194,22,12
454,194,22,13
454,195,22,13
455,195,22,14
453,194,22,13
455,194,22,13
455,195,23,13
455,195,22,13
454,193,22,13
455,193,22,14
455,195,22,13
455,195,22,14
453,195,23,13
455,194,23,13
455,195,23,14
455,195,23,14
455,193,22,13
453,194,22,13
454,194,23,14
453,194,22,13
454,193,22,13
455,194,22,14
455,195,22,14
455,195,22,13
454,193,23,13
453,194,22,13
455,195,22,13
454,194,23,13
454,194,21,12
454,194,22,13
455,194,22,12
453,193,22,14
454,194,22,13
455,193,22,14
454,194,22,13
454,194,22,12
454,194,23,13
455,193,22,13
454,194,22,14
453,194,23,13
455,194,22,14
455,193,23,14
454,195,23,13
454,193,23,13
453,194,22,13
453,194,23,12
454,194,22,13
454,195,22,14
455,195,23,13
453,194,23,14
454,195,22,13
454,195,22,12
453,194,22,14
454,194,23,12
454,194,22,13
453,194,23,13
455,194,23,14
455,195,23,14
453,195,23,14
454,195,22,13
454,194,23,12
454,194,22,12
455,195,22,13
454,194,22,13
453,194,22,14
455,195,23,13
454,195,23,12
455,194,22,13
454,195,22,13
454,195,22,13
454,194,23,13
454,195,22,14
453,195,22,13
454,194,23,14
453,194,22,12
455,195,22,12
453,194,23,13
455,194,23,13
454,195,22,13
454,195,22,12
454,194,23,13
456,194,23,14
454,195,23,13
455,195,23,13
453,194,22,14
455,194,22,14
453,194,23,14
455,194,23,14
453,194,22,13
455,194,22,12
454,194,23,13
455,195,22,13
455,195,22,12
455,195,22,12
455,195,22,13
455,194,23,14
454,195,22,13
455,195,22,12
455,193,22,13
455,194,22,13
454,195,22,12
455,194,22,13
455,194,22,13
454,194,23,14
453,195,23,13
455,194,22,13
454,194,23,13
454,194,22,13
455,194,22,12
454,194,22,12
455,194,22,13
455,195,22,13
455,195,22,13
455,194,22,14
454,194,23,13
455,195,22,13
454,195,22,13
453,195,22,12
455,194,22,13
455,193,22,13
455,194,22,13
454,194,22,12
454,195,23,14
453,195,22,13
454,194,23,13
453,194,23,13
453,193,23,15
454,195,23,13
455,195,22,13
455,195,22,13
455,194,22,13
454,195,22,13
454,194,22,13
454,194,22,13
454,195,22,14
454,193,22,13
455,194,21,12
454,193,22,15
455,194,22,14
453,195,23,14
455,195,22,12
455,194,21,11
456,196,21,12
454,194,22,13
453,194,23,14
453,193,22,13
455,194,23,13
453,194,23,13
454,194,23,12
454,194,22,13
454,194,22,13
455,195,22,13
454,194,22,12
454,195,22,13
454,193,22,13
454,194,22,13
455,195,23,13
454,195,23,12
455,195,23,13
455,195,22,13
453,195,23,14
454,193,22,13
454,194,22,12
455,195,22,14
455,194,23,13
455,195,23,14
456,195,22,14
455,194,23,14
454,194,23,14
454,194,23,15
455,193,22,13
455,194,23,13
453,194,23,14
454,193,22,13
455,194,22,12
454,195,22,14
454,195,22,13
455,195,22,14
455,193,22,14
454,193,23,14
454,195,22,12
454,194,22,13
454,194,22,13
455,195,22,13
454,195,22,13
455,195,22,13
455,195,22,14
454,195,23,14
455,193,22,14
454,194,23,14
454,195,23,13
455,194,23,13
454,195,22,13
455,195,23,13
454,195,22,12
455,194,22,12
455,195,21,13
454,194,22,13
453,193,22,14
455,195,23,14
454,193,22,13
455,194,22,13
454,195,22,14
455,195,21,13
455,194,22,13
454,194,22,13
454,194,22,13
454,195,22,13
456,195,22,12
454,194,22,13
455,194,23,13
455,195,22,13
456,195,22,11
457,195,20,12
461,195,17,11
463,194,15,11
462,194,15,11
464,195,13,11
463,195,13,11
464,195,13,11
462,194,14,10
454,195,13,11
455,196,14,11
455,195,15,11
455,196,16,12
455,195,17,11
455,195,17,11
455,195,17,12
454,196,17,11
453,194,16,11
454,195,15,11
454,196,16,10
454,195,15,11
455,194,15,10
455,196,16,11
454,194,16,11
454,195,16,12
453,194,20,13
455,193,23,16
455,191,23,17
454,193,24,16
454,194,25,14
453,195,28,12
454,195,26,12
453,194,23,11
454,196,22,10
454,195,22,10
455,196,21,10
454,194,21,12
454,194,22,13
454,196,23,12
455,195,22,10
455,196,23,10
455,195,23,11
455,195,22,11
455,195,23,12
455,194,23,12
453,195,22,14
454,195,22,12
455,194,22,12
455,195,23,13
455,194,23,13
454,194,23,14
456,195,22,12
455,194,22,12
455,195,22,13
454,195,22,14
454,194,22,13
454,195,22,12
454,194,23,12
455,194,21,12
455,194,21,11
455,194,22,11
455,194,22,11
454,194,22,12
455,195,22,14
454,195,23,17
455,194,22,18
453,194,22,16
453,195,23,15
453,196,24,14
454,194,22,13
453,196,23,11
454,195,23,12
454,195,23,12
454,194,22,13
454,194,22,13
455,194,22,14
454,195,22,13
455,195,22,13
455,194,22,14
454,194,22,13
454,194,22,13
455,194,23,14
455,194,24,14
454,193,23,15
455,195,23,13
455,195,23,14
453,193,22,14
455,194,23,14
455,194,22,15
455,194,23,16
454,195,23,13
455,195,22,14
455,195,22,13
454,194,22,13
454,194,23,14
454,195,22,13
454,195,22,13
453,195,23,13
454,195,22,13
454,195,23,13
455,195,22,12
454,195,22,13
455,195,22,14
455,195,23,14
454,195,22,13
454,193,22,14
454,195,22,13
454,194,22,12
455,195,22,13
454,195,23,14
455,195,22,13
454,194,22,13
455,195,22,13
455,195,22,14
455,195,22,14
455,194,22,12
453,194,22,14
455,195,23,14
454,195,23,14
454,195,22,13
455,195,22,13
454,195,23,14
455,194,22,13
455,195,23,14
455,195,23,13
454,194,23,13
454,194,23,14
455,195,22,14
455,194,22,13
455,194,23,13
453,194,22,14
454,195,22,13
455,195,22,13
453,195,23,12
454,194,23,13
455,195,22,13
454,194,23,14
454,195,22,13
454,195,22,13
455,195,22,14
454,194,23,13
455,195,22,13
454,195,22,13
454,195,23,13
454,195,23,13
455,194,22,13
453,194,22,14
455,195,22,13
454,194,23,14
454,193,23,14
455,194,21,12
453,193,22,13
454,194,23,13
454,193,22,13
455,194,22,14
454,194,23,13
456,195,22,13
455,195,22,15
455,194,23,13
454,194,23,14
454,194,23,15
453,194,22,13
455,194,22,14
454,195,22,12
455,195,23,12
454,195,22,12
458,195,20,12
459,195,18,12
461,194,15,11
461,194,15,11
461,194,15,11
461,194,15,11
453,191,13,13
453,191,13,13
455,194,11,10
455,195,13,8
455,196,15,9
455,196,15,9
454,194,18,10
454,196,21,9
456,196,23,10
453,194,23,11
456,195,21,11
454,195,22,12
454,194,23,11
453,193,23,12
455,195,22,12
454,195,22,12
456,195,23,13
454,195,22,13
455,194,22,12
455,194,22,11
453,194,22,12
455,195,23,12
453,196,23,12
455,195,22,14
454,194,23,13
453,195,23,12
455,195,23,13
454,195,22,12
454,195,22,13
453,195,22,13
455,194,23,15
454,194,22,13
454,194,22,13
455,194,22,15
455,195,22,14
455,195,23,14
453,193,23,13
455,194,22,13
454,194,22,13
454,195,23,13
454,195,23,13
455,195,21,13
454,194,22,12
455,194,22,13
454,194,22,12
455,194,21,13
455,194,22,13
454,195,23,13
454,195,23,14
454,194,23,13
454,195,22,13
455,194,22,13
455,194,22,13
454,195,22,13
454,195,22,13
454,194,22,13
455,194,22,13
454,195,22,13
453,195,22,14
456,195,22,13
455,195,22,13
454,195,22,14
454,194,22,13
454,195,22,13
453,194,22,13
454,194,23,12
455,195,22,13
455,195,22,14
453,195,23,14
455,194,23,14
454,195,23,13
455,194,22,13
454,194,23,13
454,194,22,13
455,194,22,13
454,194,23,14
454,195,22,13
454,195,22,13
455,195,23,13
454,194,21,13
455,195,21,13
455,195,22,13
454,193,23,13
453,193,23,13
454,193,23,15
454,194,23,13
455,194,22,13
455,194,22,12
455,195,22,14
454,194,22,14
454,193,22,13
454,195,23,13
455,194,22,14
454,193,22,12
454,194,22,13
455,194,22,13
456,194,22,14
455,194,22,14
455,194,23,14
454,195,23,13
455,195,22,13
455,195,22,14
454,194,23,13
454,194,23,13
455,195,22,13
455,195,22,12
454,194,23,13
453,195,22,13
455,194,22,13
455,195,23,14
454,194,22,13
455,194,23,13
453,194,23,13
455,195,23,13
455,195,22,13
455,195,22,14
455,195,23,13
455,195,22,13
453,193,23,14
455,195,22,14
455,195,22,13
455,195,23,13
454,195,23,13
455,195,22,13
455,195,22,14
454,194,23,14
455,194,22,13
454,195,22,14
455,194,23,13
455,195,23,14
454,195,22,14
455,194,22,13
455,195,21,13
455,195,22,15
454,194,22,14
