235,80,50,36
232,79,49,37
228,80,54,34
227,79,53,35
226,78,54,36
226,78,53,36
225,78,54,36
224,78,53,34
224,78,53,35
224,75,52,37
224,76,51,35
224,76,53,35
223,76,54,34
223,76,55,35
224,76,53,36
224,75,52,37
225,75,51,43
228,76,49,46
232,74,42,49
232,74,42,49
232,72,45,51
231,70,45,49
230,68,46,48
226,60,49,47
227,60,52,47
223,49,56,47
225,46,56,42
226,29,57,45
228,29,57,41
226,26,60,45
229,19,65,50
232,11,61,57
240,4,53,63
239,5,52,64
237,2,56,66
228,18,66,57
227,35,69,43
226,49,68,43
234,62,54,49
237,64,48,48
241,72,46,54
246,79,42,55
250,84,41,59
252,90,35,54
252,91,36,53
251,92,38,53
249,91,39,53
246,89,42,49
242,84,51,44
241,84,56,44
240,77,58,40
240,68,58,39
241,63,57,36
244,56,56,40
245,56,53,40
248,54,51,40
249,52,50,42
247,58,53,40
250,69,51,37
249,69,53,38
244,81,55,36
245,96,55,37
250,104,50,45
257,111,45,50
260,109,41,52
263,114,38,55
265,117,36,53
262,117,39,52
260,112,40,56
260,112,39,57
257,108,38,57
254,101,36,52
247,94,39,55
239,86,46,52
239,87,47,49
235,78,50,43
232,72,56,35
233,63,56,35
235,54,56,41
229,53,64,42
243,50,50,43
246,47,50,44
249,49,47,46
250,56,47,44
250,56,47,45
251,64,45,43
252,73,45,39
252,83,47,37
252,83,46,36
251,91,49,36
256,101,49,31
258,110,52,29
271,117,42,28
278,122,36,28
282,130,33,26
284,136,32,33
285,145,28,36
284,141,32,40
286,134,30,47
283,131,30,50
283,130,29,47
280,128,30,46
277,124,30,48
272,120,32,49
265,117,37,51
259,108,39,48
253,101,45,47
248,91,53,41
246,84,49,34
245,72,52,35
246,63,51,33
250,56,50,36
254,48,45,43
262,46,39,45
262,45,42,45
266,48,39,47
267,52,44,55
269,64,43,61
260,73,46,57
253,77,52,52
264,74,61,58
246,61,56,46
246,49,56,37
249,42,53,30
282,128,56,35
283,133,55,42
287,130,50,51
285,128,52,52
284,129,53,49
277,126,60,48
271,124,68,50
261,111,76,62
248,95,56,56
246,89,57,49
242,81,56,47
240,69,56,42
241,63,55,35
242,56,55,35
247,49,51,40
256,47,43,39
259,43,43,47
264,43,40,51
268,47,39,51
269,56,44,48
280,70,38,42
278,80,39,48
270,85,42,45
280,88,53,45
258,60,48,39
282,127,56,45
281,128,57,47
281,128,56,49
271,128,61,48
271,128,66,45
269,128,69,47
259,127,81,47
248,125,90,46
222,117,78,47
230,110,63,40
231,110,51,40
225,106,56,41
220,100,52,38
215,95,55,36
214,92,55,34
214,92,54,32
214,89,55,31
213,86,56,30
215,82,55,31
218,78,52,33
218,77,51,37
219,71,52,39
226,67,47,42
232,65,45,42
233,64,45,44
234,63,43,47
233,66,45,45
235,69,44,43
235,71,44,43
233,74,47,40
234,74,46,41
233,75,47,40
234,74,46,40
233,74,47,41
233,75,46,40
234,74,46,39
232,76,47,38
231,77,49,38
228,81,53,35
225,87,55,35
225,88,55,33
225,94,52,36
224,100,51,36
223,103,53,37
223,106,50,38
222,106,54,39
222,109,52,38
224,110,50,38
224,112,53,37
228,114,52,36
226,115,55,34
231,118,52,33
235,121,52,35
245,125,45,35
254,126,46,33
253,127,48,30
262,127,47,29
273,125,43,29
282,124,45,27
287,115,41,24
287,115,39,24
243,65,43,29
242,72,44,33
236,85,50,33
237,93,54,38
236,91,65,41
267,65,64,34
264,61,60,34
258,56,49,37
247,54,50,38
246,55,52,37
238,56,54,38
232,61,54,37
230,61,55,37
225,68,56,40
222,80,55,41
222,94,55,39
224,105,58,41
232,115,51,36
241,125,48,35
251,129,44,34
260,133,46,29
268,129,42,30
275,128,40,26
281,121,38,25
283,112,36,22
291,98,35,30
269,83,41,37
273,80,43,31
261,66,46,38
256,56,48,39
249,49,49,41
244,47,49,39
236,47,50,40
230,48,51,43
225,53,55,43
222,65,56,40
220,79,54,38
221,92,53,39
226,105,55,38
233,115,50,35
244,123,42,36
251,131,43,34
259,132,49,37
268,131,43,40
280,131,43,39
279,131,39,43
280,132,38,44
280,131,37,45
278,129,38,46
274,130,37,42
258,115,48,41
258,123,39,43
252,114,40,39
245,105,43,37
241,90,49,41
238,77,55,37
240,65,53,36
247,58,49,36
248,53,50,37
252,52,47,41
256,60,45,40
257,74,47,38
255,91,52,42
258,92,52,41
265,118,46,51
273,121,38,50
274,125,33,47
273,125,32,44
262,123,36,46
257,110,44,44
247,96,53,49
244,90,58,39
243,77,54,38
241,66,56,37
247,59,49,37
246,59,50,36
249,53,48,41
249,54,48,44
251,66,49,40
250,78,51,44
251,79,50,42
258,92,57,40
267,85,59,44
263,130,49,39
271,127,40,46
273,126,36,47
272,127,37,44
270,124,37,46
261,129,35,40
256,106,44,42
255,103,46,45
251,95,52,42
248,88,52,43
248,78,54,36
250,69,50,35
249,68,51,36
254,62,47,35
258,53,45,42
259,53,47,41
261,53,45,43
260,53,46,41
260,57,47,42
261,65,47,38
258,75,53,35
262,87,50,34
262,88,49,32
268,102,50,34
270,98,49,39
276,128,44,42
283,131,37,46
285,131,33,46
285,133,33,51
285,132,31,50
286,133,30,48
284,131,29,47
284,131,31,45
280,130,32,42
277,128,33,42
266,126,40,43
255,131,35,36
259,133,26,34
254,116,29,34
248,108,35,37
245,98,39,32
241,86,48,35
241,85,53,36
239,79,54,33
237,72,55,35
237,70,54,31
237,68,51,32
237,67,51,33
237,69,51,33
236,75,50,32
237,83,48,33
238,92,46,32
238,91,46,33
240,104,45,29
249,113,52,24
255,113,53,30
266,115,50,29
265,117,52,27
277,118,46,24
286,116,49,26
298,112,44,29
305,109,42,27
306,108,41,26
307,107,40,28
306,108,39,27
304,108,42,25
292,110,45,29
284,113,47,27
272,113,47,29
260,115,48,25
248,113,52,27
241,111,53,25
234,105,52,30
230,99,53,34
226,95,56,32
224,93,54,30
224,89,51,30
223,88,52,32
225,90,53,30
227,88,54,33
236,90,48,33
245,91,51,30
259,92,42,29
293,131,43,32
293,131,43,32
293,131,43,32
293,131,43,32
309,85,47,39
315,93,44,39
315,93,44,39
315,93,44,39
315,93,44,39
315,93,44,39
263,122,46,38
263,122,46,38
216,139,35,34
218,115,33,38
202,114,38,42
201,114,37,40
203,115,39,39
219,116,37,41
219,116,37,41
219,116,37,41
219,116,37,41
219,116,37,41
219,116,37,41
219,116,37,41
237,104,42,48
236,101,45,54
236,101,45,54
254,102,53,57
239,102,60,63
250,114,58,59
250,114,58,59
250,114,58,59
250,114,58,59
250,114,58,59
164,108,66,50
168,113,51,43
170,109,48,45
172,105,48,47
179,101,46,43
184,99,45,39
188,102,46,32
194,96,49,33
207,86,41,35
213,77,40,36
218,71,38,36
227,69,36,35
234,69,37,37
245,78,27,33
250,86,20,31
252,86,18,31
252,81,17,32
249,89,21,32
247,92,23,25
249,90,21,23
251,90,20,23
255,83,17,19
260,74,12,18
261,64,12,16
266,53,9,16
266,53,9,16
268,47,10,17
256,52,11,16
251,49,13,17
243,51,15,17
236,56,18,17
231,55,23,19
230,63,27,19
222,72,29,23
212,79,31,28
208,75,35,31
193,75,36,34
206,77,35,34
205,75,33,36
173,76,36,33
199,75,39,36
197,75,38,34
193,74,42,35
186,72,46,37
170,72,61,36
168,73,64,35
169,74,62,34
176,75,53,35
185,71,41,42
189,65,31,44
193,68,27,40
199,69,23,36
207,68,27,32
205,71,33,25
205,69,36,24
201,70,41,23
203,68,43,21
209,64,41,24
213,64,37,22
214,61,37,24
214,62,38,22
217,61,35,22
219,60,33,21
220,58,33,21
220,52,34,24
219,52,36,24
216,48,41,25
221,44,37,24
195,40,34,28
225,28,34,26
225,28,35,26
229,24,35,28
232,28,36,26
239,38,36,24
239,38,36,24
239,38,36,24
250,67,35,22
250,67,35,22
250,67,35,22
245,92,39,20
244,94,43,16
212,77,42,24
213,65,37,26
241,69,38,21
200,53,46,27
198,45,51,33
213,35,57,29
206,27,61,35
213,23,52,36
206,25,60,34
207,26,57,32
203,28,53,35
209,26,44,38
216,24,42,39
218,25,45,43
217,34,49,39
215,44,52,34
212,53,57,30
212,62,57,32
209,65,60,26
209,66,61,26
211,67,57,28
209,66,60,35
211,65,56,39
211,66,57,41
211,68,57,42
209,69,58,43
207,69,58,40
205,69,59,39
205,70,59,36
207,69,58,36
206,68,58,38
207,65,57,43
206,62,57,39
205,59,53,39
206,56,47,37
205,50,43,38
206,50,32,34
208,50,25,34
212,51,27,31
210,53,34,28
217,53,38,24
219,51,38,24
219,51,37,27
215,53,42,26
215,55,40,26
216,57,38,25
217,59,37,24
217,62,37,23
216,63,39,22
214,63,39,23
211,61,36,25
205,58,37,26
197,51,40,29
193,45,40,30
192,38,37,33
189,32,39,34
194,28,46,35
197,23,41,44
198,23,46,50
202,30,45,49
203,40,45,49
197,52,53,43
194,59,56,40
194,63,55,40
194,61,56,41
195,63,54,39
193,62,55,35
194,60,54,32
193,58,51,26
193,59,52,24
189,53,53,21
186,47,50,25
185,45,45,28
182,41,46,37
182,38,46,39
173,51,38,34
173,51,38,34
154,81,36,36
149,102,37,33
149,102,33,35
147,111,38,42
151,120,33,49
151,120,33,49
151,120,33,49
151,120,33,49
151,120,33,49
151,120,33,49
151,120,33,49
151,120,33,49
151,120,33,49
151,120,33,49
151,120,33,49
151,120,33,49
151,120,33,49
151,120,33,49
151,120,33,49
151,120,33,49
151,120,33,49
151,120,33,49
151,120,33,49
151,120,33,49
151,120,33,49
151,120,33,49
151,120,33,49
151,120,33,49
159,124,35,52
155,119,37,51
155,113,34,48
154,102,26,48
149,106,31,46
149,106,31,46
149,106,31,46
149,106,31,46
159,40,34,46
156,38,40,48
155,42,45,43
155,47,43,43
153,50,50,41
149,51,62,43
147,49,67,43
147,53,66,39
146,55,68,41
149,55,64,41
150,51,64,45
151,51,60,47
161,48,50,45
166,47,43,45
170,43,38,49
167,43,45,49
166,43,48,49
163,39,55,55
176,54,45,41
182,55,42,47
187,66,43,43
187,67,42,41
191,77,42,37
192,83,46,38
192,87,47,37
194,88,43,36
193,89,41,34
192,92,36,29
186,95,37,24
178,102,37,23
169,107,40,24
160,113,41,32
153,122,37,40
149,128,36,50
151,129,37,51
152,126,39,50
164,129,44,43
167,128,49,39
167,128,49,39
167,128,49,39
167,128,49,39
167,128,49,39
256,78,54,45
251,76,58,45
245,74,55,45
245,74,53,46
244,74,51,46
244,74,50,46
244,74,49,47
243,75,50,47
241,74,52,47
241,73,51,47
238,72,53,47
239,72,48,46
238,73,42,44
238,72,34,44
237,68,33,47
237,69,33,45
237,68,33,46
239,66,33,51
247,69,43,52
251,73,43,55
263,80,49,51
261,89,54,50
262,99,53,48
164,126,53,45
166,129,45,42
155,129,40,45
154,141,41,48
156,131,37,51
164,138,42,51
167,128,46,52
168,124,51,54
181,117,51,43
194,109,50,37
213,105,50,39
221,93,51,42
218,88,62,39
213,81,71,41
211,79,77,42
209,79,78,41
209,79,76,42
211,80,73,41
211,82,70,40
212,84,65,42
213,86,60,45
213,88,60,41
214,89,54,47
211,90,53,51
212,93,49,49
211,95,51,48
212,95,49,47
210,93,52,49
211,94,54,46
211,92,56,47
211,92,61,46
211,91,60,46
213,93,60,46
213,95,61,46
213,98,60,49
213,102,59,46
215,103,57,45
215,105,57,45
215,105,56,46
214,104,57,44
215,100,57,43
215,100,55,41
215,92,56,42
212,83,60,37
209,71,68,34
222,47,60,39
226,47,54,38
238,46,48,47
208,20,54,39
220,19,62,32
218,18,69,31
214,17,73,33
210,18,78,33
210,21,81,37
216,37,75,31
232,57,69,37
235,56,65,37
237,53,60,49
224,81,63,50
222,92,72,44
225,101,67,42
227,100,63,43
226,105,64,42
222,102,67,42
222,94,65,42
216,84,71,37
218,86,71,36
220,77,68,30
244,64,53,32
222,39,62,35
223,25,63,40
221,25,64,40
218,23,76,35
218,20,78,34
222,20,75,36
225,21,75,39
224,20,75,40
221,22,82,46
231,40,71,46
239,64,68,38
242,62,58,43
246,62,48,43
247,78,54,43
237,88,61,41
233,90,64,41
232,88,64,39
231,89,64,37
234,81,63,37
243,63,53,44
250,64,54,37
239,46,57,34
232,41,58,39
228,27,72,44
226,19,74,47
228,19,73,45
234,21,66,43
238,26,63,45
243,46,59,35
246,64,61,40
250,67,54,38
253,82,51,37
253,88,49,39
250,91,52,42
245,93,57,36
247,89,54,33
242,78,58,33
245,62,59,39
234,55,64,31
234,37,60,32
230,26,66,32
228,15,70,35
225,4,71,42
218,4,80,39
216,2,82,41
223,5,77,41
227,13,72,39
237,23,67,38
236,39,67,47
243,45,63,43
244,61,64,40
246,60,66,45
240,66,65,35
248,57,62,35
246,39,60,40
251,42,57,42
249,23,60,42
246,21,63,38
243,22,69,35
244,22,65,40
243,36,66,49
249,42,60,48
252,63,68,46
251,63,66,49
251,55,74,50
241,57,85,40
244,33,74,47
251,37,61,42
252,24,59,38
250,18,62,38
247,19,70,36
243,20,73,35
243,21,70,41
245,34,65,50
242,40,71,46
246,59,73,41
250,58,74,50
244,67,64,43
251,64,58,40
253,61,56,36
254,57,56,33
252,38,54,39
252,35,51,42
248,36,60,38
246,18,62,45
244,17,65,44
238,22,73,37
236,22,74,37
234,20,74,40
237,18,68,47
237,28,68,45
238,41,67,51
238,41,68,52
241,43,65,47
244,57,64,39
248,62,59,41
249,59,59,44
247,59,61,43
250,57,58,44
249,57,61,40
251,61,61,28
249,44,57,37
248,38,58,44
248,38,56,42
250,32,45,49
250,36,49,46
251,20,54,49
257,38,47,40
244,25,50,42
244,23,58,44
235,38,64,34
232,41,67,29
228,41,71,30
229,43,71,29
229,45,72,28
236,45,66,28
247,56,60,36
246,47,60,46
247,49,60,42
243,40,65,48
248,50,60,39
246,28,60,45
249,49,58,39
252,49,54,39
256,51,48,35
220,36,53,38
217,45,55,30
222,49,51,25
204,51,54,25
194,51,47,26
173,50,52,27
159,50,47,30
159,50,46,31
149,47,37,34
141,54,33,27
134,55,31,26
130,55,32,26
129,55,32,27
130,55,32,26
132,56,32,26
135,58,32,25
141,60,31,25
142,58,31,27
148,61,33,26
156,64,37,25
169,65,37,26
185,66,40,25
181,66,44,25
198,65,39,27
209,68,46,24
226,62,53,28
241,53,50,35
233,49,57,39
230,46,51,41
232,42,49,45
230,53,49,40
249,39,63,42
246,33,71,46
246,24,71,52
247,21,65,51
244,21,63,46
242,18,63,47
235,23,69,42
230,17,72,48
234,21,69,47
233,29,69,46
254,63,68,38
244,63,64,32
240,74,59,33
240,80,57,36
239,85,58,35
237,85,60,33
224,88,71,26
229,87,69,24
230,73,64,33
232,62,65,38
236,65,61,30
233,62,60,36
226,52,54,37
222,48,53,40
222,45,49,40
219,45,46,37
212,43,46,34
196,37,45,41
181,32,40,45
170,28,36,43
146,26,43,46
134,25,37,46
131,34,27,42
125,35,27,44
123,37,27,40
122,38,29,41
121,39,32,40
126,40,30,39
133,41,29,42
142,43,27,40
149,49,28,40
158,53,33,41
177,67,39,49
183,69,43,47
205,81,44,35
213,91,52,32
219,100,58,31
222,105,62,36
224,110,61,38
231,113,53,40
234,115,52,41
234,116,51,40
231,115,55,38
229,110,56,36
227,104,57,32
226,88,61,38
237,91,55,46
222,63,56,33
248,121,50,41
250,129,51,49
254,131,53,57
261,134,49,58
268,135,46,58
272,136,45,56
271,136,48,53
271,132,48,54
269,135,50,50
269,132,50,47
249,130,40,49
267,119,49,42
213,25,63,44
211,17,66,51
213,43,77,38
212,58,75,33
212,58,75,33
228,81,60,34
230,74,59,42
234,87,51,40
232,96,49,39
230,102,52,43
231,105,50,45
230,106,50,43
232,109,48,41
230,108,50,41
231,106,50,39
229,102,53,38
230,103,53,36
229,96,55,35
226,90,57,34
213,85,56,31
210,84,52,26
206,83,49,27
206,76,40,29
208,69,44,26
212,56,37,28
200,46,32,32
199,45,32,34
185,34,35,39
175,24,31,45
165,19,33,45
158,16,31,45
156,16,33,44
150,13,34,44
148,12,34,43
147,11,35,43
148,10,35,43
148,10,35,42
151,8,40,46
157,7,41,45
172,9,35,45
180,19,39,41
174,22,46,39
191,14,46,46
201,41,48,36
205,54,54,29
204,65,64,30
203,66,64,28
207,73,64,34
211,80,60,41
212,91,59,41
215,100,54,42
216,98,49,43
218,107,50,44
216,114,50,49
215,119,50,48
215,124,47,46
214,124,49,45
211,123,52,44
208,120,51,43
204,117,54,38
199,110,56,38
197,110,56,38
191,108,57,32
184,106,60,25
174,96,60,25
173,95,62,26
165,80,56,34
168,76,50,40
154,72,56,45
146,59,42,40
136,52,31,39
126,43,28,42
116,40,29,42
109,35,29,42
107,31,28,44
109,28,29,43
115,25,30,45
124,26,26,40
130,21,30,44
144,19,31,47
153,22,37,43
172,28,35,43
192,37,36,35
199,50,45,27
222,56,40,27
233,63,41,24
246,71,35,23
226,75,32,28
256,80,33,21
256,81,35,20
255,80,34,21
252,79,34,22
251,77,35,23
251,75,33,23
251,72,34,24
253,70,34,24
229,77,31,25
261,64,32,26
265,62,30,29
243,84,34,26
240,87,32,23
274,56,27,28
273,54,29,28
273,54,28,26
271,54,26,27
268,54,24,22
256,58,28,22
239,60,32,22
221,64,36,22
196,67,39,23
175,67,40,27
153,67,46,28
138,66,49,32
128,65,53,33
126,66,52,31
123,67,52,30
126,64,53,33
130,64,56,32
137,64,59,34
149,63,60,39
154,66,71,41
179,86,59,28
192,81,60,38
211,87,57,39
223,89,52,43
240,89,50,52
244,98,51,48
258,97,45,49
263,97,44,50
249,95,58,49
207,79,45,38
278,112,41,46
282,110,36,48
283,106,37,49
283,105,37,49
276,102,38,48
268,95,44,44
267,96,44,42
253,98,56,35
239,94,61,37
239,94,61,37
227,67,61,28
226,68,62,25
221,59,64,28
219,52,62,30
223,52,60,29
218,54,64,30
215,53,68,31
220,64,65,31
219,62,68,39
219,77,69,34
223,83,67,36
221,80,68,38
223,78,65,40
223,80,68,32
231,64,63,39
232,46,57,44
231,42,61,49
232,48,64,39
221,42,61,50
222,30,69,37
217,30,74,32
216,30,75,32
212,31,77,31
213,37,78,31
214,48,77,34
215,49,72,43
216,47,72,46
219,69,72,37
215,79,73,34
222,74,68,42
220,77,70,36
224,74,68,40
221,67,72,41
220,72,76,29
226,56,71,40
230,59,67,45
231,59,67,44
222,51,72,32
218,47,73,31
216,46,72,31
216,49,67,32
217,49,66,31
215,55,64,32
220,68,66,37
224,73,61,35
229,86,60,32
231,87,58,31
234,82,59,38
233,79,60,38
229,77,65,34
243,53,67,34
243,54,70,33
234,61,65,39
234,58,59,47
235,56,62,51
239,54,61,46
242,54,66,38
224,69,62,40
221,70,63,38
219,64,60,43
274,54,67,41
270,57,73,38
220,70,85,41
184,69,80,32
184,68,66,33
182,69,53,30
175,67,45,32
165,73,40,26
149,77,31,25
132,76,28,25
116,81,28,25
106,82,32,29
100,82,31,29
98,80,33,33
98,77,34,38
102,79,33,37
108,80,32,37
114,84,33,39
120,87,32,40
132,96,29,45
141,112,26,41
148,113,30,46
162,120,23,52
168,131,27,54
173,144,30,47
173,148,32,45
176,151,32,40
178,151,31,38
182,151,29,40
184,151,29,42
187,151,27,39
187,151,28,40
187,151,27,42
188,150,25,45
186,150,27,44
186,150,26,42
186,149,24,40
185,149,26,38
185,149,26,37
184,148,28,38
186,148,29,38
189,148,25,37
191,149,27,36
194,149,26,36
197,148,26,36
200,147,25,37
204,146,23,37
206,143,23,38
208,142,22,36
212,153,25,36
212,153,27,36
213,153,29,37
215,150,32,41
226,147,26,44
233,145,29,45
239,139,33,50
245,131,29,52
254,128,24,44
