333,84,23,96
332,81,24,94
333,81,23,97
332,81,25,98
334,82,24,95
334,81,23,96
334,81,22,94
335,80,21,97
332,81,22,99
333,80,24,98
331,81,24,93
331,80,25,99
331,80,25,100
331,82,24,97
331,81,25,99
331,82,26,97
331,81,26,99
331,81,25,100
330,81,29,99
331,81,26,100
332,80,26,101
332,79,26,102
333,77,27,104
333,77,28,105
332,75,26,108
334,73,28,110
331,72,28,111
333,69,29,114
332,69,29,116
333,65,30,117
333,66,31,117
335,62,29,120
334,62,30,121
336,63,32,119
336,62,31,122
337,61,34,120
337,59,32,124
338,58,34,124
338,56,34,127
338,54,38,128
336,53,42,130
330,50,52,127
325,49,59,136
323,47,66,132
321,46,74,141
321,41,85,136
317,45,95,139
315,46,109,139
309,39,117,137
327,43,111,131
310,43,119,142
316,44,128,143
321,52,135,134
313,47,117,152
316,62,123,148
310,72,124,144
311,74,135,149
310,74,133,146
309,79,132,140
306,74,142,146
307,83,137,129
306,77,151,129
305,72,153,126
302,63,158,124
305,66,156,118
301,61,164,125
306,51,157,128
310,49,149,130
308,52,158,127
305,48,167,134
302,48,161,136
311,45,154,139
308,44,160,140
305,45,153,140
311,45,156,144
306,47,152,145
308,41,153,149
312,48,145,153
310,52,152,153
310,53,149,153
312,54,143,150
314,56,154,147
313,54,156,144
315,55,160,139
320,54,158,136
319,64,158,123
214,89,126,102
435,161,137,85
404,132,128,65
351,93,129,83
348,79,133,98
349,71,140,112
345,71,158,119
343,75,162,113
343,76,165,110
343,78,158,110
343,84,163,103
344,86,164,104
344,90,158,104
345,95,150,95
345,95,155,100
347,99,148,92
342,99,157,98
344,102,154,95
341,103,155,97
342,106,156,97
343,110,155,98
347,113,149,92
344,115,150,97
343,115,155,85
342,115,152,78
340,115,158,90
343,117,154,97
344,114,156,102
339,113,161,110
339,113,158,111
336,114,167,114
334,114,164,118
334,114,167,122
330,115,171,124
323,117,185,128
322,120,189,134
319,122,186,138
318,125,183,145
310,128,183,152
307,134,187,153
306,133,190,159
301,137,192,156
304,137,185,154
303,140,185,151
302,139,180,150
303,149,177,131
302,138,191,142
302,133,196,144
301,127,186,154
307,114,174,167
309,101,172,174
308,97,173,178
306,85,178,188
309,80,174,191
317,85,156,192
317,81,148,202
317,96,152,193
324,104,142,185
331,118,129,179
328,139,140,158
321,153,168,144
316,169,192,133
313,175,218,124
309,182,225,118
310,179,223,110
314,182,220,104
317,179,220,99
320,181,219,92
317,180,215,83
321,179,211,74
317,175,223,70
322,167,218,72
331,161,211,79
345,144,196,100
353,137,188,110
352,124,196,131
355,117,192,140
367,108,183,152
364,100,184,161
387,100,162,160
395,86,149,181
410,79,132,191
424,71,125,204
428,61,117,220
439,56,104,226
445,41,97,246
453,41,91,244
456,33,88,245
451,30,86,250
451,33,88,244
447,34,83,249
445,33,82,247
438,43,90,226
428,49,95,204
413,51,98,181
418,59,92,155
418,87,75,136
400,74,89,137
386,98,109,126
364,102,128,117
352,112,140,111
354,120,138,110
348,136,146,94
331,145,160,97
329,149,171,120
333,157,161,126
335,156,182,152
326,169,191,158
321,180,206,156
324,189,194,146
326,191,191,150
318,202,199,132
320,201,195,133
323,198,192,123
322,195,195,126
319,189,195,119
324,183,186,123
317,176,203,123
318,162,203,125
306,151,216,137
314,135,206,145
312,125,209,156
313,120,188,157
318,125,176,147
318,125,168,145
310,140,185,145
299,160,215,136
299,177,211,128
303,194,217,112
306,206,213,119
313,211,205,129
313,212,203,136
318,215,191,138
319,210,181,142
319,202,182,147
317,203,178,149
322,193,161,154
312,179,171,156
316,175,155,136
310,157,163,140
309,143,167,135
311,127,172,136
313,111,173,137
319,103,167,129
317,106,174,133
323,95,173,139
320,105,175,142
320,112,177,140
319,117,174,147
321,126,172,151
318,131,180,151
322,140,180,156
317,150,183,155
313,152,194,167
310,152,192,171
309,152,194,178
313,147,189,178
314,142,183,177
315,135,188,175
316,141,185,162
318,128,183,161
320,124,188,164
320,122,196,166
318,120,197,159
326,119,197,166
325,116,195,167
331,122,185,158
334,117,189,167
330,117,188,166
329,119,194,160
321,115,194,165
320,119,195,161
312,113,194,160
310,123,199,155
305,114,198,156
303,123,194,156
309,122,185,153
297,120,195,162
303,126,184,147
298,122,192,153
295,122,196,148
300,126,195,154
293,135,206,142
306,158,193,105
288,173,203,101
288,178,189,114
288,141,197,106
286,157,200,90
290,178,225,60
286,185,224,46
286,185,224,46
286,185,224,46
286,185,224,46
286,185,224,46
339,201,208,48
327,203,197,52
328,207,198,55
335,210,198,57
328,204,198,65
347,210,186,54
359,213,166,49
284,204,167,53
279,197,179,50
276,200,182,50
271,189,200,56
281,184,183,64
343,183,186,67
278,151,209,79
321,185,211,71
228,184,241,75
252,182,267,83
240,175,280,104
314,179,283,101
279,179,278,108
300,172,310,115
241,180,347,116
332,174,322,137
301,178,333,121
350,168,297,114
341,143,293,142
296,169,339,117
273,157,367,121
256,145,387,120
247,135,396,150
257,126,383,143
268,116,381,155
270,101,361,175
277,93,367,173
285,72,358,199
287,63,350,207
284,73,357,186
279,68,366,201
266,86,365,174
280,82,357,175
285,78,347,179
277,65,362,192
284,79,349,178
276,70,349,192
289,81,345,178
278,65,352,197
286,62,352,198
280,73,348,188
279,90,348,165
271,83,351,179
280,73,359,188
277,70,358,192
276,88,353,170
268,88,358,171
280,82,353,179
274,81,345,174
281,82,356,174
277,77,351,175
277,92,345,157
277,91,353,156
282,83,346,166
281,92,344,157
283,77,346,170
273,92,357,155
277,90,361,165
275,58,354,200
291,57,351,194
279,57,351,196
283,64,362,186
278,64,355,184
292,55,348,188
288,61,349,181
278,55,352,183
299,48,341,192
285,54,351,178
291,48,351,182
283,43,356,184
309,42,328,176
309,33,338,184
266,39,379,172
280,42,367,166
284,36,368,169
334,40,344,160
311,33,339,167
297,23,325,174
323,19,322,184
283,12,366,185
310,7,338,194
273,6,374,186
306,3,348,181
278,8,370,180
302,11,357,171
232,11,416,179
284,8,366,176
237,9,350,181
272,9,366,180
303,14,347,174
260,9,390,188
302,7,349,187
275,10,381,190
233,11,377,194
311,15,334,186
238,14,310,200
319,8,325,216
304,11,267,217
335,18,215,204
350,21,174,211
351,29,171,202
356,21,168,219
356,19,171,221
359,20,171,219
355,22,183,211
359,20,179,213
358,20,183,218
354,28,185,208
353,26,183,212
349,23,196,214
351,28,192,207
350,30,183,207
345,34,183,201
342,33,185,200
337,47,181,189
327,48,193,186
330,56,183,182
328,60,179,174
322,65,186,165
320,66,190,164
322,69,180,160
319,72,193,152
325,69,177,155
328,68,176,154
333,69,182,154
340,72,167,145
341,74,166,144
346,75,159,140
349,73,153,138
355,73,144,134
358,74,145,126
354,73,139,120
354,72,136,116
351,74,163,133
354,72,170,129
350,69,181,139
351,72,178,139
351,66,185,145
349,67,178,151
350,63,181,155
349,70,178,146
350,67,178,152
353,64,170,157
354,63,164,154
354,66,165,150
356,67,157,145
358,67,134,134
360,67,116,119
358,84,105,153
343,68,112,172
336,68,110,175
336,69,111,174
327,67,122,169
322,67,146,173
320,60,144,169
323,64,143,171
322,57,148,177
321,52,150,179
308,53,171,177
303,47,174,185
300,51,177,189
296,45,190,202
297,51,189,201
298,48,191,204
303,48,184,210
299,53,195,200
306,54,181,199
305,43,192,203
301,46,196,203
301,45,204,207
311,42,178,199
306,38,191,192
314,42,192,184
312,44,197,179
315,48,191,167
320,52,194,177
317,52,190,167
311,65,195,153
316,72,187,138
319,76,185,138
324,90,181,129
332,111,176,98
336,126,167,75
344,142,159,75
329,152,163,76
323,147,168,82
324,139,160,97
328,133,159,107
330,131,161,108
335,120,152,120
345,109,132,132
359,98,123,142
365,81,109,153
399,115,136,155
418,123,115,154
414,153,123,127
411,135,117,124
413,101,122,150
402,96,143,156
410,108,151,137
387,119,172,123
370,122,190,119
369,126,193,116
366,134,194,106
365,124,200,116
366,146,195,98
358,131,209,110
355,136,199,102
351,140,205,95
346,138,208,95
338,142,215,88
337,161,210,67
323,171,177,51
327,168,171,49
329,159,170,49
334,151,163,48
339,140,158,53
340,147,161,78
347,130,147,101
352,112,144,122
358,109,179,145
353,97,182,174
363,96,172,173
375,98,150,180
380,91,147,186
382,95,127,191
375,101,141,185
373,108,151,178
357,119,173,172
347,115,179,174
344,119,180,177
345,124,186,170
347,126,193,162
341,127,207,159
343,119,206,170
341,129,212,155
340,129,217,151
340,127,212,154
339,130,218,151
340,122,208,161
345,127,210,149
342,127,209,148
342,123,207,154
333,122,201,149
330,128,202,135
328,130,199,111
328,131,187,94
339,120,153,105
340,92,139,95
341,85,133,104
348,72,122,121
355,67,117,123
359,61,109,142
362,54,111,161
360,50,115,161
360,40,110,163
358,44,111,158
355,45,114,151
354,51,100,145
354,42,113,152
360,48,104,149
365,48,105,141
365,55,98,143
368,53,102,141
371,52,107,142
353,60,115,129
366,57,110,130
352,60,130,131
363,94,127,94
358,97,111,93
351,101,87,88
332,74,76,98
343,71,66,103
347,73,53,117
354,73,41,121
357,70,38,123
355,67,40,124
352,67,41,120
353,65,39,121
353,63,36,118
351,63,38,120
351,64,35,120
350,63,32,121
349,63,35,118
348,63,33,118
347,62,34,119
348,65,31,117
345,66,33,117
344,69,35,116
343,71,33,109
345,72,30,111
342,73,30,109
342,75,34,106
343,74,30,108
342,76,30,107
341,79,30,102
340,80,28,102
338,83,28,101
338,80,28,101
338,80,28,101
336,78,27,101
334,79,27,100
332,80,27,97
331,80,26,101
333,81,28,100
333,80,26,98
335,80,26,99
334,80,27,99
335,79,29,101
335,78,27,100
335,79,27,99
334,79,27,100
334,81,26,98
335,81,26,98
335,81,26,97
334,81,27,99
334,80,28,101
332,81,30,101
333,80,28,99
334,80,27,99
334,82,26,99
335,80,26,102
334,82,25,107
336,82,26,106
335,82,26,94
335,82,24,93
335,82,26,92
335,81,25,95
335,80,25,94
334,84,30,109
330,82,29,103
335,79,28,100
335,82,25,100
336,81,26,100
335,80,26,101
301,78,35,103
299,75,40,93
299,75,40,93
299,75,40,93
299,75,40,93
299,75,40,93
329,100,33,83
335,103,26,78
332,101,27,79
333,100,27,78
333,100,25,81
333,100,29,81
336,97,25,87
333,100,28,84
336,103,26,80
335,103,27,80
335,105,26,79
332,105,27,76
334,104,27,77
334,104,26,78
333,103,25,79
334,104,27,78
334,106,25,74
334,105,26,77
335,108,27,72
335,107,25,73
334,108,24,73
335,108,26,72
333,110,25,71
334,112,27,68
333,110,28,72
335,109,26,72
334,107,26,73
335,109,27,72
335,107,25,74
334,107,26,74
334,107,25,75
334,107,26,75
335,110,26,72
336,113,26,68
334,115,28,66
335,118,27,63
335,119,27,61
334,121,28,59
335,123,26,57
334,122,29,59
333,126,29,57
334,127,28,54
335,129,26,52
334,132,28,49
334,134,27,47
316,137,21,44
320,138,16,44
320,138,16,44
320,138,16,44
320,138,16,44
343,102,19,42
336,98,24,40
332,91,27,44
337,93,26,46
348,99,26,47
362,107,26,50
333,79,28,45
333,79,28,45
333,79,28,45
334,82,26,48
333,82,27,50
335,82,25,56
334,83,26,55
335,83,25,50
335,84,26,45
333,83,27,46
405,143,35,41
405,143,35,41
405,143,35,41
405,143,35,41
405,143,35,41
405,143,35,41
405,143,35,41
319,68,46,43
223,112,46,52
223,102,46,61
276,60,57,69
280,68,61,83
293,59,46,85
297,45,48,92
271,53,57,106
272,55,54,112
272,54,52,124
272,61,52,126
293,74,70,118
292,88,73,103
287,76,77,117
292,91,70,104
291,82,75,112
284,79,77,110
288,88,73,105
283,77,73,116
281,66,74,127
282,77,82,112
278,83,90,104
279,82,86,102
278,81,91,106
275,70,97,83
277,76,90,92
276,81,89,102
274,68,89,107
273,78,92,109
272,79,93,104
272,76,93,109
269,79,86,106
275,81,94,105
273,80,92,106
272,80,98,106
272,80,97,106
271,79,95,107
269,82,88,105
268,86,97,100
267,84,99,101
266,85,100,100
264,89,103,96
262,91,103,92
260,90,105,94
264,87,101,97
263,88,104,97
262,88,105,96
262,87,103,97
262,86,104,97
264,86,103,98
267,87,101,96
269,86,99,98
268,86,99,98
271,86,95,97
275,84,91,100
276,85,81,99
283,81,76,104
285,88,80,98
289,82,77,101
286,97,75,87
286,87,62,89
282,85,58,89
294,90,67,95
297,101,68,82
284,82,50,91
317,100,42,86
333,106,29,76
334,103,27,79
334,102,25,81
337,103,25,80
336,105,24,77
334,107,26,74
334,106,27,77
335,110,28,72
335,111,25,70
336,112,26,70
334,114,27,65
334,116,27,65
335,117,26,64
334,118,28,64
335,121,24,60
336,122,25,57
337,127,26,53
334,127,29,53
336,125,26,56
262,96,23,63
262,96,23,63
262,96,23,63
322,74,32,66
322,74,32,66
322,74,32,66
329,81,31,73
335,82,26,72
333,82,27,58
333,83,26,65
334,84,24,72
334,93,26,77
335,88,26,88
333,82,26,99
334,81,25,100
335,80,28,102
334,81,24,99
334,80,26,100
334,81,27,94
333,81,24,85
335,81,26,78
334,82,26,68
333,81,28,56
334,82,27,46
333,84,27,43
333,85,31,41
332,80,28,39
353,147,21,38
347,146,21,39
342,140,19,39
342,140,19,39
349,130,14,41
346,128,14,45
342,116,18,49
340,116,21,50
339,114,24,51
338,98,22,58
339,106,23,58
339,106,23,59
339,108,21,55
340,87,19,63
341,86,18,69
341,88,18,72
343,96,17,69
341,89,19,70
339,91,22,72
337,95,23,78
337,96,23,84
337,99,24,81
338,103,24,79
337,104,25,76
337,107,24,73
337,108,25,73
337,111,24,69
337,111,25,70
336,110,26,73
336,108,25,73
335,107,27,74
334,106,28,76
333,105,29,79
329,102,34,82
327,107,34,76
324,107,36,75
317,108,43,75
327,109,40,76
314,110,49,72
309,110,54,72
323,119,41,63
317,116,46,66
307,115,57,69
300,119,63,64
300,124,64,62
280,100,64,70
281,93,72,86
284,87,81,90
278,109,89,74
274,118,94,66
271,86,93,77
269,82,96,86
272,80,90,106
271,82,95,95
267,82,97,99
266,84,96,100
269,85,93,96
260,86,104,100
283,121,112,80
281,125,118,59
282,133,126,49
286,114,139,68
257,109,144,71
252,102,137,79
288,111,155,71
249,96,123,88
256,91,108,95
260,88,103,96
263,88,100,94
266,87,98,87
261,89,103,83
267,85,98,98
265,87,101,97
260,86,105,98
259,84,105,100
256,87,107,88
259,86,107,95
262,85,99,98
263,86,100,97
263,87,101,95
263,87,101,95
266,87,97,95
262,88,101,95
264,86,105,97
265,84,102,100
266,87,100,96
259,89,89,96
320,89,74,95
327,75,63,110
331,74,43,108
341,69,34,114
343,66,33,117
344,63,34,121
348,62,31,123
346,58,37,128
344,57,42,124
344,53,44,131
333,50,60,137
327,46,68,139
323,44,80,141
319,41,90,142
312,41,103,144
309,40,115,147
306,33,127,150
300,42,143,148
298,47,161,138
290,55,181,128
302,66,198,148
295,70,189,120
297,77,186,114
295,91,192,109
295,96,186,109
292,102,199,103
295,98,202,109
295,99,202,111
298,98,199,112
298,89,199,126
297,83,202,130
302,82,194,128
304,81,189,126
303,80,191,122
300,81,194,116
299,81,191,114
302,91,181,105
298,93,183,100
298,103,178,90
295,112,177,84
294,121,178,73
286,133,187,64
285,143,188,55
288,150,186,65
287,160,178,58
286,165,188,59
231,104,194,77
297,165,170,83
320,152,147,97
330,142,137,123
341,128,119,148
353,118,96,139
354,126,85,159
352,127,69,166
351,128,84,163
348,132,117,148
348,143,125,123
338,142,139,119
335,122,149,100
218,89,121,101
335,116,148,117
338,106,136,134
336,97,133,153
345,89,115,177
346,92,114,178
345,97,97,170
356,98,85,181
361,101,85,177
370,100,77,179
380,103,75,179
390,99,76,178
404,79,73,202
424,62,92,194
415,79,80,196
429,48,53,191
428,67,54,166
424,72,62,150
418,81,69,140
416,83,72,135
413,83,77,136
405,84,91,132
396,87,100,155
378,84,126,169
366,88,140,156
356,88,150,155
349,92,154,151
344,93,153,153
343,93,164,153
338,89,163,157
337,90,164,157
338,89,165,155
341,95,157,150
341,90,160,154
339,93,160,152
343,92,153,151
337,96,157,145
334,94,152,151
332,93,156,153
334,101,145,144
332,95,135,152
339,99,134,143
340,99,120,148
343,103,116,152
349,103,107,149
348,108,108,149
345,109,110,150
345,113,114,152
342,113,111,150
340,114,119,145
337,114,117,142
340,116,125,146
335,117,122,141
336,117,125,143
334,120,131,135
329,118,144,133
331,118,136,134
328,115,140,138
328,110,140,149
330,113,139,145
328,112,142,150
328,115,142,140
329,118,137,138
329,119,152,137
328,119,143,140
330,125,140,135
334,129,132,132
337,128,132,136
339,134,123,132
343,136,122,134
339,138,127,133
346,142,128,133
344,144,129,130
347,148,127,130
352,152,123,127
354,153,131,130
354,156,133,127
356,158,135,124
358,155,137,133
362,158,129,133
363,161,129,134
361,163,130,130
356,165,133,126
354,164,134,127
347,166,139,125
345,165,133,120
342,162,133,117
335,160,140,116
335,162,147,110
338,154,158,115
340,148,164,116
342,144,168,105
346,144,159,113
348,137,153,114
351,134,156,120
352,134,154,120
363,135,142,125
368,130,131,145
372,126,127,146
375,123,127,148
374,117,120,158
371,113,133,162
366,121,142,156
364,121,156,148
355,126,180,134
358,128,181,124
360,121,177,136
356,125,189,129
358,132,181,126
360,135,180,118
353,141,190,110
352,142,191,100
346,156,187,77
334,157,177,68
347,146,152,86
355,135,154,102
356,129,175,129
356,116,185,161
358,115,200,179
363,117,205,182
371,116,202,187
377,112,195,184
378,111,196,189
387,109,184,186
396,105,173,189
408,105,172,185
404,95,171,189
416,97,170,184
425,91,157,178
433,94,155,176
433,98,175,171
432,92,184,177
432,95,187,180
437,90,194,198
440,78,191,196
448,84,178,188
428,71,208,208
447,76,188,208
438,74,197,253
447,7,194,285
449,7,184,270
447,6,184,262
454,26,175,285
446,5,192,308
445,11,188,289
439,4,193,282
442,27,198,298
438,9,191,309
434,12,203,310
436,8,198,290
425,45,211,289
434,6,198,285
448,44,184,290
443,14,188,304
447,7,194,299
445,10,193,290
445,9,194,313
440,10,194,329
438,2,197,318
439,8,198,305
439,18,201,313
430,7,210,307
442,15,196,315
449,14,193,326
444,17,192,323
439,10,199,325
435,12,198,327
445,8,199,338
437,16,194,298
431,14,200,311
433,12,196,283
450,14,189,301
453,13,183,328
449,4,182,339
452,12,183,334
443,4,199,334
447,10,186,344
453,9,179,330
454,7,186,333
450,9,179,337
460,8,180,342
465,5,177,343
458,11,177,336
459,10,178,338
460,3,174,344
466,2,169,349
468,8,169,344
471,6,168,350
475,5,161,347
471,7,159,357
475,-4,162,351
481,0,152,367
481,7,156,349
486,1,149,353
502,8,137,358
511,1,122,354
531,0,99,363
493,5,140,356
519,-2,117,362
530,-2,99,360
528,9,102,352
528,-1,96,348
533,10,97,356
524,0,105,348
534,7,97,358
530,1,104,353
528,7,110,352
540,7,99,359
522,7,118,351
508,18,136,342
496,6,146,350
483,7,154,353
479,2,161,355
483,2,154,352
475,2,153,352
478,6,155,352
475,4,159,348
471,2,158,350
465,8,171,350
458,4,171,349
462,7,178,342
456,12,181,332
445,16,186,332
441,6,197,345
437,8,202,331
430,1,198,331
436,9,206,283
430,12,204,311
428,12,225,314
417,6,212,332
397,8,236,288
395,4,241,300
385,5,239,293
406,8,221,323
395,7,250,324
377,8,247,322
393,15,248,321
381,19,246,311
377,19,244,296
376,17,246,307
368,21,245,306
374,26,260,286
361,30,257,289
361,25,269,299
361,27,251,284
363,26,262,294
351,27,265,292
373,25,249,305
354,26,259,292
365,24,258,308
368,31,244,293
372,28,250,284
362,25,251,290
376,24,252,300
389,21,239,308
390,15,233,310
394,8,244,323
396,19,241,315
399,13,240,319
399,15,232,326
406,8,227,329
408,6,224,340
414,9,221,341
411,5,219,332
427,12,216,331
421,7,205,333
427,1,208,343
420,7,215,311
426,6,203,329
427,10,227,337
433,10,205,336
435,10,213,329
424,6,226,331
417,5,232,327
409,9,229,344
408,13,236,339
405,1,243,340
403,9,238,334
400,3,247,346
407,-2,234,333
388,3,249,311
392,3,245,306
393,11,268,300
390,15,249,280
392,13,249,263
391,9,246,303
392,10,239,308
400,5,227,330
410,0,217,333
400,8,230,333
396,7,230,322
391,11,241,327
385,8,242,326
390,11,239,326
381,12,247,317
373,9,262,326
362,11,266,304
366,10,271,297
365,11,258,311
367,15,259,322
368,17,266,322
361,11,262,319
367,16,265,311
364,10,258,318
367,19,273,324
368,5,253,329
368,14,257,328
370,13,260,310
374,13,252,326
368,16,262,329
362,19,263,304
376,14,250,323
371,9,255,317
373,16,254,322
370,2,253,328
373,10,250,321
346,15,270,315
360,20,252,297
354,22,273,302
349,19,259,310
350,23,266,280
361,20,272,304
359,20,260,303
366,16,251,319
359,19,253,311
363,21,257,277
358,24,258,272
361,16,254,309
365,15,257,308
365,18,253,315
358,21,265,317
352,20,265,320
362,14,273,325
360,15,260,325
364,9,258,321
372,10,251,323
375,8,245,328
375,11,253,330
381,9,251,332
386,6,245,330
399,5,239,339
398,5,213,333
406,2,210,344
407,5,218,347
418,6,220,347
415,-2,213,350
426,2,207,351
426,9,202,333
439,10,186,346
445,-8,182,354
458,-2,165,346
465,8,165,358
480,-8,146,348
479,6,142,365
477,-6,139,349
486,8,128,358
474,-6,156,356
475,2,145,352
488,-1,134,351
481,5,141,354
486,0,156,355
468,1,171,351
471,1,165,352
468,10,168,343
459,26,178,320
448,33,188,318
441,33,193,323
433,6,204,351
438,3,201,303
443,0,202,295
467,36,177,325
430,-4,211,354
359,5,286,341
389,4,259,359
433,-1,215,352
333,5,276,311
321,5,326,282
310,10,330,256
330,15,314,236
245,81,310,197
328,90,311,157
310,108,242,141
324,96,189,156
328,95,179,161
329,92,174,164
333,93,163,159
334,94,159,151
337,95,152,152
340,103,151,145
345,98,148,147
344,93,163,147
351,90,157,144
350,89,155,139
355,87,150,140
357,86,147,127
367,77,115,126
362,80,121,107
359,87,119,96
354,95,121,85
234,88,103,95
257,90,80,93
257,86,79,98
371,113,94,90
356,112,118,94
352,114,134,92
338,114,142,97
328,113,148,95
317,116,160,77
315,116,155,73
320,114,151,71
322,109,145,75
331,100,136,86
334,89,133,97
336,72,139,111
336,68,136,119
347,57,125,127
348,53,121,130
354,49,120,136
361,54,115,128
378,44,98,147
388,54,85,141
398,49,76,145
386,38,79,151
389,31,81,151
387,30,81,153
387,24,84,154
386,16,78,162
384,25,83,159
384,29,92,154
381,34,100,145
379,32,87,151
376,36,77,140
368,41,88,142
364,42,99,142
362,45,96,144
358,52,95,139
353,50,94,141
349,61,92,131
347,64,88,131
345,64,86,130
345,65,88,125
346,65,83,122
343,64,82,123
341,62,83,123
342,58,84,128
341,56,77,128
344,56,73,126
342,51,73,128
342,55,70,126
343,53,68,125
343,59,68,125
341,60,67,120
341,64,65,117
337,68,66,111
336,69,65,110
338,71,60,115
336,70,61,114
336,70,59,115
333,69,58,116
335,67,57,113
335,63,55,120
336,62,54,122
336,61,49,121
337,59,47,122
337,60,44,122
338,62,39,120
337,60,36,121
336,60,35,124
336,63,35,119
336,64,33,118
337,65,35,119
335,66,34,114
335,66,34,117
337,65,31,114
337,68,28,111
338,67,27,113
336,69,27,111
339,70,24,111
339,70,23,112
338,74,22,108
339,73,20,108
338,73,20,106
337,76,19,102
337,78,18,103
336,79,17,102
335,80,19,100
334,81,18,99
334,79,17,102
332,78,23,106
330,81,19,100
329,79,21,103
326,82,22,102
336,83,24,99
335,82,27,103
335,81,24,105
336,81,20,105
337,79,19,106
338,80,18,106
337,78,19,106
337,78,19,107
336,77,20,110
337,78,19,108
334,79,23,105
334,79,21,101
336,81,19,99
333,80,22,99
336,79,21,100
337,80,19,101
336,80,18,102
337,79,18,101
336,81,19,99
333,80,24,102
334,80,21,104
334,78,18,104
334,77,18,104
332,76,21,106
335,77,18,104
336,76,19,104
336,74,22,109
336,72,26,110
336,70,30,109
336,67,33,114
336,66,38,117
338,68,42,114
338,68,48,111
337,64,54,116
339,62,57,120
340,63,65,115
337,62,75,120
337,62,87,120
335,59,87,121
337,53,93,127
333,52,103,130
330,60,112,127
332,64,112,121
325,69,122,120
326,76,122,116
324,81,118,119
323,85,121,119
324,93,117,110
318,95,118,112
311,102,127,99
306,98,131,103
303,98,137,98
304,98,133,94
305,94,124,94
310,91,124,92
315,86,126,93
321,82,128,98
323,77,136,98
326,77,146,100
327,73,146,107
328,73,149,109
329,81,151,99
332,87,150,95
332,83,169,100
315,82,189,106
332,75,188,114
341,69,176,119
346,64,171,126
362,69,160,121
367,62,137,128
367,66,145,127
378,68,117,126
382,79,118,117
383,83,108,116
386,88,106,112
390,84,99,117
408,68,95,127
414,62,83,133
417,59,76,137
419,50,67,145
402,50,72,139
395,46,75,140
387,45,80,150
378,44,91,151
372,46,86,134
369,46,101,135
358,46,88,134
363,46,65,134
366,44,59,135
371,49,49,130
363,51,54,131
364,53,48,125
369,55,36,127
361,58,40,125
361,63,35,123
358,64,41,122
361,63,34,124
359,64,35,122
355,62,38,122
348,59,43,124
352,57,40,124
345,57,46,123
349,56,40,124
352,56,37,123
351,54,37,123
351,54,35,123
346,56,41,120
347,56,38,117
350,55,31,122
348,59,32,118
348,60,32,117
347,61,31,117
342,64,35,113
343,65,33,113
341,67,36,115
339,67,35,114
341,69,33,110
342,68,28,112
339,72,35,107
338,71,31,110
336,74,31,109
336,75,28,105
334,76,29,107
335,77,28,103
335,78,27,104
334,79,27,103
334,78,27,102
333,81,26,98
334,81,25,92
334,82,24,91
334,81,25,89
331,82,24,89
333,81,24,92
333,80,25,94
332,81,24,87
334,82,24,88
332,82,25,94
333,81,24,84
333,81,24,83
333,83,26,85
332,82,23,88
334,81,24,90
332,81,25,94
333,82,24,94
332,81,25,99
333,81,27,104
331,81,24,100
332,81,25,101
333,80,24,102
333,82,25,100
333,82,24,100
332,81,24,99
331,82,26,97
332,81,26,99
332,80,24,103
332,81,25,100
333,81,26,102
333,81,24,102
334,80,25,103
331,82,25,99
331,80,25,101
333,81,27,99
334,80,21,104
333,80,25,101
332,81,23,101
333,82,24,98
333,82,25,99
333,80,25,103
334,82,24,100
332,80,24,102
333,80,25,102
333,79,24,104
332,80,25,102
331,81,25,95
333,81,26,99
332,80,24,101
334,79,23,103
