346,280,43,35
348,280,39,33
348,279,37,35
347,281,40,35
348,280,39,33
348,280,39,34
349,281,37,33
348,281,38,33
347,279,41,34
348,280,39,34
346,279,42,34
348,280,37,35
349,280,37,35
347,279,40,34
348,280,38,36
347,278,40,36
349,280,36,35
348,280,37,35
348,281,38,33
348,279,38,35
348,279,37,35
348,281,38,33
347,280,40,34
348,279,38,36
348,280,38,35
348,280,39,34
347,278,40,35
346,280,42,35
349,280,37,33
348,280,38,35
347,281,40,33
349,282,36,32
348,280,39,33
347,280,39,35
348,281,37,33
348,280,38,35
348,280,39,34
348,279,37,35
348,279,37,36
348,281,38,34
348,280,38,33
347,280,39,34
348,280,39,33
349,281,37,33
349,281,39,33
351,285,34,29
352,284,35,29
352,285,35,28
351,285,36,29
350,285,39,29
348,282,42,31
349,282,40,32
349,280,39,33
347,281,42,34
348,279,38,35
348,276,34,38
343,273,39,39
333,266,44,45
322,258,47,49
315,254,52,48
318,261,51,51
323,262,41,49
323,262,41,49
309,253,43,41
300,252,47,39
292,248,48,44
284,242,50,47
286,254,47,52
286,254,47,52
286,254,47,52
286,254,47,52
270,246,47,56
267,238,47,64
262,239,51,59
259,244,53,59
250,235,62,61
259,243,59,67
249,237,61,65
252,239,59,55
261,253,58,56
252,245,61,56
249,240,61,57
253,238,58,58
252,239,59,60
256,239,55,60
251,237,60,62
257,238,56,58
252,238,59,64
259,239,53,56
258,246,52,57
250,240,60,56
254,241,56,56
250,240,60,54
262,249,55,56
255,241,55,54
257,243,51,60
250,239,61,62
252,242,60,54
260,241,52,55
251,245,61,56
254,242,58,54
251,240,60,57
249,240,63,56
250,240,61,58
250,239,60,61
251,241,59,59
252,242,58,56
252,242,59,55
251,242,60,53
250,242,62,54
251,242,60,60
251,242,59,54
251,243,60,53
250,242,61,55
251,243,61,54
251,242,60,55
251,242,59,55
251,242,60,59
252,242,58,54
251,242,60,56
250,241,62,57
249,241,65,55
249,241,64,58
250,241,66,57
249,240,69,59
248,241,71,61
248,241,75,65
249,242,78,61
248,241,84,64
249,242,91,64
249,241,93,67
250,240,96,68
250,238,102,75
249,239,109,72
249,241,115,76
253,240,114,76
255,241,117,75
261,240,116,78
259,242,129,76
263,243,125,74
268,243,123,71
270,246,125,69
276,248,118,68
299,252,132,64
311,256,134,61
289,258,152,59
275,255,165,61
265,253,175,64
257,250,168,69
242,248,170,73
250,248,179,72
231,249,190,73
249,250,179,71
230,252,188,68
240,254,191,66
259,260,168,57
239,261,181,56
255,258,169,59
241,257,179,59
256,253,169,67
239,251,183,68
253,248,186,72
244,241,180,83
255,255,199,73
241,254,214,79
213,256,246,87
230,273,251,76
225,234,239,78
204,230,258,100
143,224,277,122
120,234,314,110
191,222,303,127
65,196,267,149
62,195,273,152
229,194,245,147
241,171,249,165
94,211,274,147
73,184,237,159
245,168,220,166
217,231,228,130
189,243,220,109
190,255,230,94
216,256,227,97
236,265,219,86
222,283,230,66
191,247,238,94
228,265,218,85
245,235,210,105
234,243,189,112
247,251,192,96
233,261,183,84
243,264,199,82
234,257,192,89
212,262,180,82
227,258,186,87
241,255,200,85
233,267,179,73
243,246,196,65
234,250,186,68
204,251,203,88
234,265,198,78
256,284,179,61
229,260,197,76
246,256,194,90
247,258,194,86
259,277,184,68
243,248,187,91
249,269,194,79
240,279,205,68
247,244,211,77
229,248,223,102
246,256,197,93
252,265,191,84
263,280,177,69
245,251,185,71
254,253,187,98
250,257,191,96
255,279,186,72
241,244,194,97
247,250,197,103
244,250,197,103
246,249,194,103
243,258,197,94
244,271,200,81
247,263,197,92
246,249,198,104
244,245,196,105
245,248,197,102
239,249,209,99
243,268,211,81
245,269,212,82
249,274,238,81
232,217,238,102
245,270,238,89
232,272,239,87
243,280,250,77
234,230,238,99
240,234,230,117
244,254,207,101
246,270,219,83
236,275,199,77
236,250,198,83
238,255,184,96
243,262,174,88
244,265,168,86
239,265,176,88
242,282,185,70
243,253,180,93
245,266,172,85
238,257,179,96
245,263,176,88
237,281,196,69
241,251,197,98
244,258,184,95
246,267,176,86
242,286,191,66
246,263,185,80
247,281,175,71
250,247,181,99
250,277,183,81
251,236,182,108
256,234,177,118
258,234,178,116
251,249,187,101
254,237,182,111
251,230,186,118
261,238,179,107
266,232,172,110
255,225,183,120
259,226,181,115
248,220,195,117
248,264,198,90
251,273,194,72
250,277,192,64
258,285,187,39
255,285,188,36
254,284,190,37
252,285,193,33
250,284,194,34
251,285,194,33
247,281,193,37
254,281,192,42
262,283,183,36
272,285,174,32
248,284,169,30
276,286,157,28
277,283,154,32
287,286,134,29
292,287,127,27
296,288,124,24
293,287,127,25
295,286,126,25
291,287,131,25
296,288,128,26
296,288,128,26
297,289,130,26
293,289,135,25
276,286,133,28
291,289,122,26
285,286,125,30
282,284,117,34
290,286,115,33
295,283,109,36
299,281,99,37
302,283,96,34
309,286,87,31
297,283,97,34
295,280,107,36
295,276,109,39
302,274,102,41
295,277,107,37
284,278,118,36
291,278,112,37
294,273,108,40
298,268,105,45
297,262,96,49
304,253,82,57
306,269,82,45
303,256,86,52
299,278,94,34
301,266,88,41
298,259,91,48
300,269,93,44
300,264,90,44
304,255,82,50
304,274,86,36
294,273,95,35
298,269,90,38
300,270,89,38
296,265,92,41
301,280,88,32
294,282,94,25
281,278,104,30
289,270,105,36
293,264,100,41
297,263,93,43
303,279,88,32
304,274,87,32
294,266,93,37
296,265,96,40
300,277,91,36
297,266,93,39
296,266,93,39
298,265,90,41
299,263,85,43
298,256,83,50
293,267,89,42
293,257,85,50
291,267,88,46
291,257,84,50
291,264,83,48
290,254,79,54
287,244,72,63
308,265,67,57
310,273,67,38
315,277,62,32
326,278,52,30
329,274,45,35
330,275,40,34
331,274,36,35
331,274,35,35
331,271,35,37
330,271,37,37
330,271,37,39
329,272,39,37
327,272,40,38
328,273,40,35
327,273,37,35
328,274,33,33
328,273,34,34
327,274,37,34
327,273,36,35
327,273,39,35
327,273,37,36
331,272,42,37
325,273,47,36
325,272,56,37
325,271,68,40
322,273,76,37
322,273,76,37
322,273,76,38
322,273,75,36
324,273,74,37
324,272,76,38
324,272,73,38
323,270,75,39
323,270,75,39
324,273,73,37
324,273,73,36
325,272,73,37
324,273,73,36
324,272,74,36
321,272,78,36
324,271,74,38
322,271,74,37
322,271,77,37
325,270,75,38
327,268,73,39
328,264,72,43
329,260,72,46
329,255,72,49
330,252,67,49
329,249,65,50
329,249,64,49
328,247,66,46
293,283,72,30
298,285,73,27
293,284,75,28
296,283,76,31
291,285,74,29
298,284,69,29
292,284,72,30
297,283,68,32
301,283,64,32
303,284,68,28
309,285,68,22
315,287,77,19
314,287,81,18
312,286,84,18
310,287,87,17
310,286,90,17
293,285,98,23
291,286,108,21
293,286,114,20
289,285,117,21
286,285,121,24
282,285,125,28
278,284,125,30
264,283,135,30
279,286,130,25
271,284,137,27
288,285,136,33
289,283,142,48
295,250,152,63
300,236,160,65
267,270,179,62
266,278,191,59
269,284,190,61
280,249,173,77
285,236,172,82
286,285,170,65
291,245,164,82
284,231,173,92
290,285,167,69
292,242,164,84
291,230,164,90
298,268,156,86
282,227,163,92
278,261,180,86
276,269,184,78
263,288,194,61
273,251,189,72
278,236,181,93
287,224,170,96
280,271,182,80
277,289,184,63
249,260,204,65
248,256,213,74
249,266,207,72
245,286,219,59
255,246,207,83
247,238,216,112
253,217,203,133
253,207,203,148
251,226,208,130
253,231,202,118
253,230,201,125
258,242,198,106
258,248,197,99
260,254,199,94
263,260,195,87
266,260,191,86
264,263,192,80
255,265,203,80
263,264,193,83
260,267,197,83
271,236,183,78
279,253,175,62
289,266,162,52
301,268,147,46
304,267,145,47
310,269,136,47
299,263,148,58
305,266,141,51
309,269,136,51
317,270,126,47
334,270,108,43
327,270,97,44
334,269,86,45
337,270,79,41
340,267,73,50
338,268,71,44
340,267,68,49
340,265,64,51
341,263,63,54
339,261,63,55
340,261,59,55
340,262,58,56
340,269,57,49
340,272,60,44
341,272,59,43
341,271,58,45
340,273,59,42
341,273,55,41
341,272,53,43
341,272,51,43
342,273,49,42
342,273,46,41
344,273,37,39
345,275,35,34
345,274,35,32
347,274,33,32
349,273,32,32
349,272,34,33
350,271,34,33
352,272,33,32
355,272,31,33
356,272,33,33
359,272,33,34
362,273,32,34
365,273,36,34
369,273,37,35
374,276,38,33
377,274,39,36
379,275,40,36
382,276,36,36
382,277,37,35
381,278,39,36
382,280,36,34
380,280,38,37
379,280,39,42
373,280,42,47
369,274,41,48
360,281,46,40
358,282,39,36
349,282,44,36
344,281,43,37
339,281,42,35
337,279,41,37
337,278,39,37
338,278,38,36
338,277,38,36
340,277,39,36
341,277,40,36
346,277,39,35
349,275,39,37
353,272,39,40
356,267,42,47
358,263,44,52
362,262,49,55
370,265,47,50
378,264,44,54
384,268,45,50
390,267,48,55
395,270,49,53
403,271,49,54
408,272,52,56
414,275,53,55
418,275,48,58
428,281,41,54
431,288,36,48
438,291,29,45
441,294,26,51
441,294,26,51
441,294,26,51
444,289,22,53
444,289,22,53
444,289,22,53
434,292,24,60
433,297,29,58
424,300,38,56
409,306,45,47
400,308,50,44
392,307,48,44
382,304,48,46
374,302,50,46
366,300,49,47
360,299,50,46
355,297,50,45
351,295,47,45
352,296,46,45
348,295,45,43
348,294,45,45
345,294,43,43
342,292,45,42
341,291,43,38
339,288,44,40
338,287,41,36
336,285,41,36
335,284,41,36
336,281,39,36
337,279,37,36
338,278,36,35
338,277,39,36
341,277,38,34
343,277,38,33
345,276,38,34
347,276,37,34
348,277,36,32
348,278,36,32
349,278,35,32
348,277,36,33
348,277,37,33
347,277,37,33
347,276,36,33
345,276,38,33
346,276,36,33
345,275,37,35
344,276,39,33
345,276,36,33
345,277,36,32
346,277,35,32
345,276,36,34
346,277,35,32
346,277,37,33
348,276,36,33
351,277,36,33
354,277,35,33
356,277,35,32
358,277,35,32
358,277,35,32
359,278,33,31
358,276,36,33
358,277,34,33
359,277,33,32
358,277,34,32
358,277,35,32
358,278,34,31
359,277,34,32
358,277,35,32
358,276,34,33
358,277,34,33
358,276,35,33
358,275,34,34
358,276,34,33
358,277,34,32
358,276,34,33
359,277,33,31
357,276,35,32
358,276,34,33
358,277,34,32
358,277,34,32
358,277,35,32
358,277,34,33
358,277,35,33
357,277,35,33
359,277,33,32
358,277,34,32
357,277,35,33
358,278,34,32
358,277,34,32
357,276,35,34
357,277,36,33
358,277,34,33
359,276,32,33
359,277,33,32
359,277,33,32
359,277,33,32
357,278,36,32
358,277,34,32
358,276,34,34
358,277,34,33
358,277,34,32
358,276,34,33
358,276,35,33
358,278,34,32
358,277,35,32
358,277,35,32
357,277,37,33
358,278,35,30
358,278,37,31
357,279,36,31
357,276,36,32
357,277,36,35
358,277,34,33
357,277,36,33
357,277,36,33
358,277,35,32
358,278,34,31
359,277,34,32
359,277,33,32
357,278,36,31
358,278,35,31
358,277,35,32
357,277,36,31
358,278,36,31
358,278,36,31
357,278,37,31
359,280,34,29
358,278,35,31
357,278,36,32
358,278,35,31
358,278,36,31
358,279,36,30
358,278,35,31
358,278,36,30
358,279,35,30
358,277,36,32
358,279,35,31
358,277,35,32
358,278,35,31
358,279,35,30
357,277,35,32
358,278,36,31
358,279,35,30
358,278,36,31
358,279,35,30
358,277,36,32
357,277,36,32
357,278,36,31
358,279,35,30
358,278,35,31
358,278,33,32
358,278,34,31
357,277,36,32
357,278,35,31
357,277,36,32
357,277,36,32
358,278,34,32
359,277,33,33
359,277,33,35
358,277,34,35
358,277,35,34
358,277,36,33
358,277,36,32
357,277,37,32
358,278,34,30
358,278,36,31
357,277,35,33
357,278,37,32
358,278,36,31
357,279,38,30
357,278,36,31
357,279,36,30
359,279,34,30
358,278,35,31
359,279,34,30
358,278,35,31
356,277,37,32
357,278,36,31
359,279,34,29
358,278,36,31
358,279,36,30
357,279,37,30
358,279,35,30
357,277,37,31
357,278,37,31
358,278,35,31
357,278,37,31
358,278,36,31
356,278,39,31
357,278,37,31
359,277,34,32
358,278,36,30
358,277,36,32
358,278,36,31
358,279,36,30
358,280,36,29
358,280,36,29
358,278,35,30
358,279,37,30
357,280,38,30
358,278,36,31
358,279,36,30
357,278,39,30
358,279,36,30
357,278,37,32
358,278,35,30
358,278,35,31
358,278,36,32
358,278,36,30
357,277,37,32
358,277,36,31
357,278,37,31
358,278,36,31
358,279,36,30
357,279,37,30
357,279,37,30
358,280,34,29
358,279,35,29
358,279,35,30
359,279,35,31
357,278,37,31
358,279,35,31
358,278,35,30
358,279,35,30
358,277,34,32
358,278,34,30
358,278,35,31
358,277,35,31
358,277,36,32
358,277,35,32
358,277,37,32
358,277,36,32
357,277,38,33
356,277,38,33
358,277,36,33
358,277,34,34
357,278,36,32
359,278,33,32
358,278,34,31
358,278,33,31
359,278,33,32
359,277,33,33
358,277,35,32
358,278,34,32
358,277,34,33
358,277,34,33
358,277,35,32
358,278,33,31
358,278,34,31
359,279,33,31
358,277,34,32
358,277,35,32
358,277,34,32
356,277,38,33
357,277,36,32
358,277,34,33
358,278,34,32
359,278,32,32
358,277,34,32
358,276,35,33
357,276,36,33
357,277,36,32
359,279,34,31
359,277,33,32
358,277,35,33
358,278,34,32
357,278,37,32
358,278,34,32
359,277,34,32
357,277,36,33
358,277,35,32
358,277,35,33
358,276,35,34
357,276,38,34
358,276,35,34
359,276,34,34
359,276,33,34
358,277,35,33
356,274,43,35
356,272,52,38
354,270,63,39
350,269,68,39
351,268,66,40
350,267,65,38
349,264,65,40
344,261,68,44
345,258,67,36
345,258,67,36
345,258,67,36
345,258,67,36
345,258,67,36
345,258,67,36
345,258,67,36
345,258,67,36
345,258,67,36
345,258,67,36
345,258,67,36
345,258,67,36
345,258,67,36
345,258,67,36
345,258,67,36
345,258,67,36
345,258,67,36
345,258,67,36
345,258,67,36
345,258,67,36
345,258,67,36
345,258,67,36
345,258,67,36
345,258,67,36
345,258,67,36
345,258,67,36
345,258,67,36
345,258,67,36
345,258,67,36
345,258,67,36
345,258,67,36
345,258,67,36
345,258,67,36
345,258,67,36
345,258,67,36
345,258,67,36
345,258,67,36
345,258,67,36
345,258,67,36
345,258,67,36
345,258,67,36
313,188,55,38
310,184,57,38
313,182,50,39
312,181,52,39
311,181,51,37
310,180,50,39
307,180,54,38
305,181,54,41
304,181,54,41
304,181,54,41
304,181,54,41
304,181,54,41
304,181,54,41
304,181,54,41
304,181,54,41
304,181,54,41
304,181,54,41
304,181,54,41
304,181,54,41
304,181,54,41
285,193,57,47
285,193,57,47
285,193,57,47
285,193,57,47
285,193,57,47
285,193,57,47
285,193,57,47
285,193,57,47
285,193,57,47
285,193,57,47
282,198,58,45
282,198,58,45
282,198,58,45
284,200,58,42
284,200,58,42
284,200,58,42
284,200,58,42
284,200,58,42
284,200,58,42
284,200,58,42
284,200,58,42
284,200,58,42
284,200,58,42
284,200,58,42
284,200,58,42
284,200,58,42
284,200,58,42
284,200,58,42
284,200,58,42
284,200,58,42
285,199,55,43
285,199,55,43
285,199,55,43
287,198,55,43
287,198,55,43
287,198,55,43
289,197,53,42
289,198,52,41
289,198,54,41
289,198,54,41
289,198,54,41
289,198,54,41
289,198,54,41
289,198,54,41
289,198,54,41
289,198,54,41
289,198,54,41
289,198,54,41
289,198,54,41
289,198,54,41
289,198,54,41
289,198,54,41
289,198,54,41
289,198,54,41
289,198,54,41
289,198,54,41
289,198,54,41
289,198,54,41
289,198,54,41
289,198,54,41
289,198,54,41
289,198,54,41
289,198,54,41
289,198,54,41
289,198,54,41
289,198,54,41
289,198,54,41
289,198,54,41
289,198,54,41
289,198,54,41
289,198,54,41
289,198,54,41
289,198,54,41
289,198,54,41
289,198,54,41
289,198,54,41
289,198,54,41
289,198,54,41
289,198,54,41
289,198,54,41
289,198,54,41
289,198,54,41
289,198,54,41
289,198,54,41
289,198,54,41
289,198,54,41
289,198,54,41
289,198,54,41
289,198,54,41
289,198,54,41
289,198,54,41
289,198,54,41
289,198,54,41
289,198,54,41
289,198,54,41
289,198,54,41
289,198,54,41
289,198,54,41
289,198,54,41
289,198,54,41
289,198,54,41
289,198,54,41
289,198,54,41
289,198,54,41
289,198,54,41
289,198,54,41
289,198,54,41
289,198,54,41
289,198,54,41
289,198,54,41
289,198,54,41
289,198,54,41
289,198,54,41
289,198,54,41
289,198,54,41
289,198,54,41
289,198,54,41
289,198,54,41
289,198,54,41
289,198,54,41
289,198,54,41
289,198,54,41
289,198,54,41
289,198,54,41
289,198,54,41
289,198,54,41
289,198,54,41
289,198,54,41
289,198,54,41
289,198,54,41
289,198,54,41
289,198,54,41
347,257,58,48
346,262,68,44
349,263,65,43
351,267,62,42
353,267,60,44
355,270,59,44
357,271,57,43
355,271,59,44
356,271,58,44
355,271,59,43
355,272,57,43
354,273,59,41
354,273,60,42
355,274,59,43
354,278,60,38
353,278,62,37
354,282,59,33
348,280,50,35
353,280,43,33
355,280,39,34
357,280,36,34
357,280,35,34
356,281,36,33
358,281,35,33
357,282,35,33
357,282,36,32
356,281,36,33
358,281,34,33
356,281,36,34
357,281,36,34
358,281,34,33
356,281,36,34
357,282,36,33
357,281,36,34
357,281,35,34
357,282,35,32
357,281,35,33
356,280,37,34
357,281,36,34
358,282,33,32
357,281,36,34
357,281,36,33
357,281,36,32
357,282,35,34
357,280,35,35
357,281,35,34
357,281,35,33
358,281,35,33
357,280,36,35
357,279,35,35
356,281,37,34
356,279,39,35
358,280,39,34
360,280,43,34
365,281,40,36
372,284,46,33
379,285,48,35
384,287,46,33
392,287,41,34
398,286,43,37
403,286,45,39
411,288,42,39
419,290,41,39
425,291,43,39
430,291,42,40
435,292,42,40
438,293,43,40
441,295,42,39
442,295,42,37
443,295,41,37
441,296,42,36
442,295,41,37
441,294,42,38
442,295,41,38
442,295,41,37
441,294,42,39
441,294,42,39
440,294,43,39
442,297,41,35
442,295,40,38
440,294,43,40
441,293,43,40
440,293,43,40
441,293,42,40
441,294,41,40
440,294,42,40
441,295,41,39
441,296,43,37
441,294,43,39
441,295,42,39
442,295,41,39
441,294,41,39
441,294,41,39
440,293,43,41
440,293,44,40
441,295,42,39
441,295,42,39
440,294,42,39
440,294,43,40
441,295,41,39
441,293,42,41
440,293,43,40
440,293,43,40
440,293,44,41
440,293,44,41
441,294,42,40
441,295,41,38
441,295,42,38
441,295,41,38
440,294,44,40
440,294,44,40
440,294,43,39
440,293,44,40
441,295,41,38
441,294,43,40
441,295,42,38
441,296,41,38
440,293,43,41
441,295,41,39
442,294,40,39
441,295,43,39
441,294,42,39
442,294,40,40
441,294,41,41
441,295,41,38
441,295,41,39
440,295,43,39
441,296,42,38
441,296,43,38
440,294,43,39
440,294,43,40
440,294,43,39
441,295,42,39
441,296,41,37
442,294,41,39
442,295,41,38
442,295,41,38
442,295,40,38
442,294,41,38
442,295,41,38
442,295,41,38
441,295,42,38
442,296,42,36
442,293,42,39
442,294,41,39
441,294,42,39
441,295,43,38
440,294,44,39
441,295,42,38
441,296,42,37
441,296,43,36
441,297,43,36
442,297,42,36
441,299,45,33
443,299,41,33
442,297,42,35
443,298,39,35
442,296,40,37
442,297,40,35
441,292,42,41
439,292,43,40
441,294,40,39
441,294,41,39
441,294,40,39
442,297,40,36
441,294,42,39
441,294,41,38
442,297,39,34
441,294,41,39
442,297,39,35
441,294,42,38
441,293,41,40
441,294,40,38
441,294,42,39
441,293,42,39
440,292,43,41
437,292,46,41
433,292,50,42
433,291,50,41
438,294,46,38
438,293,46,40
440,294,44,39
441,294,42,38
442,295,42,37
441,296,45,36
441,295,47,37
441,295,51,37
440,291,56,42
439,284,60,49
434,282,67,51
430,281,73,53
420,280,83,52
418,276,84,54
413,272,90,60
410,270,95,58
395,269,90,62
397,259,71,70
393,255,64,67
385,249,57,77
330,274,54,67
364,243,67,65
352,241,65,55
342,239,62,52
335,239,59,48
327,232,59,57
324,233,57,56
309,218,58,70
313,230,62,59
305,221,70,66
304,231,74,60
304,234,73,55
305,234,71,54
303,234,71,55
304,233,73,55
303,233,73,55
302,233,74,54
304,232,74,55
304,232,74,55
304,232,74,55
304,232,74,55
304,232,74,55
304,232,74,55
304,232,74,55
304,232,74,55
318,225,66,63
321,225,60,64
320,223,60,68
320,223,60,68
320,223,60,68
319,225,62,64
319,225,64,64
320,226,63,63
321,226,63,61
321,228,64,58
321,227,63,59
322,227,62,60
322,227,61,60
324,227,59,59
324,227,60,59
323,225,62,61
323,225,62,62
323,225,59,61
321,224,63,64
322,224,63,64
324,223,59,65
325,221,56,68
326,221,56,68
325,220,56,70
325,219,55,71
325,219,53,71
324,216,54,68
324,220,56,69
322,219,58,69
323,217,54,63
323,219,56,71
322,223,58,65
321,220,59,70
321,222,58,65
320,223,60,66
321,226,58,63
321,226,60,63
320,225,62,63
318,226,64,62
318,227,65,63
319,226,62,62
318,227,63,61
318,226,63,61
316,224,65,64
315,226,67,62
320,225,63,63
321,226,60,62
321,227,60,61
321,226,61,63
319,226,63,62
320,227,61,61
317,226,67,63
316,227,67,61
311,228,73,60
316,228,66,60
315,229,68,58
316,231,67,57
316,230,68,59
315,229,68,60
317,229,65,59
316,228,68,58
317,227,66,61
318,226,63,61
318,224,67,65
319,225,65,63
319,225,63,63
319,223,64,66
318,221,66,67
317,221,67,69
316,220,69,70
316,221,69,67
314,223,70,66
315,224,69,63
314,227,72,62
313,228,73,61
314,226,70,63
314,229,71,61
312,230,73,59
312,228,72,61
312,228,72,60
314,229,70,60
313,228,71,61
312,228,72,60
312,228,72,60
310,228,73,59
310,228,74,60
309,228,75,59
310,228,72,59
314,227,66,59
311,228,68,59
309,228,70,60
309,227,72,60
310,227,69,60
310,228,70,60
305,226,76,61
306,229,73,59
304,227,76,60
308,227,73,60
306,227,73,60
305,226,75,62
307,226,75,62
305,225,75,62
308,225,71,63
306,228,73,60
305,226,74,62
304,226,74,62
304,228,73,60
304,228,74,60
302,229,76,59
303,229,76,59
305,226,73,61
306,225,71,63
307,224,70,63
307,230,73,58
306,229,72,58
304,228,76,60
307,230,72,57
306,229,72,57
306,231,73,55
303,228,76,59
304,231,77,57
303,234,78,54
302,234,80,53
305,236,75,52
304,235,78,53
305,235,77,52
306,236,77,51
308,235,75,53
309,235,75,53
312,236,71,52
308,235,76,53
306,235,78,53
304,234,80,54
305,233,78,55
308,234,75,54
306,231,74,56
305,229,76,59
304,229,76,59
307,228,74,61
308,227,72,61
314,229,67,58
310,227,71,60
312,227,68,61
310,225,71,62
312,226,69,61
310,228,71,60
312,227,69,60
312,229,68,59
311,228,70,59
314,227,67,60
315,228,67,59
316,226,64,60
317,225,63,63
315,226,65,61
315,224,64,63
311,223,69,64
311,223,68,64
310,219,69,69
312,215,66,72
314,217,64,72
313,217,65,71
316,219,62,69
316,216,60,71
312,215,66,73
314,217,63,71
314,217,62,71
313,215,63,71
312,220,65,69
310,217,68,68
311,219,65,70
312,219,64,68
311,219,65,68
310,220,70,67
312,221,66,66
312,220,66,67
314,221,65,66
314,225,69,64
314,219,67,69
315,228,71,60
316,227,69,61
316,223,69,66
319,223,66,66
321,227,68,63
324,231,65,58
324,231,66,58
324,234,70,55
328,237,68,53
333,242,65,47
334,247,69,45
335,249,71,46
336,253,73,45
338,257,74,43
340,260,73,46
342,263,72,42
344,266,73,43
344,269,74,41
346,272,74,40
347,272,74,42
351,275,75,40
353,270,84,46
355,270,87,48
356,268,89,49
356,268,90,49
355,270,92,47
365,269,93,48
353,270,99,44
339,272,97,42
343,278,86,37
341,280,83,33
340,281,81,32
340,282,71,31
341,281,61,32
353,281,52,32
356,278,41,36
358,279,38,36
358,279,38,35
357,279,40,35
359,279,37,35
358,278,37,35
360,279,36,34
361,280,37,36
365,280,34,36
366,280,36,37
369,280,35,38
372,281,35,38
374,282,37,38
379,283,36,37
384,284,35,37
387,284,36,38
391,285,35,39
396,285,35,38
401,286,34,38
404,287,34,39
407,287,34,38
409,288,38,38
410,288,39,37
412,288,38,37
413,289,37,37
412,288,38,37
412,288,39,37
412,288,39,37
413,288,38,38
412,288,38,37
412,289,39,36
412,288,39,37
412,289,39,36
413,289,37,36
412,289,39,36
413,288,38,37
412,288,39,37
413,289,37,36
412,289,38,37
412,288,39,37
412,288,37,38
411,288,38,38
412,288,38,37
410,288,40,38
412,288,39,38
413,288,37,38
411,289,40,36
412,288,38,37
413,288,37,38
411,288,39,38
413,289,37,37
411,288,38,38
413,288,37,38
412,289,38,38
412,289,37,37
413,289,37,37
413,289,37,37
411,289,39,37
413,289,37,38
412,289,38,36
412,289,38,37
413,288,36,38
413,288,37,38
412,288,38,38
412,288,38,38
411,288,40,37
413,288,37,38
411,289,38,37
412,288,39,38
412,289,38,37
411,289,39,36
412,288,38,38
413,288,36,38
412,288,39,37
413,289,37,38
413,288,37,38
412,289,38,37
411,288,40,38
410,288,40,39
411,289,39,37
412,289,38,37
412,289,37,36
413,288,36,38
412,288,38,38
411,288,39,38
412,289,38,38
412,288,37,38
411,288,39,38
412,289,38,37
412,289,39,38
412,289,38,37
412,289,38,37
411,289,38,37
412,289,38,37
412,288,37,38
412,289,39,37
412,288,38,39
412,289,39,37
412,289,38,37
412,289,37,37
412,288,38,38
412,289,38,37
412,288,38,37
411,289,40,37
411,289,40,37
411,288,39,38
411,288,40,38
412,288,39,37
412,287,38,39
413,288,37,38
414,289,36,37
412,288,39,37
413,289,37,37
412,288,38,37
413,288,37,37
412,288,38,38
413,289,38,37
411,289,39,37
412,289,38,37
411,288,40,38
412,287,38,38
410,287,40,38
411,287,39,38
411,287,39,39
412,287,38,39
411,286,40,39
412,286,39,40
412,287,37,39
412,288,38,38
411,287,39,38
412,286,38,40
411,287,40,40
412,286,38,40
412,286,38,40
412,288,38,37
411,288,40,38
