376,14,76,241
367,25,92,217
373,24,91,215
377,25,94,216
369,24,108,216
365,28,114,218
366,23,130,226
363,24,150,222
366,31,152,225
367,22,156,232
363,14,168,242
364,14,167,248
358,19,174,228
366,15,165,244
359,18,189,228
356,13,196,231
358,9,181,251
362,18,173,250
362,21,185,256
354,13,183,259
358,12,175,269
363,17,173,261
360,14,174,261
364,15,169,262
367,24,197,244
364,28,191,245
361,12,173,256
360,18,199,251
554,58,145,223
358,12,123,246
365,4,79,246
367,3,69,244
364,-2,67,246
428,43,48,244
380,14,61,233
364,-1,69,252
364,-1,65,249
365,-3,65,248
421,33,74,253
368,32,71,236
361,9,73,242
364,0,68,250
366,-1,64,250
362,-2,71,243
363,-1,68,248
362,-4,70,248
362,-1,71,247
361,-1,71,251
364,-1,70,245
363,-1,68,249
364,-1,71,243
366,0,66,243
361,-4,71,253
365,0,71,250
365,-1,68,251
363,-4,68,250
365,0,66,243
363,-3,70,246
363,-3,68,249
364,-1,69,245
361,-1,68,247
364,-4,69,255
364,-4,65,250
361,-3,67,245
366,-2,66,255
360,-4,70,256
364,-4,68,254
363,-5,69,259
362,-3,71,249
364,1,69,244
366,-2,68,247
365,-2,66,246
365,-3,68,249
362,1,75,245
365,0,68,250
360,-5,73,256
365,1,67,246
361,-4,70,257
365,1,71,245
363,-3,71,248
367,1,64,248
364,-1,67,248
364,-2,66,252
361,-2,69,253
363,0,71,244
364,0,67,243
361,-4,71,245
366,1,69,242
364,-3,68,245
364,1,70,244
364,-2,67,248
364,-2,70,247
363,-2,70,256
364,-5,68,258
362,-1,73,250
364,4,71,240
363,0,67,245
361,-4,71,248
367,1,67,243
364,-4,70,245
364,0,68,250
366,-3,68,246
364,-2,72,242
367,1,67,242
365,-4,69,242
361,0,76,244
363,1,77,244
365,0,74,245
369,0,69,245
364,1,78,241
366,4,72,240
369,-2,68,250
366,2,78,238
367,4,74,240
364,0,79,244
365,1,73,244
365,2,80,240
365,2,74,243
363,2,78,243
369,4,72,236
367,1,68,241
366,-2,71,244
364,1,77,241
363,2,78,246
366,1,71,245
364,0,76,244
364,1,78,241
365,2,73,242
362,1,77,239
367,4,78,239
363,1,74,241
364,3,81,237
363,3,78,243
363,2,76,240
362,1,82,242
364,2,72,246
367,2,74,239
365,1,76,240
363,3,76,242
367,3,74,238
365,5,75,237
366,4,73,240
366,-2,73,248
367,2,72,241
363,2,80,243
366,2,72,241
365,3,77,240
368,4,70,239
363,-1,78,248
361,4,81,240
366,4,74,241
365,1,71,244
364,2,77,241
365,0,74,243
365,1,78,242
366,2,72,246
364,-1,77,247
366,0,68,252
366,-5,69,253
367,-2,66,248
364,-5,69,245
368,0,64,249
363,-2,68,246
365,0,65,242
361,-2,68,248
360,-4,69,252
363,-4,66,257
368,-5,58,248
359,-1,72,244
365,0,66,244
362,-4,68,248
364,-1,65,247
362,-3,67,251
362,-3,66,248
362,-2,71,253
366,-1,66,250
362,-3,68,247
370,-2,61,248
367,-4,64,254
368,0,61,244
366,0,72,246
364,4,85,245
371,27,128,229
372,31,129,229
370,23,128,243
369,20,128,250
371,17,123,258
371,15,122,262
371,25,127,247
376,20,118,253
388,31,101,234
373,21,120,250
381,14,109,262
392,16,100,251
373,9,119,263
382,16,109,272
378,11,111,262
374,25,111,263
380,24,104,258
377,16,107,270
378,14,105,275
375,28,106,264
371,23,107,280
370,18,108,293
366,10,109,297
368,21,104,289
360,15,119,294
358,26,117,290
359,24,109,290
356,21,110,301
348,16,115,306
353,10,104,312
347,11,105,296
335,10,119,295
326,16,126,327
337,5,108,311
332,6,106,325
330,6,109,315
340,11,90,287
330,16,98,255
325,23,97,253
322,11,95,265
320,10,91,277
316,4,93,294
316,5,88,309
317,7,109,331
309,8,100,341
297,6,100,347
297,3,102,358
288,2,105,351
288,6,99,363
287,2,96,358
285,3,88,366
273,6,110,360
266,2,110,353
258,6,109,346
254,4,107,315
238,11,126,284
228,28,134,272
223,23,135,266
219,26,145,268
207,33,164,258
205,22,165,285
185,25,180,277
174,33,187,266
194,36,160,259
193,37,152,260
184,34,164,284
191,29,146,287
194,34,138,288
200,30,127,301
197,33,129,309
192,30,139,301
194,35,130,309
194,35,126,323
188,32,135,330
188,21,137,350
187,19,135,360
186,20,137,351
180,16,147,380
186,18,142,392
183,14,148,400
183,14,149,403
178,15,155,406
174,14,160,398
174,21,163,371
172,16,163,353
177,16,162,387
176,15,174,402
184,9,162,402
186,14,168,372
191,9,165,395
198,15,162,408
197,3,161,422
202,9,168,418
203,6,163,425
219,5,156,413
225,3,145,430
226,6,158,412
234,2,157,418
243,7,149,424
247,4,150,422
257,3,144,405
264,1,150,426
273,-1,148,408
281,9,146,368
289,5,139,358
292,9,144,333
302,10,134,320
311,6,171,349
315,4,141,384
316,3,179,385
331,6,174,406
330,8,179,399
330,8,191,421
338,3,195,422
351,17,205,417
353,16,203,417
361,20,194,412
376,15,191,412
378,13,189,409
389,14,191,414
392,12,196,410
391,17,212,418
408,15,194,417
398,8,215,419
399,3,234,423
420,7,208,437
397,10,237,427
379,5,268,409
421,9,220,363
423,6,219,355
405,5,244,391
401,9,252,416
382,11,263,396
381,10,263,390
383,9,263,400
373,12,269,366
370,12,280,333
370,9,275,337
374,8,272,340
371,11,280,333
387,10,267,372
378,17,271,366
369,21,291,388
385,19,273,358
372,12,286,359
367,11,301,363
360,7,299,366
355,6,321,383
365,12,299,375
349,12,316,370
344,10,326,375
341,12,338,379
337,11,338,386
324,8,350,362
335,16,338,369
328,6,368,391
319,12,372,355
351,17,344,333
300,17,382,315
330,15,372,298
287,16,403,271
327,11,377,302
282,17,412,283
285,16,410,297
318,15,384,286
409,14,288,306
273,33,292,263
240,12,244,283
249,22,190,273
256,15,145,290
257,21,153,299
255,21,148,315
253,21,150,283
257,27,141,309
242,7,169,319
243,9,146,327
238,24,157,290
235,20,154,268
226,20,190,269
221,30,201,248
214,44,159,226
214,40,158,250
210,37,149,252
203,32,153,274
196,23,188,302
192,15,227,313
192,24,237,297
195,24,231,291
188,20,240,295
184,18,234,303
190,19,229,310
189,24,220,303
193,20,217,284
201,23,210,262
205,16,206,291
215,25,166,294
220,21,181,315
224,18,160,304
230,14,180,299
235,19,136,290
241,16,153,283
246,14,131,292
250,17,137,289
262,14,135,294
263,4,137,316
266,8,136,307
270,6,137,307
265,7,169,301
271,10,147,317
277,10,160,303
273,8,157,305
244,10,189,310
220,14,214,329
220,18,223,311
194,18,265,327
179,14,296,312
178,18,321,306
176,17,355,307
168,18,352,304
146,15,378,349
142,16,426,394
123,14,465,402
103,7,462,387
56,20,516,399
42,20,541,384
44,32,543,389
52,33,532,384
32,29,539,381
38,35,543,378
23,26,574,377
10,31,606,388
17,22,588,377
13,36,586,377
15,25,598,371
17,30,597,384
15,41,609,384
15,35,609,362
12,25,620,375
24,40,618,367
32,37,598,362
40,27,591,389
34,32,595,377
34,27,606,361
51,39,595,340
61,21,571,378
62,19,588,325
61,22,622,381
68,18,651,365
70,34,667,377
79,18,605,383
89,14,618,371
88,26,620,389
107,5,605,373
108,19,621,394
130,11,563,321
78,12,607,349
127,14,574,275
93,17,605,293
129,16,588,300
137,18,594,289
128,15,614,301
149,17,593,290
138,15,583,304
158,7,568,323
151,18,587,318
157,5,579,333
158,16,581,363
160,2,579,405
157,9,583,365
166,8,578,407
183,9,553,338
164,15,576,380
159,11,594,332
154,20,596,358
167,14,563,394
166,8,584,366
161,12,588,337
147,10,597,376
154,4,601,380
153,6,592,390
157,13,598,372
158,0,599,400
141,7,611,382
149,2,615,385
151,17,607,389
144,0,608,388
159,17,602,337
6,20,554,395
147,11,610,405
161,-9,602,424
49,13,519,415
100,30,438,397
73,24,408,375
179,47,315,358
180,31,298,382
188,22,289,397
205,27,268,391
199,22,283,392
218,25,273,390
218,30,278,377
236,37,258,369
220,45,268,354
248,42,255,350
243,12,245,370
278,8,231,402
257,16,239,376
274,2,227,404
308,7,194,412
280,2,221,410
287,4,214,399
285,12,211,368
285,0,235,384
295,13,231,400
321,16,214,410
319,2,202,415
312,6,239,418
317,7,233,422
310,8,267,416
319,23,256,394
316,10,271,391
316,18,269,389
309,16,300,387
305,11,363,391
292,22,356,382
292,11,333,389
293,17,371,370
282,18,394,370
280,24,378,352
264,18,431,368
257,20,424,354
244,24,435,326
236,17,455,342
218,24,472,348
203,23,503,350
186,23,513,343
177,21,534,353
171,33,552,328
141,25,583,338
149,38,581,326
132,42,586,260
137,36,597,274
134,53,608,262
137,46,615,277
132,46,613,281
128,63,616,263
138,38,603,280
130,66,613,281
124,25,633,318
115,49,631,321
129,28,628,322
112,34,641,323
94,50,666,312
119,14,641,356
74,32,686,375
76,32,697,367
44,50,716,371
115,39,665,366
78,59,697,345
107,20,666,391
63,80,701,315
25,104,693,284
134,58,634,341
201,59,573,345
247,73,522,343
277,71,486,351
307,59,424,341
200,72,452,337
237,101,419,319
262,101,383,301
275,100,373,313
349,111,302,308
368,113,287,314
376,123,280,298
388,126,265,287
391,130,262,295
385,136,264,264
388,139,266,243
385,147,269,254
386,148,261,249
398,161,257,248
347,178,290,223
414,209,256,209
404,213,269,210
417,226,260,201
416,250,281,181
419,227,282,200
423,220,284,208
428,212,282,220
447,206,249,229
451,208,244,221
475,216,258,213
296,32,310,209
515,162,259,259
540,229,233,205
296,12,270,221
328,20,273,194
290,5,278,236
299,12,301,254
337,15,286,267
337,6,358,263
288,8,406,264
297,93,496,266
234,95,552,289
247,91,539,325
205,137,586,269
212,136,591,278
205,140,606,277
187,60,616,347
173,33,617,393
9,77,724,351
42,75,736,344
12,101,773,324
8,143,773,284
-3,137,805,291
-1,138,795,292
18,151,766,276
7,143,774,290
4,168,793,263
11,179,766,239
5,162,774,270
5,125,794,306
0,185,770,236
19,200,772,224
8,224,785,206
61,134,754,283
9,175,781,249
10,195,775,225
5,198,801,215
-1,180,792,250
8,212,780,216
48,107,769,306
14,151,780,270
13,167,782,257
15,187,780,241
19,242,767,167
104,141,722,228
15,174,772,247
5,180,790,253
10,172,780,246
14,184,778,243
7,184,777,246
10,168,777,242
0,189,793,238
4,197,788,220
17,208,763,208
1,195,797,217
20,263,779,157
111,162,705,177
126,144,695,194
119,119,694,271
30,121,765,295
22,86,771,336
61,62,734,350
71,50,742,359
47,35,720,377
45,28,746,387
92,31,715,378
18,58,778,370
52,52,749,349
39,41,762,375
86,29,704,371
119,36,630,338
148,17,612,291
146,113,636,303
124,60,661,347
107,33,667,366
51,12,713,407
146,42,668,329
35,60,753,365
51,28,732,394
19,7,749,403
3,31,750,386
3,39,759,376
0,38,753,382
-13,7,737,405
166,49,664,355
62,11,702,418
72,37,690,373
34,46,738,379
0,7,743,391
12,46,752,364
3,22,764,393
-11,26,769,380
14,7,754,402
0,26,769,379
4,11,784,403
16,40,752,366
5,44,766,375
12,19,766,398
-9,44,783,366
19,75,721,336
84,32,698,392
68,25,689,390
141,21,625,385
199,21,532,395
280,21,445,382
328,27,415,384
344,26,403,393
223,6,373,335
364,18,335,389
384,33,309,388
399,18,260,393
408,10,214,401
411,2,167,408
434,9,151,371
438,11,148,344
450,11,144,358
448,9,163,350
457,13,149,354
464,8,142,355
465,10,152,341
471,15,146,338
474,13,143,343
477,10,144,355
477,11,153,355
474,7,154,353
474,12,156,340
480,12,145,349
479,10,170,356
486,12,156,371
480,11,144,353
479,10,166,354
478,11,153,356
480,6,150,359
485,8,140,360
485,5,151,353
486,5,145,355
490,10,142,354
486,6,155,348
487,10,141,356
487,6,147,361
493,3,133,360
491,2,135,364
489,0,141,368
489,-3,140,358
490,-4,132,359
491,0,131,357
493,5,125,348
494,4,124,352
492,5,119,363
484,6,118,355
485,10,115,339
483,7,113,351
477,5,113,364
484,3,105,368
487,0,104,378
480,1,106,369
476,-5,104,375
475,6,103,357
473,4,102,356
466,9,109,346
464,7,111,347
455,4,117,356
460,7,110,359
452,8,119,358
444,9,124,346
442,12,124,348
432,13,132,342
433,8,125,345
424,10,137,350
413,12,139,342
420,9,119,337
411,8,124,350
386,4,144,354
383,2,137,352
377,3,134,338
381,6,123,350
375,3,117,341
363,3,124,326
362,0,119,313
360,10,116,301
354,6,119,308
337,2,125,335
304,-4,161,318
310,-1,155,364
310,13,152,373
323,-2,134,365
335,6,114,367
318,4,125,370
314,3,119,368
309,5,117,361
304,9,111,361
298,9,117,354
297,8,109,361
295,8,110,360
292,11,102,339
289,5,105,347
279,12,111,358
281,8,106,346
274,5,109,365
271,10,112,345
269,7,109,350
261,4,114,367
259,11,122,355
257,12,115,321
251,20,125,283
248,18,121,279
244,23,125,279
243,20,122,286
238,24,126,286
237,27,125,261
233,29,125,245
232,30,128,253
231,30,125,241
229,39,125,245
228,31,114,251
225,39,120,242
220,40,119,244
224,47,109,242
216,48,111,257
215,51,115,250
213,53,107,274
205,50,117,247
200,53,116,246
197,58,122,236
185,61,134,230
180,66,133,243
171,66,139,263
168,74,169,242
164,80,202,245
160,74,211,261
154,94,230,250
154,102,224,242
150,105,222,235
141,113,229,232
147,119,208,231
140,128,198,217
143,137,172,189
133,160,158,211
137,147,161,187
352,22,150,223
120,145,179,227
120,145,179,227
120,145,179,227
120,145,179,227
120,145,179,227
120,145,179,227
120,145,179,227
120,145,179,227
120,145,179,227
120,145,179,227
120,145,179,227
120,145,179,227
120,145,179,227
120,145,179,227
120,145,179,227
120,145,179,227
120,145,179,227
120,145,179,227
120,145,179,227
120,145,179,227
147,151,157,215
361,19,144,217
360,30,165,214
363,20,169,227
362,18,216,243
362,18,216,243
362,18,216,243
362,18,216,243
362,18,216,243
362,18,216,243
362,18,216,243
362,18,216,243
362,18,216,243
362,18,216,243
362,18,216,243
362,18,216,243
362,18,216,243
362,18,216,243
362,18,216,243
362,18,216,243
362,18,216,243
362,18,216,243
362,18,216,243
362,18,216,243
362,18,216,243
362,18,216,243
362,18,216,243
362,18,216,243
362,18,216,243
362,18,216,243
362,18,216,243
362,18,216,243
362,18,216,243
362,18,216,243
362,18,216,243
582,200,218,239
585,202,175,237
606,219,156,218
619,203,124,202
620,214,94,161
612,227,111,189
607,218,108,172
601,219,104,156
594,215,104,130
591,220,107,121
583,218,121,134
585,248,149,154
555,228,148,201
556,213,178,218
568,202,169,237
507,205,180,225
562,205,163,224
565,201,149,228
560,199,150,231
557,200,164,238
556,199,176,238
563,196,165,235
572,197,152,238
577,201,157,227
581,193,153,235
586,198,146,233
593,196,135,234
594,207,169,228
595,209,167,224
590,209,172,230
576,203,185,237
597,221,174,202
619,235,160,184
632,225,137,204
685,218,100,210
685,218,100,210
685,218,100,210
685,218,100,210
685,218,100,210
685,218,100,210
685,218,100,210
685,218,100,210
685,218,100,210
685,218,100,210
685,218,100,210
685,218,100,210
685,218,100,210
685,218,100,210
685,218,100,210
685,218,100,210
685,218,100,210
685,218,100,210
685,218,100,210
685,218,100,210
685,218,100,210
685,218,100,210
685,218,100,210
685,218,100,210
685,218,100,210
685,218,100,210
685,218,100,210
685,218,100,210
685,218,100,210
685,218,100,210
685,218,100,210
685,218,100,210
685,218,100,210
685,218,100,210
685,218,100,210
685,218,100,210
685,218,100,210
685,218,100,210
685,218,100,210
685,218,100,210
685,218,100,210
685,218,100,210
685,218,100,210
685,218,100,210
685,218,100,210
685,218,100,210
685,218,100,210
685,218,100,210
685,218,100,210
685,218,100,210
685,218,100,210
685,218,100,210
685,218,100,210
685,218,100,210
685,218,100,210
685,218,100,210
685,218,100,210
685,218,100,210
685,218,100,210
685,218,100,210
685,218,100,210
685,218,100,210
685,218,100,210
685,218,100,210
685,218,100,210
685,218,100,210
685,218,100,210
685,218,100,210
685,218,100,210
685,218,100,210
685,218,100,210
685,218,100,210
685,218,100,210
685,218,100,210
685,218,100,210
685,218,100,210
685,218,100,210
685,218,100,210
685,218,100,210
685,218,100,210
685,218,100,210
685,218,100,210
685,218,100,210
685,218,100,210
685,218,100,210
685,218,100,210
685,218,100,210
685,218,100,210
685,218,100,210
685,218,100,210
685,218,100,210
685,218,100,210
685,218,100,210
685,218,100,210
685,218,100,210
685,218,100,210
685,218,100,210
685,218,100,210
685,218,100,210
685,218,100,210
685,218,100,210
685,218,100,210
685,218,100,210
685,218,100,210
685,218,100,210
685,218,100,210
685,218,100,210
685,218,100,210
685,218,100,210
685,218,100,210
685,218,100,210
685,218,100,210
685,218,100,210
685,218,100,210
685,218,100,210
685,218,100,210
685,218,100,210
685,218,100,210
685,218,100,210
685,218,100,210
685,218,100,210
685,218,100,210
685,218,100,210
685,218,100,210
685,218,100,210
685,218,100,210
685,218,100,210
685,218,100,210
685,218,100,210
386,34,86,211
357,32,103,211
365,33,112,220
374,36,115,226
379,28,115,241
392,27,116,240
408,17,104,260
415,11,103,260
426,6,94,271
431,5,94,269
435,4,105,266
437,7,100,269
442,6,103,274
454,10,101,262
463,16,96,255
469,11,97,260
478,21,99,254
479,17,106,260
483,26,108,247
485,19,113,254
490,16,116,252
489,20,140,254
492,21,154,249
489,46,191,239
492,35,182,252
493,41,176,260
490,28,180,264
493,40,177,249
494,22,164,274
494,33,180,255
496,33,164,252
498,26,184,293
496,30,180,278
500,28,164,265
502,22,157,278
502,21,160,298
498,23,151,270
497,13,150,274
492,10,142,300
509,22,88,292
514,5,80,292
516,5,75,302
516,6,77,302
515,4,78,297
510,3,79,301
507,1,84,299
502,-2,88,306
503,-4,83,310
501,0,84,308
494,-2,94,302
498,2,90,298
498,-2,86,305
495,-3,88,303
494,2,89,295
494,-1,88,304
496,2,85,311
492,2,88,295
494,1,86,298
491,5,86,331
485,3,88,327
484,0,92,344
477,0,92,333
469,2,99,329
465,4,103,334
459,6,111,306
456,2,112,300
452,12,113,279
451,4,112,273
451,14,108,266
453,11,100,259
451,6,105,270
450,25,98,263
444,23,106,281
441,24,102,308
440,24,108,288
438,19,109,292
438,30,109,304
436,26,110,270
431,26,115,265
429,19,120,279
430,24,119,290
426,28,125,282
419,29,127,261
419,27,123,264
410,21,126,260
406,17,124,277
402,24,126,264
390,20,140,288
390,23,134,307
380,30,132,305
378,16,124,296
370,25,131,284
360,24,134,271
357,23,129,261
359,17,121,263
354,11,116,294
351,13,113,283
354,21,106,294
350,19,101,308
345,25,109,287
337,24,119,284
325,14,121,297
306,17,135,322
311,15,128,323
315,16,126,322
313,17,121,322
310,13,121,330
306,14,123,326
302,10,121,326
303,13,121,332
303,17,118,333
297,17,125,341
292,15,121,347
290,15,125,329
292,20,116,335
281,9,122,330
280,10,121,325
275,9,114,337
273,11,109,320
262,11,126,326
237,9,148,332
237,11,141,311
243,20,134,319
246,16,129,320
243,13,129,303
239,22,132,285
241,15,132,309
238,17,131,294
248,16,124,321
247,14,126,312
249,21,124,304
255,22,116,284
250,29,123,263
256,37,115,247
263,40,115,271
263,33,119,283
272,35,114,283
277,25,112,299
283,16,108,310
287,13,108,314
289,17,107,314
293,27,101,299
292,31,101,290
292,45,103,277
293,50,102,252
296,63,104,250
295,76,111,235
297,82,109,230
295,90,108,227
292,101,114,207
291,110,117,206
284,116,118,205
281,124,125,192
280,131,124,180
278,135,117,182
276,137,153,202
473,184,180,240
429,135,229,223
375,134,248,234
404,126,242,296
434,119,202,310
429,103,201,320
434,90,184,335
443,79,166,355
440,78,166,355
435,57,163,370
441,18,157,412
430,12,164,417
425,46,174,382
408,17,192,403
405,18,199,413
428,19,169,409
392,1,208,424
442,15,153,418
435,7,155,421
438,14,155,413
439,5,156,424
441,9,152,420
443,18,151,413
441,13,149,414
447,6,143,418
441,0,150,420
439,-1,158,420
428,17,167,412
430,0,167,420
439,14,157,412
450,7,147,415
440,0,157,424
438,19,163,414
423,24,177,401
431,17,169,405
434,4,163,419
428,1,168,426
419,4,175,415
411,8,182,414
417,16,169,410
413,1,166,421
374,0,196,411
391,2,167,423
362,1,193,406
380,6,167,393
371,10,160,354
372,52,163,373
353,10,160,406
351,8,150,392
342,15,154,407
330,20,162,412
323,17,162,359
315,16,163,358
312,12,164,368
316,16,156,370
313,21,152,366
307,24,157,363
312,21,146,350
316,19,134,348
313,14,138,350
310,20,142,379
307,20,150,385
308,27,148,393
326,19,126,403
322,22,126,396
318,24,135,384
321,19,134,397
311,16,142,399
321,16,133,392
314,16,139,394
321,15,131,390
317,27,136,371
326,18,128,379
331,41,124,361
334,22,126,382
339,23,119,383
325,26,142,374
328,27,132,381
331,27,134,376
331,20,131,361
326,17,133,349
326,20,127,350
327,38,121,335
325,53,114,319
352,41,167,324
345,19,166,346
327,12,184,371
296,8,197,358
311,8,177,388
314,7,164,412
303,-1,170,415
296,13,171,379
293,15,171,400
269,6,188,417
279,5,168,405
273,9,173,422
280,13,141,417
271,12,154,413
260,9,152,419
248,17,136,409
245,15,133,408
233,20,109,378
228,22,97,372
211,27,102,369
202,23,97,379
192,18,100,393
177,14,110,397
165,13,114,412
152,10,125,420
136,7,139,419
109,19,175,410
116,9,153,409
97,9,173,415
75,11,191,407
54,16,209,411
36,20,223,406
27,22,226,394
31,32,217,390
21,22,219,415
28,22,216,402
9,19,257,404
17,19,245,420
17,35,222,387
11,28,233,397
21,34,207,405
13,26,210,398
21,40,195,402
12,32,203,385
21,39,188,395
14,35,197,392
18,31,196,396
13,34,203,391
19,47,200,383
20,39,189,398
12,35,204,395
17,44,198,391
6,18,222,414
15,38,208,393
22,42,194,397
19,51,200,383
18,51,203,385
11,43,210,390
20,39,192,396
7,26,212,396
5,27,221,409
14,21,209,398
1,18,237,414
15,16,211,403
13,22,206,414
8,13,216,412
9,15,220,415
12,17,214,407
21,24,187,408
9,24,209,401
12,28,212,400
9,28,208,400
12,20,210,415
9,34,220,385
9,34,216,395
7,16,230,409
9,14,221,420
9,21,222,398
13,27,198,410
15,18,207,411
16,26,196,410
14,24,215,408
11,24,218,386
10,32,222,396
7,25,227,396
7,24,231,395
12,31,234,380
11,18,228,416
16,22,228,419
20,27,235,399
13,28,256,390
29,29,232,382
33,27,227,408
39,18,235,411
39,29,237,382
41,26,240,405
48,19,233,394
54,35,224,409
61,23,236,397
63,23,232,408
70,21,218,392
75,13,224,401
84,22,207,374
87,20,214,391
91,13,208,401
98,21,195,380
103,18,192,371
104,20,199,402
115,17,190,411
121,21,191,408
129,15,187,408
135,23,180,405
145,14,186,403
146,14,202,409
153,13,185,382
169,17,179,407
169,0,195,423
195,11,169,395
200,7,152,355
202,9,195,322
208,17,177,306
214,23,168,297
220,14,185,337
218,16,197,302
226,30,187,281
229,21,176,294
236,21,173,295
242,16,178,314
183,20,223,299
177,16,258,308
141,24,306,277
134,32,332,273
144,36,327,265
233,33,297,241
216,23,269,257
306,27,255,239
318,27,193,233
335,23,180,245
337,20,220,256
355,20,203,259
357,21,216,251
367,24,213,242
370,20,202,253
372,21,190,244
377,25,189,233
379,24,189,247
398,23,150,241
405,22,150,236
412,25,149,234
416,29,150,233
416,25,159,260
421,26,169,264
414,15,195,294
418,15,210,280
430,15,209,249
432,17,209,207
435,35,200,239
442,21,169,226
437,17,194,270
439,21,201,272
445,19,179,275
456,12,185,280
457,14,193,266
459,11,172,282
472,10,158,279
479,14,157,271
473,10,160,263
460,12,177,283
475,8,153,275
451,10,189,271
443,15,195,262
433,9,204,285
423,11,207,275
415,13,219,276
401,12,246,266
397,11,254,280
395,13,259,275
383,17,277,273
241,29,294,325
259,15,295,302
178,8,271,339
269,9,216,328
281,0,158,346
303,3,139,354
310,1,129,371
480,2,159,333
321,3,155,365
322,8,137,359
320,0,152,351
320,5,158,338
323,9,188,358
317,7,212,334
311,10,214,327
308,7,281,374
307,7,288,408
324,4,274,420
302,6,300,407
294,5,308,420
316,5,292,417
329,7,268,351
332,6,275,318
375,5,249,338
396,10,219,313
423,11,189,297
441,11,174,289
447,14,185,343
444,6,197,369
437,12,226,413
472,11,197,392
466,10,215,399
448,13,246,401
415,15,291,387
413,11,309,374
378,10,347,365
385,13,349,393
350,7,398,381
327,10,417,332
335,12,414,347
312,10,442,348
296,9,446,309
343,8,402,333
339,14,412,324
308,16,443,287
321,8,431,324
305,16,437,310
280,13,477,269
309,21,435,273
411,16,354,326
453,13,289,290
490,13,248,314
513,13,214,344
523,6,201,355
529,5,191,369
528,4,180,357
529,7,171,329
511,9,179,347
509,5,173,325
501,2,164,317
488,3,167,306
489,9,158,301
484,9,152,275
476,7,153,253
462,14,168,286
478,6,140,295
467,5,148,295
468,6,142,278
458,4,144,292
459,13,140,283
458,6,134,292
454,10,134,287
454,10,128,278
448,9,133,283
446,9,131,288
447,8,126,292
447,6,124,293
443,3,122,299
444,13,123,293
440,5,120,307
438,5,113,293
440,9,107,302
440,6,101,297
438,7,100,305
435,8,98,301
434,14,103,291
425,15,109,277
428,13,103,289
424,13,103,291
420,8,107,293
417,13,103,283
415,14,106,281
410,18,111,272
412,17,104,274
404,17,109,265
402,13,104,266
396,20,107,251
390,22,110,238
388,17,109,231
386,25,107,212
382,28,106,215
383,28,102,218
382,28,99,217
379,19,97,234
379,20,92,242
380,16,87,248
377,17,84,256
371,14,84,265
371,13,83,246
372,15,78,239
372,21,75,243
374,9,69,265
366,9,69,261
369,6,68,252
358,20,77,240
353,33,79,233
349,25,80,230
344,32,75,209
338,31,68,199
336,33,66,175
328,35,75,171
318,38,84,172
312,39,89,175
311,40,89,166
314,41,82,171
308,38,86,179
309,40,83,170
306,42,79,166
305,44,80,157
307,42,74,167
303,46,75,166
300,41,76,167
301,44,72,164
300,42,69,170
301,40,63,170
298,41,64,159
296,39,63,167
293,38,66,166
290,39,66,164
287,39,66,157
368,65,71,171
280,43,72,161
276,41,77,137
278,41,71,144
279,41,71,137
279,42,69,122
279,44,67,119
281,42,58,119
282,39,56,119
294,49,71,128
366,107,72,131
366,93,72,145
364,90,75,152
364,76,73,163
365,54,68,189
362,6,73,231
368,1,66,239
362,-1,77,243
363,1,85,244
364,-1,73,246
364,0,76,243
365,3,74,241
364,0,77,247
363,2,81,247
367,4,72,242
365,0,71,247
370,2,67,241
362,0,76,238
362,0,76,238
367,2,85,237
657,16,98,216
652,16,101,203
649,18,105,180
656,32,101,201
652,22,101,191
635,18,121,183
633,20,126,198
625,14,132,195
632,15,127,203
644,18,111,192
625,13,133,182
643,17,116,202
642,14,113,203
632,15,123,182
633,17,126,180
646,14,109,198
646,16,108,186
650,20,107,174
658,21,94,166
659,18,92,173
663,20,88,172
663,20,87,182
660,19,91,178
658,18,97,178
658,14,95,195
659,16,95,183
659,14,93,179
659,15,94,183
660,15,91,183
662,16,91,183
662,18,91,180
660,20,93,178
661,18,92,179
663,20,91,176
661,21,93,181
663,17,91,179
662,21,92,173
665,17,89,176
663,18,93,178
661,15,96,181
662,15,91,184
662,14,94,180
662,16,92,182
666,19,91,174
665,23,91,168
665,21,92,169
664,20,95,175
666,24,93,169
667,23,90,178
667,26,90,164
666,26,90,162
667,39,88,146
667,36,87,147
665,30,91,166
667,32,86,168
667,34,88,166
667,40,89,152
669,38,89,155
665,41,93,142
667,42,89,134
665,36,94,133
664,45,92,125
661,49,100,110
662,51,95,104
663,51,97,97
662,52,96,88
665,51,90,93
664,50,92,92
667,50,88,98
665,50,92,94
669,51,89,99
668,48,89,97
668,50,91,104
664,47,95,101
667,50,92,110
662,47,98,100
663,51,99,84
661,50,103,99
663,52,96,88
668,56,93,103
667,53,93,88
673,68,89,95
665,53,95,96
673,48,88,110
669,45,92,131
672,49,89,139
676,48,86,153
675,47,87,153
674,47,87,148
672,48,89,148
667,48,97,151
669,45,91,152
665,37,98,158
656,8,104,182
650,3,105,186
646,11,112,170
642,6,118,179
646,13,114,171
647,9,113,172
648,13,114,172
652,21,110,161
653,12,107,174
646,9,117,189
644,13,117,189
647,14,114,186
652,9,108,199
639,8,121,198
628,8,133,196
621,9,139,200
608,1,151,207
612,10,149,201
589,4,171,217
565,16,196,220
561,17,199,236
561,32,196,238
521,17,234,266
573,31,179,237
556,25,198,239
574,40,182,251
577,6,176,231
551,11,198,229
521,17,227,259
547,33,199,236
543,27,201,225
539,37,206,226
532,15,214,256
540,31,200,237
508,19,230,237
519,20,224,218
548,29,196,230
547,40,194,228
577,22,157,239
570,34,162,218
569,42,165,226
580,16,160,209
577,16,157,223
583,16,146,210
570,19,154,220
571,41,157,224
568,49,158,222
569,48,163,235
569,50,149,211
571,52,156,222
571,53,153,226
570,52,154,228
571,51,145,234
569,52,148,221
580,46,137,213
569,45,152,229
580,44,141,235
588,40,133,251
589,37,128,249
589,44,133,226
618,37,102,205
622,31,94,198
618,30,94,204
617,24,99,210
629,30,92,196
639,39,85,197
553,11,101,221
537,10,134,211
543,13,149,221
549,20,170,196
568,22,160,184
575,30,156,174
583,34,158,176
597,35,157,176
601,40,165,170
610,56,152,160
613,54,157,163
618,60,150,175
620,71,152,180
603,76,167,183
628,92,143,180
631,78,138,181
637,92,132,171
643,103,123,165
648,114,129,182
654,118,116,163
657,18,102,125
666,24,92,122
672,24,91,119
668,23,90,122
671,18,92,133
670,18,95,138
671,17,94,145
672,22,88,153
670,19,93,168
672,18,89,181
672,22,90,180
671,21,90,179
669,4,93,192
671,6,93,190
670,9,91,180
674,18,90,177
674,27,89,161
675,26,89,175
671,26,92,170
669,29,95,161
671,27,94,154
675,30,89,173
674,33,89,166
670,35,97,189
669,31,97,198
669,32,94,195
667,14,98,185
667,21,98,201
667,30,99,197
667,32,99,192
669,32,95,188
672,36,97,188
673,35,90,195
670,18,93,198
670,33,96,190
666,10,100,194
668,20,95,189
670,26,94,200
671,37,94,184
670,32,97,193
671,34,100,197
671,37,93,195
674,31,90,174
671,29,91,182
667,30,96,181
667,30,97,190
669,26,94,206
663,18,100,215
659,15,104,204
654,10,110,208
651,8,114,213
651,9,117,217
638,7,125,211
627,5,141,221
607,6,162,233
577,20,193,240
589,10,182,252
582,11,187,248
598,7,172,230
589,8,177,222
579,6,186,244
584,7,186,239
577,9,194,232
571,27,197,221
583,14,187,229
592,9,174,230
579,9,186,244
595,9,169,226
583,11,181,220
574,12,191,243
598,12,169,215
588,10,176,225
567,15,198,244
577,13,189,249
578,14,192,260
552,13,215,233
584,10,180,261
582,15,178,249
567,29,193,240
551,20,207,242
574,16,179,237
570,19,170,232
576,17,157,233
570,27,164,236
571,39,159,233
573,23,150,232
574,11,142,229
571,15,142,227
563,12,151,249
563,19,147,240
569,15,137,245
564,19,142,252
569,26,137,239
568,32,140,236
558,14,146,249
575,21,129,230
563,24,140,239
570,12,125,232
579,15,114,227
558,16,125,224
564,14,121,232
574,22,106,219
566,17,106,215
563,19,104,208
567,21,96,218
571,25,91,235
574,29,84,225
569,22,85,229
566,21,87,230
563,21,89,231
562,30,85,211
559,18,90,217
562,15,91,221
561,20,91,218
555,10,103,241
548,10,110,247
558,14,97,246
543,15,107,226
551,15,110,243
543,25,119,249
531,23,131,245
538,25,118,239
538,28,104,238
540,25,73,237
568,23,90,239
524,28,91,217
524,34,84,213
524,33,86,207
520,38,92,204
514,38,98,183
514,38,93,167
529,51,124,188
517,40,133,211
515,40,134,229
516,36,115,230
512,36,89,220
510,32,89,228
590,50,75,220
510,31,90,211
510,34,90,213
508,34,94,216
508,33,95,206
505,36,97,203
510,36,95,216
507,32,102,209
512,31,87,226
514,28,91,235
514,25,87,235
520,32,124,237
520,37,86,226
520,33,82,226
533,29,105,238
527,21,91,241
526,25,92,228
529,26,93,237
530,19,94,214
528,24,106,229
528,21,122,241
532,30,128,238
542,45,114,221
533,55,144,214
537,44,128,226
547,50,114,213
534,31,133,233
541,21,123,241
550,47,117,217
537,53,124,203
546,53,110,207
543,57,133,214
544,51,111,200
555,58,103,207
536,49,121,191
550,47,105,208
543,52,107,195
548,40,102,219
551,50,101,217
551,38,98,220
555,51,97,215
551,27,99,205
545,24,104,207
550,21,99,213
548,21,104,212
547,36,108,204
549,42,103,188
550,44,101,180
549,39,111,178
553,37,97,175
552,32,100,155
551,50,97,169
551,46,94,173
545,29,100,190
549,25,92,190
549,36,89,183
552,25,85,194
547,46,101,192
553,41,97,232
554,26,97,239
555,38,99,250
553,41,106,236
547,30,115,256
553,45,103,239
657,5,116,208
644,4,131,216
641,6,131,184
641,8,125,162
641,8,116,139
637,9,113,167
625,8,115,168
617,31,118,167
605,15,119,165
563,56,148,163
574,35,136,148
578,18,119,155
569,39,119,179
559,12,122,193
553,16,123,158
552,15,122,158
529,14,142,161
531,18,138,147
515,16,151,165
515,17,147,155
515,21,142,151
508,25,145,151
518,27,128,143
520,29,124,144
523,25,118,140
515,25,121,147
517,21,115,139
512,17,118,148
503,13,125,151
511,18,118,145
510,18,115,139
510,24,113,133
509,20,116,138
505,23,120,135
498,25,124,131
503,25,119,128
496,23,123,136
496,19,121,134
488,25,128,134
488,18,124,138
479,12,130,143
473,22,136,153
474,23,121,138
473,21,112,138
469,24,113,127
464,20,117,134
465,21,107,133
460,23,110,134
567,54,81,151
569,48,78,160
567,49,84,184
565,31,81,206
569,22,74,220
563,20,82,222
564,18,81,225
558,24,89,224
559,23,91,210
562,28,87,213
562,24,86,217
565,28,83,201
566,22,80,206
562,29,87,200
559,24,89,205
572,20,74,210
573,24,75,208
573,27,75,205
575,18,73,210
569,25,78,222
563,28,89,255
569,25,84,274
564,19,89,279
572,32,84,258
571,21,84,280
572,22,82,279
567,23,90,275
567,18,92,267
571,37,88,251
581,13,75,218
578,26,82,202
580,32,78,194
579,27,82,198
580,28,83,198
577,32,85,193
579,25,88,199
573,27,92,200
576,33,96,195
576,32,97,194
570,26,99,207
562,23,116,210
550,10,127,217
573,7,115,220
589,10,95,209
600,8,81,216
596,5,86,223
606,9,80,210
604,13,85,218
607,15,81,198
587,30,105,179
560,56,94,203
563,42,112,243
563,29,131,288
584,14,108,314
592,8,131,327
600,-1,149,333
597,9,143,319
611,2,151,317
624,8,133,320
616,36,141,292
592,21,178,307
577,32,190,284
574,33,201,290
566,31,206,303
588,37,180,325
584,21,185,312
579,31,166,292
592,25,188,302
579,8,190,306
583,23,184,336
593,24,190,321
535,10,185,254
556,15,141,260
563,18,119,236
558,21,121,212
558,25,115,206
572,19,101,233
571,14,98,220
582,25,84,223
578,18,80,207
581,40,67,236
573,27,72,250
647,57,107,267
634,19,132,288
606,19,161,305
594,24,162,294
592,18,165,293
581,17,183,306
576,20,174,301
568,18,180,307
566,16,163,334
541,18,187,322
447,12,202,344
453,14,248,345
437,15,265,355
444,16,237,364
464,15,195,375
461,18,180,353
449,16,174,347
450,16,166,329
433,7,194,351
411,15,213,339
408,4,235,360
394,11,240,303
391,12,258,308
405,19,269,311
378,10,281,310
382,20,297,301
374,22,287,295
386,15,301,295
371,17,345,314
361,18,344,297
360,25,341,284
375,28,335,283
339,24,361,280
354,20,364,292
329,25,373,276
332,23,403,284
310,24,398,288
305,25,434,292
303,17,411,285
302,25,438,302
294,22,421,278
346,17,398,293
301,18,423,279
295,16,447,304
286,18,435,289
292,18,442,296
284,13,426,291
294,17,408,295
293,19,412,281
308,11,415,309
289,11,406,287
371,8,334,298
314,10,367,317
306,20,368,289
320,15,354,279
304,11,362,288
315,5,351,321
309,11,358,285
313,12,349,239
370,11,316,296
349,15,298,275
340,9,305,289
368,16,272,274
319,9,327,288
331,14,315,278
321,11,324,279
337,13,302,281
319,10,330,283
324,14,320,272
346,-1,279,308
345,12,286,294
327,16,308,290
333,8,302,300
321,13,319,291
319,14,336,276
309,12,350,305
302,0,345,311
319,11,319,291
317,12,324,308
318,12,319,286
313,20,328,272
314,13,318,282
302,15,338,277
302,13,350,291
308,12,335,290
306,14,335,298
307,20,324,290
313,23,270,303
329,11,229,318
341,12,209,315
345,11,193,333
343,2,186,347
337,5,188,335
341,8,174,329
355,4,162,335
337,2,168,317
343,7,155,304
351,5,130,329
369,13,106,312
528,10,72,286
522,20,72,247
524,27,66,235
515,21,70,242
511,23,74,243
508,25,74,243
501,25,78,242
497,22,81,239
494,25,86,232
493,27,85,222
491,27,87,227
488,26,91,233
486,31,93,233
486,26,97,239
484,28,95,244
482,32,98,239
479,25,97,251
479,26,97,252
478,25,97,246
476,31,98,247
475,38,97,237
473,28,96,245
471,24,95,257
471,26,94,255
468,26,99,255
466,24,102,256
465,28,103,248
461,27,108,250
462,24,104,258
464,27,103,252
464,31,101,245
465,29,103,251
468,26,101,253
467,26,101,265
463,27,105,254
470,28,99,251
469,26,102,260
475,29,101,251
476,34,109,260
478,35,113,253
479,38,117,249
480,35,120,254
483,30,117,274
488,32,118,266
489,31,114,266
492,16,113,276
492,29,120,270
499,41,109,264
497,34,112,262
501,22,111,285
508,41,107,279
511,38,107,298
515,48,106,294
517,52,107,290
518,44,110,290
524,45,109,311
527,15,107,268
540,55,103,270
543,51,109,289
546,9,104,303
551,9,107,316
557,8,109,322
562,6,105,316
569,11,100,311
575,14,98,321
579,15,103,315
586,19,103,312
599,11,105,320
603,16,110,319
615,13,110,319
609,12,122,310
605,7,140,325
620,11,143,324
645,16,112,324
657,16,109,328
647,22,118,320
649,22,122,320
659,32,115,310
662,53,108,289
669,45,99,290
673,52,98,284
646,53,126,290
650,50,121,287
