234,159,45,48
234,159,46,47
233,158,46,49
234,157,46,48
233,156,46,48
233,156,45,48
232,156,48,49
233,156,46,49
233,156,46,48
232,157,46,50
231,158,47,50
230,160,47,47
232,161,46,49
230,160,46,49
231,162,46,49
231,164,46,49
232,166,45,49
231,166,46,51
231,168,46,48
231,169,47,48
229,167,46,48
229,165,48,48
229,161,48,49
228,156,46,46
227,148,46,47
227,137,47,50
227,126,48,54
227,115,50,60
227,110,49,52
226,106,49,48
227,102,49,46
227,103,50,49
227,108,49,46
228,112,48,47
228,121,51,45
230,133,47,51
228,139,46,50
227,147,46,48
226,149,45,49
225,147,49,49
225,143,47,47
225,134,49,48
226,124,49,48
226,114,51,53
228,107,47,47
227,101,49,48
228,99,47,48
228,99,48,47
229,103,49,45
231,105,47,47
232,115,50,46
233,124,46,50
232,131,47,50
232,135,48,51
233,139,47,51
234,142,47,50
234,144,47,49
235,146,47,48
237,146,45,51
238,148,46,49
239,150,45,49
240,150,44,48
240,151,46,48
241,152,45,47
242,152,45,49
243,152,44,48
243,153,45,49
243,154,45,47
243,154,45,49
242,155,47,48
243,155,45,48
243,156,44,48
242,156,45,48
242,156,45,47
241,155,45,49
241,157,45,47
240,158,44,48
241,156,43,48
240,156,45,50
239,157,45,49
239,158,44,50
237,159,45,49
238,159,45,50
238,163,45,46
237,160,45,49
236,161,45,47
235,160,46,47
236,159,44,49
234,158,46,47
234,155,47,46
232,149,50,46
232,141,48,44
232,140,47,45
231,127,50,50
231,120,48,48
230,111,48,42
230,102,48,47
230,99,45,48
229,97,46,46
229,94,47,49
228,95,47,48
228,99,47,46
229,99,47,46
227,103,47,47
227,113,48,46
227,120,49,51
225,126,50,53
225,128,48,50
224,137,48,47
225,140,48,48
226,143,48,51
227,149,49,48
228,151,48,48
228,153,48,48
228,155,49,50
230,158,46,50
228,156,48,50
229,157,48,49
228,157,48,51
227,156,48,50
224,153,49,49
219,150,50,49
218,149,49,49
214,144,49,50
209,142,50,47
200,136,51,48
192,132,54,48
192,129,51,49
184,128,51,50
176,128,50,50
166,131,53,51
154,133,57,54
154,135,56,53
149,137,54,54
144,139,53,58
140,141,50,58
135,143,51,57
131,145,53,56
127,147,52,55
126,146,50,57
124,149,51,55
125,152,50,54
125,155,49,53
125,158,50,54
127,162,50,52
129,165,50,50
130,166,51,51
132,168,50,50
133,170,50,49
133,170,50,52
132,171,52,48
133,170,51,50
132,169,50,51
133,169,50,48
133,167,50,49
134,166,49,50
134,166,50,49
134,167,50,51
136,167,51,51
137,167,51,54
139,170,52,53
141,172,52,53
144,175,50,53
146,177,50,52
145,179,52,52
147,178,50,52
148,176,51,52
149,171,51,51
150,161,52,53
152,149,50,54
153,137,51,53
156,123,50,55
160,104,47,68
161,89,50,82
163,76,54,64
164,70,59,53
170,65,55,50
177,64,50,48
180,63,52,49
184,63,51,51
190,62,49,57
193,67,48,58
196,84,48,50
198,95,51,52
204,114,50,53
207,124,51,50
209,133,52,50
214,138,50,51
217,144,48,50
221,150,48,49
224,153,48,50
227,154,46,51
228,156,47,48
230,155,47,48
230,152,48,50
229,149,48,48
230,147,48,48
229,146,49,48
227,143,48,49
225,141,49,49
220,138,49,49
215,137,51,50
214,138,49,47
206,135,52,48
199,134,53,48
189,134,49,48
179,135,52,50
178,136,52,49
164,142,57,48
156,146,56,51
149,148,54,54
144,151,53,56
143,152,53,55
137,154,53,56
133,155,53,57
129,157,52,57
127,158,51,54
125,158,52,56
122,160,52,56
123,160,51,55
119,162,53,55
121,166,52,51
121,166,52,51
123,168,50,49
123,169,52,50
123,172,51,50
125,172,52,50
127,173,51,49
126,172,51,50
126,172,52,50
128,171,52,50
130,170,51,50
131,169,51,51
132,168,52,50
132,168,53,51
136,168,52,49
138,166,52,49
139,165,53,51
144,164,51,51
147,161,54,51
155,158,52,49
162,151,54,48
165,148,54,50
176,141,52,50
182,138,54,46
194,135,50,46
206,132,47,47
207,131,49,49
217,133,47,52
221,136,48,50
227,136,45,52
231,137,46,54
231,137,47,54
235,138,46,53
238,139,47,53
240,142,50,52
243,143,45,53
244,144,45,51
243,147,49,53
246,149,46,52
244,150,46,51
246,152,47,49
244,151,46,51
246,151,46,50
244,150,45,48
242,146,45,47
241,144,46,49
239,138,45,48
239,137,45,48
234,124,49,53
230,107,52,64
225,94,50,64
222,82,48,53
214,71,53,52
209,67,53,50
204,62,54,52
200,59,54,51
195,59,54,51
195,63,49,50
193,65,48,52
188,73,48,51
184,86,48,48
178,98,50,48
172,120,53,61
167,136,50,56
164,142,51,55
160,151,51,53
157,157,51,53
155,160,50,55
153,165,51,53
153,169,49,54
151,172,50,49
151,171,50,50
151,171,51,51
152,169,51,50
154,169,49,51
156,167,49,51
157,168,50,50
160,168,50,48
164,166,49,49
168,165,52,47
171,160,56,49
178,157,54,50
185,151,53,50
190,147,56,48
200,145,52,50
211,143,48,48
216,144,50,50
223,145,46,50
227,144,45,52
231,145,47,51
236,146,46,52
238,148,45,50
239,150,44,48
242,152,45,49
242,153,44,49
243,155,43,49
241,159,44,46
240,161,48,47
238,163,46,46
238,164,46,47
236,164,47,47
234,165,47,48
233,163,45,48
232,161,48,47
231,159,48,45
231,154,48,47
231,147,46,48
230,142,49,52
229,136,50,53
228,132,48,54
226,129,48,51
224,124,48,54
223,122,48,56
221,119,46,54
218,116,48,53
216,110,48,54
212,105,49,54
211,105,52,55
210,100,48,57
208,96,51,58
206,92,53,57
206,88,53,55
207,86,53,55
249,158,47,53
250,156,48,55
250,157,49,55
249,157,49,55
250,158,51,53
250,159,48,52
250,181,49,50
248,187,48,49
246,192,47,48
247,193,46,46
245,197,45,46
246,201,44,45
244,206,44,43
244,210,44,40
245,211,42,41
243,214,40,38
239,214,43,40
238,216,40,36
235,213,36,37
235,214,36,37
232,214,33,33
230,211,30,34
228,210,24,31
226,204,20,32
226,205,19,32
226,205,19,32
226,205,19,32
226,205,19,32
226,205,19,32
226,205,19,32
226,205,19,32
226,205,19,32
226,205,19,32
226,205,19,32
226,205,19,32
226,205,19,32
226,205,19,32
226,205,19,32
226,205,19,32
226,205,19,32
226,205,19,32
226,205,19,32
226,205,19,32
226,205,19,32
226,205,19,32
232,196,21,30
233,185,19,33
237,194,24,36
235,189,29,41
238,189,39,42
241,193,42,39
242,193,43,40
241,194,43,42
236,194,45,43
228,194,45,44
218,191,48,45
207,185,47,49
197,178,47,47
189,167,48,46
186,155,48,45
181,140,51,46
180,125,51,46
183,112,51,46
187,96,54,51
190,85,53,49
193,78,54,50
196,72,56,49
199,69,57,51
205,69,57,51
211,72,52,49
217,76,51,50
221,83,50,49
226,92,48,58
231,99,49,64
235,105,50,63
237,114,47,59
237,119,48,57
236,126,46,54
233,131,47,52
229,135,48,51
225,137,47,52
221,135,49,51
218,130,50,49
217,122,47,48
214,112,48,47
213,103,48,48
213,99,48,49
213,98,48,48
212,98,49,47
212,98,48,49
212,102,49,50
211,112,51,47
210,121,50,54
209,131,50,56
208,135,50,55
208,138,47,57
206,138,50,56
206,136,50,51
205,131,52,48
206,122,56,46
207,112,50,47
210,105,48,45
211,99,49,48
213,97,50,47
216,99,48,45
218,98,47,47
221,101,49,51
224,110,47,47
226,121,45,54
225,127,45,51
226,131,43,52
225,133,45,52
223,133,45,50
222,128,46,52
219,127,49,52
217,116,50,57
219,109,47,48
219,103,48,47
219,98,47,48
220,98,46,48
219,97,48,46
221,96,47,46
221,99,48,46
222,101,46,48
223,101,46,51
222,114,48,46
225,121,45,50
223,126,44,50
220,132,47,47
219,131,47,48
216,134,47,49
214,137,47,47
211,137,48,49
208,140,47,48
206,141,48,49
203,142,48,51
201,144,48,53
200,148,48,52
197,151,50,51
198,150,49,51
197,152,48,50
197,151,47,51
196,148,48,50
194,144,48,50
193,142,49,50
192,133,50,53
192,125,49,55
189,113,53,57
188,100,57,58
188,95,55,64
184,88,59,58
182,83,57,52
181,83,52,48
181,80,53,50
180,79,53,51
180,82,50,49
180,85,48,49
179,86,48,53
178,95,50,53
178,99,50,51
177,114,50,46
174,125,51,45
175,139,50,49
177,156,47,50
176,159,48,51
176,170,48,48
177,154,51,46
180,136,50,42
183,123,50,41
183,120,51,41
187,103,49,47
188,94,51,47
193,82,51,52
196,78,52,49
198,75,50,51
201,72,53,51
203,71,54,51
206,69,54,53
208,71,55,55
208,73,56,55
215,82,55,54
221,87,54,65
224,92,54,69
224,93,54,71
225,98,55,68
227,101,55,71
227,106,56,69
229,112,54,69
230,118,53,68
233,125,51,64
230,134,51,59
230,140,51,58
229,146,49,59
227,156,48,53
224,159,47,54
219,165,48,50
214,170,50,49
211,172,48,48
206,172,49,47
203,166,50,51
200,161,49,50
197,152,50,51
194,139,51,55
192,129,50,55
192,117,50,59
190,98,51,63
189,84,51,70
188,77,49,62
185,70,50,51
182,67,55,51
182,65,53,50
181,66,53,50
180,70,53,50
180,74,54,50
180,81,53,53
182,93,50,50
181,107,50,51
181,126,49,49
181,146,48,48
179,169,48,50
173,162,52,43
166,139,52,44
157,119,54,45
149,101,53,44
140,83,53,48
134,70,55,49
124,58,58,53
117,49,57,56
109,46,59,56
100,41,56,57
92,40,58,55
81,41,62,56
75,43,60,57
68,50,59,62
54,60,66,56
48,64,63,61
45,65,60,65
45,65,60,67
50,67,60,66
54,71,61,60
59,72,62,62
68,77,61,57
78,84,62,55
89,88,61,57
103,95,60,68
106,97,59,67
119,105,55,66
129,115,61,64
147,127,56,58
163,140,56,55
167,140,54,54
181,148,49,51
189,151,48,50
195,153,50,48
204,155,46,46
205,156,47,45
210,153,47,47
216,152,46,46
218,151,49,48
222,150,46,47
223,149,46,49
224,149,46,47
225,148,46,48
227,149,46,47
225,148,46,47
226,148,44,47
224,148,45,47
221,148,45,48
218,146,45,47
212,146,45,46
212,145,47,46
205,144,47,46
195,143,48,45
184,145,53,45
175,144,55,47
172,143,56,47
162,145,55,48
156,145,53,50
150,146,50,53
146,147,48,52
146,148,47,50
142,150,46,52
136,152,48,51
132,155,47,51
129,157,47,50
127,158,50,52
126,161,49,52
124,166,49,52
124,170,50,53
123,175,50,51
124,173,51,52
123,174,50,50
124,172,50,50
124,165,51,51
125,158,52,49
126,156,49,49
130,142,48,53
128,130,52,55
133,117,52,61
135,103,53,57
136,98,51,51
140,88,51,50
142,83,54,49
145,77,54,51
149,77,55,49
152,75,51,50
154,76,53,49
156,78,52,48
160,84,52,48
164,91,52,48
165,92,53,49
169,104,56,48
174,115,54,49
175,122,52,48
174,128,53,50
173,129,54,49
172,135,51,48
170,141,51,49
168,142,53,48
164,150,54,47
158,155,55,49
154,161,53,50
147,164,53,48
139,163,52,50
129,161,54,54
120,160,54,53
116,155,56,56
113,154,55,55
96,153,69,56
90,149,71,58
84,149,73,58
84,145,75,61
85,141,70,61
87,137,65,64
88,131,65,64
91,125,62,67
91,121,64,69
91,116,69,73
93,114,72,73
93,113,75,74
104,114,73,73
102,114,80,70
115,116,76,67
144,115,60,65
154,119,55,60
162,120,53,55
171,121,50,55
178,122,51,53
186,122,49,54
194,124,50,53
201,124,53,53
209,128,52,50
220,130,52,48
230,132,51,48
238,135,48,50
243,138,52,52
245,143,54,52
250,146,52,51
255,149,48,51
256,151,48,53
255,157,50,49
257,160,49,50
260,161,48,51
259,161,49,51
258,162,49,50
254,158,50,51
249,155,51,52
241,153,48,52
226,151,54,50
214,150,51,47
196,149,51,49
177,149,57,49
162,149,57,49
148,149,56,50
137,149,55,52
132,151,54,51
126,152,55,50
130,152,53,49
134,150,56,50
145,149,53,49
155,148,53,49
170,145,57,52
185,147,58,52
205,149,53,51
217,153,53,50
218,155,52,50
226,159,49,53
231,165,49,51
232,175,49,47
231,180,47,49
229,182,48,49
223,187,48,49
215,191,48,48
207,195,43,45
196,195,45,44
195,194,46,47
186,191,45,43
180,184,44,43
178,177,40,40
178,177,40,40
178,177,40,40
178,177,40,40
178,177,40,40
167,125,42,34
170,114,45,40
171,111,45,42
177,99,43,46
179,94,44,45
181,91,49,48
183,89,50,49
184,90,53,50
186,95,52,49
190,98,48,56
191,108,47,60
190,120,48,57
189,117,50,63
187,137,51,56
187,153,49,48
182,160,52,47
182,164,47,44
182,164,46,46
179,166,45,42
178,164,46,41
175,167,47,32
175,167,47,32
175,167,47,32
175,167,47,32
175,167,47,32
176,126,48,31
180,119,46,37
182,116,45,42
183,105,46,47
185,103,51,46
187,100,54,47
189,99,54,51
189,101,50,50
190,105,51,50
192,110,47,51
188,122,52,61
186,131,55,57
187,133,53,56
184,148,52,53
183,164,51,45
180,170,51,46
179,174,51,45
179,176,48,45
177,177,46,43
177,180,46,40
176,180,46,35
177,180,45,31
177,181,43,29
177,181,43,29
177,181,43,29
177,181,43,29
177,181,43,29
177,181,43,29
178,129,48,36
182,115,45,44
185,105,46,46
187,100,45,46
190,97,47,49
189,100,51,48
191,101,49,50
192,112,48,65
192,119,47,54
190,120,50,61
192,141,45,52
187,158,49,46
184,167,51,45
181,173,50,45
178,174,52,45
177,177,48,40
175,177,48,36
175,177,48,36
175,177,48,36
175,177,48,36
175,138,40,33
180,132,42,38
178,121,47,44
182,117,46,45
184,110,48,47
187,109,51,46
188,110,52,47
189,110,51,46
189,115,50,41
188,111,50,45
187,109,50,46
187,111,51,45
188,182,51,45
186,185,50,46
186,189,49,43
188,188,50,44
191,184,51,46
198,180,48,48
210,175,49,46
225,169,48,44
241,161,46,46
252,152,52,49
267,144,51,47
282,138,46,45
295,133,47,44
305,129,46,42
312,127,46,43
318,125,48,41
320,125,42,43
321,127,45,42
318,128,45,42
315,130,46,44
310,132,44,44
302,135,45,46
291,137,48,47
279,137,46,47
265,138,51,48
250,137,55,46
247,137,53,47
237,135,50,47
220,132,50,46
204,129,49,45
187,125,49,49
178,128,55,45
158,126,58,51
150,124,53,49
138,127,47,45
123,125,51,52
122,127,50,50
114,129,51,50
112,131,52,50
111,136,48,48
111,140,50,50
110,141,52,48
113,143,50,50
114,145,51,51
117,146,54,52
123,146,56,52
126,149,55,49
136,149,55,50
147,150,53,50
155,152,55,50
176,151,59,56
176,151,61,57
181,153,59,59
202,153,58,52
217,153,52,53
229,160,49,49
231,160,48,50
239,161,47,51
242,168,45,51
246,175,44,45
248,177,42,46
247,177,42,46
248,180,43,47
246,185,45,45
249,191,43,43
249,195,40,39
249,192,41,42
245,195,41,41
245,194,41,41
244,195,37,39
242,196,31,36
242,195,32,38
241,196,26,36
238,189,23,35
238,189,23,35
238,189,23,35
238,189,23,35
238,189,23,35
238,189,23,35
238,189,23,35
238,189,23,35
238,189,23,35
238,189,23,35
238,189,23,35
238,189,23,35
238,189,23,35
238,189,23,35
238,189,23,35
238,189,23,35
238,189,23,35
238,189,23,35
238,189,23,35
238,189,23,35
238,189,23,35
238,189,23,35
238,189,23,35
238,189,23,35
238,189,23,35
238,189,23,35
238,189,23,35
238,189,23,35
238,189,23,35
238,189,23,35
238,189,23,35
238,189,23,35
238,189,23,35
238,189,23,35
238,189,23,35
238,189,23,35
238,189,23,35
238,189,23,35
238,189,23,35
238,189,23,35
238,189,23,35
238,189,23,35
238,189,23,35
238,189,23,35
238,189,23,35
238,189,23,35
238,189,23,35
238,189,23,35
238,189,23,35
238,189,23,35
238,189,23,35
238,189,23,35
238,189,23,35
238,189,23,35
238,189,23,35
238,189,23,35
238,189,23,35
238,189,23,35
238,189,23,35
238,189,23,35
238,189,23,35
238,189,23,35
238,189,23,35
238,189,23,35
238,189,23,35
239,180,24,38
238,182,28,38
236,183,35,43
239,186,41,44
240,188,41,42
241,189,43,42
240,189,44,44
238,185,44,46
235,180,44,48
234,172,47,49
237,161,47,50
237,151,49,52
241,145,49,48
245,140,51,49
250,135,52,50
254,133,52,52
254,134,52,49
256,133,51,52
252,135,50,49
252,138,48,49
246,142,51,52
244,149,50,52
239,157,50,52
240,167,47,49
237,177,47,49
237,184,45,48
238,190,44,48
238,188,44,47
237,192,44,46
237,195,43,41
235,194,45,40
238,191,42,40
237,191,42,40
236,187,40,38
235,183,37,38
233,178,32,38
233,176,26,39
234,177,24,37
232,171,22,42
232,160,18,48
232,160,18,48
232,160,18,48
232,160,18,48
232,160,18,48
232,160,18,48
232,160,18,48
232,160,18,48
232,160,18,48
232,160,18,48
232,160,18,48
232,160,18,48
232,160,18,48
232,160,18,48
232,160,18,48
232,160,18,48
232,160,18,48
232,160,18,48
232,160,18,48
232,160,18,48
232,160,18,48
232,160,18,48
232,160,18,48
232,160,18,48
232,160,18,48
232,160,18,48
232,160,18,48
232,160,18,48
232,160,18,48
232,160,18,48
232,160,18,48
232,160,18,48
232,160,18,48
232,160,18,48
232,160,18,48
232,160,18,48
232,160,18,48
232,160,18,48
232,160,18,48
232,160,18,48
232,160,18,48
232,160,18,48
232,160,18,48
232,160,18,48
232,160,18,48
232,160,18,48
232,160,18,48
232,160,18,48
232,160,18,48
232,160,18,48
232,160,18,48
232,160,18,48
232,160,18,48
232,160,18,48
232,160,18,48
232,160,18,48
232,160,18,48
232,160,18,48
232,160,18,48
230,172,19,46
230,172,19,46
234,188,24,44
234,193,32,40
233,193,39,43
231,196,44,42
236,198,43,46
237,199,43,44
234,198,44,44
231,197,45,45
226,192,47,47
217,184,50,50
208,178,52,46
198,166,53,48
191,152,55,51
186,138,54,49
184,126,54,47
184,114,58,48
186,101,56,54
185,92,57,55
188,85,56,53
189,80,56,53
190,80,57,49
197,78,54,53
200,80,52,53
203,83,52,55
206,89,51,55
209,94,49,57
211,101,49,56
210,108,49,54
211,114,48,56
209,120,49,55
206,124,49,54
204,126,48,56
201,129,49,55
199,128,50,52
196,122,50,50
194,109,53,57
194,97,50,49
191,84,51,51
190,78,53,49
189,72,51,49
187,67,53,51
186,65,52,51
186,68,52,49
185,71,52,50
186,77,52,50
185,86,52,52
184,98,53,57
182,112,56,62
182,120,51,62
180,128,52,58
181,134,52,56
182,140,52,54
183,145,51,51
184,148,50,51
185,153,49,50
187,154,49,49
188,154,48,47
187,155,47,47
187,154,49,48
189,153,48,48
191,150,48,49
193,148,48,48
192,148,49,48
193,146,48,48
196,145,45,48
198,141,46,51
200,140,44,50
199,141,46,49
200,140,47,48
202,141,45,49
203,140,47,49
205,141,46,49
207,142,45,47
208,143,45,46
209,141,45,49
211,144,43,46
211,143,43,48
211,144,43,47
211,145,46,47
212,145,45,48
213,145,44,47
212,148,46,46
213,149,44,45
212,149,45,45
211,150,45,45
212,148,44,48
212,149,45,48
212,149,44,48
211,150,45,48
211,150,46,47
212,151,45,46
212,151,45,46
212,151,45,46
213,151,45,46
212,150,45,48
212,151,45,47
213,149,45,47
213,152,46,46
213,150,45,46
213,151,45,45
213,150,44,45
211,148,44,47
211,149,45,46
209,147,46,49
208,145,45,47
206,142,44,50
204,138,46,52
202,136,48,53
200,130,48,54
199,125,51,56
198,113,51,55
197,102,51,55
196,100,52,53
195,93,50,49
194,90,50,47
193,86,51,46
191,86,52,46
192,87,53,46
193,86,50,49
193,92,52,45
193,99,51,45
194,105,50,55
194,107,49,54
193,115,48,52
192,119,49,53
190,120,47,54
189,121,49,50
189,121,48,51
187,120,48,46
187,112,48,48
186,101,49,50
187,95,47,46
188,91,52,45
190,86,51,46
193,84,48,47
192,85,51,49
195,90,51,47
197,95,49,48
200,105,49,49
201,112,47,48
201,117,44,50
199,119,47,51
197,120,48,52
194,121,47,49
194,119,45,49
192,113,49,48
193,100,51,54
192,92,50,52
193,84,49,49
193,80,50,48
194,79,50,47
196,79,47,48
197,83,48,46
199,87,46,50
199,93,49,57
197,99,47,55
194,109,49,49
193,118,47,44
191,124,48,46
189,130,47,45
189,134,44,46
186,135,44,47
184,134,46,46
182,132,45,45
180,128,47,43
180,119,48,45
180,109,49,44
179,98,53,48
180,91,52,47
181,86,50,46
182,82,49,48
183,82,51,47
183,85,52,47
187,90,49,45
189,95,48,46
193,103,46,50
192,111,48,45
189,112,48,53
188,116,50,51
186,117,50,49
184,117,52,50
184,116,47,47
182,116,49,45
181,115,48,47
182,114,47,47
182,114,48,47
181,112,48,47
182,111,50,48
185,108,50,50
186,106,48,48
186,104,49,47
186,101,50,46
186,101,51,46
186,98,50,47
186,95,49,49
185,95,48,48
184,92,51,49
184,93,50,47
183,91,51,48
184,89,52,48
183,86,52,48
182,83,54,48
182,79,53,51
182,75,52,51
180,71,55,51
181,63,53,50
183,57,52,51
183,55,54,51
185,51,54,50
190,45,51,54
193,44,55,51
202,42,54,52
204,43,55,51
214,45,54,48
224,46,53,49
233,51,51,52
244,55,50,54
245,57,51,53
255,67,48,51
263,76,46,51
267,88,46,53
269,105,47,52
268,108,47,55
265,125,49,50
265,138,46,48
260,150,45,52
254,168,43,49
251,169,44,48
242,180,45,48
235,190,46,46
227,197,46,50
221,206,46,49
221,206,46,50
213,216,47,48
208,222,47,49
204,231,47,46
199,236,46,46
198,237,47,48
194,242,49,48
191,246,49,50
188,251,48,54
185,259,49,51
186,260,49,51
184,265,47,52
182,267,49,54
182,272,48,57
182,285,47,52
182,285,47,54
183,295,46,51
184,305,43,47
184,313,44,45
182,320,47,39
184,321,45,37
180,327,50,32
183,332,45,28
184,337,45,23
184,337,45,23
184,337,45,23
184,337,45,23
184,337,45,23
184,337,45,23
184,337,45,23
184,337,45,23
184,337,45,23
184,337,45,23
184,337,45,23
184,337,45,23
184,337,45,23
184,337,45,23
184,337,45,23
184,337,45,23
184,337,45,23
184,337,45,23
184,337,45,23
184,337,45,23
184,337,45,23
184,337,45,23
184,337,45,23
184,337,45,23
184,337,45,23
184,337,45,23
184,337,45,23
184,337,45,23
184,337,45,23
184,337,45,23
184,337,45,23
184,337,45,23
184,337,45,23
184,337,45,23
184,337,45,23
184,337,45,23
184,337,45,23
184,337,45,23
184,337,45,23
184,337,45,23
184,337,45,23
184,337,45,23
184,337,45,23
184,337,45,23
184,337,45,23
184,337,45,23
184,337,45,23
184,337,45,23
184,337,45,23
184,337,45,23
184,337,45,23
184,337,45,23
192,332,46,27
190,324,47,34
190,311,46,43
189,300,46,49
187,280,49,59
183,259,53,66
183,244,55,62
183,225,53,60
179,194,57,69
178,170,56,61
179,152,55,55
179,135,55,51
180,117,55,52
182,97,53,59
181,87,56,56
184,76,55,57
182,72,55,54
186,69,52,53
185,68,53,52
185,72,53,50
186,72,53,51
185,77,53,49
188,80,52,53
190,92,52,51
190,100,51,51
190,100,50,52
187,109,52,50
186,117,51,47
184,126,51,46
182,135,49,45
181,136,49,45
177,144,49,43
175,150,49,45
171,154,50,45
171,156,48,46
171,156,49,46
168,156,49,46
169,154,49,46
167,150,50,47
167,146,50,45
168,143,50,48
167,136,51,45
169,126,51,44
168,115,53,44
170,101,50,46
170,99,51,44
172,89,50,47
172,83,53,48
172,78,54,49
175,75,54,49
176,77,53,48
178,76,54,50
180,78,52,49
183,82,52,51
189,90,47,48
190,93,47,46
191,105,48,46
192,115,48,52
193,121,49,52
192,129,50,52
191,131,48,52
192,136,49,54
190,141,51,50
188,146,50,51
187,149,48,53
187,150,49,50
185,155,48,49
185,158,49,50
182,162,50,49
180,166,50,48
180,167,50,48
177,171,49,48
178,174,50,46
176,174,48,49
173,172,49,50
174,172,49,49
172,168,50,48
169,164,51,46
169,154,51,46
169,143,48,47
167,140,51,47
166,127,49,47
164,118,51,47
161,104,52,45
161,94,49,45
159,90,51,50
159,85,50,47
160,79,50,48
159,78,49,48
159,80,50,46
159,79,50,47
158,81,50,47
159,89,48,45
159,94,46,49
159,104,46,48
160,117,45,46
161,134,43,45
160,153,42,45
161,168,43,45
170,155,37,45
168,140,43,43
170,129,45,40
176,115,45,42
179,104,47,43
184,96,48,43
187,90,52,44
192,86,49,46
196,84,48,45
204,83,47,48
210,87,45,46
214,93,46,44
220,102,45,46
227,113,43,54
229,118,42,53
228,124,42,51
226,128,44,50
224,132,43,53
220,141,44,50
216,147,44,51
212,155,43,49
206,165,45,45
200,170,45,44
196,175,46,44
195,177,41,43
190,174,45,47
187,172,45,45
185,167,46,44
183,157,46,46
183,148,46,46
181,136,49,53
181,126,48,55
180,117,47,52
180,109,47,46
178,104,48,44
179,103,47,42
178,101,47,46
177,102,48,48
176,107,46,47
175,115,47,44
174,125,46,42
174,136,47,43
175,150,44,43
176,168,43,42
174,159,44,41
173,142,48,40
172,126,48,41
173,112,47,42
174,98,46,45
171,90,48,44
170,82,49,46
171,76,49,46
169,74,50,47
168,74,51,47
170,76,49,46
172,80,48,48
171,81,50,48
170,86,51,49
170,94,52,49
172,105,48,48
172,121,47,47
174,124,48,47
172,143,48,45
173,159,48,40
175,137,49,41
176,111,49,50
177,105,48,48
178,89,48,46
178,74,51,53
175,61,55,52
181,50,51,54
181,48,51,52
182,38,52,52
183,33,52,51
184,27,53,55
187,24,50,52
185,24,50,51
189,23,51,52
190,24,50,53
189,28,54,55
193,34,52,56
194,36,51,54
197,45,51,59
199,53,51,60
201,69,51,64
202,85,52,68
203,89,51,70
201,100,51,67
199,111,54,62
197,125,54,54
198,136,51,51
198,140,51,50
196,151,52,49
197,156,51,52
197,165,51,51
198,170,48,51
198,170,48,51
199,176,47,48
199,176,47,48
200,174,48,47
200,171,49,46
201,171,50,47
204,166,48,47
206,160,50,46
210,154,49,43
215,147,49,43
216,145,48,43
220,139,50,44
223,135,50,45
227,133,49,45
229,130,47,46
229,129,50,48
229,127,48,49
228,128,48,49
226,128,45,49
222,128,47,49
220,130,47,48
215,128,50,52
214,132,46,48
210,132,45,48
209,128,47,49
210,131,47,46
209,125,49,48
211,123,52,46
213,117,53,47
214,114,52,50
215,109,54,48
219,100,54,50
220,93,53,50
221,87,53,50
222,79,54,53
219,73,57,54
221,66,56,57
219,62,57,56
219,60,56,56
209,58,61,55
201,56,62,57
186,57,67,57
171,59,70,59
160,61,70,61
153,67,65,59
144,68,63,60
140,70,64,62
139,69,66,61
142,70,65,60
146,67,66,62
152,69,67,62
163,73,66,63
174,77,63,64
183,87,59,62
191,96,60,62
197,103,60,62
200,113,61,58
203,121,59,56
204,129,57,56
202,136,57,54
197,140,60,55
191,144,61,55
184,148,61,53
174,152,58,54
177,151,54,54
178,149,55,55
178,146,57,54
180,143,58,55
182,138,60,53
184,133,58,57
187,129,59,57
185,124,65,57
187,119,63,57
188,117,60,58
187,113,61,59
187,112,63,60
185,111,63,62
186,114,62,61
189,117,59,63
186,118,65,63
186,120,67,64
186,125,71,63
192,125,67,63
194,125,71,67
199,128,69,65
202,131,69,63
199,134,73,64
195,138,72,66
186,142,70,67
175,147,67,66
175,150,69,64
175,146,67,66
170,144,69,70
166,141,71,68
164,143,72,66
163,139,72,69
163,137,71,69
161,137,71,70
156,134,74,73
155,134,73,73
155,135,72,73
152,137,75,71
152,137,76,72
151,136,75,74
149,139,78,72
148,138,78,73
147,142,80,71
149,139,78,75
151,143,74,72
146,142,80,75
150,143,77,72
149,144,75,74
147,143,78,76
147,147,79,73
150,145,72,75
145,144,78,78
146,146,77,75
146,147,75,75
143,147,79,76
