254,93,57,75
252,93,61,75
248,91,65,78
248,90,66,75
249,93,65,76
249,92,65,77
249,92,63,77
249,95,63,73
245,94,67,76
248,98,65,75
251,96,63,77
252,96,63,76
252,94,63,77
251,94,65,78
248,93,63,77
249,94,65,74
252,94,62,75
256,93,62,77
259,91,61,79
262,91,59,79
263,91,59,78
260,91,63,80
264,90,64,80
261,95,65,77
262,98,64,76
261,98,65,80
261,102,71,81
263,100,64,80
264,99,67,80
264,101,63,87
266,103,66,79
263,105,69,74
263,105,61,76
259,106,71,74
250,111,75,74
248,112,77,74
243,110,81,78
237,111,82,74
231,114,88,76
227,115,85,74
225,116,85,74
225,119,77,71
221,118,78,74
222,117,76,75
222,119,74,73
224,121,73,73
221,118,79,73
223,119,78,71
227,115,72,74
228,118,78,72
232,119,74,71
233,120,76,70
241,124,68,67
246,126,64,66
247,121,69,70
250,126,71,65
254,129,72,64
258,130,70,66
262,133,69,63
267,133,67,64
270,136,69,63
271,134,70,62
276,134,70,62
280,137,63,59
281,135,65,60
285,137,60,61
284,135,60,61
288,139,58,59
284,135,60,60
286,138,58,57
288,137,57,57
294,141,53,56
291,141,55,57
285,139,62,59
291,139,57,59
292,142,56,58
286,142,63,60
292,141,57,57
287,139,61,61
288,144,58,59
285,140,62,63
288,146,58,57
285,144,61,60
285,143,60,62
283,140,63,64
283,140,63,63
284,140,64,63
286,138,64,68
287,137,63,67
288,138,64,69
289,141,64,66
290,141,63,65
293,141,62,67
293,141,65,67
296,138,62,67
295,141,65,66
298,142,65,64
297,141,66,67
299,139,66,69
299,138,64,70
301,140,66,67
301,137,67,68
304,136,66,70
305,138,66,66
305,138,67,67
308,138,66,67
308,137,65,67
313,138,66,66
311,138,65,65
312,139,66,64
313,140,66,62
314,140,67,62
313,138,66,64
315,140,65,61
316,140,65,61
313,137,67,63
313,139,65,60
312,140,66,60
313,140,64,60
311,138,64,62
310,139,65,59
310,138,64,57
309,138,65,57
309,138,64,55
309,138,64,55
308,139,63,53
307,139,66,55
308,143,64,50
308,143,61,50
309,144,63,49
309,144,63,49
309,145,65,49
310,146,63,50
311,146,61,46
311,149,64,45
310,149,62,43
311,147,62,44
311,150,61,41
312,150,61,41
313,150,61,41
315,150,60,42
317,149,60,44
319,151,62,42
325,150,60,43
326,153,61,41
327,152,60,42
330,152,63,43
332,152,59,45
333,152,59,44
333,153,62,44
336,153,60,42
336,154,58,42
336,152,58,43
336,154,58,42
336,152,59,41
337,152,58,44
338,151,58,42
339,153,58,43
339,151,60,44
340,153,60,43
341,151,61,42
340,152,58,43
341,153,59,42
341,152,58,41
342,152,57,43
343,150,60,45
343,151,58,44
347,153,56,46
347,152,59,44
347,151,57,47
349,151,57,46
350,152,61,45
351,153,59,49
351,152,58,48
352,151,56,52
353,150,58,61
355,151,58,62
353,150,60,64
356,151,61,66
358,151,57,67
357,150,60,70
356,151,61,70
357,154,63,73
360,152,58,74
359,150,62,69
360,152,61,54
362,153,60,53
360,154,63,53
359,156,62,54
358,156,62,52
358,156,59,50
360,157,61,50
357,157,62,51
349,159,69,68
349,156,68,76
348,158,69,73
349,158,66,70
351,160,62,76
351,162,63,69
352,162,61,71
350,165,60,69
351,166,61,68
353,167,60,68
350,168,59,69
350,169,59,70
351,169,59,69
352,171,59,66
352,170,58,71
353,171,60,67
351,170,60,66
353,170,59,65
353,171,60,64
354,171,59,67
352,172,59,65
356,171,57,69
353,173,59,67
356,174,57,72
358,173,54,75
358,173,57,86
363,175,61,93
366,174,59,83
367,173,81,78
362,175,95,74
350,178,107,70
322,177,135,76
314,179,145,74
310,180,153,76
308,177,155,77
305,178,156,74
303,179,155,78
299,181,160,76
297,182,159,75
293,181,162,80
290,181,160,78
286,183,164,74
282,184,163,74
281,183,162,77
277,183,164,74
272,182,167,77
269,182,165,80
269,181,161,88
267,182,158,85
262,180,165,96
260,178,165,88
258,180,174,98
254,173,185,96
250,177,172,91
250,181,167,84
249,180,173,97
251,174,167,99
251,181,160,85
255,184,151,81
253,185,154,72
250,183,154,70
262,184,146,54
255,187,143,44
256,184,141,58
253,184,139,61
258,187,137,59
254,185,144,69
251,182,143,88
256,179,138,116
253,175,132,121
256,173,123,122
258,176,129,120
256,176,125,122
259,177,117,118
261,176,122,114
258,176,119,120
261,175,117,125
264,172,113,127
268,171,111,127
262,173,118,123
270,175,108,127
266,170,113,132
268,172,110,125
267,173,110,128
266,172,114,132
268,172,111,134
265,173,114,128
274,167,104,135
266,170,109,131
268,170,107,130
266,170,108,133
272,169,102,132
262,169,110,135
269,167,101,134
264,168,107,130
273,169,97,134
265,165,99,138
274,169,92,141
260,169,104,133
274,169,92,137
260,170,100,134
273,166,92,139
257,172,101,129
260,170,101,132
272,167,91,137
257,169,106,133
260,168,105,133
255,172,110,128
259,174,104,130
252,179,113,124
255,186,103,118
255,182,85,123
268,199,72,109
260,188,79,117
263,170,78,131
254,182,86,126
251,168,85,137
249,175,85,123
245,184,87,112
249,178,81,129
248,167,97,135
245,185,89,118
246,170,91,129
242,185,81,117
254,176,77,127
247,171,92,133
245,174,86,133
247,176,79,135
241,185,81,124
245,185,76,121
245,185,77,115
242,187,81,116
245,185,77,123
244,188,75,121
244,186,81,120
244,184,78,124
244,187,78,126
243,186,81,123
244,185,74,123
244,188,80,122
242,188,81,119
245,192,77,118
243,190,80,120
248,192,78,120
244,193,81,120
251,195,73,116
249,193,74,118
250,192,73,117
249,192,75,115
253,191,72,116
253,194,74,113
255,196,68,112
260,198,67,108
262,197,65,109
270,198,59,108
262,194,68,113
269,198,61,110
271,196,61,111
279,201,56,106
288,197,49,111
289,197,49,108
297,196,45,107
285,193,62,112
275,184,74,118
282,194,69,112
280,178,83,125
279,169,88,129
287,179,78,120
287,181,82,121
291,180,79,122
293,177,83,121
295,181,78,117
299,181,83,119
302,187,82,109
309,194,74,107
311,191,82,112
311,182,79,119
315,187,79,118
319,180,76,124
322,179,82,126
325,185,78,117
331,194,72,113
335,196,69,107
335,195,69,109
340,195,68,109
340,193,67,110
346,197,66,105
348,198,61,102
354,201,66,98
351,194,67,105
356,199,65,100
362,198,67,98
364,194,64,100
366,189,61,105
371,193,64,100
374,194,68,100
378,178,77,110
381,179,75,110
388,174,79,110
388,174,85,111
393,170,85,113
399,179,78,107
401,168,83,114
406,171,86,109
408,168,88,109
410,172,88,106
414,171,90,102
415,184,81,93
419,182,82,91
424,182,75,91
426,184,79,91
427,176,85,98
429,168,85,104
431,170,88,101
434,171,88,98
436,171,87,94
438,166,87,101
439,165,86,102
440,167,88,102
440,164,86,99
438,164,84,104
437,166,81,102
437,161,86,104
435,166,87,104
434,166,98,107
429,163,104,110
427,162,103,111
423,165,115,111
423,176,97,101
427,186,97,88
424,176,94,103
423,184,96,95
421,183,110,95
415,178,123,101
415,185,129,91
405,176,135,105
403,175,147,110
401,172,146,113
410,184,139,92
407,189,149,94
394,190,165,93
406,186,157,96
385,174,177,109
392,178,170,106
392,184,186,103
386,183,189,100
388,184,194,102
389,187,194,94
386,190,216,92
396,190,204,94
381,184,220,102
387,186,231,96
374,183,255,99
377,178,245,104
375,178,251,104
376,180,243,99
370,184,262,96
364,175,268,107
375,181,267,100
368,174,279,103
377,191,278,89
373,183,282,90
370,177,283,98
373,181,283,93
371,181,294,97
368,174,295,94
371,187,295,87
367,178,304,83
372,187,301,85
367,183,303,82
364,178,307,96
368,184,299,86
365,177,304,86
364,180,300,89
366,174,302,90
363,182,300,88
365,172,300,90
361,176,302,92
362,171,304,95
361,167,305,99
359,164,302,102
370,162,297,108
363,162,302,103
356,166,306,100
357,160,298,100
365,158,299,104
354,158,301,105
368,156,287,100
362,154,291,104
372,141,288,117
363,144,294,116
364,123,300,135
368,85,297,163
381,78,275,164
393,83,268,162
397,85,268,160
375,75,290,167
377,75,290,167
376,80,289,160
387,70,287,172
374,71,297,173
375,70,282,166
391,62,275,174
373,73,288,156
382,61,284,171
388,67,271,159
377,74,279,147
370,66,290,153
381,59,281,172
378,55,280,176
386,60,269,168
378,68,281,146
372,65,289,139
372,70,285,157
369,64,289,159
380,57,280,162
375,60,279,158
377,63,280,154
375,64,281,152
379,67,275,144
371,64,287,154
382,56,284,166
373,70,281,146
373,67,280,143
374,59,275,151
378,64,279,161
375,50,280,175
375,57,276,175
397,59,260,166
387,56,267,172
388,57,265,176
398,49,256,181
411,55,238,184
380,61,261,157
378,60,262,169
383,59,261,168
386,55,251,178
401,52,238,177
378,56,253,180
392,64,234,170
398,58,225,176
393,66,222,159
393,67,216,169
370,73,231,153
378,71,227,161
374,62,224,171
372,64,231,174
360,68,234,166
372,69,212,167
368,69,211,154
361,74,215,162
361,76,198,147
358,78,204,156
359,79,189,138
361,71,197,157
359,76,188,146
352,78,195,150
354,69,189,150
347,74,197,153
349,72,184,146
346,71,193,154
352,77,183,153
364,63,163,159
346,75,177,148
343,78,167,138
341,81,170,146
336,78,181,147
337,74,183,150
338,73,173,154
337,78,167,150
336,68,180,157
336,76,170,148
338,80,157,145
333,77,164,148
330,77,168,151
330,74,167,147
329,77,159,148
327,74,166,149
325,74,171,154
327,79,161,152
322,66,186,161
327,69,176,160
324,77,171,151
323,75,177,155
323,75,183,152
319,71,188,157
320,76,180,152
321,74,183,155
322,73,184,157
319,76,184,153
319,75,184,157
319,75,178,147
321,75,181,136
323,72,174,148
328,74,162,148
344,65,151,161
338,71,158,154
326,72,169,154
322,76,162,153
331,68,155,159
346,67,147,159
361,73,123,156
351,68,132,162
352,69,133,165
338,68,149,161
349,64,141,168
363,75,122,161
350,71,137,165
326,72,159,160
316,72,170,166
312,77,177,155
326,77,163,156
350,73,141,162
331,73,157,165
352,73,142,168
349,77,144,168
330,72,166,168
329,78,164,166
360,78,137,174
346,79,149,176
374,87,130,173
363,86,142,171
358,84,145,168
358,88,142,161
350,87,152,163
358,85,137,160
362,87,136,159
367,103,125,146
375,94,120,155
367,91,128,161
363,92,132,157
343,85,151,167
346,95,149,154
350,90,143,162
348,87,146,168
310,89,178,160
304,82,188,173
295,81,197,177
297,80,192,175
296,78,189,171
297,76,189,174
299,77,184,175
300,75,182,175
298,79,188,173
296,76,185,177
299,77,185,173
300,78,182,172
297,77,187,176
298,75,186,176
296,76,183,175
304,79,173,171
300,77,181,174
298,79,183,171
298,75,185,177
298,75,178,176
301,80,183,171
301,77,182,176
299,78,185,171
298,77,186,177
298,79,189,174
302,77,183,176
299,73,184,177
299,75,184,178
306,75,179,177
304,71,182,185
302,73,185,181
301,74,188,184
298,74,195,183
300,74,192,184
301,74,188,187
306,73,183,185
303,74,187,188
305,72,185,188
295,71,192,189
304,72,180,186
300,73,187,187
297,73,193,187
299,72,188,181
300,73,188,184
302,70,189,184
297,76,196,181
297,78,193,181
301,75,190,185
297,75,197,183
296,74,201,182
297,76,192,179
300,77,198,180
296,76,191,181
304,71,188,184
292,73,204,183
303,80,192,178
296,78,203,179
295,74,200,184
302,74,192,177
300,74,193,176
296,76,197,177
301,75,198,176
299,77,193,176
306,73,187,176
295,77,197,178
302,75,198,178
293,76,205,177
293,78,203,175
296,76,201,177
296,71,198,180
297,75,205,173
298,74,199,161
309,73,193,155
308,74,197,169
307,76,193,183
302,73,196,185
301,73,197,183
307,70,195,181
307,70,195,177
310,72,192,178
309,73,194,176
315,73,189,175
310,71,196,178
317,69,184,174
314,70,196,168
305,68,197,179
317,67,186,164
314,70,188,170
317,66,194,170
311,70,202,164
316,63,198,163
324,62,191,166
317,62,195,163
316,61,196,163
321,59,193,166
321,59,196,160
323,60,195,159
328,58,188,161
328,55,190,162
329,56,187,164
334,55,179,169
331,59,180,162
331,58,176,163
328,58,186,159
328,56,173,158
330,57,177,156
334,57,168,162
327,60,171,160
328,61,173,160
327,58,165,167
328,62,159,160
323,55,166,169
325,60,155,162
332,61,136,163
328,80,114,146
330,60,128,161
325,80,99,146
325,79,98,149
328,68,102,158
335,44,120,138
329,48,126,134
326,54,125,127
334,50,115,111
334,50,114,112
338,52,107,113
336,51,105,114
351,52,88,116
341,62,88,108
352,48,80,126
354,48,74,135
344,49,82,127
346,48,79,125
346,47,73,129
350,45,66,127
351,46,60,119
347,45,63,119
345,43,61,123
343,44,63,119
341,44,64,122
339,43,65,124
332,44,76,124
332,43,73,122
332,42,75,120
323,44,84,120
320,43,90,120
311,43,99,122
309,44,102,123
303,43,106,129
298,43,113,131
286,43,126,137
290,48,127,127
281,40,133,138
278,42,140,135
271,63,147,118
272,63,142,119
273,55,141,121
262,68,155,115
265,62,150,115
262,52,149,129
256,57,159,132
250,46,165,158
247,54,176,133
244,53,176,127
243,72,189,106
236,72,193,107
235,70,194,109
229,72,201,107
227,72,209,107
226,71,209,108
214,67,228,113
220,72,218,107
206,62,233,122
210,72,235,114
202,63,238,143
199,67,238,143
207,66,236,120
196,58,241,140
187,60,246,153
190,58,242,143
189,72,245,142
197,75,240,125
181,68,264,110
178,74,268,116
176,64,263,111
169,70,274,113
171,70,264,136
170,75,259,137
163,64,271,140
160,69,265,130
158,74,271,126
150,73,278,120
143,69,285,144
145,73,284,135
135,68,288,146
138,70,281,137
123,61,295,143
126,68,291,134
123,72,294,117
110,66,298,117
109,61,306,128
111,65,293,114
100,63,311,140
108,71,288,127
96,71,296,111
89,71,304,136
89,72,298,132
87,72,298,129
80,70,300,129
70,66,306,119
61,70,314,132
70,71,309,132
57,72,314,123
57,70,313,114
51,70,317,143
62,76,303,135
61,75,304,132
59,79,304,121
53,73,306,115
50,73,315,106
53,72,309,113
46,72,313,124
57,72,296,139
57,77,300,127
63,76,290,127
49,75,305,119
65,77,289,109
43,74,309,138
56,77,294,134
50,77,299,125
45,75,308,115
45,72,303,127
38,75,308,110
47,76,297,116
52,75,299,107
47,74,299,126
52,73,294,149
52,74,288,140
46,74,304,128
56,78,290,111
43,73,304,134
47,74,299,145
46,74,303,128
35,71,311,142
51,76,297,115
41,72,303,132
47,72,296,114
37,72,307,129
37,73,309,153
35,71,310,150
46,72,296,125
41,74,299,130
47,75,293,138
51,76,289,111
41,74,297,116
34,72,306,118
45,71,295,111
40,75,306,143
51,74,294,120
44,73,302,122
50,74,294,113
43,71,300,126
52,76,295,119
51,74,289,111
42,72,296,120
49,75,294,109
45,74,295,128
47,70,301,114
45,73,296,119
47,75,292,120
58,78,283,104
52,75,292,116
41,72,299,129
46,69,290,166
52,72,286,132
49,75,297,142
55,77,290,114
48,76,291,111
56,76,280,117
55,74,284,118
42,71,295,124
54,75,281,134
50,76,293,152
47,70,287,153
47,71,284,138
49,75,294,109
42,78,285,108
57,77,282,120
42,76,296,155
47,74,291,132
49,77,288,135
51,79,285,106
44,80,290,125
46,73,288,159
42,75,291,145
55,80,283,144
50,81,285,109
43,81,288,114
50,83,283,135
52,80,288,128
43,82,298,122
49,82,292,154
43,80,295,128
48,81,294,123
41,80,300,127
45,82,296,136
49,78,289,166
52,78,283,142
52,86,286,139
49,79,299,155
46,79,289,144
48,82,295,162
48,82,291,139
51,82,294,160
67,71,273,172
62,78,277,167
67,75,282,178
65,76,285,171
66,80,280,170
67,78,279,168
60,77,287,171
69,76,274,176
59,82,290,167
69,73,274,183
63,80,286,176
64,76,284,181
68,80,283,179
57,75,293,185
65,75,283,183
67,77,281,190
66,75,280,181
70,76,276,190
71,75,271,192
69,75,279,200
69,75,279,193
70,77,274,199
67,75,278,193
72,75,273,201
69,73,278,201
72,75,274,201
75,75,268,202
73,76,269,206
72,76,275,206
76,78,273,201
75,77,277,199
78,77,280,197
102,77,248,181
112,76,234,193
141,75,224,195
135,79,212,185
136,77,213,180
139,75,210,154
111,74,220,106
107,78,231,103
83,76,254,98
88,77,244,96
87,76,244,100
84,76,250,99
88,79,242,96
85,76,245,104
88,76,240,102
88,77,239,99
86,78,244,98
89,79,245,98
86,79,244,99
86,79,244,99
84,79,248,98
86,78,250,101
83,80,250,97
89,79,251,103
85,81,255,101
83,79,260,103
84,82,269,97
86,80,275,106
88,82,269,104
85,82,280,107
83,83,281,103
87,82,276,107
89,79,280,112
84,81,289,103
84,81,295,103
89,81,293,102
85,79,302,101
85,79,307,94
85,76,323,105
82,74,327,108
82,76,340,107
96,82,333,90
86,82,353,94
91,71,362,109
92,77,372,102
105,71,370,112
101,79,373,109
146,70,345,110
158,83,339,94
165,72,343,104
210,78,305,116
245,80,278,108
268,81,260,112
281,80,263,129
291,84,251,150
300,85,261,176
300,83,258,182
322,84,243,181
320,85,252,204
334,87,243,194
332,86,251,189
320,88,272,186
337,88,264,199
329,91,293,186
338,91,287,183
340,94,288,180
357,102,279,153
350,101,300,136
370,109,281,154
382,118,280,192
360,116,306,204
314,131,370,199
303,126,392,270
306,137,409,293
303,136,428,291
289,141,441,292
292,157,439,276
308,160,411,262
318,166,413,251
319,176,424,258
324,190,407,231
317,200,421,220
314,203,426,208
301,204,441,210
295,208,449,218
