331,285,60,35
328,284,65,35
330,285,64,34
327,285,67,34
328,287,68,35
329,285,67,36
327,288,71,35
328,288,72,34
328,284,73,34
331,286,69,35
330,285,74,34
330,285,74,36
332,287,74,32
333,285,76,34
336,286,78,35
333,284,82,35
340,286,75,36
343,285,68,36
344,286,66,37
345,283,60,37
346,284,62,38
346,285,61,36
346,283,59,36
345,285,60,33
346,284,63,36
346,285,63,35
347,285,61,36
347,285,59,35
345,283,61,35
344,285,64,35
345,286,63,35
345,286,66,36
342,286,69,35
342,284,73,35
345,283,66,36
345,285,66,36
345,285,66,36
345,283,68,38
348,283,64,37
345,282,64,37
348,284,63,36
347,283,65,40
347,281,65,39
349,283,59,37
348,281,60,39
351,281,54,39
351,282,57,39
351,280,58,40
352,282,59,37
349,282,70,38
350,281,66,37
350,281,67,38
348,282,70,38
347,280,73,38
347,281,74,38
346,280,77,38
349,281,71,38
353,281,69,38
351,280,71,38
352,280,71,38
350,280,74,38
354,280,68,38
348,281,76,37
351,280,74,37
352,282,70,37
353,282,69,37
354,280,67,37
355,280,67,38
353,281,69,37
353,280,67,38
355,280,67,39
354,277,66,39
355,278,67,38
354,279,72,41
352,277,76,40
353,278,77,40
356,277,71,41
356,278,68,40
357,279,68,40
359,279,65,40
356,277,65,41
359,276,61,41
358,279,59,37
357,279,60,39
357,278,61,40
359,278,59,39
360,277,58,39
360,278,57,38
360,279,55,39
360,278,56,38
360,278,55,39
361,279,54,35
358,277,57,37
360,278,54,36
362,278,51,40
362,278,50,37
362,276,49,40
363,275,47,39
362,276,49,38
362,276,47,40
361,276,48,39
364,275,45,40
369,274,41,39
370,275,39,39
375,274,36,40
374,273,34,38
376,274,34,37
377,272,32,38
377,272,32,39
378,273,31,38
378,273,34,35
378,273,38,35
377,273,39,34
375,273,43,33
375,275,45,32
376,275,44,32
374,274,43,31
377,275,36,31
381,273,32,31
383,274,30,32
381,274,32,32
384,275,28,31
383,274,31,33
381,276,33,32
378,274,37,35
379,276,38,32
375,276,42,32
378,273,38,32
380,274,38,33
377,274,38,32
382,274,33,30
379,275,35,32
380,275,33,31
382,275,30,31
382,275,29,31
381,274,30,31
380,274,31,32
382,273,29,33
382,273,29,33
383,272,27,33
383,272,29,33
381,271,29,33
380,272,29,34
382,274,29,35
380,274,29,35
377,272,31,34
380,272,29,32
379,272,29,31
377,272,28,31
377,272,28,32
376,272,30,32
374,271,32,32
372,272,34,33
370,269,36,34
367,268,39,35
375,267,30,36
373,267,30,35
376,266,28,35
374,267,28,36
375,266,27,36
374,266,30,37
373,266,31,35
373,266,33,36
372,263,35,35
372,265,42,34
372,263,43,35
369,262,46,35
366,263,43,34
367,261,37,35
367,262,33,35
370,261,32,34
370,261,30,34
369,262,31,34
367,260,32,35
367,259,32,34
367,259,34,33
368,259,32,33
369,260,32,30
368,259,32,32
368,261,36,31
368,261,41,29
367,257,42,32
367,257,41,34
364,256,48,32
362,255,49,33
356,254,49,36
361,254,42,35
357,255,44,34
356,255,44,32
356,253,45,31
358,256,42,31
359,254,40,33
360,254,38,34
360,253,36,36
359,251,36,37
358,247,38,39
356,245,38,39
360,243,34,42
358,242,38,44
358,240,39,43
358,241,40,45
357,240,39,45
354,240,43,46
355,238,42,47
353,237,43,47
364,238,34,47
365,238,34,48
366,236,31,48
365,237,31,48
364,238,29,49
365,234,29,49
366,237,27,49
367,237,28,49
367,235,27,49
367,236,27,51
368,235,27,50
368,235,27,50
367,236,28,50
367,236,27,51
367,233,27,51
369,235,27,51
368,234,28,51
368,234,27,51
369,232,28,52
367,230,30,53
369,232,28,50
368,230,28,52
367,230,31,53
368,229,27,54
370,231,26,54
370,231,24,54
370,232,25,54
371,230,24,54
371,232,24,50
371,231,25,48
372,231,24,48
373,233,24,49
375,233,25,49
374,234,28,50
376,233,29,49
375,235,32,49
376,235,35,48
376,235,31,46
377,234,29,45
380,236,33,45
380,236,30,45
379,238,28,45
381,238,28,47
381,239,30,44
383,242,29,44
385,243,29,40
385,245,30,39
386,245,33,39
385,246,35,37
385,248,39,36
384,250,43,33
383,253,44,31
383,254,43,31
384,254,42,29
382,257,44,27
382,257,43,28
384,256,42,27
384,256,45,26
382,258,48,27
381,258,46,28
380,259,47,26
382,258,46,26
382,259,45,26
384,258,45,27
383,258,44,28
386,258,43,27
387,259,42,26
387,260,42,26
388,259,43,26
389,260,43,25
390,260,43,26
389,258,44,26
390,260,44,26
391,260,46,25
390,260,46,26
389,260,48,27
391,261,46,27
390,261,49,27
391,260,46,27
391,259,42,27
391,258,43,29
392,259,46,29
394,259,43,28
396,259,40,28
396,259,41,30
394,258,40,30
397,258,39,28
395,260,41,29
396,259,41,29
396,260,39,29
395,260,39,30
396,259,37,31
395,257,34,31
398,258,33,30
398,259,28,29
399,260,27,29
398,259,27,29
397,258,26,30
398,260,26,29
400,260,25,28
398,259,25,27
398,261,25,27
398,261,25,27
398,260,25,28
399,262,26,28
400,262,26,28
400,261,26,29
399,261,26,28
400,262,26,28
399,263,25,29
400,263,26,31
400,262,26,32
399,262,25,33
400,262,24,33
401,262,24,34
401,262,23,34
402,261,24,35
402,262,23,34
402,261,23,33
402,262,24,34
401,262,24,35
401,262,25,35
400,264,26,35
400,265,26,34
401,264,26,35
401,265,26,36
403,265,28,35
402,264,30,34
404,267,36,34
403,264,38,34
404,266,37,35
401,263,36,35
402,266,33,34
402,264,36,35
403,266,34,34
400,266,32,34
402,267,26,36
404,267,23,35
402,266,25,37
402,266,24,36
402,266,26,37
400,266,28,38
399,266,29,38
398,266,31,38
399,268,31,37
401,268,29,37
402,268,29,36
404,270,28,36
405,271,27,35
404,270,29,35
404,269,28,36
406,270,26,36
406,270,27,36
406,270,29,36
406,271,32,35
407,271,35,36
407,271,35,36
406,270,37,37
407,271,37,36
407,273,32,35
407,272,33,37
407,273,28,36
408,272,27,38
410,271,27,39
410,272,26,38
409,270,29,40
408,271,27,41
410,272,26,40
409,271,27,41
410,272,28,41
411,273,28,39
413,273,26,38
413,274,26,37
415,273,28,39
414,274,28,38
417,275,28,38
416,276,29,38
417,277,33,38
416,275,35,38
417,278,39,37
418,278,42,37
419,277,39,38
418,276,41,39
420,274,42,40
420,277,37,39
420,277,32,41
420,277,31,42
422,277,32,42
421,276,33,44
422,276,32,46
418,275,38,48
426,280,31,43
428,280,32,43
429,281,33,44
431,282,31,42
432,284,32,43
432,281,34,44
433,284,32,45
435,283,33,44
436,284,31,43
435,283,35,44
437,283,39,46
438,284,41,46
438,283,38,47
439,282,43,49
439,279,44,49
440,282,35,50
442,283,34,50
443,283,31,50
443,283,32,50
446,283,30,50
444,285,34,48
445,285,35,50
443,287,37,47
446,286,35,46
446,285,37,47
447,286,38,46
447,285,38,48
447,285,41,46
447,288,43,46
443,286,45,46
443,284,45,44
440,285,47,42
437,286,52,42
435,285,57,47
434,284,62,47
432,287,68,45
429,285,74,44
427,287,74,43
426,288,77,44
422,286,79,43
417,286,80,41
417,287,73,42
419,286,70,43
419,285,67,46
420,287,65,41
416,284,72,43
414,285,79,42
413,287,86,40
411,285,84,41
409,285,90,39
410,286,90,37
406,286,92,38
402,286,87,37
402,284,81,37
401,285,78,35
400,285,72,35
401,285,65,35
397,285,63,35
397,286,60,35
396,285,58,35
397,286,54,35
393,287,56,34
393,285,50,35
395,284,50,36
391,282,53,36
390,284,55,36
388,284,56,36
386,283,57,38
387,284,64,36
386,283,68,35
383,281,75,33
382,283,73,32
383,282,65,32
380,281,58,32
379,281,57,34
383,280,55,33
380,280,54,33
378,279,54,34
379,280,50,33
377,279,52,35
379,278,49,31
377,278,47,32
378,277,47,33
379,277,43,33
377,277,44,33
375,276,45,34
376,274,47,34
376,275,47,35
376,274,46,34
375,274,47,31
374,273,50,34
373,273,51,35
375,275,52,36
371,272,58,35
372,273,61,34
371,275,61,34
372,274,64,34
371,273,67,35
374,274,63,34
375,273,64,34
377,273,59,34
378,274,54,36
379,271,54,36
381,273,52,36
382,272,53,37
382,273,51,35
381,272,52,36
382,273,52,35
380,272,54,36
381,274,56,36
379,272,57,37
379,273,55,37
379,273,52,35
378,273,52,36
379,274,50,37
378,274,48,38
379,272,47,37
377,272,48,36
377,274,46,36
376,271,49,37
377,274,51,36
376,273,51,35
377,273,51,36
377,274,52,36
377,275,51,35
377,274,52,35
377,273,52,35
377,273,52,35
378,273,53,34
376,275,55,36
376,274,54,35
378,273,55,35
376,273,56,36
378,274,53,35
378,274,55,35
377,273,51,35
375,274,52,35
376,274,54,36
375,273,54,34
374,273,54,34
372,274,52,34
369,273,55,34
370,274,53,32
370,275,54,33
369,275,54,32
369,273,55,33
369,272,54,32
371,273,52,34
371,272,53,33
374,273,49,34
373,272,50,33
375,272,48,34
376,273,46,33
376,273,47,32
375,274,48,33
375,272,45,33
375,273,45,32
377,273,44,33
377,272,44,33
376,274,45,33
379,273,43,33
379,272,43,33
378,273,42,32
380,273,41,32
378,274,44,33
378,274,45,33
378,274,44,33
378,273,46,34
376,274,49,36
377,274,52,34
375,274,57,34
375,274,56,32
371,274,58,32
371,277,54,33
372,277,48,30
369,277,49,31
368,276,49,34
367,278,49,34
367,275,48,36
365,276,51,38
365,276,51,40
365,275,51,38
365,276,49,37
364,276,48,38
366,276,50,37
363,277,57,37
361,277,66,35
359,277,70,36
362,278,71,37
359,277,72,37
358,278,70,39
356,276,70,40
356,277,61,40
358,276,57,42
357,277,53,40
353,277,52,40
354,278,52,39
355,279,53,40
356,280,52,38
353,279,53,38
355,278,52,39
355,279,51,38
357,280,52,39
357,278,54,37
356,278,59,38
358,278,59,36
358,280,63,37
358,279,69,36
357,279,73,35
358,280,72,35
356,280,71,35
359,279,68,36
360,278,64,36
360,278,64,36
358,278,62,35
361,278,57,36
358,279,60,35
362,279,54,36
362,280,46,33
362,280,45,36
362,279,45,37
362,277,45,35
362,278,46,36
364,278,44,35
363,277,45,36
362,276,46,36
361,277,49,38
364,277,49,36
362,278,53,36
360,276,54,35
360,276,59,37
361,278,54,37
362,277,52,36
362,277,48,35
360,276,47,36
358,280,50,36
358,280,47,35
360,279,45,37
359,278,47,37
360,279,47,37
357,280,51,36
356,278,53,38
358,280,53,38
358,277,55,38
356,277,62,37
355,278,69,38
353,278,76,35
353,278,79,36
356,278,79,36
356,277,76,37
357,277,72,37
356,277,73,36
356,275,67,39
357,278,64,37
359,275,59,40
358,277,52,38
356,276,55,37
356,277,54,39
358,277,50,38
356,276,50,39
356,277,50,39
357,277,47,38
355,275,50,38
357,277,50,38
355,276,53,38
358,278,53,38
360,278,54,38
358,276,57,38
358,277,59,38
358,277,65,39
356,278,71,39
359,278,71,38
358,278,70,37
360,277,69,38
359,278,67,38
358,279,67,38
355,277,69,39
358,278,62,39
359,277,59,39
360,278,50,39
358,278,50,41
359,280,48,39
356,279,49,39
358,277,49,40
358,278,49,39
358,279,48,38
358,278,49,40
357,280,51,39
359,278,52,40
358,279,55,40
358,278,58,39
358,279,59,38
357,280,60,38
359,280,62,38
359,279,67,37
357,279,69,38
360,281,71,38
359,279,68,37
360,281,70,38
360,281,70,38
360,281,68,38
361,280,65,39
362,280,62,39
363,279,59,41
362,280,54,40
363,282,51,40
364,280,50,39
363,280,49,38
365,278,48,38
363,279,49,36
363,278,46,37
362,279,48,37
360,279,48,36
362,280,47,36
361,278,47,37
357,277,50,37
359,279,51,35
358,278,51,36
360,280,54,36
358,278,55,36
359,278,56,36
359,277,55,36
359,276,59,38
360,276,63,38
361,277,60,37
363,278,63,36
363,278,61,34
362,277,54,36
361,279,47,35
363,278,49,35
359,279,51,37
360,278,49,36
359,278,49,35
357,279,50,36
358,278,51,38
361,278,48,36
365,279,46,38
368,279,42,37
367,277,43,37
369,279,44,35
366,279,50,36
368,278,44,36
370,278,47,36
368,277,49,36
368,276,54,34
367,280,53,35
366,279,56,35
368,277,59,35
366,279,63,34
366,280,63,35
367,279,61,34
367,280,60,35
367,279,58,35
365,278,59,36
367,277,53,36
368,278,45,39
368,277,43,38
369,278,42,38
367,278,43,38
368,277,41,39
368,276,40,40
368,277,40,38
369,278,41,38
367,277,40,40
367,276,40,40
368,276,38,40
369,275,39,40
367,276,39,41
368,275,39,41
369,275,39,40
368,275,41,41
368,275,38,41
369,277,41,39
369,276,40,39
368,278,43,38
368,278,44,38
369,279,45,38
368,279,44,37
369,277,45,39
368,279,45,38
367,279,47,36
366,279,49,38
365,281,50,35
366,281,42,36
367,279,40,38
367,279,39,40
369,280,39,38
371,280,36,38
374,281,33,38
372,281,34,40
374,279,36,43
377,279,35,44
374,279,39,45
377,280,38,43
379,282,39,42
380,281,39,40
381,281,40,40
385,283,37,40
384,283,37,40
388,283,35,41
387,283,35,41
388,285,34,38
388,288,38,38
390,285,37,39
389,288,40,41
386,287,44,40
388,286,45,42
388,288,46,44
388,286,49,43
394,290,46,43
390,288,51,46
388,287,56,46
389,289,59,47
392,288,59,49
394,290,58,48
399,292,55,45
405,293,52,46
410,290,50,47
414,294,48,46
415,292,49,49
418,293,49,50
419,293,50,51
422,293,50,52
427,292,51,52
425,293,56,53
424,291,67,57
422,294,68,56
420,294,76,54
419,294,80,54
418,290,83,57
420,291,86,56
423,289,88,57
424,293,88,53
442,297,73,52
452,300,66,47
458,301,63,43
457,301,67,48
461,302,67,50
461,303,65,51
467,305,65,55
470,306,65,58
471,308,69,63
471,309,70,63
470,311,75,69
468,308,82,73
476,312,79,72
487,314,75,70
490,316,80,65
498,317,75,62
495,317,81,63
500,319,78,68
506,322,79,61
514,326,76,61
520,325,80,73
521,325,86,68
521,324,86,74
525,326,94,70
530,327,94,74
534,324,98,80
539,324,101,79
546,323,98,78
543,326,102,79
551,326,99,81
549,325,104,80
555,331,100,84
566,332,102,85
565,337,104,95
571,344,112,83
572,348,120,81
575,348,125,84
587,343,127,85
591,346,136,82
592,350,146,83
598,349,136,82
603,351,134,79
599,351,133,81
598,354,143,79
596,352,153,79
602,361,160,74
602,361,160,74
602,361,160,74
602,361,160,74
602,361,160,74
602,361,160,74
602,361,160,74
602,361,160,74
602,361,160,74
602,361,160,74
602,361,160,74
602,361,160,74
602,361,160,74
602,361,160,74
602,361,160,74
602,361,160,74
602,361,160,74
602,361,160,74
602,361,160,74
602,361,160,74
602,361,160,74
602,361,160,74
602,361,160,74
602,361,160,74
602,361,160,74
602,361,160,74
602,361,160,74
602,361,160,74
602,361,160,74
602,361,160,74
602,361,160,74
602,361,160,74
600,213,168,85
600,213,168,85
600,213,168,85
600,213,168,85
600,213,168,85
600,213,168,85
600,213,168,85
600,213,168,85
600,213,168,85
600,213,168,85
600,213,168,85
600,213,168,85
600,213,168,85
600,213,168,85
600,213,168,85
600,213,168,85
600,213,168,85
600,213,168,85
600,213,168,85
600,213,168,85
600,213,168,85
600,213,168,85
600,213,168,85
600,213,168,85
600,213,168,85
600,213,168,85
600,213,168,85
600,213,168,85
600,213,168,85
600,213,168,85
600,213,168,85
600,213,168,85
600,213,168,85
600,213,168,85
600,213,168,85
600,213,168,85
600,213,168,85
600,213,168,85
600,213,168,85
600,213,168,85
600,213,168,85
600,213,168,85
600,213,168,85
600,213,168,85
600,213,168,85
600,213,168,85
600,213,168,85
600,213,168,85
600,213,168,85
600,213,168,85
600,213,168,85
600,213,168,85
600,213,168,85
600,213,168,85
600,213,168,85
600,213,168,85
600,213,168,85
600,213,168,85
600,213,168,85
600,213,168,85
600,213,168,85
600,213,168,85
600,213,168,85
600,213,168,85
600,213,168,85
600,213,168,85
600,213,168,85
600,213,168,85
600,213,168,85
600,213,168,85
600,213,168,85
600,213,168,85
600,213,168,85
600,213,168,85
600,213,168,85
600,213,168,85
600,213,168,85
600,213,168,85
600,213,168,85
600,213,168,85
600,213,168,85
600,213,168,85
600,213,168,85
600,213,168,85
600,213,168,85
600,213,168,85
600,213,168,85
600,213,168,85
600,213,168,85
600,213,168,85
600,213,168,85
600,213,168,85
600,213,168,85
600,213,168,85
600,213,168,85
600,213,168,85
600,213,168,85
600,213,168,85
600,213,168,85
600,213,168,85
600,213,168,85
600,213,168,85
600,213,168,85
600,213,168,85
600,213,168,85
600,213,168,85
600,213,168,85
600,213,168,85
600,213,168,85
600,213,168,85
600,213,168,85
600,213,168,85
600,213,168,85
600,213,168,85
600,213,168,85
600,213,168,85
600,213,168,85
600,213,168,85
600,213,168,85
600,213,168,85
600,213,168,85
600,213,168,85
600,213,168,85
600,213,168,85
600,213,168,85
600,213,168,85
600,213,168,85
600,213,168,85
600,213,168,85
600,213,168,85
600,213,168,85
600,213,168,85
600,213,168,85
600,213,168,85
600,213,168,85
600,213,168,85
600,213,168,85
600,213,168,85
600,213,168,85
600,213,168,85
600,213,168,85
600,213,168,85
600,213,168,85
600,213,168,85
600,213,168,85
600,213,168,85
600,213,168,85
600,213,168,85
600,213,168,85
