289,184,17,21
290,184,16,21
292,185,16,19
293,186,16,19
294,185,15,20
293,184,16,22
295,185,16,22
296,186,15,20
297,186,15,20
297,185,16,19
296,185,17,18
296,184,17,19
296,183,18,20
295,184,19,20
294,186,21,19
294,187,21,19
295,186,21,19
298,183,20,20
300,180,22,21
305,178,20,21
306,181,20,20
306,181,21,19
308,180,20,20
309,180,21,21
309,182,23,21
310,185,25,19
313,184,24,19
315,184,23,20
316,184,24,20
317,185,24,21
320,188,23,20
321,193,24,19
324,193,23,20
326,193,24,19
328,196,25,20
331,199,26,20
333,199,26,19
335,199,26,19
337,199,25,18
337,197,26,21
341,200,24,20
341,201,25,18
341,200,24,18
342,197,24,20
341,197,25,19
342,196,24,20
342,196,26,18
343,194,27,18
343,191,25,18
344,190,23,16
345,185,22,19
347,182,20,19
345,180,23,18
345,178,25,17
345,176,25,18
346,176,25,19
344,177,28,20
345,179,28,18
348,181,27,18
348,183,29,19
348,186,26,18
348,187,25,19
347,187,24,20
347,188,24,20
346,191,26,18
344,194,26,17
345,196,25,18
345,196,26,19
346,195,27,18
347,193,29,17
350,191,29,17
351,188,27,17
352,186,26,18
356,181,24,19
357,177,24,19
358,177,26,18
357,177,26,20
356,180,24,19
354,180,23,21
353,180,24,21
354,182,25,20
356,182,25,20
357,181,25,20
359,181,24,18
361,179,23,20
364,180,22,21
365,181,23,20
367,181,25,20
368,178,26,19
370,172,26,21
373,169,24,21
373,167,26,21
375,164,27,20
376,160,27,20
380,155,25,18
382,150,23,19
385,149,21,20
386,151,20,21
386,155,18,20
386,159,20,19
385,161,22,19
384,163,22,19
385,164,21,20
383,164,22,22
382,167,24,21
382,170,23,18
381,171,25,19
381,174,23,18
383,176,20,20
383,175,21,19
381,175,22,18
378,175,24,18
376,177,24,17
377,179,22,18
376,178,23,19
377,177,25,19
378,177,24,19
379,177,24,18
379,177,24,18
382,178,22,18
382,177,23,19
383,180,20,19
384,182,19,19
385,186,17,20
385,188,18,21
385,192,19,17
384,192,20,19
385,192,20,19
385,193,22,19
383,195,23,19
384,197,23,18
384,198,26,18
386,197,26,18
387,198,24,18
387,199,25,19
389,199,23,20
389,200,24,19
390,201,25,20
390,204,28,19
390,205,29,19
395,205,25,19
397,207,24,19
398,209,25,20
399,211,26,19
400,213,26,18
402,214,24,19
405,216,21,19
404,219,22,20
405,223,20,18
403,226,22,17
403,227,23,18
403,227,22,18
403,229,22,18
401,231,24,19
399,234,25,20
399,239,26,19
400,239,27,18
402,237,25,17
402,235,25,18
403,235,23,18
403,236,22,18
405,236,21,18
405,237,22,18
406,236,23,18
405,234,23,17
404,233,24,18
404,233,24,18
404,233,25,19
406,236,24,19
407,238,25,19
409,237,25,18
411,236,24,18
414,236,22,18
417,236,22,20
420,237,19,18
420,240,20,19
419,242,22,19
419,244,23,19
419,244,24,22
421,245,22,23
419,246,22,23
420,248,23,22
425,249,19,20
428,249,18,19
430,249,17,19
430,250,15,20
431,251,14,21
432,248,13,19
432,247,13,19
432,247,13,17
431,247,14,16
431,247,14,17
432,247,16,17
430,248,18,17
429,248,19,19
428,251,20,22
428,251,21,23
426,253,25,22
428,251,28,23
427,250,31,23
428,249,30,23
429,249,30,23
430,249,30,25
434,251,30,21
433,251,34,20
434,249,37,22
434,248,40,22
435,247,41,22
436,245,39,23
437,243,39,24
441,245,36,24
444,248,35,23
444,248,37,23
446,249,37,21
449,249,34,21
452,251,31,21
455,250,29,26
457,253,29,25
460,255,27,23
462,255,29,21
461,254,30,21
464,254,27,18
464,254,27,19
464,253,29,23
465,253,29,25
468,252,28,24
470,253,27,23
471,252,26,21
474,251,24,19
477,250,22,20
481,248,20,21
483,249,19,21
483,249,20,19
484,249,21,18
484,249,22,17
484,248,24,21
485,247,25,21
487,247,25,26
487,247,27,26
487,247,27,26
489,248,26,23
490,248,26,24
492,247,25,23
493,246,26,25
494,248,28,26
496,247,29,28
499,249,29,25
500,249,31,25
501,248,33,25
502,249,34,26
505,250,33,25
506,251,35,24
508,250,36,29
510,250,35,27
512,250,35,25
514,248,34,25
515,247,34,25
517,245,31,25
522,243,27,27
524,242,24,24
525,241,24,24
526,241,24,24
527,243,23,24
525,245,25,24
525,244,25,25
524,244,27,28
526,243,26,32
528,243,26,35
531,243,26,35
535,245,23,30
538,244,23,29
540,242,23,29
544,240,22,29
547,239,24,31
550,239,25,37
554,238,26,40
556,238,29,43
560,244,32,38
565,249,33,37
568,247,34,42
569,251,34,40
568,253,35,40
564,255,33,40
556,258,38,39
551,257,42,42
545,257,49,40
542,262,46,44
538,263,45,43
533,259,51,46
529,258,53,45
523,259,57,44
516,254,62,49
517,254,61,44
515,253,60,40
511,246,60,44
507,243,58,46
506,240,61,50
503,240,65,48
505,238,64,49
508,238,63,47
507,236,66,47
504,237,68,49
495,232,73,50
486,228,81,57
479,233,72,56
474,241,65,57
469,250,65,54
461,249,68,56
456,246,69,56
450,239,65,53
443,233,67,51
434,230,70,49
428,226,72,52
421,228,76,53
420,231,76,53
419,235,70,49
409,235,73,53
404,243,70,48
392,243,77,49
391,242,79,49
391,241,77,48
386,233,81,49
374,232,86,50
364,243,89,48
353,247,90,53
339,255,86,54
322,272,91,46
313,281,85,44
298,284,85,49
283,292,85,49
271,303,84,49
259,308,92,48
236,310,95,49
221,313,103,45
215,318,101,42
268,223,103,53
276,218,97,66
286,218,77,65
293,218,56,68
309,223,43,62
317,225,37,62
321,221,44,62
331,210,43,63
336,202,42,67
337,202,43,68
337,208,42,66
337,210,45,63
343,203,44,67
348,201,46,66
351,197,43,65
355,192,41,68
357,190,40,66
361,189,40,64
364,189,40,62
365,190,42,65
367,191,42,63
370,191,42,66
370,189,45,68
371,191,47,65
369,198,49,66
368,204,50,67
369,204,49,67
367,208,47,66
366,209,49,64
363,215,47,66
361,223,49,74
360,228,51,76
360,231,49,72
359,230,48,74
360,231,49,80
361,234,48,78
359,237,48,77
357,241,46,78
355,245,46,79
355,249,45,75
353,251,44,73
351,247,45,76
354,241,47,77
357,237,49,75
362,241,49,67
368,245,49,66
372,238,49,71
377,226,50,67
383,220,51,64
388,218,51,65
393,215,51,65
395,214,54,64
398,218,54,63
402,217,55,68
403,221,57,66
404,225,59,65
408,225,61,64
409,223,63,62
412,218,64,60
416,217,65,62
416,220,68,64
412,223,69,63
410,226,72,62
410,227,69,63
410,227,70,59
407,229,73,62
405,233,74,58
404,237,74,59
403,242,75,58
401,247,76,59
400,251,74,59
398,254,75,59
397,256,72,59
395,257,74,57
395,255,76,53
396,248,75,55
399,237,72,54
399,230,74,54
399,220,74,58
397,217,73,54
397,218,73,54
398,218,74,53
400,214,76,53
400,212,76,52
398,212,78,54
397,215,78,49
395,216,77,53
394,220,77,50
393,222,76,51
391,223,77,50
389,223,72,49
384,221,76,48
381,219,74,49
379,216,74,51
377,213,76,49
376,209,76,48
374,208,76,47
371,210,76,49
370,213,75,45
369,212,72,45
366,212,73,46
364,214,72,45
360,217,73,43
360,219,69,47
360,226,68,46
360,232,68,44
360,234,67,46
360,234,65,45
359,233,66,43
358,232,63,45
355,230,63,42
355,224,63,43
356,216,59,43
357,211,57,42
358,208,56,41
358,211,54,42
360,218,51,43
360,226,48,42
361,227,43,43
360,229,42,43
357,231,41,43
355,233,39,42
355,235,36,42
355,237,37,42
355,240,37,40
356,242,37,40
354,244,37,40
354,246,35,40
354,245,34,44
354,245,34,46
353,248,35,49
355,253,35,45
357,253,33,47
357,250,34,47
358,249,31,47
360,251,28,49
360,255,26,47
362,257,28,48
360,261,27,48
361,265,27,45
360,265,27,44
360,264,28,44
360,266,30,46
361,270,31,46
360,272,32,45
360,277,32,44
360,281,32,48
359,280,33,51
359,284,31,47
359,283,31,48
358,284,32,49
357,284,30,46
355,283,30,48
354,279,30,49
353,277,29,47
353,275,29,48
353,274,28,47
355,275,29,47
357,271,29,51
358,269,30,48
358,268,27,48
357,269,27,48
357,270,28,47
357,272,29,45
358,267,30,47
359,266,31,50
359,267,32,54
358,268,35,53
357,269,35,54
357,269,32,54
357,268,32,54
358,270,31,52
360,272,31,54
362,275,33,58
363,278,32,61
364,281,33,59
366,281,33,58
366,281,33,57
365,280,34,57
365,281,32,54
365,280,32,53
363,279,33,56
363,276,31,54
360,273,29,53
358,277,36,62
355,272,33,66
353,269,35,68
352,268,35,68
351,273,35,63
347,281,37,63
345,282,39,65
344,285,42,62
345,286,42,60
347,285,39,61
347,286,39,59
347,285,37,60
345,284,37,57
344,284,37,56
345,283,36,59
341,283,38,58
342,284,38,58
341,283,37,64
341,279,37,63
339,276,41,64
343,275,38,59
342,272,39,59
343,270,38,63
344,266,39,66
346,266,40,63
349,264,38,61
352,262,35,61
353,260,35,60
354,262,34,57
355,263,34,53
354,263,32,61
352,264,33,63
351,263,37,62
352,259,36,63
353,258,34,59
353,255,35,59
353,255,32,54
351,255,32,54
350,255,32,50
348,261,33,58
345,257,36,66
343,254,35,65
340,249,33,64
335,244,36,63
330,239,38,60
323,235,40,56
318,231,38,63
312,232,43,64
307,228,44,64
302,219,42,65
295,213,42,66
293,207,39,64
291,203,39,60
289,202,37,62
287,204,39,59
287,209,39,61
290,212,40,64
293,211,39,67
294,210,39,66
297,210,39,65
298,217,40,58
298,224,40,62
298,227,42,62
294,231,43,63
293,229,41,69
292,230,40,68
292,231,38,68
293,236,37,62
293,238,36,65
293,236,37,69
294,229,36,67
294,221,37,65
292,214,40,62
295,208,38,60
296,206,38,57
296,204,36,54
296,201,38,54
297,196,36,59
299,188,40,61
300,179,40,58
296,171,43,58
296,165,40,62
295,166,39,59
296,167,38,57
295,168,37,57
294,168,38,57
297,168,35,55
296,168,35,56
296,167,34,55
295,169,33,55
292,171,34,60
289,174,35,59
288,177,33,55
287,179,33,54
288,176,34,54
287,175,34,51
288,172,32,52
286,174,32,51
285,178,33,50
284,181,34,48
285,180,35,48
283,179,35,51
283,179,35,52
282,180,37,51
282,181,37,52
284,186,38,51
286,188,36,51
287,189,35,51
285,189,37,50
290,189,36,51
293,189,34,49
296,188,34,51
300,192,33,47
303,197,34,47
306,203,33,47
310,205,33,49
315,208,32,50
321,214,31,49
324,214,31,48
328,212,32,47
331,210,32,46
332,206,33,46
333,200,33,46
335,193,33,45
337,192,32,45
341,199,35,42
350,203,33,43
356,204,33,42
359,205,34,42
358,205,33,46
356,204,32,46
352,201,35,44
352,198,32,45
353,197,32,47
357,195,32,46
362,194,31,45
368,195,30,43
371,194,32,42
374,192,30,42
376,193,31,46
378,194,31,46
379,196,31,45
382,197,30,46
384,196,30,45
384,197,32,45
386,197,33,44
386,202,33,43
386,205,33,44
384,205,34,50
