338,164,98,54
334,166,105,56
332,163,109,57
335,164,104,58
334,163,104,59
335,164,104,56
335,164,105,58
335,163,101,55
335,164,105,57
333,164,106,56
337,166,101,56
334,163,107,56
334,164,107,59
333,164,104,57
334,164,107,57
334,165,105,55
334,163,107,56
334,164,105,59
334,164,104,55
333,164,108,58
334,162,103,57
334,165,107,57
333,162,106,58
335,164,105,58
333,163,107,54
335,164,105,59
334,163,103,57
333,163,107,59
335,166,104,54
335,164,102,56
334,163,106,58
332,164,108,56
334,164,106,58
334,163,103,58
335,163,103,59
334,164,105,56
333,163,107,59
332,162,107,59
332,164,110,57
333,163,104,57
335,167,105,54
334,162,105,58
333,165,108,56
332,163,107,56
335,164,105,59
333,163,103,58
336,164,104,57
331,164,109,55
334,163,105,57
332,162,109,59
333,163,106,58
334,163,106,59
333,163,108,58
333,163,105,58
335,163,103,58
334,163,104,57
332,163,108,59
332,162,106,59
332,163,107,58
334,163,103,58
334,163,106,58
332,163,107,58
332,162,108,60
334,165,104,56
333,164,107,57
333,163,106,58
336,165,102,57
333,165,106,55
334,166,106,55
335,164,105,55
334,162,107,59
333,162,106,60
334,162,108,58
335,164,103,56
335,162,106,57
333,163,107,57
336,162,108,58
335,161,108,59
336,160,108,59
334,161,106,60
337,161,107,59
337,161,105,59
337,161,108,59
336,159,108,60
337,163,107,56
337,162,107,58
337,162,108,59
338,163,106,58
339,163,107,57
337,162,109,59
340,164,103,56
338,162,109,60
339,164,108,58
340,163,105,59
341,164,103,55
341,164,104,57
340,161,104,59
342,162,102,56
338,161,109,59
339,162,105,60
338,161,110,60
338,162,107,57
339,161,107,58
337,161,107,56
337,161,107,59
338,161,108,59
337,160,107,60
337,158,107,61
336,160,108,60
339,157,104,61
335,157,108,62
336,156,106,62
337,158,105,59
335,156,110,62
336,153,107,65
336,154,105,64
338,154,104,64
337,153,103,65
336,152,105,65
337,153,104,65
336,152,104,64
336,151,105,64
335,151,107,64
335,151,106,65
337,151,103,63
335,151,108,63
337,150,102,62
335,149,106,65
334,147,108,65
334,148,106,63
335,149,107,62
335,148,104,64
337,148,100,61
335,146,104,64
335,146,106,64
334,147,107,61
335,147,104,61
334,145,109,64
335,144,107,64
333,143,108,65
334,144,106,63
334,142,109,65
335,142,105,64
334,143,107,62
333,141,109,65
333,140,108,66
333,139,109,67
332,138,109,68
333,139,107,66
332,136,111,70
333,138,106,66
333,137,111,65
332,137,107,66
334,136,105,64
333,135,107,66
332,136,109,64
332,134,108,67
332,134,108,67
331,133,110,68
333,135,105,63
331,133,110,65
332,133,107,65
331,133,110,62
330,134,109,65
331,130,111,69
331,132,107,66
331,130,109,65
333,130,106,63
330,129,108,63
332,129,105,64
331,130,105,62
332,127,104,65
329,127,107,68
331,130,106,62
330,131,104,60
330,130,106,63
329,130,107,66
328,129,110,70
327,132,109,66
328,132,109,68
328,133,107,70
328,132,110,72
328,135,107,65
328,134,109,65
326,135,110,69
328,136,107,65
328,137,106,64
326,138,110,66
327,142,106,60
326,138,110,69
328,143,104,59
325,142,109,61
327,142,106,63
326,141,106,66
326,143,108,62
325,143,108,64
325,145,106,62
324,145,109,63
325,146,108,60
328,148,103,59
326,147,106,61
327,147,104,61
327,149,107,59
325,148,109,61
325,149,110,62
326,150,107,60
326,149,107,62
327,149,109,64
327,152,107,61
326,152,110,60
327,155,106,59
328,154,107,61
326,153,108,63
328,153,105,62
329,155,106,62
327,155,108,62
326,153,110,65
328,157,107,61
327,158,112,61
325,159,111,58
325,158,113,60
329,161,110,58
325,159,115,58
326,164,115,55
326,161,116,58
331,165,109,56
330,162,108,59
332,164,109,59
330,164,111,59
332,166,111,58
332,165,108,57
334,165,108,59
335,167,105,57
334,167,111,58
334,167,112,58
335,167,106,59
337,167,108,58
339,168,103,59
338,167,105,59
337,167,108,61
339,170,106,53
339,167,109,60
341,170,105,58
340,165,109,59
341,169,107,55
343,168,108,56
344,167,106,58
343,166,111,58
343,165,111,59
345,166,110,56
345,165,111,59
344,163,113,60
345,163,114,60
343,164,114,58
346,164,113,58
346,164,113,57
348,165,111,56
346,162,114,58
347,162,114,60
349,160,111,62
347,162,115,59
348,160,114,61
349,159,114,62
349,159,115,62
351,160,113,61
348,162,115,57
349,161,119,59
350,162,114,56
350,161,118,58
349,162,117,56
350,160,118,59
351,160,115,59
349,159,119,62
350,158,117,61
352,159,116,60
353,157,115,62
353,158,115,61
355,157,114,63
352,160,117,59
354,157,117,61
349,159,121,59
345,162,130,56
347,158,125,60
350,157,121,63
350,158,122,62
347,159,126,60
345,162,128,55
347,160,127,58
346,159,126,60
345,165,127,52
346,160,126,57
346,161,127,57
345,161,128,57
346,163,126,53
346,162,126,56
344,162,128,55
343,162,131,55
347,163,125,55
343,164,129,53
346,161,126,55
347,159,127,60
346,161,124,59
347,163,123,55
347,159,125,58
348,157,125,61
347,161,124,57
345,161,128,57
343,163,131,54
344,159,130,59
345,162,127,56
345,163,129,55
346,159,128,58
343,161,131,58
343,162,130,56
344,169,129,48
343,159,130,59
344,162,129,56
347,159,125,60
348,162,121,56
348,157,124,62
345,163,126,54
345,159,128,60
346,159,124,59
349,159,123,60
348,160,122,59
347,162,125,56
344,163,127,55
345,160,126,60
348,162,123,57
347,162,124,56
344,160,129,58
345,163,123,54
345,162,126,55
343,167,128,49
343,158,128,59
346,157,122,62
346,160,123,57
346,161,123,57
349,160,118,58
346,158,123,58
346,156,122,62
347,157,118,59
347,157,120,61
344,159,124,57
346,156,119,61
343,156,122,61
343,158,123,57
344,161,122,53
346,161,118,54
347,164,115,51
344,160,119,55
345,158,118,57
341,159,122,57
341,159,123,57
341,158,123,58
339,157,124,60
339,158,124,58
342,157,118,60
341,155,118,61
342,155,117,63
343,156,117,61
343,158,114,58
342,155,118,61
340,159,120,58
343,155,114,61
340,156,116,60
341,155,114,62
341,156,118,60
339,155,116,62
343,155,113,62
339,156,113,61
341,155,113,61
338,156,117,62
340,155,113,62
338,157,115,59
338,156,116,62
338,156,113,60
338,154,115,62
338,159,111,56
337,156,116,59
336,155,114,60
334,154,116,61
334,154,117,61
334,156,114,59
335,153,114,62
335,154,116,61
334,158,111,54
333,153,113,61
333,153,111,61
333,156,113,59
332,154,113,61
332,153,112,62
330,155,115,58
330,154,114,59
330,158,114,54
328,156,119,56
329,155,111,59
330,151,113,61
328,158,118,53
327,152,117,61
328,153,117,59
327,154,115,58
326,153,118,59
326,154,118,58
325,154,122,58
325,154,117,58
325,153,118,59
326,157,117,54
326,155,113,55
326,156,116,53
325,154,118,57
325,154,115,57
326,156,113,55
325,155,116,57
323,155,120,58
323,158,121,52
324,155,112,57
325,153,111,58
324,153,115,60
324,153,115,60
324,153,116,58
322,155,118,54
322,153,116,57
325,151,110,59
328,152,106,58
325,152,108,57
323,151,112,59
322,150,117,59
322,150,115,59
322,151,114,59
324,152,113,57
323,153,112,54
322,151,118,58
322,151,116,58
323,151,114,60
325,151,112,61
322,153,119,57
322,153,119,57
324,154,118,57
324,150,118,60
324,152,116,61
325,152,114,61
326,152,111,62
325,153,116,59
326,152,115,61
326,154,112,58
327,153,109,58
323,152,114,59
325,152,110,60
325,153,111,58
324,152,111,59
324,149,110,61
325,151,108,61
325,152,106,58
327,152,104,58
325,154,108,55
326,153,105,58
324,152,113,60
327,154,107,60
326,153,107,61
328,154,105,59
327,155,105,59
326,153,110,63
326,156,110,56
328,155,103,58
327,154,105,59
327,153,105,60
327,152,106,60
330,154,100,57
328,150,100,60
328,150,105,63
328,153,103,58
327,152,108,59
326,151,104,59
329,151,102,60
328,151,103,59
329,151,102,59
328,149,101,61
328,153,104,56
330,153,101,55
329,151,100,58
330,152,102,55
326,153,106,52
328,151,105,55
326,149,107,58
325,150,110,58
328,151,104,55
325,151,110,55
324,152,112,54
322,149,111,59
325,151,109,58
323,150,109,57
325,151,108,55
323,150,109,57
325,147,108,63
327,149,107,60
327,146,106,63
328,147,104,60
327,148,107,60
328,149,106,59
329,146,104,59
328,148,105,57
329,147,104,59
329,147,106,59
326,149,108,55
325,148,107,56
327,147,107,58
329,147,106,54
329,150,102,52
326,147,107,55
326,145,107,57
330,145,102,57
327,146,108,55
331,146,101,55
329,147,104,53
328,146,104,57
329,147,101,54
332,149,101,53
329,146,101,57
331,147,102,55
327,145,104,58
329,145,103,57
328,146,102,57
330,147,103,54
328,146,103,55
326,144,109,58
328,142,104,59
328,140,103,62
327,141,107,61
329,140,102,61
329,141,103,59
329,140,103,60
327,141,105,61
329,140,104,61
328,140,103,60
330,138,99,63
329,138,103,62
328,141,102,61
327,139,104,62
327,140,104,60
329,142,102,62
329,141,102,60
325,142,107,62
325,140,108,63
325,140,105,63
327,141,104,61
326,140,104,64
323,142,108,63
325,142,106,62
325,141,104,65
324,144,104,62
324,145,107,62
323,143,110,66
322,143,111,66
323,143,108,67
326,143,105,64
325,144,108,65
326,143,104,65
327,146,104,62
327,145,104,63
330,145,101,63
331,148,101,58
329,146,104,62
333,147,98,59
334,149,98,57
333,144,100,61
334,145,97,63
334,146,100,58
334,144,98,62
336,146,96,57
333,144,98,59
334,145,98,59
337,146,95,57
339,145,90,58
338,143,90,60
338,139,79,64
340,138,73,65
342,138,70,65
345,138,65,64
345,140,65,61
345,140,64,61
345,139,65,63
346,138,64,64
343,138,66,63
345,138,65,63
346,139,64,63
345,137,65,64
345,137,65,64
344,136,66,66
344,136,65,66
345,136,62,67
345,137,65,65
345,137,64,65
345,136,63,65
344,136,64,65
347,137,64,64
347,138,61,63
346,137,62,65
347,137,61,65
348,137,60,65
348,137,60,66
349,137,56,66
350,136,54,67
353,137,49,67
353,136,49,66
355,136,47,67
354,136,45,66
356,137,43,66
357,136,42,67
359,136,39,67
360,137,37,67
360,136,35,68
364,136,30,69
365,135,28,70
367,137,27,68
370,135,26,70
372,135,25,71
374,137,25,67
374,136,28,64
374,136,28,67
376,136,28,67
373,137,33,66
376,136,30,68
382,137,25,66
386,139,24,64
389,141,24,62
390,142,24,61
390,138,26,64
393,140,24,64
383,140,17,63
373,138,17,65
383,138,23,65
367,138,31,66
362,142,35,64
359,143,42,60
356,141,56,64
353,142,69,63
349,142,79,63
348,142,82,63
348,142,82,63
343,140,88,65
345,142,86,62
347,142,84,65
347,143,84,63
344,143,87,63
341,142,92,65
343,140,91,66
342,140,92,67
339,141,94,67
340,140,95,69
338,138,97,70
336,138,100,71
337,137,100,72
336,138,99,70
336,136,102,73
334,140,102,67
336,141,101,65
336,139,102,68
335,139,102,67
334,138,105,69
335,139,105,67
334,142,104,63
333,140,105,66
334,138,106,68
333,138,106,67
335,140,104,66
336,140,104,64
335,144,103,62
338,143,100,61
335,143,102,62
337,144,102,62
335,142,103,63
335,141,103,65
334,140,104,65
336,142,103,63
335,143,102,64
334,142,105,64
335,143,102,63
336,142,101,64
335,140,103,65
333,142,106,65
334,142,104,66
335,146,103,59
335,144,105,61
335,144,103,61
335,143,104,63
335,143,106,62
333,142,106,63
334,142,107,62
335,141,106,65
334,141,105,63
336,141,104,63
335,141,107,65
336,141,104,63
334,140,108,64
334,139,107,66
332,139,111,67
336,140,106,64
333,139,110,67
333,139,109,65
334,138,107,67
334,138,108,69
336,140,105,65
334,141,109,67
333,138,111,70
333,138,112,72
332,135,114,75
334,138,111,75
332,136,113,78
330,138,113,73
331,136,114,79
333,136,114,80
330,135,114,79
333,136,112,80
331,131,113,86
333,134,113,84
333,129,112,88
331,132,115,86
330,132,115,86
328,130,119,88
326,129,121,88
327,123,120,96
326,126,119,92
332,129,114,90
330,125,115,95
328,123,119,96
331,121,116,100
333,127,110,92
331,123,113,98
330,120,112,100
331,120,114,102
331,121,114,101
331,118,112,103
337,119,107,102
332,115,110,107
335,117,107,108
330,118,113,104
334,117,108,106
328,115,116,107
332,118,108,104
333,117,108,106
335,117,105,105
332,118,109,105
337,117,102,105
342,119,96,108
338,119,99,104
343,119,95,105
336,117,101,109
339,118,98,106
339,118,97,109
344,121,92,106
347,123,87,104
351,124,85,103
345,121,92,105
353,121,81,105
356,123,79,107
357,124,74,105
358,123,74,106
363,123,64,104
361,123,67,103
360,123,67,103
359,120,67,106
360,120,69,105
359,120,70,104
359,119,69,104
358,121,71,102
359,123,67,101
360,121,67,104
360,123,66,102
359,122,67,104
360,119,67,105
359,124,68,102
360,126,65,100
361,124,66,100
361,124,64,101
360,123,64,102
361,122,64,104
362,123,62,101
362,124,61,101
363,124,59,100
362,121,62,104
361,122,62,103
361,125,62,101
361,124,61,100
363,123,59,104
363,122,57,104
363,122,58,106
362,121,58,105
362,122,61,106
361,123,60,104
362,120,59,107
363,120,57,108
362,122,57,105
362,121,58,106
362,121,59,106
364,126,55,102
363,124,60,101
362,125,59,101
361,123,61,105
360,122,66,104
363,127,59,98
359,123,64,104
361,125,64,101
362,126,61,100
360,127,65,100
362,123,61,103
361,125,62,101
362,122,61,105
361,123,62,104
362,125,59,102
360,124,62,102
362,124,61,102
360,125,64,100
363,125,57,101
362,120,59,104
363,121,56,104
364,122,56,104
363,122,57,105
362,123,59,101
361,125,61,100
362,127,59,96
363,125,57,97
360,122,61,101
359,123,65,100
358,122,66,101
360,125,63,99
360,123,63,99
359,121,61,102
359,121,63,101
359,124,63,97
359,123,63,98
359,122,63,100
360,122,60,99
360,123,61,97
360,121,61,99
362,120,57,102
362,121,57,97
361,122,58,97
361,119,55,98
362,119,54,96
361,123,55,93
362,121,54,92
360,130,59,81
360,128,60,85
361,132,60,82
360,122,59,89
361,127,57,86
361,132,57,79
359,126,62,88
359,125,61,79
360,129,59,79
360,133,60,69
358,133,59,66
358,133,63,74
358,135,60,63
358,135,62,58
357,139,68,63
358,141,65,63
358,145,69,61
357,145,71,59
358,147,72,56
359,152,70,55
358,152,72,51
358,155,76,43
359,158,73,39
359,156,71,41
360,157,69,38
360,154,70,41
359,155,74,40
358,156,70,36
358,156,71,36
357,155,70,35
355,153,74,36
355,154,71,31
354,155,74,31
354,154,73,29
352,151,75,32
352,148,75,36
352,147,74,39
352,146,74,45
348,146,80,42
349,146,81,46
347,151,90,42
338,154,101,39
340,141,91,47
342,148,94,42
335,150,104,43
336,150,105,42
335,150,106,45
332,150,113,48
330,158,124,42
327,145,127,58
328,156,126,47
328,139,119,64
334,155,118,48
326,156,127,50
330,146,120,60
330,157,120,49
330,149,121,61
329,152,125,60
327,132,109,72
328,129,109,78
328,125,113,90
334,111,97,102
339,109,90,105
342,122,90,106
344,110,82,106
355,109,70,108
357,109,67,108
359,110,62,111
359,111,63,108
362,114,58,104
359,112,60,104
360,113,57,107
360,115,59,101
359,111,61,106
359,111,60,108
360,111,58,108
360,111,57,106
360,110,57,107
359,111,58,105
360,110,56,104
359,112,60,103
359,109,59,104
360,110,56,106
360,111,58,105
359,111,57,106
360,111,55,106
360,111,55,106
359,111,59,108
360,113,57,105
359,110,58,103
357,111,63,108
360,111,57,107
361,111,55,104
360,111,58,108
361,111,57,108
362,112,55,104
360,113,58,109
359,112,60,106
361,112,57,105
361,113,57,104
359,112,62,107
358,111,62,108
359,112,60,106
362,112,54,106
361,114,55,105
359,113,61,109
360,112,59,107
360,114,58,108
362,115,55,108
360,115,59,106
362,116,57,109
361,116,58,107
361,116,58,110
362,117,57,108
362,119,57,106
360,120,59,107
361,120,58,107
362,120,57,107
361,119,58,110
361,121,58,107
360,123,59,106
362,122,55,108
362,124,56,103
360,124,58,106
360,123,57,105
360,122,58,107
360,123,56,105
360,124,58,103
357,124,62,104
358,123,60,105
359,121,58,106
359,122,56,105
360,122,56,105
359,122,58,105
358,120,59,108
360,120,55,107
361,122,54,104
360,119,56,109
358,121,57,106
356,120,62,108
359,118,58,108
358,119,59,109
359,121,56,106
360,122,55,107
360,121,54,106
359,121,57,107
357,122,58,104
359,118,57,110
359,119,57,110
358,120,56,107
358,123,57,104
361,118,54,112
361,118,55,112
367,117,49,108
373,116,47,109
373,116,47,109
373,116,47,109
373,116,47,109
373,116,47,109
373,116,47,109
373,116,47,109
373,116,47,109
373,116,47,109
373,116,47,109
373,116,47,109
373,116,47,109
373,116,47,109
373,116,47,109
373,116,47,109
373,116,47,109
373,116,47,109
373,116,47,109
373,116,47,109
373,116,47,109
373,116,47,109
373,116,47,109
356,120,53,108
354,120,59,109
354,120,62,108
354,120,57,106
354,120,55,110
354,120,56,107
353,124,58,105
352,124,58,107
353,124,59,107
354,125,56,103
353,128,57,101
354,128,56,102
353,127,56,102
352,128,57,101
354,127,55,105
352,128,58,103
352,127,56,103
350,128,60,102
351,128,58,104
351,128,58,101
350,126,59,105
349,125,59,104
351,124,58,108
351,130,56,101
350,129,57,103
349,128,57,103
348,131,58,100
346,129,63,99
349,129,58,104
348,131,59,100
349,132,57,101
346,132,62,97
349,131,58,100
347,132,59,99
347,130,61,102
346,131,62,99
345,131,61,99
346,130,61,100
345,131,64,99
346,133,60,98
348,133,59,97
346,134,60,96
347,133,59,96
347,135,57,93
347,133,60,96
346,134,64,93
344,134,73,92
344,132,91,96
341,134,84,89
341,138,102,86
338,141,106,81
336,140,99,83
341,136,101,89
336,132,91,92
342,131,97,93
334,137,92,87
342,132,96,94
340,132,102,92
339,129,103,96
342,136,97,89
337,134,106,92
338,127,103,97
344,123,97,102
342,125,99,98
339,125,103,99
339,126,101,99
340,121,89,104
345,120,75,102
350,119,70,103
350,121,67,93
354,123,64,97
350,124,66,82
353,129,63,78
356,125,58,74
353,140,66,64
356,139,64,59
356,136,60,62
357,138,62,61
357,137,60,61
356,141,63,57
358,138,60,61
360,140,62,59
357,146,67,52
360,148,66,50
361,144,60,58
363,147,59,54
363,137,59,61
365,148,66,55
364,142,56,63
366,145,60,60
368,148,61,51
357,148,63,51
362,146,59,53
367,144,55,56
367,145,52,53
366,147,47,52
364,144,44,55
365,142,42,60
365,143,41,60
363,143,40,60
362,143,41,60
360,143,42,62
358,144,42,63
357,143,43,64
357,144,40,64
355,143,42,65
354,144,43,64
354,144,44,64
353,144,44,64
351,145,49,63
350,145,51,65
348,144,56,64
350,144,54,65
347,145,57,66
348,143,59,63
346,143,58,65
345,143,61,66
342,143,65,67
341,144,69,65
339,144,74,66
338,146,76,66
337,145,83,67
335,145,80,68
333,146,88,66
332,145,96,68
332,145,101,72
335,145,99,70
333,147,101,66
333,148,103,67
333,147,97,67
334,149,97,65
335,146,91,69
334,147,93,67
335,146,91,67
334,145,95,69
333,146,99,68
334,149,94,66
334,149,94,66
334,147,99,68
333,147,99,68
334,149,97,67
333,150,99,64
334,149,97,63
333,150,99,64
331,150,104,65
332,149,103,68
331,150,103,67
331,149,104,69
331,151,103,65
329,151,108,66
330,154,106,63
329,152,108,67
328,153,109,65
327,150,111,70
329,151,105,68
328,154,108,66
327,154,109,65
328,153,107,66
327,155,107,64
327,153,103,67
327,155,106,65
326,155,107,63
323,158,110,65
325,160,107,63
324,160,107,65
324,160,106,64
323,162,108,62
320,162,113,63
318,167,118,61
322,165,107,63
320,168,103,61
318,164,104,64
318,169,104,61
317,166,100,63
315,167,103,66
315,163,101,67
315,165,101,67
316,161,98,71
313,166,104,65
311,166,104,66
311,165,104,68
307,169,107,64
308,169,105,61
307,164,103,69
304,167,106,65
300,168,112,61
302,171,103,58
301,169,103,66
299,169,102,61
298,168,102,64
295,174,104,57
292,173,105,59
294,172,100,59
295,175,99,59
291,177,100,56
288,177,100,56
288,176,101,58
287,180,99,54
288,178,100,57
288,180,97,58
286,181,95,57
285,181,96,58
285,181,96,59
283,182,96,57
281,183,99,56
278,182,103,58
279,184,99,55
278,185,103,54
278,185,102,54
278,186,102,52
278,186,101,53
278,186,104,53
275,186,103,52
279,187,96,51
278,185,99,54
273,185,103,52
276,184,98,55
272,182,100,55
272,182,102,55
270,181,100,56
270,181,104,56
267,181,99,56
266,182,105,53
263,181,106,57
261,180,109,57
256,179,109,56
255,178,108,58
251,177,107,58
249,178,105,55
245,177,110,56
242,177,111,56
242,176,108,58
238,177,108,58
237,177,107,58
236,177,105,58
230,177,109,59
232,175,110,63
225,177,111,59
227,175,106,64
220,175,112,63
216,177,113,58
216,177,111,58
215,177,112,58
214,176,109,58
212,176,111,59
212,176,108,57
211,175,106,59
209,175,109,58
207,173,110,59
204,172,112,60
204,172,111,58
203,171,112,60
200,172,117,57
203,172,105,56
201,172,107,57
201,172,102,57
200,173,100,55
198,174,101,55
198,172,104,55
195,172,106,56
195,173,105,56
195,172,106,57
193,172,108,57
195,175,104,54
192,172,107,56
194,174,102,54
191,174,105,55
191,174,107,54
191,176,105,53
189,174,109,54
189,175,108,55
189,173,104,56
188,174,107,54
192,174,100,54
192,176,99,53
190,175,106,54
190,175,107,52
191,178,107,50
192,176,105,53
193,176,109,53
191,175,115,56
194,174,114,57
195,173,114,57
198,173,112,58
201,175,108,56
200,174,111,54
201,175,111,56
201,176,112,54
205,175,111,53
201,175,117,53
202,177,116,53
221,175,99,59
226,175,89,61
227,174,90,63
232,174,84,62
235,176,81,59
238,176,80,59
240,174,79,62
242,173,80,62
246,175,77,62
249,175,72,60
253,176,72,62
256,177,67,61
261,177,68,62
263,178,65,61
278,180,54,60
271,184,60,55
273,183,57,54
275,186,55,52
275,186,55,52
279,187,53,50
281,187,54,50
282,188,52,51
284,188,50,48
286,186,50,51
286,187,50,48
288,186,50,47
288,188,49,46
289,188,52,46
290,188,53,45
291,190,51,41
291,191,54,39
291,193,58,38
293,194,55,36
294,194,54,39
295,195,55,39
298,194,54,42
298,195,54,43
298,196,56,42
298,197,57,41
299,198,56,41
297,198,58,41
299,198,56,40
299,198,57,41
297,199,59,40
301,199,55,40
298,200,59,39
298,202,57,36
297,204,58,34
295,203,61,33
293,205,62,32
292,198,65,39
293,198,64,40
298,197,61,42
300,198,59,42
301,197,59,40
297,197,61,43
304,195,55,45
304,188,55,41
304,195,55,38
301,193,60,40
302,196,57,34
301,195,58,40
297,193,61,41
295,193,63,49
279,191,77,54
270,192,86,54
267,191,88,58
267,192,85,57
266,190,85,60
264,186,88,68
262,183,90,71
255,177,94,79
260,177,87,80
258,176,87,82
258,176,83,81
257,176,86,82
251,175,89,85
244,171,96,87
247,173,93,88
238,171,100,88
243,170,95,91
242,170,93,89
247,172,83,90
238,172,92,90
240,171,89,88
242,169,86,95
243,169,83,95
244,170,82,94
241,172,82,90
244,169,78,92
245,172,76,92
246,171,78,91
250,174,71,88
247,170,78,92
247,169,80,91
246,167,84,92
247,168,83,90
246,165,82,91
249,167,76,89
248,163,75,93
247,164,76,91
250,163,67,92
252,161,63,94
248,162,68,94
250,159,62,95
250,159,64,94
249,161,66,91
250,158,64,95
250,157,61,96
249,160,64,92
253,157,59,93
253,159,59,93
252,158,60,92
251,157,62,94
253,156,60,93
253,155,60,94
254,154,61,90
253,154,66,91
254,151,63,92
252,153,65,92
256,150,62,92
256,152,63,88
257,152,62,86
257,151,63,87
259,149,61,89
256,150,66,87
257,148,63,87
258,150,61,82
260,150,59,82
259,151,61,78
259,154,60,68
259,156,59,64
258,161,60,56
256,162,65,56
252,164,70,56
251,168,71,52
252,172,70,45
249,176,73,41
247,180,75,40
247,182,72,40
247,181,78,41
246,184,84,40
247,182,84,42
247,180,85,46
246,180,85,45
246,178,87,48
245,176,93,51
248,177,85,53
243,176,91,56
243,175,92,56
239,177,103,55
236,177,109,58
237,178,105,58
237,177,107,58
236,179,110,57
239,176,104,60
233,170,114,68
235,177,109,63
233,168,115,71
236,171,112,68
232,168,113,72
233,168,111,72
234,167,110,73
236,167,107,75
238,170,104,72
236,166,104,77
237,166,104,80
237,165,106,81
236,165,105,81
238,164,105,81
239,168,104,78
240,169,101,77
241,167,103,81
241,167,102,82
243,164,103,82
245,167,100,82
246,167,100,80
246,168,100,79
247,167,100,78
246,169,100,77
250,170,97,75
249,171,98,73
252,172,97,71
253,169,98,74
252,173,103,70
254,171,102,72
259,170,102,75
257,167,107,77
256,169,113,70
258,169,113,76
254,169,122,71
258,166,120,71
261,166,121,72
262,168,122,70
258,167,126,68
275,167,114,69
261,165,131,72
262,166,135,67
281,168,119,64
289,166,111,71
303,167,98,66
308,168,95,69
306,169,96,67
309,170,94,66
310,171,95,64
312,170,94,64
310,169,99,68
314,169,95,66
317,169,94,68
317,169,93,66
319,169,90,65
317,167,92,66
322,168,88,66
317,165,88,66
317,166,93,66
323,166,88,69
326,166,84,64
324,164,87,68
325,162,86,70
326,161,86,68
327,161,86,71
326,159,85,68
327,159,86,68
329,156,85,70
329,154,88,70
329,153,85,70
331,152,87,71
331,151,87,72
332,151,88,70
332,151,90,70
332,149,89,72
331,151,93,68
333,151,91,68
333,150,94,66
333,151,95,67
333,151,100,66
339,150,94,67
342,148,92,68
341,151,95,68
342,152,94,67
341,151,100,67
343,153,94,67
347,153,92,66
351,154,86,64
350,154,91,60
353,156,85,60
354,155,86,64
355,155,83,66
357,157,81,62
357,158,84,61
359,160,83,57
358,161,86,57
361,160,84,61
362,160,84,61
362,161,86,63
363,163,88,61
365,163,87,61
367,164,86,60
369,164,86,61
370,167,85,59
369,167,90,60
369,166,94,61
367,165,97,63
371,168,94,61
371,168,95,60
371,167,97,60
373,168,95,62
373,169,95,60
374,168,94,60
374,171,96,55
375,170,97,58
374,171,101,56
380,171,97,59
383,171,95,60
387,171,93,63
390,170,92,67
390,175,93,60
392,175,95,63
397,175,92,67
394,178,94,64
400,176,90,68
407,184,85,62
402,185,94,61
401,190,97,57
403,191,100,57
401,193,101,57
404,196,99,54
405,197,107,57
403,195,107,59
411,197,103,57
410,198,106,58
412,199,108,59
406,198,116,62
410,199,115,62
406,199,118,63
411,200,126,65
407,199,125,67
413,201,124,65
411,202,125,66
413,202,125,68
409,203,130,66
407,204,131,63
428,204,114,61
427,206,108,58
433,208,112,55
432,205,105,57
438,207,101,56
434,206,105,55
438,208,106,54
438,208,101,54
439,207,101,55
434,210,103,49
439,205,101,56
439,206,102,60
439,205,104,60
443,208,96,56
442,206,105,63
434,209,107,58
440,210,104,58
441,210,101,58
435,211,106,59
439,213,105,56
439,211,109,61
443,208,103,61
436,209,103,60
441,210,103,60
441,209,105,62
438,208,105,63
444,211,104,64
443,216,102,58
444,216,105,59
446,219,100,56
443,220,99,58
453,219,92,59
443,219,95,57
450,221,95,59
446,221,97,56
447,224,99,56
442,224,99,56
448,220,99,61
443,222,99,55
441,221,104,60
446,222,105,59
442,222,100,58
445,219,100,61
439,217,104,61
447,222,101,60
444,222,99,58
449,222,95,58
458,221,84,58
459,222,85,58
462,220,86,57
460,221,84,60
462,222,82,56
454,222,89,58
447,219,96,57
447,223,102,60
440,221,102,59
445,222,99,58
450,224,93,57
442,223,98,57
452,223,93,57
449,225,93,55
443,224,100,56
438,226,102,57
444,224,102,56
444,226,98,56
443,225,98,58
442,224,100,57
445,224,98,57
443,224,97,58
438,225,103,56
442,224,101,57
435,224,103,57
443,223,95,58
434,223,103,56
431,222,111,59
426,219,112,63
427,218,108,62
432,219,102,59
423,218,108,60
420,219,108,59
417,217,111,59
415,218,111,60
414,217,110,61
413,218,108,59
412,218,107,60
411,218,107,60
410,218,105,60
409,219,102,59
406,219,103,59
406,220,100,58
404,221,99,57
403,221,96,57
399,221,98,56
397,220,99,57
395,222,97,54
391,222,102,55
389,221,102,56
388,220,101,58
389,220,98,55
386,222,98,55
382,219,103,58
377,219,107,59
376,217,105,60
373,219,108,58
371,218,107,59
369,218,106,59
366,219,107,58
361,218,109,59
359,218,106,60
357,218,105,59
355,218,105,59
355,217,98,58
350,218,100,57
345,217,102,57
344,214,100,58
341,218,101,54
339,215,99,55
335,217,98,54
332,217,100,55
329,216,102,54
327,217,100,53
324,217,102,53
322,216,101,55
318,216,102,56
317,215,100,55
310,216,105,54
310,217,101,53
309,216,101,54
305,216,102,56
304,215,100,56
301,215,103,55
300,215,101,54
294,217,104,52
295,216,102,55
292,216,103,55
291,217,101,54
291,217,100,53
287,213,101,59
287,215,102,57
284,215,102,58
283,212,103,61
281,214,103,61
280,216,104,58
282,217,94,56
279,211,101,64
279,211,103,68
278,215,99,60
278,212,98,66
277,213,97,65
277,207,97,71
275,208,99,72
276,211,98,68
274,204,101,74
275,203,98,76
275,199,99,79
274,198,97,82
272,195,98,85
274,194,98,85
272,196,99,85
269,193,102,86
270,190,101,91
274,191,97,89
269,195,103,85
271,192,99,88
271,194,98,89
273,192,96,91
268,191,103,90
272,193,98,88
270,192,102,92
270,193,101,88
270,192,103,92
270,191,102,93
271,192,99,92
272,193,100,90
273,192,96,93
271,192,102,92
271,193,104,92
269,192,106,92
273,192,102,92
271,195,105,90
276,195,96,90
274,195,97,92
274,195,97,92
275,194,96,93
274,196,98,91
273,200,102,86
273,195,99,90
271,197,102,91
273,191,99,96
270,193,102,95
269,192,102,94
268,197,104,90
271,196,100,90
270,196,101,92
263,194,109,92
266,196,104,91
266,198,102,89
265,197,102,89
267,197,101,89
267,198,98,91
269,199,98,90
269,198,96,89
268,201,97,87
267,203,97,85
268,204,93,83
271,205,88,85
269,201,91,89
269,201,88,89
267,207,91,83
267,209,89,81
268,209,88,82
268,213,86,76
270,212,83,79
270,211,81,78
273,213,75,75
271,213,79,75
274,216,72,73
273,215,74,73
274,214,75,75
275,214,71,74
279,217,67,72
278,218,66,71
279,221,65,69
280,218,66,70
282,223,61,65
284,220,59,68
283,222,64,64
286,223,56,64
286,223,56,63
288,224,52,63
288,225,53,63
289,223,55,64
289,225,56,62
289,224,55,62
290,226,54,61
291,224,54,63
290,226,53,62
290,225,53,62
291,224,52,62
290,226,56,60
289,222,56,64
289,223,58,62
291,223,55,62
289,224,59,61
290,222,56,61
289,224,60,59
290,223,57,60
290,226,54,61
290,224,53,62
291,225,53,61
291,227,52,59
291,227,51,60
291,224,49,61
290,223,52,62
291,226,48,62
289,226,50,62
290,228,46,61
290,228,46,62
291,228,43,62
288,231,45,63
291,232,39,64
289,231,40,67
287,232,38,68
288,232,37,68
290,234,38,68
287,232,37,73
288,234,37,71
286,233,36,72
286,235,35,72
286,234,34,75
283,237,37,73
282,241,36,71
281,238,38,76
279,243,38,72
278,242,41,73
276,244,42,73
275,245,44,73
274,244,44,74
273,246,46,76
271,246,49,73
272,248,48,75
271,247,49,77
269,249,52,75
267,250,53,75
266,250,55,75
266,252,54,75
265,252,55,76
265,254,56,75
263,255,58,75
264,256,58,75
264,258,57,74
264,258,58,75
263,259,57,74
262,259,61,77
261,258,62,77
263,260,59,79
262,259,63,76
262,262,62,77
262,263,62,79
264,261,60,79
