254,93,57,75
252,92,60,77
252,92,61,75
253,91,59,78
252,93,62,75
253,92,60,79
251,93,61,78
250,94,62,78
251,93,61,77
251,94,62,77
252,94,63,78
254,94,61,79
255,96,60,77
253,94,63,77
252,95,61,77
251,94,62,78
254,92,64,79
256,94,63,79
259,89,63,79
262,90,62,79
262,88,65,81
263,89,64,83
264,92,64,80
264,92,62,81
262,95,67,81
263,96,64,82
264,98,67,81
264,100,68,82
264,97,68,86
265,95,66,88
264,98,70,85
265,98,67,85
261,98,72,87
261,104,67,82
255,103,68,84
254,107,68,81
251,107,68,81
247,109,66,81
242,108,70,80
238,112,68,78
236,112,65,77
234,115,64,77
234,118,61,76
234,118,59,75
232,116,62,75
232,117,60,75
233,118,62,75
236,118,60,72
239,120,57,70
242,120,57,70
242,122,60,69
247,119,58,72
251,121,55,69
254,123,56,67
258,123,56,69
261,125,56,69
264,127,58,66
271,132,54,66
273,132,55,64
277,134,54,66
280,134,54,64
285,135,52,63
288,137,50,63
291,138,47,60
293,138,48,60
295,138,48,60
295,138,49,60
295,138,48,60
298,138,45,58
296,139,48,58
297,139,47,58
298,139,46,58
298,140,47,57
299,141,44,57
298,141,47,59
298,141,46,58
297,142,47,59
298,143,46,57
298,143,46,58
296,143,47,59
296,145,46,58
294,143,49,60
292,143,52,60
291,141,54,62
291,142,54,62
293,140,53,64
294,143,53,59
292,142,57,61
294,141,56,62
296,141,55,62
296,138,56,67
297,139,57,67
295,140,60,64
298,143,58,61
299,142,58,63
300,140,57,64
301,138,58,67
302,144,60,60
303,143,60,60
301,138,66,65
304,142,63,58
304,137,65,63
306,139,64,61
306,139,66,59
309,139,65,59
309,142,66,54
311,142,67,56
311,140,68,56
312,141,67,56
312,138,68,58
314,139,66,59
315,142,67,53
316,142,66,54
317,142,65,54
317,142,65,53
315,141,65,55
315,138,64,58
314,139,65,56
313,140,65,55
314,144,65,49
314,142,63,51
312,140,64,52
311,138,64,55
310,142,65,49
310,144,64,46
311,143,64,46
309,143,64,48
308,145,66,44
311,145,63,45
308,145,67,46
310,144,66,48
311,147,64,44
311,147,65,43
312,148,64,41
314,150,62,40
309,150,67,39
311,150,64,40
312,149,64,41
312,149,64,39
313,149,65,41
314,149,65,43
317,149,63,43
319,151,63,41
321,151,63,40
324,152,64,42
327,152,63,42
329,151,63,43
331,152,64,43
333,152,65,44
335,152,62,43
336,153,63,41
337,153,61,42
337,153,60,41
337,153,60,41
337,153,60,40
339,153,60,40
339,153,61,39
340,152,61,43
341,152,60,42
339,152,63,41
341,153,61,41
342,153,60,41
345,152,59,43
343,152,60,42
342,153,62,41
343,153,62,41
345,152,60,42
347,152,59,43
348,153,60,41
350,154,60,40
350,153,61,43
351,153,60,43
351,152,61,44
352,153,60,44
353,152,60,44
356,153,58,42
356,153,58,43
356,152,59,45
357,152,58,45
357,152,61,46
359,152,61,46
360,152,60,46
361,153,60,45
361,154,60,44
363,155,58,43
363,153,60,48
366,154,55,48
366,155,54,48
370,159,49,46
369,158,49,46
366,158,53,48
366,157,52,47
367,158,52,46
364,159,55,45
360,158,58,46
357,159,60,46
356,159,60,47
355,160,60,48
354,161,60,50
354,162,60,49
353,162,60,52
352,163,59,55
352,163,57,63
352,165,58,65
352,166,58,66
353,167,57,64
352,166,57,67
353,167,57,65
354,168,56,63
353,167,57,67
354,167,56,69
354,168,57,67
355,168,56,66
355,169,57,62
356,170,56,61
357,170,55,61
357,171,57,61
357,170,58,70
359,170,58,85
364,170,54,73
362,173,59,81
360,173,63,85
368,173,55,78
372,176,52,74
375,172,51,69
377,177,50,66
374,179,54,64
376,180,53,59
380,181,50,52
382,183,46,44
377,185,50,40
378,186,47,40
378,187,46,38
377,188,45,39
373,187,47,39
371,188,47,37
369,187,45,38
367,187,46,38
364,187,45,38
361,186,45,38
359,186,45,38
360,186,42,37
358,187,41,36
356,186,43,37
359,185,40,38
362,186,36,37
362,186,33,38
356,186,35,39
352,187,37,39
350,188,39,36
348,189,37,36
345,189,36,37
342,188,38,37
340,188,38,38
340,189,36,36
341,188,34,36
341,187,33,36
339,187,34,36
339,186,34,37
339,187,33,35
339,187,32,34
338,187,33,35
338,187,32,36
338,186,30,35
337,186,29,35
336,185,29,35
335,183,28,38
334,183,28,37
333,183,28,36
332,182,27,36
332,181,26,38
333,180,26,38
336,180,23,37
336,181,22,35
334,180,22,34
334,180,22,34
334,181,22,32
333,180,23,34
334,178,20,35
335,177,19,36
334,176,20,38
331,175,22,39
332,175,20,39
333,176,19,34
335,175,16,37
335,176,16,33
330,176,17,32
330,176,19,32
330,175,15,34
330,175,16,34
321,173,19,36
320,172,23,39
315,171,25,41
324,172,36,45
316,171,46,51
327,173,37,52
317,171,45,55
324,172,39,54
328,177,35,49
318,169,40,57
315,168,51,65
311,167,56,74
328,163,42,80
337,179,38,74
331,183,37,72
331,183,37,72
331,183,37,72
331,183,37,72
331,183,37,72
331,183,37,72
331,183,37,72
331,183,37,72
331,183,37,72
331,183,37,72
331,183,37,72
331,183,37,72
331,183,37,72
331,183,37,72
331,183,37,72
331,183,37,72
331,183,37,72
331,183,37,72
331,183,37,72
331,183,37,72
331,183,37,72
331,183,37,72
331,183,37,72
331,183,37,72
331,183,37,72
331,183,37,72
331,183,37,72
331,183,37,72
331,183,37,72
331,183,37,72
331,183,37,72
331,183,37,72
331,183,37,72
331,183,37,72
331,183,37,72
331,183,37,72
331,183,37,72
331,183,37,72
331,183,37,72
331,183,37,72
331,183,37,72
331,183,37,72
331,183,37,72
331,183,37,72
331,183,37,72
331,183,37,72
331,183,37,72
331,183,37,72
331,183,37,72
331,183,37,72
331,183,37,72
331,183,37,72
331,183,37,72
331,183,37,72
331,183,37,72
331,183,37,72
331,183,37,72
331,183,37,72
331,183,37,72
331,183,37,72
331,183,37,72
331,183,37,72
331,183,37,72
331,183,37,72
331,183,37,72
331,183,37,72
331,183,37,72
331,183,37,72
331,183,37,72
331,183,37,72
331,183,37,72
331,183,37,72
331,183,37,72
331,183,37,72
331,183,37,72
331,183,37,72
331,183,37,72
331,183,37,72
331,183,37,72
331,183,37,72
331,183,37,72
331,183,37,72
331,183,37,72
331,183,37,72
331,183,37,72
331,183,37,72
331,183,37,72
331,183,37,72
331,183,37,72
331,183,37,72
331,183,37,72
331,183,37,72
438,160,48,68
438,160,48,68
438,160,48,68
438,160,48,68
438,160,48,68
438,160,48,68
438,160,48,68
438,160,48,68
438,160,48,68
438,160,48,68
438,160,48,68
438,160,48,68
438,160,48,68
438,160,48,68
438,160,48,68
438,160,48,68
438,160,48,68
438,160,48,68
438,160,48,68
438,160,48,68
438,160,48,68
438,160,48,68
438,160,48,68
438,160,48,68
438,160,48,68
438,160,48,68
438,160,48,68
438,160,48,68
438,160,48,68
438,160,48,68
438,160,48,68
438,160,48,68
438,160,48,68
438,160,48,68
438,160,48,68
495,195,55,61
495,195,55,61
525,157,61,58
520,162,71,50
519,160,75,51
522,160,75,51
525,159,76,55
514,195,61,55
541,162,68,47
538,161,78,44
542,162,76,43
546,161,77,48
552,161,75,49
552,160,77,53
556,160,76,51
557,158,77,54
559,157,77,53
561,157,77,52
563,156,78,54
562,155,85,62
562,153,86,71
566,153,85,73
570,152,82,77
573,152,81,78
576,153,81,75
581,152,79,77
581,153,80,78
583,154,83,77
578,155,90,75
583,154,86,79
592,154,76,73
595,154,76,69
595,153,76,67
596,152,75,68
591,149,79,68
586,147,85,71
583,144,87,74
576,141,92,86
584,139,83,78
577,139,90,75
569,136,96,88
568,131,97,93
570,131,96,89
568,130,101,78
573,127,95,78
580,122,88,68
581,120,85,68
578,116,86,80
577,112,91,70
582,109,84,67
588,106,78,63
593,103,73,53
591,100,76,53
589,96,77,59
589,92,77,62
592,90,73,57
592,88,74,50
592,85,71,50
593,83,70,48
593,80,71,48
589,74,74,52
589,71,73,53
587,68,77,52
588,65,73,52
588,62,72,53
585,60,74,50
585,56,73,52
583,54,74,51
582,51,75,54
582,49,75,52
581,47,73,53
581,46,72,53
584,44,70,56
582,43,71,54
581,42,72,55
579,41,73,56
579,41,73,54
578,41,74,55
580,41,70,53
578,39,73,57
580,40,72,54
581,40,73,55
581,39,72,58
581,40,73,54
582,40,72,54
583,40,72,56
582,40,73,55
584,41,71,55
586,41,65,56
586,41,66,55
584,42,68,52
585,43,62,52
583,43,62,53
582,44,61,50
578,43,63,49
578,43,61,53
575,44,62,51
571,44,63,53
569,44,64,51
566,44,65,51
563,45,65,50
562,46,61,47
557,45,63,50
551,46,66,49
547,46,66,52
543,47,66,51
538,48,66,49
533,48,66,49
529,49,64,50
522,52,68,47
516,52,68,48
516,52,63,50
514,55,61,43
510,55,60,45
502,54,67,47
500,54,62,50
497,54,62,48
494,55,64,49
490,55,63,50
485,55,66,49
483,55,64,49
479,54,64,51
474,54,65,52
469,55,68,49
466,54,70,51
466,55,65,50
464,55,65,48
463,56,64,44
459,57,66,43
460,57,61,44
458,57,62,44
455,58,64,41
452,59,65,41
450,57,64,46
450,58,61,44
449,59,61,42
448,58,60,43
449,59,59,43
447,59,59,45
447,60,58,43
448,60,58,41
448,61,57,39
449,62,54,37
452,63,52,37
453,63,50,37
456,63,47,37
456,64,48,38
458,65,46,38
460,65,44,39
461,66,42,38
463,66,40,38
460,65,42,38
458,66,42,37
458,66,40,35
461,66,37,35
457,64,40,36
456,64,39,36
455,63,38,36
459,64,34,36
460,64,31,36
459,63,32,36
456,62,35,38
455,63,34,36
455,62,34,38
455,62,34,37
454,62,33,37
454,62,33,38
454,63,31,36
456,64,28,36
458,66,24,35
459,67,19,34
461,68,17,36
462,70,17,35
462,71,19,36
462,72,20,35
463,74,20,35
463,74,21,35
461,75,24,38
457,77,29,35
457,79,29,36
457,81,31,37
456,83,31,36
454,84,32,37
453,85,34,36
452,87,36,35
453,87,35,37
452,89,37,35
451,90,37,34
450,91,38,34
449,92,39,34
448,93,39,33
447,93,39,33
445,94,39,32
443,93,39,32
442,94,39,33
441,93,38,33
440,93,38,33
438,92,41,34
436,91,41,32
435,91,43,33
434,88,43,32
434,88,42,33
432,86,43,34
431,85,46,33
430,83,49,36
429,84,51,33
427,84,51,34
427,83,53,34
427,83,52,33
427,84,51,34
427,83,51,33
427,82,50,35
426,83,51,34
426,83,51,38
427,83,49,35
426,84,50,35
427,85,48,35
427,85,49,35
428,85,48,34
428,84,48,34
428,84,49,36
428,83,51,35
428,84,52,33
430,82,50,33
430,81,50,34
431,80,49,35
432,79,49,34
432,78,49,34
434,77,48,33
433,77,49,35
435,76,48,35
434,77,49,34
433,77,51,33
433,77,52,33
433,76,50,34
433,75,51,36
434,75,50,35
433,75,50,36
433,76,50,34
435,75,49,35
433,75,52,36
433,76,53,36
433,77,52,35
433,78,53,34
434,78,51,35
434,78,52,34
435,77,52,35
435,78,52,36
436,77,52,36
437,78,53,37
437,80,54,34
438,80,54,36
438,81,54,36
438,82,56,36
439,83,55,36
438,83,55,37
437,85,57,35
437,84,56,38
437,84,56,36
436,83,57,37
437,84,57,36
436,82,57,39
437,82,57,38
437,81,56,37
438,82,56,35
439,81,57,36
439,80,58,40
440,80,57,37
442,79,57,38
442,79,56,39
443,78,56,40
442,78,57,40
441,77,58,39
441,75,58,40
441,75,58,39
441,74,58,39
441,73,57,39
440,70,60,42
440,69,60,42
440,68,59,43
440,66,59,42
439,65,60,41
440,64,60,42
442,63,58,43
442,61,60,44
443,62,60,41
444,60,62,43
446,60,60,41
447,58,61,43
449,58,60,43
451,56,61,44
453,55,60,45
454,55,59,44
454,55,61,45
454,54,59,46
454,55,60,43
454,54,58,44
452,53,60,45
449,54,59,43
446,53,59,44
445,53,60,44
442,53,59,44
440,52,61,45
436,52,59,45
434,52,60,46
434,51,59,47
430,51,60,49
426,52,60,45
422,51,63,46
421,51,61,45
417,51,62,44
414,51,63,46
412,51,61,44
407,50,63,46
404,50,62,45
400,51,60,43
395,49,61,44
393,49,61,44
391,50,60,43
388,49,59,44
385,50,60,42
383,49,61,45
382,49,60,43
377,48,64,45
375,48,63,46
373,48,61,42
369,47,64,43
369,46,61,46
365,46,61,44
364,45,58,46
358,46,60,41
353,47,62,42
349,45,62,42
348,44,59,45
344,45,60,42
343,45,58,42
339,45,60,44
336,44,61,44
333,44,63,45
329,43,64,46
326,44,63,41
322,43,64,41
318,42,65,41
315,42,61,40
311,44,62,37
307,44,59,36
304,44,59,37
299,43,58,39
295,43,58,40
291,42,60,42
286,42,61,41
283,42,62,42
279,42,61,42
277,41,62,44
271,41,66,46
270,42,63,43
266,42,66,44
262,43,65,43
258,43,64,45
254,46,63,41
251,45,62,44
247,44,61,48
242,46,60,46
239,46,59,46
234,46,61,46
229,47,63,44
226,47,62,45
223,47,61,44
220,46,63,47
215,46,63,46
211,46,63,44
206,45,65,45
203,46,64,43
200,46,63,45
198,46,62,44
196,45,62,47
193,45,61,47
188,45,62,45
186,45,61,45
182,45,62,44
179,44,60,44
175,44,61,45
170,44,62,45
166,43,62,46
164,43,60,44
159,44,61,45
153,43,63,47
149,42,61,47
144,43,61,47
140,43,59,46
134,42,60,45
130,40,60,46
124,40,62,43
120,38,62,45
116,37,63,47
114,36,60,46
109,37,61,46
105,36,63,46
100,36,61,47
95,36,60,45
92,36,60,48
87,36,60,47
81,37,61,46
78,37,59,47
73,38,59,46
70,39,58,48
64,39,60,46
62,40,58,45
58,39,58,47
54,39,62,47
52,38,60,48
49,39,61,47
48,38,59,48
47,38,60,46
46,38,59,47
46,37,59,47
45,37,60,46
43,38,61,47
43,37,61,47
43,39,59,45
44,39,58,45
44,39,57,45
44,40,58,46
42,41,59,47
41,42,60,46
39,42,61,46
40,42,61,47
39,43,60,46
40,43,59,47
38,43,61,47
38,44,60,46
40,44,61,47
41,46,59,44
40,46,59,46
41,46,59,46
38,48,61,45
39,48,61,46
38,49,61,45
39,52,61,43
38,54,60,41
37,53,61,45
39,54,61,45
37,55,61,44
37,56,61,43
39,57,60,43
40,57,59,45
41,58,60,44
42,59,59,44
43,59,60,44
44,61,59,42
45,61,59,42
46,62,58,42
46,62,58,41
47,62,58,40
48,62,58,41
49,63,58,40
51,63,57,40
51,63,59,39
53,63,56,40
53,64,56,40
54,63,57,39
54,64,57,40
56,64,57,41
57,65,56,39
58,65,55,38
58,66,55,37
58,65,55,39
58,66,56,37
59,66,55,36
59,66,54,36
59,66,54,37
59,66,54,37
59,67,54,34
60,68,53,35
60,69,54,33
60,68,53,34
59,68,55,34
60,68,55,34
60,69,55,32
61,70,54,30
61,70,53,32
61,69,53,32
59,72,55,30
61,73,55,30
60,74,53,33
59,76,54,33
59,78,54,32
59,80,53,32
57,82,54,30
57,83,55,31
59,85,53,32
59,87,53,32
58,89,54,30
58,91,55,31
59,93,55,30
62,95,54,32
61,97,55,28
62,98,54,30
62,100,56,28
62,103,56,28
62,106,57,29
63,108,56,29
63,111,57,29
64,114,56,29
65,117,54,30
65,120,55,28
65,124,56,27
65,125,57,28
66,128,57,29
70,131,55,27
70,133,57,27
73,136,57,26
74,138,59,26
76,141,58,27
78,142,59,28
79,145,61,27
79,146,59,27
79,147,60,28
78,150,60,28
79,151,61,28
79,154,59,27
78,156,59,27
78,159,61,29
79,162,58,29
78,165,59,27
78,168,59,27
79,171,59,29
79,174,60,30
79,177,60,28
79,181,60,28
79,184,58,28
78,187,59,28
79,189,56,28
78,192,57,31
79,195,57,29
79,198,57,29
81,202,56,29
80,205,57,30
80,209,57,30
81,212,56,33
82,215,55,30
80,219,57,30
79,222,59,28
81,224,56,29
82,226,56,31
83,228,55,31
84,231,53,30
85,235,51,31
81,238,55,31
82,241,53,32
82,244,54,30
78,245,57,32
78,248,55,31
81,250,51,32
79,252,52,33
77,254,54,31
76,255,55,32
76,257,55,32
76,258,54,32
77,259,54,32
77,261,53,33
79,262,53,32
79,262,53,34
79,263,56,33
80,263,55,34
82,265,55,33
82,265,55,33
84,265,57,33
87,266,55,32
87,266,56,33
89,266,54,32
90,266,57,32
92,264,55,34
95,264,55,33
97,264,56,33
101,265,56,32
103,263,57,34
107,264,56,34
110,264,58,34
114,264,57,33
116,264,60,33
124,263,57,34
128,262,60,34
134,261,59,36
138,260,60,35
145,260,57,34
152,260,57,35
159,259,58,36
167,258,56,35
171,258,60,34
178,256,60,36
184,257,60,35
193,257,59,33
198,257,61,34
207,257,58,36
214,257,60,39
218,258,64,37
226,258,65,41
231,257,65,41
237,257,66,39
243,258,66,38
248,259,66,39
256,259,64,38
259,256,64,39
263,256,65,39
268,256,65,38
272,255,65,38
279,256,64,38
283,257,65,37
290,257,66,39
295,257,66,40
300,257,67,41
304,258,70,41
311,258,67,40
316,258,68,40
319,256,68,40
322,254,68,40
327,254,69,39
330,254,69,39
332,254,69,38
335,256,69,40
338,257,69,39
339,258,70,39
344,260,68,40
346,262,69,39
349,262,69,40
350,262,70,41
