131,173,111,69
132,176,110,67
128,171,112,73
129,173,111,69
133,176,111,68
129,172,111,64
127,173,115,69
131,171,111,72
130,173,112,70
132,174,109,66
131,169,111,75
129,174,115,68
130,174,113,69
129,174,116,68
132,174,110,67
137,171,102,68
137,173,105,68
131,172,110,73
133,172,110,72
130,175,114,66
131,176,112,68
130,170,113,75
131,173,111,69
128,169,119,74
132,171,114,76
128,172,122,72
132,175,112,71
128,172,116,71
129,173,115,71
129,169,116,73
130,174,115,73
132,174,114,65
129,175,113,72
131,169,113,73
132,176,112,71
134,172,107,67
131,172,114,67
127,175,117,74
133,172,112,74
131,173,115,70
131,170,113,76
129,173,117,72
126,169,124,76
132,171,112,74
131,170,112,73
134,172,110,71
127,166,119,77
128,168,117,78
132,166,110,76
126,156,120,91
126,151,122,91
132,151,117,85
131,143,119,93
130,142,121,90
133,147,113,87
136,140,111,85
136,140,111,87
135,142,113,78
135,147,116,69
139,144,110,74
138,139,111,78
137,140,113,71
140,142,113,69
137,139,115,73
139,137,108,68
141,136,113,66
140,132,113,73
140,131,111,68
141,130,114,75
142,132,113,66
142,130,111,72
142,129,116,71
142,127,117,71
144,128,117,72
143,126,118,72
143,125,119,72
146,126,118,70
145,123,115,72
148,123,116,75
147,123,118,69
146,123,121,72
148,122,119,72
150,120,119,74
149,123,120,70
152,122,119,70
152,122,127,69
156,124,117,65
158,122,113,67
158,122,116,66
155,120,122,70
154,121,130,69
157,119,121,72
158,119,123,71
157,118,125,73
159,120,123,70
162,122,121,67
161,117,124,71
163,120,123,69
164,119,125,70
165,119,122,68
164,118,126,71
166,119,128,68
168,119,121,68
167,118,125,67
169,119,122,68
170,117,120,68
169,120,126,67
171,117,123,68
172,117,119,71
173,116,122,68
173,118,123,69
175,117,120,67
174,118,126,68
176,116,121,69
175,118,125,68
175,116,128,69
176,115,124,72
177,116,130,71
178,119,126,65
176,119,127,69
182,118,116,65
181,116,117,70
179,120,120,65
178,118,121,67
179,117,121,68
174,120,129,67
175,120,128,66
177,117,119,69
175,121,126,67
177,115,120,71
176,119,118,69
174,117,123,72
172,120,126,68
173,118,124,72
171,119,124,71
174,118,121,72
173,119,119,71
171,119,124,71
170,118,122,70
169,119,122,71
170,124,119,65
168,121,122,66
169,122,122,67
170,125,117,64
168,121,121,68
168,125,122,66
167,120,123,71
167,124,125,70
166,123,120,68
170,119,115,74
166,124,123,68
165,122,124,70
166,123,124,71
167,125,118,67
166,126,120,66
165,129,124,66
167,127,120,65
163,129,127,65
166,130,125,64
164,130,129,63
164,131,129,62
167,131,124,62
167,133,121,60
168,131,120,62
169,132,118,63
168,130,120,62
167,133,121,59
165,132,124,59
169,129,121,68
168,129,119,64
166,133,119,61
167,132,121,63
167,130,119,61
167,135,123,61
164,131,121,60
168,135,120,59
165,132,122,59
165,132,120,59
167,132,117,61
164,132,122,60
165,128,125,67
164,126,120,64
166,129,123,67
165,126,119,68
165,126,121,64
166,128,124,64
164,128,125,61
165,125,121,64
166,127,123,65
164,122,125,70
167,121,121,72
165,120,121,69
166,125,117,64
166,123,119,67
166,121,117,71
164,120,122,68
166,122,120,65
167,115,113,79
168,118,117,74
166,116,118,75
167,113,119,78
169,112,113,80
171,111,111,82
171,110,114,82
172,109,119,86
173,111,122,88
171,109,125,82
171,109,122,84
172,110,125,84
172,109,120,81
174,108,123,87
172,108,128,87
174,109,122,83
173,106,123,91
173,104,128,89
173,108,126,88
172,104,127,88
173,106,129,89
175,107,122,90
174,103,123,94
175,104,121,94
173,101,126,93
177,105,124,95
177,100,121,96
176,104,127,93
178,99,125,99
178,105,121,94
177,99,118,98
180,105,120,98
176,99,119,95
177,101,128,96
180,102,120,99
180,102,126,97
180,102,121,96
183,102,121,98
177,96,123,104
183,101,124,101
179,99,124,101
181,97,124,101
181,101,124,101
182,101,124,98
179,97,122,99
182,103,123,99
178,99,128,97
180,96,125,102
184,98,124,103
178,91,130,106
179,104,131,98
182,100,126,95
180,98,130,100
180,97,127,98
187,101,123,99
183,96,124,102
183,95,122,99
184,96,126,103
183,95,126,99
186,98,123,99
181,92,131,104
187,97,124,102
184,97,127,99
190,102,127,98
186,98,130,96
188,94,127,100
190,94,124,98
189,95,133,101
192,97,122,94
191,96,126,97
188,94,134,97
196,97,126,100
196,100,117,98
194,92,125,101
197,94,127,101
197,95,124,102
198,95,128,98
197,92,130,105
201,89,126,103
203,92,124,104
201,90,127,103
202,96,125,94
202,93,128,96
204,91,128,101
206,90,131,102
204,88,132,106
208,90,126,103
211,91,120,100
209,84,125,107
207,91,132,98
206,88,132,103
213,88,126,105
213,91,122,101
211,87,124,101
212,88,131,104
213,90,122,98
213,83,128,108
213,84,131,109
215,88,130,99
213,92,131,99
219,92,119,96
218,94,130,98
221,87,129,102
223,92,125,100
223,91,133,102
226,92,124,97
229,95,125,96
227,93,129,99
227,93,134,99
233,95,125,98
233,95,128,98
237,97,126,96
239,94,126,98
238,94,123,97
240,94,122,96
243,93,123,99
244,93,132,101
250,102,116,90
248,95,124,98
251,97,122,98
251,95,123,98
252,97,122,96
253,97,122,95
254,94,124,104
254,96,122,96
255,95,124,99
256,91,128,105
254,98,124,95
254,93,130,102
255,95,130,99
256,95,126,99
256,91,124,103
256,93,128,100
255,93,125,100
254,96,125,95
255,94,122,99
255,98,122,96
254,99,130,92
253,91,132,104
254,93,125,98
254,89,126,106
255,91,126,101
256,92,123,103
254,95,124,94
254,93,121,96
253,93,127,102
252,93,125,96
253,88,129,98
255,93,126,95
251,90,129,94
253,89,125,94
251,87,131,97
252,80,136,102
251,83,134,96
251,82,133,96
250,78,136,96
249,76,135,97
251,79,133,98
247,69,144,106
252,74,139,103
247,68,144,109
250,62,133,114
247,66,143,109
249,72,133,100
247,70,142,100
249,68,145,108
249,69,135,102
254,72,124,99
249,70,131,97
250,69,140,104
251,76,139,95
250,68,134,100
251,69,136,105
250,72,137,98
250,69,123,103
247,68,150,105
247,63,145,103
249,68,139,106
252,69,138,102
252,70,122,99
252,67,138,101
251,60,144,109
252,64,135,109
253,61,139,107
251,68,139,109
254,62,143,107
253,67,136,105
251,65,138,105
248,60,140,111
250,64,141,110
254,63,137,107
255,66,134,109
254,68,140,104
254,70,135,97
252,67,135,101
255,68,138,105
253,64,140,108
257,66,133,109
255,62,137,111
258,63,137,113
259,61,133,112
259,62,132,114
257,62,135,111
258,67,141,106
259,62,137,113
259,62,131,117
255,60,139,114
257,62,133,117
259,58,134,121
256,62,141,115
258,59,138,122
258,61,136,120
260,60,137,124
256,61,134,123
260,63,129,115
261,62,130,118
260,62,131,122
261,62,128,118
262,59,128,118
261,62,125,116
262,61,126,119
261,61,131,123
262,65,125,114
261,62,128,119
261,64,123,118
262,66,127,117
258,62,128,125
264,61,126,122
263,68,126,115
258,63,130,119
260,63,130,119
261,64,125,118
261,65,126,118
262,64,123,120
260,57,126,124
260,64,127,117
257,63,131,122
259,65,128,112
258,65,124,115
258,62,128,114
255,62,130,117
254,60,132,117
256,64,131,113
256,63,125,113
255,63,133,116
252,65,128,107
255,62,130,112
254,62,129,113
251,63,133,112
251,65,135,106
250,65,136,106
250,61,134,107
249,59,136,109
249,60,138,109
246,60,135,105
252,62,130,104
247,63,138,100
249,62,139,103
247,58,146,111
247,61,142,104
248,62,136,103
246,62,145,102
247,60,148,107
248,56,146,113
250,61,139,110
248,62,135,102
250,64,131,96
248,61,138,103
249,58,130,106
247,61,135,100
248,62,137,99
248,62,138,100
248,64,134,96
249,63,135,96
249,61,137,101
250,66,131,97
248,60,137,99
248,58,144,105
250,63,143,103
248,60,140,102
249,60,136,100
252,64,126,98
250,67,138,91
248,62,138,94
251,66,139,95
253,69,126,93
250,61,135,99
251,59,141,104
251,60,142,104
254,60,137,105
257,62,129,97
255,68,129,91
256,66,128,94
256,68,131,93
257,65,127,97
255,67,135,93
255,69,133,90
258,68,131,94
253,69,136,91
255,67,139,95
255,65,132,100
256,69,129,95
256,68,137,98
254,66,132,95
254,69,133,90
255,69,131,90
257,69,131,93
254,66,136,94
259,65,126,99
257,64,132,96
257,64,134,100
259,65,130,100
259,61,133,106
260,63,128,106
258,60,135,107
258,61,137,104
259,60,135,105
260,63,131,104
260,62,132,105
260,63,136,105
259,62,135,105
260,59,134,109
261,63,128,108
260,60,135,107
261,62,134,106
263,63,129,105
263,61,133,105
264,60,132,108
263,59,135,111
264,61,136,105
261,61,140,103
265,61,134,107
264,61,138,106
264,61,137,107
265,62,135,107
265,62,133,109
266,60,132,111
267,63,135,107
265,61,139,111
267,64,134,111
265,61,135,115
268,58,133,116
267,58,139,118
264,63,138,113
270,61,132,115
269,62,136,113
267,58,138,121
269,59,136,115
270,62,134,116
266,63,138,116
267,58,140,123
271,64,137,116
267,60,136,120
269,62,139,115
270,62,134,117
271,62,131,116
268,60,135,122
271,60,134,120
271,64,136,115
272,61,135,119
271,62,130,118
272,60,136,123
270,59,133,123
271,62,134,120
270,58,139,124
270,59,137,124
271,61,132,121
271,58,134,122
272,60,127,119
272,59,129,122
272,57,131,121
271,61,133,115
271,56,136,124
271,62,130,117
271,58,139,121
272,58,134,121
270,57,134,124
271,56,140,121
271,59,134,119
272,57,129,123
271,57,130,122
270,58,137,117
267,62,139,114
269,55,139,121
270,58,134,122
267,58,140,120
268,63,140,116
265,61,145,119
267,60,142,120
270,62,136,120
270,61,140,121
267,61,137,122
269,62,138,123
266,63,141,118
265,62,144,120
263,65,145,116
266,63,143,117
267,65,137,117
267,67,138,119
263,64,145,121
266,67,137,118
264,65,143,118
264,68,142,119
261,66,142,120
267,68,138,115
267,67,140,116
265,66,140,118
261,64,146,122
264,61,142,123
264,65,137,118
267,62,136,121
263,63,141,121
262,65,142,119
266,63,134,121
261,62,141,121
265,65,140,120
263,62,140,120
259,64,144,118
259,65,147,118
263,62,142,121
263,65,137,120
262,67,139,119
261,66,141,120
263,68,136,114
262,67,141,121
262,71,141,114
253,68,146,115
263,74,146,111
259,66,141,119
264,69,137,117
264,66,138,118
260,65,144,116
261,71,139,110
261,71,145,114
261,71,142,109
256,71,148,111
264,64,138,123
260,70,144,111
265,70,140,112
262,66,142,116
263,70,140,111
266,70,136,110
266,69,138,110
264,68,139,111
266,67,140,112
269,70,138,111
271,67,137,115
267,70,139,109
274,70,134,113
270,64,137,117
271,65,140,119
270,68,140,112
272,65,136,112
277,66,135,113
276,68,134,110
275,68,136,113
277,71,139,110
277,65,134,117
275,63,140,118
278,67,142,115
277,66,137,115
272,68,144,108
276,69,138,108
276,65,142,114
278,73,140,105
278,73,137,101
277,68,139,106
276,69,141,106
279,68,138,109
280,69,138,109
278,71,138,106
279,68,138,110
279,70,138,110
279,70,139,105
278,71,135,107
277,69,137,106
274,68,139,110
275,65,139,111
275,66,137,114
271,64,140,114
273,69,138,111
273,69,138,111
269,68,140,109
269,67,134,110
267,72,132,104
264,70,138,106
262,68,141,110
261,69,137,109
257,66,141,109
256,67,142,108
252,71,141,104
255,70,138,109
251,70,138,101
252,71,139,101
247,68,143,107
252,70,135,107
246,68,141,108
248,71,136,105
241,72,145,100
240,65,140,108
241,68,140,111
238,66,138,109
237,68,136,108
236,68,137,103
234,63,138,112
232,67,139,107
233,68,134,108
230,65,136,106
235,69,133,108
230,65,141,110
231,69,136,106
229,68,131,105
229,65,135,109
230,68,136,106
229,67,141,105
230,69,135,102
227,68,148,103
231,62,141,111
229,66,140,105
230,70,139,103
230,69,133,100
227,69,146,103
234,66,133,108
230,68,140,101
231,69,138,104
229,66,137,106
230,69,133,99
233,69,128,106
231,68,132,102
230,68,136,104
231,63,133,111
233,68,133,107
232,64,139,109
233,67,131,105
231,70,137,102
235,71,129,95
233,68,126,99
236,71,121,102
234,71,129,93
236,68,128,105
233,64,132,104
236,69,131,105
236,67,135,100
235,67,136,103
237,67,127,102
238,71,126,99
239,68,132,101
237,66,128,101
241,71,123,100
239,66,124,100
241,66,125,102
240,62,126,106
241,66,127,100
243,71,131,94
239,66,135,96
240,65,131,100
244,66,119,99
241,67,130,98
244,66,126,99
239,65,130,103
242,65,126,104
242,66,130,102
244,66,131,102
243,64,124,104
245,65,121,104
243,62,135,109
242,63,135,105
243,66,134,105
246,64,122,108
246,65,131,106
242,64,128,107
243,63,134,110
242,66,131,105
243,66,129,105
243,69,122,102
245,67,124,108
243,67,129,106
242,65,125,110
243,68,122,106
240,69,133,106
244,67,125,107
245,65,125,112
240,64,132,109
246,70,129,110
241,62,130,111
239,67,131,111
244,70,127,109
244,68,129,111
244,70,127,110
245,68,125,109
246,67,126,113
243,66,131,110
240,71,129,105
241,67,132,110
242,76,130,100
238,66,141,110
241,72,142,106
238,64,141,108
241,71,140,108
239,68,133,106
241,69,135,112
237,71,144,105
239,74,138,104
239,74,135,99
238,74,136,102
237,70,132,105
241,67,131,112
237,68,134,107
237,69,124,107
237,71,126,107
229,66,136,110
228,63,133,116
223,62,141,116
225,70,137,110
219,64,142,116
219,65,137,113
218,68,138,107
214,70,140,107
214,64,135,111
213,76,136,101
207,67,138,107
207,73,134,106
206,76,137,98
203,72,135,102
203,69,133,106
201,69,139,112
198,65,138,110
196,69,138,111
195,68,138,112
198,72,133,103
194,69,130,102
194,75,134,103
192,67,127,105
187,71,140,105
186,71,138,103
183,73,142,102
182,71,142,107
184,76,144,103
177,75,146,104
174,71,147,110
172,76,149,107
171,73,142,104
169,74,151,112
169,76,143,107
163,81,146,97
158,80,149,101
155,75,144,101
157,82,137,101
150,76,143,102
152,77,141,106
144,77,148,103
146,80,137,104
142,76,138,108
139,76,140,106
135,78,147,108
136,76,140,106
132,79,144,108
127,73,148,112
122,76,152,108
120,77,151,110
118,81,149,101
118,73,145,107
118,84,147,102
111,77,147,107
110,74,148,111
110,76,139,102
103,82,147,107
99,78,145,103
96,77,146,110
87,76,150,105
89,78,149,111
76,73,161,107
78,76,158,110
74,76,152,106
72,82,148,100
68,79,152,109
67,72,148,109
64,85,148,101
55,79,160,105
54,76,158,110
50,73,160,111
48,83,164,106
41,71,172,119
42,79,158,109
40,81,156,104
39,81,157,105
35,81,161,105
37,83,156,105
30,82,154,104
29,85,160,106
27,75,158,111
29,83,155,110
21,93,159,92
23,81,156,106
28,90,151,104
23,86,152,104
19,87,159,101
19,91,158,93
17,89,160,100
21,88,150,98
21,82,154,111
19,88,156,101
18,85,161,110
20,82,153,110
18,86,157,107
16,83,164,106
20,84,163,110
18,87,155,98
20,88,159,104
17,86,157,100
23,92,158,102
21,86,158,105
20,82,166,114
21,83,158,104
28,88,159,105
26,89,155,98
26,91,162,98
27,83,165,108
30,85,161,105
37,78,155,109
41,83,157,110
39,82,165,105
44,80,163,110
47,78,164,114
49,81,169,106
54,83,157,105
61,79,153,110
62,74,163,118
63,80,166,107
68,81,164,102
75,75,162,112
80,75,151,106
83,80,157,110
89,81,154,106
95,75,155,111
98,76,161,111
101,76,158,110
105,78,162,109
107,75,161,108
114,77,156,107
115,72,159,109
117,72,160,113
120,72,155,109
120,74,167,110
126,71,155,111
129,76,152,105
128,74,162,110
133,72,161,108
140,72,151,111
139,74,153,107
139,68,161,117
144,69,167,113
149,69,159,118
153,72,162,114
155,71,158,113
161,67,158,121
163,72,163,114
165,71,163,116
169,69,165,117
175,71,159,122
174,69,168,118
179,69,169,118
184,67,162,121
188,69,164,119
193,68,166,119
198,67,164,118
202,62,164,122
207,66,160,120
207,63,166,121
211,58,165,123
214,61,164,119
220,61,169,121
220,63,166,117
226,61,164,117
231,60,158,115
237,61,159,116
239,61,158,115
239,58,166,117
246,61,161,115
249,59,161,117
249,60,165,111
250,59,165,115
254,61,171,117
259,60,169,113
266,59,169,113
268,57,170,114
275,57,168,115
278,58,167,116
281,57,168,118
278,57,177,116
287,53,164,115
299,55,163,116
292,53,171,115
300,50,172,117
299,53,179,112
305,56,175,111
304,59,176,110
311,54,175,110
307,59,183,107
314,56,178,115
323,56,170,115
323,57,169,114
319,57,182,112
328,55,173,115
327,55,171,113
330,55,176,115
331,55,177,115
335,55,181,114
342,53,164,117
340,56,176,114
345,56,171,114
343,54,173,115
348,52,181,118
343,53,184,119
344,56,181,118
352,57,177,119
352,53,183,116
356,59,179,121
359,55,172,120
359,53,178,120
363,51,174,116
369,58,173,117
361,55,178,122
365,59,187,119
368,55,178,121
372,55,173,119
367,60,182,121
371,54,185,120
373,54,183,122
377,55,178,123
376,55,181,125
377,52,182,125
378,56,183,121
369,53,193,121
373,55,193,121
377,52,185,122
373,59,194,119
379,55,184,123
376,58,186,122
379,53,184,122
381,57,186,121
374,59,194,121
374,60,195,125
379,60,189,122
379,60,182,127
381,58,183,125
383,53,178,128
384,65,179,129
375,57,186,125
381,59,179,121
382,69,178,124
376,58,181,124
382,71,179,120
381,65,178,123
378,65,187,119
376,72,180,112
375,68,178,121
375,70,184,119
374,64,175,116
370,73,184,120
374,68,177,115
366,71,189,118
367,70,185,118
362,71,189,124
364,72,189,117
368,78,179,107
368,74,180,116
366,79,177,115
366,79,179,113
364,78,178,112
366,79,173,114
365,83,176,103
363,82,178,105
361,79,183,109
362,87,183,100
371,88,168,95
365,85,175,99
369,79,172,105
365,80,173,106
364,88,176,97
369,86,170,99
366,87,176,98
358,85,185,100
363,85,177,102
368,86,169,99
369,93,168,90
365,90,173,94
366,95,173,90
360,93,179,88
364,97,176,83
361,99,179,82
361,101,179,82
356,101,182,81
362,101,173,84
360,103,175,84
359,106,176,84
361,104,171,85
365,106,167,84
365,114,169,81
362,116,173,83
362,112,168,85
367,117,163,87
360,113,172,94
361,118,172,87
360,117,174,94
360,115,167,92
356,115,172,94
357,126,170,85
358,123,168,88
355,126,171,87
351,126,176,84
352,130,173,83
354,127,170,86
347,128,177,85
348,129,177,85
350,123,172,91
351,127,175,90
354,129,165,82
348,132,173,81
349,131,169,81
344,131,176,83
342,127,176,88
345,127,173,90
349,127,161,90
345,128,169,89
343,130,168,84
341,130,170,83
339,133,170,80
338,130,170,85
339,131,167,84
339,133,167,82
341,128,159,86
342,133,167,84
335,130,170,82
334,134,169,79
337,131,165,81
337,131,164,81
337,129,166,83
331,129,171,81
330,126,173,88
335,125,165,88
333,129,168,80
336,128,160,79
337,130,163,81
331,126,169,82
328,125,168,78
333,128,163,79
333,124,162,79
329,125,167,80
330,126,166,82
329,122,166,82
327,123,167,80
327,120,163,82
331,122,159,85
327,123,162,80
324,127,165,74
322,124,167,80
321,126,167,77
320,122,164,79
317,123,166,80
313,122,169,81
316,119,165,82
317,121,158,80
314,123,159,76
313,122,156,79
315,122,154,77
312,120,154,79
314,121,153,76
311,118,156,78
308,120,157,77
309,121,154,74
308,118,153,78
307,117,153,79
307,117,151,79
303,120,156,76
307,117,149,76
303,118,154,76
302,116,153,78
302,119,155,73
305,118,150,77
303,118,152,77
305,122,154,73
305,121,150,77
307,125,152,74
305,123,154,77
307,125,155,77
308,124,152,78
308,123,150,81
306,123,157,83
307,126,152,81
306,121,157,84
310,121,151,85
312,124,150,78
313,126,149,79
311,122,155,87
313,121,154,86
318,122,151,85
319,120,152,88
323,124,146,83
321,120,152,89
321,122,152,87
324,124,150,83
326,125,152,85
328,126,151,83
326,126,154,85
329,127,154,85
332,127,151,86
331,128,152,85
334,126,147,90
334,129,150,86
329,130,161,85
332,130,156,86
332,130,152,87
335,129,147,89
332,131,151,88
337,131,143,87
336,133,145,86
335,132,145,87
334,122,147,95
330,131,151,96
333,130,153,90
333,125,151,94
330,126,149,100
333,124,148,100
330,120,152,96
333,126,143,103
334,123,144,99
330,118,150,99
330,130,151,94
334,125,146,92
336,126,138,98
336,121,139,95
335,132,137,93
336,128,140,92
336,125,141,88
338,130,132,94
338,125,138,90
336,130,135,96
336,124,141,93
339,133,128,94
337,124,132,98
338,130,128,92
337,130,129,94
338,126,127,95
338,127,125,99
337,129,127,96
341,129,121,93
338,131,123,90
342,130,117,92
341,135,116,88
340,130,115,93
339,131,118,90
345,135,109,93
340,129,115,97
342,131,114,92
339,132,117,90
337,131,117,93
343,130,110,92
341,129,111,90
343,133,106,91
341,135,110,90
342,131,108,92
341,131,111,96
341,128,110,90
339,132,109,96
342,131,104,95
339,131,107,95
338,132,111,100
339,128,105,93
338,131,104,96
338,129,101,94
336,130,102,95
334,132,106,96
332,132,108,97
332,130,104,97
332,133,103,99
327,131,109,99
328,135,111,95
330,135,102,96
326,134,103,93
326,137,105,91
323,136,107,94
321,134,110,91
317,134,115,97
315,130,115,97
314,138,109,93
310,134,119,93
308,139,118,93
308,136,115,89
305,135,120,94
303,136,125,92
302,133,125,88
302,140,122,88
301,136,124,90
300,138,124,93
300,136,123,91
298,136,130,96
296,133,132,95
300,141,122,88
298,137,128,92
296,133,133,95
297,137,132,89
295,134,135,97
296,137,135,92
297,135,130,93
295,135,137,95
298,134,136,89
296,135,139,93
297,137,139,89
297,134,138,93
295,137,142,88
296,135,142,90
296,137,139,88
294,138,144,90
293,136,149,90
296,136,145,89
293,133,148,94
295,136,144,93
293,134,151,94
291,139,150,89
292,137,152,93
289,137,152,94
291,136,151,92
292,139,149,89
292,138,149,89
286,136,155,93
286,134,157,92
287,137,156,87
289,138,150,90
287,136,151,90
287,133,153,96
287,136,149,91
289,138,149,90
291,135,149,94
289,137,150,92
287,138,153,89
285,135,158,92
284,133,159,93
284,136,156,91
283,136,155,90
284,136,151,91
283,137,156,90
283,138,155,87
281,136,159,90
280,138,157,89
282,139,155,88
280,140,165,89
282,140,157,91
282,140,157,88
282,140,157,86
280,139,161,88
279,140,158,86
278,139,164,91
280,141,158,87
282,142,158,83
283,139,159,89
282,138,157,89
281,138,158,90
282,141,157,87
281,139,159,88
279,138,158,90
285,138,148,89
279,139,158,86
281,140,155,86
281,139,159,86
279,140,160,88
277,140,161,90
278,142,153,85
281,141,151,86
278,140,150,90
280,140,150,90
280,142,150,87
279,143,151,87
278,142,151,87
282,139,150,88
280,143,152,87
281,139,152,86
279,143,153,87
281,139,152,84
282,139,153,86
281,139,154,89
281,139,156,84
279,139,157,85
282,136,155,84
283,135,155,87
283,136,152,89
287,133,155,87
281,136,154,86
286,132,155,87
287,133,157,86
288,131,163,86
290,128,155,90
294,129,154,90
293,130,150,91
295,130,150,91
299,127,149,91
299,125,146,89
302,130,146,84
299,129,150,85
302,131,145,88
302,131,148,85
301,132,147,87
302,135,151,83
301,134,148,86
303,133,148,86
305,135,148,86
302,134,151,86
304,133,149,86
304,131,145,88
302,134,145,91
302,131,150,80
299,133,149,79
304,134,148,79
302,130,149,81
302,131,152,78
298,132,155,75
298,134,155,78
296,132,152,74
299,131,151,80
300,127,151,83
298,132,150,83
301,130,146,82
300,129,147,80
299,130,146,79
296,130,158,79
299,126,150,82
300,131,150,78
299,129,156,78
298,131,156,76
300,131,150,78
301,130,154,76
301,131,154,83
303,131,157,79
302,127,155,83
303,127,160,78
303,125,173,78
301,128,163,84
303,129,174,75
302,128,166,79
302,129,163,79
303,127,170,79
302,129,161,79
302,129,164,84
308,126,153,84
306,127,151,85
306,127,158,80
303,132,165,82
307,130,154,81
306,133,153,81
308,127,154,82
305,131,151,85
307,130,161,81
308,132,153,80
308,131,149,80
308,133,156,83
307,132,161,82
306,130,166,83
310,128,150,90
308,131,149,85
310,133,142,83
309,130,144,86
312,134,138,84
312,134,139,79
313,137,137,79
313,130,137,83
313,134,138,81
317,134,132,82
315,135,134,79
321,133,122,83
317,133,128,84
316,130,130,82
317,137,126,81
316,134,127,80
321,130,121,78
320,132,123,81
319,134,122,80
319,131,123,77
326,132,113,82
325,131,115,83
329,132,109,83
328,135,107,83
326,133,111,83
328,134,110,84
330,131,108,83
331,135,103,82
330,133,105,85
328,133,107,81
332,132,101,84
332,131,100,88
331,130,100,89
333,133,97,84
332,131,99,86
333,132,95,85
333,131,96,85
332,132,96,86
332,131,95,87
331,133,98,84
329,129,98,93
330,133,96,86
328,133,96,85
330,132,94,86
328,134,93,83
326,135,96,84
326,136,94,85
326,133,94,86
324,133,95,89
325,134,94,86
322,133,96,87
321,134,99,84
323,135,96,83
322,134,96,85
322,133,95,85
320,132,99,85
321,133,97,84
319,134,98,84
319,133,99,83
323,135,94,84
319,133,98,84
321,132,95,86
319,134,96,84
320,136,98,80
319,136,99,81
319,133,99,85
320,134,98,81
322,133,95,82
321,133,97,85
321,132,97,82
320,136,96,80
321,134,96,83
320,134,94,85
318,134,96,84
314,135,101,86
313,137,101,86
312,138,99,84
311,141,95,85
309,139,96,88
306,145,97,82
301,143,101,86
299,143,95,90
294,144,101,87
291,144,95,89
285,146,98,88
281,143,95,87
275,148,101,88
267,150,104,84
262,146,106,85
255,147,112,84
248,148,117,83
242,142,120,84
235,150,124,82
229,153,118,72
221,148,121,75
216,146,119,73
209,150,125,72
202,151,127,68
196,152,125,64
192,152,127,66
182,150,133,72
181,154,126,66
177,151,130,71
176,154,123,70
168,155,129,71
161,155,134,75
157,153,131,75
156,158,126,71
149,155,130,76
146,159,130,75
141,164,132,66
136,164,137,67
131,167,136,67
130,162,128,70
130,164,122,78
126,165,124,74
127,171,119,71
123,171,119,73
122,175,118,65
122,176,115,65
118,177,115,66
113,179,119,65
114,176,116,70
116,180,112,62
114,184,115,62
112,176,112,69
117,175,107,70
114,174,109,73
111,175,112,70
113,176,108,69
115,182,107,64
112,183,107,61
119,182,99,62
120,180,99,70
115,180,105,66
112,176,110,70
106,183,116,63
108,183,117,65
111,178,110,67
118,178,102,70
122,178,97,68
121,176,99,76
119,177,103,72
108,176,113,69
115,181,109,72
117,175,104,72
123,178,96,75
122,177,98,69
119,173,101,76
119,177,106,72
117,179,103,67
113,175,109,69
119,179,103,71
119,177,100,70
114,177,104,73
110,174,108,72
109,182,113,68
107,177,116,70
104,180,118,66
106,180,119,64
103,177,119,70
112,174,111,74
113,178,109,73
121,176,99,72
112,174,109,71
115,180,104,68
115,178,105,68
109,178,113,65
108,182,114,60
114,178,111,70
106,175,116,71
105,179,116,70
112,182,112,65
107,181,115,63
114,175,107,72
109,178,115,69
110,179,110,69
115,180,108,66
106,175,113,66
104,181,121,71
110,175,112,70
108,181,117,66
99,177,121,67
104,181,119,65
109,178,111,68
109,178,114,67
107,180,119,72
105,174,117,74
107,178,119,73
106,177,120,70
