313,155,44,54
312,155,46,54
310,154,48,55
311,155,48,55
310,154,50,58
310,153,49,58
309,154,50,58
309,152,49,61
309,154,50,60
308,155,50,56
310,154,50,57
309,155,51,59
308,154,49,56
308,155,51,57
308,154,49,56
308,155,49,56
308,155,51,57
310,152,49,57
309,153,47,58
307,154,50,58
309,155,50,56
308,156,50,56
307,152,51,58
309,154,48,56
310,154,49,57
308,154,51,56
307,154,51,59
309,156,50,56
308,153,48,58
307,153,50,57
309,154,50,58
309,155,49,56
310,154,50,57
308,154,50,57
307,156,53,57
308,155,51,59
309,156,49,57
308,157,51,58
310,157,47,56
308,158,51,57
310,157,47,60
307,159,50,58
309,159,51,58
306,161,55,54
306,161,53,57
308,158,49,56
310,160,49,58
308,161,48,56
309,161,48,56
308,160,50,58
306,161,53,58
308,160,50,56
306,162,52,57
307,164,53,55
306,162,53,58
306,164,52,59
306,165,51,56
309,165,49,56
306,165,52,55
308,166,52,59
307,166,51,57
307,166,53,57
308,165,48,57
308,168,52,57
308,168,50,57
309,168,50,57
308,168,51,59
307,168,52,58
309,168,49,60
309,170,50,59
306,171,52,59
306,170,53,61
305,169,53,64
307,171,51,56
306,169,52,60
307,172,51,60
307,172,52,61
304,174,56,60
306,175,54,58
307,174,50,60
308,173,50,60
305,174,52,60
305,173,53,63
306,175,50,59
306,173,51,62
307,176,50,60
307,175,53,61
306,176,51,61
305,177,53,61
306,178,53,61
308,177,53,58
309,177,51,60
310,178,50,59
309,180,49,57
310,182,49,54
310,181,49,56
309,180,50,58
307,178,51,61
310,182,50,57
311,182,48,57
310,181,49,59
310,183,49,60
308,183,51,58
308,182,50,59
309,182,50,58
309,185,49,58
308,184,51,58
309,186,51,58
309,185,50,60
309,185,50,59
307,187,51,59
309,186,48,60
309,186,48,59
307,186,52,61
308,186,52,61
309,188,48,59
310,189,49,60
308,190,48,58
309,189,48,58
308,189,48,58
310,190,46,58
311,191,47,58
309,192,48,57
310,192,50,59
309,193,48,60
308,193,50,58
309,192,48,61
312,191,47,62
311,193,47,61
309,193,48,60
310,195,47,60
308,195,47,59
305,196,52,61
308,195,51,59
309,196,48,60
310,195,47,58
308,194,50,60
308,194,50,62
311,197,47,61
308,195,50,62
308,196,50,61
309,195,47,59
307,195,49,60
309,194,49,62
307,194,49,60
310,195,47,61
309,196,48,60
308,197,50,59
309,196,49,60
305,196,54,61
306,196,50,62
306,197,52,58
306,196,52,58
309,194,49,60
309,196,49,60
308,193,48,62
309,195,48,62
310,195,48,58
308,194,53,62
308,197,51,60
305,196,54,60
306,195,51,61
306,196,51,59
307,196,49,60
309,195,47,57
306,196,50,61
307,196,49,57
309,197,51,60
309,197,47,58
308,198,49,59
310,196,48,60
311,198,49,60
311,202,46,58
311,200,47,58
310,202,47,60
310,203,46,60
310,202,45,59
308,203,48,61
310,206,46,59
308,205,48,59
309,207,48,58
310,207,46,63
309,209,47,62
309,209,48,62
310,210,48,61
311,212,46,62
311,216,46,56
308,217,48,58
309,215,49,59
310,215,47,63
308,213,48,63
310,218,47,58
311,220,45,58
312,223,46,54
311,221,47,56
310,223,47,57
311,223,47,53
310,220,47,56
311,221,44,57
310,218,46,62
310,219,45,61
308,219,47,60
310,219,46,57
310,219,46,59
311,221,44,58
313,221,45,55
314,224,44,54
313,223,47,55
313,223,46,54
316,222,46,56
315,221,46,57
318,221,44,54
317,221,47,57
318,218,45,59
320,220,45,55
321,218,45,59
320,219,47,58
322,217,47,61
323,221,49,57
323,221,48,58
326,221,45,56
326,221,46,58
328,220,46,59
328,220,47,57
329,220,45,59
328,222,48,56
324,222,52,57
329,222,50,58
334,221,47,58
331,219,50,59
336,221,46,58
336,223,47,55
338,223,47,55
335,221,48,57
338,222,47,54
339,222,48,58
337,220,51,61
341,221,49,60
342,222,46,58
344,222,46,58
342,223,50,54
345,222,48,55
344,222,48,58
347,221,47,57
349,222,48,54
347,223,50,56
348,222,49,57
349,221,50,58
349,222,51,56
348,221,50,57
352,222,50,58
351,221,53,58
352,224,52,54
353,223,50,55
356,223,49,55
357,223,50,52
357,223,50,55
359,224,48,54
360,223,47,53
359,221,50,57
361,222,51,55
359,223,53,55
364,225,50,54
365,222,50,57
364,223,53,56
362,221,55,61
367,220,52,60
363,220,55,61
366,221,55,60
369,223,51,56
369,221,54,58
373,223,49,55
371,223,49,57
373,223,50,58
374,225,54,56
375,225,51,56
376,223,51,56
377,221,52,58
375,221,52,60
378,223,50,58
374,222,54,59
376,222,53,58
373,221,57,60
375,221,53,61
375,220,51,60
379,222,49,56
376,221,53,58
377,221,50,58
377,221,51,58
373,220,54,60
377,221,50,58
377,222,53,56
372,221,56,57
375,220,52,60
378,221,52,58
377,221,51,60
378,222,49,57
375,221,52,58
378,222,50,57
374,222,55,58
377,222,53,58
375,223,54,56
374,220,54,58
378,222,50,57
376,222,52,55
375,222,54,57
374,221,55,57
377,220,51,56
373,220,55,59
375,223,53,56
375,221,52,56
374,221,54,55
375,220,54,58
376,220,53,57
375,219,52,58
378,221,51,54
373,221,55,57
376,222,54,56
375,221,54,57
373,217,54,62
375,220,55,60
375,221,54,56
375,219,53,59
374,219,56,59
373,220,55,58
375,221,52,55
374,219,52,58
374,220,53,56
375,222,54,54
373,222,55,54
375,220,54,54
373,221,57,55
372,221,57,55
373,221,57,55
375,220,53,54
375,220,54,54
373,220,56,55
374,221,56,56
374,219,57,57
373,221,53,55
376,219,52,56
375,220,55,56
373,221,56,55
372,221,58,56
374,220,57,56
373,220,56,55
373,219,55,53
375,220,55,54
373,220,55,56
374,219,55,56
372,220,56,55
374,221,53,56
372,220,55,56
373,220,53,54
369,218,56,57
370,220,54,56
368,220,56,57
369,221,55,55
366,220,55,56
367,221,54,54
366,219,52,56
362,218,54,58
364,219,54,57
363,221,54,55
362,220,51,57
360,218,54,57
359,219,55,57
358,221,56,55
356,221,56,57
358,220,53,56
354,219,58,55
353,219,55,56
355,220,53,57
354,220,55,56
352,219,54,55
353,218,51,54
350,221,54,53
348,220,56,55
349,221,50,54
350,220,51,54
348,220,49,52
349,219,48,53
347,220,51,52
345,221,53,53
344,222,51,55
346,219,49,55
345,221,51,54
347,222,50,54
345,224,48,50
344,221,49,53
343,223,48,56
342,223,47,54
339,224,52,53
340,224,51,57
339,226,51,58
339,226,51,56
337,227,51,58
337,225,51,58
334,227,54,56
336,228,51,58
333,229,52,56
335,230,51,55
333,228,51,57
331,229,52,57
333,230,51,57
330,232,52,57
328,233,51,56
331,233,48,54
333,235,48,54
330,233,49,57
331,236,48,55
331,237,50,54
329,236,49,56
326,238,53,58
326,237,51,58
326,238,49,55
326,237,50,57
325,240,51,58
326,240,47,58
321,240,54,60
321,242,51,57
320,241,50,56
324,243,49,54
320,241,51,59
322,244,49,54
320,243,49,58
318,245,53,56
317,245,52,58
318,247,51,58
316,247,53,59
316,249,50,55
316,246,50,58
316,247,50,58
315,246,50,58
314,247,50,59
312,246,52,60
312,248,50,57
312,248,50,56
311,247,51,56
311,246,51,59
312,247,49,58
313,246,49,59
313,247,51,60
309,246,55,60
311,246,53,58
311,247,53,58
312,247,50,59
312,248,52,57
308,249,55,57
310,247,51,56
311,246,52,58
312,246,51,59
311,247,52,58
311,248,52,57
311,247,53,58
311,247,51,58
309,246,53,58
310,246,50,59
313,246,51,58
311,246,50,60
313,247,48,57
311,247,53,57
310,246,50,58
311,245,48,57
311,248,49,58
313,248,49,56
311,246,47,58
310,246,48,60
312,246,48,60
313,246,46,59
311,246,47,58
314,246,45,60
309,248,48,57
310,247,47,59
311,245,48,59
312,247,47,59
309,248,48,57
310,248,48,57
310,247,47,59
308,247,48,57
312,247,46,59
310,248,46,56
311,246,47,58
311,247,48,56
310,246,48,57
310,246,47,59
311,248,48,57
309,247,47,58
309,248,48,55
309,248,49,57
310,247,47,59
310,248,48,56
311,248,48,57
311,248,47,59
310,246,47,57
314,247,47,56
315,246,46,57
315,247,48,58
315,247,48,56
319,249,43,52
317,247,48,56
320,248,45,55
319,246,47,57
322,245,46,57
323,245,46,60
321,246,48,58
322,247,50,58
322,248,49,55
323,247,50,57
325,244,49,60
327,244,47,58
326,247,50,58
325,246,53,59
330,247,48,57
331,246,47,58
330,246,49,59
332,245,49,59
332,248,49,56
333,245,48,59
334,246,46,55
335,246,49,56
336,245,49,58
335,245,50,57
338,246,50,59
338,246,48,55
341,248,49,55
339,246,50,55
341,246,53,57
339,246,51,57
343,244,51,60
341,246,54,57
344,244,49,58
344,244,51,58
344,245,53,56
346,246,52,56
346,245,52,59
347,246,53,58
349,245,49,56
350,244,51,57
349,244,52,57
349,245,52,56
351,244,52,56
351,244,53,57
350,245,50,56
352,243,51,57
349,246,52,56
353,245,49,56
351,246,52,56
351,244,53,58
351,244,51,56
351,245,51,56
350,244,52,56
352,246,49,55
352,244,48,55
352,244,50,55
350,244,48,53
351,244,51,56
350,245,52,57
350,245,51,57
351,245,52,57
353,245,49,54
350,246,52,55
351,244,49,56
351,245,52,57
354,246,50,55
351,246,50,54
353,245,52,56
351,246,52,54
353,245,50,55
354,247,50,54
354,247,49,54
355,246,50,55
354,245,52,55
355,246,51,56
354,247,50,56
358,245,49,58
355,249,48,53
358,246,48,54
357,247,48,55
356,247,50,54
357,246,50,57
358,246,46,56
357,247,50,58
358,246,49,57
359,246,48,56
359,248,50,54
358,249,49,56
360,248,48,56
358,247,51,58
359,248,50,56
360,249,49,55
360,250,50,54
360,250,52,57
360,249,49,57
362,248,48,56
361,248,51,58
361,250,52,57
362,250,51,55
363,249,49,55
363,251,48,53
362,250,49,55
363,251,50,53
363,251,51,55
362,251,49,54
365,250,47,54
363,252,49,54
364,250,51,55
364,251,49,56
365,251,48,55
367,251,47,56
364,253,50,53
365,250,50,55
366,252,49,52
365,251,51,54
364,253,52,54
363,251,52,56
365,249,51,57
364,251,52,55
363,252,52,53
366,251,51,55
363,251,51,54
365,252,53,55
364,251,51,54
364,252,52,53
365,252,50,55
364,253,51,55
367,251,48,56
366,253,48,55
366,250,49,54
364,252,51,54
364,251,53,54
365,252,50,55
364,251,52,55
364,251,50,56
365,252,53,54
365,253,51,53
368,250,48,56
365,252,50,55
366,251,47,53
365,252,52,54
365,251,50,56
365,253,49,52
366,251,51,56
365,252,49,54
365,252,49,54
367,252,46,55
367,252,49,54
369,249,48,57
366,250,48,55
367,252,49,55
368,250,48,55
366,253,52,56
369,250,48,57
367,252,50,56
366,251,49,55
368,250,48,56
368,253,48,54
367,250,48,57
370,252,47,55
367,251,50,55
368,251,49,55
368,252,48,54
365,253,51,52
370,251,48,56
370,248,47,57
369,250,49,56
368,250,49,57
370,251,47,53
369,251,49,55
371,251,46,56
369,251,49,57
370,249,48,57
370,250,49,56
370,253,49,54
367,252,49,55
369,251,48,55
370,251,49,55
369,250,50,55
367,249,53,57
371,251,50,58
367,251,52,57
370,251,51,56
370,251,50,56
368,250,52,56
368,253,54,56
367,252,52,55
371,251,49,56
370,250,51,55
368,252,51,57
371,251,49,55
369,251,51,54
371,252,48,54
370,253,49,53
370,251,46,55
367,252,52,54
371,250,49,56
368,251,51,55
369,253,48,55
369,254,47,52
371,253,48,57
370,254,50,54
371,255,49,56
370,257,47,54
371,256,47,55
369,257,51,57
372,259,49,55
368,259,51,55
370,262,49,55
372,261,47,56
371,261,48,55
372,262,47,56
371,265,50,55
373,266,47,53
372,265,47,57
372,266,50,56
373,267,47,57
375,269,44,54
372,268,49,56
370,270,51,57
372,270,48,56
372,272,48,56
371,272,49,56
371,270,48,56
372,271,48,57
374,273,49,55
372,272,48,54
372,273,50,56
373,269,48,59
372,271,47,56
371,271,49,56
371,271,47,56
372,270,49,56
373,272,50,55
372,271,50,57
371,273,48,55
371,270,50,58
371,271,48,57
371,271,48,56
371,273,51,55
371,271,50,56
370,271,53,58
372,274,50,53
373,271,46,56
370,272,49,56
373,271,47,56
371,273,49,56
372,271,49,56
371,270,48,58
370,271,51,56
370,270,49,55
372,272,49,55
372,271,48,54
372,270,49,60
371,272,48,56
369,273,50,56
371,272,49,54
372,274,50,53
372,272,48,55
373,273,48,55
371,273,50,54
372,271,49,55
371,270,49,58
369,271,51,58
371,273,50,55
372,272,49,55
371,273,48,53
371,273,51,55
372,271,50,56
369,271,51,58
370,270,49,57
371,271,52,56
371,271,51,55
370,270,52,58
371,271,50,55
371,272,49,55
371,272,48,54
369,274,53,54
370,272,50,55
368,273,55,55
369,271,52,56
369,271,52,55
369,271,52,56
369,272,51,55
368,271,52,56
368,273,52,54
368,272,51,54
369,273,52,54
367,273,54,56
369,274,51,54
369,272,49,54
367,270,55,57
368,272,53,55
370,274,51,54
369,271,52,56
368,272,53,56
369,271,53,56
369,271,51,56
368,272,54,55
368,273,54,55
368,271,52,54
369,272,54,54
368,272,53,56
369,272,50,55
368,268,51,57
370,270,52,55
367,266,52,58
368,267,50,55
366,265,52,55
366,266,53,55
367,267,53,54
366,266,50,52
368,263,50,54
368,261,51,56
364,260,53,56
365,260,52,56
362,258,54,58
366,260,54,54
363,258,51,55
363,259,53,54
362,256,53,57
362,255,54,56
363,255,52,56
362,252,51,56
362,253,54,55
363,252,52,56
363,254,50,53
361,252,51,52
361,252,52,52
362,249,50,53
361,248,53,55
358,245,55,55
361,247,52,55
360,247,50,53
359,244,53,55
360,243,53,56
361,245,51,53
361,243,50,54
361,242,52,56
359,240,49,53
359,240,51,56
358,238,53,55
358,240,51,54
358,239,49,52
356,238,54,55
357,235,52,55
359,235,50,54
358,236,51,52
357,235,51,53
357,233,54,55
357,232,51,55
357,231,50,56
357,232,51,55
355,230,52,54
356,228,51,55
357,228,50,55
355,229,51,53
355,227,53,55
356,225,49,54
357,226,51,54
355,224,52,55
354,224,53,55
353,224,51,55
354,223,51,54
353,221,49,53
354,221,54,54
353,219,51,55
354,218,47,53
353,218,48,54
353,218,51,52
351,216,52,53
354,216,48,52
354,215,48,52
354,214,46,50
352,213,49,52
352,212,50,53
350,212,52,54
350,212,51,52
352,211,48,54
352,210,48,52
351,211,50,52
351,212,52,53
350,212,52,54
350,211,50,53
352,211,51,54
350,212,51,52
351,211,50,53
350,211,52,54
350,211,52,54
352,211,53,54
349,212,52,54
351,211,54,56
352,212,51,54
349,210,50,53
349,212,54,51
350,212,52,54
350,210,50,54
350,211,51,52
350,212,52,54
351,213,53,53
350,212,52,53
351,212,50,53
352,212,51,54
349,212,52,53
350,212,53,53
351,211,51,53
350,212,51,53
350,211,53,54
350,212,53,52
349,212,53,54
351,211,51,53
352,210,50,55
349,211,52,55
349,212,54,55
349,212,52,53
351,212,50,53
351,211,51,53
350,212,53,53
350,213,53,52
350,213,53,55
351,213,51,51
351,212,49,51
350,213,52,52
351,212,52,54
351,212,52,54
351,213,54,54
351,213,52,54
350,211,52,55
349,213,53,54
350,213,51,54
350,211,53,55
351,212,52,56
350,210,51,54
351,211,52,57
350,211,52,56
351,212,51,54
351,214,50,53
350,212,51,54
352,214,53,53
350,212,52,54
351,209,49,57
352,211,52,57
352,213,50,54
351,211,50,57
350,213,50,55
353,214,48,53
352,215,51,54
350,214,51,55
350,213,52,56
351,212,49,55
351,214,49,56
352,210,52,57
352,214,51,53
352,216,50,52
351,217,50,52
352,214,50,54
352,216,52,54
352,214,52,54
352,215,49,53
350,217,52,53
352,213,52,55
349,214,52,57
353,216,50,53
350,214,52,55
351,216,48,53
351,215,52,55
351,219,53,51
353,217,49,52
352,217,48,51
350,218,51,52
352,216,48,51
351,218,50,51
352,215,54,56
352,215,51,54
351,217,52,53
351,216,50,52
352,219,51,52
352,216,50,52
352,218,51,53
350,214,52,54
351,216,52,53
351,217,51,53
351,215,52,51
351,217,49,51
352,216,53,55
352,215,52,53
352,218,51,52
351,216,50,51
350,216,51,52
352,218,49,52
351,218,53,51
352,217,52,53
352,217,50,50
352,217,52,52
350,215,51,52
351,217,50,52
352,219,53,51
350,215,53,54
351,217,50,51
350,219,50,52
352,215,52,53
351,218,49,52
351,216,48,52
351,218,52,53
353,217,48,50
350,215,52,54
351,216,52,53
351,217,49,52
351,217,49,53
351,217,52,53
353,218,51,51
351,214,52,56
352,216,48,52
353,214,51,55
354,218,49,51
355,215,54,55
357,218,49,52
358,218,51,54
358,213,54,57
360,217,51,53
362,213,53,57
366,214,47,54
370,217,50,54
373,215,52,55
375,218,51,51
375,214,54,55
380,216,52,54
384,215,52,54
385,215,52,55
387,213,54,55
391,214,51,56
396,213,51,56
396,216,51,52
399,215,52,53
405,215,50,52
405,216,52,52
409,215,51,53
410,217,49,52
413,215,49,53
413,217,50,53
414,217,50,53
414,216,50,51
414,217,50,52
413,216,50,54
414,215,48,54
414,216,50,51
413,217,50,53
414,216,50,52
413,216,52,52
412,217,51,51
412,215,49,52
414,215,50,53
414,215,50,52
413,216,49,51
413,215,50,53
414,216,50,52
414,216,50,52
413,217,48,50
413,217,51,51
412,216,50,50
414,216,49,51
412,215,49,49
412,216,51,53
414,216,50,53
413,216,50,52
414,216,49,50
415,217,49,52
413,216,51,52
414,216,47,50
416,218,49,52
413,217,48,51
414,217,51,52
416,217,48,50
415,217,48,53
415,216,48,52
416,216,49,52
415,215,49,50
418,216,49,53
421,217,48,50
419,216,49,52
422,216,47,51
424,215,47,53
426,215,49,52
425,217,50,47
431,217,46,47
433,218,48,51
437,214,47,53
438,215,48,52
440,216,49,52
444,215,48,52
447,215,47,52
448,215,46,51
449,215,48,53
453,216,46,50
453,215,45,47
455,217,46,46
456,217,48,49
456,215,46,52
454,215,45,48
455,216,45,50
455,215,45,48
455,217,46,50
454,216,47,49
452,215,45,48
454,216,44,46
453,217,44,47
452,216,46,46
453,215,44,49
453,217,43,48
450,218,46,47
449,216,46,48
446,217,48,49
445,216,47,52
443,217,49,51
439,213,48,53
437,215,48,47
434,216,47,51
432,216,46,54
428,214,48,53
425,215,50,52
424,215,47,51
420,215,50,53
417,216,49,53
414,215,50,52
411,215,51,52
408,216,50,53
404,215,52,53
401,213,53,55
398,214,54,54
397,215,51,53
393,215,52,53
390,214,54,56
386,211,54,58
386,212,53,57
382,214,50,55
380,218,52,51
374,215,54,54
372,216,53,55
371,216,53,54
367,214,51,55
364,216,51,54
362,217,53,55
357,213,54,56
355,215,52,55
350,217,55,52
350,218,51,53
346,217,53,53
343,215,53,55
341,215,51,54
337,215,50,53
332,216,52,52
331,217,53,52
327,216,53,53
324,213,53,55
321,215,50,53
318,215,52,54
312,216,53,56
312,216,51,55
309,218,53,52
310,216,50,52
307,216,52,54
307,218,52,55
306,214,53,56
306,218,51,52
306,216,52,54
306,215,53,55
306,217,51,55
307,215,50,53
306,216,53,55
307,216,53,53
306,217,53,55
307,217,53,54
304,216,53,55
306,215,52,53
306,216,53,53
305,214,53,55
306,217,50,53
304,215,52,53
305,215,51,55
306,212,52,53
305,214,51,53
305,211,55,53
304,212,54,53
304,209,54,56
304,210,53,55
305,207,51,56
305,208,50,54
304,206,53,55
304,205,52,56
303,204,53,55
305,204,51,54
304,203,50,53
303,202,52,54
302,202,53,52
305,202,50,51
304,201,50,52
302,200,54,52
302,200,50,53
304,201,53,51
303,199,54,52
305,202,52,52
303,201,53,51
303,201,51,52
305,199,53,53
303,201,52,50
304,201,51,51
303,200,51,53
302,200,52,54
304,200,50,52
303,200,53,51
303,201,52,53
304,202,49,51
304,201,50,52
303,204,52,51
303,203,52,53
304,205,53,54
303,205,51,54
303,205,54,56
304,207,51,54
304,206,53,54
304,206,52,55
304,206,52,54
304,209,53,54
305,209,51,53
305,212,51,52
305,212,51,52
305,213,53,52
306,213,52,51
306,215,51,52
306,215,52,54
305,217,53,54
305,216,53,54
307,219,52,50
306,219,52,53
307,221,50,50
308,221,48,52
307,222,49,53
307,224,50,51
307,223,51,52
306,223,51,52
307,225,53,52
306,225,48,51
308,225,53,52
308,226,49,51
308,222,48,53
307,223,46,51
308,223,52,53
307,225,52,53
307,222,49,53
307,225,52,51
308,223,52,52
308,224,49,52
307,224,51,52
308,225,50,51
307,223,46,51
308,225,48,53
308,222,45,54
309,221,48,53
309,222,49,52
310,223,49,52
308,224,49,51
310,223,48,53
309,221,49,54
309,223,47,54
309,223,46,53
311,222,46,54
311,225,46,51
310,222,46,54
312,222,46,53
314,222,44,52
312,224,45,50
312,223,45,52
313,222,43,52
313,222,44,54
313,222,42,55
312,222,43,56
314,221,43,54
313,223,44,53
314,221,44,55
315,224,43,53
315,224,43,52
313,222,43,53
313,222,44,55
316,223,42,51
314,222,44,53
314,223,45,53
314,223,45,54
314,224,44,53
315,222,44,54
315,223,46,54
317,222,43,53
317,225,43,51
319,222,42,53
315,223,44,53
312,224,50,54
314,225,47,52
316,223,46,53
313,225,48,52
316,222,45,54
314,222,46,55
315,224,46,52
312,225,51,53
312,224,48,53
315,222,46,53
317,223,43,53
316,224,46,53
316,222,43,55
318,223,42,52
315,222,45,53
317,224,44,52
317,224,43,52
318,222,43,52
315,223,46,53
312,224,50,54
309,223,51,54
313,224,48,54
313,224,50,53
315,223,48,53
315,222,44,54
316,222,44,54
316,223,45,53
317,222,43,53
318,224,45,51
314,223,48,52
317,225,46,53
317,223,45,56
318,221,42,52
315,225,47,50
318,222,42,52
314,223,46,52
314,225,46,52
312,223,49,52
315,223,46,53
316,222,42,53
315,220,43,53
315,221,43,54
314,220,46,55
314,218,42,55
313,213,43,59
314,216,45,57
315,217,43,53
311,215,46,55
310,214,45,56
313,210,43,59
311,211,44,59
312,211,44,54
311,208,45,57
310,208,45,56
311,207,46,56
309,207,46,56
311,207,44,55
311,210,44,51
309,207,45,51
311,207,44,54
309,207,46,52
310,207,45,53
309,208,46,52
309,206,45,54
310,207,45,52
310,207,45,53
310,205,45,54
310,206,45,54
310,207,46,54
308,205,47,55
311,206,47,53
308,207,48,56
310,207,46,53
311,207,45,53
309,206,45,55
311,206,43,54
311,206,46,55
311,208,44,53
311,207,45,54
310,206,48,56
309,207,47,53
310,209,45,52
309,207,44,52
309,208,47,53
309,206,48,55
309,206,46,55
309,205,44,56
309,207,46,56
309,207,45,55
310,208,45,50
309,207,44,52
311,209,45,51
309,208,45,54
310,209,45,53
309,209,46,53
308,211,46,51
309,212,46,51
310,210,45,54
307,212,46,53
309,211,47,57
308,212,47,60
308,216,47,58
309,215,47,55
309,217,48,56
308,217,49,52
310,220,47,53
309,221,49,53
308,222,48,53
309,222,49,54
308,221,49,53
308,224,51,51
309,226,47,50
307,225,49,51
307,227,53,51
309,228,51,51
307,229,52,50
307,230,52,49
307,231,51,50
308,232,52,50
309,231,47,51
309,232,49,49
309,233,49,50
309,232,48,49
308,228,49,53
308,231,49,50
308,232,52,49
308,233,48,49
309,230,46,50
310,233,47,50
309,231,46,51
308,231,43,49
308,231,46,50
308,231,46,49
308,232,50,50
310,231,47,50
308,233,50,50
310,231,48,50
310,233,46,49
307,229,46,51
309,230,46,50
308,231,44,49
307,230,48,52
307,231,47,49
306,231,50,50
305,232,48,50
304,231,49,49
304,233,49,47
301,233,49,49
299,231,50,50
297,234,51,47
296,231,50,49
293,232,53,47
289,231,52,48
286,233,52,49
282,230,46,52
280,230,47,52
278,232,45,48
274,232,51,50
271,230,53,50
266,230,46,52
265,230,44,51
261,232,47,50
257,231,47,50
254,232,47,49
251,230,46,47
247,231,48,47
244,231,45,48
242,230,43,48
236,230,43,48
233,231,42,46
233,230,42,46
228,231,46,44
226,231,46,45
226,230,47,48
224,230,53,49
226,233,50,47
225,230,41,46
225,230,43,46
225,231,43,43
225,231,42,43
226,232,49,46
223,231,47,47
225,231,52,49
224,232,54,49
224,232,47,44
224,229,47,49
226,231,44,43
224,232,49,45
225,232,48,45
226,232,49,47
223,232,46,44
225,231,50,49
225,232,51,47
224,232,55,46
222,231,53,47
224,231,50,46
225,231,42,45
224,233,49,44
224,230,47,46
225,232,48,45
223,230,48,47
226,231,45,46
226,232,51,45
224,231,47,46
226,229,50,50
224,232,55,49
223,233,54,48
224,230,54,47
224,232,55,48
224,231,55,48
224,231,53,49
225,232,50,47
224,229,48,48
225,231,45,45
225,232,47,45
224,232,49,49
225,229,51,50
225,231,52,49
224,231,54,50
223,230,53,49
224,233,53,48
223,232,51,48
223,229,43,48
225,230,47,48
224,231,50,50
225,230,48,47
224,232,54,48
224,229,49,50
224,231,49,47
224,232,54,48
224,231,50,48
222,231,55,48
225,231,50,48
222,231,50,47
224,233,46,47
222,232,47,45
222,231,50,51
221,232,46,47
221,233,42,44
222,235,49,48
218,234,49,48
217,235,47,48
217,235,41,44
217,235,46,47
216,236,48,48
215,234,42,44
213,237,45,45
214,235,44,45
215,237,42,46
215,235,42,45
214,238,47,47
212,236,48,47
214,237,47,48
214,238,52,47
214,237,43,45
215,235,41,44
216,235,43,45
217,235,46,46
217,235,48,47
219,233,54,50
219,234,49,45
221,236,49,44
219,232,46,46
220,233,52,52
223,234,43,43
222,233,45,45
222,230,42,48
224,231,45,45
226,230,45,45
228,232,53,46
226,232,51,45
227,230,49,45
227,231,53,47
228,229,54,48
228,229,51,45
231,228,54,48
232,228,49,45
233,229,53,47
231,227,53,48
234,229,50,46
234,225,42,46
236,225,46,49
234,225,55,48
237,227,48,46
238,226,41,44
239,223,41,44
240,226,41,45
240,222,39,44
240,223,40,44
241,222,43,50
242,222,43,46
242,221,45,44
244,222,46,44
245,223,48,46
244,221,50,47
246,219,42,48
246,219,43,48
246,220,41,44
247,219,41,45
249,218,41,47
249,218,42,44
250,219,42,41
252,217,41,45
252,218,46,48
252,215,41,49
252,217,49,46
253,219,54,47
254,217,55,49
256,217,47,47
257,215,45,45
258,216,51,47
259,216,52,49
258,213,49,49
260,214,50,50
260,214,50,48
260,215,54,49
260,213,51,49
262,212,50,52
263,212,47,49
263,212,49,47
264,211,53,52
265,212,51,50
265,210,50,50
266,210,54,52
267,212,48,50
269,209,43,49
270,207,41,44
270,208,41,44
270,207,41,43
272,207,42,45
273,207,40,43
275,208,41,41
275,205,40,42
276,206,41,43
277,205,40,43
276,204,41,50
277,206,42,46
277,204,45,48
276,206,46,46
278,207,52,48
275,205,45,44
276,207,49,47
276,206,48,49
277,208,51,46
275,205,52,46
276,208,54,48
277,207,50,46
276,205,54,50
276,206,52,50
278,206,44,46
277,205,42,45
277,204,41,47
276,205,42,46
277,204,41,45
277,206,42,47
277,203,44,47
277,205,42,45
277,204,43,48
278,205,50,49
276,206,54,48
277,204,50,49
277,207,51,49
277,205,53,48
278,207,53,49
277,206,50,49
278,206,53,51
278,204,50,49
276,204,51,49
278,207,53,47
277,204,48,49
279,202,42,49
278,205,46,47
277,203,46,49
278,204,45,49
278,205,50,48
278,205,52,51
278,204,51,50
277,204,50,48
278,205,50,48
277,206,53,48
278,203,49,50
278,205,43,45
279,205,44,47
279,205,46,48
277,205,47,48
277,205,46,47
278,205,48,47
278,202,47,48
276,207,51,48
277,203,52,53
278,204,51,51
278,204,48,48
278,204,52,48
277,206,53,50
277,204,46,47
278,204,44,47
278,203,45,48
277,205,51,50
278,205,52,52
277,203,44,50
279,205,48,49
277,204,50,52
278,203,46,49
279,204,42,47
279,202,46,48
279,205,43,46
279,203,48,53
278,204,52,52
276,205,54,52
278,201,48,55
280,205,50,50
277,204,53,51
278,206,47,47
279,203,45,49
278,203,48,51
277,206,52,50
278,203,47,50
277,205,51,50
276,203,50,51
279,205,51,50
278,203,47,50
280,204,50,52
278,204,52,51
277,204,52,52
276,201,48,53
278,203,50,51
278,203,52,51
277,203,51,52
278,203,53,51
279,203,50,52
278,201,50,52
278,203,50,52
278,204,52,52
278,203,52,52
279,203,50,52
277,203,51,52
278,200,49,53
280,202,44,52
279,201,48,54
278,201,49,53
280,202,47,53
279,200,50,55
277,200,50,53
280,201,47,55
279,202,48,52
279,201,44,50
279,202,48,51
278,200,50,54
278,200,47,55
280,200,47,55
279,200,46,53
280,199,48,55
279,198,49,58
279,200,45,53
280,198,49,56
279,199,47,54
280,200,47,56
279,197,47,56
281,202,46,54
281,200,46,56
280,200,47,56
281,200,47,55
279,199,48,53
280,199,46,54
280,199,48,57
282,200,48,54
280,199,47,55
281,199,49,55
280,199,48,55
280,197,50,57
279,197,48,56
280,198,48,57
281,198,48,54
279,198,50,54
281,198,49,57
282,200,48,54
278,199,48,53
281,198,47,56
279,199,50,54
281,200,50,54
280,200,49,53
282,198,48,54
279,199,49,54
280,198,48,56
282,198,47,56
278,198,50,54
281,199,48,54
280,199,49,56
279,199,49,55
279,199,49,55
280,199,47,52
279,199,48,54
280,198,51,55
280,199,50,53
280,197,48,55
282,198,49,54
282,198,47,54
280,199,49,57
281,198,49,56
279,198,50,54
282,197,46,55
281,198,47,56
283,197,47,53
282,198,49,55
284,197,47,54
283,198,49,56
283,198,48,55
286,198,48,55
285,199,47,55
287,196,48,56
286,196,48,56
290,198,48,56
292,198,46,55
292,198,48,53
293,198,47,55
294,197,45,54
292,196,48,56
293,197,47,56
297,199,45,53
297,197,45,55
298,198,49,56
297,199,46,54
301,198,46,54
299,196,50,57
301,197,47,54
301,197,49,60
303,199,47,55
306,197,47,57
305,197,49,57
306,196,48,56
307,195,48,59
306,196,51,58
308,195,51,60
310,197,49,57
309,195,50,59
309,197,52,58
312,198,47,54
314,195,46,55
313,197,49,58
312,196,51,61
314,196,51,56
316,194,50,60
318,196,48,58
318,196,52,59
318,196,50,58
322,194,50,60
321,194,48,60
323,197,50,57
324,195,48,59
324,194,50,60
326,196,48,56
328,195,48,58
326,196,49,58
328,194,49,60
329,195,50,59
329,197,51,54
330,194,49,59
332,194,48,58
333,195,51,60
331,196,50,58
332,196,55,59
333,195,52,58
337,195,52,62
336,195,53,58
337,193,50,59
339,195,51,61
338,196,53,58
342,193,49,59
342,197,50,56
342,196,54,60
345,194,50,59
343,195,50,57
346,195,52,60
347,197,49,57
348,196,50,56
349,195,51,56
349,194,50,59
351,193,49,61
352,194,49,61
351,194,49,58
355,193,48,59
352,196,53,60
355,197,52,57
354,195,51,58
355,193,52,62
358,194,50,61
359,194,49,60
359,194,51,63
361,193,49,60
361,193,51,62
362,193,50,60
364,194,49,58
366,194,48,59
363,193,51,60
366,193,49,60
367,192,51,61
369,193,48,59
368,192,53,62
368,192,50,61
369,191,54,61
370,195,53,61
371,195,55,60
373,194,51,59
374,193,53,63
373,192,53,61
375,192,51,61
377,191,52,61
378,194,50,61
376,195,51,59
376,194,51,58
377,194,50,59
377,193,51,60
377,193,52,61
374,194,53,59
376,194,55,58
377,194,52,60
376,194,53,59
376,192,54,62
376,193,51,60
373,193,56,59
377,194,52,60
376,193,52,60
377,193,50,61
375,193,53,60
374,194,55,61
372,192,55,62
374,193,52,62
373,193,55,63
376,192,50,60
374,195,56,61
374,194,53,60
375,192,51,59
376,192,50,62
376,193,51,61
373,193,54,60
371,191,55,63
373,194,54,62
374,193,51,62
373,191,52,62
374,194,55,61
373,193,52,60
373,193,51,62
372,192,53,63
372,193,53,62
371,194,52,63
372,193,54,62
373,195,52,62
370,195,55,62
373,195,52,60
372,192,53,63
373,193,54,63
372,193,53,62
369,193,53,64
370,194,56,62
372,192,51,62
371,193,52,64
370,193,53,63
370,192,53,62
371,194,51,63
370,193,53,62
371,192,53,64
370,193,52,64
370,193,50,61
370,193,53,63
370,194,53,63
371,194,50,62
370,195,54,63
371,192,52,65
371,192,51,64
369,193,54,64
369,193,53,65
368,192,53,62
368,192,54,64
369,194,53,64
369,192,53,63
370,191,54,66
369,191,53,66
369,191,53,65
369,193,52,65
367,194,54,65
370,192,53,65
367,193,53,65
369,193,51,61
367,192,57,64
368,193,57,65
369,193,52,63
368,194,54,64
368,194,57,63
368,193,56,63
369,193,54,66
366,192,56,65
368,193,54,65
369,194,52,65
367,193,54,62
367,193,51,63
369,192,53,65
370,193,53,62
367,192,52,62
368,193,56,63
368,193,53,64
369,194,52,64
367,193,55,63
368,191,54,63
366,191,56,62
366,189,55,64
367,189,54,65
367,187,51,64
365,186,57,66
366,185,54,65
368,186,51,59
367,185,56,66
366,185,56,64
365,182,56,64
365,182,55,65
366,182,56,64
365,180,55,62
365,178,56,66
366,176,55,65
368,176,54,65
365,176,55,62
366,174,57,64
368,172,53,64
368,172,53,65
366,172,54,63
366,170,56,66
368,170,55,65
367,168,53,65
367,168,55,65
368,168,53,66
366,167,54,64
367,165,54,64
366,164,55,64
365,164,54,63
367,163,53,63
367,162,52,62
367,161,53,61
365,159,54,59
366,159,55,63
367,156,51,64
368,156,52,63
367,157,53,57
365,153,53,60
364,154,54,61
368,151,54,63
366,150,52,62
365,152,55,59
365,149,59,63
366,150,53,62
367,147,50,60
366,147,53,61
367,146,50,60
367,145,53,59
366,145,52,59
366,143,55,62
363,142,60,62
367,140,54,62
366,140,53,60
365,140,55,62
363,138,54,62
364,139,56,62
363,137,58,63
364,136,58,63
367,136,52,61
366,134,50,58
365,133,55,62
