408,163,56,126
405,169,61,118
407,173,58,118
403,167,64,124
408,166,59,130
407,168,56,126
407,167,58,124
408,168,56,120
408,168,56,117
406,167,60,124
408,171,57,120
408,169,57,121
407,176,59,114
407,169,59,120
406,166,59,118
409,174,55,111
408,164,56,124
411,161,54,124
412,167,58,121
415,163,54,120
413,162,54,121
413,164,56,115
420,161,49,110
415,161,55,114
418,162,55,114
416,161,58,120
416,159,56,121
420,161,54,115
418,162,56,114
422,161,51,115
421,162,52,115
419,163,55,118
424,161,51,117
421,162,57,114
420,161,54,118
420,165,56,115
424,164,51,110
428,164,51,110
429,164,52,111
428,162,51,115
430,165,49,115
427,165,53,115
427,168,52,114
429,167,51,117
428,168,52,117
429,169,49,114
430,172,52,112
430,168,51,120
430,167,52,122
431,164,50,129
433,166,51,118
434,165,51,119
432,164,55,123
433,164,56,121
434,167,51,119
435,165,49,123
435,164,54,127
436,163,51,126
432,165,54,119
435,165,51,119
432,163,53,123
433,163,54,125
435,165,55,120
435,165,54,133
434,167,56,137
436,167,57,143
435,166,56,143
434,171,56,141
434,168,56,148
433,168,59,141
432,170,61,148
433,168,59,146
434,170,57,129
430,172,59,140
431,170,59,139
436,172,57,141
435,172,54,133
433,171,54,131
432,172,55,125
433,172,56,130
433,171,59,139
437,171,51,124
437,172,52,123
439,172,52,124
436,171,51,125
438,168,50,125
436,169,52,130
435,170,50,126
435,169,51,135
434,168,52,141
436,169,51,133
435,171,50,132
436,170,46,134
435,170,50,136
436,169,48,139
438,169,48,134
436,170,48,134
435,172,50,135
435,170,49,131
437,170,47,137
437,170,48,138
437,170,49,132
437,168,47,138
440,165,47,142
440,165,45,145
442,165,44,145
441,165,46,145
441,166,50,143
443,164,46,144
441,164,45,135
442,164,44,133
441,162,45,134
444,163,45,136
443,162,43,141
442,161,44,152
442,162,44,142
440,161,43,141
440,162,44,145
438,163,46,139
441,161,42,142
440,159,46,132
441,157,43,135
441,160,46,143
442,160,43,137
443,158,41,133
444,160,43,135
441,159,44,128
441,158,40,138
441,160,44,140
439,157,43,142
439,160,45,136
438,160,45,134
439,160,41,134
438,161,40,131
436,162,44,141
436,162,44,142
436,163,40,138
439,161,40,143
436,163,39,140
435,163,43,138
435,164,40,136
435,164,43,142
435,165,42,139
434,165,45,136
433,164,44,139
433,165,42,134
434,164,46,140
433,167,50,140
434,164,45,134
434,163,43,129
434,167,46,127
436,159,44,126
434,158,45,140
432,157,45,143
432,157,47,134
432,156,45,143
432,157,46,144
432,157,47,140
433,155,42,135
433,154,46,124
430,155,47,123
432,160,49,112
433,158,46,117
433,160,46,114
433,163,45,112
435,160,45,112
436,158,47,118
434,153,50,118
436,156,49,109
435,163,50,105
437,158,47,106
439,158,46,104
438,157,47,106
439,165,49,100
441,162,47,104
439,154,50,115
440,153,49,115
438,154,52,113
441,159,53,114
441,158,51,109
443,155,49,111
440,156,53,109
442,153,50,116
443,155,49,114
443,155,49,112
443,156,50,116
444,152,50,124
443,153,52,117
444,154,50,116
447,155,49,115
445,154,52,108
444,156,53,108
446,155,52,114
447,157,52,113
443,154,56,116
443,156,55,117
446,155,54,118
444,155,55,114
445,161,53,111
444,158,55,114
444,159,54,114
446,158,54,113
445,160,54,111
445,161,54,115
447,162,55,109
445,161,54,109
444,165,55,105
444,165,55,104
446,161,55,107
448,161,52,111
447,160,54,109
447,163,54,105
446,162,53,108
445,163,52,104
446,162,51,108
446,163,53,104
447,162,54,110
444,163,59,106
447,160,55,109
449,161,53,112
448,162,52,110
448,162,52,110
446,163,53,110
448,163,53,108
447,167,52,106
449,166,53,105
447,164,52,109
447,161,52,113
446,161,52,116
446,163,53,111
447,162,51,110
445,162,54,114
442,161,57,116
440,162,56,115
442,162,57,114
443,162,55,114
443,162,56,116
442,161,55,119
444,163,55,112
445,160,53,114
445,161,54,115
443,165,55,109
443,163,54,113
442,161,55,114
440,159,57,120
443,159,55,121
439,157,57,119
440,158,57,114
441,157,55,120
440,158,55,121
440,159,54,118
441,158,55,115
442,158,51,109
443,159,53,108
442,156,56,113
446,156,52,110
447,153,51,110
446,149,49,111
448,150,49,104
448,149,51,106
451,149,50,105
452,144,51,107
451,143,50,109
449,142,54,118
451,140,55,121
453,139,51,115
453,137,53,117
452,138,52,113
451,137,52,114
452,139,52,114
453,135,52,114
452,135,52,116
453,131,52,123
454,131,51,125
454,133,54,125
458,131,50,114
455,131,54,118
457,131,49,116
459,131,49,111
458,130,51,117
459,131,49,113
457,130,50,112
458,127,49,113
459,129,48,112
458,128,49,110
461,130,48,114
460,129,48,113
460,130,49,109
461,127,48,112
461,126,47,111
462,124,47,110
461,123,47,111
461,124,48,109
459,123,47,111
459,120,48,113
458,120,48,113
458,124,49,108
458,121,46,105
458,119,46,108
457,116,45,109
455,120,47,104
455,117,45,106
455,118,44,101
455,119,46,102
452,116,46,105
451,117,47,107
452,117,46,110
451,116,45,104
451,118,46,103
451,117,46,102
448,116,47,107
447,116,46,103
448,116,46,103
447,117,46,107
445,118,46,103
443,117,47,103
442,118,49,106
443,118,45,106
442,121,46,104
440,122,48,103
438,124,46,100
438,124,43,101
439,124,44,97
438,127,43,95
437,129,44,96
437,128,42,94
436,129,43,96
435,129,43,99
435,130,42,95
434,132,44,97
433,132,43,92
435,132,40,95
432,132,46,98
430,134,44,97
431,136,44,94
432,136,42,94
431,134,43,96
431,136,43,99
432,137,41,96
430,139,42,88
432,140,40,92
428,139,43,93
427,138,43,95
429,139,41,94
427,144,42,91
426,141,40,94
426,142,43,94
425,140,42,95
424,144,43,92
423,143,42,96
421,146,46,97
422,147,45,99
422,147,47,92
424,150,44,87
422,148,42,90
423,151,41,96
421,150,43,94
421,151,44,93
421,152,43,93
420,153,44,91
422,153,42,95
421,155,41,99
421,156,42,92
421,158,43,97
420,157,45,95
420,157,41,94
418,158,42,98
420,160,42,99
418,158,45,92
418,163,45,97
418,162,44,95
417,162,43,95
417,165,43,96
419,166,43,90
419,169,40,94
420,167,42,94
420,170,41,91
418,169,42,92
418,170,43,91
418,169,43,92
417,170,43,89
417,169,45,89
415,170,46,90
416,171,45,89
418,172,41,89
417,175,43,88
417,176,44,86
416,178,44,84
415,176,46,86
414,180,46,82
415,181,43,80
418,182,39,82
418,183,39,81
416,184,43,80
418,184,41,83
418,183,41,79
416,183,44,79
417,183,44,80
417,186,40,79
418,184,40,77
417,188,43,78
417,186,41,79
416,186,43,79
416,185,43,79
417,187,43,79
418,189,42,78
418,188,37,78
417,190,44,75
418,193,41,75
419,191,40,74
421,193,40,72
418,193,43,73
421,194,40,74
422,195,39,72
420,196,40,69
420,197,40,67
421,197,41,66
421,197,41,69
422,199,42,68
421,200,43,66
422,201,39,67
422,198,43,65
422,200,43,66
420,201,44,66
423,202,42,64
421,201,42,65
422,202,41,64
423,204,42,60
424,205,40,60
423,206,43,60
420,208,43,58
423,207,42,57
423,208,41,57
422,209,43,56
425,210,40,55
425,209,40,55
424,211,39,54
425,212,41,53
424,213,41,50
425,216,39,47
425,215,39,48
424,218,39,48
424,218,40,46
424,219,39,46
424,219,36,45
427,220,35,45
426,224,36,41
426,224,35,40
428,225,31,40
425,225,34,39
424,227,36,39
425,226,30,38
426,227,33,38
427,228,33,36
425,229,33,37
425,229,33,37
424,229,34,35
426,230,34,34
426,230,34,32
427,233,32,30
428,233,28,31
429,234,28,30
429,235,29,29
428,237,26,28
429,237,28,28
428,237,26,28
429,237,25,27
430,239,23,26
430,239,25,25
428,240,25,26
428,240,23,24
432,240,20,25
430,241,22,24
430,240,21,24
431,242,18,22
431,243,17,20
431,243,17,21
431,246,18,19
431,245,18,20
431,246,17,20
431,247,16,18
430,247,16,16
431,248,16,17
432,248,15,17
431,250,15,15
431,251,15,15
429,255,18,13
430,255,17,10
427,256,19,10
427,256,19,10
427,256,19,10
427,256,19,10
427,256,19,10
427,256,19,10
427,256,19,10
427,256,19,10
427,256,19,10
427,256,19,10
427,256,19,10
427,256,19,10
427,256,19,10
427,256,19,10
427,256,19,10
427,256,19,10
427,256,19,10
427,256,19,10
427,256,19,10
427,256,19,10
427,256,19,10
427,256,19,10
427,256,19,10
427,256,19,10
427,256,19,10
427,256,19,10
427,256,19,10
427,256,19,10
427,256,19,10
427,256,19,10
427,256,19,10
427,256,19,10
427,256,19,10
427,256,19,10
427,256,19,10
427,256,19,10
427,256,19,10
427,256,19,10
427,256,19,10
427,256,19,10
427,256,19,10
427,256,19,10
427,256,19,10
427,256,19,10
427,256,19,10
427,256,19,10
427,256,19,10
427,256,19,10
427,256,19,10
427,256,19,10
427,256,19,10
427,256,19,10
427,256,19,10
427,256,19,10
427,256,19,10
427,256,19,10
427,256,19,10
427,256,19,10
427,256,19,10
427,256,19,10
427,256,19,10
427,256,19,10
427,256,19,10
427,256,19,10
427,256,19,10
427,256,19,10
427,256,19,10
427,256,19,10
427,256,19,10
427,256,19,10
427,256,19,10
427,256,19,10
427,256,19,10
427,256,19,10
427,256,19,10
426,257,15,12
430,257,16,9
430,258,17,9
429,254,15,9
430,254,15,10
428,253,15,12
430,250,14,13
429,249,15,14
429,249,16,15
430,247,16,18
429,246,17,18
429,243,17,21
429,241,20,23
426,242,24,24
426,239,24,25
428,238,23,25
427,238,25,26
426,237,24,27
426,239,27,27
424,237,27,27
423,236,30,27
423,237,30,27
423,236,28,28
424,236,31,28
426,234,28,29
423,235,30,30
423,232,29,30
425,233,32,31
424,231,32,32
425,229,31,33
424,230,28,33
425,230,28,32
425,230,29,33
424,228,29,33
423,227,30,35
423,227,31,36
424,227,29,37
422,225,31,38
424,225,32,38
423,224,29,40
423,223,31,41
424,222,30,42
424,221,30,42
420,220,31,40
420,220,33,43
419,219,35,44
420,219,33,46
418,219,35,45
414,217,40,46
417,215,35,48
414,215,41,49
415,217,39,48
420,214,33,47
417,216,36,48
419,216,34,48
421,215,33,47
418,215,36,48
420,214,34,49
412,215,42,49
413,215,42,51
415,212,40,52
415,213,39,53
418,212,36,54
417,210,36,55
420,208,33,56
420,207,34,58
419,207,35,56
418,207,36,58
416,206,39,58
417,205,36,60
417,204,36,63
416,204,37,61
414,206,40,60
415,203,40,63
416,203,42,64
417,200,38,65
415,199,38,67
416,200,37,68
418,199,34,67
415,199,40,68
414,196,40,70
415,195,40,72
414,196,40,70
415,196,38,71
414,195,39,73
414,195,41,71
413,195,41,70
415,193,38,74
413,195,41,73
414,191,38,75
412,191,39,76
418,188,34,81
414,189,36,78
413,190,40,79
415,188,39,80
413,186,40,78
416,186,37,80
414,186,38,80
417,186,38,79
415,189,39,79
412,185,41,79
411,183,43,82
411,184,45,82
413,179,39,84
412,182,38,83
414,182,39,83
412,181,41,82
415,180,36,82
413,179,38,84
412,179,42,84
413,180,43,85
413,177,40,84
412,177,43,85
414,176,40,84
409,176,43,86
413,175,41,88
414,173,39,88
412,171,41,88
415,172,39,88
415,172,40,86
413,168,43,90
410,167,47,94
415,166,40,90
413,165,42,89
415,164,43,93
412,162,47,99
412,160,48,98
414,160,45,101
416,161,47,91
418,159,43,95
418,161,44,93
414,157,46,98
416,157,45,94
417,157,44,94
420,156,41,97
421,155,40,97
420,155,44,95
419,155,45,95
420,154,43,95
417,154,47,97
419,153,44,93
416,153,49,98
416,151,49,96
422,150,42,93
421,150,45,93
421,148,42,96
422,148,40,94
422,148,43,97
424,146,39,93
424,145,41,92
423,145,42,94
426,146,41,93
425,141,41,93
427,142,40,93
426,141,43,97
426,141,42,99
427,140,41,98
428,140,42,95
427,139,44,96
430,138,42,95
429,136,41,98
431,137,42,96
432,135,40,95
432,136,42,96
433,134,40,95
434,134,43,93
432,132,44,103
435,132,41,99
433,133,42,96
435,132,41,92
437,131,39,91
436,131,43,94
438,132,41,98
437,132,43,99
437,133,40,97
439,132,40,100
437,134,43,92
437,133,43,91
438,134,41,91
441,132,38,98
439,130,41,99
439,131,41,95
438,131,41,97
440,132,40,96
441,132,39,94
439,131,40,93
440,128,39,96
440,131,40,93
437,130,42,98
437,129,42,96
437,129,41,97
437,129,39,96
436,129,41,98
434,131,42,91
437,130,41,96
434,126,44,101
434,125,45,104
435,124,44,101
438,123,42,103
437,124,43,100
437,125,42,96
437,122,43,98
437,124,44,100
437,125,44,103
436,125,44,103
438,127,43,104
439,124,41,102
437,125,43,102
439,125,42,102
439,124,44,103
439,124,41,97
438,124,42,100
437,125,43,103
438,125,43,105
438,124,42,106
436,124,43,106
437,126,44,108
438,125,43,104
438,126,44,106
437,126,43,102
438,127,44,104
436,129,46,104
436,126,44,106
438,124,45,107
438,127,40,102
440,126,41,106
439,124,42,108
440,124,43,107
438,126,43,106
437,123,45,109
438,125,46,114
438,127,45,115
435,125,47,110
438,126,44,109
439,125,45,113
439,125,46,106
437,124,47,111
440,126,44,103
439,127,46,107
438,122,46,113
442,127,43,107
441,125,45,107
442,126,45,107
439,125,45,113
441,127,47,114
440,125,49,115
441,124,47,118
443,128,44,115
438,128,51,119
441,127,47,118
441,127,48,112
439,128,49,121
440,128,49,116
437,128,48,115
439,128,48,112
438,127,48,124
437,125,48,116
437,124,50,116
438,125,49,118
438,127,50,114
437,125,49,116
439,124,46,117
439,124,48,115
436,123,50,121
438,125,49,116
437,124,50,121
440,125,47,117
435,129,47,114
436,128,48,121
433,129,49,119
435,128,47,112
432,127,46,113
432,131,49,114
431,131,48,115
429,127,47,119
429,127,48,117
431,129,48,115
427,125,49,111
431,126,45,117
431,124,44,117
432,122,45,119
430,122,48,123
430,121,49,122
431,122,50,121
432,121,48,118
431,122,50,115
432,123,47,117
433,121,48,123
437,119,46,127
433,119,50,122
436,119,49,128
436,120,47,126
437,119,47,137
437,121,50,141
438,120,49,125
440,123,49,122
439,122,49,121
437,125,48,127
437,123,49,124
437,125,48,127
437,127,48,130
436,131,47,130
437,130,45,127
437,134,43,127
435,134,45,127
435,139,44,123
435,139,43,126
431,141,46,122
431,146,45,120
434,146,42,120
436,153,41,108
430,152,45,113
429,152,46,117
429,153,45,119
430,154,43,114
431,153,39,117
430,155,39,116
429,155,41,119
428,157,42,112
425,159,44,124
423,162,47,121
420,165,49,123
418,167,49,118
421,169,46,116
419,171,49,122
416,172,50,119
416,175,50,112
420,176,47,120
419,180,46,114
418,181,46,121
417,182,48,126
410,181,53,124
413,178,52,131
416,181,48,127
417,182,46,123
418,186,50,127
418,185,43,123
419,190,47,127
415,186,46,125
418,187,48,131
413,185,50,132
413,189,51,123
415,190,49,117
417,193,50,122
414,191,52,129
415,193,50,123
413,194,53,119
415,197,50,119
415,197,51,117
417,194,50,119
416,197,49,120
411,200,53,116
413,203,54,116
411,205,53,112
412,203,52,114
412,203,53,114
412,205,53,115
409,207,52,110
410,209,52,112
410,210,53,108
413,209,50,107
412,217,54,104
411,217,54,105
414,216,53,106
409,214,55,108
414,212,49,107
411,218,54,105
409,216,56,107
412,215,54,108
411,215,54,107
412,219,52,101
409,227,57,96
411,223,53,105
414,226,51,100
414,226,51,95
410,237,55,92
410,227,53,95
409,228,53,93
409,231,55,93
409,235,53,88
408,240,53,83
409,246,53,77
409,247,54,75
410,252,52,71
407,251,54,71
408,257,52,65
408,255,51,67
407,253,54,69
406,255,51,67
406,257,51,65
407,254,52,66
406,259,52,61
406,260,53,60
405,258,55,63
406,259,50,62
405,263,48,57
405,264,45,56
406,263,44,56
404,263,46,57
404,266,45,54
407,267,41,53
406,265,40,56
406,269,42,52
410,272,37,47
406,274,40,46
406,276,40,44
406,279,39,39
407,279,40,41
407,280,39,39
409,282,37,36
408,284,39,35
409,281,35,38
408,283,35,35
409,284,36,36
409,285,36,35
408,288,34,33
408,288,35,32
407,290,32,31
408,294,32,28
409,295,33,25
405,299,32,23
407,298,29,23
407,298,23,22
408,298,22,21
409,299,21,20
408,298,22,21
408,297,23,22
406,297,22,21
402,299,22,21
401,297,23,22
402,298,23,22
406,298,22,21
410,298,21,22
414,298,21,22
415,297,21,22
410,299,23,21
407,299,22,20
408,300,21,20
409,299,22,20
409,299,22,20
406,300,23,19
401,302,22,18
399,304,25,18
404,302,23,17
412,301,24,18
417,298,22,20
422,297,22,21
427,298,21,21
430,297,21,22
439,297,21,22
446,296,20,23
447,296,22,23
451,297,23,23
457,297,23,23
457,296,23,24
455,296,23,24
455,296,23,24
451,296,25,23
451,297,22,23
448,298,23,22
449,296,23,23
447,297,23,24
447,297,22,23
448,298,23,22
449,297,23,23
449,296,23,23
448,297,24,24
448,296,23,24
448,297,22,23
449,298,22,23
449,297,23,22
449,297,23,23
448,296,24,22
448,297,23,23
448,297,22,23
447,297,23,22
447,296,23,22
449,296,23,22
447,297,23,23
449,298,22,22
449,297,22,22
447,297,23,23
448,297,23,22
449,297,22,22
447,297,23,23
448,296,23,22
448,298,24,24
449,298,22,22
448,296,23,22
447,296,23,23
446,297,23,23
447,296,22,24
447,297,22,23
445,297,23,23
443,298,23,22
442,298,22,21
442,298,22,21
442,297,23,22
441,298,23,22
443,297,23,23
445,297,23,22
444,297,22,22
442,297,23,23
443,298,22,22
441,297,23,22
442,297,22,22
442,298,23,21
442,298,23,22
441,297,22,21
441,297,23,21
443,298,22,21
441,297,22,21
442,298,21,21
441,297,23,23
441,297,23,22
442,297,23,22
442,297,22,21
441,297,23,22
443,298,22,22
442,297,22,22
443,298,21,21
444,297,21,22
445,298,21,22
444,297,22,21
444,297,22,22
443,297,22,21
443,297,21,21
444,298,21,21
443,298,22,22
444,297,21,22
445,297,21,22
447,298,20,22
448,298,21,21
448,297,22,21
448,298,24,23
449,297,24,23
451,295,22,24
452,297,22,23
454,295,22,24
455,296,22,24
456,296,23,23
457,296,23,24
459,296,23,24
458,296,23,23
460,295,23,24
461,297,21,24
462,296,22,23
465,296,22,23
463,296,23,24
464,295,23,24
465,295,21,24
467,295,22,24
468,296,26,24
470,296,25,24
469,296,26,25
470,296,25,24
472,297,24,23
473,295,25,23
475,297,24,24
476,296,26,25
477,295,23,24
479,295,22,23
480,296,23,24
480,295,23,23
482,297,23,23
482,294,23,24
483,295,25,26
484,295,24,25
485,294,25,25
486,295,24,26
487,293,23,25
488,295,25,25
489,294,24,25
489,293,25,26
488,293,24,27
492,293,22,26
493,293,21,25
495,294,21,24
494,294,22,25
493,293,24,26
495,293,24,25
496,294,23,24
496,294,24,25
498,293,24,27
498,294,25,28
497,294,27,27
499,294,24,26
502,295,23,26
501,294,24,25
502,294,26,27
503,293,25,25
504,293,23,25
507,295,23,26
509,294,21,25
509,295,21,25
510,294,23,26
510,295,23,26
510,294,22,27
511,292,24,28
513,294,24,26
514,294,25,27
517,292,22,27
519,293,24,27
519,293,25,29
518,294,27,27
522,294,29,28
523,293,23,28
525,289,27,32
529,291,27,30
531,290,27,31
535,291,26,31
536,292,28,31
537,293,27,29
539,292,27,31
542,293,28,32
540,293,26,30
542,290,25,32
543,293,28,32
543,291,26,34
547,293,27,31
548,295,26,31
551,296,28,30
553,295,27,30
552,296,26,30
555,295,25,29
554,295,26,28
555,293,24,31
556,295,23,28
555,295,25,29
557,294,26,32
556,296,26,27
557,293,23,32
560,293,24,33
559,293,29,33
559,293,27,31
561,295,26,32
563,293,24,34
564,294,21,35
566,293,21,35
565,291,22,37
565,293,21,36
567,292,20,36
566,292,24,36
566,293,30,42
565,294,30,45
565,293,26,37
565,292,29,35
565,294,27,35
564,293,34,40
565,293,37,43
562,294,41,48
563,295,42,57
561,293,48,62
564,297,45,57
564,296,44,61
563,296,45,60
566,296,45,59
566,295,42,58
567,294,41,60
568,294,45,59
567,294,45,58
567,293,48,60
568,294,47,60
566,294,49,61
566,294,49,64
568,294,47,63
568,293,47,64
568,294,46,62
569,294,47,62
568,294,47,61
572,293,45,62
569,295,47,61
572,294,46,64
571,294,48,62
570,293,49,62
570,293,50,63
571,293,50,63
574,293,47,62
574,293,50,62
575,294,48,62
575,295,48,62
574,295,48,60
574,293,49,62
575,295,49,61
577,294,51,62
578,295,48,63
577,295,49,61
578,295,48,61
578,293,49,61
581,293,48,63
582,291,46,64
584,291,45,65
583,292,46,63
583,293,47,62
583,292,46,64
586,292,48,62
584,293,49,63
587,292,47,62
589,292,47,63
590,294,46,61
590,291,49,62
591,294,47,62
589,292,50,62
593,293,46,62
594,294,48,61
594,292,49,64
594,292,48,64
595,289,50,66
595,286,49,69
596,284,48,70
597,285,52,70
597,281,53,75
596,279,51,77
595,276,52,80
597,273,54,83
598,271,52,87
598,275,53,79
600,275,48,81
598,269,53,87
597,270,52,85
596,265,53,91
596,262,54,95
596,263,51,92
595,258,53,97
597,253,52,101
596,253,53,101
597,252,50,102
596,251,51,101
597,251,51,102
596,250,52,103
593,244,54,107
594,246,54,103
593,242,54,106
595,242,51,106
593,238,54,109
595,239,53,109
595,236,51,115
595,236,52,114
593,234,56,118
597,232,52,116
596,232,54,125
596,229,52,115
597,230,51,111
597,227,53,116
596,226,53,120
596,222,52,117
598,220,52,117
597,218,54,122
595,216,53,122
593,215,53,123
595,211,53,115
594,208,51,116
595,207,49,110
593,208,52,108
592,204,53,115
589,202,52,120
589,203,53,114
589,199,51,117
587,201,53,112
588,199,52,112
586,199,50,111
586,199,50,109
586,200,50,109
584,195,51,115
587,197,51,112
586,193,51,113
584,196,52,113
586,194,51,115
584,194,52,114
585,195,49,107
586,193,48,109
588,193,53,113
584,191,52,114
588,191,49,108
587,189,52,111
588,189,49,105
589,188,53,114
590,186,51,114
590,188,50,111
591,188,52,105
591,185,52,110
588,185,53,115
592,185,52,115
592,185,51,113
592,186,51,114
594,186,51,111
596,184,52,110
596,185,51,113
595,183,54,114
598,182,52,118
597,182,56,117
598,181,54,115
601,181,53,115
601,182,53,105
601,180,53,112
602,180,53,117
602,178,54,114
603,179,53,120
604,180,54,113
607,180,52,120
605,181,53,112
610,181,50,109
606,180,57,113
610,184,53,106
612,181,53,106
611,178,54,111
613,181,53,108
611,179,56,111
611,179,56,118
613,180,53,113
609,180,56,112
612,181,53,113
612,182,54,113
611,182,53,116
612,179,51,116
611,182,54,111
611,178,54,114
610,178,54,116
613,178,53,117
610,179,54,118
610,178,55,120
611,176,54,120
605,177,62,115
605,175,61,117
606,176,60,115
609,178,59,110
612,177,51,116
615,181,49,115
612,181,51,112
615,179,53,111
613,182,57,107
612,180,63,114
614,182,59,107
614,183,60,110
614,184,60,106
615,183,56,105
614,184,56,108
615,185,55,110
614,183,55,115
615,183,55,114
617,182,50,113
615,185,52,105
614,186,53,103
620,186,44,103
617,186,48,101
612,184,55,103
616,183,47,116
617,185,48,104
615,185,50,110
617,185,47,104
612,186,54,112
612,185,54,113
612,184,50,110
611,185,51,119
610,185,52,115
613,184,50,113
609,186,53,112
611,184,52,114
614,184,48,115
612,182,49,118
611,183,50,112
610,183,51,117
611,183,50,115
611,184,50,110
612,184,48,113
612,185,48,113
609,182,49,112
612,183,47,115
613,183,46,111
610,181,50,116
611,184,48,109
608,183,51,109
611,183,47,110
611,181,47,114
609,185,48,113
608,182,49,111
610,185,49,114
611,183,48,112
609,185,47,116
609,183,48,114
610,183,48,114
610,184,50,115
607,183,51,118
606,184,50,112
609,185,49,120
607,184,49,115
608,184,47,115
608,181,48,118
606,184,49,119
608,183,46,116
608,182,45,118
608,182,45,118
608,181,46,117
608,183,45,115
608,184,45,116
608,182,46,112
609,182,46,118
607,179,47,118
608,182,49,116
608,181,48,117
608,183,47,117
609,183,46,118
609,181,46,117
606,183,48,118
607,181,49,119
606,183,49,114
605,184,50,113
607,184,51,116
604,183,53,114
607,183,50,118
607,183,52,117
606,183,50,114
609,184,52,114
609,185,51,115
609,185,51,116
610,186,51,115
608,185,51,120
604,187,61,120
607,187,55,120
609,184,51,122
608,186,55,120
605,185,57,115
605,187,58,119
604,186,59,120
610,187,56,119
608,189,52,117
607,191,54,113
608,194,54,121
607,196,58,122
605,197,59,117
607,203,55,115
601,210,58,120
604,214,53,116
601,223,57,117
597,228,55,119
597,236,55,116
596,244,56,108
591,249,53,105
591,254,54,104
589,259,53,99
586,264,51,96
586,264,55,95
584,266,51,93
583,266,53,92
586,266,49,94
585,265,45,92
578,266,51,90
578,268,49,88
575,271,51,84
570,272,54,84
572,271,55,84
571,272,54,85
571,275,53,81
575,274,49,82
578,275,48,81
576,277,48,80
573,274,55,82
572,271,57,84
576,273,53,84
