219,221,53,85
225,222,50,92
233,233,43,83
231,243,47,83
231,252,47,85
232,256,47,85
233,258,48,84
233,259,48,82
232,259,47,83
231,258,52,81
231,260,50,82
231,260,50,80
234,261,46,79
233,260,46,80
232,261,48,77
233,259,47,80
234,255,44,86
234,260,46,82
232,260,48,79
232,262,49,78
232,263,50,79
232,266,48,75
230,271,47,70
227,271,48,69
224,273,48,65
224,272,49,66
227,265,46,75
231,270,41,72
239,268,35,72
247,266,31,77
251,264,29,76
251,263,31,79
250,263,32,77
253,265,30,76
255,263,26,77
256,266,24,77
258,263,21,79
256,263,25,79
257,265,25,78
258,273,26,70
261,275,26,68
262,274,24,68
261,270,22,74
259,269,27,73
261,273,24,69
259,275,26,68
261,275,25,69
260,271,26,71
260,271,25,71
258,274,26,68
258,277,27,65
260,270,26,68
260,274,26,69
259,269,27,72
261,267,25,75
261,262,25,80
262,264,23,79
261,260,25,82
261,262,24,80
262,261,23,82
261,263,23,78
259,260,23,83
259,258,22,85
258,260,23,84
258,260,25,81
260,262,27,82
260,260,26,83
261,259,25,84
261,261,26,82
261,266,25,77
259,264,27,79
257,268,30,74
259,274,29,68
258,276,36,65
253,273,43,69
246,270,52,74
248,269,52,76
250,270,47,72
252,269,43,74
254,270,41,72
252,269,45,73
254,270,41,72
253,269,44,72
252,266,45,75
253,265,45,77
253,259,44,83
253,261,43,81
252,258,45,84
252,262,44,80
251,260,46,82
253,261,43,82
254,259,41,83
254,262,42,81
253,258,43,84
253,259,40,84
253,262,43,79
254,262,40,82
255,262,40,81
257,261,36,84
258,265,33,81
264,263,24,84
265,267,20,83
262,266,27,81
257,270,35,78
250,267,45,78
248,267,46,75
247,270,48,71
245,268,50,75
245,268,50,75
246,266,49,77
246,267,48,75
245,267,50,75
245,265,49,77
245,266,48,76
246,263,48,78
246,262,47,80
246,262,47,80
245,263,50,79
246,264,47,78
245,258,48,83
246,259,47,83
247,258,46,84
245,262,49,80
247,264,47,78
246,266,47,76
247,266,48,76
246,268,49,74
246,269,48,74
248,266,45,76
246,263,47,79
246,259,47,84
245,261,48,80
246,263,48,79
245,262,49,80
246,261,48,82
247,262,47,81
247,264,49,79
248,262,48,81
248,261,48,81
248,263,49,82
252,264,46,79
253,264,42,80
256,267,39,81
259,265,34,83
264,266,28,88
262,267,33,85
256,268,40,83
250,270,50,80
252,271,50,79
250,272,53,78
250,274,56,78
250,273,52,79
250,272,54,81
252,267,51,85
251,268,52,86
250,263,53,91
250,260,54,92
249,262,54,95
249,263,56,92
251,265,53,88
251,265,52,87
250,264,55,91
252,260,50,96
251,264,54,93
249,266,55,88
249,266,53,91
249,264,55,92
247,267,56,88
244,269,59,87
246,265,58,90
244,263,60,92
245,266,59,93
248,263,54,92
251,264,50,92
249,263,53,92
249,266,54,89
248,264,54,90
249,263,54,91
248,266,54,89
248,265,56,93
248,264,53,90
250,265,52,93
250,264,53,94
249,264,55,94
248,263,56,92
250,263,54,92
251,262,53,93
250,266,53,91
250,263,54,93
249,264,54,90
252,264,51,93
248,263,55,91
250,266,52,90
249,263,54,93
248,267,56,91
249,264,55,92
249,264,53,92
249,264,55,91
249,264,54,92
248,263,56,92
247,266,57,91
249,264,55,93
250,264,55,90
248,265,56,89
248,265,54,90
249,265,55,88
248,264,55,90
249,265,55,93
245,264,59,91
244,266,60,93
246,265,58,88
251,266,52,91
251,262,52,93
249,263,53,91
248,263,55,89
251,265,51,90
249,266,54,92
245,263,58,90
250,265,53,94
249,262,54,90
250,266,54,92
248,260,55,93
249,265,54,91
251,263,52,91
251,263,53,91
252,263,52,91
252,262,50,93
248,261,52,92
246,259,48,88
238,257,51,88
231,258,46,87
221,258,46,86
209,259,46,86
201,258,41,82
190,253,34,88
178,250,30,88
166,248,31,82
152,237,39,86
141,232,46,82
134,228,51,80
132,225,50,75
136,218,49,77
134,212,52,80
140,210,51,75
147,203,48,77
161,196,39,80
178,193,27,75
190,188,33,75
197,181,40,79
211,180,40,80
218,177,43,80
227,176,46,82
231,175,54,82
236,176,55,83
247,177,48,81
248,176,46,84
249,181,50,80
249,174,49,81
247,173,47,83
245,174,45,81
235,175,49,81
229,172,50,83
224,176,46,81
213,179,50,79
206,180,49,80
196,182,54,80
186,185,54,81
179,189,52,83
174,194,50,81
167,199,50,80
164,199,45,79
158,200,46,83
160,204,39,85
160,204,32,82
160,200,25,85
159,200,25,85
158,202,25,81
154,197,28,83
150,196,32,81
144,197,38,86
137,199,42,88
132,203,43,89
126,210,46,90
120,219,49,86
115,228,49,84
110,232,49,88
107,239,49,85
105,242,49,83
104,242,48,82
106,246,44,79
108,245,45,76
110,243,47,74
116,242,46,72
127,240,40,72
132,237,42,75
144,238,38,75
156,237,36,72
169,238,35,71
182,237,32,75
197,235,29,75
215,233,24,75
226,232,25,72
239,231,23,71
252,231,26,71
264,227,26,74
271,228,32,67
278,228,33,69
293,226,30,64
305,231,28,61
313,231,29,62
320,231,27,63
322,231,25,61
324,233,26,60
322,220,25,69
315,222,30,70
304,223,34,68
294,216,36,75
282,213,35,79
262,210,41,84
244,212,41,84
223,209,49,85
203,213,48,84
180,213,50,90
153,217,49,89
129,222,52,94
100,226,58,95
68,231,72,94
36,237,82,89
19,239,76,88
6,243,75,90
1,246,69,86
0,249,67,86
0,252,67,88
4,257,67,86
15,262,62,84
32,266,56,80
51,266,48,79
71,266,46,73
90,262,42,72
110,258,36,67
130,250,31,67
147,244,31,67
160,237,32,66
177,234,29,64
191,229,29,64
203,226,26,65
216,229,22,60
225,228,23,64
234,229,19,66
241,238,19,66
245,246,20,68
248,251,21,71
251,253,20,68
252,251,21,72
252,252,21,73
252,251,20,73
251,253,22,69
251,252,21,70
252,252,20,72
251,252,21,71
252,253,21,71
251,252,22,72
251,252,21,71
252,251,21,74
252,252,21,72
252,252,21,71
251,252,22,70
251,253,21,70
251,251,21,71
251,253,22,70
251,254,21,69
252,254,21,68
251,253,21,69
251,252,21,71
251,251,22,72
252,252,21,72
252,253,21,71
252,252,20,71
251,254,21,71
251,254,22,69
249,253,22,69
251,255,21,69
252,253,21,70
251,253,20,72
251,253,21,71
252,255,20,68
250,254,21,69
251,253,21,69
252,254,21,70
250,254,21,69
252,253,21,71
250,254,21,70
252,253,21,71
252,253,21,71
251,253,20,72
252,253,20,70
251,255,22,68
252,253,19,71
251,252,20,72
252,251,20,73
251,251,21,72
251,253,21,71
251,251,20,72
251,253,21,71
252,252,20,72
251,252,19,72
251,252,21,72
251,252,20,72
251,252,21,73
252,252,20,70
251,252,21,72
251,252,21,72
251,253,21,69
251,253,22,70
252,253,21,70
252,252,21,72
252,252,21,71
252,252,21,70
251,252,20,71
252,253,21,71
251,251,21,73
252,253,21,71
251,253,21,69
251,253,22,71
251,254,21,70
252,252,21,72
252,253,20,69
250,252,21,71
252,253,20,71
252,253,21,70
251,253,21,70
252,253,21,70
249,255,23,66
248,256,25,66
250,252,22,71
250,254,23,69
251,254,21,68
250,253,22,69
251,253,20,70
250,252,21,72
244,256,26,68
237,259,34,63
222,256,45,64
218,261,46,59
199,264,59,59
199,264,59,59
199,264,59,59
199,264,59,59
199,264,59,59
199,264,59,59
199,264,59,59
199,264,59,59
199,264,59,59
199,264,59,59
199,264,59,59
199,264,59,59
199,264,59,59
199,264,59,59
199,264,59,59
199,264,59,59
199,264,59,59
199,264,59,59
199,264,59,59
199,264,59,59
199,264,59,59
199,264,59,59
199,264,59,59
199,264,59,59
199,264,59,59
199,264,59,59
199,264,59,59
199,264,59,59
199,264,59,59
199,264,59,59
199,264,59,59
199,264,59,59
199,264,59,59
171,263,68,58
171,263,68,58
177,269,62,51
189,270,49,51
188,260,43,60
180,261,36,61
166,244,31,73
145,237,38,73
127,226,45,71
116,224,50,64
114,211,54,69
120,199,52,77
132,189,47,82
140,190,49,75
151,185,51,75
157,179,52,73
159,170,54,75
154,160,55,78
146,156,55,77
137,149,50,81
123,148,54,80
107,148,60,79
94,146,64,80
80,145,67,84
76,152,66,82
74,160,63,79
76,162,61,83
81,168,58,85
88,177,51,85
94,181,45,85
97,190,41,79
95,188,41,85
89,188,39,87
80,187,41,84
67,184,51,87
59,178,54,85
56,160,64,90
58,144,73,91
71,121,72,89
87,99,67,75
93,84,76,72
96,69,92,76
96,54,92,86
87,43,85,95
