504,113,100,246
489,112,98,249
468,125,106,233
457,116,95,236
437,123,120,241
412,114,101,234
408,121,91,241
392,113,94,250
386,109,84,236
378,127,88,229
369,120,83,232
358,138,83,216
340,126,84,226
326,126,85,227
313,129,92,228
306,140,81,218
290,131,79,220
271,126,88,221
256,129,92,224
240,127,99,226
230,122,104,222
221,138,104,211
214,135,106,217
209,135,102,220
205,141,96,216
194,147,101,213
187,146,99,210
184,135,97,220
177,137,93,219
168,148,96,206
164,146,95,214
164,144,90,213
159,141,90,215
150,138,92,220
153,136,88,219
150,139,89,219
149,145,84,212
144,151,88,204
137,138,89,222
132,147,90,208
130,139,87,218
128,139,87,218
124,151,93,203
123,142,94,212
124,149,90,210
124,152,88,201
130,141,84,211
124,143,93,211
122,147,90,205
129,151,82,202
129,152,83,203
135,150,76,206
138,149,75,205
137,146,75,211
142,145,70,208
143,146,74,206
146,148,71,204
148,145,74,209
150,142,74,213
152,143,74,210
154,143,75,207
159,145,73,211
159,150,73,200
164,151,72,197
161,150,81,198
163,151,73,194
164,153,76,197
167,148,71,199
166,152,80,196
168,149,79,201
167,147,85,204
167,149,82,197
168,154,84,194
170,149,82,198
170,153,84,192
168,155,87,189
171,155,86,188
174,157,80,187
174,157,75,187
176,155,75,189
177,154,73,192
180,153,66,191
188,153,75,192
201,156,55,193
212,162,49,191
185,150,71,186
185,152,74,182
185,155,78,162
186,158,82,155
202,165,68,161
203,162,65,152
210,167,60,147
186,162,83,149
184,156,82,159
185,160,84,168
182,155,88,168
183,154,86,184
189,156,79,187
190,155,78,193
200,155,68,188
213,159,56,178
212,160,57,183
213,159,56,187
215,159,56,179
216,161,55,158
222,160,49,157
225,162,48,157
230,162,44,157
229,164,50,153
225,164,53,150
221,164,59,151
223,166,56,149
220,163,59,152
215,165,66,150
216,163,60,155
216,160,59,157
216,157,58,165
212,156,59,166
209,154,60,171
209,153,59,170
213,152,52,167
212,155,53,170
209,153,55,175
213,155,52,169
204,156,60,178
210,158,55,159
204,160,63,176
194,156,70,170
196,161,70,169
195,156,70,168
195,155,69,173
193,149,70,174
195,155,67,180
197,154,65,170
204,158,59,164
201,154,63,167
199,154,64,170
195,153,67,171
196,154,67,168
195,154,68,167
198,154,65,171
197,153,66,171
199,153,64,170
199,153,64,168
198,153,66,168
203,152,60,169
207,151,56,166
203,152,59,164
199,154,64,163
200,154,63,163
200,155,63,163
199,156,64,165
200,152,62,169
207,153,55,166
205,155,59,161
204,153,60,169
203,153,64,170
206,150,60,171
207,153,58,168
204,155,61,163
206,154,64,164
204,153,72,165
203,154,73,164
201,153,69,164
208,155,59,164
212,152,54,162
206,153,57,161
206,154,57,165
206,153,57,161
203,153,61,163
203,152,60,166
207,153,56,162
204,152,60,166
205,153,58,163
205,152,58,160
212,154,49,162
207,155,56,160
206,154,57,162
208,153,56,161
210,156,54,158
207,155,55,162
206,153,58,161
203,155,62,167
206,155,60,166
206,152,59,167
205,155,60,162
204,153,65,165
203,155,68,167
205,154,63,165
206,154,64,167
206,154,66,166
205,155,63,164
205,151,65,168
206,154,60,163
209,157,57,158
209,153,58,165
208,152,60,167
205,154,68,162
203,155,66,164
205,153,69,166
203,155,67,168
201,155,76,164
202,156,67,163
203,155,74,166
202,156,76,163
203,155,77,166
202,155,80,166
202,154,74,166
201,154,82,168
204,154,69,168
204,154,74,170
203,154,82,167
206,156,71,163
203,156,76,163
204,155,77,163
205,155,71,167
202,157,85,162
202,159,80,157
201,156,85,165
203,156,73,161
203,155,72,166
204,156,73,163
200,156,81,163
201,154,75,166
202,157,72,158
203,155,74,166
201,157,71,162
203,156,76,164
202,154,70,162
203,157,74,163
203,155,69,164
204,156,75,162
203,155,75,164
201,152,71,168
203,156,78,166
202,152,70,171
203,155,73,164
202,153,70,162
204,156,68,162
202,156,81,162
203,154,77,163
202,152,69,169
204,154,66,166
203,153,65,168
203,154,66,164
203,154,63,165
203,153,66,167
202,154,69,163
201,153,76,167
201,153,84,169
201,151,73,167
201,152,66,168
204,153,64,167
206,151,59,172
203,153,61,167
206,151,59,176
203,153,64,176
206,157,60,165
207,160,60,157
204,162,59,157
197,164,66,156
195,164,64,160
200,168,60,153
200,170,60,150
203,172,60,148
200,172,61,153
198,174,64,155
203,176,57,151
209,175,51,151
207,178,54,146
201,174,56,155
203,173,50,150
195,168,53,152
194,166,50,161
188,167,53,170
185,165,53,176
181,163,55,189
169,159,65,193
166,151,66,201
155,146,74,208
148,142,73,211
144,153,74,197
138,158,74,188
137,152,72,201
132,150,76,204
127,151,77,199
125,152,78,199
122,152,75,198
118,149,76,203
113,149,76,204
107,148,61,209
97,148,61,210
92,146,58,208
87,148,61,208
85,148,62,212
86,142,55,215
86,146,53,208
74,145,65,211
71,149,65,205
64,152,68,203
63,148,66,209
59,148,69,207
56,149,69,199
48,148,71,201
47,147,65,200
42,151,67,194
44,148,60,195
44,149,61,192
41,144,65,196
37,146,66,198
44,148,58,195
44,150,59,192
41,147,62,195
42,147,59,194
47,143,55,196
45,143,55,193
47,148,54,184
46,152,58,175
45,153,60,172
48,152,59,170
49,156,61,166
52,156,60,167
56,153,54,172
57,152,55,170
57,158,55,163
62,157,53,162
63,155,55,164
65,155,55,159
67,158,56,151
74,158,51,148
76,156,52,152
81,157,47,148
81,156,48,150
84,153,50,153
87,156,50,148
90,161,52,138
91,161,54,140
94,162,54,137
97,161,56,138
102,158,49,137
104,153,50,140
110,153,45,141
114,153,44,139
116,153,50,141
120,149,50,146
126,148,52,143
130,151,60,141
134,156,52,136
138,158,49,133
140,154,51,133
144,151,47,139
145,153,49,138
149,153,45,140
152,153,45,137
153,157,44,133
161,152,41,133
169,148,39,134
168,146,47,119
187,153,31,122
189,148,31,111
188,149,32,108
190,149,35,106
193,150,39,102
195,147,40,105
201,153,36,99
206,151,34,103
212,149,33,107
218,149,34,111
222,148,33,110
225,149,36,117
229,148,33,120
233,146,32,118
235,146,32,127
239,146,31,129
252,151,41,122
247,150,43,128
250,150,43,132
254,151,40,133
259,152,37,129
264,156,33,124
267,154,34,118
272,147,31,120
279,143,26,114
283,137,25,108
287,145,28,111
290,144,32,116
293,148,33,110
297,153,36,106
298,152,44,106
301,151,44,111
306,154,43,113
307,151,43,115
313,152,39,115
320,154,32,109
323,150,32,109
327,145,29,116
329,146,35,121
334,148,33,127
342,144,26,110
343,143,35,104
347,143,33,100
350,145,33,99
352,144,33,101
355,145,32,94
358,149,28,90
360,152,26,88
368,146,35,81
372,145,30,74
378,145,24,73
379,148,24,69
383,146,20,69
384,145,19,68
387,144,16,69
388,145,16,67
388,145,16,67
388,145,16,67
388,145,16,67
388,145,16,67
388,145,16,67
388,145,16,67
388,145,16,67
388,145,16,67
388,145,16,67
388,145,16,67
388,145,16,67
388,145,16,67
388,145,16,67
388,145,16,67
388,145,16,67
388,145,16,67
388,145,16,67
388,145,16,67
388,145,16,67
388,145,16,67
388,145,16,67
388,145,16,67
388,145,16,67
388,145,16,67
388,145,16,67
388,145,16,67
388,145,16,67
388,145,16,67
388,145,16,67
388,145,16,67
388,145,16,67
388,145,16,67
388,145,16,67
388,145,16,67
388,145,16,67
388,145,16,67
388,145,16,67
388,145,16,67
388,145,16,67
388,145,16,67
388,145,16,67
388,145,16,67
388,145,16,67
388,145,16,67
388,145,16,67
388,145,16,67
388,145,16,67
388,145,16,67
388,145,16,67
388,145,16,67
388,145,16,67
388,145,16,67
388,145,16,67
388,145,16,67
388,145,16,67
388,145,16,67
388,145,16,67
388,145,16,67
388,145,16,67
388,145,16,67
388,145,16,67
388,145,16,67
388,145,16,67
388,145,16,67
388,145,16,67
388,145,16,67
388,145,16,67
388,145,16,67
388,145,16,67
388,145,16,67
388,145,16,67
388,145,16,67
388,145,16,67
388,145,16,67
388,145,16,67
388,145,16,67
388,145,16,67
388,145,16,67
388,145,16,67
388,145,16,67
388,145,16,67
388,145,16,67
388,145,16,67
388,145,16,67
388,145,16,67
388,145,16,67
388,145,16,67
388,145,16,67
388,145,16,67
388,145,16,67
388,145,16,67
388,145,16,67
388,145,16,67
388,145,16,67
388,145,16,67
388,145,16,67
388,145,16,67
388,145,16,67
388,145,16,67
388,145,16,67
388,145,16,67
388,145,16,67
388,145,16,67
388,145,16,67
388,145,16,67
388,145,16,67
388,145,16,67
388,145,16,67
388,145,16,67
388,145,16,67
388,145,16,67
388,145,16,67
388,145,16,67
388,145,16,67
388,145,16,67
388,145,16,67
388,145,16,67
388,145,16,67
388,145,16,67
388,145,16,67
388,145,16,67
388,145,16,67
388,145,16,67
388,145,16,67
388,145,16,67
388,145,16,67
388,145,16,67
388,145,16,67
388,145,16,67
388,145,16,67
388,145,16,67
388,145,16,67
388,145,16,67
388,145,16,67
388,145,16,67
388,145,16,67
388,145,16,67
388,145,16,67
388,145,16,67
388,145,16,67
388,145,16,67
388,145,16,67
388,145,16,67
388,145,16,67
388,145,16,67
388,145,16,67
388,145,16,67
388,145,16,67
388,145,16,67
388,145,16,67
388,145,16,67
388,145,16,67
388,145,16,67
388,145,16,67
388,145,16,67
388,145,16,67
388,145,16,67
388,145,16,67
388,145,16,67
388,145,16,67
388,145,16,67
388,145,16,67
388,145,16,67
388,145,16,67
388,145,16,67
388,145,16,67
388,145,16,67
388,145,16,67
388,145,16,67
388,145,16,67
388,145,16,67
388,145,16,67
388,145,16,67
388,145,16,67
388,145,16,67
388,145,16,67
388,145,16,67
388,145,16,67
388,145,16,67
388,145,16,67
388,145,16,67
388,145,16,67
451,195,21,70
426,246,24,72
397,245,27,78
397,245,27,78
397,245,27,78
397,245,27,78
330,260,37,78
295,259,46,81
258,240,58,78
242,240,74,85
195,236,91,96
143,239,115,100
86,235,141,119
27,196,164,154
6,183,146,166
-9,177,122,164
1,188,86,156
-13,195,68,150
-13,195,68,150
-13,195,68,150
-13,195,68,150
-13,195,68,150
-13,195,68,150
-13,195,68,150
-13,195,68,150
-13,195,68,150
-13,195,68,150
-13,195,68,150
-13,195,68,150
-13,195,68,150
-13,195,68,150
-13,195,68,150
-13,195,68,150
-13,195,68,150
-13,195,68,150
-13,195,68,150
-13,195,68,150
-13,195,68,150
-13,195,68,150
-13,195,68,150
-13,195,68,150
-13,195,68,150
-13,195,68,150
-13,195,68,150
-13,195,68,150
-13,195,68,150
-13,195,68,150
-13,195,68,150
-13,195,68,150
-13,195,68,150
-13,195,68,150
-13,195,68,150
-13,195,68,150
-13,195,68,150
-13,195,68,150
-13,195,68,150
-13,195,68,150
-13,195,68,150
-13,195,68,150
-13,195,68,150
-13,195,68,150
-13,195,68,150
-13,195,68,150
-13,195,68,150
-13,195,68,150
