799,712,370,233
812,737,363,228
805,725,365,220
812,734,358,226
807,726,355,219
802,737,371,225
804,724,363,222
808,721,359,239
811,734,363,220
802,721,365,228
813,723,366,228
814,737,358,227
805,723,356,220
802,733,374,234
798,725,371,231
804,734,369,221
801,737,379,222
800,724,367,235
803,726,369,232
804,725,363,220
811,726,362,234
812,717,350,243
801,731,373,226
807,729,363,215
820,731,343,231
807,716,361,235
811,736,367,235
808,730,357,218
803,728,366,226
809,740,363,216
807,721,358,214
811,737,352,232
816,733,354,216
818,731,347,231
809,718,362,219
807,728,372,226
815,731,353,221
806,726,365,216
818,733,368,225
802,722,381,235
805,733,371,224
803,728,370,222
818,733,365,238
803,728,381,219
800,723,372,245
811,733,370,219
807,726,366,223
810,740,369,232
796,725,390,214
800,733,380,239
805,721,369,221
804,737,375,225
803,730,369,225
811,735,362,209
809,729,373,216
799,720,393,224
811,716,381,233
813,703,377,232
818,702,362,218
828,695,370,221
820,694,375,219
830,683,380,219
834,681,388,235
840,680,380,220
841,672,402,244
865,687,370,211
872,688,362,220
878,666,367,231
866,679,383,224
874,655,384,227
887,668,375,235
898,673,370,216
892,674,395,216
908,664,381,216
921,665,364,231
920,661,376,218
934,662,366,230
932,660,375,219
934,662,378,232
944,653,363,224
935,664,392,244
934,645,411,239
944,653,404,248
946,656,398,231
950,643,396,228
952,645,404,239
958,632,400,239
960,643,398,256
979,628,385,244
978,640,384,248
973,628,401,248
979,636,391,244
980,633,380,241
969,626,416,257
981,627,401,244
980,636,405,254
984,627,397,261
985,626,394,253
986,632,399,251
983,636,408,259
978,634,417,246
991,629,396,260
987,631,402,256
979,627,415,254
970,631,440,253
975,633,418,244
966,630,442,254
983,629,418,248
970,618,436,261
978,626,425,252
991,622,421,254
977,616,439,270
977,612,439,271
980,620,425,262
974,611,450,284
977,613,447,275
981,617,433,262
984,614,427,254
986,616,418,251
978,610,443,273
973,612,440,249
978,615,441,253
979,613,442,249
992,607,423,267
980,609,441,276
985,614,437,265
977,609,438,269
975,610,449,268
973,603,448,266
968,612,455,260
986,610,431,263
981,607,437,269
980,613,431,269
977,606,442,274
980,597,444,273
974,604,447,269
971,600,456,268
969,600,442,278
969,594,460,271
968,602,449,268
980,599,445,271
965,594,457,290
972,600,448,286
968,596,459,272
977,595,443,282
968,591,450,284
956,590,473,277
965,594,464,287
964,589,462,285
969,597,458,291
964,589,465,291
960,593,467,281
959,599,461,242
955,602,464,241
955,596,483,265
957,592,459,274
949,589,469,274
963,598,464,260
954,591,457,240
959,592,460,234
954,585,474,238
953,584,451,226
958,584,451,233
943,583,463,234
949,577,461,239
943,580,459,237
932,567,473,246
932,572,461,232
944,571,453,239
941,575,447,233
926,573,453,225
942,579,449,227
934,576,458,227
921,566,459,237
922,580,468,221
919,586,469,220
921,585,465,217
916,570,474,232
917,590,463,216
920,569,467,236
910,564,478,237
914,567,467,233
913,563,480,234
910,556,475,237
911,564,467,227
923,555,469,233
917,560,470,227
915,572,464,215
908,564,475,223
908,574,485,217
912,573,482,216
916,572,466,222
909,556,473,236
909,577,481,215
906,569,474,218
911,562,474,232
905,558,474,234
904,570,469,221
905,562,467,232
904,561,474,225
903,571,486,208
911,566,468,223
911,557,481,226
903,575,495,210
905,557,478,231
899,566,458,217
901,562,462,220
897,568,492,212
899,554,492,225
902,564,499,212
909,563,460,212
905,560,474,211
907,559,469,215
909,558,478,216
907,563,480,210
904,556,505,214
911,555,491,221
902,559,504,222
910,550,491,228
912,552,500,225
914,561,474,214
917,556,462,217
913,547,496,225
919,555,486,217
919,555,469,220
915,558,491,212
923,557,449,215
920,554,482,211
929,555,479,211
923,553,471,215
928,558,469,213
935,543,478,231
931,546,470,216
939,546,453,211
935,545,507,225
940,537,499,226
951,538,483,217
939,540,485,209
939,535,484,210
957,529,448,196
956,536,459,188
951,523,482,206
962,533,466,189
955,532,499,188
949,534,502,201
974,530,475,186
960,547,513,182
959,529,507,216
965,553,491,176
960,545,507,200
968,527,487,219
971,546,485,209
966,544,469,217
978,552,460,203
977,556,452,193
954,552,481,217
961,548,472,218
958,547,465,229
960,544,470,238
960,538,466,235
950,554,464,221
954,553,498,199
940,528,537,260
943,540,514,239
950,557,459,220
956,533,509,240
950,548,517,216
947,553,490,217
951,530,501,250
950,557,490,217
949,550,472,220
955,543,476,218
943,542,496,251
949,557,438,223
945,537,446,234
954,544,404,220
954,540,397,227
952,545,396,216
947,550,393,211
944,540,400,220
940,535,413,222
947,534,400,223
942,537,424,223
944,535,400,219
938,534,421,222
947,539,402,212
951,537,397,215
955,534,387,228
961,528,383,235
953,531,387,231
967,526,373,227
956,523,381,244
964,525,376,238
948,521,400,242
962,528,375,234
961,524,384,244
952,519,402,250
951,519,392,251
952,515,398,261
951,511,399,266
963,510,414,269
966,503,378,273
967,505,368,282
973,502,378,282
978,500,349,276
975,491,361,290
975,490,363,282
976,493,357,278
972,487,362,286
978,489,351,286
980,485,359,290
981,477,355,296
986,492,346,291
976,488,345,291
982,488,342,286
985,491,342,285
986,495,343,279
985,494,325,280
984,491,332,274
979,489,338,275
982,502,337,270
983,497,342,273
984,501,330,273
988,498,327,278
986,497,330,278
985,501,329,267
970,508,335,261
972,501,346,276
980,499,342,284
977,505,337,270
972,500,335,272
983,509,328,271
981,509,333,271
982,500,331,278
978,503,329,276
986,507,327,273
980,505,338,272
968,502,347,274
972,500,343,284
982,501,329,281
982,507,325,280
978,510,327,278
978,505,328,280
970,504,336,291
968,495,346,280
974,505,350,291
973,511,329,285
967,508,353,282
981,500,332,290
984,520,314,275
980,506,333,298
1001,508,303,293
990,513,308,288
993,501,315,304
984,508,338,286
1008,520,297,281
991,511,317,283
981,517,328,279
996,511,321,288
986,516,332,286
995,512,329,287
1015,515,297,291
1006,498,313,306
1033,524,285,276
1008,505,309,293
1027,527,294,270
1013,508,312,279
1021,515,307,274
1000,529,329,266
998,507,334,259
1024,513,295,270
1009,510,319,275
1019,515,308,267
1006,503,337,280
1032,509,315,260
1031,497,312,277
1026,506,310,267
1036,495,312,270
1030,499,325,274
1014,503,361,278
1007,497,377,265
1014,507,360,268
1017,499,351,271
1023,501,327,277
1019,497,338,273
1011,492,357,274
1020,502,309,275
1023,497,302,277
1020,495,311,277
1024,468,327,308
1018,497,314,288
1019,474,348,310
1029,483,323,297
1030,487,343,297
1022,497,347,287
1018,508,358,279
1032,504,321,289
1027,506,322,276
1022,513,325,283
1025,508,338,289
1018,510,350,291
1021,513,325,280
1031,514,315,289
1026,509,325,281
1018,522,333,287
1029,522,324,271
1027,534,325,275
1020,518,326,279
1022,522,332,286
1021,516,326,279
1014,537,337,277
1014,529,344,282
1021,523,341,280
1023,520,352,284
1029,522,334,281
1023,528,342,281
1013,521,365,281
1018,521,366,275
1018,515,376,269
1013,517,365,266
1010,510,382,273
1006,524,375,262
996,517,420,261
990,505,468,255
982,517,492,258
964,516,447,280
987,511,475,263
967,519,475,268
966,510,522,272
939,506,473,283
960,512,535,272
947,516,534,277
928,527,471,273
945,514,485,287
925,524,428,271
942,534,336,278
956,534,324,287
943,544,321,276
930,535,329,295
926,541,327,272
922,554,321,275
911,562,321,271
905,570,320,257
898,555,330,275
888,556,329,278
878,562,324,273
871,563,328,259
859,564,329,264
844,543,333,289
837,553,347,277
824,563,337,271
813,572,333,262
820,563,335,274
801,565,338,277
797,568,346,282
778,564,359,284
786,570,362,280
782,566,356,279
766,566,376,284
763,564,367,277
760,567,359,268
755,569,365,268
756,563,350,271
747,560,357,274
742,560,353,276
736,558,355,268
717,554,359,268
712,550,363,265
704,548,354,275
705,548,345,272
693,552,366,264
685,540,354,281
672,558,362,264
658,549,374,268
649,550,374,264
632,549,381,265
628,544,367,274
614,553,380,263
622,542,369,265
603,552,375,265
599,545,375,265
589,553,373,259
597,549,379,268
582,545,383,278
573,541,373,280
556,541,379,273
574,534,378,278
551,538,383,268
548,542,384,267
544,535,380,275
538,532,378,275
560,529,357,271
535,533,363,268
542,532,377,282
525,522,368,279
536,530,361,266
527,532,358,266
520,538,353,263
530,523,356,266
512,532,352,263
513,530,353,266
502,525,349,269
499,527,340,267
492,527,362,287
488,526,349,263
496,526,330,268
492,537,348,255
488,525,342,255
470,523,346,253
460,529,344,245
466,529,353,245
452,533,348,258
463,524,344,254
465,532,334,243
458,533,339,239
448,530,336,244
445,523,339,243
438,529,344,246
436,524,345,239
434,525,335,253
423,524,349,248
415,524,349,239
414,524,357,237
409,518,354,243
405,523,351,239
413,518,343,238
407,519,350,239
412,511,334,245
412,511,338,244
401,515,348,235
400,511,333,242
391,512,351,240
392,515,339,234
385,510,353,242
392,518,341,232
388,515,339,236
379,518,345,235
380,511,336,243
382,519,343,231
386,526,332,225
379,518,337,234
379,523,329,228
361,521,337,231
363,521,343,231
359,529,332,225
355,528,338,223
350,524,346,230
349,527,334,227
350,539,336,224
345,525,335,233
350,529,328,232
332,524,344,229
339,529,325,228
340,530,328,224
336,537,329,226
328,528,331,229
328,535,329,223
326,536,330,227
324,537,329,226
324,533,332,229
316,536,326,220
313,528,325,222
318,541,335,218
314,533,324,219
308,532,328,212
302,520,321,220
303,516,318,224
307,520,316,214
301,517,326,222
297,512,326,219
301,517,326,223
295,517,314,216
297,522,316,210
299,505,317,232
295,508,318,217
292,521,318,218
296,514,314,214
294,508,328,212
297,515,314,220
294,510,320,217
292,504,324,212
285,506,324,228
282,509,331,217
287,503,315,216
294,505,317,208
287,510,318,214
279,500,319,209
277,504,323,216
284,493,319,213
278,502,325,213
272,495,326,212
278,500,316,214
277,492,316,218
275,493,316,216
274,488,315,224
271,495,321,213
270,495,316,206
269,493,320,216
270,484,322,222
269,477,322,223
266,485,325,219
263,476,331,225
263,475,328,233
262,477,316,227
259,476,321,229
265,471,321,223
255,470,329,234
252,469,336,227
254,466,333,241
255,464,334,239
254,468,320,235
256,471,318,226
249,467,330,232
251,468,331,233
259,474,326,223
247,475,335,233
250,470,332,228
251,476,323,230
254,476,336,229
257,474,318,238
257,476,315,234
254,477,317,223
259,482,312,212
264,480,307,218
257,482,321,222
257,480,309,230
253,484,311,220
262,482,312,216
263,484,299,224
262,485,311,218
259,492,319,211
259,487,308,211
265,495,297,221
267,490,306,205
265,497,318,217
265,499,318,201
264,499,309,211
266,502,304,213
269,505,304,212
275,510,305,199
271,518,306,207
283,513,302,199
275,517,309,205
281,517,296,199
286,520,291,206
282,519,296,203
286,524,298,200
282,531,302,196
286,524,297,202
291,527,299,194
297,531,293,198
293,536,298,196
297,537,298,196
302,541,287,196
302,538,292,198
310,546,288,196
309,551,287,193
311,546,291,190
316,552,289,200
317,558,287,199
321,559,288,194
318,559,295,190
329,563,286,192
323,558,293,198
326,560,293,199
325,566,280,188
335,570,283,187
332,563,287,195
340,571,284,192
336,567,290,192
346,570,273,189
350,568,274,189
359,576,271,188
358,571,272,184
364,578,254,183
370,569,257,191
371,568,264,188
371,578,281,184
372,574,291,185
370,573,306,185
373,572,284,184
378,570,291,186
378,572,283,182
384,576,289,184
385,575,286,178
387,579,288,177
388,577,281,179
392,579,281,178
392,580,279,177
393,581,285,177
402,581,274,179
406,582,269,178
404,583,273,179
413,579,271,191
410,579,268,188
415,587,270,178
418,582,265,196
418,584,272,183
416,592,269,173
421,585,268,210
426,572,268,220
431,556,267,247
443,582,251,219
439,575,260,223
439,586,255,210
448,565,255,256
461,558,238,279
454,585,242,249
452,589,242,243
465,587,238,264
488,534,211,309
496,538,204,316
507,537,193,332
516,529,184,326
489,537,209,328
486,546,213,314
488,551,216,305
499,548,197,316
515,552,188,306
503,533,198,320
508,536,188,332
509,542,192,318
511,536,186,322
510,536,187,331
510,529,187,346
518,535,181,331
525,532,169,335
524,528,169,343
526,527,166,351
522,527,175,346
525,532,170,342
525,528,171,350
530,528,167,347
527,529,169,345
525,528,169,350
529,527,166,344
536,527,163,347
529,532,162,347
534,533,158,342
539,533,156,337
550,534,142,337
564,545,128,329
571,592,119,285
582,607,109,262
581,611,111,251
581,609,113,249
576,607,115,257
578,608,112,258
576,608,118,253
574,609,117,258
581,609,112,260
572,608,118,258
570,609,120,261
574,610,116,264
577,612,112,265
576,614,114,259
570,610,123,260
568,612,124,266
566,615,123,265
567,611,128,268
566,614,127,259
566,608,125,268
572,602,120,269
572,612,119,262
576,614,110,259
577,616,117,256
579,621,116,249
581,617,114,254
581,622,114,249
583,625,115,244
586,631,110,237
580,625,113,244
584,623,114,246
584,619,110,252
586,626,110,246
582,626,114,242
581,620,114,248
584,623,113,248
584,624,115,242
587,623,109,242
583,618,112,247
587,623,109,250
583,620,112,248
585,619,112,248
582,620,111,248
584,616,113,257
584,620,111,250
581,620,111,252
580,621,118,252
581,619,118,250
586,622,111,249
582,625,115,246
582,619,113,253
583,621,109,254
582,618,101,257
584,614,97,257
584,610,96,260
583,616,100,253
582,613,103,254
583,620,101,244
583,616,99,254
582,619,105,253
580,618,108,255
580,619,108,252
580,618,105,251
582,617,109,247
585,619,102,250
581,616,105,252
582,621,106,248
581,617,106,255
581,614,109,259
579,617,109,254
581,619,104,248
581,616,106,248
581,621,109,245
581,615,106,257
580,620,106,248
582,621,106,246
578,614,109,258
581,619,108,255
581,611,105,258
581,618,109,251
583,617,103,254
581,616,105,255
582,618,101,250
582,617,105,251
584,615,107,254
581,619,102,251
583,613,106,253
580,615,107,256
577,618,111,252
583,614,109,257
581,617,99,251
584,613,102,258
581,619,101,249
582,614,108,255
580,619,103,251
582,612,107,263
582,616,100,258
581,613,109,258
580,619,107,256
582,617,104,252
582,609,103,262
580,621,110,252
578,614,109,256
580,617,110,258
578,612,108,263
580,611,104,257
582,620,106,250
579,615,107,255
582,620,106,256
580,615,108,260
583,617,100,249
582,613,107,255
582,617,104,257
582,615,105,255
579,614,108,263
580,616,106,256
582,617,105,257
581,617,105,255
584,613,104,260
581,619,105,257
582,617,108,255
583,617,105,255
585,618,100,251
579,613,107,258
583,619,109,251
579,618,104,254
582,615,104,255
581,613,106,263
583,619,104,254
581,615,108,259
581,617,104,254
580,614,104,262
581,618,105,257
584,614,104,260
581,613,104,261
581,616,107,261
581,617,104,256
583,617,103,254
583,620,105,246
580,617,104,251
580,618,110,252
578,616,109,255
579,616,111,257
578,620,108,250
581,616,107,252
581,611,106,264
583,613,102,260
581,619,103,253
581,613,107,261
583,611,106,262
582,621,100,250
580,614,112,263
580,615,107,255
584,617,103,256
581,611,107,265
582,621,104,248
582,616,107,254
580,615,107,262
583,611,104,259
584,616,102,253
581,609,105,265
580,614,110,258
584,616,105,256
580,616,106,258
584,617,104,251
585,612,102,260
581,624,104,245
580,614,109,259
581,615,105,256
580,615,108,258
581,619,107,252
582,616,102,256
583,612,108,261
582,615,105,261
582,613,107,258
585,619,103,253
580,612,106,261
582,610,106,262
581,617,105,256
580,611,109,263
582,617,104,255
583,616,103,253
581,616,108,251
583,617,104,252
581,619,103,250
581,620,107,248
582,619,104,250
583,616,105,253
584,618,102,254
583,614,105,256
582,613,103,260
582,613,106,260
580,611,107,265
581,612,104,259
582,616,108,256
584,616,102,253
581,610,104,263
582,616,107,257
581,618,106,252
583,614,105,254
581,610,108,262
584,616,102,255
581,609,104,262
582,617,106,255
583,613,101,263
582,615,106,260
580,618,106,254
581,615,108,261
580,612,104,258
581,615,108,255
580,614,106,255
582,613,107,259
578,615,111,256
583,615,102,255
583,619,104,246
580,616,103,255
582,618,107,252
580,621,106,251
580,611,111,258
580,620,105,251
579,616,113,252
580,621,107,252
580,627,110,242
580,613,112,255
582,618,103,250
585,617,103,251
585,613,102,256
584,616,98,249
585,610,99,262
581,620,106,245
580,622,109,245
582,625,109,244
583,617,106,252
582,615,106,255
582,617,100,258
585,613,106,256
583,624,100,242
581,617,108,249
586,615,101,254
581,618,105,245
582,615,106,250
581,620,105,242
584,615,102,250
585,618,105,247
579,622,110,246
580,621,108,245
583,619,107,250
582,617,106,252
581,618,107,253
582,614,107,257
582,623,104,250
583,613,109,257
580,619,109,254
582,620,106,250
582,614,108,263
582,616,103,252
583,616,108,256
582,618,105,256
584,615,105,258
582,619,102,253
582,607,113,261
583,613,107,255
582,617,102,247
583,617,106,248
582,612,107,254
584,620,103,242
581,614,105,247
583,618,107,247
584,617,100,252
581,613,111,252
584,615,104,249
583,618,104,247
583,615,102,251
583,617,108,246
580,619,108,245
583,616,105,255
583,614,106,258
582,617,104,255
585,614,105,258
584,617,100,250
584,616,98,247
582,618,107,249
583,616,104,253
581,616,108,252
582,621,109,247
583,618,107,246
584,614,104,249
581,618,108,245
582,617,109,254
584,613,105,257
583,616,100,249
582,613,111,254
581,617,110,256
581,614,105,254
582,614,110,260
580,622,104,248
581,617,114,252
582,616,107,250
587,614,101,253
582,622,106,243
582,615,109,256
582,616,101,255
582,618,107,250
581,614,112,259
581,613,110,257
582,619,107,253
580,617,109,252
585,614,105,259
580,614,107,257
581,619,110,253
582,620,104,244
582,618,106,246
582,615,111,248
582,617,108,251
580,622,107,248
582,613,112,256
580,618,106,249
581,617,107,251
580,617,111,252
584,618,104,253
581,616,108,251
578,616,110,253
582,615,104,252
583,611,106,255
580,618,108,246
582,618,108,247
582,618,107,250
582,617,106,255
579,613,111,257
580,616,106,253
583,612,108,257
580,613,107,253
584,621,106,245
580,615,107,254
580,617,111,256
580,613,106,255
583,614,105,259
580,614,104,260
581,615,111,252
585,619,103,253
581,613,107,252
583,615,106,250
583,616,105,250
581,613,108,255
580,614,108,259
580,615,107,251
582,619,108,254
582,614,108,254
584,615,103,258
583,613,98,258
584,612,106,256
581,616,107,253
583,616,108,256
585,617,103,251
583,611,107,258
582,616,106,255
581,615,106,255
582,618,106,253
579,615,109,253
582,615,107,255
579,620,110,255
577,612,114,256
581,617,107,254
583,614,108,253
581,622,103,247
584,614,105,254
582,617,105,252
582,616,105,251
585,616,106,253
583,622,104,247
582,616,109,251
581,620,98,246
585,615,100,254
582,617,103,248
585,610,99,255
579,617,109,254
581,617,108,255
580,619,108,251
581,620,109,250
581,614,108,255
582,621,105,251
581,619,105,251
582,619,106,254
580,616,106,256
584,615,107,256
581,616,104,256
583,616,104,258
583,614,105,257
581,618,103,255
585,613,103,257
582,620,103,246
581,616,107,252
582,618,106,251
582,614,105,260
581,617,106,254
582,612,105,264
584,621,105,257
580,609,110,262
581,616,104,255
581,613,109,257
582,616,103,254
584,612,101,257
583,620,105,244
583,612,103,251
582,619,110,247
580,613,107,257
583,619,109,254
581,616,105,250
582,619,107,251
581,614,105,254
582,618,108,250
582,613,104,257
582,615,108,255
582,622,102,246
581,617,111,254
581,614,103,256
583,617,108,252
582,614,102,255
581,615,108,254
581,617,107,254
581,616,110,256
579,617,112,251
582,619,106,258
581,613,107,261
584,614,106,256
582,615,105,252
583,619,104,247
582,617,108,252
582,618,105,252
583,613,107,255
583,618,102,252
581,617,110,251
581,615,104,252
582,616,104,254
582,611,103,258
583,614,103,256
582,613,105,258
581,613,106,257
584,620,103,251
582,611,106,258
581,617,106,255
580,614,113,261
582,614,107,259
584,615,105,252
582,617,108,252
579,612,110,259
582,615,111,251
582,615,105,251
581,616,112,253
582,618,105,252
581,615,107,258
582,610,106,256
579,617,110,253
580,619,109,257
583,615,106,253
582,615,107,256
581,614,107,259
580,616,110,255
583,614,106,257
583,620,106,251
581,615,108,260
581,610,111,258
582,618,108,254
584,614,107,254
581,615,102,250
583,612,108,253
583,615,101,253
582,610,108,259
581,617,111,255
583,616,107,251
584,617,105,255
582,621,109,249
579,616,114,252
582,622,106,250
578,613,111,257
582,613,106,253
584,616,102,253
580,617,110,252
580,611,108,257
581,615,109,253
583,616,107,259
583,612,103,261
582,613,104,256
584,617,105,249
583,617,105,248
580,617,107,250
584,618,106,248
582,617,106,251
582,614,109,257
581,619,108,250
581,614,108,256
579,611,109,260
581,615,110,254
583,620,104,253
579,617,111,249
581,615,108,255
583,615,105,253
584,618,106,248
580,615,109,254
582,618,102,255
580,620,114,248
582,616,102,252
584,616,104,251
582,621,105,245
582,612,107,251
579,618,109,249
582,616,105,258
583,612,106,257
582,614,102,255
584,617,102,253
581,616,107,255
581,613,106,258
584,617,106,254
580,620,106,247
582,616,108,256
579,614,111,256
583,611,109,259
583,617,102,250
584,616,107,248
581,619,101,249
579,614,111,254
581,616,109,253
581,613,102,262
581,619,111,251
579,613,110,255
581,618,108,255
579,616,109,254
583,614,107,254
580,619,107,249
581,611,109,257
580,615,109,255
584,618,105,257
582,613,107,261
579,616,107,255
581,615,109,259
579,615,108,256
581,617,107,259
581,615,107,259
582,616,108,259
581,614,107,256
584,612,104,264
584,621,103,254
582,613,108,257
582,613,108,258
581,616,105,258
582,618,104,252
584,619,105,249
583,613,102,257
583,613,101,255
583,615,106,251
582,619,101,248
581,614,106,253
585,616,102,253
582,615,100,252
581,614,107,255
581,616,106,257
583,614,102,258
587,611,102,256
584,617,101,248
581,611,109,256
580,618,107,256
584,626,107,245
580,613,104,259
582,618,109,252
581,613,106,256
584,617,104,250
580,611,104,259
584,617,100,254
582,615,105,253
582,612,107,261
582,621,106,250
580,617,108,254
581,617,105,254
582,616,106,254
579,612,104,264
585,615,101,254
581,621,106,249
584,617,104,252
581,618,105,254
581,621,108,248
581,618,108,253
581,614,110,256
582,616,101,255
584,617,103,252
583,617,103,253
580,614,106,252
581,617,106,256
581,612,104,260
583,614,107,255
583,620,105,254
579,616,112,257
581,619,107,255
583,615,106,259
585,621,104,247
580,615,106,256
581,614,105,259
581,613,107,260
584,616,101,255
580,618,107,251
584,620,104,250
584,614,104,256
582,617,98,254
582,614,107,254
580,615,107,253
580,616,106,254
581,613,104,259
582,620,105,251
582,614,107,259
582,616,102,251
583,619,100,245
583,613,102,253
586,617,103,250
581,617,105,249
582,621,105,246
581,620,107,251
580,616,108,253
585,618,103,256
581,610,105,262
580,617,108,256
578,616,111,252
583,619,105,257
580,621,107,250
580,617,109,259
579,615,104,257
583,613,108,262
581,616,105,252
581,622,104,248
582,616,109,255
579,616,106,256
582,628,108,243
582,615,107,255
581,618,106,255
580,610,106,261
580,617,110,253
580,615,107,253
585,619,103,254
579,612,105,260
580,618,111,257
583,612,104,253
580,617,109,247
580,618,106,247
582,621,108,247
580,621,106,249
581,615,108,259
582,616,108,254
582,615,104,260
583,616,106,251
581,611,106,253
581,611,106,256
582,620,110,246
581,614,100,254
582,616,104,253
583,619,104,249
582,615,105,250
582,615,105,249
580,618,107,248
581,618,107,251
584,616,100,257
579,615,108,255
581,621,105,252
581,618,107,254
581,614,108,259
581,612,107,258
584,619,102,253
582,611,106,259
581,614,107,259
583,617,102,251
582,614,107,258
582,611,101,260
586,616,101,256
580,612,105,257
582,614,107,259
580,611,105,264
581,610,107,261
582,618,106,252
581,613,106,257
582,614,107,258
581,618,104,253
582,616,106,259
579,614,106,256
586,616,103,255
581,614,103,252
583,614,102,255
582,616,107,253
580,618,103,251
583,613,103,257
583,615,103,253
582,617,105,250
582,615,104,248
580,616,110,241
581,614,110,254
581,620,102,252
582,615,109,253
579,615,107,256
580,617,104,258
578,614,114,260
579,619,108,251
581,620,106,250
584,614,103,255
580,619,106,249
583,612,102,257
583,620,104,243
579,615,108,249
578,621,109,248
582,613,106,256
581,614,104,256
580,615,105,261
581,614,108,257
581,618,105,255
583,613,104,258
581,614,106,256
582,616,106,255
581,614,105,260
581,618,103,253
581,619,108,251
580,618,107,252
582,617,106,257
581,613,106,259
582,619,107,257
581,617,105,253
581,617,107,257
582,618,104,251
583,619,103,251
581,615,106,253
581,621,109,249
581,621,105,253
582,612,109,260
582,621,104,250
581,617,105,253
582,623,108,250
581,613,107,258
581,618,109,256
581,617,106,256
583,612,104,259
581,619,109,251
582,617,104,261
583,611,107,260
584,618,103,254
581,613,106,259
584,619,105,253
579,613,108,261
582,624,107,249
582,613,106,258
585,617,105,254
581,618,102,250
582,614,110,255
579,619,104,252
581,613,107,261
578,614,110,258
580,616,106,257
580,621,108,252
579,615,108,254
582,623,105,251
580,618,112,250
581,616,105,260
581,620,108,252
584,616,104,255
581,615,106,261
581,615,104,255
580,617,107,254
580,612,105,262
581,618,104,253
580,616,104,257
583,621,104,248
582,611,102,259
584,618,104,250
582,617,104,251
584,621,103,248
579,620,109,248
580,619,106,250
581,616,104,255
581,615,107,254
580,617,108,253
583,615,102,254
581,621,107,243
581,620,104,244
583,615,106,251
580,616,104,251
583,616,106,250
580,617,107,251
583,618,108,253
579,619,109,250
584,624,103,248
581,610,108,261
581,618,108,259
580,618,107,254
581,616,106,255
579,617,109,254
583,615,103,257
580,616,106,258
581,616,107,254
580,620,102,255
582,616,106,256
580,614,107,258
581,611,108,264
581,614,102,255
579,619,110,249
581,618,102,250
580,618,107,252
582,618,104,252
580,613,105,255
585,618,101,248
582,619,103,246
584,618,104,246
579,615,107,252
584,616,106,257
580,619,102,250
579,613,111,254
580,619,108,252
580,615,107,253
578,615,113,255
580,619,110,258
579,610,104,259
583,615,106,250
581,617,106,249
583,621,105,241
580,614,107,243
579,618,110,246
580,619,112,244
581,625,106,243
583,622,107,245
585,621,107,249
580,618,111,254
581,617,110,255
578,618,114,254
578,619,113,254
580,616,111,256
583,618,106,257
582,620,108,255
578,619,108,259
579,614,109,263
583,620,106,253
584,620,106,253
580,624,108,247
582,623,108,244
581,629,108,242
585,616,106,256
581,622,110,255
580,619,113,255
583,625,112,253
580,617,112,255
580,623,118,252
582,618,108,257
581,623,114,251
577,625,113,246
579,625,115,250
583,632,111,239
583,620,111,250
583,618,111,256
586,622,111,252
581,621,113,251
586,617,111,255
583,617,112,253
582,623,114,249
580,621,115,251
579,625,116,251
583,628,110,244
582,619,111,253
578,622,113,248
580,625,119,245
582,621,109,245
577,625,111,247
578,633,114,234
576,636,117,234
579,623,112,244
569,629,118,241
570,630,123,246
574,627,119,245
578,629,112,243
580,620,116,250
577,625,115,244
579,621,117,252
577,623,114,246
579,622,117,250
579,621,114,247
578,615,115,257
577,620,117,249
573,617,118,254
576,618,116,251
574,611,113,255
570,615,119,254
575,612,116,252
574,613,114,252
574,611,118,257
572,611,118,260
574,608,120,264
573,608,116,261
572,611,121,259
571,609,120,265
568,614,128,257
568,605,119,267
577,608,120,265
564,605,131,265
563,608,124,266
559,609,133,263
564,608,129,266
565,608,129,262
559,612,132,259
538,610,156,264
526,616,170,255
537,612,159,262
553,614,142,258
535,607,161,274
528,614,171,248
513,607,179,266
521,613,180,261
507,610,192,259
509,614,192,262
503,615,193,267
512,609,184,260
496,616,199,239
506,612,191,259
501,613,197,259
479,611,216,257
500,605,202,271
479,615,218,243
496,615,202,246
477,619,217,238
495,615,206,238
484,611,214,255
459,616,236,241
461,620,233,224
470,615,227,240
448,621,245,207
452,617,242,211
441,613,245,208
452,607,244,223
434,612,247,191
452,606,237,225
436,607,250,206
433,607,256,219
426,609,266,226
427,608,257,213
421,601,264,228
418,600,255,221
421,600,243,191
410,607,270,183
406,604,271,192
408,614,269,174
405,606,265,187
405,607,272,192
405,614,252,166
400,604,267,178
401,615,233,162
402,613,217,160
407,609,209,173
406,615,201,163
405,611,205,173
402,621,206,160
406,631,200,145
404,630,201,148
398,636,205,137
393,637,204,140
388,627,207,145
391,630,202,145
389,635,207,136
380,620,216,148
381,615,221,148
369,600,255,164
370,596,249,158
368,591,259,157
361,595,265,150
368,589,257,150
371,581,254,157
366,580,250,150
358,581,252,147
365,576,252,149
355,571,253,150
365,559,240,160
366,559,241,156
356,550,264,164
356,547,267,163
357,547,269,161
355,548,260,158
356,544,266,161
360,539,253,162
354,531,263,166
348,535,266,157
358,529,261,162
352,530,265,160
353,523,267,162
353,526,263,162
360,523,257,157
352,516,269,166
354,516,264,159
355,509,266,169
356,502,264,161
349,498,264,173
358,504,263,163
356,497,263,173
354,499,261,160
358,498,257,165
354,499,263,155
352,492,264,164
357,493,258,160
354,488,265,166
351,485,264,164
355,479,260,168
357,481,259,161
356,473,264,169
346,481,264,158
353,481,264,155
355,478,267,158
358,476,258,161
361,475,258,158
354,476,265,151
362,466,260,164
369,470,250,156
357,466,268,150
355,459,270,165
355,449,276,162
353,441,277,172
352,439,276,172
362,444,275,161
361,439,263,170
363,443,272,159
366,430,265,171
358,427,275,172
359,434,281,163
371,429,257,166
370,425,269,169
369,423,270,166
372,422,264,168
381,427,254,161
368,427,278,161
377,413,266,173
368,415,279,167
368,403,275,181
373,400,272,177
363,406,284,163
371,402,281,170
375,400,280,168
371,394,287,175
373,387,275,181
380,394,267,171
378,392,274,172
382,384,263,179
384,395,270,168
374,392,290,175
382,385,280,177
382,394,278,170
391,383,266,178
388,410,270,156
395,400,274,167
389,388,284,178
397,398,276,170
393,395,287,174
388,393,295,173
399,394,292,179
400,414,283,155
400,405,293,165
402,388,290,187
417,393,284,179
429,403,276,168
432,400,280,177
434,397,284,181
441,398,282,180
454,408,276,180
462,411,286,176
469,415,289,174
474,418,283,177
485,423,279,172
503,425,267,172
499,426,280,175
515,429,279,176
530,433,275,175
533,431,280,178
540,458,280,154
540,439,295,170
554,448,304,169
573,450,280,176
584,447,281,175
597,446,288,180
607,448,291,182
613,438,307,191
638,433,288,188
650,436,294,184
675,436,298,186
695,438,280,183
717,445,284,178
729,440,281,184
732,447,288,184
743,447,289,189
761,447,280,189
751,454,301,192
761,447,287,189
773,466,278,180
769,464,278,191
771,450,275,184
767,469,269,176
774,465,280,176
776,461,277,171
775,461,280,186
772,458,281,186
781,455,279,182
773,470,276,178
781,467,266,176
782,455,267,185
776,457,279,188
781,450,270,193
769,458,279,198
780,450,280,194
772,448,273,193
776,473,266,167
780,454,270,178
777,461,266,184
775,450,266,190
776,462,263,176
776,470,263,169
781,464,270,186
777,461,268,183
776,465,271,178
781,465,268,174
771,459,280,188
769,452,280,189
