210,60,128,237
187,52,158,241
185,60,165,226
169,56,174,228
162,47,189,241
151,43,194,241
146,42,194,247
147,36,185,251
145,34,186,256
148,40,176,250
110,33,206,256
126,38,202,248
127,40,183,251
117,36,194,264
90,40,227,251
97,33,212,266
114,34,199,262
80,38,238,250
112,35,191,262
116,32,191,257
83,38,227,255
108,38,203,257
97,38,219,254
94,46,222,245
120,44,207,252
117,54,210,236
103,48,233,240
106,52,239,237
104,49,248,236
107,52,248,235
119,53,244,239
122,54,251,236
131,52,243,233
132,51,237,228
154,54,223,237
154,52,231,230
161,58,215,230
159,57,228,220
172,56,215,231
161,59,235,226
161,59,226,230
169,65,229,218
178,59,210,225
174,67,215,224
192,64,201,225
183,57,209,234
181,63,213,226
167,63,232,222
172,65,223,225
191,61,194,233
182,61,208,227
192,63,197,235
188,66,198,220
190,68,198,226
187,67,203,225
184,66,207,224
177,67,207,215
188,66,193,225
171,61,216,230
182,63,198,218
173,63,212,240
176,63,210,226
167,66,222,225
169,61,215,222
189,64,192,239
187,71,193,222
182,66,205,230
197,69,187,228
175,69,215,233
196,71,189,223
170,71,221,226
180,74,207,223
173,71,216,226
177,67,206,230
165,69,228,224
178,66,204,227
158,62,231,235
183,57,200,240
170,51,217,234
156,60,230,236
168,57,217,237
174,54,209,235
165,47,215,236
159,52,216,238
170,47,210,250
162,46,215,245
166,53,205,250
153,42,217,246
176,42,188,246
183,51,181,252
182,46,183,257
160,42,209,253
158,40,206,260
156,34,208,258
158,40,207,259
141,35,231,257
160,38,209,257
155,39,216,265
146,33,226,262
156,41,214,258
145,38,228,260
146,42,225,251
130,45,239,244
164,44,208,255
138,40,230,263
134,45,238,254
141,44,228,248
126,45,248,253
133,47,238,256
136,50,231,253
137,51,227,247
139,45,231,258
135,48,239,252
135,47,235,254
138,48,235,256
139,43,229,259
144,45,221,253
142,39,208,264
144,42,220,261
141,41,222,265
142,34,200,276
139,34,199,266
140,31,213,270
134,29,212,272
142,30,196,269
147,33,185,271
144,30,190,273
147,35,180,265
149,36,188,264
148,31,189,265
151,34,193,263
150,31,197,265
149,35,201,254
144,40,204,256
145,42,194,251
153,41,199,252
149,32,188,260
152,44,204,247
148,43,199,247
147,42,200,245
152,42,200,254
152,49,198,249
153,44,210,250
152,48,207,250
159,48,193,251
151,53,201,241
155,52,199,240
156,51,195,246
163,56,184,231
150,52,193,237
155,57,190,238
155,55,183,235
149,69,210,221
147,75,208,209
147,67,207,218
147,78,216,200
150,80,233,194
148,87,219,177
149,99,226,160
147,96,224,166
154,101,224,145
142,106,222,134
138,109,231,133
138,108,233,130
135,111,224,118
130,105,207,121
128,105,204,120
124,104,212,115
128,107,203,118
134,106,197,122
142,110,185,121
139,108,186,125
144,110,188,130
149,105,186,140
148,112,189,141
151,105,190,156
148,104,194,165
138,103,208,183
117,109,226,182
115,106,231,191
115,109,228,188
109,121,216,156
114,125,209,164
100,121,243,185
113,118,222,199
103,121,238,226
103,122,228,218
121,117,211,237
107,120,230,231
115,112,228,240
119,116,217,229
120,116,224,243
113,113,231,237
122,113,224,236
121,113,222,236
124,103,217,249
128,110,214,242
127,105,214,239
127,109,216,240
135,103,202,248
150,104,190,247
143,108,203,245
152,103,195,242
149,105,198,252
151,101,192,251
155,108,190,254
151,106,197,245
168,104,177,253
161,105,186,243
162,95,178,237
160,111,191,237
163,103,182,241
162,110,179,236
166,112,180,234
160,112,181,235
168,110,175,244
167,108,174,238
166,106,177,235
164,105,183,240
164,107,180,240
165,100,180,244
165,112,178,225
163,105,181,235
160,104,184,234
160,108,182,218
162,99,180,231
158,103,184,217
155,100,188,212
153,101,185,202
154,102,188,197
151,96,189,196
151,95,189,188
147,98,195,179
145,101,198,171
134,98,209,171
132,94,216,175
138,104,207,169
139,101,199,163
137,98,205,166
128,106,218,157
129,109,213,151
131,98,204,160
147,109,195,139
143,108,198,144
129,106,212,139
130,114,216,132
126,114,219,126
125,116,213,119
120,113,215,121
126,116,211,111
123,113,210,112
128,118,211,110
122,108,217,117
138,113,201,117
136,106,206,128
153,115,192,128
175,107,170,145
177,104,160,151
172,108,163,156
145,127,194,151
136,121,206,167
121,117,233,194
117,126,238,184
135,114,211,220
126,122,213,202
136,111,201,232
135,115,196,242
133,107,196,246
138,120,182,232
141,111,178,246
147,112,164,237
148,112,200,238
148,109,200,248
154,108,191,249
156,106,187,249
163,105,182,250
168,107,179,248
166,105,150,254
179,107,159,244
171,113,159,237
171,113,171,248
170,112,176,237
176,110,156,241
170,106,163,251
169,114,130,245
172,107,127,250
178,102,135,248
177,106,168,251
179,108,136,243
179,100,142,246
178,103,145,248
173,108,151,238
175,114,153,238
173,104,162,245
176,107,155,246
170,111,162,241
168,111,161,244
168,106,162,246
167,110,164,239
160,105,166,244
152,107,182,239
154,109,188,241
154,112,184,233
146,110,191,234
155,111,185,239
154,108,188,245
153,104,189,248
148,106,195,244
151,112,190,235
150,118,199,224
152,106,199,242
148,112,207,236
144,119,213,223
144,114,233,195
139,108,205,168
139,99,192,161
149,100,188,186
146,96,183,176
144,102,180,174
149,104,178,180
143,108,181,187
145,109,187,175
142,111,187,219
143,110,184,225
146,107,185,236
146,111,198,244
151,104,195,251
152,113,196,238
150,102,189,245
149,100,184,252
151,111,195,256
150,109,190,248
152,102,186,259
153,96,195,266
154,103,199,255
154,111,197,242
151,110,196,244
153,105,198,242
157,106,195,247
156,110,203,243
156,115,201,238
155,129,203,224
160,142,200,208
155,131,199,227
155,119,196,243
154,114,196,245
150,111,193,244
154,120,198,239
149,119,205,238
154,121,188,235
152,118,189,234
150,119,191,235
156,112,177,248
155,115,177,241
153,112,186,249
155,115,179,245
149,113,188,248
157,116,179,246
156,113,182,248
153,115,187,242
159,113,177,246
154,104,176,255
152,117,182,237
154,107,185,246
152,110,180,230
149,102,187,245
154,115,189,236
158,103,175,256
149,107,186,249
151,108,183,246
148,105,187,247
159,110,170,240
148,108,181,245
146,107,187,247
153,104,171,251
153,104,172,248
150,101,175,254
153,108,173,244
153,105,169,251
150,103,172,247
150,105,180,244
147,102,183,248
155,106,176,242
149,107,183,239
150,104,183,244
154,110,181,237
145,104,189,232
149,109,188,225
143,116,196,206
143,113,204,207
138,112,213,205
132,120,213,186
133,129,213,179
139,113,208,178
134,105,196,151
141,108,195,161
144,107,188,159
145,108,189,156
147,110,188,153
141,106,192,156
141,105,201,167
146,107,191,165
144,106,200,173
147,107,196,175
145,112,198,176
146,106,192,181
145,108,199,185
148,107,199,188
148,104,193,200
146,104,200,214
149,106,190,222
150,111,190,221
154,100,185,238
155,112,189,231
169,123,169,222
155,113,177,235
158,113,169,233
159,112,166,240
157,109,173,242
155,109,173,249
170,126,152,229
169,103,152,250
166,115,154,245
169,122,138,232
175,114,136,242
172,129,123,221
186,119,115,233
165,53,120,272
150,51,156,292
139,75,180,274
137,109,182,238
143,103,175,242
148,106,178,229
150,106,167,221
154,104,168,210
146,109,174,194
146,112,171,185
140,109,179,173
137,108,180,165
139,106,179,155
137,108,182,148
139,104,184,149
140,106,184,146
140,103,182,146
159,102,167,135
154,108,179,135
145,102,176,132
143,108,185,130
146,109,185,136
147,102,184,135
140,106,185,136
145,105,180,136
145,107,182,140
143,107,178,140
143,106,186,141
141,108,185,138
144,104,180,143
142,104,179,146
142,104,180,149
141,106,176,150
138,102,191,154
137,99,187,158
136,99,191,160
138,105,184,158
140,107,186,154
139,98,182,162
141,104,174,157
138,102,181,158
138,101,178,157
140,103,178,154
140,97,172,159
138,101,169,154
138,102,173,150
134,102,194,152
136,95,204,154
132,124,206,128
138,112,188,136
138,103,184,147
138,98,183,150
134,97,176,144
138,99,187,143
134,105,185,146
138,99,187,154
139,99,187,156
138,111,188,142
138,116,188,142
134,117,193,137
126,111,194,146
127,112,199,148
124,104,194,159
120,112,203,155
113,116,205,153
110,114,210,156
110,120,209,152
101,121,210,158
97,118,210,161
95,125,211,161
82,123,229,162
77,113,216,161
76,103,193,139
73,101,189,144
83,101,187,178
69,102,206,151
71,100,194,159
70,100,191,157
72,99,181,143
72,100,191,142
74,101,190,148
90,101,180,140
79,102,188,137
77,102,187,149
82,102,185,140
91,99,177,145
86,101,176,132
93,100,176,140
91,104,170,129
96,101,167,125
92,102,174,139
96,102,171,123
97,106,173,130
97,101,171,125
102,108,168,135
104,103,174,147
101,106,186,151
103,109,208,149
104,119,237,149
102,111,238,159
105,130,251,145
109,131,248,145
109,121,242,154
105,121,255,158
110,111,253,161
100,117,276,159
109,108,256,167
112,107,259,172
103,99,267,191
106,92,255,186
112,91,248,195
113,85,242,205
106,77,247,207
109,71,240,219
103,71,241,218
111,70,233,260
108,53,234,282
104,42,217,307
108,48,222,296
110,63,202,275
106,41,217,288
109,61,206,281
109,42,195,305
107,41,175,306
112,60,140,286
123,48,131,299
122,42,138,307
118,37,137,314
115,44,148,301
114,42,174,302
135,52,205,282
103,44,241,277
109,44,238,307
110,50,229,294
108,78,241,273
105,62,250,286
110,74,235,263
91,84,259,253
97,93,245,253
104,87,235,254
98,89,241,264
103,114,242,223
97,113,238,236
108,118,216,231
101,117,218,229
102,120,212,201
102,110,233,200
105,117,210,233
99,116,224,224
101,118,229,233
99,123,223,218
104,108,227,219
105,119,205,216
102,109,218,196
106,116,184,232
114,108,196,237
101,114,191,225
105,106,196,198
107,111,200,194
104,114,219,190
105,112,220,176
109,105,240,118
107,124,270,95
95,125,289,94
89,122,300,103
97,121,292,104
89,125,303,102
88,124,306,106
100,120,294,115
88,123,309,111
85,118,316,119
93,131,306,107
86,126,324,112
65,125,346,120
89,121,323,122
83,142,321,102
94,128,318,109
90,136,316,112
89,129,330,112
92,134,326,115
88,141,344,98
93,147,326,96
89,123,345,114
93,154,327,92
85,142,350,94
91,159,334,85
87,146,339,91
80,138,364,103
79,132,358,102
87,116,332,129
87,143,329,95
93,124,321,110
93,126,320,111
82,131,339,106
86,123,334,126
86,126,332,124
85,120,324,139
88,126,322,129
84,125,328,128
85,125,325,141
83,127,328,122
83,127,323,125
87,125,320,130
81,124,325,127
79,123,327,125
82,123,319,128
86,125,317,132
80,125,327,130
92,124,313,130
88,126,316,133
90,128,314,132
85,125,318,130
85,132,327,126
90,137,320,120
85,141,332,116
94,154,319,106
112,152,309,105
102,162,321,99
93,159,324,108
96,163,325,101
89,170,329,95
98,166,319,98
96,160,329,115
102,173,315,93
91,166,328,104
92,161,325,108
85,135,340,129
102,166,312,97
92,163,322,104
95,167,321,96
85,163,332,96
91,164,331,93
86,168,333,97
87,169,335,83
88,170,338,90
80,181,348,70
72,149,365,96
78,169,362,92
81,181,355,76
73,171,375,81
81,179,356,71
69,153,382,85
76,168,357,83
86,178,347,69
82,162,347,81
83,171,346,72
81,176,341,63
97,174,334,64
78,144,349,89
85,170,342,70
98,169,324,69
102,159,324,81
95,141,321,96
92,157,328,92
82,150,313,94
101,143,301,106
91,131,310,120
81,128,310,127
84,126,307,113
88,129,292,118
93,132,291,112
89,134,294,112
94,132,288,105
99,128,282,110
107,130,272,109
101,128,272,139
107,124,269,146
103,124,257,146
105,121,253,147
106,122,248,148
107,123,241,155
100,118,238,160
105,117,238,163
111,120,236,166
104,119,242,165
95,114,235,174
107,113,219,173
107,113,216,171
106,113,208,170
101,110,218,183
106,108,219,186
103,107,214,185
106,108,224,178
105,106,198,163
101,106,215,175
100,103,225,188
98,104,220,199
106,102,199,218
105,107,207,183
105,106,236,143
97,110,250,136
96,108,249,139
94,112,254,128
95,106,259,134
95,110,266,129
97,116,254,123
98,117,278,118
96,114,273,121
96,115,286,120
97,115,281,118
97,116,284,112
100,118,284,107
103,120,272,104
102,116,273,99
110,121,261,86
104,117,253,84
104,116,254,76
105,111,248,81
100,108,248,88
104,107,246,81
111,106,234,82
108,103,236,79
105,110,237,74
111,106,229,80
108,105,232,88
107,104,226,91
107,106,221,85
108,107,224,90
104,108,219,99
104,113,218,95
104,113,215,94
111,114,209,98
105,114,207,111
103,111,210,137
111,103,197,152
112,105,187,157
128,106,167,161
132,107,161,176
130,105,155,182
107,100,180,190
107,104,171,190
109,101,170,193
114,104,165,192
114,107,170,191
118,103,166,206
122,108,165,198
111,103,182,195
112,105,194,221
103,103,205,211
104,108,202,202
104,103,219,209
104,101,226,213
99,101,228,241
96,104,244,227
91,108,254,212
86,101,261,220
85,100,281,223
75,111,296,203
80,110,296,203
76,120,296,178
69,115,299,180
64,105,302,199
66,108,317,189
56,114,385,235
51,123,376,202
47,126,383,197
47,136,370,173
50,124,361,184
47,114,374,206
39,106,380,230
40,104,369,229
31,95,387,248
46,104,365,237
41,104,351,248
49,100,314,243
48,93,335,257
59,106,351,233
64,104,329,250
54,113,356,236
62,105,323,245
51,97,347,254
50,106,333,250
51,96,344,257
43,81,347,266
24,78,360,282
16,86,368,266
24,83,350,281
11,73,354,279
11,53,348,299
163,87,296,277
15,103,288,249
55,116,285,235
182,69,276,265
163,19,291,325
131,4,299,292
68,0,305,272
107,16,318,324
107,16,318,324
107,16,318,324
107,16,318,324
107,16,318,324
92,-5,297,253
71,133,316,175
15,154,299,199
118,203,336,154
105,210,348,148
67,209,384,141
67,209,384,141
67,209,384,141
67,209,384,141
67,209,384,141
67,209,384,141
67,209,384,141
67,209,384,141
67,209,384,141
85,217,371,131
92,194,365,162
100,212,351,141
100,212,351,141
100,212,351,141
71,219,375,136
110,218,337,140
124,211,331,149
103,212,352,148
155,218,305,137
190,226,265,123
198,220,255,129
198,223,259,127
196,227,255,123
199,222,252,125
199,221,253,130
200,226,242,116
199,222,249,111
