210,60,128,237
200,53,147,247
193,52,152,243
182,49,163,246
186,44,150,249
178,41,155,250
163,37,169,250
154,32,173,260
152,31,167,260
145,32,174,256
148,31,163,261
131,29,189,260
128,31,179,261
116,29,201,265
119,31,201,258
112,28,207,263
114,31,204,262
110,32,208,251
108,30,210,256
103,31,216,256
122,37,190,252
123,39,192,251
124,40,196,252
120,37,206,254
128,39,203,253
122,40,213,250
131,33,208,260
137,23,186,270
138,31,187,264
141,33,188,251
141,34,177,250
153,34,164,252
152,28,173,255
156,27,164,258
160,42,174,243
166,43,160,239
172,32,159,248
171,25,164,260
172,34,160,246
181,25,157,257
182,32,153,250
182,42,160,233
186,39,158,242
186,49,155,235
186,57,161,227
182,59,173,221
183,55,178,229
184,50,177,237
183,50,187,239
183,52,174,233
178,60,205,226
175,63,191,215
173,64,210,218
175,59,181,228
177,62,204,221
169,67,221,211
166,63,216,212
169,67,223,213
160,66,223,220
176,65,192,221
178,59,169,226
190,58,168,226
183,57,177,225
175,68,191,211
177,63,192,225
177,51,176,242
175,60,207,224
180,55,188,232
183,68,180,221
177,61,193,229
166,70,231,215
169,66,218,222
165,71,225,215
166,69,215,219
165,64,217,218
167,58,220,227
164,62,219,223
164,49,217,237
165,41,216,246
165,49,217,234
167,46,212,240
166,46,209,238
166,44,197,244
164,40,188,244
165,40,186,249
159,42,199,243
162,38,194,248
159,43,193,245
163,41,188,248
161,36,184,254
158,38,193,250
159,36,191,245
166,38,183,244
171,39,178,249
161,39,187,247
161,33,188,253
159,35,201,248
162,35,190,252
161,32,192,252
166,38,188,246
157,37,197,249
159,30,200,253
156,40,209,245
162,44,193,246
158,35,198,250
156,47,203,242
155,46,196,246
168,31,168,264
158,33,182,267
158,26,183,268
172,45,170,249
155,42,181,253
168,38,168,256
161,37,173,252
158,45,177,255
164,40,170,257
163,38,171,257
158,34,172,258
165,35,162,257
164,34,168,260
169,28,159,264
165,34,161,261
162,31,166,266
168,34,157,263
181,34,144,265
173,33,155,268
178,29,151,269
176,31,157,264
173,34,157,261
182,37,149,261
175,34,160,262
177,29,160,266
173,36,164,258
178,35,149,264
177,34,158,260
177,32,152,262
172,39,165,254
176,41,164,251
171,39,164,254
174,44,164,246
174,38,164,257
174,40,162,254
173,43,167,251
173,37,168,256
174,40,165,256
161,38,182,259
164,48,183,246
164,56,183,239
162,52,186,244
159,65,186,233
158,64,189,231
156,62,189,235
157,58,183,236
151,63,188,230
151,73,191,211
151,73,185,206
151,79,202,198
150,90,202,182
150,99,207,167
152,103,202,157
152,105,198,150
156,111,205,138
150,112,204,132
145,114,211,118
143,111,203,113
155,112,197,113
156,111,188,113
150,111,202,111
154,111,188,105
147,112,199,110
145,117,202,109
148,115,197,121
150,115,195,125
150,112,198,133
148,112,208,148
153,110,202,155
151,112,206,165
146,111,210,174
155,113,205,179
152,112,209,181
153,112,202,171
154,110,198,184
155,109,198,186
159,111,192,197
160,112,193,178
155,118,193,172
156,113,186,195
155,115,189,194
151,111,198,199
140,113,205,199
144,111,195,201
143,113,196,195
136,118,210,184
152,115,192,183
147,114,196,194
145,114,198,183
149,116,198,189
154,115,189,207
141,113,198,187
157,110,193,209
156,112,184,205
158,116,188,193
157,111,184,182
157,102,181,200
160,110,179,178
168,115,178,169
172,109,169,178
174,109,175,181
167,101,180,191
170,106,173,188
173,106,170,183
174,109,175,182
178,107,169,182
181,109,163,180
178,108,172,177
183,110,159,181
184,107,162,180
179,105,158,182
187,108,155,174
184,109,158,169
185,109,159,182
195,106,150,182
180,108,162,186
189,108,155,196
191,106,154,197
192,110,153,198
185,103,162,198
175,112,169,193
176,109,171,184
168,102,178,198
169,102,172,193
173,103,172,183
185,103,159,179
170,99,175,190
161,105,188,173
164,109,184,161
170,106,180,165
166,106,182,155
171,105,169,152
168,109,168,142
159,110,183,142
145,118,194,134
161,113,181,135
142,117,203,129
135,121,211,119
130,123,209,112
129,131,210,103
131,131,209,93
175,117,180,102
184,120,157,93
180,114,160,103
185,111,155,113
183,114,159,114
180,110,161,125
180,113,163,123
180,111,162,123
178,116,168,125
175,116,174,139
167,115,183,154
169,112,178,162
147,119,202,173
163,112,188,184
162,113,183,191
162,106,189,202
156,111,185,200
168,108,181,213
169,109,178,218
160,114,174,217
187,108,152,230
166,102,173,240
169,114,175,217
178,114,168,222
172,118,181,228
193,68,151,278
186,90,155,254
180,112,170,233
174,104,178,237
179,110,171,238
188,80,166,238
199,92,148,258
218,111,132,234
226,73,121,260
254,64,90,287
201,61,125,287
228,66,124,288
212,57,134,298
222,52,123,296
232,24,109,317
225,26,108,327
218,22,119,327
206,22,135,324
214,35,123,322
210,20,123,324
227,13,100,325
219,33,109,320
209,25,124,317
213,28,115,314
202,31,135,313
214,36,118,314
202,29,141,321
189,36,148,311
198,30,142,309
185,38,157,309
178,54,168,286
175,42,167,289
185,29,162,307
178,18,170,314
169,33,174,304
175,22,166,305
176,31,159,287
176,24,166,305
176,31,163,302
168,20,171,318
170,35,177,316
171,23,169,322
173,13,161,328
172,22,174,318
166,13,169,331
168,26,170,338
168,19,162,337
171,13,161,320
168,13,168,309
165,27,164,311
173,22,155,330
170,24,166,316
172,19,166,312
172,20,170,309
170,19,171,319
170,15,171,323
172,19,174,323
169,18,173,330
166,21,173,332
169,21,188,326
164,30,191,322
171,18,180,336
173,31,181,330
168,23,188,325
166,20,200,337
170,20,184,333
170,14,186,341
166,38,204,316
170,30,193,323
171,47,181,296
172,24,185,330
178,19,179,335
172,10,170,333
180,17,173,335
173,18,185,338
172,26,171,326
175,41,174,312
169,21,176,327
174,20,170,327
169,15,168,333
178,19,164,337
169,39,169,311
173,40,170,302
172,27,176,331
167,21,168,329
172,18,172,336
171,22,168,333
169,23,177,331
173,14,168,333
173,18,162,330
174,19,167,339
166,15,175,328
174,17,166,333
172,17,168,335
171,14,169,316
166,31,176,320
165,25,172,324
165,20,173,331
168,13,165,333
171,20,157,333
174,17,158,336
172,22,153,328
174,25,149,329
170,24,155,331
171,22,158,332
175,19,157,339
176,20,151,331
172,28,160,328
176,23,161,326
172,28,165,323
173,29,164,319
171,28,162,319
172,21,166,327
171,23,168,322
168,27,171,313
170,28,167,303
171,18,161,321
173,28,167,311
169,25,171,306
161,46,178,281
167,32,171,288
174,19,166,319
171,16,164,324
169,21,165,334
166,33,173,322
167,22,170,317
174,18,159,314
175,17,155,330
175,22,158,330
169,21,166,307
169,21,171,308
172,25,169,317
173,27,167,288
167,31,180,277
172,52,167,242
172,95,169,206
178,115,168,186
166,114,180,185
161,113,186,197
163,109,180,213
167,93,180,210
170,115,170,197
166,111,167,214
168,92,167,223
164,113,167,212
174,108,164,203
179,116,158,216
171,106,163,228
179,117,150,229
185,108,139,240
184,113,140,235
182,105,137,241
177,105,148,231
180,111,137,218
184,114,134,204
166,113,158,214
152,109,168,191
154,106,172,205
166,114,164,171
155,110,167,173
172,115,146,198
166,111,155,197
163,105,156,197
166,111,163,176
167,112,151,169
176,110,146,163
166,111,152,152
169,112,157,143
169,110,155,142
173,111,156,137
177,111,152,133
171,107,160,144
164,106,169,172
155,109,180,155
148,109,189,137
143,112,188,127
146,108,184,132
152,107,175,142
152,108,171,130
152,111,172,140
170,106,153,142
172,104,147,142
175,109,147,141
170,107,150,143
159,108,163,145
150,110,178,150
154,110,169,147
154,107,168,157
152,107,174,157
153,104,170,162
149,105,173,162
156,102,167,168
154,102,169,169
150,101,175,169
149,104,169,159
147,108,173,154
146,103,176,159
149,107,169,153
148,101,166,160
149,103,162,154
144,110,188,141
142,112,190,135
140,111,192,140
142,103,183,147
144,113,178,126
141,112,191,119
141,112,182,117
140,111,187,115
141,111,189,112
141,108,189,111
137,113,193,116
140,115,189,136
144,113,184,132
143,110,184,149
139,113,179,144
138,110,183,146
132,111,185,141
131,112,189,146
127,112,194,150
119,118,199,143
122,116,201,149
114,114,207,156
109,117,211,162
111,111,178,170
117,117,205,170
106,135,217,147
113,144,205,143
91,101,214,177
106,115,211,166
114,121,193,162
122,153,211,134
97,98,169,143
109,98,156,144
115,102,149,127
154,166,181,123
148,164,195,125
112,105,185,143
117,101,173,159
115,105,168,131
126,105,156,140
138,107,135,139
143,108,116,140
149,107,144,164
162,115,144,150
171,138,176,126
160,137,187,117
163,141,188,111
176,142,167,116
176,142,174,119
174,143,177,120
175,143,175,113
177,142,174,116
163,142,189,119
181,142,162,121
181,138,164,129
177,133,171,142
175,130,169,147
181,123,148,153
180,121,140,156
183,120,146,162
191,113,142,171
198,107,133,175
191,96,149,187
198,92,145,189
201,84,145,197
171,77,172,207
178,70,162,210
196,67,142,209
195,63,143,215
183,61,155,210
174,54,161,220
169,50,160,225
170,45,160,236
173,45,156,228
163,46,154,229
141,61,179,224
156,47,162,224
133,89,161,211
164,43,149,226
140,60,161,225
155,45,158,235
137,94,164,210
174,45,164,223
169,66,172,203
186,45,153,232
164,61,181,218
182,46,163,240
178,43,167,231
177,49,170,215
169,50,180,218
177,61,174,201
154,90,204,172
147,89,198,206
139,103,207,190
138,109,206,190
126,118,220,181
126,123,211,177
125,126,216,173
125,134,212,164
124,134,216,167
119,133,223,173
118,110,223,188
119,111,218,195
112,120,234,192
116,137,238,156
116,139,234,161
113,113,229,183
113,131,236,175
110,133,257,178
112,130,251,175
118,131,242,162
110,127,259,168
119,125,252,170
130,131,228,168
125,124,242,168
120,127,254,173
114,128,260,170
109,128,279,171
109,127,278,173
115,128,277,197
112,126,282,193
110,130,289,179
111,125,293,154
117,129,282,153
131,125,269,110
147,133,264,98
170,137,241,89
187,139,235,87
179,140,232,93
186,144,227,88
194,145,222,83
197,148,225,82
187,148,235,80
192,158,234,72
191,156,235,70
194,158,235,69
178,157,252,73
177,159,255,66
173,169,252,92
170,158,261,69
169,170,256,100
180,157,250,74
177,152,254,78
175,149,255,77
174,147,254,77
183,143,243,81
185,143,242,82
188,137,241,95
175,138,249,90
170,136,259,101
169,135,252,116
158,138,267,112
158,136,267,111
161,140,258,104
178,138,239,105
175,138,244,103
179,138,237,97
167,134,246,108
172,133,242,114
166,133,246,120
177,134,235,109
170,136,244,108
161,135,254,108
174,137,243,110
161,143,255,109
157,146,260,109
165,151,253,111
168,156,252,102
165,157,257,101
169,163,247,98
167,164,252,92
172,163,250,98
164,168,260,93
166,169,257,99
171,169,254,97
167,169,262,102
166,175,265,93
175,172,253,97
173,170,251,97
170,168,256,97
165,167,262,94
172,166,255,100
167,168,258,87
170,167,257,89
171,171,254,88
165,170,260,83
168,172,260,81
172,173,256,79
170,174,258,75
173,178,254,65
169,181,259,65
175,181,251,62
181,182,245,59
177,182,246,59
178,184,246,54
180,183,245,52
180,182,246,48
183,180,240,51
185,179,238,50
186,177,240,52
191,174,232,56
191,176,234,56
195,174,231,57
197,174,230,54
193,170,224,64
196,168,223,64
200,164,217,68
202,159,211,71
204,155,206,80
206,152,195,79
203,150,195,90
203,145,196,86
202,142,192,92
196,139,194,92
196,137,189,100
190,137,192,97
197,134,184,102
197,132,181,109
200,132,170,112
197,129,166,118
201,126,157,134
201,121,151,137
203,123,146,134
205,122,142,136
207,121,137,140
208,121,132,139
214,122,125,137
215,117,119,142
214,116,122,149
214,118,116,145
218,116,108,151
222,110,97,163
231,109,85,158
232,109,84,159
235,103,81,167
236,102,79,163
235,98,89,172
233,98,92,166
233,97,95,163
227,100,106,166
220,98,118,167
192,105,136,169
207,103,132,159
211,105,139,151
194,113,162,129
200,105,158,130
181,113,181,123
181,111,190,120
178,114,193,115
168,129,215,96
164,126,223,96
150,128,239,100
143,124,245,97
132,130,254,93
115,125,272,99
111,128,268,97
110,129,266,93
111,126,266,98
105,128,265,111
107,130,255,123
111,123,239,156
117,117,226,180
110,115,238,183
117,116,230,187
120,113,226,194
117,110,221,205
120,107,227,218
125,116,210,196
133,114,210,221
131,115,209,197
124,108,208,194
129,107,202,188
118,106,207,195
123,108,193,196
125,105,202,195
110,112,208,170
99,114,232,141
105,115,218,129
108,112,209,136
114,109,197,152
120,106,184,165
132,104,173,180
133,106,162,180
131,105,158,184
156,106,125,183
173,108,106,187
188,101,95,198
192,98,86,207
197,100,77,193
193,101,81,179
195,105,79,182
188,110,92,176
178,109,100,167
161,112,133,164
149,115,174,168
152,114,184,161
105,113,199,167
107,111,237,164
95,117,265,163
93,116,271,163
100,121,268,158
94,112,284,164
87,122,279,156
85,135,290,140
88,154,287,123
91,166,294,119
109,175,283,99
126,184,277,84
136,178,275,85
154,170,262,94
173,151,236,126
185,137,227,143
204,123,205,169
221,103,181,197
234,89,164,215
243,85,149,226
239,86,147,243
167,103,157,226
258,108,130,207
220,98,144,244
256,103,152,229
248,110,149,235
241,113,148,216
229,124,155,202
224,128,162,201
223,129,159,210
214,135,169,204
207,139,178,204
201,141,186,195
193,155,189,180
185,158,185,186
175,162,195,188
169,168,191,180
167,129,176,219
179,142,180,200
205,141,171,197
258,81,142,228
255,71,151,239
234,2,167,274
223,-19,158,221
244,137,170,215
198,147,180,193
206,171,210,167
206,206,241,147
202,222,243,101
128,44,225,143
185,149,239,151
191,223,257,111
198,229,251,87
199,230,249,77
201,228,251,81
194,229,258,81
192,225,261,90
208,228,242,84
201,230,249,78
199,228,249,86
208,225,240,86
200,227,248,90
202,225,234,87
199,230,248,84
194,221,243,88
192,224,255,89
203,229,243,82
200,230,246,81
192,210,250,98
206,233,236,77
209,229,242,80
204,229,251,87
205,229,247,83
205,231,243,84
202,231,246,83
201,230,248,84
204,230,248,82
207,227,238,87
207,229,248,91
203,229,245,80
203,228,249,84
