473,181,50,28
471,181,55,30
472,180,56,33
473,181,59,34
474,180,61,38
475,180,61,42
476,180,62,40
477,181,62,39
478,182,61,36
480,180,60,36
482,180,59,35
483,179,60,35
485,179,60,36
488,179,59,38
490,178,57,34
490,178,60,35
492,176,59,34
495,176,59,32
497,175,60,36
499,174,61,40
500,175,63,43
501,176,63,37
502,176,65,42
503,178,65,41
503,178,64,38
503,177,62,37
503,179,61,34
502,176,61,40
500,176,61,37
498,176,63,32
496,175,63,38
495,175,61,35
493,176,60,38
491,177,64,41
489,178,65,40
487,181,68,38
488,183,64,39
487,188,64,35
488,198,64,32
488,202,64,33
487,208,65,34
487,212,63,35
487,212,65,36
485,214,65,34
481,215,65,33
477,214,67,32
473,210,64,33
467,203,59,35
460,196,55,34
451,187,57,31
442,174,61,33
434,161,53,29
428,145,48,28
420,131,49,27
415,119,48,26
410,109,47,27
403,101,46,29
480,173,41,23
469,182,45,24
469,182,45,24
469,182,45,24
469,182,45,24
469,182,45,24
469,182,45,24
512,179,46,29
507,179,43,34
507,180,45,41
505,179,45,37
505,180,43,39
505,181,43,33
503,182,45,30
504,184,43,39
502,185,46,43
501,187,46,43
500,189,46,43
501,189,45,44
501,190,44,42
503,190,42,41
507,191,43,41
508,190,41,39
508,189,40,39
508,188,40,42
505,189,43,40
506,189,45,41
507,190,42,44
511,190,38,44
512,191,37,44
513,191,36,46
517,192,32,45
518,192,30,47
520,192,28,47
520,192,28,47
520,192,28,48
519,192,29,49
519,191,29,49
518,191,29,49
517,191,32,48
517,191,30,48
517,190,31,46
515,190,33,44
514,189,35,47
513,190,35,46
513,190,35,47
511,189,38,47
512,189,36,46
510,189,37,47
509,188,37,50
508,188,39,49
507,188,40,49
507,189,40,49
505,189,41,48
505,189,42,48
505,187,41,49
506,186,40,50
503,184,43,51
502,180,44,56
499,179,46,59
498,172,48,58
496,166,45,48
494,157,45,43
493,152,47,43
494,145,44,43
492,142,47,40
491,140,48,39
491,139,47,40
489,140,48,41
491,144,45,45
488,149,46,43
488,156,47,45
488,163,49,44
488,171,49,44
490,178,55,53
491,183,56,51
490,185,54,47
488,184,56,46
485,179,59,46
481,172,61,46
480,162,60,49
477,154,61,51
478,145,62,55
478,138,52,54
481,134,50,51
479,131,50,51
480,129,48,51
479,130,50,49
481,133,50,45
481,136,47,46
482,140,49,46
481,146,49,47
480,155,50,45
480,163,50,46
480,177,52,45
479,186,51,48
482,198,56,43
484,207,52,43
487,212,49,44
489,216,46,43
491,216,48,44
491,216,52,42
491,215,51,41
490,213,53,41
491,209,52,43
491,208,53,42
491,206,52,43
492,203,52,43
492,200,53,45
493,198,49,44
492,195,50,44
492,193,50,43
491,192,49,44
490,190,49,44
492,189,47,44
493,189,46,45
495,188,47,46
495,189,49,45
497,190,46,47
497,189,45,51
497,190,45,53
497,191,49,56
498,192,51,57
499,191,46,51
500,193,45,53
501,192,44,53
501,193,44,49
502,194,44,49
503,193,43,46
501,194,43,42
497,193,47,41
492,196,50,39
501,195,41,41
504,194,41,40
505,192,40,41
504,191,41,40
504,191,39,42
505,189,39,44
504,188,41,43
506,188,41,44
507,188,42,44
506,188,45,43
507,187,42,43
508,187,41,42
509,186,40,43
510,187,39,43
511,185,37,43
513,186,36,39
513,185,37,40
513,185,36,42
514,185,34,40
514,184,35,41
515,184,33,44
516,185,32,44
517,185,31,46
515,186,35,45
516,186,34,48
518,188,35,47
518,190,34,46
519,192,35,46
521,195,35,48
523,198,35,48
524,207,32,42
440,168,29,41
445,196,35,38
455,215,40,38
471,235,42,39
492,243,44,47
510,253,40,45
523,253,41,49
524,257,43,46
525,260,44,44
526,260,52,42
521,259,58,42
517,253,50,46
513,254,57,48
506,260,58,42
499,254,62,45
491,251,63,42
480,243,54,43
468,232,48,41
460,218,43,39
447,201,46,39
437,182,45,39
425,167,44,36
418,155,40,32
410,140,41,36
399,127,40,36
392,119,37,35
383,110,38,36
374,105,37,35
366,102,36,33
358,98,36,34
350,97,35,35
341,98,34,34
333,100,35,35
325,104,35,35
317,109,34,34
308,116,34,34
300,124,35,34
293,135,31,33
282,146,34,39
272,160,39,38
269,171,37,33
267,176,37,32
268,178,36,32
265,176,38,35
267,174,37,32
269,169,37,33
272,164,36,37
272,160,38,37
276,158,37,40
275,160,40,36
277,163,41,39
279,171,44,37
287,180,39,34
292,195,37,32
298,213,34,34
302,239,33,34
304,264,34,35
308,291,33,36
310,321,33,36
313,318,32,32
315,299,32,34
317,283,33,36
319,270,34,32
319,269,33,32
321,258,32,31
323,247,33,29
324,235,34,31
326,226,33,32
328,220,32,31
328,213,34,32
330,210,33,31
333,208,33,32
336,214,33,33
341,228,35,35
346,248,34,34
354,269,33,36
357,293,34,34
364,316,32,36
368,323,33,30
369,306,35,32
370,291,35,31
372,278,35,30
375,267,34,30
378,257,31,29
380,247,32,30
382,240,31,30
384,234,30,31
385,229,31,32
386,226,33,31
387,226,33,29
385,227,36,31
387,238,35,31
396,255,31,31
398,274,33,33
400,295,32,34
405,318,31,33
406,315,32,31
406,301,33,31
407,288,32,31
407,277,32,30
409,266,33,30
408,257,33,29
410,249,31,30
410,242,32,30
409,237,33,30
409,234,34,29
410,230,34,33
412,237,35,34
413,250,34,32
415,267,31,33
414,286,33,33
414,306,32,33
416,322,30,27
414,306,30,30
412,292,31,32
411,282,31,29
410,272,31,29
410,263,30,29
409,256,30,28
408,250,30,29
407,245,30,28
405,242,30,29
404,239,30,29
404,240,30,31
408,254,30,28
411,269,29,28
412,284,31,31
414,302,30,32
416,319,29,29
415,305,30,30
414,295,31,28
414,283,30,30
414,273,31,30
414,266,30,29
413,259,30,28
412,253,30,29
412,248,31,29
410,247,32,28
412,246,32,28
414,252,32,28
419,263,31,29
423,279,32,30
428,297,32,33
434,320,31,35
437,313,31,32
440,303,32,31
443,293,32,31
446,284,32,31
449,275,33,33
454,268,32,33
457,265,34,30
460,261,35,31
463,259,35,31
465,258,37,31
467,257,39,33
468,258,43,36
474,275,35,34
474,296,36,37
473,319,35,38
470,329,38,30
463,321,39,33
460,310,36,32
457,296,37,33
450,283,40,35
447,274,38,35
443,266,36,33
497,223,37,33
434,254,40,36
502,226,38,37
502,226,37,37
501,225,38,35
499,222,38,35
495,219,39,33
491,216,38,31
486,212,40,30
482,208,42,28
479,203,44,29
476,199,43,28
473,197,44,29
468,197,44,31
465,198,45,30
461,201,46,31
393,263,42,29
393,261,37,29
391,253,37,34
389,255,35,35
385,265,33,37
377,283,37,37
371,304,37,38
367,327,34,31
364,329,35,30
362,314,35,33
360,300,36,33
357,286,36,34
356,275,34,33
353,264,36,35
353,256,34,35
351,250,34,34
350,246,35,34
347,245,36,34
344,251,36,35
341,263,36,38
339,285,37,37
338,308,36,37
337,331,36,28
340,327,35,28
341,308,37,34
342,293,38,36
344,281,37,35
347,271,37,33
348,260,37,34
349,251,37,35
351,245,37,35
352,240,39,36
350,237,38,34
345,234,38,35
340,233,40,32
335,227,41,34
329,224,37,34
324,222,39,32
318,216,43,35
312,213,45,35
307,209,42,39
303,211,41,37
300,211,37,35
298,209,37,37
298,210,36,37
298,209,38,35
299,208,39,37
301,208,39,38
303,205,38,37
303,205,38,37
303,205,38,37
303,205,38,37
303,205,38,37
303,205,38,37
316,171,38,37
315,166,37,38
315,164,39,37
314,157,44,40
313,154,45,46
312,152,47,52
308,152,50,52
310,152,46,54
313,154,43,56
314,157,41,56
316,163,39,56
315,169,39,53
317,176,35,48
317,185,38,42
312,194,39,39
306,193,42,46
304,201,39,42
301,206,41,37
299,209,35,36
298,211,33,34
295,215,32,32
295,215,32,32
291,220,32,31
290,222,32,31
291,222,30,32
291,221,33,31
290,217,38,30
299,209,33,31
305,200,33,29
310,183,35,33
318,162,35,33
326,141,32,31
332,121,34,31
338,101,34,30
343,81,35,32
349,64,35,33
356,47,35,33
362,31,36,34
369,17,35,34
375,4,37,34
381,0,36,30
389,-3,35,23
395,-10,33,21
395,-10,33,21
395,-10,33,21
395,-10,33,21
395,-10,33,21
395,-10,33,21
395,-10,33,21
395,-10,33,21
395,-10,33,21
395,-10,33,21
395,-10,33,21
395,-10,33,21
395,-10,33,21
395,-10,33,21
395,-10,33,21
395,-10,33,21
395,-10,33,21
395,-10,33,21
395,-10,33,21
395,-10,33,21
395,-10,33,21
395,-10,33,21
395,-10,33,21
395,-10,33,21
395,-10,33,21
395,-10,33,21
395,-10,33,21
395,-10,33,21
395,-10,33,21
395,-10,33,21
395,-10,33,21
395,-10,33,21
395,-10,33,21
395,-10,33,21
395,-10,33,21
395,-10,33,21
395,-10,33,21
395,-10,33,21
395,-10,33,21
395,-10,33,21
395,-10,33,21
395,-10,33,21
395,-10,33,21
395,-10,33,21
395,-10,33,21
395,-10,33,21
395,-10,33,21
395,-10,33,21
395,-10,33,21
395,-10,33,21
395,-10,33,21
395,-10,33,21
395,-10,33,21
395,-10,33,21
395,-10,33,21
395,-10,33,21
395,-10,33,21
395,-10,33,21
395,-10,33,21
395,-10,33,21
395,-10,33,21
395,-10,33,21
395,-10,33,21
395,-10,33,21
395,-10,33,21
395,-10,33,21
395,-10,33,21
395,-10,33,21
395,-10,33,21
395,-10,33,21
395,-10,33,21
395,-10,33,21
395,-10,33,21
395,-10,33,21
395,-10,33,21
395,-10,33,21
395,-10,33,21
395,-10,33,21
395,-10,33,21
395,-10,33,21
395,-10,33,21
395,-10,33,21
395,-10,33,21
395,-10,33,21
395,-10,33,21
395,-10,33,21
395,-10,33,21
395,-10,33,21
395,-10,33,21
395,-10,33,21
395,-10,33,21
395,-10,33,21
395,-10,33,21
395,-10,33,21
395,-10,33,21
395,-10,33,21
395,-10,33,21
395,-10,33,21
395,-10,33,21
395,-10,33,21
395,-10,33,21
395,-10,33,21
395,-10,33,21
395,-10,33,21
395,-10,33,21
395,-10,33,21
395,-10,33,21
395,-10,33,21
395,-10,33,21
395,-10,33,21
395,-10,33,21
395,-10,33,21
395,-10,33,21
395,-10,33,21
395,-10,33,21
395,-10,33,21
395,-10,33,21
395,-10,33,21
395,-10,33,21
395,-10,33,21
395,-10,33,21
395,-10,33,21
395,-10,33,21
395,-10,33,21
395,-10,33,21
395,-10,33,21
395,-10,33,21
395,-10,33,21
395,-10,33,21
395,-10,33,21
395,-10,33,21
395,-10,33,21
395,-10,33,21
395,-10,33,21
395,-10,33,21
395,-10,33,21
395,-10,33,21
395,-10,33,21
395,-10,33,21
395,-10,33,21
395,-10,33,21
395,-10,33,21
395,-10,33,21
395,-10,33,21
395,-10,33,21
395,-10,33,21
395,-10,33,21
395,-10,33,21
395,-10,33,21
383,1,33,24
387,25,31,29
389,55,33,28
389,85,35,29
389,119,38,27
389,152,40,28
387,185,43,32
384,203,45,38
385,221,43,33
374,237,48,28
374,250,41,27
369,256,39,30
365,260,37,31
362,261,37,32
363,260,35,34
365,259,34,32
367,255,35,32
370,250,34,32
378,250,30,26
378,240,34,28
380,232,34,30
382,224,39,26
383,215,42,26
383,200,41,27
381,183,36,31
378,174,34,35
376,166,39,32
375,163,39,27
374,158,39,33
373,152,35,36
368,146,34,40
371,146,30,39
369,147,33,40
362,155,37,35
358,156,35,37
354,160,34,42
352,165,30,43
340,174,38,36
334,179,37,37
332,183,36,38
332,186,32,38
328,187,32,40
328,189,30,38
323,188,33,39
320,186,36,37
319,185,36,34
313,180,38,35
312,181,41,30
307,181,46,27
302,181,44,24
298,183,43,23
293,184,46,24
288,184,46,27
273,187,44,28
273,190,39,28
273,194,33,27
266,198,36,28
261,202,36,31
259,205,38,30
259,210,37,26
258,213,36,26
252,216,41,25
254,218,37,24
255,219,33,24
253,219,36,25
247,217,44,25
246,215,45,26
250,211,44,27
251,205,45,29
257,197,44,29
258,188,42,28
268,179,33,30
274,171,29,32
277,164,28,34
279,158,28,33
278,156,30,33
284,151,27,38
286,149,27,40
286,149,29,39
284,151,32,37
283,153,35,38
287,158,32,36
286,163,34,34
289,170,31,33
289,180,33,26
290,186,33,25
290,191,34,26
290,195,32,25
291,197,32,26
293,200,29,22
294,199,29,24
296,197,26,25
298,194,26,26
299,189,27,25
299,183,28,26
296,176,29,30
295,170,28,32
292,164,29,35
291,159,27,36
288,156,27,36
285,155,27,34
281,156,28,36
279,157,29,33
276,158,31,35
266,164,36,38
264,168,35,37
260,173,39,33
261,178,36,31
261,183,37,31
258,193,38,24
256,196,41,26
255,196,39,30
256,200,36,28
255,199,34,26
255,197,33,27
256,193,30,26
255,187,28,30
252,184,31,32
250,179,32,33
251,178,32,34
246,173,30,37
242,169,32,40
235,166,36,35
235,166,36,35
235,166,36,35
235,166,36,35
235,166,36,35
235,166,36,35
235,166,36,35
206,129,35,39
202,124,34,38
199,122,38,35
198,119,36,33
198,118,30,31
199,117,28,28
200,115,27,29
203,114,26,29
206,111,27,27
210,106,28,29
215,100,29,29
222,91,29,29
230,81,29,27
241,66,29,28
253,52,30,29
266,38,30,30
279,27,30,30
292,18,29,28
305,8,29,29
317,3,30,28
331,2,29,23
344,1,31,22
357,0,31,21
369,0,33,21
383,0,33,23
395,1,36,27
408,6,37,29
422,11,39,32
435,22,42,31
449,34,46,32
464,48,46,34
476,65,52,34
479,76,53,31
483,91,49,29
488,106,45,31
493,124,45,37
504,211,42,37
504,211,43,41
484,180,48,40
493,199,50,49
490,207,57,49
493,215,67,42
497,215,65,42
486,217,53,40
505,217,55,44
509,217,50,46
506,218,45,45
503,218,43,43
503,219,46,42
503,217,47,41
503,217,48,39
501,216,51,38
501,217,56,35
501,211,57,37
501,208,59,37
501,204,64,36
501,199,57,37
500,197,54,33
501,192,53,32
502,189,55,32
504,185,53,32
513,249,46,36
504,248,43,41
489,244,46,41
473,235,46,41
458,224,52,44
445,211,47,46
436,192,44,44
426,178,43,39
420,164,40,33
411,144,43,38
404,132,40,36
398,120,38,37
390,111,37,36
382,102,39,36
375,97,37,34
368,92,38,36
360,88,38,36
352,86,38,36
345,87,37,35
337,88,36,37
328,92,39,38
319,97,38,37
313,104,37,36
307,113,36,36
298,123,39,36
289,136,41,37
288,148,39,37
287,164,38,38
288,183,39,36
292,207,35,33
295,241,35,37
295,270,36,42
299,306,36,42
299,318,35,40
299,318,35,36
299,296,36,37
299,280,35,37
298,263,35,36
297,254,36,29
297,237,35,33
297,226,35,32
296,217,35,32
295,209,34,33
294,200,34,35
294,197,34,33
290,195,37,34
286,199,41,30
286,197,42,36
286,201,41,35
290,203,38,36
293,209,34,34
293,211,34,32
293,211,35,32
295,211,35,31
297,210,37,35
302,205,35,36
304,201,38,34
304,197,44,32
313,190,39,34
315,185,40,34
319,181,39,36
322,180,39,35
323,180,40,36
325,187,41,34
323,192,45,37
334,207,40,35
337,223,39,36
342,241,38,37
347,263,35,36
350,285,36,37
352,311,37,35
356,333,36,27
357,323,35,30
355,307,37,33
356,291,36,34
356,278,34,34
358,268,32,35
358,259,31,35
358,251,32,34
358,243,32,35
359,241,31,31
361,238,27,31
361,238,27,31
361,238,27,31
361,238,27,31
361,238,27,31
361,238,27,31
361,238,27,31
361,238,27,31
361,238,27,31
361,238,27,31
361,238,27,31
352,280,32,32
351,272,31,33
350,264,32,32
348,253,32,35
348,247,32,35
346,243,34,35
346,244,38,35
347,250,37,36
347,260,36,37
346,273,37,40
346,293,39,39
346,315,38,39
346,335,38,26
348,329,38,28
349,319,38,33
350,305,38,35
352,296,38,37
353,287,37,36
354,280,37,37
355,276,37,37
356,273,37,36
357,272,37,35
358,270,37,38
359,270,38,40
357,281,36,40
352,304,36,37
345,325,35,32
344,330,35,28
345,317,35,30
344,300,37,34
344,286,38,35
345,275,35,34
347,265,35,34
347,257,34,34
348,249,35,36
346,253,35,36
340,266,36,36
333,283,35,38
327,302,35,39
321,317,35,41
317,327,34,30
319,318,35,33
321,303,36,36
321,291,37,36
323,282,37,38
325,275,36,34
327,268,37,35
328,265,38,36
330,267,36,39
334,283,38,40
342,307,39,39
349,331,38,27
354,336,40,22
362,325,41,30
366,305,40,36
373,292,36,35
377,280,37,36
382,270,36,36
385,262,40,34
387,257,41,35
389,263,38,35
388,281,36,34
386,299,40,39
383,321,39,35
381,331,37,29
382,327,39,29
384,314,36,30
383,297,37,34
383,284,38,35
385,273,36,38
387,265,34,35
387,257,34,35
388,255,36,32
389,260,38,33
391,272,38,34
397,293,37,35
399,315,38,37
406,335,36,28
406,329,36,28
408,317,35,31
409,314,36,33
410,298,37,35
408,286,41,36
412,272,37,38
412,269,38,35
410,273,37,37
405,284,37,38
397,302,39,38
390,322,38,34
377,334,44,26
379,332,43,25
380,323,37,28
378,309,36,30
374,295,39,35
372,284,39,34
369,277,39,33
367,273,39,35
364,269,40,38
367,277,40,40
373,297,41,39
376,319,40,36
381,341,42,29
381,340,42,20
384,332,42,23
388,318,41,31
391,307,39,36
391,294,42,39
395,285,41,40
396,279,44,39
398,274,49,38
397,272,53,39
398,268,47,41
397,267,46,41
398,267,44,40
396,268,44,39
391,269,44,39
384,270,45,37
376,270,47,35
369,268,46,39
360,266,49,36
355,264,50,38
352,260,51,40
340,250,62,44
337,245,63,41
341,232,58,42
343,220,56,36
345,201,54,40
348,182,54,44
347,168,53,40
346,155,59,40
346,144,59,41
349,134,52,43
350,126,51,42
357,120,44,43
358,117,45,44
362,115,44,43
363,115,44,45
364,118,44,45
364,122,45,46
366,128,45,44
366,136,46,45
368,148,45,54
365,160,48,55
361,173,53,47
359,184,54,45
354,188,57,47
361,191,47,45
361,190,45,46
357,190,46,44
355,190,41,43
346,192,45,43
339,192,43,43
327,196,46,42
322,201,45,36
314,206,43,36
310,210,42,31
300,211,45,36
296,212,48,38
303,213,44,33
308,209,44,36
310,208,43,38
316,203,42,40
323,201,43,39
328,195,45,41
333,187,44,43
337,179,42,46
341,171,41,48
345,165,39,43
346,159,40,45
347,154,40,48
347,151,38,49
346,149,38,46
345,149,37,45
344,150,38,46
343,154,38,44
340,157,38,46
336,163,39,46
328,172,45,41
325,179,44,43
314,188,47,41
312,194,45,41
312,199,41,41
312,204,38,41
311,205,40,40
310,201,43,41
319,197,40,38
327,188,39,36
339,173,38,36
347,156,36,34
354,138,37,34
363,125,36,32
368,107,38,35
376,94,38,35
383,81,38,36
391,74,38,34
398,63,40,36
406,55,39,38
415,50,39,37
421,45,42,38
422,45,41,38
430,42,40,39
430,42,41,39
438,42,41,39
445,44,43,40
453,46,42,41
462,52,43,39
470,59,43,40
478,68,45,41
486,77,46,42
496,92,44,42
506,110,44,40
516,122,45,47
528,133,47,50
539,145,52,43
479,196,47,34
543,149,49,41
544,148,49,45
544,150,48,45
544,151,49,45
543,153,51,44
543,153,49,47
544,155,49,46
545,156,49,46
544,159,49,46
545,162,50,46
544,165,51,46
545,169,54,47
544,174,53,46
543,180,53,44
543,186,52,43
543,194,58,41
541,200,54,43
541,208,49,42
540,215,51,42
542,223,46,41
543,227,48,41
545,231,45,43
544,233,47,43
544,234,47,41
540,231,50,41
535,226,51,42
529,219,52,41
522,210,57,40
516,199,50,40
514,185,47,38
513,173,45,38
512,162,45,39
512,152,46,38
509,146,47,37
509,140,46,41
509,136,46,45
507,134,47,50
508,133,46,53
506,134,48,49
507,138,46,54
506,144,47,49
504,149,53,47
502,157,59,43
503,167,58,40
503,177,52,41
504,185,50,43
505,194,53,41
508,201,51,41
513,205,49,41
516,210,46,39
518,212,48,41
518,210,47,40
517,208,46,40
517,205,45,39
513,197,47,42
509,191,47,40
503,182,48,40
500,174,50,40
498,166,45,41
495,157,46,42
495,149,51,42
496,142,46,41
497,137,51,43
498,132,50,46
498,129,53,48
498,130,51,46
501,132,50,48
503,134,56,53
506,138,55,54
510,143,53,50
513,150,52,53
516,156,54,54
520,165,54,49
524,174,52,47
526,179,53,51
528,187,55,50
529,191,53,50
529,194,51,48
528,197,53,46
527,196,56,44
527,194,56,43
527,190,56,43
527,189,49,43
527,186,50,42
527,188,52,40
525,188,54,42
525,189,62,43
523,191,48,43
523,194,51,42
523,195,54,45
520,196,43,42
516,196,43,40
516,193,43,37
512,189,42,37
509,182,45,38
509,175,44,39
510,170,43,39
511,162,42,41
513,155,45,42
516,153,47,39
518,149,47,41
522,148,46,42
525,148,47,44
527,151,49,43
529,153,50,44
530,158,50,47
530,160,50,46
533,166,51,46
532,168,51,46
535,174,52,44
538,182,50,47
539,189,54,45
539,191,52,46
539,194,50,47
536,197,49,43
536,195,51,44
534,194,46,44
533,194,45,43
531,194,48,43
530,195,46,42
528,197,52,42
525,201,58,40
524,203,60,42
520,206,55,41
521,208,57,42
524,210,55,42
524,213,56,42
528,219,49,40
531,222,48,42
535,229,48,42
539,234,46,44
541,238,46,44
545,243,52,42
547,245,52,46
548,246,54,45
547,245,55,47
546,244,56,46
541,243,57,46
537,242,56,47
533,239,57,46
523,233,55,45
515,222,56,43
508,205,56,45
501,186,65,42
500,164,60,45
501,145,56,46
503,127,56,45
506,109,52,46
508,95,51,45
508,82,50,47
509,72,53,47
510,65,52,47
512,60,51,46
513,55,51,47
513,53,53,46
515,54,53,46
516,56,53,47
516,59,56,48
519,66,59,53
519,76,65,57
519,86,71,52
522,100,67,51
524,118,55,50
527,132,53,55
527,144,56,51
533,153,56,46
533,161,55,41
534,164,56,42
534,167,56,45
533,169,52,45
529,172,56,45
526,176,51,46
522,179,50,44
516,184,47,42
510,186,49,43
505,190,53,41
503,190,55,43
500,191,59,42
495,192,49,41
494,190,43,41
489,187,44,39
485,181,43,40
480,174,44,40
477,163,42,43
478,151,43,49
481,138,43,38
485,128,42,40
485,118,43,39
488,109,43,39
490,100,45,42
493,96,45,41
494,93,45,41
497,92,46,41
500,93,45,42
503,95,45,42
505,99,47,44
510,108,47,45
512,114,48,44
514,123,50,47
516,130,50,48
518,139,50,45
523,150,49,48
527,160,50,50
529,169,50,47
530,177,49,39
530,183,48,42
526,187,48,42
523,189,50,42
518,190,51,40
514,192,57,43
509,193,60,41
504,193,61,42
499,196,52,40
494,192,45,42
491,193,47,37
478,189,50,41
483,186,41,37
481,183,39,38
475,177,40,40
473,171,42,40
473,165,40,38
472,157,43,42
478,151,41,37
483,142,43,39
487,133,46,40
491,127,46,40
495,123,47,40
500,118,53,42
501,117,48,42
505,113,50,44
512,112,54,46
517,112,56,48
521,112,54,46
528,112,53,46
533,114,54,47
539,116,56,46
543,118,53,46
546,123,54,45
550,122,54,48
550,125,54,45
551,130,55,40
551,130,54,42
551,133,54,42
550,133,53,42
548,138,51,38
543,140,51,39
540,144,51,38
534,147,50,41
530,156,46,38
526,157,46,43
521,161,47,45
518,166,46,46
514,166,46,49
510,170,52,51
508,172,50,53
504,179,56,48
501,181,57,48
498,186,61,46
494,191,60,43
490,197,60,40
481,197,54,40
480,197,51,41
475,196,44,42
472,194,41,43
466,191,46,42
463,186,48,44
460,183,51,40
457,176,55,40
456,168,53,42
456,159,54,40
463,150,50,39
476,138,42,42
488,128,47,40
500,119,51,42
509,111,61,43
517,105,66,42
526,100,64,45
536,96,66,48
547,95,61,49
557,100,58,49
561,98,62,55
564,109,67,51
570,116,61,48
574,123,57,46
575,129,57,46
574,136,58,50
571,142,57,52
567,150,58,51
561,159,61,51
554,164,66,50
537,170,66,50
531,174,53,47
527,176,47,45
519,178,45,45
509,178,55,43
503,180,53,42
497,180,59,41
493,180,50,40
489,182,45,40
484,184,47,38
480,184,41,38
477,182,39,40
475,181,39,41
471,180,42,39
469,177,45,38
468,172,47,37
468,167,47,38
471,160,46,40
476,154,45,39
486,143,46,38
496,134,47,39
507,124,51,42
519,115,50,44
529,112,51,42
540,109,56,43
552,105,55,45
556,102,60,47
558,104,67,45
560,105,69,45
557,105,77,47
552,104,80,54
551,103,76,62
552,115,79,51
561,123,66,47
559,130,60,45
551,138,53,41
541,146,51,42
529,155,50,45
522,167,48,43
511,177,49,40
509,185,45,39
508,192,48,37
507,195,49,41
506,197,49,43
505,200,54,41
503,201,58,43
501,201,61,44
496,202,64,40
492,200,70,42
482,200,67,42
486,196,60,39
486,193,63,38
485,187,70,41
483,185,80,40
477,182,69,43
481,184,73,41
470,184,66,45
478,183,58,48
482,184,54,47
482,184,51,49
481,187,56,45
482,189,66,46
483,194,72,42
479,198,75,44
485,201,75,41
487,204,73,39
488,203,75,40
492,204,71,42
496,203,71,43
502,203,66,44
511,207,70,41
518,207,77,43
523,210,73,42
527,212,67,44
527,216,67,43
520,218,73,45
515,220,76,44
513,220,72,45
511,224,67,42
511,223,59,41
513,225,49,39
517,221,51,42
525,219,51,43
529,216,51,40
534,213,54,42
539,212,57,42
546,212,60,41
546,212,60,46
545,211,66,45
534,212,61,40
525,210,56,39
515,207,52,42
507,206,49,41
501,204,49,38
497,204,46,38
492,201,49,39
488,199,53,39
484,194,46,44
480,192,42,39
477,189,44,38
474,181,43,40
471,173,44,40
471,163,45,43
474,157,43,41
480,149,43,41
484,142,44,41
489,138,45,40
493,132,47,40
499,132,46,40
504,131,48,42
509,133,50,44
513,136,51,45
518,142,53,43
521,148,52,43
524,156,50,42
523,161,51,44
521,166,50,43
518,170,50,41
512,173,49,43
496,177,58,42
495,179,59,43
491,181,57,43
487,182,49,43
484,186,50,43
484,189,53,41
484,190,46,40
484,191,44,40
486,191,46,40
489,190,49,39
492,190,47,39
495,189,53,39
499,188,53,40
505,187,51,40
516,185,48,43
524,184,49,46
531,186,52,46
540,189,59,46
542,193,68,45
555,194,63,48
556,197,69,51
556,201,64,48
554,204,66,49
539,208,72,45
539,208,60,47
533,210,61,45
526,208,65,45
517,206,55,44
509,205,54,41
503,202,51,40
500,199,51,38
501,195,47,39
501,194,47,39
505,193,46,39
510,192,46,39
518,195,42,39
525,196,34,39
545,270,41,42
542,276,41,42
542,276,41,42
540,277,39,38
538,277,38,37
538,277,38,37
534,275,39,38
534,275,38,36
534,277,39,29
532,278,41,27
532,278,41,27
532,278,41,27
534,278,39,27
534,278,39,27
534,278,39,27
534,278,39,27
604,209,41,31
594,205,41,36
586,201,50,41
574,198,57,49
562,199,62,53
550,199,65,49
533,198,67,49
532,199,68,49
527,198,56,46
518,196,52,46
513,195,52,44
508,196,56,43
507,195,59,42
505,195,65,42
506,192,61,42
508,192,58,42
512,192,57,40
513,189,51,42
515,189,49,40
516,188,50,41
517,187,52,41
518,186,53,41
520,185,48,42
523,181,48,46
525,184,46,43
525,185,45,42
526,184,48,44
527,184,50,45
527,186,54,43
529,184,49,44
530,184,49,45
531,184,48,45
532,184,49,44
532,184,49,45
534,184,49,44
534,184,49,44
536,186,47,42
537,186,47,43
537,186,47,43
538,186,48,45
539,187,48,43
540,188,49,44
539,189,49,43
540,189,48,44
540,188,48,44
541,189,47,44
541,190,49,42
541,190,48,42
541,190,48,43
541,190,50,43
542,190,48,43
542,190,48,44
542,189,48,44
542,189,49,44
543,190,48,43
543,189,47,44
543,189,47,44
542,189,47,42
542,189,47,43
543,188,47,43
541,189,48,43
541,188,47,45
541,188,48,44
540,188,49,45
541,189,47,43
540,189,47,45
540,191,46,44
538,190,49,45
539,192,48,44
537,193,47,45
537,186,46,50
536,189,46,46
534,193,46,43
535,193,48,41
535,191,50,41
535,191,54,40
537,189,55,41
539,187,52,43
539,186,56,43
539,185,56,44
540,185,56,44
542,185,54,44
544,185,54,45
545,185,53,44
545,185,50,44
545,184,50,45
545,184,50,45
544,185,51,44
543,185,53,44
542,185,52,45
542,186,52,43
541,186,52,47
540,187,52,46
540,189,52,47
541,192,51,44
540,194,51,45
540,195,51,47
540,197,52,46
540,202,51,44
540,205,55,46
541,209,53,46
542,215,52,42
541,217,52,43
540,220,50,45
537,220,51,45
531,220,49,44
524,214,49,45
512,208,50,42
501,199,50,41
491,188,48,40
480,176,47,38
472,161,46,41
466,145,46,39
458,134,45,38
449,119,45,40
440,109,44,41
433,101,43,39
427,96,41,38
418,92,42,39
411,90,41,38
403,90,42,39
397,92,39,38
389,95,40,37
382,101,39,36
375,109,38,34
363,116,44,37
361,125,40,36
361,126,40,37
360,136,41,37
362,137,40,39
365,152,38,39
369,175,42,40
373,200,39,42
379,225,39,40
384,256,40,40
387,288,42,42
391,323,41,34
391,323,41,34
397,332,40,27
398,313,41,34
396,289,43,38
397,270,41,39
399,254,39,37
398,241,41,36
398,226,41,37
398,215,41,37
398,205,42,37
399,197,39,38
399,192,40,35
400,189,38,35
400,191,39,37
400,198,42,37
400,208,39,38
402,224,40,39
402,244,39,38
403,264,37,42
401,288,39,40
402,312,37,39
402,335,38,33
399,329,37,31
396,312,37,35
397,294,32,37
399,283,25,30
400,270,19,32
400,270,19,32
400,270,19,32
398,223,24,27
398,223,24,27
398,223,24,27
398,223,24,27
398,223,24,27
398,223,24,27
398,223,24,27
398,223,24,27
398,223,24,27
398,223,24,27
398,223,24,27
398,223,24,27
398,223,24,27
384,258,20,26
384,251,18,29
384,245,21,31
383,240,24,33
384,238,25,33
384,236,28,34
383,238,30,34
380,249,29,35
375,268,35,36
369,288,35,37
363,311,35,37
358,332,36,31
358,319,34,35
357,306,35,34
355,294,36,35
353,281,37,35
353,270,37,36
351,262,37,35
351,255,37,35
350,249,36,35
349,246,37,36
349,253,38,39
349,270,40,37
349,292,39,38
352,320,37,37
356,346,34,28
358,336,33,23
365,327,37,27
369,311,39,33
374,297,40,36
378,282,41,40
383,273,41,39
391,262,41,41
395,259,43,43
395,266,47,46
394,284,46,45
391,307,49,46
389,326,46,33
389,326,46,33
389,326,46,33
387,334,43,25
386,322,43,33
387,308,44,41
386,294,47,46
385,285,48,45
386,277,46,46
388,273,44,42
386,269,46,42
386,271,47,46
383,291,45,50
378,319,44,37
378,319,44,37
378,319,44,37
375,329,47,30
375,324,43,33
373,306,44,41
373,291,43,41
371,276,46,45
369,261,50,47
368,253,50,47
366,245,52,45
365,240,54,43
366,237,50,42
364,235,49,43
364,234,49,42
362,235,55,44
363,232,58,43
365,230,62,40
368,223,59,45
371,217,56,46
373,216,56,45
382,210,52,48
387,207,49,50
395,210,45,48
400,214,44,43
405,212,44,45
409,215,43,42
415,214,43,43
418,212,42,43
418,205,45,46
415,201,48,44
416,193,48,45
418,186,46,43
416,182,46,38
412,174,47,41
514,226,46,38
515,222,45,30
511,211,45,29
510,199,45,32
513,187,44,32
517,176,40,34
517,166,38,42
519,159,35,43
522,155,33,46
524,155,31,44
523,157,34,40
521,162,38,36
519,171,42,31
520,178,45,33
518,185,47,30
519,188,47,32
520,192,46,31
521,194,46,31
522,196,49,31
524,200,47,30
526,202,49,30
529,206,56,29
532,207,56,29
535,208,55,30
539,208,52,29
544,209,50,29
548,209,52,29
552,207,44,32
554,206,45,33
557,204,39,35
559,202,34,37
560,200,34,36
560,198,36,35
561,198,39,33
561,198,42,31
560,197,45,31
561,199,47,30
562,200,46,31
560,201,49,32
560,203,48,32
556,204,50,36
559,208,44,36
562,212,40,39
565,219,37,40
569,229,40,35
572,227,36,42
573,223,34,47
571,221,34,50
567,215,35,53
561,211,36,54
552,206,44,52
542,199,53,48
533,193,62,40
530,183,54,34
534,171,61,37
525,155,59,43
530,146,51,39
526,143,48,39
527,134,46,44
528,123,38,42
530,117,33,44
527,120,41,36
524,125,48,29
526,124,43,34
529,124,35,40
529,130,34,42
526,143,44,37
523,155,48,37
530,161,56,43
531,163,61,47
533,167,59,47
533,169,57,46
534,176,65,40
534,179,64,41
535,183,63,39
537,187,60,38
540,191,61,37
540,195,60,35
541,199,58,33
542,204,57,31
545,206,58,30
545,208,52,30
544,209,50,30
544,212,52,28
542,213,51,29
541,215,56,29
539,215,54,29
539,218,52,29
539,220,49,27
538,224,48,27
538,227,49,26
538,231,49,26
537,234,50,25
538,234,50,28
539,235,49,29
540,236,49,28
541,237,47,29
542,237,46,29
543,237,46,30
543,238,46,29
543,239,48,29
543,238,47,29
543,239,48,29
544,238,47,29
544,237,49,28
543,236,50,28
543,236,50,28
543,234,54,28
544,234,50,28
543,234,50,28
544,234,48,27
546,236,47,26
546,236,50,27
548,238,46,26
549,241,46,27
551,246,46,27
551,252,45,27
550,260,44,27
550,266,41,27
547,272,44,30
511,206,46,38
525,206,48,43
536,205,49,46
544,203,48,48
543,201,50,48
488,237,47,36
546,197,52,40
548,192,50,45
550,188,51,50
550,187,51,49
551,185,50,47
552,185,52,48
552,185,51,46
554,185,50,46
555,187,53,44
556,190,51,43
554,192,55,48
553,194,55,45
552,198,52,43
551,199,51,42
549,203,55,42
546,205,57,42
544,206,52,41
543,207,52,42
543,207,52,41
544,206,48,44
545,208,49,44
546,209,49,44
547,206,56,48
548,208,57,46
547,206,56,47
547,209,58,45
544,209,56,43
542,207,58,41
538,203,61,41
535,198,65,38
532,190,69,39
529,182,69,37
528,172,60,40
529,160,61,42
533,150,59,44
534,141,59,41
539,133,59,42
541,128,63,41
545,122,58,43
549,119,57,45
555,118,52,46
559,120,53,47
563,123,55,48
568,129,54,46
573,138,54,43
575,145,62,47
578,152,58,49
581,162,56,49
578,173,60,46
578,182,60,46
570,192,63,45
559,199,70,46
554,205,76,45
556,211,70,44
556,216,67,41
553,217,59,44
551,220,55,39
550,217,51,40
550,215,54,40
550,214,52,40
550,212,53,40
551,211,50,40
552,210,48,41
553,208,45,42
555,207,45,45
557,214,41,39
559,215,42,40
559,219,41,39
561,221,38,38
562,224,37,38
560,224,39,39
559,224,37,38
555,224,37,39
554,223,38,38
552,223,38,37
549,222,39,39
546,221,38,40
541,219,40,40
543,220,36,38
537,218,38,41
536,217,38,40
533,218,40,37
532,216,39,37
529,215,42,40
527,214,44,41
524,215,45,39
521,213,45,40
519,212,45,40
517,213,45,40
514,212,46,41
512,213,45,40
508,212,47,42
505,212,51,41
