216,79,125,222
198,83,152,224
193,81,159,242
198,77,157,236
191,84,168,212
195,84,157,210
194,82,161,212
194,87,154,200
194,80,154,218
193,84,154,201
191,75,158,211
186,62,160,212
186,66,160,223
199,80,145,208
201,64,141,225
208,75,134,211
206,77,135,206
203,75,138,205
201,72,138,197
203,71,140,205
197,69,145,200
204,73,137,206
198,78,141,192
194,76,147,185
194,75,144,193
193,76,147,192
199,76,140,182
186,76,159,186
183,74,155,185
182,72,150,190
185,70,146,188
195,71,133,181
189,71,140,179
196,66,131,182
189,66,136,188
193,62,129,190
196,65,127,190
193,61,123,190
195,62,123,191
191,67,125,181
190,68,124,173
192,70,121,160
184,76,125,145
187,69,119,166
192,58,116,176
188,60,115,174
187,59,115,170
185,56,115,177
187,55,110,178
187,52,113,175
184,58,112,172
186,53,104,174
187,51,106,174
182,60,105,156
184,55,105,166
184,54,110,162
186,55,109,164
184,54,112,159
183,57,110,153
184,55,115,156
187,57,112,158
184,49,111,164
187,53,110,167
183,52,115,157
192,54,106,158
188,59,116,141
190,55,113,149
193,54,114,151
192,54,114,149
191,49,113,148
192,49,114,148
191,56,111,143
195,58,115,144
192,54,114,144
192,59,117,137
193,61,119,137
197,55,115,146
199,54,113,146
198,58,113,142
202,49,113,149
209,54,107,145
208,57,108,136
206,62,110,128
209,67,113,121
210,64,109,123
211,63,108,125
214,65,106,119
212,59,106,128
215,55,105,136
218,48,106,144
223,48,97,141
221,52,104,134
225,64,96,121
228,48,98,137
224,53,100,129
226,51,106,134
224,57,105,122
229,50,97,134
228,53,103,128
234,42,90,140
235,49,93,131
236,41,91,138
238,40,91,135
241,39,89,136
240,39,97,125
240,37,94,126
240,34,94,131
240,39,95,128
243,37,93,122
245,40,91,125
243,33,93,125
243,34,93,124
243,35,93,124
246,34,90,123
245,34,94,123
243,34,96,126
251,35,89,124
250,38,91,119
248,34,92,128
246,36,92,125
244,36,94,121
245,39,91,122
248,35,89,124
252,32,85,130
253,33,84,127
251,35,88,125
252,36,85,123
251,30,83,131
252,34,81,122
254,28,78,124
256,27,76,123
255,29,76,120
251,33,76,119
250,34,80,117
249,37,81,113
248,36,81,121
252,38,75,117
251,40,81,115
251,44,77,109
246,41,81,110
248,40,81,111
243,37,83,113
243,38,89,108
243,37,86,112
239,36,83,101
244,35,79,89
237,39,83,88
239,35,79,103
237,38,86,89
239,39,83,87
240,37,81,95
240,36,85,87
238,39,89,85
240,38,85,91
241,40,83,95
239,37,78,90
243,37,83,84
243,39,78,89
245,36,78,90
242,40,79,81
243,40,74,83
247,37,73,87
246,39,72,79
247,36,75,89
248,35,73,87
250,36,71,92
250,33,69,100
251,34,68,98
252,36,68,96
251,31,72,103
248,34,73,100
254,37,72,92
254,37,69,89
253,41,71,84
253,35,71,92
252,38,72,92
252,35,73,96
253,33,70,98
250,33,73,98
253,27,70,105
251,28,73,99
252,29,72,101
250,29,73,97
253,32,68,92
252,32,68,90
253,30,69,92
253,28,68,95
249,23,65,101
251,20,69,107
251,24,69,96
251,25,68,93
251,31,66,88
253,30,67,92
253,29,67,95
252,28,68,96
252,26,67,100
250,28,67,94
251,25,65,96
252,21,66,99
253,21,63,101
254,18,64,101
253,18,63,104
252,20,63,101
248,22,64,99
250,16,63,104
251,17,61,102
251,16,60,101
250,18,62,100
247,18,59,99
249,17,60,98
248,15,59,94
247,16,60,101
246,17,59,95
246,15,60,97
248,12,58,101
247,15,58,93
243,16,59,90
247,16,56,92
243,15,62,87
244,16,54,87
240,12,59,95
243,14,54,93
245,14,54,95
246,14,53,89
246,11,48,91
244,15,53,86
240,14,56,86
246,14,51,87
234,17,58,82
240,15,51,80
241,14,53,85
243,18,54,82
239,12,54,89
241,13,54,91
234,15,63,87
235,17,58,82
240,13,54,93
237,15,58,83
236,15,59,89
243,13,51,88
247,10,46,91
246,11,45,90
249,10,40,89
249,10,41,94
250,9,40,89
251,10,40,83
251,8,41,89
253,10,40,82
255,8,37,82
256,8,38,91
257,8,38,90
260,7,36,94
260,9,36,89
262,9,36,90
264,7,36,94
259,6,41,98
267,7,31,93
267,8,34,92
266,10,34,91
271,10,31,86
269,9,32,84
268,10,34,85
268,11,34,86
265,9,36,89
264,10,39,90
270,9,32,83
268,10,32,86
265,10,36,88
267,10,34,85
268,12,37,84
267,10,33,89
268,11,34,88
265,10,35,88
265,11,37,89
268,11,33,83
266,10,39,86
267,9,32,82
264,12,38,82
267,8,40,86
265,10,49,87
264,12,50,88
266,9,42,87
263,9,49,86
265,9,50,89
266,7,45,89
267,10,40,85
266,10,40,86
266,9,38,87
266,11,40,80
267,11,37,84
267,9,40,88
268,9,39,83
265,8,43,89
268,8,42,88
266,7,43,87
266,9,48,85
266,12,54,84
263,19,61,76
265,11,63,84
264,21,61,72
265,21,62,71
265,22,62,72
266,24,62,70
263,24,64,68
262,26,66,68
269,23,58,71
266,23,60,70
272,8,55,84
270,10,57,82
272,11,56,81
272,15,57,78
273,10,54,83
269,20,59,74
278,23,51,68
274,21,54,71
276,21,53,72
281,14,45,79
278,13,50,80
279,8,50,85
284,6,42,87
281,8,48,87
280,9,49,84
279,9,52,84
283,7,50,85
283,9,48,83
284,7,48,84
283,8,48,85
286,10,48,83
286,8,45,84
288,14,45,79
288,12,46,79
288,11,48,81
287,14,51,81
289,17,51,74
288,18,53,75
286,15,54,83
284,22,58,76
284,22,58,76
286,17,54,81
288,21,53,77
287,23,55,76
284,24,60,73
288,22,56,75
285,25,62,71
291,18,51,79
297,17,50,78
303,8,43,88
305,9,43,86
305,11,43,86
306,13,44,83
305,13,43,83
305,14,43,83
305,13,44,83
305,15,45,79
306,11,44,84
306,9,44,86
305,10,43,85
305,9,44,88
307,10,43,86
307,9,42,88
309,10,41,88
310,10,37,83
309,8,41,89
307,9,42,86
309,9,38,89
309,7,39,89
310,7,38,88
310,8,35,87
311,8,36,89
311,8,34,81
310,8,34,83
312,8,34,87
310,8,38,94
310,8,39,91
309,7,38,93
309,10,39,88
310,9,36,85
308,9,38,87
307,12,34,80
309,9,32,78
309,10,30,74
309,8,30,78
307,9,34,81
307,11,37,78
304,11,38,80
305,11,38,83
306,9,42,91
306,10,43,92
306,9,42,90
302,9,46,91
304,9,46,88
301,10,52,92
300,8,51,93
298,12,55,91
296,9,55,90
298,10,54,87
295,10,59,92
293,12,58,87
294,12,58,86
292,13,57,82
291,12,57,87
290,15,59,86
287,15,59,84
289,14,56,81
284,15,57,85
287,13,56,84
285,15,55,87
286,12,56,89
283,14,54,86
283,14,55,86
283,15,51,86
280,13,56,87
279,15,55,78
278,16,54,80
274,15,57,82
273,17,57,75
274,15,54,81
277,14,52,84
273,16,54,78
272,14,54,82
270,16,56,76
271,17,54,80
268,15,56,83
267,17,60,80
265,19,63,81
269,17,59,80
266,16,57,83
270,17,52,82
271,11,45,88
271,11,45,90
272,11,43,89
268,13,46,91
271,12,42,89
268,12,43,89
267,15,44,88
267,16,54,89
268,17,60,89
266,13,59,94
264,14,65,91
264,16,58,89
262,17,64,88
265,17,63,89
265,18,56,88
267,11,40,90
270,12,42,91
269,13,37,86
270,13,34,86
270,12,34,88
269,13,36,86
269,16,34,81
271,17,38,81
269,12,40,86
267,11,46,89
262,9,51,91
265,12,48,88
266,9,53,93
264,10,49,91
262,9,51,94
267,10,51,93
264,8,51,90
264,10,53,91
262,13,51,81
264,14,55,85
266,11,43,86
264,11,54,88
265,9,50,90
263,11,53,86
266,10,49,88
264,7,43,87
266,8,41,86
266,11,42,88
264,10,44,85
269,7,40,87
269,8,40,87
269,9,41,85
267,10,43,88
268,9,51,88
267,11,57,84
265,19,61,74
267,21,61,73
265,23,61,69
264,22,62,70
266,24,62,70
265,23,60,69
268,20,58,72
269,19,57,74
272,10,54,84
271,14,56,78
273,13,55,79
274,9,53,83
273,16,56,77
276,14,51,78
275,9,53,85
276,9,50,86
281,6,46,87
280,6,44,85
278,7,51,89
279,14,46,78
282,16,48,78
281,12,50,81
283,12,50,79
282,15,49,77
284,11,49,82
282,13,50,81
286,14,48,79
287,12,48,82
286,12,47,87
287,12,48,85
285,15,50,82
287,12,51,83
286,14,50,85
285,21,52,76
286,21,52,78
284,21,57,80
287,15,51,87
286,14,52,87
286,17,52,83
283,18,55,83
282,20,54,83
282,19,56,85
282,19,56,85
279,24,59,80
279,21,56,84
282,17,54,86
281,21,54,83
276,23,60,84
276,22,59,84
276,25,58,82
277,17,57,89
276,16,56,91
275,22,55,84
274,21,54,86
273,22,56,85
269,24,58,84
267,24,61,87
268,25,61,85
264,24,62,86
263,25,63,84
263,28,62,84
263,25,61,84
266,22,57,88
262,27,60,84
261,28,59,84
260,27,63,85
262,29,58,82
257,30,62,81
259,25,57,86
261,27,57,83
259,23,57,88
256,26,60,83
258,30,60,80
257,30,59,82
259,17,54,93
256,16,56,96
255,19,52,94
254,16,58,95
257,14,55,99
259,12,52,106
254,13,59,101
257,20,56,95
254,17,56,97
259,16,53,98
257,17,54,99
255,16,59,97
255,25,61,94
256,19,58,100
249,19,64,100
251,16,65,103
258,19,57,99
259,15,54,106
260,14,55,108
256,16,58,104
262,15,54,103
260,13,57,106
261,17,57,107
263,17,55,105
257,17,59,106
262,16,59,105
265,12,56,111
265,14,57,112
264,17,59,110
262,14,61,112
265,17,62,110
264,19,62,106
265,16,58,110
264,15,60,113
265,15,59,118
261,22,65,109
265,27,59,103
264,28,61,102
263,27,62,103
262,33,67,97
261,30,69,100
264,30,61,103
264,33,66,99
266,31,63,103
265,22,63,112
267,28,63,108
266,26,63,110
267,27,62,107
265,32,64,105
268,29,63,108
264,35,65,103
268,23,64,113
265,27,66,114
267,25,64,115
264,29,68,108
265,23,63,117
261,30,70,112
267,24,65,118
267,22,68,122
263,27,71,115
264,24,73,119
265,28,71,116
269,27,68,118
266,28,71,115
269,30,72,115
267,27,71,120
267,28,71,118
267,33,70,114
266,31,73,115
269,34,73,112
267,30,74,120
269,36,73,117
269,29,72,122
266,36,74,112
266,33,76,119
265,37,79,114
266,30,75,121
266,25,75,128
270,29,74,123
268,26,73,125
267,34,76,121
266,30,78,125
266,35,82,122
264,30,85,127
266,32,79,126
266,41,84,118
264,35,86,126
262,27,82,135
268,35,78,124
266,31,80,128
263,33,79,131
262,30,81,128
262,36,79,127
262,30,86,128
262,30,80,133
261,35,81,127
261,36,81,127
261,35,81,127
262,36,80,128
262,35,79,128
262,35,80,129
261,33,81,136
260,34,80,131
261,50,85,121
259,35,82,125
260,43,85,131
260,33,83,140
259,41,83,130
259,42,82,127
256,34,85,140
258,36,82,138
258,36,83,138
260,35,79,139
253,40,86,138
256,37,85,137
258,44,85,137
257,35,81,146
256,36,84,146
257,40,81,143
258,37,83,141
253,42,85,145
253,36,86,147
254,36,86,150
251,38,88,151
254,38,88,151
254,37,91,149
255,41,88,151
254,36,88,155
252,35,84,159
251,35,92,160
250,41,92,153
252,36,88,161
249,40,92,158
251,38,89,159
250,36,91,165
252,39,87,162
248,36,90,165
246,38,94,164
245,42,94,160
241,45,99,157
245,43,96,163
241,47,95,157
245,42,94,161
239,57,96,151
241,46,98,148
238,53,98,156
239,41,98,155
238,45,99,165
239,44,97,169
235,48,99,169
236,44,97,172
240,48,95,171
238,48,102,173
235,44,100,175
241,43,94,177
235,51,105,171
236,45,99,180
238,51,96,176
239,44,101,185
240,39,103,190
235,41,101,189
239,51,97,182
237,43,100,188
239,50,100,184
237,45,103,188
239,44,101,192
240,43,104,195
242,47,104,192
237,48,109,190
239,53,104,190
232,47,114,197
235,46,110,198
237,46,111,203
230,43,113,206
235,51,110,204
235,52,110,202
233,47,106,205
237,48,108,203
232,43,117,212
233,52,111,206
229,52,112,203
225,51,115,213
225,51,112,212
228,51,117,214
225,52,120,217
228,60,112,210
222,51,120,219
225,57,120,216
219,54,128,226
221,52,125,225
220,57,121,221
217,56,127,227
216,49,124,235
217,56,135,231
216,58,127,224
217,55,132,219
213,59,133,211
214,59,136,215
214,64,134,234
206,59,139,237
207,62,146,237
208,61,138,243
201,50,145,253
199,57,137,243
199,61,143,240
189,65,154,247
182,66,160,246
188,68,153,246
188,62,153,254
190,72,155,248
176,95,162,232
180,99,158,223
181,80,149,243
177,106,159,219
176,117,152,193
192,95,144,181
174,124,152,192
177,107,148,193
180,120,144,181
178,113,146,178
172,130,147,160
171,120,147,169
164,132,151,167
165,133,150,162
163,137,151,162
158,139,158,161
155,138,155,158
154,138,155,160
150,140,154,162
149,144,156,152
140,144,159,158
143,144,169,160
133,151,170,160
138,141,164,166
134,149,163,161
130,150,166,157
129,154,165,160
123,158,164,161
115,157,175,161
115,164,166,158
116,168,171,157
108,172,172,158
105,171,177,169
102,175,174,162
99,177,180,168
88,180,191,168
87,182,189,163
81,182,193,167
84,181,195,167
84,187,193,164
69,186,209,170
58,189,217,164
61,191,217,162
63,189,218,167
62,198,215,164
60,194,218,168
78,192,194,150
92,197,183,162
97,197,176,155
92,204,178,154
96,204,172,155
105,211,164,148
104,210,167,153
115,215,160,142
119,216,155,143
127,223,153,138
135,220,150,140
125,217,163,139
140,223,157,128
144,223,157,135
150,226,158,129
147,234,169,123
148,236,173,121
152,240,180,119
154,240,174,116
157,236,180,122
156,251,189,110
154,257,191,103
161,256,193,100
160,252,194,109
165,250,191,107
163,253,195,109
176,259,187,100
175,258,196,102
175,254,199,106
174,259,203,99
178,258,202,100
181,260,200,100
180,257,206,100
180,266,210,93
187,251,199,106
190,260,202,98
188,266,205,94
186,271,203,88
189,263,207,96
185,267,205,90
195,264,203,97
198,267,202,96
198,265,202,94
194,265,207,97
194,265,207,97
196,260,205,98
198,254,200,106
194,246,202,112
196,249,202,109
193,251,200,110
192,256,207,103
188,258,208,100
187,263,211,97
185,263,215,98
185,260,214,96
186,263,215,94
183,274,217,88
181,271,224,90
178,262,227,99
185,262,218,95
180,267,225,90
175,266,231,95
179,269,227,96
180,268,226,95
185,271,223,89
171,269,235,88
168,276,242,81
167,276,250,81
168,278,247,83
171,273,238,87
167,275,242,81
168,273,240,85
165,268,251,87
162,276,249,85
162,273,246,87
160,278,253,85
161,279,254,84
162,277,250,84
156,277,253,84
163,282,256,86
154,276,264,82
148,276,269,83
148,287,269,74
134,277,278,82
129,287,289,74
134,289,288,68
145,295,279,70
167,300,256,60
199,270,241,86
171,265,258,91
153,306,269,54
177,270,265,86
154,299,268,61
172,276,264,82
133,306,286,58
161,279,255,77
142,275,271,83
133,288,284,72
131,269,281,86
121,285,286,72
141,268,269,96
144,272,270,85
140,271,271,90
140,275,266,87
137,287,269,74
147,260,259,95
145,258,273,103
146,270,255,93
149,276,264,83
160,270,257,91
147,274,263,86
146,283,264,78
149,269,255,92
152,280,256,84
157,272,256,87
139,272,274,88
144,289,266,71
159,269,251,89
149,263,264,101
136,280,277,80
141,281,282,75
146,286,273,75
152,290,258,74
152,279,260,75
142,277,265,84
141,282,274,77
152,271,262,88
141,274,268,85
156,287,255,73
144,287,265,74
138,272,273,84
141,275,266,85
139,276,267,88
145,272,261,84
145,265,263,94
147,279,264,81
139,281,274,81
142,278,266,88
139,281,267,73
130,292,270,69
118,297,279,56
120,306,278,56
121,306,268,53
126,301,256,57
120,293,247,67
110,257,247,93
74,238,273,114
56,243,276,114
36,246,292,108
7,265,318,103
6,265,314,93
2,273,321,88
19,264,305,102
26,264,284,100
18,262,278,94
8,255,283,105
0,246,279,114
-2,237,271,120
0,217,258,139
10,209,248,150
16,200,226,156
12,189,220,167
3,186,206,171
9,159,190,192
5,178,172,175
14,204,146,155
14,204,146,155
-33,215,129,156
-14,12,106,168
-81,214,112,155
-20,-12,127,118
-22,8,141,96
-31,115,141,117
-22,177,133,105
-22,177,133,105
-22,177,133,105
-22,177,133,105
-22,177,133,105
-22,177,133,105
-22,177,133,105
-22,177,133,105
-22,177,133,105
-22,177,133,105
-22,177,133,105
-22,177,133,105
-22,177,133,105
-22,177,133,105
-22,177,133,105
-22,177,133,105
-22,177,133,105
-22,177,133,105
-22,177,133,105
-22,177,133,105
-22,177,133,105
-22,177,133,105
-22,177,133,105
-22,177,133,105
-22,177,133,105
-22,177,133,105
-22,177,133,105
-22,177,133,105
-22,177,133,105
-22,177,133,105
-22,177,133,105
-22,177,133,105
-22,177,133,105
-22,177,133,105
-22,177,133,105
-22,177,133,105
-22,177,133,105
-22,177,133,105
-22,177,133,105
-22,177,133,105
-22,177,133,105
-22,177,133,105
-22,177,133,105
-22,177,133,105
-22,177,133,105
-22,177,133,105
-22,177,133,105
-22,177,133,105
-22,177,133,105
-22,177,133,105
-22,177,133,105
-22,177,133,105
-22,177,133,105
191,14,124,140
191,14,124,140
191,14,124,140
191,14,124,140
235,3,89,140
248,5,70,148
239,5,77,149
246,3,75,155
235,4,74,150
244,3,71,146
244,3,71,146
248,3,70,162
249,1,60,159
244,31,77,129
244,29,63,146
242,7,71,160
235,2,78,174
231,5,76,177
230,0,81,183
222,1,85,180
219,3,87,196
217,5,89,181
208,4,99,190
214,29,86,177
211,42,79,168
209,26,72,187
226,0,47,180
225,1,46,183
287,0,48,170
226,-14,54,174
172,22,60,164
