254,93,57,75
253,93,58,71
252,91,59,74
252,93,58,76
252,91,59,76
252,92,59,77
251,92,59,77
251,93,60,75
252,97,57,75
252,92,60,77
252,97,61,74
254,94,59,77
253,96,61,77
254,93,60,77
251,97,60,75
251,94,61,75
254,92,62,79
258,89,59,81
261,91,58,77
263,90,60,76
263,89,61,79
265,89,59,78
264,90,59,80
264,90,61,81
264,92,62,84
264,93,61,82
264,96,64,84
265,95,63,84
266,96,60,85
266,94,66,87
267,98,62,85
267,101,59,81
264,103,61,81
260,105,66,79
255,106,70,79
251,106,74,81
245,110,79,77
242,110,79,78
238,114,78,75
234,116,78,74
232,116,74,76
230,117,72,73
225,120,76,72
228,120,67,71
229,117,67,75
227,119,68,74
223,120,77,72
224,117,76,75
228,119,75,70
228,119,78,70
234,121,72,67
238,121,69,70
243,122,68,68
247,125,67,66
252,125,66,64
254,124,68,68
260,129,65,64
268,131,59,65
270,132,61,66
274,131,60,66
283,135,53,64
282,136,58,65
284,135,58,62
289,137,54,62
293,136,49,60
290,138,54,61
296,136,49,61
291,137,55,60
295,136,49,60
296,136,49,59
297,136,48,60
298,138,47,59
293,139,53,59
298,138,47,60
298,142,47,59
299,138,47,61
297,139,50,60
294,140,54,60
299,142,47,60
295,142,50,61
292,143,53,60
291,141,55,61
291,139,56,65
289,141,58,62
288,140,57,65
290,138,57,67
290,139,59,65
292,140,58,65
293,139,59,64
293,141,61,65
293,143,60,62
296,142,58,63
297,141,60,65
297,141,60,66
298,141,61,66
298,141,63,68
299,142,62,65
301,142,62,67
304,143,60,62
304,144,60,63
305,142,61,64
306,140,62,65
308,140,63,65
308,139,64,66
311,139,64,67
311,140,61,62
312,140,62,61
312,141,65,62
315,141,64,63
316,140,63,63
314,141,63,60
315,141,64,61
319,142,61,56
315,140,63,60
316,139,63,61
315,140,61,60
315,141,63,56
312,141,66,58
311,140,65,55
312,141,66,55
313,139,62,57
309,138,66,55
311,139,63,55
312,141,61,52
310,140,63,53
310,140,63,52
310,139,63,53
308,141,66,52
307,143,63,47
310,144,63,47
312,144,63,47
313,145,62,46
313,147,62,43
310,149,63,40
312,150,64,41
313,148,63,43
312,147,62,42
314,149,62,41
315,150,61,39
317,150,60,38
317,151,61,38
319,151,60,39
321,152,60,40
323,152,61,40
327,152,58,42
329,152,61,41
332,153,61,41
334,153,60,40
335,153,62,42
337,153,60,41
337,152,62,42
339,153,57,41
337,151,59,42
339,151,56,45
341,153,55,41
340,152,57,42
341,152,59,41
341,152,58,43
342,154,58,40
342,151,58,43
342,152,59,41
343,152,59,42
343,152,60,42
345,151,58,44
344,152,59,41
344,152,61,41
345,151,60,44
346,152,61,43
348,152,60,44
347,152,62,43
349,152,62,46
350,151,62,46
350,153,61,44
352,153,59,43
353,152,60,46
353,152,61,46
353,151,64,48
354,149,63,50
356,150,62,56
357,150,59,61
357,151,62,59
362,152,57,52
360,153,61,47
359,152,63,49
361,154,62,48
359,153,63,50
360,153,62,49
360,155,63,51
363,156,57,52
360,156,60,52
356,156,63,55
357,157,63,50
356,157,65,51
354,157,65,55
353,156,65,57
350,157,67,58
349,158,68,63
351,157,64,70
352,160,62,70
351,159,63,71
353,162,60,69
353,163,59,66
353,165,60,68
353,165,58,65
353,167,58,68
354,168,58,64
353,168,58,66
354,169,59,66
353,168,60,68
353,168,62,67
356,170,57,65
356,169,57,64
355,170,59,65
357,171,57,65
356,171,58,68
357,172,58,68
358,172,59,70
358,174,61,75
361,173,59,84
361,174,60,99
367,171,54,85
370,176,56,68
369,177,70,64
372,177,56,51
374,178,54,46
376,178,53,45
375,179,55,45
377,181,55,44
378,181,51,43
376,181,53,45
376,183,52,44
372,183,53,45
372,184,52,48
371,185,51,43
370,185,49,43
368,187,48,41
365,186,48,41
363,185,50,44
361,185,48,44
358,185,49,43
357,184,47,43
355,185,49,44
355,185,45,42
354,184,46,44
355,184,46,44
354,184,46,43
351,184,46,40
349,184,45,43
348,185,43,43
344,186,46,43
343,187,43,41
341,188,42,41
337,187,43,41
336,187,42,42
335,187,42,40
335,187,41,40
335,186,41,41
334,185,40,42
333,186,41,40
333,186,40,40
334,185,38,39
330,185,41,39
329,185,42,38
328,186,42,39
332,185,36,37
330,184,37,38
327,183,38,39
328,183,36,37
327,182,35,36
325,181,34,39
322,181,36,38
320,180,38,41
320,179,36,48
318,179,37,41
317,179,39,39
318,179,38,39
320,178,35,47
319,177,35,45
318,176,36,44
318,176,35,43
316,175,37,44
316,175,37,41
319,175,34,41
317,175,34,39
316,175,33,39
314,175,35,37
313,174,35,38
311,174,35,36
311,174,34,37
311,173,32,37
311,173,32,36
312,173,31,37
312,172,30,36
315,175,32,41
313,171,28,47
313,169,24,47
314,169,21,50
315,168,22,50
316,168,22,50
315,169,23,49
316,168,23,50
314,167,25,43
316,168,24,38
312,167,28,38
312,168,29,38
310,167,31,38
306,167,35,40
305,166,36,40
303,165,38,39
300,166,39,39
300,164,39,39
295,164,43,40
293,163,45,40
292,162,46,42
292,162,46,42
292,162,46,42
292,162,46,42
292,162,46,42
292,162,46,42
292,162,46,42
292,162,46,42
292,162,46,42
292,162,46,42
292,162,46,42
292,162,46,42
292,162,46,42
292,162,46,42
292,162,46,42
292,162,46,42
292,162,46,42
292,162,46,42
281,161,53,40
278,162,58,39
277,164,59,39
276,165,60,39
277,165,58,38
275,166,59,37
276,167,59,36
277,167,57,36
277,167,57,36
277,167,57,36
277,168,58,36
277,168,58,36
277,168,58,36
278,168,61,36
280,168,59,36
280,170,60,35
283,170,58,36
283,169,59,38
283,171,60,36
285,170,59,36
289,171,59,36
289,171,59,36
289,171,59,36
289,171,59,36
289,171,59,36
289,171,59,36
289,171,59,36
289,171,59,36
289,171,59,36
320,169,60,36
322,169,62,35
323,168,65,36
327,169,63,36
331,169,61,36
334,169,63,37
338,169,61,36
344,169,59,36
346,169,61,36
348,169,65,36
350,170,65,35
354,171,63,35
357,172,61,35
358,172,63,36
359,171,61,37
363,170,60,38
366,171,57,38
368,170,59,38
370,171,59,40
372,171,60,39
374,170,60,39
379,171,56,39
379,170,59,39
383,169,60,40
387,169,57,39
391,169,57,38
394,169,57,39
398,169,59,40
402,168,57,40
405,169,59,41
409,169,59,40
415,167,58,43
417,169,60,40
423,168,60,41
426,168,59,42
429,168,60,44
432,168,60,44
435,169,59,44
436,169,61,44
438,167,61,46
439,170,62,44
443,169,62,45
446,169,62,46
449,170,61,46
450,169,63,46
451,170,64,46
456,168,62,50
462,166,58,49
464,165,58,50
462,166,63,51
464,165,62,47
465,163,63,50
466,164,66,50
472,164,61,48
473,164,60,50
474,164,63,49
473,162,67,54
476,165,66,50
477,165,69,47
481,166,67,49
487,166,64,51
489,165,64,50
491,165,65,49
495,164,67,51
497,161,67,51
499,162,66,50
508,162,61,51
510,163,62,49
513,163,63,49
514,163,61,48
512,161,65,51
513,160,68,52
514,161,70,52
517,161,70,50
520,159,69,54
522,159,71,52
526,159,70,52
530,159,69,50
532,160,73,50
539,160,69,48
541,161,72,47
544,159,71,50
547,160,73,52
550,159,74,52
554,159,73,50
557,158,73,51
564,157,69,51
561,157,72,50
562,156,73,51
567,156,71,50
567,156,73,52
571,154,75,54
570,155,74,54
578,155,70,52
581,156,69,50
583,155,71,53
589,154,69,58
591,155,69,53
594,157,69,53
594,157,73,52
594,158,73,50
596,157,72,53
602,156,68,53
601,154,67,54
599,152,68,52
601,150,68,51
598,148,70,52
598,145,68,51
598,143,67,50
597,141,65,50
594,139,70,50
591,138,70,51
592,137,70,50
592,133,69,52
590,131,70,52
594,127,69,52
591,123,71,51
591,121,71,50
593,117,71,51
591,114,69,48
593,109,68,54
590,107,70,50
592,103,71,50
593,100,69,53
599,98,63,49
592,93,72,51
593,89,67,50
591,86,72,52
591,84,68,52
594,80,66,50
591,77,70,49
591,74,70,51
589,70,69,50
589,68,68,51
588,64,68,51
590,62,66,48
591,57,63,50
588,55,64,50
587,53,66,49
587,50,65,51
587,48,63,50
581,46,68,49
583,45,66,50
583,43,66,50
583,43,66,52
582,41,66,53
582,41,66,54
580,41,68,52
582,40,64,53
583,39,63,54
581,39,65,53
581,40,68,54
584,39,66,52
585,40,65,51
583,39,65,52
586,40,63,53
588,40,62,54
586,39,63,54
587,40,63,53
588,40,63,53
588,41,60,53
588,41,58,53
586,42,57,52
585,40,57,54
582,42,58,50
580,42,58,52
578,42,58,52
576,43,58,49
574,44,59,50
570,43,61,51
567,43,61,49
564,44,61,50
563,44,59,50
560,44,59,51
554,45,61,50
550,45,61,52
544,46,63,51
540,47,61,51
535,46,61,50
530,48,61,50
526,49,59,49
521,50,60,50
520,52,56,48
515,51,58,49
508,53,61,47
504,53,62,49
501,54,62,48
499,54,58,49
497,54,58,49
493,54,59,49
489,54,60,50
485,54,59,48
483,55,58,47
482,54,56,47
474,54,61,48
473,53,59,47
467,54,62,49
467,55,60,47
464,55,61,45
464,55,58,46
459,55,62,47
458,56,59,48
458,57,59,46
455,57,58,47
454,57,58,50
451,57,58,47
452,57,54,49
451,58,56,48
451,58,55,44
450,59,55,45
450,59,54,45
450,58,51,47
451,60,50,46
448,60,55,46
447,60,55,45
449,63,52,41
452,62,49,42
454,63,49,43
454,63,48,41
455,65,46,39
457,65,46,40
457,65,45,40
456,65,44,40
455,65,42,38
454,65,43,39
454,65,43,40
456,65,40,40
455,65,39,37
457,65,36,36
456,64,36,37
453,64,38,37
455,64,35,38
455,64,33,36
455,64,34,38
453,64,34,37
454,64,33,39
452,63,32,43
454,64,32,43
454,64,29,39
457,66,23,35
457,67,22,35
457,69,21,36
457,70,20,36
458,72,22,37
461,74,20,36
461,74,21,35
460,74,24,37
459,75,24,37
460,76,25,37
458,78,28,35
456,79,29,37
457,82,30,35
457,84,29,39
455,85,32,40
454,87,35,36
454,88,34,37
454,89,34,35
454,90,36,35
453,91,36,34
453,92,36,34
451,93,38,34
450,94,36,32
451,95,34,33
447,94,36,33
446,95,35,31
445,95,36,31
445,94,35,32
443,94,35,32
440,95,39,32
439,92,38,32
437,91,42,33
439,90,36,32
437,87,40,36
436,87,41,34
433,86,44,38
432,85,46,34
432,84,44,34
431,84,44,33
430,85,45,34
430,85,45,33
431,84,44,34
432,84,41,33
430,84,45,33
429,86,46,34
429,86,45,34
429,86,45,34
428,85,47,39
428,86,48,45
428,86,50,52
430,86,48,45
428,84,52,54
431,84,49,55
434,83,43,48
432,82,47,55
434,81,44,52
433,79,49,57
434,78,47,50
433,78,48,44
433,78,48,35
436,77,46,35
435,78,46,33
437,78,46,33
436,78,47,35
436,77,47,35
436,76,48,36
435,77,47,35
435,76,46,38
436,76,47,38
435,75,47,35
435,76,48,36
435,76,47,35
435,76,48,35
433,77,51,37
434,78,49,36
433,78,52,34
435,78,50,35
434,78,49,37
435,79,50,36
435,78,51,37
436,78,52,39
437,78,52,40
439,80,52,38
438,79,52,44
440,82,50,37
440,82,50,41
440,82,52,42
440,83,54,43
437,84,54,39
437,83,53,46
438,83,54,43
437,83,56,42
437,82,55,47
437,82,55,47
438,82,55,43
439,82,54,39
439,81,53,37
439,82,55,38
438,81,56,39
440,81,54,37
442,80,53,38
441,79,55,39
442,79,54,40
442,77,56,41
440,77,59,41
440,75,58,41
441,74,57,40
441,73,56,41
441,72,56,41
440,71,56,42
440,69,57,43
440,67,57,46
439,65,58,45
440,64,56,47
441,64,57,46
441,63,57,44
443,61,55,46
444,62,56,44
445,61,57,46
446,60,57,44
447,58,58,46
449,58,58,46
451,57,58,46
453,57,57,44
453,56,56,45
454,55,57,47
455,55,56,44
453,54,58,46
453,53,54,48
452,55,54,44
449,54,56,47
447,52,56,48
446,53,57,46
442,52,56,48
439,52,59,47
436,52,58,49
433,52,58,48
431,53,58,46
427,53,59,46
424,52,58,46
421,52,58,46
418,52,60,46
415,52,60,45
415,52,59,45
411,52,59,45
407,51,60,47
405,51,57,45
399,50,59,47
396,50,59,44
391,49,59,48
388,49,60,45
387,50,58,45
385,50,57,46
383,49,58,48
380,50,58,45
378,49,57,48
376,48,59,47
373,48,58,48
370,47,59,48
368,47,59,51
364,46,60,47
361,48,59,46
358,46,59,49
355,45,60,49
351,45,59,48
349,46,56,48
346,46,56,45
343,46,57,48
340,46,58,47
337,45,58,45
335,45,57,47
330,44,58,47
326,44,61,47
322,42,61,48
319,43,59,46
315,43,59,47
313,43,58,44
308,43,57,43
304,44,61,43
300,43,54,44
295,42,57,43
293,42,55,44
287,41,57,45
283,41,59,48
280,42,58,46
277,42,59,47
273,41,60,45
269,42,62,45
267,44,60,44
263,44,60,44
259,44,61,46
255,44,60,48
251,45,59,47
248,46,57,48
242,45,60,51
239,47,57,49
235,46,57,47
230,46,57,48
226,47,58,48
221,47,60,46
219,47,60,49
214,47,61,49
212,46,59,47
207,46,62,48
204,47,59,49
201,46,58,48
199,46,59,52
196,46,58,49
192,44,58,51
187,45,62,48
186,45,56,48
183,44,59,48
178,44,57,51
177,44,59,49
172,44,57,50
167,44,60,48
162,44,60,48
158,44,61,46
153,43,61,50
150,43,57,54
144,43,57,48
139,42,58,50
134,41,58,52
132,40,57,50
127,39,58,47
122,37,56,50
118,37,60,50
114,37,60,48
109,37,61,48
106,36,59,50
101,37,59,48
95,36,58,51
92,36,57,50
88,37,57,54
81,36,60,58
76,38,60,51
72,37,59,53
67,39,60,52
64,38,60,52
59,39,62,50
57,40,59,49
54,40,57,50
52,38,58,52
49,38,59,52
48,38,56,51
47,37,60,49
46,37,58,52
45,37,58,48
45,37,58,50
44,37,58,51
45,38,59,51
45,38,57,52
43,38,56,50
44,40,57,50
41,40,59,52
41,40,56,47
40,41,60,54
39,43,60,49
40,42,55,51
41,44,57,51
40,43,55,48
41,45,56,48
40,44,58,49
39,46,58,50
43,45,56,49
39,46,57,52
39,47,58,48
39,49,58,50
39,50,60,52
38,49,58,48
38,50,60,51
39,51,57,54
38,52,57,51
41,55,55,48
40,56,58,47
39,55,58,51
38,57,59,52
41,57,57,56
43,59,59,49
41,59,57,52
44,60,60,48
45,61,55,50
46,61,58,53
47,61,57,50
47,62,57,53
49,64,57,45
48,63,55,46
49,63,57,50
52,64,56,46
51,64,57,49
53,64,56,46
53,65,55,48
53,64,55,48
55,64,56,47
54,66,55,48
57,66,55,43
59,67,53,44
58,67,53,43
57,66,55,46
58,67,55,44
59,67,54,44
58,67,54,43
57,68,55,42
60,69,51,40
57,69,54,41
57,70,54,41
58,69,53,41
58,69,54,43
57,70,55,41
59,70,51,43
59,70,52,41
59,71,53,40
57,70,56,43
60,71,52,40
60,72,53,41
57,73,54,40
58,75,53,41
57,77,54,39
58,79,52,38
58,81,52,41
57,82,53,39
56,84,54,44
57,86,54,41
56,89,55,41
54,90,57,38
56,91,56,40
56,92,56,43
58,96,54,38
60,97,53,40
59,99,54,38
60,102,55,38
60,104,54,40
59,107,58,36
59,110,57,35
62,113,55,36
62,116,56,39
62,118,55,36
62,121,57,40
62,125,57,40
62,126,58,42
64,129,57,41
65,131,59,41
68,134,57,40
72,137,59,36
72,139,57,38
76,142,56,36
77,144,58,34
79,146,57,36
80,147,55,33
79,149,57,36
78,151,59,35
80,153,55,36
79,155,56,36
79,157,55,37
80,160,54,37
80,162,54,37
79,166,55,38
79,168,54,39
78,171,56,40
78,175,59,38
79,179,58,37
80,181,57,39
79,184,56,40
79,187,56,40
79,190,54,42
78,193,55,41
78,196,56,38
78,199,56,41
77,202,59,41
76,206,60,41
79,209,56,49
80,212,55,48
81,215,56,50
80,218,54,50
78,221,56,43
77,223,57,44
80,226,55,45
83,230,52,40
84,232,52,40
85,235,48,43
81,237,54,43
83,241,53,41
82,243,51,42
79,245,55,42
77,248,55,39
77,250,55,39
77,253,52,39
76,254,55,40
76,256,53,37
78,258,53,36
77,259,52,39
77,260,53,41
78,261,53,40
80,261,51,37
79,263,51,40
81,264,52,38
81,264,52,39
82,266,53,37
82,264,55,38
85,265,53,38
88,265,52,39
89,265,52,41
90,266,53,36
92,265,53,40
93,264,52,40
95,264,52,40
96,265,55,38
100,265,55,38
104,264,56,41
111,264,51,36
109,265,57,39
111,265,60,37
118,264,58,36
120,264,61,36
128,263,59,36
132,262,59,36
138,261,58,37
145,260,58,38
152,260,58,37
159,260,57,38
160,259,65,41
170,259,62,44
176,259,63,39
176,258,68,38
188,258,65,41
198,258,59,43
204,259,62,47
209,259,66,51
216,258,66,55
224,259,66,52
233,259,61,44
238,259,63,44
240,260,68,43
247,260,67,41
250,260,69,41
251,258,72,43
257,257,70,43
264,257,68,43
268,256,70,49
275,256,68,43
280,258,67,41
288,257,65,42
292,258,67,42
298,259,63,40
304,259,64,41
309,258,63,43
315,256,64,47
319,255,65,44
321,253,67,44
324,253,71,44
328,252,67,43
331,252,68,42
333,254,69,44
336,254,66,43
339,256,66,44
340,257,68,44
341,258,72,45
343,260,72,47
348,261,67,45
