324,156,92,58
324,154,100,60
320,156,100,58
322,156,99,61
322,155,100,60
321,156,104,59
321,158,99,59
325,157,96,61
324,157,98,59
325,158,98,58
326,159,100,58
325,156,95,59
327,156,98,59
327,154,94,60
329,155,98,59
326,154,94,59
328,156,98,56
329,152,94,60
330,158,95,55
330,154,98,60
331,154,91,59
331,153,93,58
329,152,98,58
331,153,93,58
329,150,100,60
329,151,103,60
330,150,93,62
329,150,96,62
331,150,91,63
330,151,96,63
329,150,91,61
331,154,94,59
329,150,98,62
329,152,93,59
330,151,94,61
327,151,103,61
328,151,101,59
330,151,95,61
329,149,98,62
332,151,94,59
331,148,99,63
330,150,95,60
329,148,101,62
332,150,102,62
331,149,97,63
330,149,103,62
330,148,102,61
330,148,102,63
331,148,104,62
331,147,100,62
329,146,103,62
332,146,100,62
332,146,103,62
334,147,96,62
332,146,100,61
336,146,96,59
337,147,98,60
336,146,102,61
336,146,99,62
333,146,103,63
333,146,105,63
332,145,103,63
335,147,99,60
335,146,95,63
335,148,98,60
334,147,99,57
336,147,96,61
338,149,94,58
338,151,94,55
340,149,89,58
339,148,91,58
338,148,92,57
340,151,93,56
340,147,88,59
341,149,97,58
342,147,88,59
341,146,90,64
339,146,93,58
340,146,92,62
343,147,94,63
341,148,91,59
343,146,94,62
346,148,90,59
345,147,91,60
343,146,93,63
345,146,92,61
349,148,93,57
347,148,91,56
351,149,92,54
351,149,89,58
349,149,92,60
349,147,92,62
349,148,90,61
347,148,93,62
349,147,95,61
347,146,90,65
348,146,90,65
347,146,92,65
349,146,93,66
350,146,91,63
350,146,91,66
352,149,88,60
349,149,90,62
347,148,92,65
348,149,94,65
348,149,91,64
346,148,91,64
347,150,95,68
347,151,91,61
350,150,88,64
349,151,89,65
348,149,89,65
350,149,90,67
349,150,90,65
350,151,88,64
350,149,88,63
353,149,88,67
355,149,86,64
351,152,91,63
353,151,87,63
352,153,90,64
354,153,89,60
352,151,93,66
353,152,89,64
352,153,91,64
351,154,90,56
352,154,87,61
353,155,91,62
353,154,85,63
353,155,89,63
353,155,88,57
354,154,90,62
352,156,89,63
355,154,87,63
354,156,87,61
355,155,87,63
356,155,88,63
354,157,89,55
354,156,91,61
356,156,87,56
355,156,87,62
357,156,86,62
356,156,85,57
357,156,85,62
356,157,85,61
356,157,88,60
356,156,87,61
357,156,88,63
355,155,90,62
356,156,88,63
358,156,88,59
357,156,90,59
358,154,89,64
355,155,88,61
357,156,87,60
356,155,90,61
355,154,91,61
354,154,92,60
354,153,92,58
356,156,91,59
355,155,92,58
355,154,91,57
354,153,89,57
358,151,89,59
353,151,93,55
357,152,94,55
352,149,94,55
356,148,95,55
353,149,97,57
354,151,93,53
356,151,95,54
359,153,92,50
356,155,97,48
358,159,93,45
356,159,97,46
356,159,96,46
359,161,93,44
358,158,93,45
358,161,96,42
357,161,95,41
357,162,98,41
357,164,96,39
359,165,97,38
357,166,96,36
356,162,96,40
358,166,99,35
357,165,102,36
357,167,100,37
360,165,96,37
358,168,99,36
357,168,99,37
360,167,96,39
360,169,97,37
358,169,98,38
360,169,98,37
359,171,96,35
357,170,98,38
359,171,97,36
358,171,97,37
356,172,101,36
359,171,98,35
358,172,98,35
357,171,98,36
358,172,97,36
354,173,100,34
358,174,100,34
356,175,97,36
357,175,95,37
357,176,95,35
355,176,94,35
357,177,92,35
357,177,93,35
354,177,94,37
356,176,95,36
355,176,95,36
356,176,98,37
356,178,99,37
355,178,98,36
357,178,93,37
355,176,97,39
355,178,99,37
356,179,103,36
354,176,102,37
356,177,96,38
356,177,101,39
357,177,99,37
358,176,98,39
358,175,100,37
358,176,99,39
360,176,96,40
359,175,96,42
358,175,98,38
359,176,102,40
358,177,102,40
361,179,101,40
362,178,98,36
360,177,100,39
364,177,97,42
363,178,100,43
365,179,99,41
365,177,100,41
366,178,97,42
363,176,101,43
366,179,99,47
361,179,100,45
363,179,102,48
363,179,101,48
362,179,97,50
361,180,98,49
361,180,99,47
361,179,97,49
362,180,98,49
359,178,98,50
357,178,101,52
362,179,99,50
357,177,97,51
363,178,96,51
359,177,97,51
360,176,97,56
359,176,97,53
362,177,98,53
358,176,98,52
363,173,93,57
362,175,97,56
362,173,94,56
365,173,95,58
363,172,98,57
364,172,95,57
362,171,96,58
363,172,96,58
364,171,94,60
364,172,96,57
366,173,96,56
364,170,98,56
367,170,95,58
367,167,96,62
365,168,94,59
366,168,98,58
365,167,96,60
365,166,96,62
366,169,94,62
365,169,98,62
364,170,97,62
365,170,96,63
365,170,96,62
363,170,97,61
364,172,96,58
365,169,98,59
364,168,99,58
364,168,97,60
367,166,99,60
365,167,99,63
367,166,97,62
365,167,99,60
368,169,98,62
368,166,96,62
366,167,96,61
367,167,99,60
366,165,98,60
367,167,97,61
368,165,99,60
368,168,97,61
368,163,98,62
369,167,97,60
369,164,96,61
369,162,96,62
371,166,94,59
370,163,96,60
370,165,95,57
369,162,97,63
370,163,97,61
367,163,98,62
368,161,99,63
371,165,94,60
369,163,97,61
367,163,97,63
365,162,99,63
371,162,94,61
369,163,96,61
370,162,93,61
365,161,96,63
368,162,95,63
369,166,94,58
369,165,94,55
368,165,97,55
366,166,96,54
369,167,94,56
367,165,94,56
367,165,93,56
370,166,92,57
366,165,95,59
373,165,89,56
369,166,94,57
369,166,94,57
367,165,95,55
370,164,92,58
370,164,92,57
370,165,92,59
367,164,93,57
368,165,92,59
368,164,92,60
369,166,94,57
367,163,90,59
368,166,90,57
370,164,89,60
365,165,94,59
368,166,92,56
371,164,88,57
370,165,89,58
371,164,89,57
367,164,92,60
369,164,92,59
370,167,92,55
368,166,93,57
372,167,90,58
372,167,90,56
368,168,92,56
367,166,91,60
368,166,92,60
370,168,88,59
371,168,89,59
371,167,89,57
370,168,90,59
373,169,87,57
370,168,91,58
369,167,91,61
370,167,88,58
374,167,86,59
374,167,86,61
371,166,86,63
373,169,86,59
372,168,87,56
367,167,92,60
367,168,92,59
370,169,90,55
369,168,92,60
372,168,87,58
368,168,89,60
371,167,89,59
377,168,83,60
371,167,88,59
371,168,87,62
372,168,86,59
372,168,88,58
375,167,85,56
371,165,87,61
374,166,85,62
368,169,91,57
375,169,86,58
374,168,84,59
376,169,82,57
377,168,83,57
372,167,90,56
375,168,84,58
381,168,82,56
374,168,88,58
374,166,87,57
376,166,87,58
378,168,84,58
378,168,86,57
378,167,85,57
377,167,85,57
379,166,83,57
378,165,84,60
380,163,85,58
378,163,86,58
381,160,83,58
380,159,84,59
378,159,86,61
379,159,84,62
376,157,89,60
370,158,92,61
377,160,88,61
376,160,86,59
381,159,80,61
374,161,86,61
376,161,86,62
371,158,87,59
375,159,86,61
370,159,89,61
373,159,84,62
371,159,83,58
368,159,87,60
370,157,81,62
368,160,85,61
365,160,86,61
364,162,90,62
366,162,86,58
363,161,89,61
361,161,90,57
363,160,89,61
364,162,86,62
358,161,92,63
358,164,86,61
357,164,88,60
355,165,89,59
356,166,86,60
352,169,89,59
352,170,87,58
351,169,87,60
352,170,88,60
346,170,85,58
348,171,85,61
346,169,87,60
344,169,84,62
345,172,86,59
348,170,86,55
345,171,84,60
343,172,85,61
345,173,82,56
343,173,84,58
339,174,84,59
343,174,84,57
340,174,84,58
339,173,85,62
337,174,84,60
338,174,85,59
336,176,82,56
339,175,80,61
335,176,82,57
332,176,84,61
329,176,86,57
331,178,85,62
328,178,83,56
331,179,80,58
331,179,82,56
329,180,84,58
329,180,84,63
326,180,81,57
324,181,82,62
327,183,84,55
328,183,81,54
326,183,83,61
324,184,87,61
325,184,83,58
323,186,83,62
322,186,85,62
325,185,83,62
326,185,84,60
320,187,86,62
320,185,86,65
319,187,88,64
321,189,86,62
320,189,87,63
319,190,90,63
319,191,85,63
316,192,89,60
316,194,89,62
320,197,86,59
318,199,85,58
319,200,86,57
318,200,87,57
320,198,85,57
319,203,87,56
320,203,88,53
317,203,88,54
316,204,87,54
320,204,86,51
318,204,87,53
316,205,85,53
316,206,86,53
318,206,84,51
317,207,86,49
319,208,89,48
319,209,86,50
320,211,85,47
320,211,86,46
321,212,84,43
320,215,88,41
320,215,90,42
321,216,90,42
319,214,89,42
322,217,86,41
321,216,85,40
321,216,86,40
320,219,85,39
321,218,80,41
320,217,86,38
320,225,86,35
321,223,80,36
322,223,82,35
323,223,81,35
321,226,83,31
321,226,81,33
322,230,82,31
322,228,79,29
322,230,84,29
322,230,82,26
326,223,81,35
322,228,87,30
322,233,83,24
322,235,84,24
326,221,85,35
323,232,77,26
323,236,82,23
327,221,81,24
326,220,83,31
322,212,85,44
322,213,88,43
321,214,87,42
321,213,86,43
318,214,89,42
319,213,90,41
320,211,91,45
320,213,86,44
319,211,90,44
318,212,88,43
319,213,90,45
319,215,88,41
319,211,89,44
320,214,89,44
319,212,88,43
317,212,91,43
318,212,90,41
317,213,91,44
317,211,92,44
319,212,88,45
319,212,91,45
318,213,89,43
315,211,94,46
318,213,88,43
318,212,91,43
315,213,95,45
321,212,86,44
316,212,91,45
320,213,86,44
315,211,94,46
309,212,97,44
310,213,98,44
308,211,101,46
302,211,107,45
299,211,111,47
299,210,109,46
298,211,112,45
298,212,110,45
299,211,109,46
297,212,113,47
293,212,114,48
294,212,113,47
291,212,116,49
290,212,117,47
289,212,122,47
283,212,126,48
291,212,118,49
287,211,121,51
288,212,122,48
290,212,117,46
285,211,123,48
282,210,124,50
288,210,119,50
282,210,124,52
288,210,119,50
282,211,126,49
272,210,133,54
274,212,134,51
272,211,136,44
270,213,136,47
274,212,134,46
273,211,137,51
271,212,138,46
269,211,140,51
262,211,146,49
260,210,148,54
262,212,150,48
256,210,154,49
257,212,154,49
258,213,153,47
258,210,152,51
256,212,155,48
255,211,156,47
261,213,149,47
262,211,149,48
259,211,151,48
257,211,152,50
255,212,156,49
256,212,154,44
253,210,156,50
258,215,153,45
253,211,157,47
254,214,156,46
254,212,156,46
256,211,155,49
253,212,159,48
255,212,156,48
257,211,154,48
252,211,159,51
249,211,163,46
256,214,155,50
255,212,158,48
257,211,157,48
255,211,158,49
256,212,155,49
249,210,163,49
257,210,155,48
251,211,159,47
253,214,156,45
251,212,159,47
255,211,155,47
256,210,153,53
253,211,156,52
253,210,159,48
249,213,163,47
246,211,166,50
250,213,161,44
256,214,155,48
261,212,149,46
257,212,153,47
252,211,159,45
251,211,158,50
253,211,158,49
253,210,157,48
254,211,157,45
252,213,157,47
259,210,149,46
259,211,148,46
263,213,143,47
260,212,151,46
261,214,149,47
258,212,151,51
261,211,150,48
257,213,152,48
255,211,156,48
249,211,161,51
243,212,166,55
258,213,152,47
259,213,150,49
259,213,150,53
254,212,156,55
245,212,164,50
248,214,166,46
251,215,157,48
251,211,164,48
254,215,157,47
258,212,148,47
260,219,153,42
285,220,142,46
262,215,146,45
259,212,150,48
248,211,162,52
252,212,159,47
247,210,162,51
258,216,151,44
254,213,156,45
250,212,164,45
249,214,161,48
255,212,150,47
253,211,155,50
249,211,161,47
245,213,165,50
249,213,162,44
246,211,164,50
245,211,167,49
249,210,162,49
251,212,159,50
247,212,166,49
250,211,163,47
250,212,162,49
251,212,160,47
248,211,165,49
242,210,169,51
255,210,157,49
252,211,157,49
253,211,161,49
248,211,165,50
241,210,175,50
245,211,168,49
245,210,165,51
242,213,167,49
248,210,162,49
247,210,167,50
243,212,167,49
253,210,160,51
245,209,170,50
242,212,173,49
246,210,165,49
242,209,174,54
251,208,163,51
249,210,166,49
249,210,162,50
249,207,163,53
252,207,156,52
249,208,160,55
247,207,167,51
248,206,164,54
244,206,168,52
253,207,160,53
251,210,160,48
250,211,160,45
248,205,165,50
240,209,173,47
246,206,167,49
254,207,161,51
253,207,155,54
246,209,162,42
252,204,160,48
244,206,171,42
252,200,165,52
251,205,162,51
251,192,165,63
250,199,159,54
256,205,156,48
256,202,159,46
254,189,160,60
257,186,155,68
249,188,166,64
262,188,150,67
255,188,163,67
251,181,168,73
254,183,166,72
241,188,175,69
239,183,186,74
242,185,182,73
251,178,173,81
257,180,163,75
256,174,170,82
255,179,166,77
259,184,164,71
260,173,166,84
253,188,167,68
249,179,174,75
241,181,181,76
244,176,186,82
249,184,193,75
246,177,180,79
254,176,174,80
265,176,162,84
261,178,164,80
253,178,175,80
257,176,170,83
271,175,158,84
267,209,150,53
247,208,162,50
251,210,149,46
309,173,132,54
320,172,117,57
330,175,104,52
337,174,94,55
345,173,86,53
347,174,82,53
347,171,83,55
348,174,84,51
347,174,83,52
347,172,84,52
346,175,84,52
349,172,83,54
348,173,83,52
348,174,82,50
350,173,85,53
350,172,82,55
348,172,83,52
349,171,88,54
350,171,83,54
348,172,83,54
350,171,81,54
349,172,85,56
351,171,80,57
349,173,80,57
347,171,82,58
350,174,79,56
349,174,81,53
348,172,85,59
352,173,80,57
351,173,79,57
353,173,79,55
351,171,78,57
351,171,80,56
353,168,78,58
353,170,78,54
353,168,77,51
353,167,78,58
354,166,80,57
353,167,78,57
354,167,76,55
349,166,83,55
351,166,86,56
350,164,77,56
351,163,77,58
351,163,80,56
351,163,81,59
352,161,75,56
349,162,78,56
352,164,78,54
349,163,80,60
350,163,79,56
349,162,79,57
349,163,78,56
346,162,80,58
349,163,79,57
347,163,80,56
346,163,79,53
349,162,75,56
349,162,77,57
347,161,76,57
348,160,79,58
347,160,80,59
346,159,77,55
348,158,76,56
346,157,73,57
348,157,75,55
348,155,76,55
347,155,75,57
344,156,73,58
342,156,76,55
343,154,74,57
342,154,72,58
341,155,72,55
337,155,73,57
336,155,73,58
335,156,74,56
335,154,72,60
332,156,77,56
330,156,79,54
331,156,75,59
331,155,74,56
330,153,71,57
331,154,71,57
333,154,67,56
328,154,71,55
326,155,72,55
329,154,70,54
326,151,73,58
322,152,74,58
326,153,70,58
324,151,73,58
322,150,74,58
323,148,70,59
320,151,73,55
320,150,71,56
319,147,74,58
321,151,70,54
322,149,70,50
320,148,71,51
320,149,69,50
319,149,69,49
319,148,70,51
316,147,69,50
316,146,70,53
320,146,68,51
318,145,69,50
320,144,67,50
324,145,63,49
321,144,66,49
320,143,65,50
322,142,67,50
325,145,63,46
327,144,60,47
326,142,61,48
327,145,60,48
324,144,64,47
324,144,60,48
327,144,58,48
327,146,61,47
326,146,59,49
328,146,58,50
325,146,60,46
327,147,58,48
326,146,59,47
323,147,61,47
324,147,61,49
325,149,59,47
323,146,60,49
325,148,59,46
323,148,59,47
325,150,58,46
326,151,57,45
323,150,59,46
324,150,57,46
325,150,55,46
324,151,56,47
324,149,59,47
325,150,58,47
320,151,62,46
323,152,58,45
324,152,56,44
323,152,58,46
323,154,58,44
323,151,59,46
326,152,57,46
324,153,57,43
325,154,57,44
326,154,57,44
323,153,58,42
326,154,57,43
325,152,56,45
325,153,56,46
325,154,57,45
324,153,57,44
326,155,57,44
324,155,57,44
324,158,57,43
326,157,56,43
324,156,57,43
324,158,57,45
325,159,55,43
323,158,57,44
325,161,56,44
322,162,57,43
320,162,58,43
322,162,58,46
322,163,58,46
322,163,58,46
321,167,58,43
320,167,58,43
316,167,65,43
319,167,59,42
318,171,59,41
317,170,62,41
320,171,59,42
317,171,61,41
318,173,61,39
317,174,60,38
322,174,57,38
319,175,59,36
320,176,55,38
318,179,60,35
317,178,59,36
317,178,58,35
318,177,58,36
318,180,60,33
315,180,62,34
316,180,61,34
318,181,59,32
319,182,60,32
316,183,61,32
317,185,60,29
311,185,68,29
315,185,66,28
312,189,69,27
316,189,64,26
316,188,64,26
314,190,64,25
313,190,66,23
314,190,66,23
316,193,64,21
313,191,64,22
311,193,61,20
317,191,61,20
312,193,68,20
311,194,69,20
313,194,69,22
312,196,70,16
312,195,69,18
313,198,69,16
311,198,69,14
312,199,64,13
310,200,65,13
312,198,65,13
311,200,63,12
302,201,63,15
310,199,53,15
329,193,53,19
314,202,50,16
316,201,45,15
314,203,38,17
314,203,38,17
314,203,38,17
314,203,38,17
314,203,38,17
314,203,38,17
314,203,38,17
314,203,38,17
314,203,38,17
314,203,38,17
369,191,38,20
369,191,38,20
369,191,38,20
369,191,38,20
369,191,38,20
369,191,38,20
369,191,38,20
369,191,38,20
369,191,38,20
369,191,38,20
369,191,38,20
369,191,38,20
369,191,38,20
369,191,38,20
369,191,38,20
369,191,38,20
369,191,38,20
369,191,38,20
369,191,38,20
369,191,38,20
369,191,38,20
412,220,43,24
412,220,43,24
412,220,43,24
412,220,43,24
412,220,43,24
412,220,43,24
412,220,43,24
412,220,43,24
412,220,43,24
412,220,43,24
412,220,43,24
412,220,43,24
412,220,43,24
412,220,43,24
412,220,43,24
412,220,43,24
412,220,43,24
412,220,43,24
412,220,43,24
412,220,43,24
412,220,43,24
412,220,43,24
412,220,43,24
412,220,43,24
412,220,43,24
412,220,43,24
412,220,43,24
412,220,43,24
412,220,43,24
412,220,43,24
412,220,43,24
412,220,43,24
412,220,43,24
412,220,43,24
412,220,43,24
412,220,43,24
412,220,43,24
412,220,43,24
412,220,43,24
412,220,43,24
412,220,43,24
412,220,43,24
412,220,43,24
412,220,43,24
412,220,43,24
412,220,43,24
412,220,43,24
412,220,43,24
412,220,43,24
412,220,43,24
412,220,43,24
412,220,43,24
412,220,43,24
412,220,43,24
412,220,43,24
412,220,43,24
412,220,43,24
412,220,43,24
412,220,43,24
412,220,43,24
412,220,43,24
412,220,43,24
412,220,43,24
412,220,43,24
412,220,43,24
412,220,43,24
412,220,43,24
412,220,43,24
412,220,43,24
412,220,43,24
412,220,43,24
412,220,43,24
412,220,43,24
412,220,43,24
412,220,43,24
412,220,43,24
412,220,43,24
412,220,43,24
412,220,43,24
412,220,43,24
412,220,43,24
412,220,43,24
412,220,43,24
412,220,43,24
412,220,43,24
412,220,43,24
412,220,43,24
412,220,43,24
412,220,43,24
412,220,43,24
412,220,43,24
412,220,43,24
412,220,43,24
412,220,43,24
412,220,43,24
412,220,43,24
412,220,43,24
412,220,43,24
412,220,43,24
412,220,43,24
412,220,43,24
412,220,43,24
412,220,43,24
412,220,43,24
412,220,43,24
412,220,43,24
412,220,43,24
412,220,43,24
412,220,43,24
412,220,43,24
412,220,43,24
415,236,40,20
415,236,40,20
415,236,40,20
415,236,40,20
415,236,40,20
415,236,40,20
415,236,40,20
415,236,40,20
415,236,40,20
415,236,40,20
415,236,40,20
415,236,40,20
415,236,40,20
415,236,40,20
415,236,40,20
415,236,40,20
415,236,40,20
415,236,40,20
415,236,40,20
415,236,40,20
415,236,40,20
415,236,40,20
415,236,40,20
412,226,44,26
412,226,44,26
413,227,42,26
413,227,42,26
412,226,43,26
412,226,43,26
412,226,43,26
412,226,43,26
412,226,43,26
411,224,46,25
411,223,44,26
412,222,45,28
413,222,44,27
413,220,46,26
409,221,46,26
412,219,42,26
411,220,44,26
413,221,45,25
411,220,46,26
411,220,44,26
413,218,47,26
412,218,46,26
411,219,48,25
410,217,46,26
411,217,48,26
411,216,49,25
411,216,53,25
412,215,51,27
410,215,54,27
411,213,53,28
411,214,53,27
410,214,52,27
411,213,54,27
411,212,53,27
410,211,53,27
411,212,55,27
411,211,54,27
410,211,51,28
411,211,53,26
411,210,53,27
411,209,55,27
411,209,52,27
411,209,54,27
411,210,53,27
411,210,51,27
410,208,55,27
410,209,53,27
410,209,53,26
412,209,52,27
411,210,55,28
411,209,55,28
410,208,55,28
411,209,54,27
411,209,54,27
411,209,54,27
409,210,54,27
411,211,54,27
411,210,53,28
410,211,54,27
411,210,54,28
411,210,56,28
411,211,55,26
413,210,55,26
412,211,55,26
412,211,54,27
411,211,52,27
411,210,55,27
411,210,57,27
412,210,56,26
412,211,55,27
410,210,53,27
412,209,51,27
412,209,54,27
413,209,50,26
411,209,56,27
411,208,55,28
411,208,57,27
411,207,56,28
410,208,57,26
409,206,56,28
410,206,57,28
411,206,57,28
409,206,58,26
411,205,58,28
410,205,58,28
410,205,61,25
409,204,58,27
409,202,59,27
410,203,60,26
410,203,62,27
410,204,61,26
409,202,66,27
410,199,64,28
410,199,67,27
409,197,67,29
410,197,68,29
401,193,74,32
410,195,65,31
409,196,68,30
405,194,70,32
409,195,71,31
403,189,77,35
407,193,71,31
411,194,66,31
409,190,66,33
410,190,67,32
408,189,70,33
408,191,70,30
407,191,71,31
406,192,76,29
406,190,76,31
408,190,70,32
404,187,76,34
410,189,71,32
408,191,71,31
412,190,65,31
406,189,73,31
403,190,79,30
395,183,85,35
394,183,88,36
393,184,86,36
396,183,88,37
393,187,90,31
397,185,87,34
398,186,88,35
401,184,90,36
396,184,83,36
399,185,79,36
402,186,77,35
399,187,79,34
404,188,77,31
404,190,80,30
405,188,77,33
406,189,74,32
407,189,73,33
407,190,72,32
405,186,75,35
404,187,78,34
397,184,86,36
398,185,83,34
397,185,81,35
404,189,80,32
402,189,80,31
405,188,76,32
405,190,75,30
406,192,76,30
411,190,70,32
408,187,74,32
407,191,77,30
407,190,77,30
405,190,76,30
401,188,81,32
404,189,81,32
408,189,79,31
405,190,77,29
407,187,78,33
401,190,81,30
403,187,83,33
398,182,86,37
405,184,81,35
402,186,84,33
402,182,85,37
401,186,86,33
407,186,81,34
406,188,81,31
401,182,87,37
403,186,88,31
404,186,85,32
406,185,85,33
403,184,88,35
403,185,90,36
402,185,88,33
400,182,85,37
401,183,90,37
401,184,88,38
401,180,87,42
400,182,90,38
399,183,91,38
401,185,88,37
403,186,93,36
399,184,95,39
401,184,90,38
402,186,91,36
400,185,92,34
401,184,93,38
396,185,93,37
398,185,97,38
401,185,89,37
398,185,90,36
400,184,92,38
400,185,86,37
401,185,89,36
400,185,87,36
402,185,89,36
400,185,91,37
403,185,89,37
403,185,97,38
400,190,93,32
403,189,87,32
402,188,91,32
405,187,84,35
404,191,87,30
401,186,89,34
403,186,92,35
404,187,91,35
405,187,85,35
405,188,87,32
403,189,88,31
404,191,86,31
399,181,89,39
399,186,97,35
403,185,94,36
401,184,93,38
402,182,96,39
404,184,95,37
406,187,93,35
404,184,93,38
402,183,95,40
403,184,93,38
403,182,94,39
401,183,91,39
402,183,95,40
401,187,95,35
404,186,94,36
404,185,88,38
401,183,96,39
403,186,93,36
404,185,93,37
403,184,90,37
399,185,91,37
402,184,90,37
400,187,100,34
402,188,98,34
403,186,94,37
401,186,94,37
403,184,91,38
401,186,96,36
402,188,92,35
402,187,89,33
403,187,86,34
402,184,88,37
402,184,87,38
403,183,91,38
399,184,92,38
400,184,94,36
401,185,94,36
404,184,95,36
400,186,93,35
404,186,94,35
400,185,103,37
403,187,97,36
403,185,95,39
402,186,91,36
401,186,84,35
409,191,84,31
409,193,84,30
407,191,86,32
408,192,89,33
415,195,79,31
410,196,83,30
408,197,87,25
405,193,91,32
408,197,89,30
405,197,86,31
407,198,90,32
404,201,93,32
407,207,95,30
406,211,93,34
409,217,92,31
445,215,101,38
420,220,119,39
374,237,109,30
453,242,99,34
453,242,99,34
453,242,99,34
453,242,99,34
453,242,99,34
453,242,99,34
453,242,99,34
453,242,99,34
453,242,99,34
453,242,99,34
453,242,99,34
453,242,99,34
453,242,99,34
453,242,99,34
453,242,99,34
453,242,99,34
453,242,99,34
