416,133,48,126
404,141,54,124
400,143,52,121
394,144,51,123
390,146,54,119
389,149,50,118
387,156,47,110
385,162,54,111
385,162,58,115
383,160,55,121
384,159,50,125
383,161,53,127
383,159,49,130
387,154,50,137
389,149,49,143
393,160,49,127
391,162,51,125
391,164,49,123
389,161,53,125
390,162,52,120
389,159,52,122
390,157,50,123
388,157,56,120
388,154,52,126
388,153,52,126
388,146,53,132
394,139,47,136
393,137,47,140
390,133,46,143
393,141,46,135
393,142,48,133
392,140,49,133
394,136,47,137
396,129,45,141
400,135,48,135
403,127,49,141
402,131,51,140
408,127,47,140
408,129,49,139
409,128,49,144
411,126,49,145
410,125,52,147
410,122,52,147
413,123,50,147
412,121,50,150
411,128,50,139
412,124,52,144
411,122,50,145
414,128,50,139
413,123,52,146
412,120,52,146
416,123,46,141
418,122,45,144
420,119,45,145
416,117,46,146
420,119,45,149
418,112,43,152
421,123,45,143
415,114,49,150
418,116,48,151
419,111,48,151
417,108,46,153
416,116,49,146
418,121,48,143
417,119,49,145
416,113,50,154
417,110,51,156
417,117,51,149
418,112,50,154
417,118,49,147
418,116,48,153
418,118,47,149
418,115,50,153
415,130,52,140
413,134,54,132
414,141,51,122
414,153,55,111
413,145,54,119
413,146,54,120
416,151,48,117
414,148,52,119
416,154,51,115
415,155,52,117
414,156,53,116
415,160,51,112
415,156,49,118
415,158,51,114
415,159,50,114
415,156,50,118
416,153,51,122
415,154,53,123
415,158,50,116
416,160,49,113
414,157,50,114
412,160,51,114
411,155,56,118
405,159,60,112
402,153,68,122
393,152,73,120
394,155,77,117
390,161,76,108
393,161,80,105
380,163,93,98
382,164,93,91
375,167,104,90
375,165,104,90
372,167,111,85
371,171,107,82
374,167,107,86
368,168,115,86
364,168,112,81
367,171,92,75
373,172,91,60
364,172,96,61
365,171,92,56
367,171,91,52
364,167,90,53
367,170,92,40
364,171,91,42
367,172,86,45
367,171,85,39
368,171,90,40
370,172,92,43
371,173,90,44
372,174,88,44
375,175,92,44
373,175,86,49
377,171,87,63
380,171,81,70
384,170,80,74
388,168,87,84
391,159,89,94
392,151,88,100
396,152,83,93
409,147,72,98
421,143,62,99
428,141,56,98
432,133,55,109
435,120,52,119
437,123,52,116
442,115,49,125
444,111,48,128
445,110,46,127
444,106,48,135
445,105,46,132
443,101,48,132
443,109,47,127
443,119,48,116
444,119,45,115
444,111,47,121
444,124,49,109
444,119,48,112
445,114,48,120
448,112,48,125
452,108,48,124
452,114,52,124
454,118,52,119
457,115,53,121
461,122,52,114
462,128,53,106
464,135,56,96
468,135,55,96
471,127,53,102
474,120,50,110
474,116,53,111
476,108,53,117
478,105,54,118
480,108,51,114
480,110,51,111
478,116,53,102
479,114,55,106
483,111,53,110
485,110,52,111
488,118,51,104
485,119,56,104
488,126,54,99
491,113,51,110
495,113,52,109
500,113,52,107
507,116,49,110
515,122,51,104
521,117,56,106
527,114,56,107
533,107,57,112
539,106,55,111
541,104,52,110
537,109,58,106
531,107,57,109
519,106,56,113
507,103,56,115
494,100,55,119
478,101,54,118
461,99,55,121
447,104,57,118
436,102,54,116
425,98,51,121
413,105,50,120
407,106,48,124
398,117,49,114
397,108,48,121
396,115,44,118
395,115,58,116
396,118,61,111
395,119,64,109
398,118,59,108
399,117,57,112
400,122,55,107
401,121,54,107
402,121,52,109
407,120,48,107
407,116,49,110
408,117,49,114
410,118,49,111
410,117,50,114
411,115,51,112
410,111,52,116
410,114,54,115
409,109,57,115
411,110,52,112
409,110,58,114
410,111,59,112
411,107,57,117
409,111,58,113
412,109,54,113
411,108,55,112
413,109,56,112
414,106,52,114
418,107,51,118
419,115,52,114
420,104,53,120
423,112,55,116
430,109,53,119
432,111,52,119
437,106,48,122
437,107,50,119
438,109,49,120
442,111,50,116
446,114,51,117
449,122,53,118
445,132,58,120
442,140,56,119
432,144,53,120
420,148,48,118
404,153,51,114
388,152,51,114
373,150,52,117
361,149,51,121
351,154,51,114
342,149,49,117
338,148,50,117
336,149,52,114
339,146,49,118
347,148,47,118
354,155,46,110
364,161,46,103
375,159,47,111
385,164,48,109
393,159,48,110
400,157,45,108
405,164,50,102
412,159,52,102
425,150,42,107
431,151,45,102
438,147,44,107
442,145,46,107
446,147,47,105
446,144,49,104
445,143,49,106
443,137,50,106
439,138,48,109
433,135,46,108
427,138,45,108
420,139,45,112
415,145,49,110
413,144,47,106
413,146,49,106
412,146,45,108
411,148,42,104
409,145,42,110
407,146,44,114
403,144,41,109
403,149,42,106
401,150,43,105
399,147,46,106
401,146,45,105
402,147,47,107
404,145,44,112
408,142,44,108
415,141,43,108
422,145,43,109
427,143,42,109
433,145,50,111
436,148,46,109
440,147,46,109
441,147,47,109
441,147,47,111
440,150,49,110
441,152,44,112
443,147,46,115
445,152,47,114
448,152,47,113
447,151,48,112
446,151,47,114
444,153,48,115
437,151,47,115
434,153,41,114
428,155,44,114
426,154,44,118
421,155,45,116
421,155,49,115
419,160,44,116
415,160,49,116
411,166,44,113
407,163,47,118
407,163,47,118
407,163,47,118
407,163,47,118
407,163,47,118
407,163,47,118
407,163,47,118
407,163,47,118
407,163,47,118
407,163,47,118
407,163,47,118
407,163,47,118
407,163,47,118
407,163,47,118
407,163,47,118
407,163,47,118
407,163,47,118
407,163,47,118
407,163,47,118
407,163,47,118
407,163,47,118
479,298,35,114
479,298,35,114
479,298,35,114
479,298,35,114
479,298,35,114
479,298,35,114
479,298,35,114
479,298,35,114
479,298,35,114
479,298,35,114
479,298,35,114
479,298,35,114
479,298,35,114
479,298,35,114
479,298,35,114
479,298,35,114
479,298,35,114
479,298,35,114
479,298,35,114
479,298,35,114
479,298,35,114
409,276,43,108
409,276,43,108
409,276,43,108
409,276,43,108
409,276,43,108
409,276,43,108
484,292,40,99
472,280,49,90
472,280,49,90
472,280,49,90
472,280,49,90
472,280,49,90
472,280,49,90
472,280,49,90
472,280,49,90
472,280,49,90
472,280,49,90
472,280,49,90
472,280,49,90
472,280,49,90
472,280,49,90
472,280,49,90
472,280,49,90
472,280,49,90
472,280,49,90
472,280,49,90
472,280,49,90
472,280,49,90
472,280,49,90
472,280,49,90
472,280,49,90
472,280,49,90
472,280,49,90
472,280,49,90
472,280,49,90
527,246,54,78
527,246,54,78
540,247,66,82
540,247,66,82
559,245,72,84
567,244,70,91
572,244,74,93
572,244,74,93
572,244,74,93
572,244,74,93
606,229,74,111
611,227,77,107
612,226,84,111
618,221,91,116
624,222,100,120
620,223,97,125
626,224,91,115
611,223,95,124
611,223,95,124
606,218,102,120
625,220,88,123
629,221,74,125
629,219,65,121
632,220,54,132
630,222,52,144
625,215,57,143
619,203,68,139
617,190,76,132
611,166,74,129
598,146,71,122
582,129,72,118
565,123,71,116
549,114,64,117
537,116,52,110
524,111,50,115
511,108,48,118
501,108,47,112
493,100,46,110
488,93,49,114
482,88,50,113
481,81,47,113
478,74,45,109
476,66,51,110
474,58,51,114
471,52,48,110
470,53,50,113
468,49,47,115
467,53,48,116
464,60,52,116
463,68,48,122
458,75,49,120
460,83,49,125
462,87,51,124
460,91,55,126
461,85,54,127
460,88,58,126
460,86,51,124
459,86,51,124
457,77,53,128
459,80,52,124
461,76,59,126
461,80,67,126
458,84,71,129
456,93,76,128
449,100,90,135
445,117,98,131
437,131,106,124
431,141,105,110
419,150,97,101
410,164,98,101
404,177,99,85
399,188,95,104
399,192,88,108
404,194,79,116
405,196,82,112
405,196,82,112
405,196,82,112
405,196,82,112
405,196,82,112
405,196,82,112
405,196,82,112
405,196,82,112
405,196,82,112
405,196,82,112
405,196,82,112
405,196,82,112
405,196,82,112
405,196,82,112
405,196,82,112
405,196,82,112
405,196,82,112
405,196,82,112
405,196,82,112
405,196,82,112
405,196,82,112
405,196,82,112
405,196,82,112
405,196,82,112
405,196,82,112
405,196,82,112
405,196,82,112
405,196,82,112
405,196,82,112
405,196,82,112
405,196,82,112
405,196,82,112
405,196,82,112
405,196,82,112
405,196,82,112
405,196,82,112
405,196,82,112
405,196,82,112
405,196,82,112
405,196,82,112
405,196,82,112
405,196,82,112
405,196,82,112
405,196,82,112
405,196,82,112
405,196,82,112
405,196,82,112
405,196,82,112
405,196,82,112
405,196,82,112
405,196,82,112
405,196,82,112
405,196,82,112
405,196,82,112
405,196,82,112
405,196,82,112
405,196,82,112
405,196,82,112
405,196,82,112
405,196,82,112
405,196,82,112
405,196,82,112
405,196,82,112
405,196,82,112
405,196,82,112
405,196,82,112
405,196,82,112
405,196,82,112
422,206,101,106
430,201,111,101
434,197,106,75
437,196,105,72
433,200,115,70
433,192,113,75
435,190,107,69
433,186,105,68
437,177,99,72
433,173,108,78
434,163,111,87
430,158,114,100
425,143,115,113
421,138,129,123
418,129,135,124
407,133,138,120
404,118,138,137
419,104,125,132
422,96,118,130
419,96,109,126
422,90,103,126
422,88,87,126
422,83,70,124
423,84,53,117
424,84,52,116
422,77,59,120
420,82,54,116
419,81,55,119
420,81,54,119
422,84,49,119
422,83,49,120
421,87,51,119
421,90,53,117
424,83,50,125
424,84,55,120
426,83,50,120
428,85,52,121
425,87,52,115
427,87,49,116
427,84,51,120
429,87,50,119
431,88,49,120
433,89,47,120
435,91,48,120
434,92,46,115
432,91,48,117
432,92,47,119
432,94,50,117
433,90,51,121
437,90,47,119
440,89,47,119
443,86,47,119
445,87,48,121
445,84,50,122
448,78,49,120
449,73,49,118
451,67,48,119
452,58,50,119
455,54,50,116
459,51,49,113
462,49,50,115
465,49,51,114
467,49,52,112
467,49,51,113
467,50,50,112
468,51,50,114
468,53,48,113
466,53,48,114
462,55,52,116
459,66,58,119
454,71,63,120
449,82,68,125
442,93,82,119
438,105,86,103
437,117,95,92
426,130,95,74
411,141,88,60
409,156,87,45
403,162,90,47
400,169,75,49
406,177,68,42
407,184,69,41
407,184,69,41
407,184,69,41
407,184,69,41
407,184,69,41
407,184,69,41
407,184,69,41
407,184,69,41
407,184,69,41
407,184,69,41
407,184,69,41
485,220,72,41
485,220,72,41
519,306,77,42
519,306,77,42
519,306,77,42
519,306,77,42
519,306,77,42
519,306,77,42
519,306,77,42
519,306,77,42
519,306,77,42
519,306,77,42
519,306,77,42
519,306,77,42
519,306,77,42
519,306,77,42
519,306,77,42
519,306,77,42
519,306,77,42
519,306,77,42
519,306,77,42
519,306,77,42
519,306,77,42
519,306,77,42
519,306,77,42
519,306,77,42
519,306,77,42
519,306,77,42
388,230,75,52
388,230,75,52
388,230,75,52
317,204,78,55
317,204,78,55
317,204,78,55
317,204,78,55
317,204,78,55
317,204,78,55
317,204,78,55
317,204,78,55
283,206,85,56
304,190,85,54
296,196,94,64
302,200,92,53
304,189,85,52
301,174,94,59
300,176,91,60
298,173,97,67
294,179,98,62
295,172,90,67
292,154,94,86
289,143,98,97
287,138,96,107
284,129,111,119
283,125,106,124
282,117,104,132
282,110,106,136
279,106,93,136
278,99,107,137
276,101,104,125
274,98,105,126
270,110,73,119
266,114,65,108
264,117,67,103
259,126,79,98
257,131,80,92
252,142,96,83
249,148,94,71
250,151,95,64
251,154,79,57
252,153,81,57
256,154,93,55
257,153,99,55
258,153,96,49
259,146,96,51
262,143,91,49
265,144,87,45
267,144,81,45
269,146,78,46
270,145,77,46
272,148,84,45
273,147,81,47
273,149,83,45
270,150,78,43
272,153,78,45
273,154,80,46
274,156,79,44
276,158,82,45
278,156,78,48
278,155,89,52
279,151,95,56
281,154,102,57
284,156,99,56
288,156,102,60
291,159,101,59
297,161,94,58
299,158,94,57
304,157,96,54
311,155,89,50
318,153,89,48
318,153,91,48
321,153,101,47
327,155,87,45
331,154,89,46
334,153,89,44
339,150,82,45
342,152,82,44
347,152,81,45
349,153,81,45
351,153,81,46
356,157,79,45
358,156,81,45
359,158,86,45
364,159,82,46
368,161,76,46
371,163,76,45
369,162,76,47
364,166,75,46
359,174,74,41
354,186,70,34
381,193,72,41
375,198,76,45
372,203,75,45
386,207,68,41
387,214,73,39
391,217,77,43
393,221,73,44
398,223,70,44
402,219,72,49
413,222,69,47
418,222,74,50
427,222,71,53
442,223,71,52
458,225,69,58
471,231,74,62
487,236,71,63
498,235,64,66
507,229,66,69
515,228,64,65
521,228,60,64
526,229,59,65
530,230,59,63
526,230,62,61
524,228,62,61
529,228,67,63
531,227,70,64
532,229,68,63
531,224,65,64
524,218,64,54
511,221,63,50
504,229,62,41
500,240,64,32
503,247,61,24
503,247,61,24
509,191,55,28
509,191,55,28
509,191,55,28
509,191,55,28
509,191,55,28
509,191,55,28
516,246,62,26
513,240,61,30
510,228,68,41
510,214,68,51
508,202,69,50
467,197,79,50
466,184,82,54
468,172,102,58
466,165,105,55
466,156,107,56
466,154,103,54
465,149,102,57
464,151,104,56
464,151,100,53
462,151,97,53
460,147,104,59
464,144,92,62
462,143,99,63
461,144,93,60
462,145,96,59
462,148,102,54
457,146,113,53
459,146,113,52
457,145,110,52
456,141,112,53
456,139,106,56
459,135,96,60
459,130,93,64
465,128,89,70
464,124,100,76
469,122,88,80
472,122,81,80
478,121,66,80
485,121,60,81
499,147,72,88
496,117,53,102
498,120,52,117
498,118,60,122
499,119,72,123
494,120,83,120
494,120,85,122
490,124,97,118
486,124,103,108
485,130,108,110
477,132,120,106
474,133,118,103
471,141,118,97
457,155,131,89
457,163,133,76
453,166,138,73
465,169,123,71
461,173,125,68
471,176,108,65
475,176,104,66
477,181,97,65
484,179,88,66
481,184,84,66
479,185,83,67
477,184,82,71
478,188,77,72
472,184,75,79
467,181,70,86
460,178,67,92
458,176,62,102
455,173,59,110
456,178,56,113
448,180,57,120
446,177,55,123
443,186,58,124
440,187,56,124
438,190,59,124
439,188,56,129
438,190,59,125
438,194,55,126
436,189,53,135
437,192,52,137
433,191,55,135
433,190,54,134
430,191,65,128
427,192,71,128
428,190,71,123
426,190,80,119
425,189,85,111
420,190,93,94
417,180,110,83
422,160,115,98
429,139,115,113
432,129,114,115
440,118,114,125
443,118,104,103
434,90,115,92
421,116,123,63
432,117,126,55
431,115,118,54
439,109,110,49
446,103,106,54
453,88,94,65
465,83,78,73
468,82,67,75
469,78,59,73
474,70,55,81
474,60,55,85
471,58,54,84
465,76,56,99
465,63,49,110
466,60,48,116
468,49,47,125
469,44,50,129
471,41,48,129
471,45,50,130
469,46,51,128
468,44,51,132
469,44,54,137
466,39,56,142
467,40,54,142
469,38,53,153
471,40,50,154
466,50,57,152
458,38,51,161
454,54,53,146
452,63,53,140
449,71,60,130
447,51,63,142
444,57,67,132
442,55,62,135
441,90,67,137
441,90,67,137
441,90,67,137
441,90,67,137
441,90,67,137
481,53,56,145
481,53,56,145
481,53,56,145
481,53,56,145
481,53,56,145
481,53,56,145
481,53,56,145
481,53,56,145
481,53,56,145
481,53,56,145
481,53,56,145
481,53,56,145
481,53,56,145
481,53,56,145
481,53,56,145
481,53,56,145
481,53,56,145
481,53,56,145
481,53,56,145
481,53,56,145
481,53,56,145
481,53,56,145
481,53,56,145
481,53,56,145
481,53,56,145
481,53,56,145
481,53,56,145
481,53,56,145
481,53,56,145
481,53,56,145
481,53,56,145
481,53,56,145
481,53,56,145
481,53,56,145
481,53,56,145
481,53,56,145
481,53,56,145
