241,191,53,89
240,192,51,95
242,184,45,96
244,187,41,96
245,186,39,96
247,187,37,96
246,188,41,97
246,190,41,94
246,189,42,93
240,186,49,97
227,187,65,97
223,183,73,98
217,183,80,99
219,182,78,98
210,185,87,100
205,183,90,100
201,184,89,97
198,185,88,97
197,185,88,98
194,187,89,96
195,188,85,97
191,186,84,102
190,190,78,103
184,191,81,106
180,195,81,103
173,195,75,108
169,198,73,110
164,201,70,110
168,203,58,108
164,208,54,108
159,213,49,106
152,216,50,104
147,219,43,104
140,217,48,107
136,215,51,105
136,216,57,101
138,208,63,102
134,203,72,101
143,202,70,92
147,194,75,97
150,191,80,96
153,188,80,96
161,186,81,94
164,181,88,101
171,186,83,93
179,188,83,92
181,190,85,87
188,195,81,86
193,198,76,79
197,198,74,80
197,200,75,77
200,202,67,72
201,205,65,72
200,203,64,74
202,204,53,75
200,206,51,75
195,206,49,73
195,206,43,76
190,205,39,78
185,206,36,80
180,206,33,78
173,207,33,80
166,207,32,81
155,206,37,79
147,207,38,78
141,207,37,78
137,209,38,71
129,198,43,83
123,199,46,79
119,197,48,80
117,196,50,77
110,197,56,75
105,195,60,74
102,193,63,75
100,193,68,74
100,195,69,72
98,194,73,78
100,196,72,75
102,196,76,76
106,197,77,75
111,201,76,73
115,202,76,75
119,204,80,79
129,208,75,75
134,213,75,74
142,212,72,72
153,210,68,75
164,211,59,70
171,209,57,74
182,204,49,75
189,206,45,68
197,201,38,70
204,199,35,71
209,198,33,68
213,193,32,74
218,191,26,71
218,189,27,73
219,189,26,71
218,192,29,68
219,193,28,66
218,190,31,69
214,188,38,70
211,183,44,76
208,187,51,69
205,184,53,71
199,185,57,68
194,186,62,64
188,184,65,66
183,182,66,71
177,183,71,75
169,184,78,81
167,182,75,88
164,189,75,85
162,191,73,84
155,190,76,84
151,190,78,78
149,185,75,79
149,182,73,81
146,180,75,78
148,178,69,83
144,180,71,80
144,179,68,79
148,181,62,75
152,175,55,79
150,177,56,74
157,176,50,75
160,177,48,75
166,176,41,76
169,174,40,78
176,174,34,81
179,178,34,79
184,186,33,71
189,185,32,71
194,184,32,73
197,185,33,69
197,186,31,71
200,185,34,66
203,182,35,66
204,182,41,64
206,181,41,63
203,186,48,55
206,182,46,59
207,182,49,60
206,180,52,59
206,180,52,59
211,178,51,60
209,178,53,58
208,176,53,58
207,178,52,56
206,172,52,59
204,172,55,57
201,169,55,62
196,165,60,62
193,164,59,62
188,162,61,62
182,162,61,58
177,164,62,54
170,155,62,59
164,150,62,62
156,143,63,66
149,142,66,64
143,138,61,63
134,135,63,63
131,126,57,70
124,124,57,70
122,123,53,69
117,123,54,69
111,126,57,69
111,129,56,65
113,128,51,69
111,131,50,68
116,126,49,75
119,134,50,74
121,136,53,72
125,138,59,73
132,141,59,76
136,147,59,74
154,155,49,67
154,155,49,67
178,163,47,63
190,164,45,65
200,170,51,62
211,164,56,69
226,167,55,69
235,166,59,69
246,169,61,66
259,169,58,65
270,168,59,61
282,171,60,62
294,166,56,66
299,170,61,60
305,167,64,63
311,166,63,60
316,163,63,61
321,162,64,62
326,160,63,59
328,156,63,59
329,151,60,61
328,152,61,58
324,151,63,58
320,151,62,59
316,157,62,55
308,155,65,57
297,152,69,61
286,157,69,64
276,161,67,63
261,159,65,67
243,167,65,63
223,171,65,64
203,171,69,67
170,170,76,70
149,163,73,77
124,161,74,82
102,157,73,82
76,156,83,81
56,149,80,83
42,142,77,80
36,135,72,82
17,125,78,85
19,118,75,82
13,113,74,82
9,110,75,77
20,108,64,78
12,107,74,77
17,110,70,77
14,115,76,72
31,119,62,74
36,128,61,74
39,134,65,79
41,141,73,78
52,152,68,80
69,165,62,76
85,177,65,75
107,187,61,74
127,185,51,79
148,194,46,77
184,200,32,70
202,204,31,68
221,221,36,60
239,213,33,53
256,195,31,61
266,185,34,63
274,182,40,58
335,131,41,71
290,170,40,60
290,165,49,58
299,165,48,60
303,166,48,60
305,166,48,60
305,166,50,62
306,170,48,60
305,168,47,62
300,171,50,64
297,176,47,60
289,174,51,65
281,176,49,67
280,179,52,64
268,176,58,71
258,182,58,68
246,184,60,69
232,189,61,73
219,188,63,72
204,190,67,73
188,189,72,73
185,192,61,67
160,184,74,73
149,178,72,72
138,175,79,72
129,166,79,72
122,160,77,69
119,152,74,71
113,146,75,69
106,144,76,65
103,143,77,64
102,144,76,62
103,141,74,61
101,141,77,62
102,142,77,63
104,144,76,70
108,146,75,65
112,148,76,70
120,156,74,67
129,162,74,66
140,166,71,65
151,170,66,64
166,171,61,66
179,174,55,66
191,174,56,68
206,174,53,65
220,173,49,64
234,171,44,62
243,170,45,64
254,164,45,63
262,163,44,61
267,160,45,62
276,163,42,56
280,162,41,54
281,161,45,56
283,162,43,54
283,164,44,54
279,163,48,55
277,166,50,54
274,170,48,53
265,169,46,57
258,174,39,58
252,184,34,54
240,185,34,57
223,191,39,56
210,199,34,57
195,200,31,64
182,208,27,60
159,215,31,58
131,211,38,62
115,209,44,65
94,212,46,62
77,205,48,69
58,196,51,69
44,198,54,68
33,196,56,62
34,186,48,63
28,181,48,64
28,176,42,58
29,170,41,55
27,167,43,49
29,165,44,50
29,164,44,46
32,161,45,50
34,159,50,48
37,158,52,50
46,159,52,47
54,161,54,48
68,164,43,47
80,167,41,47
92,174,40,47
108,177,40,47
120,178,41,48
133,181,39,51
145,185,32,44
145,185,32,44
145,185,32,44
145,185,32,44
145,185,32,44
145,185,32,44
145,185,32,44
145,185,32,44
145,185,32,44
145,185,32,44
145,185,32,44
145,185,32,44
145,185,32,44
145,185,32,44
145,185,32,44
145,185,32,44
145,185,32,44
145,185,32,44
145,185,32,44
145,185,32,44
145,185,32,44
145,185,32,44
145,185,32,44
145,185,32,44
145,185,32,44
145,185,32,44
145,185,32,44
145,185,32,44
145,185,32,44
145,185,32,44
145,185,32,44
145,185,32,44
145,185,32,44
145,185,32,44
145,185,32,44
145,185,32,44
145,185,32,44
145,185,32,44
145,185,32,44
145,185,32,44
145,185,32,44
145,185,32,44
145,185,32,44
232,178,29,54
217,179,36,58
197,180,34,63
181,182,36,63
160,181,40,66
146,180,36,70
131,181,41,68
114,185,50,65
108,184,57,61
96,181,44,65
87,182,44,58
84,175,43,60
83,173,40,57
81,168,40,59
79,166,38,56
83,165,37,52
83,166,38,47
87,163,40,49
90,160,41,49
96,161,39,49
102,163,38,46
106,162,42,51
119,165,39,46
125,166,41,51
137,169,40,50
143,174,33,44
143,174,33,44
143,174,33,44
143,174,33,44
143,174,33,44
143,174,33,44
143,174,33,44
143,174,33,44
143,174,33,44
143,174,33,44
143,174,33,44
143,174,33,44
143,174,33,44
143,174,33,44
143,174,33,44
143,174,33,44
143,174,33,44
143,174,33,44
143,174,33,44
143,174,33,44
143,174,33,44
143,174,33,44
143,174,33,44
143,174,33,44
143,174,33,44
143,174,33,44
143,174,33,44
143,174,33,44
143,174,33,44
143,174,33,44
143,174,33,44
143,174,33,44
143,174,33,44
143,174,33,44
143,174,33,44
143,174,33,44
143,174,33,44
143,174,33,44
143,174,33,44
217,175,44,53
200,175,55,59
170,172,65,67
146,176,76,66
132,182,73,63
122,179,67,64
100,181,76,68
93,182,78,70
83,183,73,62
77,178,68,60
74,178,65,56
69,175,64,59
68,170,61,55
69,167,62,50
70,163,59,50
74,163,57,45
77,161,57,46
83,161,53,46
92,161,51,43
98,159,52,45
106,161,52,46
110,161,53,48
121,162,53,49
126,168,52,50
135,170,46,51
141,181,38,42
141,181,38,42
141,181,38,42
141,181,38,42
141,181,38,42
141,181,38,42
141,181,38,42
141,181,38,42
141,181,38,42
141,181,38,42
141,181,38,42
141,181,38,42
141,181,38,42
141,181,38,42
141,181,38,42
141,181,38,42
141,181,38,42
141,181,38,42
141,181,38,42
141,181,38,42
141,181,38,42
141,181,38,42
141,181,38,42
141,181,38,42
141,181,38,42
141,181,38,42
141,181,38,42
141,181,38,42
141,181,38,42
141,181,38,42
141,181,38,42
141,181,38,42
141,181,38,42
141,181,38,42
141,181,38,42
141,181,38,42
141,181,38,42
141,181,38,42
141,181,38,42
141,181,38,42
219,169,43,52
197,178,45,54
180,176,43,60
154,177,50,63
136,182,50,61
120,181,55,63
107,186,59,58
97,187,52,56
91,182,47,55
83,183,49,53
76,181,50,52
72,179,49,50
75,176,42,51
72,176,43,49
74,174,43,45
79,172,41,43
84,172,37,42
88,170,39,41
97,169,36,42
103,168,36,43
112,170,36,47
121,171,36,46
130,174,38,45
137,179,38,46
149,182,31,45
149,182,31,45
149,182,31,45
149,182,31,45
149,182,31,45
149,182,31,45
149,182,31,45
149,182,31,45
149,182,31,45
149,182,31,45
149,182,31,45
149,182,31,45
149,182,31,45
149,182,31,45
149,182,31,45
149,182,31,45
149,182,31,45
149,182,31,45
149,182,31,45
149,182,31,45
149,182,31,45
149,182,31,45
149,182,31,45
149,182,31,45
149,182,31,45
149,182,31,45
149,182,31,45
149,182,31,45
149,182,31,45
149,182,31,45
149,182,31,45
149,182,31,45
149,182,31,45
149,182,31,45
149,182,31,45
149,182,31,45
149,182,31,45
149,182,31,45
149,182,31,45
149,182,31,45
149,182,31,45
235,229,28,47
214,228,31,45
194,217,32,56
179,213,28,57
152,210,40,59
131,203,41,67
115,195,49,67
99,193,58,64
90,190,56,64
83,183,48,60
72,181,53,64
70,180,44,58
69,172,44,59
64,168,48,60
61,166,51,55
59,166,53,54
64,167,50,51
65,167,49,53
68,166,50,56
77,169,43,57
77,175,49,55
86,184,48,51
98,186,49,54
104,192,51,53
116,190,54,62
129,197,47,64
145,198,48,66
169,201,39,66
190,208,36,65
209,220,37,53
236,209,29,60
255,204,31,62
275,205,35,52
295,189,40,59
313,185,47,56
333,180,46,56
347,168,47,57
359,150,50,65
370,145,55,61
375,133,58,63
380,124,59,64
388,117,58,61
383,106,64,64
385,105,63,59
386,101,60,62
388,100,56,62
388,102,57,64
388,102,56,64
385,104,56,67
377,108,58,71
369,116,59,69
356,121,64,72
340,124,66,78
334,140,61,73
322,151,59,75
305,158,58,76
288,171,63,71
266,172,65,75
249,182,63,72
229,189,62,63
207,181,68,69
191,189,62,63
171,179,63,67
156,177,66,67
148,180,59,61
136,176,57,60
128,173,55,60
120,164,56,60
113,158,55,58
108,154,54,59
104,150,52,67
103,142,49,62
101,143,47,55
102,139,46,57
100,138,47,62
101,137,49,59
108,137,42,58
105,137,48,64
112,137,44,63
113,140,48,67
118,141,50,68
133,143,43,66
136,148,44,65
146,150,37,64
158,152,34,66
166,156,34,61
173,167,38,54
179,169,40,53
196,174,33,46
204,172,33,50
216,171,29,47
225,167,28,52
234,161,28,56
241,160,30,56
249,161,29,51
254,158,30,50
262,151,28,55
265,150,28,56
268,145,30,58
273,147,29,56
275,148,31,56
279,152,29,50
280,154,30,51
282,157,28,46
283,149,27,53
283,153,29,49
284,154,27,48
283,153,27,51
281,148,31,56
281,146,30,59
280,142,35,62
282,141,34,63
284,139,34,66
286,139,36,68
288,137,39,68
292,140,36,63
299,143,33,57
305,138,32,61
310,135,35,60
314,135,35,63
320,130,35,66
328,132,32,61
332,135,33,62
339,137,33,61
346,139,34,62
350,145,34,60
356,149,33,62
361,154,34,62
363,161,38,65
364,168,42,61
364,176,44,60
367,181,44,61
370,193,41,59
371,198,40,60
369,206,41,59
367,213,40,53
361,216,43,52
361,219,39,50
354,221,40,51
347,223,40,50
339,226,41,44
330,231,42,44
330,231,42,44
355,287,40,51
355,287,40,51
355,287,40,51
355,287,40,51
355,287,40,51
355,287,40,51
355,287,40,51
362,282,38,46
362,282,38,46
362,282,38,46
362,282,38,46
362,282,38,46
362,282,38,46
362,282,38,46
362,282,38,46
361,279,37,53
321,216,30,47
321,216,30,47
321,216,30,47
321,216,30,47
321,216,30,47
321,216,30,47
321,216,30,47
321,216,30,47
321,216,30,47
321,216,30,47
321,216,30,47
321,216,30,47
321,216,30,47
321,216,30,47
321,216,30,47
321,216,30,47
321,216,30,47
321,216,30,47
321,216,30,47
321,216,30,47
321,216,30,47
321,216,30,47
321,216,30,47
321,216,30,47
321,216,30,47
321,216,30,47
321,216,30,47
321,216,30,47
321,216,30,47
321,216,30,47
321,216,30,47
321,216,30,47
321,216,30,47
321,216,30,47
321,216,30,47
321,216,30,47
321,216,30,47
321,216,30,47
321,216,30,47
321,216,30,47
321,216,30,47
321,216,30,47
321,216,30,47
321,216,30,47
321,216,30,47
369,289,24,51
369,289,24,51
369,289,24,51
369,289,24,51
369,289,24,51
369,289,24,51
369,289,24,51
369,289,24,51
369,289,24,51
369,289,24,51
369,289,24,51
369,289,24,51
319,212,31,47
324,199,33,53
330,185,32,65
330,181,45,71
325,182,58,69
330,183,57,71
335,181,57,70
342,183,49,72
352,184,38,70
354,187,41,64
352,188,54,61
351,188,62,59
347,189,67,62
352,193,56,60
356,194,43,60
358,196,35,60
349,196,44,60
341,194,49,62
335,196,53,59
331,200,51,57
331,202,43,54
325,201,39,57
321,208,34,51
324,216,29,44
324,221,26,42
324,226,20,37
324,226,20,37
324,226,20,37
324,226,20,37
324,226,20,37
324,226,20,37
324,226,20,37
324,226,20,37
324,226,20,37
324,226,20,37
324,226,20,37
324,226,20,37
324,226,20,37
324,226,20,37
324,226,20,37
324,226,20,37
324,226,20,37
324,226,20,37
324,226,20,37
324,226,20,37
324,226,20,37
324,226,20,37
324,226,20,37
324,226,20,37
324,226,20,37
378,285,22,36
378,285,22,36
378,285,22,36
378,285,22,36
435,340,27,32
435,340,27,32
435,340,27,32
435,340,27,32
435,340,27,32
435,340,27,32
435,340,27,32
370,297,25,37
370,297,25,37
434,334,29,38
369,291,26,42
369,291,26,42
369,291,26,42
436,335,32,40
436,335,32,40
436,335,32,40
436,335,32,40
436,335,32,40
436,335,32,40
371,294,24,43
375,297,21,39
375,297,21,39
375,297,21,39
375,297,21,39
375,297,21,39
375,297,21,39
375,297,21,39
375,297,21,39
375,297,21,39
436,332,23,37
370,291,23,42
439,333,27,38
439,333,27,38
370,293,26,40
370,293,26,40
389,214,32,39
375,198,40,48
363,198,47,54
351,201,55,59
345,204,53,55
340,208,48,53
332,213,44,53
326,218,38,53
326,218,38,53
326,218,38,53
326,218,38,53
326,218,38,53
326,218,38,53
326,218,38,53
326,218,38,53
359,286,38,56
359,286,38,56
355,285,40,60
355,285,40,60
355,285,40,60
355,285,39,50
355,285,39,50
355,285,39,50
349,283,48,52
349,283,48,52
347,286,47,51
347,286,47,51
348,286,47,50
348,286,47,50
364,285,36,44
367,285,31,50
371,294,23,54
371,294,23,54
374,286,22,49
362,285,31,49
362,285,31,49
442,337,34,44
442,337,34,44
367,293,28,46
367,293,28,46
367,293,28,46
373,288,22,46
377,288,17,48
439,332,20,49
439,332,20,49
439,332,20,49
439,332,20,49
367,288,28,49
370,285,25,52
373,282,23,56
372,283,22,51
376,286,18,49
378,291,16,47
438,334,21,49
375,291,19,50
375,291,19,50
443,330,23,46
443,330,23,46
371,282,23,52
369,281,27,51
374,285,21,51
445,340,22,50
371,286,24,54
374,287,21,52
379,285,15,52
438,329,19,50
446,332,24,53
373,283,26,49
337,216,33,54
338,211,41,65
347,203,41,73
350,206,47,79
348,210,55,78
351,214,63,81
351,220,69,80
353,225,69,79
357,230,65,77
364,234,59,78
369,234,58,75
378,236,48,76
384,240,41,71
388,240,35,74
388,242,33,72
386,241,35,71
380,241,40,70
376,243,46,67
375,241,49,69
372,243,56,71
371,243,63,70
370,243,63,75
364,243,67,70
358,244,69,72
356,242,67,70
357,241,57,72
351,237,53,72
353,233,38,72
356,229,28,73
350,226,32,72
341,221,39,73
333,220,48,72
325,218,50,73
320,212,56,75
310,207,61,77
304,203,67,78
300,203,64,72
297,204,66,70
295,200,63,71
295,199,63,71
294,197,58,72
294,193,51,72
295,189,39,73
289,186,37,75
282,181,33,76
272,181,35,71
262,176,41,74
253,173,49,72
243,173,61,69
237,171,65,68
231,169,68,68
229,168,62,67
224,167,63,64
220,164,60,64
216,161,58,64
216,159,51,64
216,158,41,67
216,155,32,70
214,155,30,70
214,156,31,67
210,156,36,68
201,156,44,66
196,159,53,65
191,160,59,65
190,163,60,64
187,163,62,65
186,167,59,62
188,170,58,60
189,170,57,62
193,169,52,65
196,175,49,58
201,175,40,54
203,174,35,59
205,172,29,61
208,173,24,56
210,182,22,50
210,182,22,50
210,182,22,50
210,182,22,50
212,168,20,45
209,174,22,47
208,168,23,52
207,170,24,47
204,169,29,52
204,164,27,58
200,158,31,64
200,155,31,63
200,150,32,64
201,143,30,67
200,137,30,68
199,136,33,67
199,131,31,68
197,130,34,67
195,128,36,68
193,129,38,62
192,127,40,63
191,126,39,63
189,128,40,65
188,127,40,67
184,129,46,69
182,132,47,69
174,135,55,74
175,139,53,73
178,147,47,74
174,156,50,76
172,167,52,72
169,178,51,74
163,185,58,74
157,188,60,82
154,196,61,81
148,201,62,84
143,204,65,85
141,201,64,90
141,203,61,87
142,203,56,81
139,204,55,82
130,199,61,80
129,195,57,79
122,192,63,79
120,189,61,79
112,185,68,78
118,184,60,73
113,184,62,69
107,182,67,70
105,179,68,69
102,179,70,74
100,184,71,71
100,185,73,74
104,184,65,73
101,188,71,75
99,190,73,72
100,191,78,74
106,190,75,74
112,189,75,72
120,190,74,78
124,193,73,73
133,194,71,74
138,199,74,76
151,195,72,81
152,199,82,80
161,196,84,80
181,197,70,77
189,195,72,80
202,195,71,77
214,192,71,78
227,187,72,81
239,182,71,77
253,178,71,79
264,173,66,79
275,172,70,77
288,172,67,77
296,170,69,80
308,171,64,80
318,172,60,82
320,178,64,78
326,179,61,77
331,181,57,80
329,186,58,78
329,189,57,77
322,191,62,78
321,192,63,78
315,195,62,78
310,200,61,81
298,207,63,76
283,211,68,78
264,216,71,76
244,211,70,83
225,214,70,80
207,211,71,85
185,206,73,85
162,206,79,82
137,199,79,86
117,196,82,82
97,193,85,79
82,191,84,73
68,180,84,76
52,173,86,74
42,166,81,72
37,162,78,70
35,158,70,66
36,150,65,68
36,152,55,61
35,147,54,59
33,145,55,59
34,142,54,68
35,141,55,65
33,144,58,65
35,148,63,66
38,152,65,70
40,157,65,67
54,161,57,69
60,170,57,66
78,181,49,61
92,185,54,62
114,192,47,58
128,186,47,69
131,205,53,69
189,207,56,60
193,208,54,59
211,194,48,64
225,189,45,67
238,183,60,69
252,174,73,70
266,167,75,70
279,161,80,73
291,152,78,71
302,148,77,68
312,144,75,67
321,141,72,69
330,139,66,68
335,137,66,68
345,137,61,65
345,136,63,70
346,138,60,71
345,139,61,73
343,143,59,73
338,149,58,71
330,150,57,74
321,154,57,76
309,159,58,78
297,166,58,77
282,172,57,75
263,178,59,74
244,183,59,73
216,182,66,79
200,186,66,80
175,186,77,85
153,191,83,95
134,195,89,88
115,193,87,75
99,192,82,71
92,188,78,73
75,179,86,74
60,174,86,70
55,171,84,74
49,166,76,69
47,161,71,67
42,157,73,66
42,156,72,67
41,153,72,71
42,153,68,70
42,160,64,66
44,164,60,69
43,171,61,74
42,178,63,72
48,188,63,71
56,197,64,70
63,197,69,74
73,203,65,82
89,209,62,76
103,217,62,79
121,214,64,83
138,221,68,79
158,218,77,85
175,213,79,92
197,216,73,84
221,221,72,78
240,217,72,80
262,215,78,74
279,208,76,72
297,200,75,70
318,191,68,73
331,181,67,74
341,175,68,70
351,167,67,72
361,162,69,70
371,158,68,70
376,154,69,67
377,150,71,67
385,149,64,67
385,152,61,64
390,154,53,64
382,155,58,65
374,158,58,66
366,162,59,69
356,166,59,72
347,172,57,74
335,178,56,75
329,183,47,79
314,198,46,71
296,207,46,64
273,214,45,64
273,214,45,62
254,215,41,69
228,217,49,69
209,221,49,68
189,218,62,74
148,219,70,71
145,221,57,67
130,202,58,75
107,197,65,74
94,191,64,69
88,182,58,67
76,172,59,69
67,161,59,69
55,155,62,68
53,150,60,62
48,148,59,63
43,145,65,61
44,142,63,61
43,144,61,58
41,145,65,62
45,143,61,64
49,147,60,64
50,151,62,65
51,161,65,65
55,164,68,73
65,170,68,74
75,182,70,77
87,187,75,76
98,191,74,76
116,202,73,89
133,200,80,93
148,196,100,93
163,196,86,88
173,203,92,83
207,203,79,74
238,197,67,77
258,192,68,73
278,182,65,79
294,178,65,79
312,176,64,78
326,172,63,79
333,166,67,79
343,165,67,76
353,162,67,77
359,159,66,78
366,160,63,73
369,160,63,76
370,160,63,76
369,161,62,78
363,164,65,77
357,167,69,79
347,172,70,80
340,176,69,77
331,183,68,81
319,189,66,80
301,196,71,80
284,202,71,78
264,209,70,77
242,213,71,80
222,219,71,77
203,218,69,76
180,224,70,72
158,213,78,74
137,213,83,71
115,210,84,72
98,208,86,75
87,201,84,78
71,199,92,77
59,197,96,75
54,198,91,70
40,201,96,63
40,197,91,70
38,201,87,66
38,198,87,73
38,197,85,73
42,200,85,75
48,203,82,70
55,205,80,72
62,207,82,77
80,209,75,79
94,214,68,84
107,216,64,85
119,224,63,80
139,229,61,78
168,234,48,76
189,238,37,73
210,243,32,67
231,257,29,55
251,251,24,58
269,247,23,62
283,252,26,54
302,243,28,58
315,244,32,51
327,230,29,62
333,217,36,68
342,212,40,67
351,201,44,70
356,195,48,71
361,195,50,66
361,187,57,73
365,185,56,72
370,187,55,66
370,181,56,69
369,181,58,69
367,181,59,68
362,181,62,65
356,180,64,67
351,182,65,66
352,183,60,65
338,178,66,72
333,181,61,66
328,180,55,68
315,185,59,63
308,191,54,57
295,191,57,59
284,181,54,68
270,182,56,71
257,185,52,67
244,187,52,66
232,185,52,63
219,182,52,68
220,182,52,67
208,184,55,63
197,184,57,67
186,178,57,69
174,178,57,69
168,178,54,67
161,176,54,69
154,176,53,67
147,176,55,67
139,176,59,67
137,178,55,67
134,177,57,66
134,180,54,63
129,178,59,65
130,177,59,65
134,178,54,65
132,177,57,66
134,177,57,68
136,178,60,70
139,181,52,65
104,139,42,60
104,139,42,60
104,139,42,60
160,188,49,60
160,188,49,60
160,188,49,60
160,188,49,60
173,181,49,66
182,185,48,64
186,188,49,62
187,187,50,63
192,188,50,62
193,187,57,61
194,186,57,57
196,186,59,62
198,182,59,61
200,182,57,61
200,182,61,61
200,182,61,61
199,180,62,64
199,179,62,67
197,179,62,67
196,176,63,68
193,180,62,64
189,181,64,60
187,176,62,67
186,176,61,69
180,174,64,70
175,173,66,70
171,173,66,72
166,170,68,74
160,172,67,72
157,173,68,70
153,171,66,71
151,175,63,67
143,173,66,69
140,176,65,66
133,173,70,73
131,173,67,74
128,172,69,77
122,166,70,82
124,174,64,72
123,170,63,76
119,174,66,73
116,174,67,73
118,180,62,65
120,175,57,73
117,172,60,80
120,169,57,84
120,168,55,85
119,165,58,87
122,169,55,84
122,174,56,81
123,169,56,83
128,171,53,79
128,172,54,82
130,171,54,79
123,174,67,78
117,170,73,83
122,179,70,73
117,179,67,74
125,182,52,75
132,190,41,67
140,188,40,65
140,190,51,65
140,183,55,65
132,178,64,70
131,178,70,72
127,172,72,74
133,177,67,68
141,182,59,63
154,177,45,66
164,176,37,66
163,174,51,67
163,172,61,68
166,170,66,75
167,170,70,76
171,169,70,74
174,172,64,74
180,175,53,73
198,182,35,68
208,183,32,69
214,183,38,71
212,182,52,70
211,177,69,76
214,179,70,71
221,177,70,71
235,176,62,71
250,173,53,75
269,176,36,71
282,175,25,69
287,176,28,69
294,171,42,71
292,170,56,70
293,173,67,69
302,169,62,71
307,171,61,67
310,170,59,69
317,167,49,72
319,168,45,71
330,173,37,65
331,174,38,67
332,174,37,66
332,177,39,65
330,177,41,67
319,181,51,65
313,184,52,63
305,184,53,66
302,182,51,69
294,182,49,70
286,177,47,74
283,183,35,69
274,187,27,65
258,201,27,57
247,201,26,55
231,204,33,49
205,193,49,59
189,189,55,61
168,186,62,62
155,181,64,65
140,178,61,66
126,173,60,69
114,171,58,66
99,167,66,70
92,163,55,69
88,164,51,63
83,160,49,65
76,159,54,61
73,156,58,66
77,152,57,66
72,147,62,62
72,141,67,62
77,140,70,66
79,135,74,72
83,134,78,71
92,131,79,73
106,131,72,71
128,131,55,77
136,138,46,73
152,140,34,68
162,140,35,68
169,135,44,72
176,137,52,70
185,141,55,62
194,138,62,62
204,134,63,65
209,133,66,65
215,130,68,68
222,129,63,64
227,129,58,61
230,127,56,59
235,125,50,58
238,124,47,57
241,124,43,56
242,124,40,56
240,124,37,60
233,126,39,62
229,134,38,58
218,139,40,56
206,139,44,60
192,144,51,56
181,143,53,59
159,139,64,64
147,137,64,65
135,137,66,67
121,132,70,70
116,130,66,69
110,127,65,64
104,122,63,61
99,120,65,56
96,119,65,52
94,115,64,54
97,111,59,52
99,109,54,55
100,105,56,59
101,108,56,55
104,111,57,52
110,114,53,53
112,116,55,55
118,120,56,56
133,126,45,56
140,132,41,63
149,136,45,66
156,148,51,62
166,154,55,60
186,161,54,51
199,147,59,59
211,141,61,62
227,132,63,64
236,126,70,61
250,123,70,61
264,121,68,58
274,116,69,60
283,115,69,58
291,113,66,59
298,115,62,57
303,115,62,53
301,116,62,57
300,121,64,52
300,125,60,51
295,125,61,57
285,132,60,58
273,135,58,63
265,140,60,64
250,154,50,54
237,166,38,49
217,170,38,48
197,170,35,57
179,171,33,59
154,167,36,61
134,162,41,61
106,162,47,61
89,162,44,56
73,145,46,62
55,138,57,69
41,135,68,63
37,129,61,62
32,123,55,59
31,120,49,53
31,116,42,55
33,114,45,50
20,112,52,56
30,110,49,52
34,110,45,51
35,112,47,53
37,112,45,57
36,117,53,58
37,118,61,62
44,118,65,70
48,123,69,74
61,130,70,78
75,139,77,83
91,149,84,84
110,157,81,84
123,167,91,81
144,175,87,84
178,181,81,86
200,192,81,78
227,193,78,77
256,194,71,74
281,188,71,78
299,189,67,72
322,183,59,74
335,181,60,76
344,176,62,78
360,177,56,75
374,177,51,75
381,178,50,73
393,183,44,70
397,185,42,68
403,189,41,68
404,191,38,65
404,193,39,66
408,196,33,63
404,196,35,65
404,195,33,65
402,196,33,61
400,196,33,60
394,194,39,62
394,194,36,60
392,195,38,57
390,192,38,56
386,189,41,57
382,186,44,53
379,183,44,52
376,181,47,49
377,177,43,51
375,176,44,47
371,176,46,44
370,176,47,42
368,176,48,43
368,176,48,43
365,178,50,46
362,181,55,48
363,183,55,50
357,186,59,54
358,190,59,56
354,198,62,57
350,200,65,59
352,203,62,60
353,201,60,69
350,200,62,72
343,193,66,78
342,181,61,82
341,170,57,85
339,155,54,86
331,136,57,91
332,114,51,97
332,91,46,104
331,78,44,101
325,58,49,106
324,46,47,106
321,38,51,106
318,27,57,109
313,30,63,100
305,32,73,102
305,37,78,102
304,55,80,96
286,68,93,98
293,91,93,95
296,123,90,84
295,148,94,81
294,168,97,87
303,179,87,92
307,198,88,86
318,207,78,86
326,216,71,78
332,225,68,74
343,228,58,72
353,232,48,68
365,231,38,63
374,228,30,62
380,227,25,59
383,224,23,56
385,224,24,51
385,218,26,49
385,219,26,47
390,212,36,46
389,220,35,44
388,224,32,45
388,233,30,50
386,235,28,53
382,243,30,58
381,248,31,60
376,258,32,58
371,254,33,68
363,253,37,71
345,249,51,78
332,246,58,77
329,235,59,82
312,227,67,89
301,215,69,89
290,204,78,83
280,207,92,81
272,200,94,76
264,187,93,74
251,174,98,72
249,164,97,71
241,158,97,71
238,128,98,92
238,135,86,87
239,136,84,88
243,149,76,80
245,145,68,90
250,168,69,76
260,187,54,69
264,207,51,67
271,214,48,75
280,224,43,79
284,236,44,84
297,242,49,81
307,244,51,83
316,249,54,79
324,248,57,78
327,248,63,70
333,242,62,72
338,238,65,68
345,233,60,62
352,224,59,60
358,217,58,56
359,210,57,54
367,204,50,49
370,200,45,46
373,192,44,44
376,188,41,41
378,185,38,38
381,182,35,38
383,179,31,36
383,177,29,34
385,178,27,33
386,179,25,33
387,180,23,33
388,185,21,33
387,188,22,35
386,194,23,35
385,200,25,38
382,205,28,42
377,213,33,42
372,220,36,43
369,226,38,49
364,232,39,52
351,240,45,62
344,241,54,67
334,247,61,73
326,251,58,84
314,254,64,81
292,255,75,83
277,245,84,93
263,236,91,93
241,228,105,87
231,214,95,80
217,194,104,80
207,176,107,76
193,164,114,65
195,146,104,65
184,126,106,75
171,103,113,84
170,93,109,87
174,91,103,88
174,86,98,97
173,93,99,92
179,100,92,95
191,111,79,93
201,141,70,79
207,166,68,71
216,187,61,69
234,205,51,73
248,221,46,73
263,232,40,72
277,246,33,63
290,238,35,72
305,237,38,68
312,240,41,63
318,229,43,71
327,225,45,68
336,219,52,62
334,215,62,61
339,210,61,54
343,205,57,53
353,201,46,50
361,199,39,43
369,195,32,42
378,190,28,39
378,189,34,36
376,181,40,40
377,178,42,41
376,179,47,40
378,181,45,40
382,182,41,42
383,186,39,48
387,189,34,51
389,195,30,52
391,202,28,50
389,208,30,51
386,215,35,51
384,224,43,55
379,232,50,63
371,242,60,62
364,247,63,65
357,251,68,69
349,253,70,78
337,250,60,86
332,245,48,91
322,239,40,93
313,233,41,87
295,220,52,83
274,196,57,86
252,177,75,73
207,164,92,69
207,164,92,69
172,112,108,66
144,77,121,77
129,54,120,84
123,34,119,92
124,26,111,97
120,16,100,106
115,10,86,113
108,8,82,123
96,17,80,115
90,32,92,103
81,59,100,84
75,83,109,77
63,99,106,86
60,116,100,85
67,132,90,88
66,147,84,92
68,168,68,96
69,191,58,95
73,208,47,100
75,224,46,94
78,241,44,83
85,244,42,81
84,245,43,77
77,246,54,71
73,243,62,69
74,242,63,64
70,238,62,58
68,233,63,56
70,226,65,54
72,219,59,54
79,212,52,53
80,209,45,53
83,206,39,50
83,203,33,50
86,200,28,51
79,199,33,49
78,199,39,47
73,201,46,43
69,200,53,44
63,201,58,44
58,204,58,43
51,206,64,45
49,211,58,48
45,214,55,53
44,221,45,49
43,225,41,53
36,228,40,58
32,230,37,66
32,228,39,71
25,227,47,75
19,223,53,79
8,216,67,84
13,206,66,88
11,194,66,90
11,180,73,90
27,163,67,90
19,146,77,82
18,121,85,86
15,90,91,97
36,51,82,108
61,24,71,127
70,6,81,123
78,14,85,99
94,10,95,87
94,11,117,75
111,11,122,72
117,21,137,66
133,30,140,74
146,35,138,87
169,56,131,87
177,71,122,104
184,100,111,104
195,119,93,111
209,158,83,102
222,186,70,102
233,210,53,97
234,225,47,96
230,244,46,88
220,251,49,86
209,260,51,83
195,267,52,76
185,272,50,71
173,272,54,67
157,269,62,65
157,269,62,65
137,270,57,60
127,260,60,63
113,256,65,66
103,255,61,67
94,255,61,63
82,252,60,67
70,250,60,69
58,247,60,70
45,247,54,68
32,244,47,71
11,242,51,74
11,242,51,74
11,242,51,74
11,242,51,74
11,242,51,74
11,242,51,74
11,242,51,74
11,242,51,74
11,242,51,74
11,242,51,74
11,242,51,74
11,242,51,74
11,242,51,74
11,242,51,74
11,242,51,74
11,242,51,74
11,242,51,74
11,242,51,74
11,242,51,74
-3,208,52,71
5,225,56,61
29,228,47,57
35,225,53,57
43,221,56,60
62,217,48,58
73,214,45,60
88,211,41,54
100,206,36,50
108,202,31,45
116,198,29,43
121,195,30,40
121,194,30,41
126,189,34,41
127,186,34,35
129,185,37,35
129,180,39,39
129,182,47,38
129,180,46,40
127,183,45,41
126,184,45,45
121,188,47,48
117,191,51,54
111,193,57,60
100,197,55,61
89,207,56,64
78,205,52,70
63,212,46,73
43,214,43,69
25,220,45,74
25,220,45,74
25,220,45,74
25,220,45,74
25,220,45,74
25,220,45,74
25,220,45,74
25,220,45,74
25,220,45,74
25,220,45,74
25,220,45,74
25,220,45,74
25,220,45,74
25,220,45,74
25,220,45,74
25,220,45,74
21,98,51,76
48,133,47,67
56,141,56,77
73,162,67,77
62,177,80,88
101,195,98,98
132,202,104,102
192,221,88,98
240,232,78,100
279,236,74,96
314,233,62,89
338,233,66,94
363,230,62,92
387,225,58,90
401,216,56,87
408,207,57,83
415,199,56,76
422,192,53,67
429,185,48,62
430,177,47,59
431,172,46,56
425,164,50,57
424,162,49,53
419,160,50,52
413,160,49,50
402,161,52,50
396,162,52,53
384,166,58,52
371,175,62,52
359,179,63,58
343,188,70,58
333,197,66,58
312,208,72,63
289,219,71,62
258,229,69,60
220,233,69,65
188,227,67,67
130,218,81,75
87,202,83,92
54,188,81,93
15,176,78,89
-10,131,79,82
-10,131,79,82
-10,131,79,82
-10,131,79,82
-10,131,79,82
-10,131,79,82
-10,131,79,82
-10,131,79,82
-10,131,79,82
-10,131,79,82
-10,131,79,82
-10,131,79,82
-10,131,79,82
-10,131,79,82
-10,131,79,82
-10,131,79,82
-10,131,79,82
-10,131,79,82
-10,131,79,82
-10,131,79,82
-1,104,65,78
19,123,51,83
36,142,54,87
44,164,70,80
61,178,76,82
92,191,75,80
118,196,71,75
149,200,62,71
181,199,50,70
205,195,48,66
230,189,41,61
246,181,41,60
259,172,47,64
271,163,53,64
278,154,63,68
291,156,62,64
295,149,68,62
300,136,67,74
296,128,75,86
301,123,73,95
295,121,78,99
297,148,72,75
288,149,76,76
278,154,80,76
259,161,91,78
244,167,89,80
221,170,89,87
198,177,96,87
201,176,91,89
179,178,90,93
153,186,88,93
128,191,88,94
107,192,73,104
81,198,87,95
68,202,71,82
54,197,66,85
39,191,72,86
38,187,65,82
42,176,64,84
41,170,65,81
36,175,70,69
38,168,72,69
39,166,76,69
35,170,83,61
40,168,81,66
45,168,83,65
58,170,80,67
70,172,79,72
85,177,71,69
99,181,70,66
115,182,62,64
126,183,67,69
148,192,57,64
171,190,46,66
192,196,34,61
207,197,32,65
221,194,31,65
233,184,33,72
244,180,37,71
251,178,43,68
257,167,52,74
262,158,59,75
262,147,68,77
265,142,73,77
268,128,78,78
261,120,89,78
255,115,89,75
247,110,93,72
233,98,93,75
226,96,87,67
212,94,89,67
200,88,81,72
181,89,76,74
166,93,69,78
150,102,54,72
113,101,64,84
90,112,67,84
69,118,72,86
51,120,80,91
42,131,77,84
44,135,72,83
41,135,71,86
39,143,72,82
38,147,71,80
36,143,75,83
39,144,74,78
40,149,82,76
44,154,83,65
57,157,75,67
65,159,74,66
83,161,68,63
101,161,60,60
116,162,56,63
125,161,56,70
142,162,48,69
160,170,42,65
176,174,37,64
192,174,28,65
201,177,26,66
210,175,31,68
219,176,39,71
229,174,40,73
236,173,46,76
242,173,55,78
245,171,64,80
249,171,72,78
248,167,81,80
247,165,83,76
238,155,89,82
235,147,91,86
228,136,94,89
209,134,103,86
202,132,92,81
179,126,102,85
167,130,91,82
145,127,83,83
125,128,79,89
107,130,71,90
71,133,70,94
56,134,62,101
41,149,57,92
22,152,66,88
15,152,64,90
21,154,55,92
18,158,55,84
17,164,54,81
20,167,53,78
17,172,59,72
19,170,62,80
15,169,74,84
36,176,64,73
38,176,73,74
46,178,78,72
55,182,82,73
70,183,78,68
88,189,75,63
103,193,69,60
124,190,55,65
147,193,45,65
161,202,41,57
184,204,32,61
195,204,30,64
206,207,30,65
218,209,30,69
225,215,35,67
232,217,43,72
237,216,48,74
241,212,51,81
240,213,63,79
241,214,61,83
238,210,69,86
234,213,78,82
223,208,91,84
214,203,95,87
204,197,100,93
187,192,107,93
161,186,112,96
134,181,127,94
115,176,116,99
94,174,114,107
74,167,104,115
58,172,90,107
39,167,75,107
29,175,70,99
36,171,58,93
39,169,53,93
14,177,64,89
15,187,58,82
14,187,62,87
22,194,57,81
21,197,64,85
40,202,55,81
43,203,64,83
40,204,80,83
45,208,86,78
56,207,94,80
78,208,85,79
97,211,77,73
117,210,73,73
135,213,69,61
158,211,58,59
182,210,46,58
200,205,36,59
214,200,34,61
223,195,36,59
230,193,38,59
238,190,40,59
244,187,44,62
247,186,49,62
250,184,52,65
251,184,56,68
251,181,62,72
249,188,65,70
245,192,69,72
235,194,78,79
225,208,83,77
206,216,98,84
200,221,93,89
179,216,96,98
159,217,96,97
133,217,98,92
108,217,90,100
86,218,82,104
71,222,77,109
56,228,59,106
26,234,69,102
38,234,51,91
38,233,42,81
18,232,55,85
9,227,57,84
9,224,52,81
11,224,54,77
14,223,56,80
18,222,59,75
25,222,56,75
34,218,57,75
33,213,64,84
37,208,68,81
38,206,76,80
50,206,77,76
59,201,78,79
75,196,74,77
90,192,71,70
110,185,59,71
128,178,46,72
142,167,37,73
153,171,35,62
159,158,37,64
163,141,40,71
169,134,40,69
170,123,45,73
174,119,48,70
172,114,61,70
173,113,67,68
175,113,66,63
173,114,71,56
171,110,74,58
166,105,81,61
162,98,76,68
160,96,77,70
152,95,75,72
146,97,76,72
137,106,74,64
134,105,67,67
136,97,53,77
131,100,53,75
130,99,48,77
123,99,47,76
122,101,43,72
122,101,42,68
115,99,47,67
115,100,50,68
110,99,56,65
107,97,64,67
108,98,66,65
109,92,67,69
109,92,72,68
108,87,75,70
111,86,72,71
113,84,72,71
115,86,70,67
122,86,62,65
132,80,56,68
136,86,50,66
139,77,43,73
141,77,36,69
138,79,36,68
131,78,39,67
128,74,43,72
121,73,49,70
116,74,58,65
115,70,60,70
111,70,64,67
108,72,68,69
100,63,81,75
94,71,81,72
93,75,79,69
91,80,74,65
90,83,69,68
89,85,60,71
87,85,50,75
90,86,38,79
89,98,35,71
84,101,41,71
79,100,47,76
73,107,55,70
66,109,64,72
61,109,72,72
58,111,73,70
55,113,74,69
58,112,68,68
57,107,69,72
61,110,63,67
63,106,61,69
68,107,51,65
72,109,42,63
73,105,33,68
71,103,31,70
66,102,34,73
60,102,42,74
56,106,49,72
55,109,54,71
53,109,62,73
51,108,72,79
49,107,75,81
49,108,79,84
53,115,78,84
53,116,84,83
60,119,76,84
70,122,72,87
78,128,64,82
86,126,55,90
97,127,47,89
106,132,46,80
116,132,47,84
120,125,56,90
123,128,57,85
125,126,72,88
125,121,78,87
125,122,81,85
125,118,88,91
129,118,86,90
131,115,87,92
135,118,82,90
139,117,81,95
144,119,72,94
145,120,70,96
149,124,58,95
152,122,50,105
147,123,49,110
135,130,51,107
123,135,58,105
118,140,60,106
108,141,71,112
101,144,79,113
90,154,90,110
83,162,92,108
82,161,95,110
79,164,95,109
72,166,99,112
70,165,103,115
70,170,98,112
76,164,87,112
81,163,76,119
90,167,61,119
96,173,57,111
97,176,63,110
96,178,69,111
88,173,83,114
85,173,93,115
79,177,111,107
75,168,124,120
74,167,124,121
74,175,134,115
77,163,131,127
84,167,124,125
90,168,116,123
95,165,112,127
114,157,90,132
123,161,77,127
128,167,59,114
124,171,58,110
111,172,67,110
112,171,69,109
105,149,82,129
95,146,102,131
94,148,112,129
95,145,113,129
91,145,124,131
77,158,137,124
83,158,129,117
86,155,128,125
94,167,108,111
92,162,105,114
101,165,80,114
107,163,64,119
111,162,54,119
112,171,55,112
112,172,59,108
106,168,66,110
97,172,82,107
84,166,103,111
78,161,115,118
71,164,123,114
66,165,134,112
71,154,127,121
74,162,127,118
79,159,121,119
88,158,119,123
98,158,104,120
113,153,88,124
124,143,69,137
127,152,66,125
129,152,61,126
127,159,58,118
124,168,60,108
123,168,64,108
116,163,79,114
115,159,94,117
106,153,108,122
107,153,116,123
105,157,124,116
105,156,128,115
107,154,122,115
100,158,134,116
101,161,128,114
111,155,114,119
112,168,106,110
118,161,85,114
120,158,66,119
123,157,57,121
126,160,53,120
122,169,61,112
117,174,68,104
107,171,85,110
92,171,103,113
84,165,119,118
77,165,128,123
78,166,127,115
73,168,129,116
78,166,125,120
83,165,120,122
92,170,107,119
