224,107,419,221
215,105,441,238
216,98,447,239
219,92,442,238
222,109,441,231
224,102,432,225
223,102,437,231
221,103,435,226
215,98,440,228
219,98,435,244
207,93,442,240
211,98,441,235
204,92,437,240
205,96,423,239
201,107,431,219
198,97,429,229
185,96,437,231
189,98,425,226
187,103,431,232
183,106,421,220
178,109,424,217
173,98,425,228
173,104,411,216
164,103,422,215
161,97,425,222
159,97,427,224
152,96,421,224
151,88,429,228
159,92,422,225
159,89,427,217
144,99,425,207
154,80,429,222
162,85,415,212
163,73,423,221
158,81,417,223
169,73,411,218
171,89,412,210
179,90,421,209
175,81,432,235
181,84,432,231
195,94,419,218
194,92,426,220
197,97,431,226
199,94,437,225
202,91,431,225
204,99,443,226
209,92,438,239
217,97,427,229
220,97,437,236
222,86,438,240
227,96,426,250
238,92,420,237
226,98,431,242
226,94,454,233
215,96,442,248
218,96,437,237
217,106,432,242
204,102,455,236
204,101,457,237
219,105,445,228
224,108,431,223
239,113,421,236
230,106,437,231
231,112,428,240
244,120,417,235
257,105,422,242
257,118,422,240
282,110,414,241
291,123,429,224
296,103,432,244
317,107,414,241
317,94,439,243
324,91,420,249
328,90,415,247
329,91,422,244
334,96,398,234
352,106,382,216
367,109,400,231
328,110,422,226
387,122,366,221
397,121,334,211
404,119,351,227
415,111,321,232
414,113,319,239
432,122,304,230
420,133,323,232
427,132,321,217
428,141,312,213
436,144,302,222
436,144,311,209
452,146,293,225
440,153,306,206
452,154,304,208
445,149,308,201
466,154,293,208
464,141,293,207
467,152,284,214
470,138,271,212
480,136,268,201
480,134,269,208
482,131,268,207
483,128,259,211
486,124,274,205
481,120,264,203
479,117,264,206
482,116,257,201
474,128,270,200
471,130,255,189
474,136,286,199
464,141,294,191
468,139,283,192
454,149,299,175
461,156,303,183
459,160,324,178
452,162,327,174
449,167,316,173
457,169,310,175
450,174,313,181
435,175,300,177
449,177,289,171
436,175,291,170
435,175,301,164
422,173,298,164
422,166,299,167
405,166,305,172
416,162,280,167
417,156,297,160
412,154,297,162
420,159,296,156
412,148,309,167
428,151,295,154
433,145,294,156
420,147,308,155
429,147,315,155
436,152,309,156
455,153,288,153
462,153,286,157
465,151,291,157
462,156,295,153
469,157,284,151
473,155,288,151
479,155,283,150
477,154,277,155
481,162,278,146
474,157,272,147
480,160,269,147
477,156,274,145
473,161,270,146
473,160,269,146
472,162,270,143
476,163,263,140
467,165,263,139
466,171,255,137
460,164,260,140
461,176,250,126
453,173,247,128
454,178,260,125
439,173,252,130
439,175,251,127
439,175,254,126
432,173,247,121
434,175,242,126
436,172,236,123
425,177,240,118
423,173,236,120
431,174,225,115
422,174,235,116
428,177,224,113
424,176,227,114
437,176,208,113
434,176,213,115
421,176,223,109
423,179,220,109
426,178,220,112
435,178,211,108
431,176,214,113
433,176,217,111
431,180,214,107
435,180,210,106
422,177,217,110
437,177,202,113
424,175,208,112
426,172,206,115
425,169,203,116
424,164,203,115
419,165,200,119
411,158,203,125
410,157,200,124
408,154,195,127
403,157,197,122
399,159,200,120
399,156,190,126
397,156,185,129
397,149,181,135
394,153,184,133
395,151,174,127
395,159,182,126
398,152,167,133
406,150,163,135
403,149,159,135
408,151,156,137
412,152,147,135
412,151,147,133
416,151,138,135
433,150,117,138
419,146,132,129
425,151,126,135
431,146,119,138
421,151,129,132
425,149,123,131
430,148,116,136
435,150,112,133
433,145,107,141
441,151,92,138
440,150,100,136
439,151,97,138
435,152,96,139
441,149,87,142
440,148,90,139
439,151,88,137
440,151,85,133
437,149,84,136
442,150,81,133
452,152,64,125
447,151,67,133
437,151,76,137
449,152,61,132
444,153,63,129
441,151,62,130
441,151,62,127
441,152,63,131
438,151,59,131
435,150,56,124
432,151,58,128
423,151,59,124
458,154,57,137
459,150,57,141
453,150,67,144
445,151,78,140
439,150,90,141
429,156,102,135
423,161,109,122
409,156,121,131
399,157,125,123
391,160,136,119
389,152,152,131
380,153,144,126
382,164,143,113
387,157,157,123
381,165,164,112
375,161,161,109
376,163,167,106
374,160,172,114
372,161,177,116
372,161,183,109
373,159,184,116
370,156,191,114
369,162,186,112
369,159,182,110
365,162,191,109
370,167,187,104
361,163,193,110
364,160,195,118
366,163,186,110
367,160,188,119
365,162,191,119
366,163,184,114
365,165,186,115
369,166,178,109
366,169,180,104
365,168,181,108
366,170,179,107
366,166,180,118
365,167,176,120
368,179,170,102
365,179,175,110
366,181,163,113
361,180,164,104
362,181,156,112
359,182,153,117
353,181,148,122
356,186,142,110
351,186,142,108
342,182,148,111
344,184,146,112
338,185,145,103
336,187,144,107
338,185,135,107
338,184,129,108
330,180,138,111
329,182,137,106
330,186,146,97
318,191,148,91
316,182,154,100
305,183,162,93
300,186,151,89
298,178,154,92
284,181,155,89
281,177,156,92
276,177,154,95
270,178,159,90
265,181,158,87
259,179,156,94
256,179,158,88
250,181,165,88
244,178,154,88
243,182,152,92
235,183,158,94
233,182,152,91
232,187,149,88
228,188,147,90
224,190,145,90
221,188,140,90
221,188,142,89
218,191,144,86
214,191,146,91
211,194,147,90
209,195,144,84
211,193,139,83
209,193,141,83
208,195,137,87
203,194,143,84
207,195,139,81
206,196,133,78
207,196,130,81
206,197,135,84
206,200,137,80
204,203,129,77
208,201,123,75
209,202,129,78
209,203,125,74
209,206,119,78
208,209,126,73
209,212,123,75
206,210,125,76
206,213,118,78
205,217,117,69
205,217,122,72
201,218,123,73
203,220,118,70
204,222,109,68
203,223,105,69
205,227,99,64
201,227,96,63
202,226,93,70
204,228,85,66
202,229,82,65
203,230,83,64
204,233,75,62
209,233,72,62
209,237,71,61
208,234,71,65
212,239,67,59
212,241,70,57
214,244,70,59
214,250,71,56
214,252,74,57
216,251,80,61
214,258,75,57
218,263,70,55
219,267,72,53
216,269,72,53
221,273,67,53
218,276,69,54
219,280,70,53
216,284,72,53
216,286,73,54
217,288,73,53
216,291,79,54
215,292,81,55
216,299,78,49
214,298,79,53
214,301,80,53
215,299,78,59
219,306,76,60
219,307,82,59
221,312,80,54
224,315,77,51
228,317,74,55
226,316,78,55
227,318,75,50
225,317,77,52
226,319,76,52
225,316,78,53
224,316,82,53
221,312,83,56
222,319,83,51
225,314,79,56
226,319,78,51
227,317,77,52
224,315,79,53
227,322,79,50
227,316,78,54
227,316,78,52
224,319,81,51
225,316,77,52
225,318,78,50
226,317,77,52
227,321,77,50
227,318,76,51
228,317,77,52
227,319,75,51
227,317,71,53
229,318,68,50
224,316,72,53
224,320,69,51
225,317,64,52
226,317,66,52
230,317,59,52
228,317,58,52
226,318,55,51
229,320,48,49
225,320,47,48
224,320,42,52
224,320,42,52
224,320,42,52
224,320,42,52
224,320,42,52
224,320,42,52
224,320,42,52
224,320,42,52
224,320,42,52
224,320,42,52
224,320,42,52
224,320,42,52
224,320,42,52
224,320,42,52
224,320,42,52
266,313,47,51
259,312,53,55
252,314,62,52
248,313,68,52
240,315,76,52
233,317,81,51
230,315,82,54
233,317,86,50
224,313,95,55
224,318,90,52
223,314,92,53
223,317,91,54
222,316,91,52
223,317,89,52
224,315,91,51
226,316,89,52
224,317,91,52
225,317,91,50
228,316,91,52
224,315,93,52
227,317,93,52
223,317,94,50
224,314,94,53
223,318,93,52
227,316,88,52
228,316,92,53
226,320,90,48
228,315,90,52
224,315,92,54
227,317,93,53
228,321,87,48
225,317,90,50
226,317,91,51
227,316,90,54
228,319,90,48
223,318,89,50
227,317,88,53
227,316,92,50
229,320,88,49
225,316,89,53
228,316,88,51
229,316,90,52
226,317,86,55
229,318,88,50
227,315,88,52
221,317,90,54
228,317,92,49
225,316,89,52
227,318,92,51
228,316,86,55
227,317,89,50
224,317,93,54
231,317,89,51
229,319,91,49
223,317,91,51
227,315,87,55
229,317,92,50
224,316,87,51
226,317,88,53
228,315,91,51
225,314,94,54
223,317,94,54
223,315,93,56
227,321,94,46
224,313,95,54
226,319,93,52
223,316,96,53
227,315,91,54
226,318,89,48
229,316,85,51
226,316,85,54
228,318,88,53
229,317,91,49
226,320,88,51
227,315,88,52
228,314,91,54
221,315,91,54
225,318,88,51
226,317,90,50
227,318,92,51
222,319,94,51
226,317,96,50
227,319,93,51
226,318,88,51
228,315,87,54
227,317,93,54
226,315,91,53
225,316,88,53
226,315,89,54
229,314,92,52
233,311,88,52
234,309,90,53
235,304,92,54
239,304,90,52
242,299,93,54
244,296,92,54
246,293,94,53
251,291,93,53
254,291,94,53
258,289,96,51
262,290,93,52
262,288,93,52
271,292,89,50
276,290,92,50
283,292,92,45
288,290,91,45
293,292,88,46
295,292,85,47
299,292,84,48
307,293,85,48
310,298,80,46
310,296,85,52
311,301,79,48
319,302,78,49
320,304,74,52
324,305,77,53
322,301,77,55
327,305,73,52
328,303,72,54
327,299,73,59
330,305,69,56
329,302,70,60
332,299,70,64
332,297,70,63
330,296,76,60
335,300,71,57
336,297,74,57
338,301,75,55
339,295,76,56
345,298,77,54
346,296,76,56
350,290,78,59
348,296,81,53
352,294,83,50
354,293,85,53
354,295,83,54
353,293,84,50
357,294,83,49
359,291,83,50
363,292,83,53
364,291,83,51
364,292,84,54
369,293,81,50
370,296,81,48
372,295,83,49
376,293,85,49
379,293,85,50
381,292,88,48
386,289,90,49
389,288,94,47
392,284,99,49
394,281,97,51
399,280,102,51
407,278,97,50
409,272,100,57
418,271,95,55
422,267,105,59
420,262,102,66
425,261,109,69
429,257,112,71
435,258,109,68
443,253,107,74
444,251,112,81
448,254,111,79
446,252,117,77
448,250,117,84
450,248,121,83
453,253,123,77
460,251,121,77
455,253,125,74
466,255,120,72
471,256,117,70
467,252,121,72
471,255,118,69
476,258,115,64
479,256,116,65
475,254,120,69
480,256,124,63
483,256,121,62
487,255,116,65
492,255,115,65
489,257,114,61
492,259,108,62
490,260,109,59
489,259,109,55
483,260,110,58
493,260,93,56
490,258,93,61
489,260,92,56
491,257,81,56
493,258,70,58
493,257,65,58
495,256,58,59
495,259,52,57
498,262,41,54
499,262,39,54
496,261,34,54
491,262,33,57
484,266,37,56
476,266,42,55
470,270,43,55
465,274,46,54
472,276,38,52
454,274,49,56
449,278,52,57
443,280,52,58
438,284,55,57
439,289,55,53
431,291,59,55
427,295,60,53
425,296,60,55
420,300,65,51
415,304,63,52
417,304,65,52
411,309,68,51
410,310,70,52
407,311,69,52
407,313,66,51
405,311,63,55
402,311,65,55
401,310,61,55
398,310,63,55
395,305,58,56
391,299,57,55
392,295,52,54
387,291,50,55
383,288,48,53
379,286,50,52
373,279,55,53
370,275,56,56
366,271,60,54
364,270,59,55
359,269,59,59
357,268,65,60
357,268,61,60
349,267,66,66
350,267,63,63
343,270,61,66
343,270,58,63
344,272,58,60
341,274,56,58
333,275,62,56
334,279,59,55
330,277,64,59
327,276,63,58
330,278,57,57
324,280,62,57
318,276,65,59
316,278,67,56
316,277,69,60
314,279,73,58
314,278,65,60
314,277,68,64
312,280,68,61
314,280,64,62
315,280,63,65
315,283,59,65
315,284,57,66
317,284,55,65
317,285,52,64
318,287,46,67
319,288,45,67
322,288,45,69
323,292,40,68
327,294,34,67
332,287,32,74
334,292,29,70
337,292,28,69
341,292,30,71
346,293,28,74
349,294,27,72
352,297,28,69
358,297,27,71
363,297,27,73
366,297,27,73
371,297,27,72
375,298,27,72
379,299,28,65
384,300,25,59
391,323,26,56
395,318,27,57
401,321,25,56
403,327,26,52
412,325,20,43
418,331,19,35
425,335,17,32
430,337,15,31
433,345,19,27
441,345,15,30
448,349,15,29
456,360,17,24
464,354,14,29
470,356,16,30
480,355,16,32
488,356,16,32
497,356,14,32
506,363,15,30
516,362,14,30
525,361,15,29
534,359,13,33
543,356,10,36
550,355,12,35
560,355,10,35
569,360,11,33
577,363,13,30
586,360,13,30
593,361,14,32
603,363,11,32
615,364,9,35
615,364,9,35
615,364,9,35
615,364,9,35
615,364,9,35
594,376,11,36
594,376,11,36
594,376,11,36
615,384,14,34
615,384,14,34
614,389,17,29
631,391,21,25
637,390,21,21
640,390,23,22
632,391,23,24
649,388,22,21
652,388,22,20
656,386,20,22
657,383,22,23
659,383,21,21
657,384,21,20
655,384,24,19
654,385,22,21
651,385,23,21
651,385,23,21
646,391,25,21
645,393,26,22
645,393,26,22
643,397,23,21
642,398,23,20
643,400,21,21
640,399,23,22
635,398,22,22
633,396,22,23
626,395,24,21
621,393,25,23
616,392,24,22
609,389,25,22
600,385,26,22
591,383,28,25
585,380,26,24
578,377,27,24
572,375,25,25
563,371,27,24
557,368,27,25
553,366,25,24
544,361,29,24
539,359,26,25
531,355,28,25
525,352,29,25
519,348,28,26
514,345,28,26
506,340,28,27
502,338,24,27
496,336,24,24
487,331,26,28
482,327,24,28
478,324,21,28
470,321,22,30
461,320,23,29
454,321,21,25
448,319,19,24
440,318,19,25
436,320,17,21
429,319,16,22
422,313,18,24
416,316,17,20
413,316,16,19
405,312,18,23
401,309,18,27
395,305,22,28
390,304,25,31
431,326,23,30
385,301,26,32
383,299,25,32
380,295,25,33
378,292,24,34
416,318,23,32
416,318,24,32
420,317,20,30
425,317,19,28
431,319,16,30
434,321,18,30
438,324,18,31
440,329,19,29
443,335,20,29
445,339,20,28
447,345,19,31
450,352,19,30
453,361,21,30
456,364,20,31
463,369,18,29
462,371,24,34
467,364,24,40
475,366,26,43
481,363,28,44
492,362,25,44
500,354,26,48
509,348,24,51
571,341,26,46
571,341,26,46
542,339,18,50
487,313,23,50
487,312,29,44
492,314,31,37
495,307,33,37
500,300,36,42
510,291,32,51
512,289,36,50
515,280,37,60
523,278,36,65
525,267,33,73
527,264,33,79
533,259,28,87
531,255,28,91
530,257,33,95
527,263,34,94
529,265,32,92
529,271,32,92
530,270,32,96
534,274,29,99
532,278,34,93
540,283,34,98
543,287,32,95
552,285,25,98
554,289,28,96
565,286,24,103
563,291,31,99
572,294,31,97
582,294,24,100
582,299,29,96
585,298,31,99
593,298,27,108
592,298,29,104
597,302,30,101
600,302,30,101
608,307,27,94
611,308,28,98
617,307,27,97
615,310,26,92
613,308,32,95
617,312,32,90
625,306,27,98
625,306,30,97
631,307,25,96
634,300,24,100
635,300,27,94
637,300,22,91
638,295,23,95
636,294,24,99
637,291,27,102
633,294,37,105
620,298,47,105
659,295,49,105
653,300,48,106
644,302,49,106
631,305,53,106
625,310,52,100
627,315,46,105
622,314,38,112
614,317,40,106
605,318,41,107
598,320,42,105
594,321,48,105
626,316,40,111
616,314,51,115
618,316,58,112
584,322,79,109
575,319,99,105
571,317,110,106
568,315,119,110
565,315,132,107
561,311,139,111
561,312,135,109
564,311,136,111
560,309,138,108
563,307,137,109
561,303,139,114
568,300,133,115
565,303,133,111
571,297,132,116
572,302,133,110
573,299,138,102
577,297,132,118
586,300,117,103
587,297,118,103
590,297,115,104
591,294,112,96
596,292,99,100
597,293,92,99
600,296,83,94
595,298,87,91
600,296,79,93
601,300,77,89
601,299,75,93
602,300,70,94
603,303,69,88
604,302,70,86
603,309,67,85
599,308,67,85
599,306,68,87
598,306,64,88
596,304,69,90
592,304,68,85
593,302,69,89
587,301,66,86
587,300,67,87
583,300,62,85
577,302,58,85
575,297,56,92
570,302,49,89
564,305,47,88
557,303,43,90
551,303,38,93
547,300,29,95
547,300,29,95
547,300,29,95
547,300,29,95
547,300,29,95
547,300,29,95
547,300,29,95
547,300,29,95
547,300,29,95
477,361,42,87
469,366,49,78
462,370,58,61
461,375,58,52
464,376,51,50
464,378,46,47
464,378,46,47
464,378,46,47
464,378,46,47
449,380,40,39
447,383,29,33
447,378,22,35
434,394,24,35
434,394,24,35
434,394,24,35
445,397,28,33
445,397,28,33
445,397,28,33
445,397,28,33
445,397,28,33
445,397,28,33
419,392,32,37
416,395,35,37
416,395,35,37
407,382,39,47
370,372,32,48
371,349,25,51
372,341,21,51
372,341,21,51
378,389,18,44
371,400,20,41
371,400,20,41
371,387,17,42
368,388,17,41
368,388,16,41
367,389,17,41
366,399,15,41
364,386,18,42
361,398,19,34
362,403,17,27
362,403,17,27
362,403,17,27
356,407,18,24
357,408,13,23
352,405,15,25
352,405,15,25
346,406,12,24
378,391,13,25
347,406,15,25
347,408,16,22
369,399,18,24
369,399,18,24
336,414,16,22
340,406,16,20
365,393,18,24
365,393,18,24
337,410,16,22
339,408,14,23
344,408,16,22
337,410,15,20
339,409,18,22
371,410,15,21
338,414,16,17
335,412,12,17
339,413,13,18
334,413,11,18
334,413,11,18
334,413,10,17
338,413,12,17
338,413,12,17
341,415,11,16
342,391,10,17
341,414,9,18
342,417,9,15
344,419,7,13
335,416,9,11
335,416,9,11
350,409,8,12
350,409,8,12
350,409,8,12
350,409,8,12
362,418,10,12
362,418,10,12
362,418,10,12
362,418,10,12
362,418,10,12
362,418,10,12
362,418,10,12
362,418,10,12
362,418,10,12
362,418,10,12
362,418,10,12
362,418,10,12
369,406,12,12
369,406,12,12
369,406,12,12
369,406,12,12
369,406,12,12
369,407,15,13
369,408,16,12
369,408,16,12
369,408,16,12
369,408,16,12
367,410,17,11
367,409,18,10
367,409,18,10
367,409,18,10
367,409,18,10
365,410,18,9
366,411,18,7
365,410,20,8
364,411,19,6
364,412,20,6
365,413,18,4
364,412,21,5
364,411,20,6
365,411,20,7
365,410,20,8
364,410,21,8
363,409,21,7
363,411,20,8
362,408,20,8
363,409,16,8
363,409,16,8
363,409,16,8
390,412,15,9
390,416,15,7
391,415,14,8
391,415,14,8
391,415,14,8
389,415,13,7
389,415,13,7
388,415,12,7
388,415,12,7
408,416,12,8
398,404,13,9
396,409,12,9
390,414,11,9
390,414,11,9
