408,163,56,126
413,168,50,110
414,174,47,97
414,176,44,99
414,178,44,93
415,174,44,100
415,177,43,96
416,174,44,99
415,180,43,91
416,178,43,95
416,178,41,97
416,178,43,94
415,179,45,94
416,174,45,101
417,173,44,100
418,176,42,93
417,178,43,91
419,177,41,86
419,176,41,88
421,174,40,90
420,179,40,98
422,173,39,93
422,172,38,90
425,173,37,94
424,169,37,93
425,175,38,90
424,173,41,93
426,177,40,88
425,174,39,91
426,175,41,85
424,178,42,89
429,180,38,87
427,177,38,90
428,174,37,91
427,180,38,95
429,176,39,91
431,178,38,88
431,177,38,89
432,177,41,87
434,175,38,91
434,183,38,88
432,180,41,88
435,175,39,96
435,174,41,93
435,185,40,85
435,183,40,87
434,185,40,89
435,179,40,90
436,178,40,93
437,173,41,95
438,175,43,96
440,166,41,100
439,177,46,99
440,168,41,98
444,165,38,101
443,181,39,89
443,185,38,78
441,176,39,86
440,188,41,80
441,180,39,83
440,172,42,91
441,166,42,97
443,167,39,100
444,168,39,99
443,173,40,97
444,167,41,105
445,171,40,100
444,170,43,101
443,179,44,93
442,175,43,97
442,175,44,97
444,172,43,100
444,171,42,102
442,174,40,99
441,172,42,99
440,173,45,100
440,173,44,101
440,173,45,102
441,172,43,101
442,174,42,99
442,172,44,102
443,174,42,97
444,177,43,96
443,173,44,102
445,174,42,100
445,171,41,101
445,173,38,97
445,171,39,100
444,173,39,99
445,171,39,101
444,172,38,99
442,182,40,96
447,177,33,94
445,173,36,98
447,170,39,101
447,170,38,105
449,171,34,101
447,189,37,86
447,194,37,76
448,193,33,75
449,194,32,73
450,192,32,75
450,195,33,73
451,192,34,72
453,184,29,78
454,187,30,80
454,188,30,78
455,194,27,80
456,183,29,83
456,189,31,86
451,194,39,93
455,183,34,103
454,179,37,109
453,175,38,114
454,173,50,121
449,184,55,134
450,174,56,145
445,196,69,131
448,174,63,146
447,162,68,163
449,154,67,165
447,160,56,148
456,155,47,156
449,161,59,164
456,156,57,156
447,157,60,165
450,156,58,166
451,158,59,160
451,156,57,169
449,156,57,169
447,160,65,170
448,161,57,156
448,157,59,160
447,155,58,165
445,156,64,169
445,163,56,155
447,158,60,165
448,159,55,161
447,159,54,165
448,157,57,168
444,160,63,161
445,163,63,162
446,161,63,160
445,161,61,160
445,160,62,161
444,164,60,157
444,158,59,158
443,163,65,160
441,162,70,152
442,161,66,158
440,163,67,153
445,162,57,156
443,159,62,155
444,158,61,155
442,161,61,161
441,157,59,161
440,155,58,151
440,163,60,156
438,159,65,155
439,168,61,147
438,161,62,147
439,162,60,151
441,164,58,149
440,157,52,156
437,152,57,148
441,157,43,139
442,158,42,133
443,154,43,125
443,154,39,115
444,156,40,107
444,158,41,106
445,158,41,103
445,156,41,108
446,170,44,111
446,156,45,108
445,164,46,101
445,164,46,95
446,166,44,95
448,159,42,101
449,167,41,96
449,165,40,91
448,176,41,82
449,169,40,87
450,161,39,98
450,163,41,96
450,157,41,104
452,154,40,110
452,153,43,108
453,157,42,103
453,157,42,99
453,156,42,99
453,157,42,100
453,156,42,107
453,156,42,103
455,154,40,104
455,156,38,102
454,160,39,96
454,157,40,104
452,155,45,104
455,156,40,111
454,157,40,113
452,156,44,113
454,157,41,106
454,159,41,102
454,159,43,103
454,158,43,106
453,156,44,107
455,157,43,107
454,157,43,109
454,157,44,108
454,157,44,109
455,157,42,112
453,160,45,104
454,159,42,106
453,161,41,105
455,158,41,109
454,160,41,105
454,160,39,104
456,163,37,101
456,160,39,105
456,160,37,106
455,160,37,105
456,159,37,107
455,166,38,100
455,162,38,101
454,161,42,111
455,158,40,110
454,161,41,104
454,161,39,105
453,165,39,100
453,164,39,102
452,160,40,108
452,162,38,103
450,164,41,99
451,169,39,93
452,162,40,103
452,162,42,102
452,166,40,98
454,169,38,97
454,163,37,100
454,162,36,100
453,165,37,95
452,162,40,97
452,166,38,94
452,162,40,95
451,167,38,93
452,158,38,100
451,162,39,96
450,163,39,94
451,163,38,94
450,165,38,93
451,162,39,94
450,160,39,95
450,166,37,91
451,163,38,98
452,157,38,96
452,154,41,97
453,158,39,90
454,158,39,87
456,163,36,80
457,158,36,81
458,156,36,83
457,155,37,83
458,146,37,93
458,144,40,93
458,142,41,95
458,144,39,90
459,146,39,88
459,145,39,87
460,139,37,95
459,136,41,98
460,139,39,91
461,135,39,95
460,140,39,88
461,135,40,93
461,134,40,97
462,137,40,92
463,135,39,93
462,131,41,95
462,132,41,92
462,131,40,94
463,132,40,91
464,136,38,88
464,132,38,92
464,131,40,95
464,132,41,91
465,130,39,93
465,131,40,91
466,130,38,91
465,134,38,87
465,130,40,89
467,140,36,81
466,135,35,84
465,130,37,86
465,128,36,90
463,123,38,91
462,128,36,86
460,126,38,86
462,122,36,91
461,119,39,91
461,119,38,94
458,120,40,86
458,127,36,81
458,122,36,86
456,119,37,91
457,118,37,92
456,119,39,90
455,118,39,91
455,120,38,89
455,119,35,90
456,121,34,103
452,116,38,93
452,119,38,89
452,120,35,88
451,120,33,88
451,118,32,90
450,121,31,95
448,120,33,93
447,120,32,90
446,123,32,86
445,122,32,91
445,122,33,89
443,126,34,84
442,127,32,84
442,127,31,85
442,127,32,88
441,126,33,87
440,130,32,85
440,130,31,86
439,129,32,88
438,131,33,86
437,133,34,82
437,130,33,87
436,134,34,85
436,133,34,87
436,133,35,87
436,135,34,85
435,137,33,85
434,140,35,81
434,139,35,81
432,140,35,81
432,138,35,84
432,140,34,84
433,139,33,85
431,142,33,81
430,142,30,82
430,144,30,79
429,144,31,81
427,148,34,77
426,149,34,77
426,148,33,80
428,146,32,85
427,152,32,80
427,149,32,81
425,151,33,82
425,149,34,83
423,152,35,81
424,153,33,80
424,155,34,81
423,158,34,78
424,161,33,76
423,165,34,72
422,162,35,78
424,166,32,74
422,161,34,80
421,158,36,82
424,161,32,80
422,160,34,84
423,162,33,81
422,162,34,78
422,163,35,82
422,164,34,82
424,167,32,80
423,171,32,81
421,173,34,77
418,177,38,75
423,170,31,86
422,172,34,78
423,174,32,81
423,178,30,70
422,175,32,77
421,174,33,77
421,173,33,84
420,176,35,76
421,177,34,78
421,178,34,78
420,178,35,84
420,180,34,79
422,182,30,84
421,183,33,82
421,183,32,83
421,185,31,81
420,185,32,82
420,185,32,83
420,184,33,84
419,185,35,83
420,184,34,84
420,185,34,82
420,186,34,79
421,185,32,80
420,188,34,78
420,189,32,76
421,190,31,75
420,190,32,75
420,191,33,74
420,193,34,72
421,191,32,75
420,194,33,72
421,191,33,76
422,194,34,74
421,194,34,73
421,196,34,72
421,197,34,70
421,196,34,71
422,197,32,70
424,201,31,65
424,202,33,64
424,200,32,66
425,202,32,65
425,203,32,63
425,207,31,60
425,201,35,65
425,203,34,64
425,205,31,61
425,208,31,59
426,212,29,55
426,214,29,53
426,217,27,49
426,220,29,47
427,216,28,49
427,219,28,47
427,219,30,47
427,219,25,47
428,222,23,43
427,223,24,43
427,222,27,44
428,225,25,42
427,222,30,44
427,218,33,48
427,216,36,50
429,215,36,51
428,222,36,50
425,218,41,53
430,220,36,46
427,231,37,43
433,233,30,34
433,234,30,32
433,235,24,31
433,235,24,31
433,235,24,31
433,235,24,31
435,236,20,29
435,236,20,29
435,236,20,29
435,236,20,29
435,236,20,29
435,236,20,29
435,236,20,29
435,236,20,29
435,236,20,29
435,236,20,29
435,236,20,29
435,236,20,29
435,236,20,29
435,236,20,29
435,236,20,29
435,236,20,29
435,236,20,29
435,236,20,29
435,236,20,29
435,236,20,29
435,236,20,29
435,236,20,29
435,236,20,29
435,236,20,29
435,236,20,29
435,236,20,29
435,236,20,29
435,236,20,29
435,236,20,29
435,236,20,29
435,236,20,29
435,236,20,29
435,236,20,29
435,236,20,29
435,236,20,29
435,236,20,29
435,236,20,29
435,236,20,29
435,236,20,29
435,236,20,29
435,236,20,29
435,236,20,29
435,236,20,29
435,236,20,29
435,236,20,29
435,236,20,29
435,236,20,29
435,236,20,29
435,236,20,29
435,236,20,29
435,236,20,29
435,236,20,29
435,236,20,29
435,236,20,29
435,236,20,29
435,236,20,29
435,236,20,29
435,236,20,29
435,236,20,29
435,236,20,29
435,236,20,29
435,236,20,29
435,236,20,29
435,236,20,29
435,236,20,29
435,236,20,29
435,236,20,29
435,236,20,29
435,236,20,29
435,236,20,29
435,236,20,29
435,236,20,29
435,236,20,29
435,236,20,29
435,236,20,29
435,236,20,29
435,236,20,29
435,236,20,29
435,236,20,29
435,236,20,29
435,236,20,29
435,236,20,29
435,236,20,29
435,236,20,29
435,236,20,29
435,236,20,29
435,236,20,29
435,236,20,29
435,236,20,29
435,236,20,29
435,236,20,29
435,236,20,29
435,236,20,29
435,236,20,29
435,236,20,29
435,236,20,29
435,236,20,29
435,236,20,29
435,236,20,29
435,236,20,29
435,236,20,29
435,236,20,29
435,236,20,29
435,236,20,29
435,236,20,29
435,236,20,29
435,236,20,29
435,236,20,29
435,236,20,29
435,236,20,29
435,236,20,29
435,236,20,29
435,236,20,29
435,236,20,29
435,236,20,29
435,236,20,29
435,236,20,29
435,236,20,29
435,236,20,29
435,236,20,29
435,236,20,29
435,236,20,29
435,236,20,29
435,236,20,29
435,236,20,29
435,236,20,29
435,236,20,29
435,236,20,29
435,236,20,29
435,236,20,29
435,236,20,29
435,236,20,29
435,236,20,29
435,236,20,29
434,237,25,28
434,237,25,28
429,236,26,28
429,236,26,28
429,236,26,28
429,236,26,28
429,236,26,28
428,231,30,33
428,231,30,33
428,231,30,33
427,238,34,35
431,235,30,31
426,230,31,35
429,229,30,37
430,228,30,37
426,228,32,37
429,227,31,38
429,226,29,40
428,224,28,43
429,224,27,42
428,223,29,41
429,223,30,43
427,221,29,43
430,223,30,43
426,219,35,47
425,224,37,47
427,217,31,49
428,218,29,47
429,217,27,47
428,216,30,47
428,218,25,43
429,216,27,40
427,220,27,41
428,216,29,48
427,216,33,47
426,216,35,48
427,216,32,49
425,216,27,46
426,214,27,49
426,214,23,50
427,213,22,52
424,217,25,48
423,218,24,49
423,221,26,45
422,223,27,43
420,219,30,46
421,218,31,47
421,215,29,50
422,208,31,57
420,210,31,56
421,213,29,53
421,206,33,60
421,204,33,61
418,202,35,63
418,201,33,66
419,202,33,64
417,201,36,64
419,203,32,64
416,199,35,66
420,198,31,68
420,201,30,66
420,203,29,64
421,198,27,68
419,197,31,69
417,196,33,69
417,194,32,73
419,194,30,73
416,191,34,76
419,192,29,75
419,190,29,75
417,190,33,77
417,190,31,77
416,189,33,77
416,188,32,79
417,189,34,79
417,186,32,81
415,187,34,82
414,184,36,83
417,188,32,81
416,189,31,79
416,186,32,81
416,186,31,82
416,184,32,85
416,185,34,83
416,182,33,85
418,182,31,86
418,182,31,84
418,183,31,84
417,181,33,85
415,179,34,87
416,180,36,86
417,178,35,88
416,179,33,86
416,179,34,88
417,175,35,92
416,175,35,90
417,173,35,93
417,174,35,92
417,174,35,85
417,176,35,79
417,180,33,70
416,180,34,66
419,178,31,68
420,176,31,66
419,179,32,65
420,178,31,63
421,178,31,62
421,177,30,62
421,174,32,63
421,174,32,65
421,170,33,68
422,172,33,65
424,173,30,66
425,172,29,66
425,173,28,64
424,161,31,71
425,167,29,68
425,167,32,65
425,167,29,68
424,163,33,71
425,160,32,72
425,161,33,69
426,160,31,71
425,156,33,75
425,159,34,72
426,164,32,66
426,161,32,69
427,161,32,67
428,159,32,69
428,159,33,68
429,153,32,71
429,157,32,67
430,155,34,69
429,154,35,69
430,151,35,73
432,153,33,67
432,150,33,71
431,144,36,77
432,147,35,75
433,146,34,74
433,149,34,71
435,147,34,72
435,144,34,75
435,138,36,80
437,141,34,77
437,146,33,72
438,142,33,74
438,141,34,76
439,134,34,84
439,135,34,81
441,136,33,84
441,134,34,86
442,135,32,90
441,134,35,89
440,134,35,87
439,135,36,84
443,136,32,89
443,133,33,92
443,131,33,88
443,134,34,82
444,138,32,79
444,142,31,74
444,136,32,80
444,134,34,85
443,137,32,81
442,133,33,83
442,131,35,84
442,136,33,80
444,141,30,77
443,143,30,73
440,138,33,78
440,133,35,82
440,138,33,77
440,135,32,79
440,129,34,84
442,130,32,84
442,135,32,79
441,133,33,78
440,134,34,77
440,134,35,80
442,130,32,84
442,129,34,84
443,126,34,88
443,128,35,87
443,131,34,86
443,127,33,89
443,132,33,86
443,130,33,86
443,130,34,85
443,128,34,88
443,130,34,87
443,130,34,86
441,135,35,84
443,136,33,82
443,130,34,87
441,136,35,80
442,133,34,84
441,131,36,84
443,131,34,86
443,135,32,82
444,137,30,81
444,131,32,87
444,132,33,86
444,139,29,79
445,138,30,78
444,134,31,82
444,131,33,88
444,128,33,90
444,131,33,87
444,140,30,79
444,136,32,83
444,130,33,87
443,127,39,91
442,133,37,86
444,127,37,93
446,129,35,91
446,128,34,94
445,127,35,94
446,128,35,91
445,129,37,90
446,129,37,94
448,135,35,88
446,139,35,84
445,134,35,85
446,134,36,89
445,132,38,89
445,131,38,91
445,132,37,90
445,129,39,93
445,131,39,93
444,132,39,91
445,135,37,89
444,133,38,91
444,136,39,87
443,138,40,84
445,133,36,88
443,130,41,93
444,134,39,88
444,129,39,91
444,132,39,89
443,135,40,86
442,130,42,91
443,134,39,86
443,135,37,87
442,137,39,85
441,131,39,94
439,136,41,88
437,142,40,83
437,146,39,80
437,146,37,80
435,135,43,89
435,139,41,86
434,143,39,86
434,146,39,77
434,143,37,78
434,139,40,81
434,141,40,81
434,134,39,86
434,137,39,85
434,141,38,81
435,136,37,82
435,135,39,84
433,140,42,80
435,135,41,86
436,135,40,87
437,129,39,94
436,134,40,91
435,133,43,90
438,132,41,89
439,137,42,81
438,132,45,87
442,143,40,82
442,135,40,86
441,127,44,96
442,127,43,100
442,133,43,93
442,137,42,91
441,142,40,83
441,142,40,83
440,142,40,91
439,146,41,89
440,143,39,99
439,138,41,101
437,141,43,99
437,143,42,99
437,146,40,103
437,148,39,116
435,149,39,113
432,151,43,119
431,154,41,108
433,156,40,108
431,154,39,114
432,154,39,122
428,155,40,115
428,158,43,112
427,159,42,112
426,157,44,115
427,161,41,117
426,161,42,119
423,163,47,115
424,170,42,104
422,176,45,98
422,180,45,94
421,184,44,93
420,182,44,91
419,182,45,98
420,183,45,100
418,183,48,100
420,183,46,105
418,183,47,106
419,184,46,104
420,186,45,103
419,184,47,99
419,184,46,104
421,186,43,103
420,187,44,104
419,186,46,104
420,187,45,103
419,188,44,112
417,188,48,102
417,188,48,103
418,190,46,108
419,193,44,104
418,195,44,102
418,201,44,94
418,210,43,87
419,208,41,88
418,208,43,86
418,209,42,90
419,205,43,92
418,206,43,92
418,214,42,88
419,212,40,92
418,212,41,92
418,214,41,92
419,210,41,102
418,212,42,105
419,210,43,105
419,211,43,102
419,212,43,100
420,212,42,102
419,215,43,102
420,215,42,102
419,212,42,104
419,214,42,102
420,213,43,106
420,216,44,102
420,218,43,102
420,219,44,102
419,221,44,100
418,224,45,99
419,227,43,95
419,233,42,87
417,244,45,76
418,252,42,67
416,246,45,73
414,239,46,80
415,234,48,86
415,240,47,82
416,235,46,86
413,239,47,82
415,242,47,80
410,247,52,74
413,247,48,75
414,241,44,80
415,245,42,75
415,245,42,77
416,246,38,75
414,247,41,75
414,252,39,70
413,254,39,68
413,257,40,64
413,257,40,64
413,257,40,64
413,257,40,64
413,257,40,64
413,257,40,64
413,257,40,64
413,257,40,64
413,257,40,64
413,257,40,64
413,257,40,64
413,257,40,64
413,257,40,64
413,257,40,64
413,257,40,64
414,259,29,62
414,259,29,62
415,270,25,50
418,278,21,43
417,285,20,38
417,292,18,35
417,287,20,38
417,287,22,36
417,287,22,36
417,287,22,36
417,287,22,36
417,287,22,36
417,287,22,36
417,287,22,36
417,287,22,36
417,287,22,36
417,287,22,36
417,287,22,36
417,287,22,36
417,287,22,36
417,287,22,36
417,287,22,36
417,287,22,36
417,287,22,36
417,287,22,36
417,287,22,36
417,287,22,36
417,287,22,36
417,287,22,36
417,287,22,36
417,287,22,36
417,287,22,36
417,287,22,36
417,287,22,36
417,287,22,36
417,287,22,36
417,287,22,36
417,287,22,36
417,287,22,36
417,287,22,36
417,287,22,36
417,287,22,36
417,287,22,36
417,287,22,36
417,287,22,36
417,287,22,36
417,287,22,36
417,287,22,36
417,287,22,36
417,287,22,36
417,287,22,36
417,287,22,36
417,287,22,36
417,287,22,36
417,287,22,36
417,287,22,36
417,287,22,36
417,287,22,36
417,287,22,36
417,287,22,36
417,287,22,36
417,287,22,36
417,287,22,36
417,287,22,36
417,287,22,36
417,287,22,36
417,287,22,36
417,287,22,36
417,287,22,36
417,287,22,36
417,287,22,36
417,287,22,36
417,287,22,36
417,287,22,36
417,287,22,36
417,287,22,36
417,287,22,36
417,287,22,36
417,287,22,36
417,287,22,36
417,287,22,36
417,287,22,36
417,287,22,36
417,287,22,36
417,287,22,36
417,287,22,36
417,287,22,36
417,287,22,36
417,287,22,36
417,287,22,36
417,287,22,36
417,287,22,36
417,287,22,36
417,287,22,36
417,287,22,36
417,287,22,36
417,287,22,36
417,287,22,36
417,287,22,36
417,287,22,36
417,287,22,36
417,287,22,36
417,287,22,36
417,287,22,36
417,287,22,36
417,287,22,36
417,287,22,36
417,287,22,36
417,287,22,36
417,287,22,36
417,287,22,36
417,287,22,36
417,287,22,36
417,287,22,36
417,287,22,36
417,287,22,36
417,287,22,36
417,287,22,36
417,287,22,36
417,287,22,36
417,287,22,36
417,287,22,36
417,287,22,36
417,287,22,36
417,287,22,36
417,287,22,36
417,287,22,36
417,287,22,36
417,287,22,36
417,287,22,36
417,287,22,36
417,287,22,36
417,287,22,36
417,287,22,36
417,287,22,36
417,287,22,36
417,287,22,36
417,287,22,36
417,287,22,36
417,287,22,36
417,287,22,36
417,287,22,36
417,287,22,36
417,287,22,36
417,287,22,36
417,287,22,36
417,287,22,36
417,287,22,36
417,287,22,36
417,287,22,36
417,287,22,36
417,287,22,36
417,287,22,36
417,287,22,36
417,287,22,36
417,287,22,36
417,287,22,36
417,287,22,36
417,287,22,36
417,287,22,36
417,287,22,36
417,287,22,36
417,287,22,36
417,287,22,36
417,287,22,36
417,287,22,36
417,287,22,36
417,287,22,36
417,287,22,36
417,287,22,36
417,287,22,36
417,287,22,36
417,287,22,36
417,287,22,36
417,287,22,36
417,287,22,36
417,287,22,36
417,287,22,36
417,287,22,36
417,287,22,36
417,287,22,36
417,287,22,36
417,287,22,36
417,287,22,36
417,287,22,36
417,287,22,36
417,287,22,36
417,287,22,36
417,287,22,36
417,287,22,36
417,287,22,36
417,287,22,36
417,287,22,36
417,287,22,36
417,287,22,36
417,287,22,36
417,287,22,36
417,287,22,36
417,287,22,36
417,287,22,36
417,287,22,36
417,287,22,36
417,287,22,36
417,287,22,36
417,287,22,36
417,287,22,36
417,287,22,36
417,287,22,36
417,287,22,36
417,287,22,36
417,287,22,36
417,287,22,36
417,287,22,36
417,287,22,36
417,287,22,36
417,287,22,36
417,287,22,36
417,287,22,36
417,287,22,36
417,287,22,36
417,287,22,36
417,287,22,36
417,287,22,36
417,287,22,36
417,287,22,36
417,287,22,36
417,287,22,36
417,287,22,36
417,287,22,36
417,287,22,36
417,287,22,36
417,287,22,36
417,287,22,36
417,287,22,36
417,287,22,36
417,287,22,36
417,287,22,36
417,287,22,36
417,287,22,36
417,287,22,36
417,287,22,36
417,287,22,36
417,287,22,36
417,287,22,36
417,287,22,36
417,287,22,36
417,287,22,36
417,287,22,36
417,287,22,36
417,287,22,36
417,287,22,36
417,287,22,36
417,287,22,36
417,287,22,36
417,287,22,36
417,287,22,36
417,287,22,36
417,287,22,36
417,287,22,36
417,287,22,36
417,287,22,36
417,287,22,36
417,287,22,36
417,287,22,36
417,287,22,36
417,287,22,36
417,287,22,36
417,287,22,36
417,287,22,36
417,287,22,36
417,287,22,36
417,287,22,36
417,287,22,36
417,287,22,36
417,287,22,36
417,287,22,36
417,287,22,36
417,287,22,36
417,287,22,36
417,287,22,36
417,287,22,36
417,287,22,36
417,287,22,36
417,287,22,36
417,287,22,36
417,287,22,36
417,287,22,36
417,287,22,36
417,287,22,36
417,287,22,36
417,287,22,36
417,287,22,36
417,287,22,36
417,287,22,36
417,287,22,36
417,287,22,36
417,287,22,36
417,287,22,36
417,287,22,36
417,287,22,36
417,287,22,36
417,287,22,36
417,287,22,36
417,287,22,36
417,287,22,36
417,287,22,36
417,287,22,36
417,287,22,36
417,287,22,36
417,287,22,36
417,287,22,36
417,287,22,36
417,287,22,36
417,287,22,36
417,287,22,36
417,287,22,36
417,287,22,36
417,287,22,36
417,287,22,36
417,287,22,36
417,287,22,36
417,287,22,36
417,287,22,36
417,287,22,36
417,287,22,36
417,287,22,36
417,287,22,36
417,287,22,36
417,287,22,36
417,287,22,36
417,287,22,36
417,287,22,36
417,287,22,36
417,287,22,36
417,287,22,36
417,287,22,36
417,287,22,36
417,287,22,36
417,287,22,36
417,287,22,36
417,287,22,36
417,287,22,36
417,287,22,36
417,287,22,36
417,287,22,36
417,287,22,36
417,287,22,36
417,287,22,36
417,287,22,36
417,287,22,36
417,287,22,36
417,287,22,36
417,287,22,36
417,287,22,36
417,287,22,36
417,287,22,36
417,287,22,36
417,287,22,36
417,287,22,36
417,287,22,36
417,287,22,36
417,287,22,36
417,287,22,36
417,287,22,36
417,287,22,36
417,287,22,36
417,287,22,36
417,287,22,36
417,287,22,36
417,287,22,36
417,287,22,36
417,287,22,36
417,287,22,36
417,287,22,36
417,287,22,36
417,287,22,36
417,287,22,36
417,287,22,36
417,287,22,36
417,287,22,36
417,287,22,36
417,287,22,36
417,287,22,36
417,287,22,36
417,287,22,36
417,287,22,36
417,287,22,36
417,287,22,36
417,287,22,36
417,287,22,36
417,287,22,36
417,287,22,36
417,287,22,36
417,287,22,36
417,287,22,36
417,287,22,36
417,287,22,36
417,287,22,36
417,287,22,36
417,287,22,36
417,287,22,36
417,287,22,36
417,287,22,36
417,287,22,36
417,287,22,36
417,287,22,36
417,287,22,36
417,287,22,36
417,287,22,36
417,287,22,36
417,287,22,36
417,287,22,36
417,287,22,36
417,287,22,36
417,287,22,36
417,287,22,36
417,287,22,36
417,287,22,36
417,287,22,36
417,287,22,36
417,287,22,36
417,287,22,36
417,287,22,36
417,287,22,36
417,287,22,36
417,287,22,36
417,287,22,36
417,287,22,36
417,287,22,36
417,287,22,36
417,287,22,36
417,287,22,36
417,287,22,36
417,287,22,36
417,287,22,36
417,287,22,36
417,287,22,36
417,287,22,36
417,287,22,36
417,287,22,36
417,287,22,36
417,287,22,36
417,287,22,36
417,287,22,36
417,287,22,36
417,287,22,36
417,287,22,36
417,287,22,36
417,287,22,36
417,287,22,36
417,287,22,36
417,287,22,36
417,287,22,36
417,287,22,36
417,287,22,36
417,287,22,36
417,287,22,36
417,287,22,36
417,287,22,36
417,287,22,36
417,287,22,36
417,287,22,36
417,287,22,36
417,287,22,36
417,287,22,36
417,287,22,36
417,287,22,36
417,287,22,36
417,287,22,36
417,287,22,36
417,287,22,36
417,287,22,36
417,287,22,36
417,287,22,36
417,287,22,36
417,287,22,36
417,287,22,36
417,287,22,36
417,287,22,36
417,287,22,36
417,287,22,36
417,287,22,36
417,287,22,36
417,287,22,36
417,287,22,36
417,287,22,36
417,287,22,36
417,287,22,36
417,287,22,36
417,287,22,36
417,287,22,36
417,287,22,36
417,287,22,36
417,287,22,36
417,287,22,36
417,287,22,36
417,287,22,36
417,287,22,36
417,287,22,36
417,287,22,36
417,287,22,36
417,287,22,36
417,287,22,36
417,287,22,36
417,287,22,36
417,287,22,36
417,287,22,36
417,287,22,36
417,287,22,36
417,287,22,36
417,287,22,36
417,287,22,36
417,287,22,36
417,287,22,36
417,287,22,36
417,287,22,36
417,287,22,36
417,287,22,36
417,287,22,36
417,287,22,36
417,287,22,36
417,287,22,36
417,287,22,36
417,287,22,36
417,287,22,36
417,287,22,36
417,287,22,36
417,287,22,36
417,287,22,36
417,287,22,36
417,287,22,36
417,287,22,36
417,287,22,36
417,287,22,36
417,287,22,36
417,287,22,36
417,287,22,36
417,287,22,36
417,287,22,36
417,287,22,36
417,287,22,36
417,287,22,36
417,287,22,36
417,287,22,36
417,287,22,36
417,287,22,36
417,287,22,36
417,287,22,36
417,287,22,36
417,287,22,36
417,287,22,36
