165,119,164,115
179,122,146,114
178,119,151,112
176,120,152,114
176,120,154,115
175,119,153,116
174,125,147,112
171,126,153,110
171,125,151,111
170,130,152,111
169,129,154,109
168,132,152,110
169,131,153,112
171,135,148,108
168,136,154,105
169,138,151,105
167,139,155,103
170,138,146,107
169,139,141,102
168,139,141,102
167,138,140,103
164,137,142,103
162,138,139,101
159,140,142,97
157,139,146,100
156,139,143,100
152,139,145,98
152,138,137,98
152,140,137,96
152,140,135,97
149,142,144,95
151,140,136,93
152,144,138,90
148,142,142,92
147,143,143,91
146,142,141,91
146,143,144,89
144,143,145,89
144,142,144,87
146,143,140,88
147,142,141,88
146,143,150,90
148,140,140,89
149,145,139,86
150,143,139,90
150,142,138,89
151,139,136,94
149,143,144,88
144,140,152,91
151,139,142,90
149,139,147,92
150,137,149,91
154,137,144,91
155,136,143,92
155,138,153,88
161,135,148,89
162,139,150,88
163,135,150,89
163,138,150,90
165,136,149,90
165,139,159,87
166,137,156,91
169,136,150,90
169,136,145,92
171,134,145,91
174,136,150,88
177,135,145,90
179,134,154,92
181,137,143,88
181,137,142,86
181,139,141,84
183,139,139,86
186,136,135,84
185,137,141,85
185,139,145,85
185,136,149,88
184,136,152,86
184,138,144,87
184,137,142,86
185,138,139,86
188,136,133,88
186,136,136,87
187,140,136,83
187,138,134,85
187,136,134,88
185,135,141,89
185,135,132,91
184,141,136,84
184,135,141,91
183,127,140,101
182,132,147,99
180,132,143,97
181,136,156,95
181,137,158,99
179,137,159,98
178,142,141,90
175,139,134,92
175,139,130,94
176,139,131,95
176,136,133,97
175,136,135,97
176,135,137,97
176,134,143,101
176,131,144,102
181,130,136,101
180,131,137,101
182,130,140,104
184,129,144,102
187,131,128,103
187,131,138,103
187,130,136,103
186,130,145,104
189,128,143,107
190,125,128,107
189,128,128,104
187,126,128,107
191,126,130,108
186,125,126,106
189,124,124,103
185,127,126,104
187,123,120,107
188,125,114,104
187,125,122,105
185,127,115,102
187,125,119,107
186,124,119,108
185,126,116,106
189,124,114,106
185,125,121,107
186,125,121,110
188,126,112,109
187,125,118,110
189,123,104,105
190,126,105,109
190,123,105,110
190,125,100,111
189,123,99,109
192,125,99,112
190,123,96,111
190,125,94,111
192,122,86,114
192,126,85,114
190,126,86,109
190,125,83,111
189,129,86,114
191,128,79,111
191,129,74,111
190,127,75,110
190,130,75,112
191,129,71,112
191,127,71,115
192,128,71,116
192,129,69,114
194,128,67,115
193,128,65,118
196,129,61,114
196,128,61,117
197,127,58,117
197,126,55,116
196,127,58,118
197,127,52,115
196,128,52,115
196,128,50,115
199,128,46,116
198,125,51,118
200,129,48,114
200,126,45,119
202,125,42,117
202,127,41,116
203,126,41,120
201,128,44,116
202,127,44,119
206,128,41,114
207,129,47,118
209,130,42,114
209,128,41,114
208,127,46,116
209,128,47,118
208,131,49,111
208,132,53,106
209,134,52,103
213,135,49,98
216,134,52,102
219,136,51,99
216,135,57,101
218,135,60,101
217,136,53,98
212,135,62,99
205,140,72,100
203,138,75,102
201,138,80,101
233,131,62,105
237,137,53,98
243,137,37,95
240,134,41,98
232,131,52,102
241,131,47,103
246,133,49,101
206,136,51,107
226,134,61,103
195,160,73,82
203,152,81,89
193,153,80,92
185,142,96,103
209,143,101,97
198,149,109,92
180,143,126,96
171,142,143,98
174,139,143,101
173,145,145,95
172,147,146,93
170,154,149,87
176,142,143,96
173,138,145,101
170,140,143,99
172,136,143,106
176,131,132,108
172,133,136,107
170,133,140,106
173,139,141,103
174,133,138,106
169,136,133,102
169,141,132,100
168,143,128,98
166,139,130,101
160,147,139,93
164,146,132,95
166,144,133,95
164,146,133,94
162,143,135,94
161,144,136,93
160,144,133,90
161,144,133,92
160,146,132,90
158,144,134,91
155,143,139,94
156,144,135,91
157,145,135,89
155,146,134,88
151,143,143,92
154,145,141,92
152,148,141,88
150,146,143,89
150,148,140,85
152,144,136,90
153,142,137,94
150,143,141,93
151,144,142,93
150,143,148,94
151,141,141,92
152,142,143,94
152,140,142,96
151,141,144,97
152,141,144,98
152,138,143,103
153,141,145,97
151,139,151,103
156,140,143,102
154,140,145,101
156,142,144,102
157,139,148,106
155,141,147,102
156,144,148,101
159,142,142,100
160,144,140,101
160,144,143,102
160,144,147,102
162,143,148,104
165,143,147,103
168,147,142,100
165,147,139,99
164,149,143,99
163,149,146,96
164,147,140,96
164,149,141,93
165,150,141,95
165,147,133,98
163,148,139,97
163,149,139,92
166,152,136,88
167,152,134,87
165,152,138,88
166,152,136,82
165,150,140,87
168,152,133,84
169,150,131,86
167,151,134,85
168,151,135,90
167,149,138,90
170,153,129,84
169,153,131,84
168,155,132,85
167,154,135,80
169,153,129,82
168,152,132,85
171,154,127,84
171,157,127,79
168,154,129,78
172,154,127,83
173,155,126,80
171,156,131,82
173,156,130,79
174,156,136,82
172,157,135,79
173,157,134,77
172,161,133,76
173,161,132,76
173,162,151,81
174,158,155,83
170,160,153,80
170,161,146,76
171,161,146,77
166,167,141,71
163,165,135,71
161,167,142,71
161,169,135,66
158,170,137,66
153,170,139,65
154,172,137,63
151,173,145,63
153,172,134,61
148,173,133,64
151,174,142,64
143,179,150,57
143,177,145,62
143,178,154,59
138,180,156,60
136,184,150,53
135,183,153,51
133,183,158,53
131,179,149,51
125,179,154,52
125,177,145,54
129,179,139,50
126,177,136,48
120,177,137,48
124,178,133,46
123,177,124,45
124,174,115,46
124,173,109,47
126,172,101,48
132,172,108,54
129,172,108,50
128,172,125,53
127,168,138,62
129,165,140,68
128,169,150,56
128,165,148,57
129,166,136,55
128,164,146,58
129,166,134,58
132,165,131,57
129,163,137,58
130,160,134,63
132,161,126,57
133,161,125,60
132,158,137,67
130,156,133,66
132,157,126,65
134,156,131,66
133,153,140,71
132,154,125,70
137,154,140,75
136,151,128,72
135,150,144,78
134,150,146,74
135,148,141,78
135,148,142,79
138,147,140,78
136,151,138,78
136,149,144,79
137,149,149,80
135,150,153,75
135,150,148,75
139,146,145,80
140,146,144,81
143,148,147,83
139,143,148,81
145,144,138,83
143,143,136,80
146,142,144,87
144,142,146,87
144,145,143,83
145,141,139,87
146,142,137,86
144,144,138,82
145,144,136,83
148,142,132,86
152,141,142,92
153,141,132,86
149,143,141,84
151,143,139,82
154,145,137,75
153,142,139,74
151,141,147,78
149,144,154,77
150,146,163,78
149,146,153,79
150,147,158,81
150,148,139,80
153,151,136,76
152,153,135,77
153,154,134,75
154,156,134,75
156,155,132,76
156,157,132,75
158,155,132,76
159,157,134,73
164,155,131,78
166,157,128,76
167,155,134,77
171,156,140,77
174,156,132,79
178,157,132,78
180,156,132,82
182,158,132,77
183,161,134,74
186,160,136,74
190,159,132,75
194,159,125,75
193,160,134,74
199,162,126,73
201,161,129,75
204,160,127,79
207,160,128,75
212,161,132,76
216,163,133,74
220,163,126,73
223,164,125,72
225,163,131,74
227,161,135,80
223,164,137,79
217,163,145,75
214,163,152,71
217,162,149,70
223,160,147,75
230,159,135,76
233,158,134,75
236,157,139,78
242,153,131,82
246,155,125,80
243,154,132,79
249,156,125,78
251,157,126,78
251,149,130,87
250,150,132,87
254,149,129,87
256,149,131,86
259,147,130,88
259,145,131,95
257,143,137,95
257,140,141,96
264,147,134,91
266,143,135,94
273,149,132,90
269,143,138,95
279,146,130,91
274,141,139,93
273,141,143,96
276,145,143,92
277,140,144,96
275,141,146,94
278,137,143,99
287,140,133,94
288,139,141,95
293,139,138,94
294,141,128,92
287,139,128,94
293,136,133,97
297,139,121,97
296,137,128,98
292,139,133,98
299,138,131,101
296,139,126,99
303,141,122,100
299,141,129,100
299,140,130,104
307,140,117,104
306,136,124,106
314,138,115,104
278,137,143,93
278,135,157,103
278,131,156,107
283,132,153,108
281,133,156,107
281,136,155,103
283,132,158,110
282,134,162,111
276,135,171,108
278,131,169,114
276,117,169,127
281,130,168,115
279,133,170,111
281,133,168,115
281,134,160,108
282,134,167,113
283,134,160,108
284,135,159,108
288,133,157,108
289,131,155,106
288,134,156,104
290,135,153,103
291,135,140,84
294,141,151,97
296,135,135,86
297,140,145,74
299,139,140,76
299,141,138,75
301,139,143,78
304,151,148,82
306,137,151,103
308,136,131,105
306,137,120,96
305,137,128,86
310,137,120,84
312,139,118,83
411,181,123,67
402,181,121,66
407,181,120,68
408,182,118,66
407,183,117,64
413,185,114,63
411,183,115,67
411,183,115,64
406,182,117,67
406,183,122,66
408,183,124,67
412,185,116,63
410,185,119,64
416,186,115,62
421,187,109,61
424,185,112,65
426,188,111,61
426,187,112,63
430,187,103,63
430,187,110,65
433,188,98,61
435,188,102,64
434,188,105,66
438,186,104,66
443,188,103,64
444,187,99,67
447,187,96,63
449,190,85,62
452,189,85,63
448,186,92,66
453,186,87,66
451,188,91,65
453,187,90,66
454,188,86,64
456,189,81,62
457,190,87,64
456,189,85,65
457,191,88,63
458,190,88,64
458,192,84,62
458,189,81,64
460,191,76,61
460,191,77,63
459,191,79,61
459,192,78,62
457,191,78,62
459,192,77,63
457,190,76,64
455,189,84,65
455,188,85,67
458,188,81,65
457,187,82,67
458,188,79,65
458,186,81,68
456,185,84,67
455,184,87,70
455,184,86,68
456,184,85,68
458,182,82,70
458,179,84,72
454,180,87,70
452,181,90,70
455,171,91,80
458,170,89,80
457,169,86,81
459,166,84,85
456,163,92,88
456,156,99,96
453,149,116,101
457,150,99,99
454,146,100,104
457,145,95,103
454,141,99,108
457,142,104,105
455,144,98,105
455,140,96,104
457,140,98,106
457,138,95,110
455,138,99,110
452,138,105,109
452,136,114,112
451,137,106,110
455,136,102,109
453,132,101,116
452,131,105,115
449,130,106,116
449,131,109,113
448,130,109,114
439,133,118,110
445,131,111,112
447,130,109,114
449,130,108,113
449,133,108,109
448,131,111,110
447,130,109,114
448,128,109,116
443,132,115,110
447,131,107,112
450,131,104,112
453,132,97,111
450,133,100,109
446,132,109,114
449,134,106,113
446,135,108,112
443,135,115,114
447,135,109,116
449,135,104,115
446,137,110,112
445,137,107,112
447,134,109,113
447,137,104,110
446,134,107,113
446,137,108,110
446,137,106,111
445,135,106,112
448,137,102,109
448,132,98,117
446,133,106,115
450,138,97,110
450,134,91,114
444,135,104,113
446,133,97,113
447,133,89,110
443,133,88,113
444,132,87,111
445,131,82,111
442,129,85,112
446,130,76,111
444,131,78,108
445,132,73,109
446,130,72,106
444,131,74,107
445,129,72,109
445,130,71,107
444,131,70,108
443,131,77,108
445,131,69,107
444,130,74,107
446,130,69,106
444,130,70,106
446,131,64,105
445,130,65,109
444,129,68,107
443,129,68,108
442,130,69,107
441,130,69,108
441,129,73,109
442,129,69,110
441,129,70,107
443,128,68,108
442,128,68,111
440,129,71,110
440,126,72,113
441,127,70,112
438,127,72,113
438,124,73,116
438,124,74,114
440,122,72,116
439,125,72,112
439,125,72,111
438,125,72,110
440,126,70,112
439,126,73,110
440,126,70,110
435,125,76,112
441,128,69,108
437,127,73,111
435,126,74,111
437,127,72,110
436,127,72,108
437,127,73,109
436,127,73,110
433,126,79,110
434,127,77,110
435,127,76,109
434,128,78,109
434,129,77,108
434,128,78,109
428,128,85,110
429,128,87,112
425,128,92,112
426,128,89,110
427,129,87,111
428,129,85,110
424,129,95,110
420,130,100,110
423,127,94,111
423,129,96,109
425,129,91,109
422,131,95,110
422,129,99,110
429,131,85,108
426,131,93,109
425,130,94,108
420,131,104,110
419,131,107,111
417,131,106,109
422,130,104,109
418,131,106,110
417,131,107,109
416,130,111,111
413,130,118,110
416,132,118,105
416,132,114,107
417,131,115,109
417,131,115,107
428,133,104,106
420,133,109,103
421,131,107,105
411,132,117,107
411,133,123,106
408,134,124,105
414,133,118,106
411,132,116,106
416,135,111,105
410,139,119,98
409,138,123,103
407,139,123,101
408,140,120,99
408,142,122,98
401,142,127,99
403,144,127,94
407,144,118,94
407,146,120,93
405,147,122,90
405,147,126,92
407,147,123,91
405,146,122,92
401,149,123,89
398,148,129,90
397,149,129,90
396,148,128,90
395,152,124,86
392,151,125,87
391,155,125,82
391,155,124,80
394,157,119,78
390,156,121,78
394,153,117,81
391,158,118,74
392,157,116,78
388,157,120,75
387,157,117,77
389,154,112,80
388,160,116,74
387,159,111,74
382,159,119,74
387,160,113,73
386,160,113,72
387,160,110,74
381,157,116,74
383,157,113,78
386,159,105,76
383,159,111,76
381,158,108,76
382,159,110,71
382,161,110,70
382,160,108,72
379,163,110,69
379,161,111,72
378,157,107,78
376,156,109,77
376,159,109,76
371,161,107,75
369,164,109,70
372,160,102,74
369,149,109,85
365,152,103,82
362,148,95,87
359,154,101,81
361,154,94,79
364,159,94,77
361,162,104,72
353,159,99,75
355,152,97,83
347,155,97,77
345,156,102,79
342,149,109,84
336,149,105,84
334,150,101,82
327,145,113,89
328,147,106,86
331,148,118,85
319,147,128,87
321,160,117,71
322,162,119,69
298,147,124,84
302,139,109,94
311,146,95,86
301,141,103,90
293,142,119,89
282,150,128,86
270,143,140,89
258,136,134,99
269,139,146,96
252,148,159,86
246,142,145,90
247,139,148,96
247,139,139,95
244,145,153,86
239,144,165,88
238,142,157,87
237,147,153,84
237,142,143,85
237,152,133,76
238,151,131,76
233,146,129,85
233,144,127,86
232,142,126,88
231,142,127,89
227,144,125,86
229,149,122,81
229,149,119,78
227,147,119,82
226,146,112,82
225,146,117,83
224,153,116,76
223,153,112,74
222,151,111,75
220,148,112,79
219,153,104,73
219,155,99,70
217,149,98,78
215,155,94,71
217,158,92,69
216,153,92,75
215,149,93,78
214,156,93,70
214,154,96,76
215,159,90,70
212,159,81,69
222,153,92,74
215,143,102,84
211,160,105,68
212,145,103,82
209,143,108,85
206,152,100,73
205,139,108,89
205,142,113,85
200,142,103,88
186,153,103,75
194,164,103,65
196,165,97,61
191,164,103,63
187,166,89,62
188,165,70,63
190,166,60,59
190,164,72,62
185,166,74,62
181,166,70,61
178,167,69,59
178,166,77,62
176,168,70,59
174,167,62,58
173,167,63,59
170,167,70,59
204,169,67,56
168,167,75,59
165,168,86,59
161,169,83,55
162,168,96,57
157,169,101,55
155,169,98,55
152,168,109,58
150,168,103,56
150,168,112,55
146,168,105,55
145,166,114,56
142,164,106,58
143,165,104,58
139,161,110,62
141,160,104,63
137,160,109,60
135,159,108,64
136,159,112,59
130,158,102,63
128,157,96,63
126,156,94,64
124,158,77,60
121,157,77,61
119,159,74,59
116,160,76,58
113,159,75,57
111,161,72,55
110,161,74,58
108,160,67,57
107,161,73,56
106,160,69,57
106,159,62,58
105,160,65,56
101,158,67,58
100,156,68,55
99,158,68,55
98,154,68,58
100,156,65,57
101,157,62,55
98,155,65,57
98,155,65,57
100,155,61,55
104,156,58,55
113,156,47,57
104,154,52,56
103,154,49,56
102,155,49,57
105,155,41,56
109,155,30,57
109,155,27,53
107,156,26,53
108,155,23,53
106,156,23,53
100,156,26,52
101,156,23,53
99,155,25,55
99,154,32,58
97,154,25,59
96,154,25,58
95,156,25,57
94,155,28,59
92,156,27,59
90,156,30,59
87,157,30,60
84,158,23,59
81,158,24,58
79,158,29,59
77,159,37,53
74,159,47,58
71,158,53,56
66,158,55,57
65,160,56,56
62,158,57,58
61,158,60,56
59,156,64,58
54,157,65,57
52,157,67,55
51,157,69,55
52,155,68,56
51,157,73,56
54,157,67,49
54,156,67,54
58,154,63,53
55,154,67,55
37,153,84,56
41,151,83,53
40,151,82,56
35,149,88,54
34,148,89,57
32,150,89,56
32,151,93,55
30,151,96,53
30,150,96,56
34,150,92,56
34,150,95,55
33,151,97,55
35,151,96,55
36,153,95,56
39,152,92,56
39,154,93,55
38,154,94,54
40,154,89,54
40,153,91,56
39,154,96,55
40,152,96,56
41,153,95,55
43,152,98,54
41,151,97,55
41,152,99,54
40,150,96,56
40,150,102,55
41,150,100,55
43,149,97,56
43,148,103,56
44,149,101,55
45,148,102,56
43,148,104,56
42,147,103,56
44,148,106,55
43,147,106,56
44,148,102,56
46,148,106,55
47,147,107,54
47,148,109,53
48,148,108,53
50,148,104,55
51,148,106,54
48,148,108,55
51,148,107,56
49,147,106,57
50,148,108,56
48,148,105,54
49,147,107,54
49,147,104,54
51,148,99,53
51,148,100,55
53,147,97,55
54,147,97,55
53,147,101,57
53,149,101,54
54,149,101,53
54,150,101,52
56,149,99,53
57,148,97,53
57,148,103,53
57,148,102,53
58,146,98,55
58,147,105,54
59,147,101,54
61,149,101,55
59,148,104,53
59,148,105,53
60,148,106,54
60,149,103,53
60,148,102,54
60,149,104,55
61,149,104,54
59,148,109,55
60,148,103,52
58,146,107,60
59,147,111,56
59,146,107,56
58,146,106,56
57,144,113,60
57,145,110,60
57,145,106,61
59,144,105,62
60,141,104,66
59,142,108,65
60,144,100,63
58,143,109,67
59,143,110,67
58,141,114,71
58,139,115,75
59,141,112,74
61,141,106,75
60,142,106,74
61,142,105,76
61,141,108,78
60,142,109,78
61,143,108,75
61,143,109,78
60,143,114,79
62,142,111,81
64,142,106,82
63,141,114,85
67,142,107,88
67,142,107,89
67,143,107,88
68,142,105,91
69,143,106,88
69,143,106,89
69,143,107,91
70,144,106,90
72,144,102,91
73,146,103,91
73,141,105,97
75,145,101,94
76,146,99,96
77,146,103,94
81,146,96,95
83,147,94,97
83,146,94,96
84,147,97,94
86,148,92,94
88,148,91,95
89,148,89,97
91,149,89,96
93,149,86,94
96,152,83,99
101,150,75,97
105,153,69,97
110,155,61,92
113,157,58,92
116,158,56,93
118,160,57,93
120,162,56,94
123,164,57,94
123,169,63,93
125,175,65,90
124,177,70,92
126,182,69,91
128,186,67,91
130,194,67,93
130,199,71,97
131,205,67,102
134,210,69,105
139,212,61,110
140,225,56,107
140,235,57,102
142,240,59,102
145,247,55,102
148,251,57,101
152,258,60,99
156,261,63,97
159,265,65,94
165,262,65,98
169,265,69,97
180,265,65,97
188,263,66,100
190,245,70,116
202,225,72,135
207,237,79,125
225,230,66,130
230,222,60,139
243,225,54,135
243,225,54,135
243,225,54,135
243,225,54,135
243,225,54,135
263,220,47,133
263,220,42,133
263,220,47,135
263,220,47,135
263,220,47,135
