504,113,100,246
486,116,110,250
462,109,101,234
452,125,95,237
434,122,91,242
422,119,87,242
411,120,85,240
391,121,93,243
362,119,107,245
362,113,93,248
354,120,94,243
343,117,92,250
334,114,87,256
318,122,95,242
306,125,92,241
282,130,106,235
266,120,115,233
246,117,122,240
242,125,107,239
235,119,103,235
227,115,107,238
217,122,112,234
221,124,92,234
203,131,112,231
196,117,109,241
190,125,111,234
187,139,102,226
176,137,108,223
172,135,106,221
175,133,98,231
169,135,100,225
163,135,95,222
162,140,89,224
157,143,89,214
152,146,90,216
147,146,94,219
145,148,90,215
144,156,88,210
138,138,91,227
132,150,96,215
127,137,102,231
124,144,99,219
125,134,97,231
121,142,100,226
124,137,99,229
122,143,94,218
125,136,95,223
126,140,91,217
126,149,88,205
122,146,97,211
129,148,84,212
131,144,85,217
134,154,81,202
136,150,79,209
138,150,83,204
137,150,85,199
140,158,83,187
142,151,83,199
145,150,79,207
147,149,85,205
150,149,83,199
155,156,80,193
156,150,81,178
161,158,81,179
164,158,78,174
164,160,75,186
170,158,70,183
168,160,74,179
169,160,75,180
165,159,82,181
164,161,86,181
164,157,84,191
166,158,83,191
168,156,84,187
167,161,84,183
166,162,85,172
168,162,82,173
165,164,88,151
172,163,79,142
172,161,79,153
176,163,75,148
181,162,71,148
181,161,75,150
185,162,73,144
181,163,76,138
179,159,86,118
181,161,90,122
179,161,87,116
178,162,93,111
178,162,91,110
176,164,96,106
174,162,101,109
175,165,95,108
178,161,97,113
178,163,101,112
181,162,96,113
183,162,94,117
184,163,92,119
183,165,93,129
184,165,95,133
189,167,92,129
188,166,88,126
188,163,91,125
191,165,90,123
190,165,89,122
193,166,89,130
196,169,89,121
193,168,95,128
192,169,96,120
195,170,92,109
195,173,91,103
195,170,92,108
195,172,92,105
195,170,91,105
196,166,88,112
196,169,85,109
198,165,85,113
200,161,78,116
199,160,80,116
203,160,75,115
200,157,72,119
197,154,75,125
194,160,78,117
193,162,82,117
191,162,84,119
191,164,77,114
191,159,80,120
189,156,77,121
190,161,71,117
189,156,68,116
191,156,66,116
192,153,68,119
193,158,67,110
193,153,64,115
192,155,72,118
190,157,70,113
189,158,77,116
189,160,79,114
189,161,77,113
191,161,79,112
190,162,90,113
193,161,88,118
192,162,95,115
194,160,94,115
194,162,91,114
192,160,94,117
190,161,99,116
192,164,93,110
194,163,98,115
195,160,89,116
193,160,91,117
196,164,82,114
194,164,85,112
197,163,85,114
200,164,76,113
200,160,83,116
199,161,90,116
200,160,91,118
200,162,89,115
199,160,89,117
200,161,92,118
199,161,93,115
198,164,87,116
196,162,96,115
198,162,91,117
200,162,82,116
197,163,80,113
197,165,80,112
197,163,79,114
197,164,74,112
197,162,75,114
197,168,73,107
198,168,71,107
200,166,68,108
198,161,67,113
200,162,66,110
201,166,64,108
202,163,62,111
199,165,65,108
199,166,70,106
198,167,69,107
202,163,65,114
207,162,61,115
206,163,65,113
205,168,68,110
208,166,65,111
203,164,75,114
201,163,81,116
201,165,75,114
207,167,72,112
204,166,79,112
204,163,75,116
203,163,79,116
206,162,70,116
205,164,76,114
207,167,73,112
206,168,75,111
207,163,70,116
203,165,75,114
205,166,71,113
204,167,75,111
204,167,76,114
203,165,77,114
201,163,83,118
204,164,75,116
207,162,73,117
202,161,81,118
205,164,77,115
207,164,75,114
205,163,78,114
205,165,76,112
208,164,75,113
207,164,75,114
208,165,76,110
206,164,79,111
207,165,75,112
207,166,75,111
210,164,68,114
205,165,77,112
204,163,77,115
203,161,78,117
207,163,74,115
203,161,76,117
203,162,77,116
206,162,72,116
205,164,72,114
206,164,74,114
205,163,75,115
204,164,74,114
206,165,74,114
205,164,74,113
206,165,70,112
207,166,76,111
207,165,71,113
206,166,69,111
205,164,76,114
206,166,69,112
206,166,73,111
203,162,74,115
207,163,71,116
204,165,71,114
205,163,71,116
207,165,67,114
203,163,69,116
207,165,67,113
206,164,68,114
206,163,69,116
205,164,69,116
206,167,66,112
205,165,69,113
208,166,64,112
208,164,65,117
207,162,64,117
204,163,64,117
205,163,64,117
205,165,67,114
206,163,66,116
204,165,74,116
202,167,75,114
199,170,74,110
196,170,75,109
192,171,77,108
191,172,77,108
187,170,79,111
182,170,87,112
181,171,85,108
176,172,93,107
174,173,94,107
169,173,93,107
169,173,98,107
167,170,93,112
169,167,86,112
165,165,90,115
164,160,88,120
161,156,87,125
160,157,87,129
162,156,80,138
158,150,79,149
156,154,78,153
151,154,77,156
149,155,75,157
144,155,72,159
141,155,70,157
134,152,69,159
132,153,66,156
129,155,67,156
124,150,68,158
124,159,54,137
117,155,49,128
113,159,48,122
104,158,50,125
96,153,55,127
89,156,59,125
86,157,58,122
82,160,59,116
79,158,60,118
76,160,59,116
73,162,60,112
70,163,58,106
66,165,60,104
61,167,62,98
54,164,67,98
49,164,73,96
45,165,76,97
38,164,83,94
33,162,88,96
26,160,92,96
21,162,90,93
25,164,84,92
22,166,85,89
21,165,85,89
20,163,85,90
24,164,80,91
30,166,73,88
36,166,64,85
37,166,65,84
37,164,67,83
40,163,66,85
39,162,71,87
40,161,69,86
43,161,68,84
44,162,75,85
43,162,70,82
47,163,70,84
50,164,71,81
51,164,69,83
55,166,70,76
59,165,64,78
62,168,62,73
65,167,62,71
69,166,61,71
74,165,54,71
76,165,56,70
80,164,53,70
84,165,49,69
87,167,48,67
89,168,45,65
94,169,45,64
99,169,42,66
104,171,37,63
106,168,43,66
111,167,42,67
114,165,42,65
117,168,44,62
120,167,47,65
122,166,48,63
124,165,50,64
128,165,52,62
132,165,49,63
136,164,47,64
141,160,46,68
145,161,47,69
151,162,43,66
156,161,40,66
160,158,38,69
167,156,34,69
170,155,35,67
174,154,33,69
178,152,36,68
183,152,34,61
186,153,33,60
189,151,32,60
194,151,30,60
196,152,32,60
201,152,32,57
205,156,29,59
212,153,29,55
216,152,30,56
221,151,31,58
226,151,29,59
228,150,30,59
233,149,30,61
235,149,33,60
238,152,32,58
241,150,33,59
245,148,42,63
249,149,39,60
254,148,30,63
258,147,31,63
265,146,29,63
270,144,23,65
272,148,27,62
281,148,27,59
282,148,26,60
285,148,25,60
288,148,25,59
289,149,32,59
295,150,27,59
297,151,28,59
303,153,25,58
306,153,28,57
309,166,30,49
315,154,28,54
320,158,25,52
323,157,26,50
329,159,23,51
332,159,21,49
336,158,24,56
338,162,24,57
345,169,22,59
344,164,20,56
344,164,20,56
344,164,20,56
351,150,27,57
356,149,29,58
356,147,30,70
356,147,30,70
356,147,30,70
356,147,30,70
356,147,30,70
354,159,28,63
354,159,28,63
355,174,26,50
389,165,17,50
389,165,17,50
389,165,17,50
389,165,17,50
363,170,21,49
363,170,21,49
363,170,21,49
363,170,21,49
363,170,21,49
363,170,21,49
363,170,21,49
363,170,21,49
363,170,21,49
363,170,21,49
363,170,21,49
363,170,21,49
363,170,21,49
363,170,21,49
363,170,21,49
363,170,21,49
363,170,21,49
363,170,21,49
363,170,21,49
363,170,21,49
363,170,21,49
363,170,21,49
363,170,21,49
363,170,21,49
363,170,21,49
363,170,21,49
363,170,21,49
363,170,21,49
363,170,21,49
363,170,21,49
363,170,21,49
363,170,21,49
363,170,21,49
363,170,21,49
363,170,21,49
363,170,21,49
363,170,21,49
363,170,21,49
363,170,21,49
363,170,21,49
363,170,21,49
363,170,21,49
363,170,21,49
363,170,21,49
363,170,21,49
363,170,21,49
363,170,21,49
363,170,21,49
363,170,21,49
363,170,21,49
363,170,21,49
363,170,21,49
363,170,21,49
363,170,21,49
363,170,21,49
363,170,21,49
363,170,21,49
363,170,21,49
363,170,21,49
363,170,21,49
363,170,21,49
363,170,21,49
363,170,21,49
363,170,21,49
363,170,21,49
363,170,21,49
363,170,21,49
363,170,21,49
363,170,21,49
363,170,21,49
363,170,21,49
363,170,21,49
363,170,21,49
363,170,21,49
363,170,21,49
363,170,21,49
363,170,21,49
363,170,21,49
363,170,21,49
363,170,21,49
363,170,21,49
363,170,21,49
363,170,21,49
363,170,21,49
363,170,21,49
363,170,21,49
363,170,21,49
363,170,21,49
363,170,21,49
363,170,21,49
363,170,21,49
363,170,21,49
363,170,21,49
363,170,21,49
363,170,21,49
363,170,21,49
363,170,21,49
363,170,21,49
363,170,21,49
363,170,21,49
363,170,21,49
363,170,21,49
363,170,21,49
363,170,21,49
363,170,21,49
363,170,21,49
363,170,21,49
363,170,21,49
363,170,21,49
363,170,21,49
363,170,21,49
363,170,21,49
363,170,21,49
363,170,21,49
363,170,21,49
363,170,21,49
363,170,21,49
363,170,21,49
358,168,26,52
358,168,26,52
358,168,26,52
358,168,26,52
358,168,26,52
358,168,26,52
358,168,26,52
358,168,26,52
358,168,26,52
358,168,26,52
358,168,26,52
358,168,26,52
358,168,26,52
358,168,26,52
358,168,26,52
358,168,26,52
358,168,26,52
358,168,26,52
358,168,26,52
358,168,26,52
358,168,26,52
358,168,26,52
358,168,26,52
358,168,26,52
358,168,26,52
358,168,26,52
358,168,26,52
358,168,26,52
358,168,26,52
358,168,26,52
358,168,26,52
358,168,26,52
358,168,26,52
358,168,26,52
358,168,26,52
358,168,26,52
358,168,26,52
358,168,26,52
358,168,26,52
358,168,26,52
358,168,26,52
358,168,26,52
358,168,26,52
358,168,26,52
358,168,26,52
358,168,26,52
358,168,26,52
358,168,26,52
358,168,26,52
358,168,26,52
358,168,26,52
358,168,26,52
358,168,26,52
358,168,26,52
358,168,26,52
358,168,26,52
358,168,26,52
358,168,26,52
358,168,26,52
436,110,32,57
436,110,32,57
436,110,32,57
436,110,32,57
436,110,32,57
436,110,32,57
436,110,32,57
436,110,32,57
436,110,32,57
436,110,32,57
436,110,32,57
436,110,32,57
436,110,32,57
436,110,32,57
436,110,32,57
436,110,32,57
436,110,32,57
436,110,32,57
436,110,32,57
436,110,32,57
436,110,32,57
436,110,32,57
436,110,32,57
436,110,32,57
436,110,32,57
436,110,32,57
436,110,32,57
436,110,32,57
436,110,32,57
436,110,32,57
436,110,32,57
436,110,32,57
436,110,32,57
436,110,32,57
436,110,32,57
436,110,32,57
436,110,32,57
436,110,32,57
436,110,32,57
436,110,32,57
436,110,32,57
436,110,32,57
436,110,32,57
436,110,32,57
436,110,32,57
436,110,32,57
436,110,32,57
436,110,32,57
436,110,32,57
436,110,32,57
436,110,32,57
436,110,32,57
436,110,32,57
436,110,32,57
436,110,32,57
436,110,32,57
436,110,32,57
436,110,32,57
436,110,32,57
436,110,32,57
436,110,32,57
436,110,32,57
436,110,32,57
436,110,32,57
436,110,32,57
436,110,32,57
436,110,32,57
