559,170,69,76
558,175,71,64
559,179,68,60
565,181,61,59
562,184,59,59
560,187,58,57
556,187,60,57
557,183,59,57
554,183,61,58
554,183,58,58
556,184,55,57
555,185,56,56
551,186,58,57
557,188,56,55
561,190,52,56
565,190,52,54
572,194,48,54
564,193,54,55
567,191,50,54
562,188,52,58
558,189,53,55
556,188,54,56
549,187,56,56
547,186,55,59
543,183,55,59
538,181,56,51
536,179,55,53
537,178,50,53
531,173,52,56
530,171,51,53
532,171,51,53
529,170,53,54
533,173,52,50
534,172,51,53
531,171,53,52
527,171,56,52
526,168,54,56
524,168,56,54
522,168,57,51
525,168,55,51
529,169,52,48
533,168,49,51
534,169,47,49
534,167,49,50
534,169,51,50
534,167,51,51
534,166,55,52
536,170,53,51
536,168,55,54
541,169,51,52
542,172,52,51
540,172,54,51
538,174,58,49
538,172,53,50
544,174,52,49
544,170,49,53
544,169,49,51
545,172,48,49
546,172,48,48
548,172,47,48
548,171,45,47
548,170,49,51
544,170,49,50
542,165,51,51
536,160,50,50
528,151,48,49
518,144,49,48
508,136,48,47
500,127,48,47
495,120,42,46
490,117,44,46
487,111,42,46
486,107,43,45
483,102,47,43
480,97,48,44
477,88,53,45
481,80,47,47
482,73,51,45
491,67,47,44
500,65,49,45
512,63,46,47
524,61,46,46
534,59,44,47
541,57,47,47
549,57,47,49
555,54,47,48
560,51,47,48
565,49,46,47
571,48,47,47
580,48,46,48
585,50,46,45
590,50,49,46
595,49,48,50
602,50,46,46
607,51,46,46
612,54,45,48
619,59,44,48
625,64,45,47
626,69,47,46
629,73,44,46
632,78,44,46
631,83,45,48
631,89,45,50
636,95,42,48
639,101,45,50
640,107,47,47
638,109,47,48
640,111,45,49
639,115,45,47
636,118,44,49
632,122,45,50
629,123,47,50
625,125,48,51
626,130,46,52
627,138,46,51
626,146,47,49
623,149,49,53
620,153,48,56
614,159,50,59
612,167,50,53
605,177,49,47
602,183,48,47
596,191,50,50
597,198,47,49
594,201,49,45
591,204,49,47
587,209,37,41
587,209,37,41
587,209,37,41
587,209,37,41
587,209,37,41
587,209,37,41
554,225,40,31
549,224,42,31
542,222,44,33
530,220,51,33
516,223,56,30
512,223,54,31
502,224,51,29
490,231,54,26
485,233,52,24
478,234,54,25
473,234,53,27
470,233,49,32
464,232,49,32
459,231,48,32
454,233,48,30
449,235,47,26
444,236,47,25
440,237,44,23
439,238,46,21
437,238,44,23
432,238,46,21
427,237,44,25
423,239,42,22
422,241,38,23
419,239,37,21
419,239,31,18
418,231,32,22
418,231,32,22
418,231,32,22
418,231,32,22
418,231,32,22
418,231,32,22
418,231,32,22
418,231,32,22
418,231,32,22
418,231,32,22
418,231,32,22
418,231,32,22
418,231,32,22
418,231,32,22
418,231,32,22
418,231,32,22
418,231,32,22
418,231,32,22
418,231,32,22
418,231,32,22
418,231,32,22
418,231,32,22
418,231,32,22
418,231,32,22
418,231,32,22
418,231,32,22
418,231,32,22
418,231,32,22
418,231,32,22
418,231,32,22
418,231,32,22
418,231,32,22
418,231,32,22
418,231,32,22
418,231,32,22
418,231,32,22
418,231,32,22
418,231,32,22
418,231,32,22
418,231,32,22
418,231,32,22
418,231,32,22
418,231,32,22
418,231,32,22
418,231,32,22
418,231,32,22
418,231,32,22
418,231,32,22
418,231,32,22
418,231,32,22
418,231,32,22
418,231,32,22
418,231,32,22
418,231,32,22
418,231,32,22
418,231,32,22
418,231,32,22
418,231,32,22
418,231,32,22
418,231,32,22
418,231,32,22
418,231,32,22
418,231,32,22
418,231,32,22
418,231,32,22
418,231,32,22
418,231,32,22
418,231,32,22
418,231,32,22
418,231,32,22
418,231,32,22
418,231,32,22
418,231,32,22
418,231,32,22
418,231,32,22
418,231,32,22
418,231,32,22
418,231,32,22
418,231,32,22
418,231,32,22
418,231,32,22
418,231,32,22
418,231,32,22
418,231,32,22
418,231,32,22
418,231,32,22
418,231,32,22
418,231,32,22
418,231,32,22
418,231,32,22
418,231,32,22
418,231,32,22
418,231,32,22
418,231,32,22
418,231,32,22
418,231,32,22
418,231,32,22
418,231,32,22
418,231,32,22
418,231,32,22
418,231,32,22
418,231,32,22
418,231,32,22
418,231,32,22
418,231,32,22
418,231,32,22
418,231,32,22
418,231,32,22
418,231,32,22
418,231,32,22
418,231,32,22
418,231,32,22
418,231,32,22
418,231,32,22
418,231,32,22
418,231,32,22
418,231,32,22
418,231,32,22
418,231,32,22
418,231,32,22
418,231,32,22
418,231,32,22
418,231,32,22
418,231,32,22
418,231,32,22
418,231,32,22
418,231,32,22
418,231,32,22
418,231,32,22
418,231,32,22
418,231,32,22
418,231,32,22
418,231,32,22
418,231,32,22
418,231,32,22
418,231,32,22
418,231,32,22
418,231,32,22
418,231,32,22
418,231,32,22
418,231,32,22
418,231,32,22
418,231,32,22
418,231,32,22
418,231,32,22
418,231,32,22
418,231,32,22
418,231,32,22
418,231,32,22
418,231,32,22
418,231,32,22
418,231,32,22
418,231,32,22
438,241,23,22
431,274,20,28
431,316,20,29
480,364,26,31
476,400,32,36
474,394,39,45
478,340,49,45
478,340,49,45
478,340,49,45
478,340,49,45
478,340,49,45
478,340,49,45
478,340,49,45
475,272,57,52
475,272,57,52
475,272,57,52
475,272,57,52
475,272,57,52
450,330,47,46
450,330,47,46
498,342,55,50
501,306,60,57
501,306,60,57
521,214,61,68
539,181,55,62
539,181,55,62
547,45,49,52
542,99,49,64
534,205,57,59
534,230,53,66
520,270,66,72
510,306,77,78
510,344,80,76
512,371,79,74
503,345,90,83
524,280,78,73
549,190,62,69
557,117,58,61
563,81,56,56
572,71,58,57
581,91,57,64
590,150,61,64
604,262,66,72
621,376,82,88
455,304,89,88
455,315,90,85
610,308,84,84
594,175,78,78
577,82,75,64
571,26,65,67
561,5,61,63
553,15,61,69
547,54,58,72
537,144,64,79
535,263,73,75
554,312,69,83
553,370,72,87
587,406,74,75
587,406,74,75
587,406,74,75
587,406,74,75
587,406,74,75
733,361,66,78
707,215,72,70
678,95,69,64
664,23,69,67
650,-1,68,57
638,0,69,56
632,16,66,68
629,79,69,76
624,200,74,88
648,329,73,95
645,352,76,91
645,352,76,91
645,352,76,91
645,352,76,91
694,306,58,81
705,192,70,75
705,91,59,70
709,20,58,67
721,0,55,52
732,0,61,48
767,10,61,54
814,49,69,57
860,107,78,52
878,166,80,55
892,212,69,58
857,221,75,57
805,199,78,57
758,177,84,58
726,156,79,58
700,145,80,54
687,131,74,54
674,123,63,54
662,120,57,53
651,118,56,53
645,117,55,50
639,120,54,50
632,124,56,51
631,131,54,54
631,142,53,53
639,143,51,55
646,147,51,55
655,145,51,56
661,141,51,56
668,140,52,52
679,138,52,47
690,134,52,47
701,132,50,45
711,134,50,43
719,133,51,43
730,129,51,44
733,120,53,45
733,107,52,46
732,91,53,48
734,68,51,50
730,38,52,53
729,6,55,53
731,-3,51,44
731,-3,51,44
731,-3,51,44
731,-3,51,44
731,-3,51,44
731,-3,51,44
731,-3,51,44
731,-3,51,44
731,-3,51,44
731,-3,51,44
731,-3,51,44
731,-3,51,44
731,-3,51,44
731,-3,51,44
731,-3,51,44
731,-3,51,44
731,-3,51,44
731,-3,51,44
731,-3,51,44
731,-3,51,44
731,-3,51,44
731,-3,51,44
731,-3,51,44
731,-3,51,44
731,-3,51,44
731,-3,51,44
731,-3,51,44
731,-3,51,44
731,-3,51,44
731,-3,51,44
731,-3,51,44
731,-3,51,44
731,-3,51,44
731,-3,51,44
731,-3,51,44
731,-3,51,44
731,-3,51,44
731,-3,51,44
731,-3,51,44
731,-3,51,44
731,-3,51,44
731,-3,51,44
731,-3,51,44
731,-3,51,44
731,-3,51,44
731,-3,51,44
731,-3,51,44
731,-3,51,44
731,-3,51,44
731,-3,51,44
731,-3,51,44
731,-3,51,44
731,-3,51,44
731,-3,51,44
731,-3,51,44
731,-3,51,44
731,-3,51,44
731,-3,51,44
731,-3,51,44
731,-3,51,44
724,54,63,52
731,100,65,61
745,126,71,75
751,137,77,94
749,145,83,110
737,151,85,125
733,175,93,139
654,179,115,156
665,198,131,167
651,213,171,170
628,214,177,174
614,216,174,159
601,218,163,150
597,229,139,136
586,228,125,126
583,218,115,116
586,212,102,104
585,203,94,94
591,199,83,85
591,208,74,70
595,204,72,73
602,205,67,70
615,209,64,64
630,217,60,61
647,221,58,58
660,219,61,53
681,213,61,53
698,211,59,49
720,203,60,49
735,198,59,49
751,197,57,45
772,201,59,47
799,208,68,50
846,232,62,41
901,284,59,43
930,314,51,42
930,314,51,42
930,314,51,42
930,314,51,42
930,314,51,42
930,314,51,42
930,314,51,42
930,314,51,42
930,314,51,42
930,314,51,42
930,314,51,42
930,314,51,42
930,314,51,42
930,314,51,42
930,314,51,42
930,314,51,42
930,314,51,42
930,314,51,42
930,314,51,42
930,314,51,42
930,314,51,42
930,314,51,42
930,314,51,42
930,314,51,42
930,314,51,42
930,314,51,42
930,314,51,42
930,314,51,42
930,314,51,42
930,314,51,42
930,314,51,42
930,314,51,42
930,314,51,42
930,314,51,42
930,314,51,42
930,314,51,42
930,314,51,42
930,314,51,42
930,314,51,42
930,314,51,42
930,314,51,42
930,314,51,42
930,314,51,42
930,314,51,42
930,314,51,42
930,314,51,42
930,314,51,42
930,314,51,42
930,314,51,42
930,314,51,42
930,314,51,42
930,314,51,42
930,314,51,42
930,314,51,42
930,314,51,42
930,314,51,42
930,314,51,42
930,314,51,42
930,314,51,42
930,314,51,42
896,220,49,50
896,220,49,50
896,220,49,50
896,220,49,50
896,220,49,50
896,220,49,50
896,220,49,50
896,220,49,50
896,220,49,50
896,220,49,50
896,220,49,50
784,300,49,49
784,300,49,49
784,300,49,49
784,300,49,49
784,300,49,49
784,300,49,49
784,300,49,49
784,300,49,49
784,300,49,49
784,300,49,49
784,300,49,49
784,300,49,49
784,300,49,49
784,300,49,49
784,300,49,49
784,300,49,49
784,300,49,49
677,238,51,53
609,117,67,54
567,27,63,60
534,-5,63,52
504,-17,54,50
469,-2,57,48
434,32,57,60
404,107,52,67
404,107,52,67
404,107,52,67
404,107,52,67
404,107,52,67
404,107,52,67
404,107,52,67
404,107,52,67
404,107,52,67
404,107,52,67
404,107,52,67
404,107,52,67
404,107,52,67
404,107,52,67
404,107,52,67
404,107,52,67
404,107,52,67
404,107,52,67
404,107,52,67
404,107,52,67
516,238,61,75
442,284,64,61
421,304,60,75
389,319,71,82
375,343,76,83
382,349,79,86
423,327,85,80
508,298,70,67
582,310,64,58
660,351,64,61
671,387,65,78
690,403,66,69
718,420,67,57
702,390,72,58
644,342,68,61
580,318,62,58
518,331,64,61
481,359,63,58
476,374,69,66
494,398,67,60
543,415,61,57
595,448,67,48
595,448,67,48
595,448,67,48
623,417,74,57
615,271,73,63
599,122,58,53
578,0,60,61
578,0,60,61
578,0,60,61
578,0,60,61
578,0,60,61
491,-35,62,71
487,31,62,78
487,31,62,78
487,31,62,78
487,31,62,78
487,31,62,78
487,31,62,78
487,31,62,78
487,31,62,78
487,31,62,78
487,31,62,78
597,10,71,71
597,10,71,71
597,10,71,71
597,10,71,71
597,10,71,71
597,10,71,71
597,10,71,71
597,10,71,71
597,10,71,71
597,10,71,71
597,10,71,71
597,10,71,71
597,10,71,71
597,10,71,71
597,10,71,71
597,10,71,71
597,10,71,71
597,10,71,71
597,10,71,71
597,10,71,71
597,10,71,71
597,10,71,71
597,10,71,71
597,10,71,71
597,10,71,71
