300,209,43,74
298,207,41,74
299,207,45,76
302,206,43,76
304,203,45,79
304,202,47,80
307,203,51,76
312,202,54,78
317,202,56,76
321,203,54,75
333,205,47,71
342,200,44,77
348,199,46,80
358,197,44,84
366,198,45,83
374,198,43,78
382,194,45,81
387,192,47,81
393,186,51,86
399,179,49,90
405,176,51,90
411,170,54,90
416,165,54,88
420,168,58,89
422,164,57,84
426,163,56,83
428,160,51,81
431,159,54,81
430,154,56,85
430,154,57,82
429,154,61,79
426,156,61,82
428,157,58,80
432,161,51,77
429,165,50,75
432,168,47,72
434,171,45,68
429,171,47,75
428,171,52,72
426,176,57,71
423,177,60,68
429,173,55,71
430,175,52,69
435,176,47,66
437,179,42,65
442,175,41,65
443,176,42,68
445,177,44,68
447,177,47,67
449,179,52,66
452,179,53,70
457,180,55,70
463,184,51,66
469,181,50,71
472,180,47,73
475,182,48,72
480,183,51,73
479,185,57,72
481,185,60,72
480,189,60,68
483,187,60,68
482,188,55,70
481,187,58,69
481,187,54,69
483,184,53,70
479,184,49,71
475,184,47,70
470,186,46,68
468,187,49,65
460,188,44,61
454,192,40,60
448,191,37,60
442,194,35,59
433,195,34,62
428,199,34,57
420,201,34,56
416,203,33,56
410,205,35,54
403,207,38,54
398,212,41,48
395,215,41,46
395,216,39,44
394,216,41,43
395,216,41,43
397,215,41,44
400,215,40,45
405,217,40,44
410,218,39,42
416,221,37,44
420,224,41,42
426,227,45,42
435,228,44,44
445,230,43,44
457,232,42,48
468,237,48,49
480,238,42,56
490,242,46,52
502,242,44,51
518,243,39,51
527,244,41,52
537,245,39,51
547,244,38,53
556,243,37,54
560,241,38,57
564,241,39,59
565,240,41,61
567,243,40,61
563,244,41,62
559,246,41,62
553,249,41,63
544,251,39,63
533,251,39,63
522,254,36,60
506,255,40,62
492,258,40,59
479,261,39,60
468,264,37,58
456,267,36,56
442,270,37,53
433,270,36,52
423,270,33,50
415,267,33,49
410,263,32,48
407,259,30,48
403,256,30,45
401,251,28,43
401,248,25,44
400,244,26,44
401,241,24,45
402,239,25,45
409,239,34,45
405,238,41,46
408,239,39,46
408,239,39,48
412,241,37,46
415,242,36,44
415,242,39,47
412,247,46,40
416,246,45,42
416,246,45,42
419,246,53,44
424,248,56,43
430,245,54,47
436,244,51,49
439,242,54,51
444,242,53,51
449,240,57,54
451,240,58,53
458,237,64,57
465,233,57,64
469,229,52,67
472,227,44,67
477,225,42,70
478,225,39,70
479,209,38,79
479,220,40,78
480,222,38,75
481,212,38,68
477,216,40,57
476,221,42,54
470,221,46,54
470,223,47,52
466,226,49,47
461,226,48,47
457,226,47,46
453,226,45,44
451,226,44,45
449,225,45,47
449,224,44,47
446,227,47,45
444,226,51,46
443,225,54,46
443,225,52,46
445,226,51,46
449,224,47,46
450,225,46,46
452,224,45,46
453,224,46,47
455,224,45,45
458,224,44,46
460,223,44,47
461,224,44,46
464,222,42,47
463,225,44,46
464,223,45,47
465,223,44,49
467,223,44,48
468,222,44,48
470,224,42,48
469,221,47,50
469,223,44,48
470,224,43,47
470,223,39,48
469,223,43,48
469,222,43,49
468,222,41,48
467,221,46,49
467,223,41,47
466,223,42,47
465,223,40,46
465,226,40,46
462,226,42,44
460,226,43,44
458,226,45,46
457,226,45,47
456,227,46,46
455,226,47,46
455,226,46,47
455,227,46,45
456,228,44,46
455,228,45,45
455,227,45,45
455,227,46,45
454,228,46,43
455,227,46,44
456,227,45,45
455,227,46,47
457,226,45,47
458,226,44,45
459,226,44,46
460,227,43,45
461,228,42,44
462,228,42,45
462,228,44,45
465,228,41,47
466,228,41,47
467,228,40,48
468,227,40,48
467,227,39,48
469,228,38,46
467,226,39,49
465,225,40,47
464,225,40,48
463,224,40,49
460,223,39,48
455,222,43,49
453,218,43,51
447,217,46,51
441,216,47,50
436,215,49,49
427,214,52,49
421,214,54,48
417,212,51,50
412,212,52,49
401,213,56,47
396,215,56,48
390,213,58,50
382,212,62,48
376,209,64,49
369,210,46,45
367,211,42,40
365,211,42,39
361,209,42,40
362,208,42,40
361,207,42,41
361,206,42,41
363,205,41,40
365,204,42,42
369,205,41,41
371,205,42,41
377,205,40,41
381,204,40,44
387,205,40,41
394,204,40,46
400,204,39,45
407,204,39,47
415,205,39,48
420,205,39,46
428,206,39,46
436,205,36,48
444,205,34,48
450,203,34,51
455,203,34,52
460,202,32,53
463,201,33,55
464,203,33,55
464,203,33,56
463,204,33,56
462,208,33,52
458,209,32,54
452,212,34,55
446,213,34,54
439,216,35,54
430,218,37,55
421,221,38,53
416,224,34,50
404,227,38,48
394,227,41,49
383,226,40,47
374,225,40,47
364,223,44,46
356,222,45,46
351,219,44,45
347,216,43,45
343,214,41,44
339,210,42,42
336,206,42,43
334,205,43,40
335,203,41,41
337,200,41,41
339,199,41,42
342,199,40,41
345,200,40,40
349,199,42,42
354,200,44,42
356,200,42,42
361,201,42,44
362,201,44,44
372,201,40,45
379,203,39,47
389,205,42,44
399,206,41,46
414,206,36,49
424,205,37,51
430,206,41,50
442,206,42,51
453,204,40,53
462,202,41,57
472,200,43,56
480,199,38,57
487,195,37,57
492,195,37,58
495,192,36,61
497,192,34,60
497,191,36,62
492,193,35,60
488,194,35,60
482,196,36,63
473,200,41,59
463,204,37,58
452,208,35,56
440,210,38,55
428,214,40,54
418,214,37,55
403,219,42,51
389,220,43,47
380,218,38,48
370,217,42,47
357,216,45,45
353,215,40,45
344,214,42,41
336,210,44,42
332,206,41,42
329,203,41,40
325,201,42,40
325,199,40,39
324,196,41,40
327,196,40,38
329,194,38,39
330,195,39,39
333,197,41,39
337,198,43,41
345,200,40,42
351,202,40,43
358,205,40,42
367,205,42,46
377,207,38,45
388,209,41,46
399,212,40,45
416,210,38,50
425,210,41,48
438,207,40,51
452,205,40,53
465,199,40,59
478,195,39,59
488,191,39,60
497,186,39,63
505,183,39,63
511,182,38,62
513,178,40,63
516,179,41,61
516,178,40,62
513,178,40,65
508,183,42,63
500,184,39,65
491,188,40,65
480,192,41,64
465,199,50,59
452,203,46,61
437,206,47,57
423,209,49,53
416,208,42,56
400,214,44,46
386,211,45,46
375,208,42,47
366,206,44,44
357,202,47,44
350,199,45,43
347,195,44,40
344,190,42,39
341,187,43,37
339,181,44,37
340,177,42,37
341,174,44,36
345,171,43,37
348,170,44,37
351,169,44,38
356,169,44,40
361,170,43,41
368,171,43,42
378,174,40,44
385,175,40,45
394,179,41,44
402,180,43,45
413,180,41,47
420,183,47,45
433,180,45,48
445,180,43,49
455,178,43,51
468,177,41,53
477,178,44,56
490,179,43,59
498,182,43,59
508,184,42,61
517,186,41,61
521,186,41,62
525,186,41,62
524,186,42,63
526,185,41,65
521,185,42,67
516,186,47,67
511,187,49,68
500,187,55,70
487,187,59,65
481,187,57,67
470,187,58,68
466,188,58,66
460,188,57,66
455,189,60,64
445,191,58,62
432,191,60,60
424,194,57,57
420,195,50,56
414,197,47,55
404,197,49,52
398,198,51,52
395,198,49,51
392,197,48,52
391,200,44,49
391,199,44,49
389,200,43,49
391,201,42,46
392,201,42,45
394,203,40,42
396,200,40,43
399,199,38,41
402,197,37,43
406,196,34,43
409,195,33,44
410,195,35,43
413,196,34,43
415,198,36,43
416,198,37,44
417,200,38,45
419,204,37,45
420,206,40,48
424,208,38,51
427,212,37,52
429,212,37,56
431,214,38,58
430,214,40,62
428,215,43,63
429,219,46,62
430,220,44,64
430,218,43,67
428,218,44,68
427,218,46,66
428,210,44,73
424,211,45,69
419,208,49,70
420,208,48,69
418,209,48,69
416,211,49,70
415,212,44,73
413,217,44,70
409,221,46,68
407,227,44,67
406,233,45,65
407,238,44,62
406,237,40,66
407,240,38,62
408,240,40,61
407,242,38,59
408,240,36,58
411,241,34,54
411,237,32,54
414,234,32,54
416,234,29,50
416,232,30,52
418,230,29,44
419,227,31,41
417,225,32,43
419,223,30,41
420,223,31,42
420,222,30,44
421,222,31,42
420,224,32,40
422,223,30,42
422,227,31,43
420,229,32,45
420,230,33,49
422,232,33,54
418,234,32,55
418,235,37,58
419,237,33,61
418,237,33,64
418,236,36,65
416,237,35,68
416,235,38,66
412,233,39,67
412,231,36,68
412,226,41,69
407,222,42,67
409,218,40,68
407,213,42,71
407,211,42,68
408,205,41,71
405,205,42,70
403,206,43,67
403,205,42,70
404,208,42,66
404,210,42,64
404,210,40,65
404,210,40,69
405,214,41,67
404,215,38,68
406,218,38,68
409,217,37,68
409,221,36,64
414,220,35,65
414,219,36,64
418,216,36,63
418,217,36,57
419,214,39,56
421,212,39,55
423,211,39,52
427,211,38,54
429,209,38,51
432,208,37,51
434,207,38,53
434,207,39,51
436,207,38,51
438,207,39,52
440,207,40,52
441,209,41,53
440,207,42,54
441,209,42,54
441,207,41,56
441,208,42,57
439,208,43,58
440,208,42,58
437,209,44,60
436,210,45,59
434,209,46,62
431,208,45,63
428,211,46,60
426,208,46,61
424,206,43,61
420,205,42,61
422,201,40,62
417,200,40,63
415,198,40,65
413,198,39,63
413,195,39,63
409,195,41,64
407,195,41,64
407,193,40,65
406,197,42,63
407,199,41,63
407,199,43,62
409,200,39,63
411,202,41,61
413,202,40,64
416,203,39,63
416,205,43,61
418,208,44,59
419,206,46,61
421,206,45,59
425,207,45,57
428,206,44,56
431,204,43,56
431,204,46,56
433,205,48,53
433,205,47,56
435,204,46,55
437,205,45,56
438,203,44,55
440,203,42,56
441,203,41,58
441,202,41,55
440,202,46,57
440,201,47,56
438,201,47,58
439,200,48,58
438,199,47,59
436,200,46,55
439,197,46,57
435,195,47,58
434,193,47,59
431,193,49,59
431,193,46,56
428,191,47,58
425,191,47,59
422,189,47,61
423,188,45,60
420,187,46,57
418,187,44,58
416,181,45,60
416,178,42,60
413,175,42,59
411,173,42,60
410,170,43,59
408,171,42,57
408,168,40,58
406,168,40,58
406,168,38,58
406,169,36,57
406,170,36,54
405,171,35,55
406,169,37,56
408,171,36,54
409,169,36,53
411,172,36,54
413,172,36,51
416,171,35,51
418,171,35,54
420,172,36,51
423,175,37,51
425,176,38,52
428,175,41,50
432,175,40,53
435,177,38,53
437,176,42,54
440,178,42,53
441,179,43,54
443,178,43,57
444,179,45,58
446,179,46,58
445,181,48,59
445,180,49,58
445,181,50,59
444,183,49,61
444,185,47,62
443,183,46,64
442,183,47,64
440,181,44,65
437,179,44,67
436,176,46,65
433,174,45,66
430,170,45,67
430,170,44,63
428,166,43,65
430,166,43,63
428,163,43,65
429,162,39,64
430,162,41,65
430,161,40,64
432,161,41,61
435,160,41,61
436,159,43,62
442,159,41,61
445,159,39,60
451,160,38,59
453,163,39,58
458,164,40,60
461,166,42,58
466,167,44,57
470,169,46,58
475,171,46,59
477,170,45,60
482,172,44,57
482,170,43,60
486,172,43,59
488,171,44,59
493,171,43,58
498,172,43,57
500,171,45,57
503,171,48,60
507,173,48,59
508,170,51,60
510,173,51,60
514,175,50,62
514,178,50,61
515,183,50,61
514,185,51,63
513,190,50,64
509,193,55,63
504,194,54,64
502,193,53,63
495,190,55,66
492,185,52,66
486,186,48,67
480,182,48,66
473,178,46,67
466,176,48,67
460,174,45,65
455,169,42,68
449,164,44,64
445,162,42,67
439,162,40,62
436,161,40,62
433,159,39,64
430,160,39,66
428,163,39,65
430,165,37,62
429,167,38,62
432,168,36,63
433,170,37,61
436,171,35,58
438,169,38,58
443,170,38,59
447,169,37,60
451,171,38,59
455,171,38,58
458,174,39,60
462,174,41,59
466,177,42,57
469,177,43,56
474,179,42,56
476,182,42,58
479,182,42,59
480,185,45,60
482,188,44,58
484,190,43,59
483,192,45,59
483,194,46,60
482,197,43,57
484,198,43,59
481,198,41,62
481,200,41,59
478,198,42,61
475,199,44,62
471,197,47,63
469,197,49,64
467,196,48,63
463,194,45,64
461,194,42,64
457,192,44,64
455,190,41,63
451,187,42,65
450,185,40,65
446,186,40,66
443,182,43,66
440,185,41,64
440,181,42,65
438,180,40,65
437,180,41,67
437,181,39,65
436,182,37,65
437,181,38,66
436,184,38,62
438,181,40,62
437,181,40,66
438,182,41,63
439,186,38,64
438,187,39,63
439,187,41,65
442,191,40,65
444,193,37,65
444,199,39,61
444,204,39,61
445,209,39,59
444,214,41,56
442,216,42,58
443,219,42,57
441,222,42,59
441,228,39,58
440,230,39,59
437,231,38,63
437,232,37,64
434,235,37,61
434,235,35,62
430,233,36,65
431,234,34,64
428,234,35,61
428,235,34,62
426,236,35,61
426,235,35,63
427,234,33,63
427,234,32,62
427,235,31,61
428,235,31,62
437,239,42,62
435,235,42,66
432,232,43,68
433,230,43,70
432,230,43,70
432,225,44,62
432,227,47,63
433,227,46,69
430,227,48,60
432,227,51,63
432,226,49,71
433,225,49,79
431,226,51,73
432,226,54,73
432,225,53,75
431,222,57,77
432,222,59,75
431,221,62,78
420,204,49,71
430,211,37,62
433,214,33,59
434,217,30,54
431,215,29,54
432,215,33,56
428,213,34,56
427,213,33,58
426,212,32,59
427,213,32,57
423,212,33,58
423,212,32,60
420,212,34,62
421,212,32,63
415,213,34,61
415,214,34,60
411,214,33,61
413,216,34,61
408,215,32,60
406,216,33,60
402,217,32,59
397,218,35,57
393,218,35,56
391,219,32,57
386,219,35,56
381,218,35,57
378,217,33,56
373,217,35,58
368,215,37,57
363,218,39,56
360,216,41,54
358,218,42,54
357,216,41,55
356,216,41,55
353,216,43,52
353,218,46,52
355,217,46,51
358,217,46,51
364,216,41,51
369,217,42,52
371,217,46,52
380,219,45,50
387,221,43,50
398,222,42,50
408,220,41,52
415,222,43,51
425,221,44,52
436,220,44,55
447,220,43,56
459,219,42,58
472,219,38,56
480,214,42,62
490,208,41,69
498,213,39,63
505,212,37,61
510,211,38,62
513,208,41,63
514,207,37,63
515,208,40,63
511,210,38,63
507,210,39,65
500,210,39,68
490,210,41,71
479,218,43,64
469,223,45,63
455,228,47,63
442,232,48,62
426,236,49,61
412,239,49,59
404,240,41,58
385,244,48,50
373,247,45,45
361,243,45,45
348,240,48,42
339,238,48,41
330,236,47,40
323,233,47,37
318,229,48,38
315,224,48,39
311,219,49,42
312,214,49,43
312,211,51,41
315,209,49,39
318,207,49,38
323,205,50,41
331,204,47,42
339,204,45,42
348,205,44,43
357,206,44,46
366,207,43,49
377,209,42,48
388,213,40,46
406,214,36,50
411,214,45,54
426,217,46,53
442,217,45,56
457,216,42,59
472,215,47,61
485,211,43,64
499,211,44,64
512,209,43,64
524,207,42,63
531,204,42,64
537,203,41,63
541,200,44,64
540,202,42,65
539,197,45,68
535,200,40,67
529,203,41,66
519,204,43,67
506,204,45,69
493,207,46,69
481,209,44,70
466,213,56,67
459,217,49,63
450,218,48,64
445,217,44,66
430,221,43,63
413,221,45,61
406,222,38,59
392,221,38,56
380,220,38,54
369,216,38,52
361,216,39,49
353,213,38,49
348,209,37,48
341,206,38,48
339,205,37,46
336,202,37,47
337,200,36,45
340,198,35,45
343,197,32,44
348,198,33,42
352,199,32,42
358,200,34,44
365,201,34,47
373,202,31,47
385,205,29,49
395,208,30,51
408,215,30,48
416,216,37,51
431,218,37,53
446,221,37,56
458,221,41,57
474,224,43,56
487,222,43,59
500,217,45,62
513,213,46,62
526,209,46,65
534,206,47,66
541,201,50,68
544,200,54,67
547,195,57,69
546,196,59,71
543,195,59,67
541,192,56,70
534,195,55,69
525,195,53,71
512,197,58,70
499,199,54,72
482,206,53,69
465,207,57,72
451,211,50,73
432,216,48,67
417,218,43,67
407,222,37,61
391,220,35,61
379,216,30,56
367,213,30,57
358,209,28,55
348,205,28,55
341,201,28,53
336,197,28,53
332,195,29,49
329,191,28,48
329,187,26,47
329,184,27,46
329,181,26,46
332,180,27,47
335,178,25,48
338,179,27,48
343,181,26,49
349,183,26,50
354,188,27,48
363,191,26,50
371,197,27,49
379,200,29,52
389,208,34,51
400,212,36,53
410,217,41,53
422,217,43,56
436,217,46,60
449,221,50,58
463,218,58,61
476,218,55,59
490,218,58,59
501,211,61,64
511,210,62,62
517,205,65,64
521,203,69,67
525,202,67,67
528,202,68,65
523,203,68,63
522,203,65,65
515,205,65,66
508,207,66,65
498,209,65,67
485,213,64,65
473,212,55,69
461,220,60,65
446,224,54,62
430,224,54,63
415,223,49,61
406,226,42,57
391,223,37,55
378,218,31,55
368,216,30,53
359,212,26,51
351,208,27,51
344,203,26,51
338,198,27,53
332,196,28,48
328,190,28,49
329,186,27,50
329,182,27,50
331,178,26,50
333,177,28,48
336,174,26,50
340,174,26,49
344,175,29,48
350,176,29,51
354,180,31,50
363,182,31,53
371,186,34,53
379,189,36,53
382,187,39,53
389,188,37,56
391,189,42,54
403,189,45,56
412,188,51,59
423,188,54,58
434,184,57,63
446,182,60,64
458,179,64,66
469,175,64,65
476,171,70,70
486,169,71,66
492,163,73,68
498,161,78,68
500,155,82,69
504,156,78,63
500,152,79,65
495,150,80,67
491,145,80,70
483,143,78,71
476,139,71,74
468,136,66,73
454,136,66,73
440,132,67,74
429,127,61,71
419,124,57,72
407,122,55,67
396,118,49,66
387,115,45,67
379,111,40,66
372,109,38,64
365,105,36,64
359,101,35,63
357,100,31,59
352,98,32,56
351,97,30,58
350,95,30,59
350,99,31,55
349,101,31,55
352,107,29,51
353,111,30,50
356,116,28,48
361,119,26,49
363,123,27,48
370,125,26,50
375,131,26,48
380,136,27,47
386,142,26,47
392,147,26,44
397,151,27,43
404,155,26,43
409,160,27,40
415,165,27,37
420,169,28,34
425,173,29,28
432,177,27,26
436,180,27,24
443,189,23,24
443,189,23,24
443,189,23,24
443,189,23,24
443,189,23,24
443,189,23,24
443,189,23,24
443,189,23,24
443,189,23,24
443,189,23,24
443,189,23,24
443,189,23,24
443,189,23,24
443,189,23,24
443,189,23,24
443,189,23,24
443,189,23,24
443,189,23,24
443,189,23,24
443,189,23,24
443,189,23,24
443,189,23,24
443,189,23,24
443,189,23,24
443,189,23,24
443,189,23,24
443,189,23,24
443,189,23,24
443,189,23,24
443,189,23,24
430,185,25,18
432,178,25,24
433,174,27,27
434,167,28,34
437,163,26,36
440,155,25,39
441,151,26,38
442,147,27,41
444,143,27,42
446,141,28,43
449,139,27,43
449,136,27,44
450,135,28,46
449,132,29,48
450,132,31,48
449,131,31,49
449,130,33,51
447,129,32,51
447,125,33,52
446,124,36,52
445,122,38,51
443,119,41,51
439,116,44,51
440,112,45,51
439,111,44,50
438,108,46,52
438,108,47,52
438,108,49,54
437,111,51,54
435,114,51,59
437,124,51,58
438,128,52,62
440,131,48,65
440,133,49,66
446,135,47,65
445,135,46,64
448,136,46,60
446,138,48,62
450,141,47,60
449,142,48,60
451,148,49,58
454,149,45,60
455,152,45,63
460,157,38,59
458,159,37,61
458,164,38,59
457,167,38,58
453,173,41,55
451,176,40,54
449,178,38,55
444,181,39,52
441,181,34,54
435,180,35,52
428,179,34,51
421,178,35,48
414,176,36,47
407,175,36,48
397,174,39,49
388,174,41,48
378,173,41,47
372,174,38,47
362,175,42,47
353,174,40,47
345,172,42,47
337,171,41,46
329,168,45,46
323,165,47,45
317,161,51,45
311,157,52,45
308,153,53,47
307,149,54,48
309,146,52,48
312,143,54,49
314,141,53,48
313,140,59,50
320,138,57,50
328,140,58,50
335,141,59,53
345,141,60,56
357,142,56,59
370,141,56,64
384,143,54,65
398,145,55,64
412,146,56,67
427,148,57,68
443,149,58,70
457,150,57,72
469,154,53,69
485,156,49,73
496,161,46,71
503,163,45,76
513,166,46,73
516,169,44,73
519,169,42,73
519,173,45,71
514,175,47,69
510,176,47,70
505,179,43,68
496,180,46,68
486,185,45,65
474,188,47,61
463,188,47,62
450,187,49,61
435,188,52,55
424,189,53,55
409,191,55,52
403,192,47,49
392,189,48,50
384,189,47,50
375,188,47,50
368,187,46,50
362,187,47,48
358,187,47,43
354,186,50,43
350,186,52,42
348,186,51,43
350,187,49,43
351,188,52,45
355,190,50,44
360,191,48,48
364,196,48,47
371,200,50,48
379,204,52,46
389,213,50,44
405,216,48,48
412,218,53,51
427,223,53,54
443,224,53,60
463,226,46,63
479,228,48,62
496,229,57,64
520,228,52,63
537,227,51,67
552,224,52,69
567,221,50,74
579,219,49,76
585,219,51,74
593,215,46,80
596,212,43,76
598,211,39,75
596,214,41,74
591,212,46,79
584,214,46,79
571,217,49,75
560,222,45,70
547,225,42,68
531,228,40,65
512,232,42,64
491,234,49,69
476,236,46,69
460,236,49,66
439,238,48,64
422,240,47,59
408,239,46,56
399,238,39,53
379,235,44,51
379,235,40,49
369,230,42,49
367,229,41,49
358,226,45,46
349,223,46,44
342,219,47,42
338,216,44,40
332,213,46,39
329,210,43,40
330,207,40,39
330,206,40,39
329,204,41,40
332,206,40,40
332,204,42,41
338,207,42,39
342,209,40,39
345,210,43,42
355,213,42,44
363,215,41,45
372,217,38,48
384,222,40,47
395,223,38,51
408,225,40,54
421,226,40,56
435,226,44,60
452,227,43,61
464,225,45,60
479,222,45,64
491,216,42,64
504,213,44,65
519,209,42,63
528,206,42,65
537,202,42,67
543,198,43,68
547,195,47,67
547,195,48,68
544,197,48,66
543,195,46,68
535,194,44,68
527,194,43,65
513,190,46,66
502,185,44,67
486,185,45,67
471,182,51,66
459,185,43,63
444,185,44,62
433,186,42,64
419,190,40,58
408,192,39,57
399,193,37,54
391,192,37,53
383,193,37,50
375,192,38,49
371,190,39,48
369,188,36,46
367,186,37,45
368,187,37,45
366,184,38,45
368,187,36,43
371,186,37,45
375,189,35,44
378,189,32,46
383,190,31,48
390,196,37,48
395,197,49,53
400,198,54,56
406,200,57,56
407,202,64,57
416,203,64,57
425,204,64,56
432,206,65,57
440,207,61,58
445,207,60,60
450,204,73,64
453,204,71,62
456,203,69,58
445,200,81,70
457,200,69,65
461,200,61,60
464,199,62,62
453,201,56,57
460,199,48,59
461,203,54,59
454,203,41,57
456,204,36,55
452,203,34,55
449,203,35,54
447,202,31,54
445,201,31,54
440,204,34,54
437,203,34,56
435,203,40,58
432,206,52,55
429,204,51,54
427,205,49,50
426,203,48,51
425,202,47,52
424,199,46,52
425,197,44,54
424,195,46,54
424,194,48,55
424,195,47,52
424,193,51,55
426,193,47,54
427,192,48,55
428,192,47,54
431,189,46,55
432,191,47,55
433,190,48,56
435,191,49,56
437,189,48,55
438,191,49,56
441,190,47,54
441,192,50,55
444,192,48,56
446,189,48,55
446,190,49,54
448,188,46,56
448,186,47,56
448,184,45,54
447,183,47,55
447,181,48,57
447,181,51,55
447,179,45,53
447,178,43,54
447,177,45,57
446,176,47,58
445,176,43,54
443,175,47,59
440,176,51,60
438,176,49,59
436,178,52,58
431,177,55,62
430,178,48,56
426,178,37,51
424,178,34,51
424,176,32,49
422,175,32,51
420,173,32,50
418,172,33,49
417,170,33,49
416,168,34,50
416,169,32,48
415,170,32,47
415,170,32,47
415,171,33,47
418,171,32,46
418,172,32,47
418,174,34,45
419,174,35,45
426,184,42,45
423,178,47,51
423,176,49,52
425,174,43,52
429,173,40,52
430,172,36,47
431,171,34,48
430,169,37,48
430,168,37,49
427,169,40,49
427,169,40,48
426,169,41,48
426,170,38,49
427,171,37,50
427,173,35,49
427,173,34,48
426,173,33,49
425,173,33,49
424,174,32,51
424,173,33,48
422,174,33,47
423,173,30,49
422,174,30,48
422,174,33,50
422,173,29,51
422,173,29,48
422,173,26,47
421,173,28,46
420,174,37,51
420,173,32,52
419,173,27,50
420,173,29,50
419,175,31,52
419,175,35,51
419,174,32,51
419,175,29,49
420,175,32,49
419,175,29,51
420,175,28,47
420,175,32,50
422,174,29,49
422,176,31,48
422,175,29,50
423,176,33,51
424,177,29,49
425,177,30,49
425,179,33,51
427,181,30,49
428,181,31,51
428,184,34,49
430,184,31,52
430,186,32,51
439,193,39,52
433,192,49,57
434,196,56,57
434,196,60,61
435,198,61,60
437,199,60,60
439,200,63,62
438,199,65,62
439,196,65,65
439,194,64,65
436,195,72,62
435,191,76,66
437,194,80,60
424,183,73,59
434,184,60,52
417,180,56,50
427,180,43,47
427,175,41,50
424,173,40,50
421,171,40,50
417,171,40,49
415,170,36,48
410,169,35,49
406,169,34,49
401,169,32,49
395,169,32,51
390,169,32,51
384,170,31,53
378,172,30,51
373,173,27,52
366,174,28,51
361,174,28,52
355,173,30,53
350,173,31,53
346,170,34,54
343,167,35,53
342,167,39,53
343,161,39,55
345,159,40,56
346,155,42,56
352,153,42,56
355,149,45,57
359,149,44,58
362,147,43,59
362,148,46,58
371,144,46,63
381,145,45,62
390,143,45,64
396,144,51,63
410,143,47,66
420,145,48,66
431,146,46,68
440,148,47,65
449,149,43,66
458,147,44,66
462,147,42,66
466,147,43,66
470,146,41,66
468,148,44,71
465,150,42,68
459,151,47,69
453,151,48,69
442,155,54,68
434,156,56,67
423,153,58,72
414,153,57,71
403,152,62,71
393,153,65,65
384,152,63,67
374,149,65,66
370,147,66,67
362,149,68,63
363,147,67,67
362,147,68,64
364,147,67,66
370,150,67,62
377,149,66,63
391,149,62,64
404,149,60,65
418,150,59,73
439,153,52,74
456,156,51,80
471,160,54,82
489,164,53,82
503,168,57,80
519,168,61,80
532,173,65,79
545,169,67,76
555,168,68,76
558,165,71,76
563,164,70,76
566,160,69,71
568,160,66,68
565,157,70,69
563,156,67,69
560,156,67,68
554,156,65,72
548,158,62,68
541,161,62,70
532,163,60,69
525,163,58,72
514,165,57,72
501,167,58,75
491,169,56,75
477,171,59,74
465,173,57,81
455,175,54,77
445,176,53,80
433,176,54,78
420,177,54,82
409,177,56,80
404,178,49,82
392,176,53,85
383,177,51,82
373,180,50,84
367,182,50,80
359,181,48,89
354,179,51,92
347,183,51,92
342,183,51,91
338,188,53,91
335,186,54,99
333,192,55,95
333,193,55,99
332,195,57,99
332,197,59,102
333,194,62,104
334,197,60,105
336,196,62,105
338,196,61,104
339,193,62,103
339,193,61,109
336,190,62,110
337,189,62,112
334,187,61,114
333,186,60,114
327,184,59,114
322,184,60,117
316,187,65,116
312,188,68,119
306,190,62,122
300,192,66,128
293,190,65,142
289,191,62,136
283,192,58,124
278,193,66,124
272,193,66,128
274,194,65,126
275,195,67,116
276,196,70,113
274,196,70,111
276,199,76,112
276,200,79,105
275,203,87,102
276,203,91,100
275,204,93,96
277,204,95,97
277,206,92,94
278,207,92,93
278,207,94,92
280,203,87,95
285,200,83,101
290,201,74,101
291,197,70,103
296,199,65,102
299,196,58,106
302,197,55,108
303,198,50,110
302,196,52,110
300,201,52,106
302,200,55,104
298,201,59,103
297,200,64,102
290,201,70,101
286,200,75,103
286,201,75,101
288,201,71,101
291,201,67,100
295,199,61,105
302,198,58,109
306,202,56,102
309,203,61,99
306,205,79,100
305,208,85,94
301,209,93,93
308,210,96,95
313,214,93,90
317,213,91,90
319,210,90,93
327,209,78,93
330,205,64,93
337,209,57,89
334,216,57,84
331,211,63,92
326,209,64,95
319,209,74,94
314,207,73,97
306,206,80,94
303,209,80,88
303,208,69,91
306,209,61,90
307,207,57,94
308,213,63,87
307,216,69,79
298,218,81,77
300,221,81,73
284,221,94,77
279,221,99,79
276,221,99,78
278,221,93,82
284,218,84,87
287,215,71,87
284,214,66,94
286,211,59,98
283,208,60,99
279,202,61,106
272,205,69,100
266,203,76,102
261,201,76,100
254,201,83,101
255,201,85,104
249,198,88,104
234,198,103,110
243,199,90,107
262,197,74,112
272,199,68,104
278,200,69,105
278,203,82,102
278,210,95,93
279,214,99,89
282,215,105,92
293,213,99,97
310,214,83,89
319,215,73,92
321,214,60,101
323,214,57,95
319,214,66,93
311,214,82,93
309,214,83,92
304,213,86,92
301,212,85,92
300,209,80,92
302,206,67,91
305,201,56,92
309,205,59,95
309,203,58,93
306,203,66,94
298,205,74,92
289,204,82,88
286,210,88,86
282,208,87,87
282,206,85,90
287,207,84,90
288,205,71,94
291,205,66,94
294,207,56,94
294,205,50,97
292,206,54,98
288,204,54,98
282,206,61,97
278,206,67,96
272,207,71,95
264,203,79,97
261,199,84,103
259,199,82,103
265,197,76,106
269,198,66,102
276,196,60,99
279,187,60,101
283,181,59,105
284,177,60,105
287,171,61,107
290,167,65,106
290,168,75,102
289,166,85,105
288,172,91,97
293,176,88,95
293,176,88,101
308,180,78,104
313,180,69,106
315,180,67,103
325,183,63,101
327,184,57,98
331,179,49,100
328,179,55,103
327,177,59,102
326,177,66,96
326,178,62,94
327,175,64,93
328,168,65,99
330,168,63,93
330,161,64,95
330,155,65,94
332,151,63,96
336,145,61,96
340,143,57,101
343,140,60,104
346,139,63,102
346,140,70,101
342,139,83,105
346,142,83,103
347,142,87,105
346,143,94,105
359,143,95,107
366,145,98,108
374,144,93,115
384,142,88,114
400,145,76,113
412,149,74,120
417,156,76,127
424,160,96,131
430,170,96,134
436,177,98,133
439,185,98,132
443,205,99,121
453,205,93,126
451,223,97,122
460,232,85,122
462,251,81,112
468,268,70,92
469,294,70,66
473,318,61,54
473,318,61,54
473,318,61,54
473,318,61,54
473,318,61,54
473,318,61,54
473,318,61,54
473,318,61,54
473,318,61,54
473,318,61,54
473,318,61,54
473,318,61,54
473,318,61,54
473,318,61,54
473,318,61,54
473,318,61,54
473,318,61,54
473,318,61,54
473,318,61,54
473,318,61,54
473,318,61,54
473,318,61,54
473,318,61,54
473,318,61,54
473,318,61,54
473,318,61,54
473,318,61,54
402,288,63,56
417,279,56,60
425,271,58,72
433,266,63,84
441,256,67,87
444,248,75,85
449,241,75,79
454,233,74,78
458,224,74,79
463,218,69,84
463,209,72,90
465,205,63,93
466,200,67,87
464,195,61,86
460,188,60,90
456,182,61,92
450,177,64,90
445,170,69,91
443,159,62,89
436,151,61,89
430,142,58,91
424,133,56,87
419,131,50,83
413,124,51,85
406,122,50,84
402,121,48,85
394,118,49,90
390,117,48,90
385,117,53,94
386,119,53,93
384,124,50,92
384,125,50,88
388,134,50,85
391,135,49,88
395,140,50,89
399,144,50,92
402,152,52,94
406,158,52,94
413,165,54,93
418,180,53,92
425,190,58,96
431,203,60,95
439,218,60,95
442,224,63,100
446,239,63,99
457,259,55,90
460,273,59,86
465,282,58,80
468,292,56,66
473,298,55,61
473,307,57,54
475,315,54,43
474,321,54,37
474,328,52,31
474,328,52,31
474,328,52,31
445,292,42,36
455,288,35,40
455,288,35,40
466,289,25,39
468,287,23,43
468,288,25,40
468,288,25,40
468,289,27,39
468,291,26,37
468,292,26,39
466,293,25,37
467,294,25,38
466,297,22,35
466,297,22,35
466,297,22,35
466,297,22,35
466,297,22,35
466,300,24,33
465,305,20,35
420,293,25,41
420,273,31,45
407,263,42,44
408,265,52,49
407,249,60,59
413,229,54,74
416,204,56,87
421,187,52,96
426,173,52,101
429,164,53,98
435,157,55,96
439,152,58,97
445,147,55,99
448,147,55,100
452,145,57,97
455,144,55,99
458,139,54,103
458,140,54,92
460,136,55,92
465,138,57,87
464,132,55,87
467,134,52,90
466,131,52,90
465,133,56,91
466,132,53,88
462,132,56,90
464,132,52,92
463,134,52,88
461,136,53,88
459,138,52,89
459,141,57,88
452,147,56,86
455,151,58,88
453,154,54,87
450,157,56,86
448,161,52,83
448,164,52,81
448,165,50,80
446,171,52,76
446,174,51,74
446,178,49,76
446,184,48,72
446,188,46,73
446,190,45,70
446,194,45,65
447,194,43,65
447,193,44,64
448,192,43,62
449,192,41,59
450,192,40,58
452,191,39,58
451,189,41,55
452,188,37,54
453,188,36,52
453,186,35,52
453,186,36,51
450,185,39,49
448,185,41,49
448,180,39,51
446,178,37,53
444,173,41,58
442,170,38,60
440,167,42,61
437,165,45,62
434,163,44,65
429,164,48,64
425,163,51,68
423,159,53,72
423,156,50,73
421,152,53,70
418,146,58,70
418,135,58,72
418,129,62,72
417,120,64,77
418,116,66,76
420,112,67,80
421,109,64,82
427,107,62,84
429,107,60,88
433,110,59,87
431,115,64,87
431,119,67,92
432,125,71,98
433,136,74,93
438,142,72,96
437,159,74,93
441,174,73,98
442,186,66,100
449,209,61,103
454,246,56,97
449,274,63,84
454,296,58,64
466,311,48,50
466,311,48,50
466,311,48,50
466,311,48,50
466,311,48,50
466,311,48,50
466,311,48,50
466,311,48,50
466,311,48,50
466,311,48,50
466,311,48,50
466,311,48,50
466,311,48,50
466,311,48,50
466,311,48,50
466,311,48,50
466,311,48,50
466,311,48,50
435,302,46,47
426,291,53,50
422,278,58,55
415,261,61,62
408,245,65,67
408,225,61,72
403,210,65,76
405,195,62,78
406,182,61,77
406,170,63,79
406,161,64,77
402,155,67,77
400,153,71,76
401,150,71,78
400,150,68,79
402,150,69,78
403,154,67,79
405,157,61,81
407,167,59,80
409,179,57,78
404,190,60,78
403,202,62,78
401,211,66,82
397,223,73,81
404,242,67,73
410,258,60,68
415,268,55,68
417,277,50,65
420,286,48,59
424,294,45,52
425,303,47,46
431,312,43,40
432,318,42,35
435,321,39,32
434,320,37,31
432,319,39,31
430,318,41,29
429,315,42,33
428,312,45,35
428,306,48,39
423,293,53,47
418,282,60,53
416,264,61,66
413,248,60,69
416,232,56,75
415,215,58,76
416,205,56,74
417,192,58,74
414,182,65,71
416,174,65,67
415,163,66,68
409,153,74,68
409,146,74,68
411,143,69,64
410,134,71,70
412,131,68,70
417,132,67,72
413,134,67,73
416,137,65,72
415,138,68,76
418,144,68,74
418,146,66,72
418,146,65,73
418,147,64,73
421,151,64,72
419,152,61,72
421,156,54,71
422,164,56,66
421,167,54,69
418,172,55,66
418,178,52,62
418,181,52,60
416,183,51,60
415,188,49,56
410,188,46,55
408,188,49,57
410,190,43,51
408,190,45,50
405,188,45,52
402,189,47,51
403,190,48,49
402,190,46,50
402,190,45,49
400,192,45,49
401,192,44,48
400,194,46,49
399,196,47,49
400,197,44,50
401,201,45,48
402,201,46,50
405,204,45,50
408,207,46,49
413,211,42,49
412,209,47,53
417,211,45,51
421,211,44,51
426,211,44,51
429,211,45,52
435,212,44,50
438,210,46,51
445,211,45,51
451,210,45,54
454,213,45,55
459,209,41,57
463,209,45,61
467,210,41,60
466,212,40,60
469,213,40,61
468,218,38,57
465,213,41,61
461,216,41,62
459,218,35,59
451,222,37,57
441,220,40,55
433,222,40,55
426,220,39,55
420,220,43,54
415,221,44,51
412,221,44,49
404,215,45,52
397,211,45,52
387,210,49,49
380,209,48,42
375,205,51,42
371,198,51,44
369,195,51,42
369,192,49,41
370,189,49,41
371,187,51,41
374,186,50,43
378,187,50,41
384,187,49,43
390,187,48,45
402,188,45,47
410,190,47,48
424,192,42,47
437,191,42,51
452,191,45,52
462,189,46,57
475,188,38,55
483,184,41,56
494,178,40,58
502,172,39,60
506,167,42,63
510,164,41,62
513,160,41,62
515,155,42,65
512,154,42,65
508,154,41,66
499,153,44,67
487,153,49,67
471,153,55,65
460,150,57,66
444,147,61,65
427,145,64,65
416,144,64,60
400,144,64,58
388,143,65,60
376,143,67,59
365,141,65,62
358,143,66,59
352,144,65,61
347,144,63,63
342,144,63,65
338,146,63,65
335,150,63,63
332,151,63,64
333,154,63,64
331,156,63,66
334,157,63,71
336,160,62,73
338,162,62,74
341,166,62,75
345,167,62,78
345,170,62,74
348,173,59,73
351,174,60,74
351,173,60,78
359,174,56,77
358,173,57,77
358,174,58,79
360,172,59,80
358,175,57,77
357,175,60,82
353,179,66,80
354,185,64,80
352,188,61,82
352,191,60,83
348,197,59,82
348,201,59,81
344,206,65,82
341,207,63,83
339,207,65,83
338,206,66,81
337,207,64,82
335,208,64,79
335,205,62,83
335,207,57,81
334,206,55,83
331,207,53,79
329,206,48,79
327,207,47,80
322,208,48,79
318,204,49,82
314,206,48,80
311,206,48,79
306,206,52,81
305,206,45,79
305,206,46,80
303,206,46,80
302,209,43,74
302,207,42,78
302,208,44,79
303,206,42,81
303,206,43,81
303,207,42,79
303,207,42,78
302,209,43,77
303,206,45,77
302,208,43,80
303,209,44,77
302,209,42,76
