444,125,78,119
440,126,84,122
440,124,80,121
438,131,76,120
437,127,78,122
436,130,75,120
434,130,75,121
432,132,72,120
433,128,65,126
432,130,62,128
432,128,63,129
431,129,61,132
431,130,64,128
431,131,67,129
431,134,64,129
431,133,65,131
432,135,64,131
435,138,61,130
435,138,62,133
434,138,63,134
435,139,64,135
436,142,63,133
437,139,64,133
436,140,66,138
437,139,66,134
437,136,65,141
437,137,67,143
439,138,66,140
438,138,66,143
439,137,65,143
437,138,67,150
439,138,68,145
439,140,67,147
438,139,69,149
436,141,72,151
437,141,71,149
436,139,73,153
434,139,78,154
435,142,75,155
434,142,79,152
432,141,84,154
433,144,80,156
431,141,85,154
429,144,88,159
429,145,84,156
428,143,86,156
426,145,85,159
425,145,84,165
422,144,91,165
422,146,88,164
418,145,93,168
417,147,92,162
412,150,101,164
413,150,93,166
409,153,95,168
407,150,97,172
404,153,99,170
400,157,105,166
399,161,101,165
395,155,106,169
391,158,112,174
388,157,117,173
389,159,110,173
381,160,117,172
380,169,105,167
377,166,106,175
372,162,108,177
369,164,108,182
363,164,112,181
358,171,124,176
353,167,130,179
349,172,129,189
345,175,121,182
341,174,126,184
337,174,131,185
333,171,132,193
327,176,130,192
324,176,135,192
316,170,142,198
310,174,141,197
302,176,144,197
301,178,150,202
292,181,158,198
287,186,151,210
284,186,137,203
279,179,129,212
272,180,138,215
265,180,144,217
262,185,137,215
258,184,134,216
252,188,137,217
242,184,145,226
240,184,142,223
232,184,140,231
225,181,143,236
221,196,144,223
219,199,140,224
215,196,154,225
211,192,152,231
207,201,142,227
204,200,135,228
202,205,132,220
199,205,134,209
197,207,132,205
196,207,130,203
198,213,121,201
196,205,120,217
193,206,121,214
194,210,118,218
195,207,118,220
194,215,114,216
192,215,116,218
194,219,115,211
193,213,116,221
194,217,118,220
193,217,124,219
194,217,125,217
195,221,127,214
197,226,128,207
202,219,123,213
198,223,132,210
200,224,138,210
198,224,143,205
201,228,143,207
191,229,160,204
183,228,177,209
176,229,194,201
162,222,225,213
162,223,235,207
168,222,235,213
170,226,237,208
175,229,231,206
168,236,241,198
159,225,259,211
175,224,241,213
178,228,234,207
167,229,254,208
185,221,236,209
183,224,237,211
184,221,239,212
188,217,240,216
192,222,232,214
197,222,228,211
198,223,227,212
201,224,222,209
218,220,195,212
221,220,190,209
217,224,197,209
239,217,179,215
243,218,180,219
257,220,175,213
253,221,183,214
256,222,184,214
274,216,169,219
276,220,173,215
273,222,186,214
286,217,181,209
286,216,185,223
307,219,182,213
298,218,187,217
309,214,176,220
309,211,184,225
313,209,179,226
318,212,180,222
323,210,172,225
326,209,172,229
334,204,162,234
330,208,171,232
335,207,168,235
344,208,159,232
358,208,143,230
358,210,143,229
367,210,136,223
378,211,120,229
392,193,104,252
395,189,103,259
394,182,109,262
390,197,113,244
427,164,95,255
435,192,69,240
421,173,82,259
397,197,109,234
376,201,124,230
409,185,111,248
384,183,128,253
384,183,128,253
384,183,128,253
384,183,128,253
384,183,128,253
384,183,128,253
384,183,128,253
384,183,128,253
384,183,128,253
384,183,128,253
384,183,128,253
384,183,128,253
345,201,130,225
359,196,103,229
367,195,75,233
368,185,75,248
366,196,84,233
367,190,88,242
364,197,97,238
362,198,101,234
362,197,104,234
359,195,111,236
356,195,120,239
355,185,124,249
352,190,130,244
351,185,133,247
348,191,136,241
347,191,132,239
347,187,132,243
338,192,144,236
339,184,139,244
337,190,142,237
335,187,146,234
330,193,157,235
329,191,150,234
327,191,151,238
327,189,153,229
324,193,153,229
321,190,145,228
319,195,142,228
316,189,151,235
309,197,150,225
307,190,143,229
303,188,129,234
301,187,121,232
294,189,135,232
288,187,135,233
286,190,142,227
281,192,151,225
281,185,142,235
273,192,147,226
266,187,161,229
261,191,170,230
251,189,171,235
247,192,185,241
229,191,207,239
225,190,211,238
218,193,209,236
208,194,211,235
204,194,204,237
199,194,199,235
190,198,203,231
183,202,213,225
174,201,201,228
172,207,190,215
163,196,200,230
155,201,174,226
151,212,150,210
151,202,128,214
142,207,131,219
136,204,127,221
126,206,136,218
117,206,153,219
107,211,195,225
94,194,204,231
92,212,196,218
85,204,197,223
80,214,189,219
77,201,178,225
73,198,162,227
63,205,175,213
58,204,167,222
57,194,152,226
49,201,154,217
48,202,144,213
44,201,138,217
44,197,131,223
44,199,125,220
36,200,130,219
34,188,129,232
21,201,141,220
13,189,144,230
11,197,132,213
4,195,130,226
3,193,123,217
4,189,112,224
3,196,109,215
0,192,103,219
0,186,87,220
-1,187,78,225
-1,176,62,237
0,174,67,249
9,170,52,261
1,160,60,254
12,175,47,247
7,171,53,255
7,176,51,251
9,160,45,237
5,173,47,234
2,147,45,233
0,158,44,220
0,169,40,210
0,169,40,210
0,169,40,210
0,169,40,210
0,169,40,210
0,169,40,210
0,169,40,210
0,169,40,210
0,169,40,210
23,275,36,204
14,279,51,196
14,281,54,185
4,286,68,156
8,300,52,135
3,311,57,121
-1,322,56,110
-1,322,56,110
-1,322,56,110
90,252,55,126
60,188,63,146
85,242,66,149
60,196,69,169
62,215,84,177
63,227,90,174
59,234,97,160
42,208,97,173
47,228,105,168
43,227,115,171
25,198,125,200
33,209,121,195
30,211,126,192
25,206,131,195
17,207,145,193
15,206,146,195
14,201,141,202
14,202,145,199
14,199,145,201
14,201,151,200
11,193,152,208
12,195,160,209
13,192,158,208
26,200,141,205
23,199,148,205
31,203,139,198
33,199,139,205
47,201,122,203
45,194,122,215
55,198,113,209
56,205,114,202
57,199,114,211
59,197,113,213
54,196,128,211
52,196,147,208
56,200,145,206
59,203,141,201
53,202,153,204
52,199,158,205
47,205,165,200
53,201,162,201
64,208,146,198
63,195,151,214
53,212,168,189
53,205,167,204
60,208,162,205
60,213,168,199
59,215,173,200
65,219,169,193
78,221,153,197
80,218,161,197
77,218,167,197
76,220,171,198
80,210,171,205
72,217,192,200
70,213,198,203
76,225,195,192
74,221,204,194
76,216,203,200
89,220,196,195
82,222,205,195
94,218,196,195
97,217,200,201
96,211,202,201
101,221,204,194
109,211,197,202
117,212,194,200
116,215,200,196
125,219,190,189
128,213,195,199
132,202,192,214
134,204,192,210
140,200,187,219
137,202,196,218
130,205,211,211
136,205,206,210
142,185,223,235
138,179,260,233
152,180,256,234
160,177,241,232
163,177,245,242
162,181,247,227
178,180,232,230
175,181,237,223
198,175,214,229
192,181,221,223
204,178,212,229
205,177,212,235
210,180,206,239
212,179,207,231
214,178,207,239
230,180,195,232
239,183,188,225
249,185,181,223
259,181,175,220
257,182,178,223
260,182,178,217
265,186,175,215
269,185,171,213
281,183,164,209
289,183,162,207
299,179,154,206
298,183,158,202
299,180,160,203
299,180,166,208
300,180,170,211
314,177,155,208
318,178,153,204
325,181,150,207
320,181,157,206
333,179,147,203
333,179,148,209
350,176,130,201
358,175,122,200
371,173,112,195
376,170,105,197
385,175,97,189
394,170,88,189
407,167,74,196
418,167,65,192
430,163,50,196
434,155,51,205
428,141,59,215
419,146,69,241
397,127,93,245
382,123,123,264
371,107,135,290
365,78,140,322
366,66,137,332
369,43,132,355
378,36,125,361
385,48,128,355
384,34,133,364
391,41,125,361
396,35,123,366
396,28,124,368
406,24,117,367
407,42,118,352
414,20,112,368
413,38,111,352
422,25,107,363
383,53,129,341
388,31,139,350
386,42,139,334
384,47,141,326
387,46,138,333
390,47,135,334
391,45,128,330
386,52,131,320
383,52,133,315
385,48,126,314
384,51,122,303
386,47,113,304
385,48,109,314
383,27,107,326
382,39,104,315
382,49,97,304
378,40,102,312
386,23,90,328
386,24,88,331
387,40,84,314
390,35,83,320
385,27,85,328
383,23,85,330
380,34,94,316
377,32,96,316
375,54,102,298
374,44,102,302
373,51,94,291
373,33,87,308
374,33,82,306
370,36,85,298
368,27,91,305
370,41,86,290
369,39,88,291
374,30,82,300
400,69,106,266
383,69,133,247
375,62,143,252
383,66,141,246
386,77,138,235
384,65,142,243
389,77,140,230
399,81,130,223
400,84,136,218
409,117,139,179
369,62,122,199
375,56,103,189
413,107,125,190
382,58,103,216
392,54,95,229
411,59,83,253
415,49,88,260
414,56,97,255
419,60,111,247
424,54,115,243
425,46,116,255
428,47,115,259
432,39,114,261
435,41,113,259
437,39,112,261
444,34,102,263
452,37,96,263
458,24,91,273
463,25,87,281
462,19,92,272
472,26,87,273
473,25,84,269
477,31,85,268
488,20,74,269
486,31,79,265
490,20,75,271
488,24,77,270
499,30,67,265
495,26,75,268
499,34,71,264
472,28,98,265
463,41,111,248
492,26,88,264
496,28,79,261
427,85,86,244
491,35,85,245
495,38,78,241
432,99,76,216
433,116,67,182
430,117,72,157
426,129,70,133
418,133,80,128
414,133,94,131
413,133,98,126
410,135,95,128
408,134,89,126
406,132,90,125
406,130,75,128
405,132,64,127
403,129,63,127
400,130,65,123
404,129,53,125
403,130,52,122
408,135,43,117
388,118,58,127
381,124,70,134
371,125,86,136
362,126,90,132
362,126,82,124
357,125,83,127
415,100,93,149
414,64,98,190
417,61,70,195
345,107,83,168
347,117,68,164
345,119,69,160
343,124,72,154
336,116,78,162
332,117,78,167
327,122,83,165
353,81,91,180
339,76,109,184
328,57,113,210
373,56,73,205
370,54,72,207
371,48,55,206
370,46,51,201
363,45,56,204
362,42,52,218
362,42,52,218
362,42,52,218
362,42,52,218
321,22,68,212
326,29,69,187
343,41,52,152
342,53,49,140
339,56,51,136
338,58,49,132
335,61,47,130
331,63,48,130
324,66,55,125
324,66,49,124
318,63,53,130
315,56,55,135
314,32,56,157
311,14,59,178
310,7,60,184
309,10,61,181
309,10,61,181
309,10,61,181
309,10,61,181
309,10,61,181
309,10,61,181
309,10,61,181
309,10,61,181
309,10,61,181
309,10,61,181
309,10,61,181
309,10,61,181
309,10,61,181
309,10,61,181
309,10,61,181
309,10,61,181
309,10,61,181
309,10,61,181
309,10,61,181
309,10,61,181
309,10,61,181
309,10,61,181
309,10,61,181
309,10,61,181
309,10,61,181
309,10,61,181
309,10,61,181
309,10,61,181
309,10,61,181
309,10,61,181
309,10,61,181
309,10,61,181
309,10,61,181
309,10,61,181
309,10,61,181
309,10,61,181
309,10,61,181
309,10,61,181
309,10,61,181
309,10,61,181
309,10,61,181
309,10,61,181
320,29,50,168
320,29,50,168
320,29,50,168
327,29,43,166
332,50,38,149
336,58,36,130
314,55,32,137
330,60,40,131
317,65,53,125
318,64,50,127
317,66,46,127
314,62,53,128
314,65,52,129
332,62,45,130
332,62,45,130
332,62,45,130
332,62,45,130
332,62,45,130
332,62,45,130
332,62,45,130
332,62,45,130
332,62,45,130
332,62,45,130
332,62,45,130
332,62,45,130
332,62,45,130
332,62,45,130
332,62,45,130
332,62,45,130
332,62,45,130
332,62,45,130
332,62,45,130
332,62,45,130
332,62,45,130
332,62,45,130
332,62,45,130
332,62,45,130
332,62,45,130
332,62,45,130
332,62,45,130
332,62,45,130
332,62,45,130
332,62,45,130
332,62,45,130
332,62,45,130
332,62,45,130
499,93,35,129
505,88,24,126
504,73,25,127
504,73,25,127
504,73,25,127
504,73,25,127
504,73,25,127
504,73,25,127
504,73,25,127
504,73,25,127
504,73,25,127
504,73,25,127
504,73,25,127
504,73,25,127
504,73,25,127
504,73,25,127
504,73,25,127
504,73,25,127
504,73,25,127
504,73,25,127
504,73,25,127
504,73,25,127
504,73,25,127
504,73,25,127
504,73,25,127
504,73,25,127
504,73,25,127
504,73,25,127
504,73,25,127
504,73,25,127
504,73,25,127
504,73,25,127
504,73,25,127
504,73,25,127
504,73,25,127
504,73,25,127
504,73,25,127
504,73,25,127
504,73,25,127
504,73,25,127
504,73,25,127
504,73,25,127
504,73,25,127
504,73,25,127
504,73,25,127
504,73,25,127
504,73,25,127
504,73,25,127
504,73,25,127
504,73,25,127
504,73,25,127
504,73,25,127
504,73,25,127
504,73,25,127
504,73,25,127
504,73,25,127
504,73,25,127
504,73,25,127
504,73,25,127
504,73,25,127
504,73,25,127
513,115,40,128
513,115,40,128
503,111,27,121
499,124,31,108
497,127,33,107
494,132,37,100
492,129,39,105
488,127,43,108
484,124,48,111
483,123,48,112
480,123,50,112
477,123,52,113
474,122,55,114
470,124,58,113
467,121,62,114
461,124,67,113
458,122,71,115
457,123,70,118
454,125,74,112
449,127,78,115
447,125,79,114
443,127,83,113
440,123,86,114
437,127,90,119
437,122,86,117
437,128,82,115
436,124,75,120
437,128,70,115
436,129,64,116
435,129,63,116
435,125,63,120
434,130,62,119
434,130,62,117
433,129,63,121
435,131,59,123
434,128,60,125
434,128,60,127
434,131,59,125
434,132,58,125
433,130,66,128
432,133,66,126
433,131,64,129
433,133,62,133
435,133,61,132
434,136,62,132
436,135,62,133
435,137,62,131
437,136,60,135
437,135,62,135
436,136,64,138
437,136,62,137
438,138,63,135
437,138,64,137
438,137,63,140
435,137,69,140
437,137,65,141
437,140,65,139
434,139,70,144
436,135,68,151
435,137,69,150
435,140,67,149
433,139,71,149
432,141,71,151
432,142,71,150
431,140,73,154
431,139,71,157
432,139,69,156
427,143,75,154
427,141,76,159
425,145,78,155
427,144,75,159
425,142,79,160
421,149,83,160
421,147,81,158
420,150,81,159
418,149,80,164
416,149,83,166
414,151,81,164
415,150,78,166
415,155,81,164
412,152,82,172
413,152,83,172
410,151,83,175
410,150,83,180
408,156,83,175
409,155,84,177
408,155,83,178
406,159,85,176
408,154,84,185
407,160,83,184
406,158,86,186
403,160,86,182
406,163,86,182
405,162,87,186
406,168,86,180
404,168,90,186
406,167,87,190
408,166,84,198
409,173,86,192
407,172,92,187
406,173,90,196
407,170,92,194
407,171,93,200
407,168,94,202
406,175,94,200
404,176,97,201
402,170,100,205
402,179,103,199
401,172,100,207
399,173,103,214
398,178,105,207
395,181,108,202
393,184,110,208
388,182,115,208
386,180,116,213
382,178,123,211
383,176,121,216
380,178,122,217
374,178,129,224
374,181,128,213
374,187,128,217
365,183,137,216
364,177,137,230
364,184,134,217
360,187,141,223
361,180,139,233
361,175,135,230
356,181,139,230
354,175,139,233
354,183,139,230
354,184,140,230
351,181,139,233
353,178,141,228
351,184,141,230
350,180,141,226
348,182,145,237
351,184,143,226
347,184,143,229
346,184,142,228
348,182,144,229
348,182,141,230
348,184,140,225
349,185,138,230
347,181,144,227
346,189,140,227
347,175,139,230
345,179,136,238
349,183,131,234
348,175,129,240
349,178,123,236
353,187,120,228
351,184,121,232
349,182,124,233
350,185,123,229
346,185,127,225
352,187,121,223
348,187,125,225
347,183,126,231
348,184,127,230
351,183,124,231
352,185,122,228
350,182,122,231
352,180,120,234
354,180,120,233
349,186,123,234
348,182,129,229
354,184,121,234
352,181,123,232
350,184,124,227
350,183,125,233
353,183,121,235
354,176,120,239
354,187,120,230
358,187,115,232
349,183,126,231
355,186,117,234
352,179,120,237
352,183,123,239
352,179,125,232
352,186,123,233
352,182,122,237
352,183,121,235
350,185,124,232
353,184,121,237
358,179,115,235
352,183,121,238
350,184,124,234
354,183,120,231
354,183,120,238
350,180,125,238
349,187,125,234
353,181,121,234
346,187,128,235
341,183,138,234
347,187,130,229
353,184,123,237
360,183,115,235
365,179,109,238
369,185,105,237
371,183,103,234
373,189,102,231
379,186,94,229
386,183,88,232
387,185,86,229
398,187,76,229
404,185,67,229
410,190,59,223
419,185,47,217
422,177,43,213
413,162,53,220
403,156,61,208
403,156,61,208
403,156,61,208
339,197,82,200
331,204,111,202
334,198,131,227
343,193,154,236
336,193,170,229
347,182,177,241
340,187,178,232
340,187,189,233
337,196,194,227
339,197,177,223
343,214,135,203
350,228,134,186
348,218,142,194
348,219,146,193
346,213,145,202
341,186,150,229
340,189,150,227
344,176,144,229
343,181,139,235
348,179,130,229
346,183,130,224
344,186,130,228
350,186,121,225
348,183,126,232
348,181,125,233
351,187,120,229
350,180,123,230
351,185,123,229
345,185,130,233
355,183,117,230
351,182,122,228
348,183,124,231
348,186,127,230
352,175,124,230
350,183,125,228
351,189,119,230
348,180,126,226
350,188,124,223
349,182,125,230
352,182,120,227
351,183,120,234
350,181,122,235
350,185,124,230
355,188,115,228
349,179,126,226
351,190,123,231
348,181,128,226
350,185,123,231
347,183,127,234
351,181,124,231
352,178,123,232
354,181,117,232
349,182,126,226
353,183,122,232
348,178,127,235
351,179,124,235
348,188,129,225
352,183,123,233
349,179,125,234
351,186,125,231
348,177,126,238
350,185,125,234
354,183,118,231
354,182,120,234
350,181,124,233
354,181,120,235
351,187,124,233
355,182,122,230
351,182,124,235
353,178,119,239
352,179,121,238
354,176,122,238
349,172,127,246
353,168,122,244
353,181,123,237
351,176,126,238
351,172,126,239
349,172,130,242
346,177,134,235
350,176,127,238
349,180,129,233
352,184,125,227
357,179,118,235
351,176,128,235
357,182,124,229
357,178,129,234
362,171,125,238
367,176,120,233
371,164,116,242
373,176,117,228
380,166,108,238
385,171,104,222
388,176,99,228
387,167,100,228
385,173,103,228
385,171,104,225
386,177,102,223
383,178,106,226
380,172,114,223
378,177,113,224
377,176,115,221
375,176,119,230
375,168,122,239
373,173,126,231
373,177,123,231
372,177,123,228
373,187,115,225
373,185,118,222
373,186,118,222
375,181,114,232
375,179,114,231
376,184,115,227
371,178,126,230
371,173,131,241
373,185,121,233
368,174,132,236
368,183,131,241
364,174,137,239
364,172,145,241
360,185,148,232
362,183,138,228
358,184,149,231
357,177,149,232
353,185,151,225
354,189,155,227
353,184,157,223
352,190,161,224
350,188,166,221
346,189,177,221
347,186,177,224
354,194,166,217
349,190,174,219
355,190,166,220
352,189,180,223
356,190,175,222
357,187,191,225
352,181,238,229
337,184,188,230
347,197,236,218
339,190,227,227
345,183,262,233
316,177,240,237
349,188,221,228
351,187,188,224
357,182,162,229
357,185,172,224
357,184,154,226
360,182,138,227
358,184,131,225
357,182,126,230
356,181,129,227
359,184,131,221
357,185,141,221
358,190,133,214
364,196,114,208
360,188,104,221
367,199,82,208
367,199,67,201
368,203,52,195
370,205,43,189
370,200,37,192
365,201,37,194
360,197,40,199
358,190,46,204
356,190,69,206
360,203,95,196
365,174,107,221
361,157,110,240
357,155,109,244
355,160,109,242
349,162,117,221
345,162,120,217
341,163,124,213
336,164,136,219
326,160,150,222
328,160,151,231
324,161,148,247
348,149,141,243
328,159,154,245
328,160,152,244
341,163,151,220
336,161,153,199
379,169,117,185
357,169,139,185
339,163,158,188
345,162,159,184
334,160,168,185
340,156,165,190
333,156,170,188
342,158,163,188
333,148,168,210
334,149,171,219
334,148,167,221
337,140,168,222
339,150,169,206
350,158,160,193
350,149,161,201
353,151,157,200
362,146,146,208
367,144,144,206
377,141,124,204
379,138,128,205
385,137,126,206
395,131,103,215
397,131,107,208
407,131,91,209
410,128,86,211
412,130,86,208
418,130,80,209
419,132,78,208
415,121,89,195
418,127,80,206
420,119,77,206
417,122,85,197
418,124,83,190
420,122,82,191
420,119,84,186
420,120,83,191
421,119,84,185
418,117,86,187
421,124,84,179
424,121,79,184
426,121,79,185
426,118,81,184
429,112,78,184
429,114,80,179
430,112,79,179
429,110,82,178
428,112,87,176
427,109,86,176
430,113,83,176
430,111,83,173
432,112,76,172
428,115,79,168
426,112,78,167
425,115,78,164
422,109,81,162
420,116,85,162
422,111,85,165
422,116,95,159
425,122,102,147
428,119,95,148
427,121,98,145
428,116,100,148
427,114,97,152
430,118,99,146
437,119,95,147
424,122,108,141
429,119,106,148
415,116,118,152
414,122,123,142
410,121,128,141
412,121,127,139
409,121,132,135
408,126,132,135
408,122,135,131
407,125,134,127
392,127,132,125
403,125,139,129
403,129,138,124
389,125,133,124
403,123,136,127
397,124,141,130
398,119,139,130
397,122,140,126
398,121,135,127
401,119,128,129
420,116,109,133
427,112,100,139
409,116,106,135
434,113,86,133
419,116,84,133
404,124,92,126
419,119,76,133
406,122,86,131
425,120,69,132
401,125,90,126
400,123,87,129
400,117,84,136
401,114,73,143
327,116,84,152
377,113,81,142
391,115,64,136
400,107,51,144
401,108,47,141
406,111,41,138
381,90,59,143
383,107,60,142
370,107,71,136
365,107,73,137
355,106,80,145
350,107,75,160
347,99,72,170
344,100,65,180
343,50,58,180
340,57,58,181
338,82,65,188
318,25,68,175
326,42,59,154
328,44,52,147
332,83,43,138
325,70,50,140
322,46,54,145
319,46,54,144
319,42,54,150
317,41,53,151
317,49,53,145
314,53,55,146
315,67,55,133
317,92,53,117
317,91,55,104
316,104,57,84
318,106,53,82
317,109,55,77
318,111,52,74
326,110,44,75
325,108,44,79
320,109,49,77
320,107,48,78
318,107,51,77
317,112,52,68
315,109,55,70
315,109,55,72
316,107,54,75
315,108,55,75
316,107,54,78
316,108,54,77
316,104,55,82
316,106,56,79
315,108,56,76
315,107,56,77
316,106,55,79
315,110,56,73
315,107,56,77
316,104,56,81
315,108,56,76
315,109,55,74
315,111,54,71
315,110,57,69
315,105,56,81
316,101,56,87
315,107,55,78
316,110,52,73
316,107,54,76
315,110,56,73
316,108,55,75
315,108,56,75
