375,92,103,115
373,90,104,118
374,88,102,124
374,89,101,122
375,90,103,120
372,91,103,118
374,91,102,118
375,91,97,119
373,90,104,122
374,92,100,115
372,90,99,120
371,90,98,114
370,87,99,120
369,87,102,126
366,87,101,125
366,88,100,121
366,89,96,114
364,84,99,123
365,84,101,119
367,85,98,116
365,88,100,117
361,96,102,116
351,100,106,125
344,105,99,120
340,104,100,115
335,102,102,117
331,100,100,119
325,102,101,121
325,109,98,115
323,116,100,115
318,122,100,115
317,123,99,113
320,125,95,107
321,129,101,107
330,126,95,113
338,125,98,113
350,126,99,104
374,126,94,111
385,125,100,111
397,122,100,111
406,118,102,119
414,122,105,116
412,124,104,115
409,129,102,108
407,133,104,112
403,132,103,116
404,135,101,114
396,135,106,112
391,137,103,116
388,137,105,114
383,138,105,108
378,138,105,111
379,134,102,108
379,131,102,110
379,130,100,106
379,125,104,109
384,121,109,105
390,116,107,113
397,114,112,104
415,108,110,111
432,98,113,118
457,89,107,120
482,80,113,120
492,72,120,121
497,70,129,125
499,66,129,122
496,62,134,118
495,62,133,121
495,63,129,123
499,66,129,127
494,73,132,129
497,72,122,132
482,80,122,127
479,80,127,126
472,85,118,123
471,85,118,120
471,90,114,119
471,90,113,121
457,95,112,120
446,99,105,121
426,103,113,120
409,111,108,112
391,115,106,116
372,120,108,116
355,126,110,112
336,132,108,115
325,128,106,119
317,129,107,115
300,130,115,113
292,129,109,124
290,127,108,117
285,129,110,117
284,127,111,116
290,126,111,121
298,127,112,119
301,124,110,122
302,119,114,127
306,120,111,126
310,121,114,127
317,122,116,125
332,122,115,121
362,121,112,119
405,125,110,111
434,119,133,127
433,115,136,131
436,108,142,134
445,99,138,130
437,95,140,128
423,92,132,126
415,94,125,119
405,87,121,119
395,83,121,112
390,80,119,111
375,80,118,115
367,83,109,116
350,80,112,112
332,76,110,110
315,74,111,106
302,77,111,110
299,80,109,110
297,88,106,110
297,98,109,107
302,106,107,109
304,113,104,109
307,119,105,106
309,123,100,108
310,126,97,106
310,128,99,103
312,130,101,102
314,133,102,99
316,131,97,98
313,134,99,103
312,135,99,94
310,134,103,100
312,132,108,98
315,123,104,105
314,113,107,101
318,104,109,103
316,91,109,107
303,95,109,100
289,90,114,105
283,73,116,112
288,60,120,109
297,44,120,120
305,34,122,125
313,25,121,126
318,23,118,121
327,22,120,125
342,23,119,124
356,18,128,126
365,18,125,125
355,19,121,125
344,22,121,133
336,31,116,131
336,43,120,126
343,60,120,125
352,76,113,122
352,82,115,119
345,82,109,109
334,73,109,100
320,52,105,102
317,25,111,102
327,5,114,107
330,-1,121,101
344,-2,110,94
363,-5,108,91
379,-4,101,83
394,0,100,80
411,0,87,79
422,-1,90,81
433,-1,86,81
434,0,83,80
457,4,101,96
453,5,115,109
450,18,112,108
450,28,109,112
444,39,110,112
439,50,113,108
440,61,110,106
438,71,110,108
436,80,109,109
436,92,109,103
436,95,106,102
434,97,109,100
434,96,108,105
437,95,108,101
436,93,108,105
440,95,105,98
438,95,105,103
439,97,108,104
439,100,109,103
439,100,113,105
442,103,109,99
443,102,111,105
447,106,109,103
446,106,108,105
447,111,117,104
451,110,110,108
454,117,109,101
457,123,113,101
464,129,112,101
467,133,111,100
470,133,117,109
478,138,114,105
486,141,113,100
492,139,113,108
497,145,112,105
502,148,112,110
504,154,108,107
505,158,110,108
503,163,111,104
503,164,110,110
505,167,107,106
504,166,109,105
505,164,108,105
506,161,108,109
506,158,109,106
508,155,107,105
510,150,110,109
511,150,107,108
512,147,111,109
515,148,111,108
518,149,112,110
517,148,115,114
521,149,113,113
521,149,111,111
514,151,115,108
508,153,111,104
498,155,107,103
489,156,109,105
482,155,106,104
478,158,104,99
472,159,96,95
460,161,98,92
447,158,97,102
435,158,95,93
427,156,91,95
419,154,88,94
411,155,90,91
401,156,89,89
394,157,86,91
387,158,85,92
379,162,83,95
370,167,87,88
364,170,86,88
359,170,84,88
363,170,81,90
366,173,82,88
362,175,81,85
363,171,82,91
366,171,81,87
363,170,82,87
360,166,86,93
362,170,77,88
358,169,82,89
362,165,80,89
365,165,83,85
368,162,83,89
372,162,81,86
375,159,83,89
377,161,83,90
382,166,81,86
391,170,79,89
385,177,86,92
383,185,83,90
389,191,81,85
396,193,80,90
399,194,83,92
403,191,83,91
409,188,83,91
418,184,81,93
418,182,83,90
419,180,85,98
422,183,84,95
421,182,87,99
422,187,89,93
425,189,83,98
426,190,86,93
430,190,83,99
429,191,84,101
433,190,85,102
440,190,84,101
441,194,90,101
446,198,89,96
450,197,90,92
458,198,89,98
463,196,86,102
465,192,92,100
483,190,85,106
497,199,91,100
500,198,97,97
500,193,108,93
516,182,110,97
517,172,113,95
515,158,120,97
522,145,114,100
515,135,106,103
514,129,113,103
507,129,127,107
499,127,109,105
484,125,106,110
472,119,99,106
460,109,105,102
450,100,99,96
441,89,99,95
435,78,96,103
422,77,98,101
417,82,93,99
402,85,99,105
389,84,99,106
375,87,105,114
370,93,101,103
364,94,98,107
362,100,103,105
354,100,103,114
335,96,107,112
345,97,104,115
342,95,108,121
357,99,104,111
355,96,105,120
363,98,111,119
378,101,110,121
387,101,107,120
387,100,111,123
374,103,114,125
347,101,114,126
322,97,108,130
293,98,111,131
270,96,116,131
254,95,117,124
232,96,121,124
211,102,128,124
199,103,125,125
222,99,121,127
234,104,129,124
231,109,134,126
213,109,138,122
196,106,137,122
184,104,140,123
173,103,144,121
163,100,146,125
161,103,145,120
160,106,158,124
166,108,154,130
176,111,145,130
178,116,156,134
198,122,152,125
220,134,142,131
234,147,144,124
264,156,147,134
269,177,155,134
287,189,145,114
295,187,157,121
309,185,153,119
313,179,158,117
323,172,159,116
339,166,156,123
349,161,162,121
357,158,167,123
365,156,170,127
369,150,169,122
375,148,168,130
381,147,169,129
375,144,174,132
370,138,179,134
368,134,178,126
371,128,177,132
368,134,182,122
359,135,180,125
355,139,169,131
344,151,168,129
335,158,167,111
316,144,157,115
284,139,165,114
274,140,161,122
264,141,161,117
242,133,172,123
246,161,159,125
264,182,139,107
256,180,156,123
257,182,152,99
229,181,141,100
159,190,155,100
89,199,171,94
89,189,148,106
86,167,139,107
63,150,155,119
72,142,139,124
79,141,142,125
105,143,125,114
113,131,139,109
127,105,134,108
144,80,130,102
186,60,122,111
202,57,113,109
220,50,116,112
218,47,145,110
219,49,158,110
269,47,131,111
264,44,161,112
290,36,155,120
290,31,163,115
300,27,156,122
294,27,159,121
301,29,156,119
294,29,161,124
299,33,154,119
284,37,160,115
274,38,157,124
251,52,174,118
243,64,161,121
221,72,160,123
206,79,167,119
211,84,149,117
208,89,144,115
177,94,157,116
181,93,146,117
185,94,135,116
163,92,151,118
163,90,144,117
160,91,143,117
169,89,127,115
164,87,129,112
155,83,136,114
153,76,138,118
154,68,132,122
144,64,137,118
138,59,145,122
139,57,139,121
139,58,134,113
134,57,136,122
129,57,136,122
132,59,133,123
128,61,136,122
105,64,157,123
115,66,141,130
113,70,142,125
114,75,136,119
119,78,139,123
117,77,139,124
109,82,146,121
105,84,148,121
108,82,143,127
117,89,145,126
114,96,142,115
117,96,137,122
121,102,141,122
115,107,147,124
117,114,145,125
115,125,145,124
113,133,150,125
116,140,139,122
113,145,145,125
119,149,135,120
119,146,131,125
116,154,138,118
117,150,131,121
113,148,140,120
114,148,139,118
117,146,133,123
113,144,134,121
115,142,138,120
114,140,141,126
114,135,141,121
117,134,140,125
121,132,140,125
120,131,137,125
114,122,147,123
101,115,164,128
89,103,170,125
87,92,175,133
72,82,193,137
69,71,197,138
72,62,200,134
79,55,194,132
80,45,197,132
87,38,192,128
94,35,186,139
97,32,189,140
98,31,187,133
99,29,184,135
104,29,185,140
111,38,182,130
111,33,189,142
111,42,198,137
125,46,182,134
133,52,173,137
130,55,180,140
119,60,179,143
89,64,177,146
84,66,171,137
79,75,184,146
102,103,176,129
122,114,167,136
142,122,162,130
161,124,164,135
186,139,158,133
199,149,158,127
217,144,151,120
231,137,155,122
237,132,158,125
246,128,159,126
244,130,161,123
248,128,160,127
249,127,163,125
252,125,161,129
241,124,148,129
218,120,159,134
208,118,156,138
190,115,159,132
155,112,178,132
119,104,169,138
91,92,183,147
105,76,179,147
103,61,180,160
95,47,175,154
101,48,164,150
97,36,190,156
123,29,163,158
135,22,167,158
154,24,152,155
165,29,155,163
169,41,157,163
182,55,144,150
188,60,148,145
200,65,147,154
198,80,145,145
179,97,151,146
172,102,149,153
176,110,142,144
168,118,148,146
161,122,151,145
151,126,148,147
143,132,150,143
141,142,144,145
132,149,151,145
135,151,149,139
136,152,144,138
134,147,147,136
121,141,159,131
110,128,160,139
120,114,154,140
125,108,144,136
121,104,140,135
122,96,144,138
128,85,143,140
136,74,147,133
147,67,141,130
160,58,138,131
174,52,135,134
186,47,131,129
194,37,127,137
202,41,127,132
204,41,119,128
198,35,126,133
203,33,124,129
216,30,127,128
224,30,125,137
229,30,123,134
237,33,120,133
245,38,111,128
245,38,112,127
248,41,112,123
246,37,114,135
253,40,114,130
261,46,113,121
268,49,118,124
281,51,113,125
295,58,112,123
302,59,112,124
305,58,114,130
312,62,113,123
322,68,108,117
326,74,107,117
335,80,104,118
346,86,103,116
352,91,106,111
355,95,110,115
366,98,109,112
378,101,107,117
385,108,114,111
397,111,117,114
413,112,115,115
418,115,115,116
423,120,111,116
422,123,113,114
419,123,113,117
420,121,115,113
425,118,119,110
433,114,120,111
435,111,122,110
443,107,125,113
454,105,117,113
454,107,119,109
456,107,119,110
461,106,116,110
463,100,122,114
468,98,120,116
476,94,117,111
479,89,124,112
488,84,133,113
502,78,135,116
511,77,125,121
515,78,121,119
512,78,130,120
514,75,125,126
517,79,123,125
514,79,123,128
508,83,131,124
502,87,134,129
502,93,129,123
496,97,135,120
493,101,134,124
489,104,132,123
482,113,134,122
479,122,134,126
484,133,125,128
482,152,126,119
472,171,134,125
468,192,126,131
462,215,129,127
457,234,127,119
455,247,129,103
452,258,126,93
448,266,131,90
444,270,134,92
444,275,121,88
439,277,125,82
434,280,124,77
431,281,125,75
429,278,123,79
430,279,119,78
429,277,119,81
426,275,122,85
426,275,118,86
426,266,118,92
428,260,116,94
424,254,117,98
423,243,118,109
428,235,110,112
425,226,110,120
415,220,119,120
414,209,120,123
415,202,118,116
413,192,117,120
412,183,124,119
418,170,120,123
418,160,128,119
424,147,124,121
427,130,120,119
429,105,126,124
437,80,128,127
438,53,135,136
443,33,137,138
454,9,138,138
476,-1,114,124
472,-7,116,111
480,0,105,90
479,0,110,84
478,0,111,82
483,0,106,83
480,0,110,84
478,-1,113,92
486,-1,107,103
480,-4,113,116
470,0,128,125
460,8,128,129
454,23,122,138
443,39,124,130
429,49,121,129
420,62,119,126
402,76,118,123
389,85,109,123
371,94,113,120
350,102,121,120
333,114,120,120
310,123,121,120
293,131,118,121
280,140,107,116
256,147,112,121
235,155,117,112
216,160,121,118
215,158,124,123
197,162,119,127
201,163,117,119
178,165,122,122
155,164,129,132
143,165,122,129
123,167,130,130
105,164,135,135
96,162,135,135
91,160,141,136
94,157,134,135
99,158,136,134
109,158,134,135
112,162,136,137
115,164,132,136
117,163,128,136
119,165,131,128
121,165,133,134
127,167,126,135
132,177,139,130
139,183,135,139
143,194,133,142
145,202,132,145
151,211,131,141
150,222,133,132
148,228,139,132
155,247,128,109
163,257,124,103
168,269,124,93
170,277,129,89
172,293,129,70
175,298,127,64
179,300,127,61
179,300,127,61
179,300,127,61
179,300,127,61
173,301,122,61
162,301,129,61
157,297,129,67
151,288,129,71
149,274,126,83
144,257,134,94
149,236,129,113
150,220,124,125
148,210,132,127
155,197,130,131
163,191,134,133
174,185,130,132
179,183,132,122
192,177,129,117
200,171,128,122
207,166,128,117
213,158,121,116
215,149,120,119
222,142,121,111
227,134,120,110
234,131,120,105
239,129,128,106
252,129,116,114
254,134,118,114
260,137,110,114
263,144,109,114
262,149,112,110
260,147,117,120
260,150,116,117
264,151,110,120
260,152,112,118
263,148,107,114
261,138,117,116
258,131,119,109
259,114,125,117
257,107,124,106
258,94,118,108
254,82,118,109
252,70,119,108
254,62,118,107
264,58,106,104
271,55,107,107
279,57,106,105
287,61,110,107
294,66,110,107
300,72,103,105
306,79,101,98
309,80,106,103
314,83,106,100
320,85,98,100
325,84,105,102
334,86,103,103
344,89,96,97
351,92,103,95
360,93,111,100
369,97,98,94
375,101,104,99
379,111,97,95
382,119,96,96
380,129,97,92
376,137,94,90
365,145,100,94
347,152,102,97
330,157,100,93
317,159,97,93
300,160,99,92
280,158,100,96
265,157,97,97
246,156,97,97
228,151,96,99
205,147,104,98
186,144,104,99
168,146,108,100
155,146,106,105
138,149,113,104
123,151,120,100
113,147,113,106
96,146,122,105
88,148,113,98
77,145,115,108
71,148,115,106
70,146,116,109
78,149,121,107
99,150,128,104
133,148,121,114
178,146,110,110
179,143,108,113
224,139,104,111
227,140,97,110
263,135,99,110
300,130,98,103
338,123,98,101
371,112,102,108
404,105,100,105
426,101,110,94
441,99,118,98
457,97,115,102
470,97,114,104
485,96,111,104
494,95,114,103
502,96,121,104
513,95,118,111
526,95,115,114
536,99,109,107
546,96,99,115
564,102,82,105
562,106,85,104
561,106,87,105
561,106,84,103
553,105,90,114
541,109,103,108
524,109,117,114
508,111,123,108
490,115,116,106
460,123,118,105
435,132,114,98
416,138,100,99
394,143,103,96
382,146,98,93
365,149,100,92
348,151,102,92
329,153,105,94
319,153,97,93
307,154,97,90
302,154,94,95
300,153,93,95
302,156,97,94
307,160,100,93
315,166,105,99
325,177,107,95
333,187,104,94
341,190,114,101
348,201,110,98
353,208,106,102
351,221,105,97
348,229,108,100
345,232,107,101
337,235,104,104
332,240,96,97
321,241,98,94
307,241,103,91
296,240,100,101
284,239,101,98
269,239,109,94
256,237,107,101
244,235,108,96
234,229,113,101
220,226,113,103
209,221,113,98
192,216,116,101
179,211,113,96
164,202,122,100
145,192,126,99
123,183,133,96
98,167,129,101
85,148,130,105
70,132,136,106
61,114,132,108
62,104,130,103
66,93,132,109
71,86,125,108
75,82,127,109
81,80,119,105
83,76,126,101
88,69,130,100
102,58,123,102
116,52,128,97
133,47,117,99
145,45,123,104
162,47,109,101
185,48,103,96
205,40,102,99
227,36,98,100
245,33,99,96
262,31,103,93
278,28,103,97
295,25,96,97
310,24,99,102
327,24,100,101
347,24,98,106
365,27,97,103
381,31,97,101
395,34,102,104
407,40,103,103
421,44,106,102
429,49,113,106
440,56,110,106
449,62,113,106
460,71,109,100
466,81,113,102
472,89,115,108
478,97,113,109
483,108,106,110
485,117,110,107
483,127,111,107
484,138,110,105
486,144,106,109
482,153,114,108
475,163,118,103
467,171,115,97
458,181,111,99
432,189,124,98
408,203,125,96
391,218,111,85
374,224,106,86
358,225,105,92
349,226,99,93
347,225,101,94
340,224,98,90
341,223,100,93
335,223,95,91
326,223,101,92
320,223,97,91
307,225,100,89
298,224,99,95
287,225,101,97
270,225,115,94
246,224,114,95
230,221,109,92
204,217,110,94
180,211,117,97
168,208,112,92
158,199,115,97
150,195,108,95
141,191,110,95
129,184,118,98
123,176,116,98
111,168,123,103
94,158,122,103
80,149,131,101
75,132,126,103
72,122,123,98
77,113,126,92
88,105,121,98
97,102,123,94
112,96,117,92
126,90,117,92
143,85,106,91
155,79,104,90
171,66,102,101
188,59,103,98
200,57,104,91
228,51,86,104
245,54,89,101
259,59,94,103
277,66,96,102
295,72,91,98
310,77,90,97
326,82,84,95
330,90,89,95
334,98,87,95
333,108,85,92
332,116,82,89
327,121,81,87
322,124,80,88
317,120,84,91
315,118,81,88
314,117,82,88
314,116,81,87
321,115,81,86
324,115,85,88
328,120,81,89
331,123,81,93
331,129,80,95
330,136,82,92
328,141,83,95
335,146,78,89
338,144,86,88
350,140,82,86
351,139,82,90
348,142,84,92
345,148,83,89
338,155,82,85
333,160,80,88
324,167,84,94
320,175,79,90
314,181,81,90
314,186,79,88
311,187,86,87
321,189,76,86
319,192,81,87
321,197,83,90
324,205,80,89
325,209,83,86
329,208,83,88
329,209,86,83
329,206,86,86
333,200,83,88
331,198,86,86
331,196,87,86
331,193,87,88
332,192,84,88
330,192,86,82
330,188,86,86
329,180,93,89
335,171,90,86
339,162,89,87
343,154,87,86
345,149,91,83
359,147,86,84
363,149,94,83
375,153,88,86
383,157,91,88
393,162,88,88
398,165,91,90
403,168,96,88
412,171,88,87
414,172,95,87
420,173,89,91
422,175,90,90
423,175,88,85
422,175,92,87
422,174,91,87
418,172,95,86
420,171,89,89
418,169,92,91
419,169,89,87
417,170,91,88
415,171,93,88
418,171,88,87
417,171,89,91
419,172,87,89
416,169,94,88
420,167,93,85
422,164,93,87
425,161,98,85
434,158,95,87
438,158,90,93
436,163,95,92
436,163,94,88
434,164,98,91
435,165,96,89
429,170,95,88
421,172,91,88
418,168,93,91
415,166,93,89
406,160,93,89
401,157,90,89
381,162,91,94
365,164,90,96
346,165,87,93
331,167,83,92
320,168,87,92
311,168,86,91
303,173,85,96
301,173,89,95
299,171,86,93
299,169,82,97
297,164,86,95
295,159,89,95
294,154,90,99
290,151,89,98
288,150,88,94
291,143,101,97
303,132,103,90
315,112,91,98
309,112,98,101
312,107,97,99
319,100,97,101
312,97,105,110
315,96,102,110
320,102,106,113
327,110,100,108
327,106,112,114
340,106,104,111
340,109,104,117
339,111,104,115
337,111,109,121
345,119,110,130
344,139,112,123
340,152,114,128
342,165,113,127
343,169,117,119
364,180,120,134
370,192,131,126
357,200,123,115
335,205,127,123
326,210,124,119
324,214,131,123
334,219,130,120
331,218,134,122
331,218,138,125
332,223,144,123
330,225,145,122
325,219,148,124
323,218,141,123
320,223,145,122
320,225,149,123
317,225,145,121
319,231,150,120
324,230,150,118
318,223,143,117
305,222,146,122
303,227,147,120
299,236,144,111
289,231,144,117
271,233,135,118
239,226,120,118
203,210,128,113
165,196,146,127
160,186,130,120
135,179,140,119
104,161,158,121
73,138,179,132
54,115,186,134
36,104,192,135
35,118,194,136
33,114,204,133
76,95,181,133
76,87,195,129
83,83,196,125
106,73,191,127
110,74,186,126
98,40,197,135
107,23,198,137
108,14,196,142
104,12,194,145
127,13,206,152
167,13,208,141
238,4,211,139
284,-7,212,133
317,-4,208,118
353,-2,194,132
387,8,189,141
372,20,198,134
366,24,186,142
360,33,180,138
356,43,167,122
317,51,186,122
307,63,178,123
295,73,174,121
281,79,171,118
279,87,161,117
273,92,157,120
271,91,156,120
272,92,150,122
257,93,155,117
264,87,138,116
189,113,147,121
182,118,149,125
181,123,148,125
177,128,150,119
176,124,154,119
171,128,155,126
171,127,160,125
163,133,161,123
166,130,159,125
167,130,154,120
168,129,155,121
161,130,158,121
157,130,170,121
160,125,160,126
158,128,159,121
163,124,156,120
169,124,143,120
173,126,139,124
171,128,136,113
158,129,143,119
148,129,146,123
125,131,161,117
91,131,178,116
66,127,187,123
70,124,172,122
32,119,195,121
33,109,177,132
27,103,172,129
15,94,174,128
8,89,166,127
5,80,164,133
1,75,164,131
1,72,162,137
2,71,161,127
2,64,163,132
0,59,168,136
0,56,176,129
1,50,171,136
2,40,176,136
4,32,176,135
5,22,182,137
7,14,184,141
7,5,182,143
16,0,167,135
24,-5,157,119
23,-5,166,112
20,-5,173,111
8,-9,189,117
23,0,180,100
38,-6,164,102
48,-6,154,105
60,-5,146,112
69,-4,137,111
74,-4,136,114
74,-2,136,112
75,-2,136,110
82,-3,133,115
64,-1,152,115
69,-2,145,116
75,0,143,118
77,0,139,118
72,2,144,124
67,6,156,129
69,12,151,130
68,20,151,126
67,28,155,127
66,34,157,133
57,38,165,132
76,49,153,132
71,58,154,136
62,71,164,128
46,85,183,131
42,96,186,133
51,99,177,137
38,102,186,133
33,102,190,131
17,108,207,130
14,108,213,140
8,118,222,141
18,130,214,138
30,139,205,137
28,146,206,136
43,153,193,133
30,158,208,134
46,164,189,127
34,170,200,122
33,172,200,127
31,178,202,122
35,179,196,130
34,183,195,126
34,187,193,125
30,194,200,127
38,199,196,131
43,207,190,123
43,212,193,126
56,216,183,121
52,218,185,124
54,219,183,121
38,214,197,125
42,210,189,126
40,203,188,130
32,195,195,130
17,187,208,134
7,180,219,133
7,174,215,129
20,165,199,132
7,157,206,134
17,149,193,133
24,136,175,136
21,127,171,135
10,120,177,135
9,110,172,135
9,99,163,132
3,86,156,131
0,79,153,127
1,71,148,130
-1,64,144,129
-3,61,147,130
-4,55,146,131
-2,51,143,135
-4,49,145,133
0,49,144,128
-3,49,154,140
-2,47,155,143
-1,54,167,138
-1,55,160,136
-1,60,179,143
2,69,190,139
10,77,195,143
5,90,215,134
12,93,212,132
14,91,216,136
23,96,214,135
33,97,217,139
50,98,210,136
56,101,215,133
91,105,200,130
96,109,203,133
103,108,202,132
126,105,184,138
121,108,200,133
133,108,195,135
158,107,177,140
155,113,190,130
161,109,187,138
168,109,187,143
178,109,185,141
190,113,179,134
198,109,176,139
207,105,175,139
204,107,186,138
218,101,178,139
219,97,187,139
233,96,182,143
245,91,180,146
252,92,183,148
261,96,184,132
277,97,183,141
286,93,182,137
291,95,188,143
301,98,181,144
307,97,184,146
305,99,188,151
312,100,186,140
308,102,193,141
313,97,180,149
31,92,156,134
24,95,161,129
22,97,155,130
9,95,169,133
6,95,171,135
1,90,175,135
8,86,157,140
2,93,160,132
5,89,155,130
1,89,161,132
0,89,153,122
0,93,150,124
5,95,137,121
3,94,143,126
0,95,148,129
-1,99,146,127
-3,100,155,131
4,107,146,127
2,110,149,128
1,114,158,129
3,118,163,130
5,121,172,120
7,127,175,128
16,126,170,126
15,125,178,124
1,128,201,125
7,124,198,125
9,123,203,125
7,126,214,125
16,123,204,128
26,125,195,119
23,118,198,131
29,114,200,132
30,116,203,123
41,111,197,121
42,111,197,122
47,111,194,122
68,106,177,126
59,105,192,128
60,104,195,130
68,108,187,126
64,106,193,126
55,103,207,127
69,106,194,128
75,108,189,128
73,103,196,129
84,106,186,127
79,105,193,129
94,107,182,124
99,104,181,125
102,109,177,128
94,106,188,122
90,105,190,121
85,98,191,130
83,99,179,128
60,96,191,134
35,92,202,134
10,97,212,133
-7,95,220,132
-2,96,197,139
0,94,169,128
-5,98,149,116
-14,98,125,115
-31,100,116,107
-40,117,113,119
-40,117,113,119
-40,117,113,119
-40,117,113,119
-40,117,113,119
-40,117,113,119
-40,117,113,119
-40,117,113,119
-40,117,113,119
-40,117,113,119
-40,117,113,119
-40,117,113,119
-40,117,113,119
-40,117,113,119
-40,117,113,119
-40,117,113,119
-40,117,113,119
-40,117,113,119
-40,117,113,119
-40,117,113,119
-40,117,113,119
-40,117,113,119
-40,117,113,119
-40,117,113,119
-40,117,113,119
-40,117,113,119
-40,117,113,119
-40,117,113,119
-40,117,113,119
-40,117,113,119
-40,117,113,119
-29,125,87,97
-7,120,88,95
4,132,104,101
29,125,112,116
24,118,149,132
13,115,183,137
32,113,192,133
41,106,208,129
46,103,221,137
63,95,219,140
84,88,204,147
94,88,204,148
107,91,200,143
122,90,194,142
128,98,194,143
132,98,198,138
136,102,200,143
145,105,201,135
155,106,191,139
160,107,193,134
169,116,188,134
171,116,187,139
171,122,193,133
166,128,198,137
168,135,185,146
155,142,190,145
140,149,184,138
130,146,190,145
138,144,177,142
140,143,179,149
153,154,173,142
169,156,165,135
190,160,163,134
208,162,159,127
224,160,156,121
239,152,158,123
252,144,168,125
271,129,159,136
289,123,150,137
299,116,154,135
317,114,144,136
325,111,146,130
335,112,150,134
341,113,158,138
357,115,156,139
367,122,154,150
360,146,146,148
342,162,139,142
334,166,146,130
346,157,149,128
378,137,141,131
390,123,156,136
392,126,157,139
374,129,163,147
371,136,155,119
370,134,158,126
352,108,157,138
351,108,152,139
340,114,144,135
322,119,143,138
300,126,135,124
288,124,135,138
271,131,134,128
256,130,138,129
243,120,145,130
228,112,145,128
199,102,136,123
167,81,140,131
163,57,139,135
162,41,139,137
159,35,137,135
157,33,133,141
144,32,135,151
136,42,141,144
147,53,137,131
148,54,134,135
147,50,132,134
144,54,121,131
130,50,130,136
128,50,131,133
126,58,133,136
126,65,127,142
140,69,127,140
148,76,118,136
138,79,119,139
133,88,118,132
137,102,118,124
144,114,118,126
151,119,112,126
158,127,110,124
160,135,108,119
155,137,105,115
150,139,105,113
150,146,100,115
149,151,101,109
142,145,99,111
122,137,101,111
120,136,102,105
124,140,101,107
129,147,106,104
144,154,101,104
158,158,103,111
175,171,95,101
185,183,93,100
179,200,91,99
174,212,89,99
183,226,86,98
199,237,87,101
213,249,86,91
225,250,82,92
235,252,80,86
241,252,82,86
247,247,80,84
254,240,77,78
252,222,91,81
291,201,82,89
319,189,81,84
340,175,81,84
356,161,83,84
368,149,86,87
376,143,84,84
387,136,75,87
394,130,75,83
405,127,77,79
407,121,78,85
414,117,80,79
423,114,84,91
425,120,85,87
425,122,82,87
422,127,82,85
418,131,81,91
413,138,79,87
407,145,80,91
410,159,77,84
405,173,81,85
406,184,81,87
411,194,78,83
415,199,71,84
417,205,71,80
414,213,76,82
414,222,73,83
419,229,72,80
424,235,68,80
427,240,68,80
429,242,72,79
432,243,71,77
429,238,78,79
437,228,76,74
450,209,70,80
455,199,70,81
453,197,69,77
456,193,70,77
457,189,69,81
461,183,71,79
466,178,71,76
470,167,75,78
476,157,76,83
482,151,70,79
480,148,71,84
478,148,72,83
472,150,73,80
472,152,72,77
474,153,73,79
472,154,72,75
477,151,72,78
481,153,73,82
482,156,72,80
482,159,73,80
481,162,71,82
476,165,72,82
472,168,73,81
470,168,74,82
473,169,73,80
469,173,73,81
467,176,70,82
460,182,70,85
459,184,70,83
449,191,72,82
448,192,76,80
442,195,76,83
445,196,71,80
441,196,73,78
439,195,70,79
431,193,73,80
426,190,71,77
417,188,73,82
412,184,72,78
406,176,77,83
400,173,76,82
397,172,75,80
394,168,76,83
388,164,79,86
383,163,79,87
387,159,79,86
384,155,82,87
383,157,82,87
384,156,81,94
384,157,83,90
388,157,80,94
390,156,84,95
396,156,86,94
402,161,87,96
410,162,83,100
415,168,87,102
418,174,93,104
418,178,99,104
423,179,98,102
426,181,104,101
431,182,101,103
430,180,105,102
437,177,102,108
439,178,103,108
438,178,104,110
438,175,106,109
443,173,104,111
447,175,101,112
444,174,106,118
443,178,110,110
443,181,110,113
439,184,110,112
437,189,110,111
436,191,109,114
434,192,109,112
431,194,111,109
431,193,113,104
434,192,111,113
436,195,108,104
434,197,109,106
432,196,106,105
433,193,101,105
432,188,101,105
426,183,105,109
427,184,97,102
426,186,95,102
424,188,93,98
423,189,89,99
422,184,85,96
420,181,84,93
419,170,90,88
426,163,86,85
427,158,88,88
433,156,84,89
430,156,86,89
425,161,83,87
427,160,75,89
426,157,82,85
430,152,82,87
436,149,85,88
447,145,80,86
454,146,79,89
458,147,91,87
473,147,86,92
485,153,82,90
488,160,89,92
494,168,87,91
494,177,86,92
497,180,83,88
510,179,85,83
523,173,88,89
522,169,88,93
522,166,84,92
516,169,90,95
513,170,88,94
504,166,90,92
491,158,91,93
486,140,96,100
489,127,91,100
471,118,99,102
446,108,115,115
420,101,104,117
393,92,96,113
356,87,97,105
333,74,94,108
302,70,90,104
272,63,101,103
242,61,105,104
208,64,107,107
172,66,115,111
137,72,127,113
99,73,137,127
71,83,139,123
42,87,148,127
22,87,151,141
0,85,152,155
-5,90,155,146
0,91,158,135
5,83,162,139
22,80,173,134
50,74,156,131
77,68,145,121
110,62,146,122
148,55,138,116
184,48,130,111
229,40,126,104
266,36,105,103
301,34,113,117
335,36,103,125
370,46,97,127
367,45,105,129
405,60,98,122
404,60,98,118
435,76,99,112
468,99,96,105
491,120,91,106
503,139,94,106
505,153,98,94
480,161,102,92
469,181,93,90
443,196,112,94
447,202,88,98
449,200,84,99
443,203,87,93
440,203,84,92
432,201,83,92
426,196,80,92
418,191,84,91
413,184,85,87
409,169,87,90
406,157,90,91
400,147,87,90
392,132,92,92
389,118,95,93
384,106,92,94
381,94,91,100
379,86,92,97
378,78,99,101
383,72,93,103
387,68,95,106
394,68,98,104
407,71,105,102
424,73,107,108
439,77,114,114
451,88,112,106
463,93,112,119
477,106,106,115
482,121,107,115
487,138,110,111
480,154,118,114
485,175,103,108
481,191,107,106
473,209,107,105
472,226,100,103
467,242,102,104
457,262,109,87
439,283,102,71
423,306,94,55
413,319,90,44
400,326,89,37
399,328,88,34
400,328,87,34
401,324,89,36
406,316,85,43
412,308,82,52
412,296,88,64
416,284,87,69
419,271,88,79
422,257,81,91
422,245,84,91
421,231,89,92
426,215,91,96
429,200,89,97
428,183,93,99
434,170,94,92
440,151,94,97
446,135,91,93
452,115,89,91
456,90,90,86
460,58,99,95
469,33,101,96
479,8,100,104
487,-2,107,102
500,-7,105,93
507,-3,100,80
519,-4,92,86
530,-3,89,88
537,-1,94,92
535,0,105,104
541,5,97,111
545,12,97,113
556,22,88,112
564,32,80,112
586,33,60,103
586,33,60,103
586,33,60,103
586,33,60,103
586,33,60,103
586,33,60,103
586,33,60,103
586,33,60,103
586,33,60,103
586,33,60,103
586,33,60,103
586,33,60,103
586,33,60,103
601,87,59,95
592,90,51,101
579,102,62,100
558,106,85,111
550,113,93,110
539,119,104,108
529,125,110,109
525,129,109,111
517,137,106,108
510,144,115,108
504,153,121,108
501,156,120,111
499,163,119,107
498,171,114,109
499,181,112,107
498,194,114,112
490,214,119,108
491,223,107,111
486,231,112,113
486,240,111,107
487,242,110,110
485,249,111,101
486,254,105,97
486,258,104,93
484,258,107,94
484,256,105,98
486,255,101,99
480,250,112,100
482,252,107,100
487,246,107,102
492,242,108,102
499,237,113,110
507,233,125,111
531,230,106,119
564,230,77,111
592,229,59,112
592,229,59,112
592,229,59,112
592,229,59,112
592,229,59,112
592,229,59,112
592,229,59,112
592,229,59,112
592,229,59,112
592,229,59,112
592,229,59,112
592,229,59,112
592,229,59,112
592,229,59,112
592,229,59,112
592,229,59,112
592,229,59,112
592,229,59,112
592,229,59,112
592,229,59,112
592,229,59,112
592,229,59,112
592,229,59,112
592,229,59,112
592,229,59,112
592,229,59,112
592,229,59,112
579,233,62,107
519,230,72,110
478,225,81,102
452,216,88,94
432,207,97,95
421,198,92,97
413,189,91,99
405,179,95,98
399,168,92,104
397,161,92,102
390,155,107,101
398,140,102,103
397,133,98,102
394,127,104,100
400,124,99,103
398,120,102,106
402,121,103,103
401,122,103,104
404,123,101,104
415,126,98,100
429,125,101,108
444,129,107,101
481,132,97,108
514,140,118,107
549,159,98,118
590,184,78,115
595,200,66,134
595,200,66,134
595,200,66,134
595,200,66,134
595,200,66,134
595,200,66,134
595,200,66,134
595,200,66,134
595,200,66,134
595,200,66,134
595,200,66,134
595,200,66,134
595,200,66,134
595,200,66,134
595,200,66,134
595,200,66,134
595,200,66,134
595,200,66,134
600,225,53,128
587,214,55,127
555,215,77,134
526,217,90,119
501,214,100,108
482,207,101,103
466,200,106,103
455,191,104,106
446,183,101,109
437,178,100,103
428,171,102,107
426,163,100,104
418,155,103,107
413,143,104,109
405,132,102,109
395,123,102,111
390,115,102,110
376,105,108,111
377,94,101,109
373,85,102,109
368,76,102,109
363,68,100,110
355,62,104,110
353,54,100,111
346,49,102,113
339,44,100,117
331,40,103,114
327,32,103,121
322,31,103,120
318,29,102,120
312,25,109,121
307,21,111,125
301,20,109,126
294,20,115,130
285,23,122,131
276,27,119,131
267,30,125,128
259,33,125,131
246,36,127,134
232,39,125,133
221,44,132,130
219,43,134,137
211,46,131,139
212,47,133,133
202,47,130,146
195,55,135,138
187,56,135,138
183,61,138,138
184,67,133,138
178,69,136,137
174,72,137,152
166,78,137,146
159,83,137,139
148,87,140,139
135,87,147,150
122,86,147,145
104,85,145,148
88,84,150,145
73,79,157,150
61,77,157,157
45,70,164,170
33,68,170,165
23,69,177,161
12,65,179,169
6,64,175,167
0,56,177,176
3,60,173,171
-2,57,172,179
3,57,170,174
2,55,175,169
0,53,178,167
26,40,172,164
21,38,178,154
12,31,186,161
7,24,186,161
6,17,189,167
4,14,187,160
8,9,179,164
7,7,186,163
11,6,192,169
19,10,189,170
36,15,187,168
45,26,181,167
58,31,181,164
71,45,172,163
82,50,168,156
91,53,154,166
93,67,156,156
93,77,156,149
98,79,155,154
105,84,154,152
114,96,151,148
121,103,145,150
125,112,147,144
130,122,139,144
132,132,140,134
129,144,137,125
115,152,141,132
99,160,146,140
90,170,142,138
86,176,137,139
81,183,138,140
76,191,143,131
74,197,139,135
70,204,143,137
68,208,142,139
61,211,144,135
59,216,141,137
55,218,143,134
48,225,149,128
47,227,146,124
47,216,150,133
52,210,149,134
49,202,155,135
50,191,156,146
54,183,154,146
53,174,162,148
63,166,149,138
63,154,153,146
67,145,159,140
76,136,153,144
83,129,153,139
84,123,151,136
96,114,147,147
107,106,143,155
122,109,138,141
127,104,140,143
140,104,137,141
146,102,141,136
156,100,141,133
165,95,140,138
170,90,148,141
184,86,141,135
194,81,134,135
203,77,133,135
212,70,129,139
219,66,126,136
230,64,127,129
241,58,125,131
251,50,128,133
268,49,122,129
281,43,118,131
297,41,114,133
310,45,111,128
322,45,118,129
334,48,117,133
345,51,120,132
358,55,117,132
370,61,120,132
377,68,124,130
388,76,124,126
400,82,128,127
412,92,120,131
417,105,126,128
421,116,129,123
435,121,119,126
446,126,123,121
442,127,132,120
454,128,125,122
454,129,126,118
465,130,128,126
478,130,126,123
484,132,137,122
487,129,142,124
498,124,139,128
501,122,137,126
506,116,133,124
509,114,131,123
517,105,119,127
513,102,125,126
516,94,120,131
509,89,130,128
507,85,130,123
503,82,130,129
498,82,137,124
494,87,136,125
485,92,143,124
481,99,137,126
475,106,137,130
469,116,136,130
467,125,138,130
467,135,135,128
468,143,132,122
470,150,134,127
474,157,131,129
477,165,128,122
478,174,130,121
480,179,127,120
478,180,127,126
473,185,134,127
474,185,133,127
472,187,128,117
464,185,127,118
455,184,120,116
444,177,123,118
434,171,120,122
426,166,121,123
416,161,123,120
407,162,122,119
399,163,121,120
394,167,112,121
385,174,112,123
374,181,116,126
367,192,112,121
361,199,113,125
350,203,116,132
346,210,112,129
340,215,108,134
323,225,116,120
318,228,105,125
307,228,112,127
296,238,107,115
288,240,113,116
279,242,114,112
265,251,110,110
248,255,115,103
235,248,112,109
219,249,113,109
205,251,114,106
195,254,110,100
175,262,113,92
159,257,117,99
138,251,130,106
127,250,125,108
100,259,133,100
83,260,139,99
65,257,145,100
45,261,147,95
28,242,156,115
5,230,173,127
-3,224,162,126
-8,216,152,129
-3,199,135,144
-4,186,124,156
-2,174,114,159
-3,161,111,163
-5,150,108,160
-5,136,104,166
-4,125,99,161
-6,115,98,150
-3,105,94,139
-3,92,96,143
0,77,91,144
-3,61,99,148
0,47,111,144
-5,28,126,153
-2,14,126,155
-4,4,141,157
-6,0,156,155
-3,-2,164,148
8,-6,166,140
30,-5,154,132
55,-8,142,131
72,-3,146,117
92,-2,136,113
115,-1,124,116
128,-1,127,117
142,0,127,123
151,-1,132,125
160,-3,126,135
164,-3,127,136
174,0,130,137
188,2,126,136
202,3,126,137
219,4,124,143
234,10,120,144
253,14,120,143
272,21,115,137
293,26,109,137
309,32,111,135
326,40,113,127
338,47,111,128
349,56,115,126
362,61,108,127
369,71,111,126
376,83,110,125
386,92,106,126
395,99,107,130
407,109,107,128
410,111,105,123
420,118,111,127
420,120,114,123
433,128,113,124
444,138,113,121
451,142,117,123
459,146,121,119
468,148,117,121
475,147,117,122
482,150,121,118
489,150,121,121
490,152,134,128
497,155,132,122
498,163,132,119
497,167,131,123
491,171,141,119
492,175,122,115
491,172,118,119
488,172,114,117
480,171,119,118
478,170,113,123
468,169,114,122
463,177,109,110
456,177,112,110
446,173,113,119
442,177,113,114
437,177,106,114
430,176,106,114
422,175,108,116
413,176,109,119
404,184,107,114
390,191,110,110
378,192,112,117
365,198,112,121
354,207,109,116
339,211,111,119
329,213,105,128
314,222,105,111
296,224,108,108
276,227,106,105
255,227,112,104
237,221,117,111
227,221,109,118
209,222,115,113
196,215,111,123
188,214,112,121
180,211,114,119
171,201,119,124
167,193,119,118
162,182,121,120
156,170,125,120
147,160,128,115
148,140,131,116
148,129,123,116
146,115,124,108
145,95,134,107
162,81,127,115
174,74,128,111
188,65,130,109
202,62,128,111
229,57,111,108
238,53,115,109
251,52,113,104
264,51,117,103
277,53,100,97
278,56,102,101
287,60,96,101
292,66,101,102
304,74,91,93
309,79,89,91
310,81,86,90
307,77,87,90
301,79,91,90
303,86,84,94
317,91,82,92
326,101,85,92
338,110,82,92
352,118,85,93
368,125,81,92
383,134,80,88
395,137,86,90
417,138,82,94
440,140,81,95
456,139,81,94
476,140,89,101
504,147,87,97
517,152,89,99
536,156,92,103
549,163,89,99
558,172,84,96
566,178,77,92
565,181,77,93
564,182,78,95
562,184,78,92
556,182,83,97
545,183,90,94
532,182,93,94
518,181,95,92
504,178,94,92
491,176,92,90
480,172,90,88
467,171,90,87
457,166,86,84
448,162,84,89
438,156,87,87
434,148,87,88
434,145,83,87
433,142,81,88
428,140,85,91
428,140,84,89
426,141,87,87
427,139,85,92
427,140,88,92
430,140,88,89
432,140,89,92
431,144,91,91
429,143,91,95
417,139,82,98
394,136,84,96
373,132,87,100
363,130,76,90
362,131,80,85
356,130,81,85
353,130,86,85
355,134,90,88
355,134,88,89
360,139,88,89
368,145,92,91
372,153,91,90
379,157,91,95
390,162,92,93
398,166,92,87
410,167,90,92
423,170,88,90
429,174,88,88
432,176,93,88
441,175,90,94
450,173,94,97
455,172,92,89
454,168,99,97
467,164,96,93
472,161,99,98
480,162,96,94
492,163,97,101
497,165,100,100
504,167,104,104
514,170,120,103
522,172,112,108
528,175,110,105
530,179,109,109
529,183,108,108
531,187,105,101
531,186,107,105
529,188,107,99
519,189,118,95
516,186,119,104
510,187,123,91
495,186,120,93
494,184,114,92
486,182,109,99
481,181,100,98
479,181,95,98
469,180,97,97
460,181,101,101
448,185,97,101
429,189,93,105
421,188,89,92
410,187,91,90
398,187,95,95
388,190,91,93
381,192,96,96
374,198,102,103
371,203,97,98
375,199,95,100
371,195,95,101
352,188,98,101
336,176,95,104
332,164,96,98
331,154,104,95
344,143,109,103
355,127,109,105
361,121,105,103
351,114,104,112
346,118,110,106
325,122,115,113
323,125,101,114
330,132,105,114
356,135,105,117
367,132,112,115
351,131,116,120
331,130,118,126
310,144,123,117
292,148,120,119
268,150,119,122
250,156,116,113
241,154,112,114
235,151,113,109
233,141,120,121
244,147,125,125
254,158,129,121
264,163,121,123
271,163,128,116
292,165,132,117
320,166,129,113
362,161,127,119
385,156,146,127
410,150,153,123
423,139,159,128
432,128,154,132
428,118,148,129
419,112,147,131
406,111,152,130
396,115,153,129
394,114,149,131
397,120,156,133
395,120,152,130
384,118,155,129
378,125,167,126
379,127,160,130
378,132,162,128
384,139,165,130
400,144,165,123
440,150,171,133
458,161,178,131
445,145,188,129
434,122,187,133
421,103,186,136
421,79,178,132
412,70,177,125
405,71,166,131
393,76,168,127
378,83,169,131
360,95,165,134
347,112,166,137
337,132,149,120
318,120,159,120
310,112,161,122
303,104,158,121
295,106,149,128
273,112,160,123
263,112,161,126
249,114,155,119
231,111,152,120
201,105,161,120
203,106,167,120
199,100,155,120
192,101,168,122
185,98,160,115
174,95,163,127
170,96,173,125
179,101,167,124
176,108,166,117
180,109,170,119
196,108,173,122
206,108,171,115
237,96,159,120
253,90,168,120
244,84,174,120
241,74,172,121
234,77,166,118
231,79,169,123
227,86,169,120
217,91,170,114
217,96,167,118
211,101,166,116
195,106,170,115
183,110,165,108
156,111,173,113
159,105,154,118
134,104,168,114
98,100,183,119
75,101,195,121
63,100,202,128
52,103,202,124
39,105,205,128
22,101,210,138
25,107,203,130
29,110,190,132
33,118,182,128
37,113,173,142
19,114,188,134
17,115,182,142
18,106,179,130
23,100,181,141
21,95,176,140
10,90,190,140
9,81,187,146
10,76,178,138
13,69,170,140
11,64,179,134
8,54,194,139
5,51,203,129
27,45,206,133
23,39,214,133
30,29,205,127
22,25,217,135
32,26,213,133
35,23,210,134
36,24,211,141
50,31,205,132
68,36,198,134
65,34,205,132
68,37,198,136
61,37,202,137
53,40,203,139
51,44,196,140
49,51,195,135
43,55,191,142
32,60,198,134
22,60,205,136
22,62,201,135
12,63,215,135
17,59,201,133
16,62,190,134
19,63,191,136
11,62,198,135
16,65,193,135
12,64,202,136
14,69,207,132
22,75,206,123
30,71,197,133
41,70,181,134
44,74,175,130
43,73,180,133
39,78,184,132
36,83,188,131
38,88,191,130
40,94,192,127
41,100,185,128
45,105,181,127
47,109,180,125
49,112,174,126
47,110,171,124
47,111,171,116
31,105,182,122
34,99,174,127
36,97,173,130
28,101,184,133
31,107,180,119
39,115,176,119
44,115,170,125
42,115,174,128
41,115,171,135
43,123,170,125
43,123,170,125
48,122,164,129
41,126,167,126
41,127,172,127
39,129,169,126
39,129,172,127
44,133,168,119
52,135,170,121
65,134,165,116
76,133,160,123
86,132,154,117
86,133,157,121
87,131,156,122
83,132,157,118
86,130,153,119
91,130,139,119
69,127,156,117
63,125,157,122
57,124,156,123
51,123,159,124
41,120,169,126
41,121,170,120
44,121,166,123
46,120,160,126
39,117,169,129
53,124,159,123
59,125,163,123
63,131,165,121
70,132,156,120
67,126,158,128
74,128,154,118
76,129,158,118
77,128,159,122
84,125,144,119
77,120,155,124
73,119,160,124
68,115,159,127
70,115,158,126
63,116,164,124
69,113,150,127
63,112,158,129
61,114,165,130
66,117,159,126
65,117,162,129
64,120,166,121
69,120,158,121
58,117,165,126
61,115,164,123
60,112,166,127
72,109,158,125
68,106,169,121
69,105,168,122
68,99,159,128
69,99,162,128
69,98,156,127
64,94,156,126
61,93,159,133
59,91,158,135
52,93,161,132
52,92,166,132
52,98,167,125
52,95,169,131
50,95,173,132
57,95,163,129
55,94,170,130
53,95,169,127
55,95,170,130
54,91,173,127
58,90,172,126
59,84,174,126
63,79,174,123
59,73,177,132
58,67,169,133
56,67,179,129
50,64,183,136
53,73,189,129
63,86,183,132
64,103,186,124
62,114,191,122
69,122,184,125
61,128,189,132
57,132,193,129
65,136,189,128
62,141,188,129
57,151,197,125
59,156,194,126
57,161,192,125
57,163,190,127
44,163,202,128
31,160,198,130
15,170,199,124
3,171,207,135
6,167,190,143
18,171,166,139
11,166,173,143
4,158,180,139
4,146,178,149
2,143,178,136
4,130,180,144
4,118,186,142
3,110,187,140
7,99,183,145
11,93,178,141
5,96,194,140
4,85,196,147
3,92,200,136
0,94,212,144
3,99,211,144
4,102,217,152
18,112,212,148
43,121,195,133
64,124,196,136
87,125,193,123
115,115,185,122
142,103,181,125
172,91,175,119
190,72,174,128
222,58,156,128
244,50,159,131
260,46,169,127
272,33,164,128
287,24,171,133
301,26,170,140
310,27,170,140
308,34,156,148
287,52,158,141
270,65,139,139
224,81,151,138
211,87,155,129
208,88,167,127
210,92,161,124
216,83,157,127
213,74,151,129
203,70,150,136
192,72,151,133
189,72,149,131
188,71,143,133
204,71,141,127
214,73,142,121
223,60,144,127
238,47,142,130
253,46,137,126
263,43,137,128
262,45,137,123
264,48,130,138
264,49,131,141
249,75,123,128
239,70,130,124
250,51,135,125
266,43,130,123
272,43,135,122
270,48,127,130
258,58,121,127
238,60,127,118
225,52,127,118
210,39,131,116
203,17,135,118
227,14,126,121
255,17,120,136
276,19,117,124
298,24,113,130
324,34,112,125
349,44,108,122
370,48,108,111
381,45,111,114
389,43,119,113
414,39,113,110
434,32,111,123
446,35,117,118
453,46,120,119
460,55,119,119
468,69,123,121
476,87,125,123
486,104,121,124
495,115,118,127
503,133,115,122
505,148,115,117
508,160,114,111
510,166,117,113
513,176,116,113
510,183,120,118
506,189,124,115
503,191,129,113
509,194,112,110
502,193,110,106
505,188,111,109
506,187,109,107
507,181,108,107
503,172,114,112
503,168,114,108
501,159,115,107
501,148,122,108
509,130,129,113
518,116,123,112
530,100,114,109
535,90,112,112
548,85,98,111
549,81,96,113
549,85,98,114
549,89,98,116
542,96,104,121
539,111,102,117
526,116,109,118
515,124,115,120
516,131,111,114
515,129,115,120
507,136,123,116
512,142,118,115
512,145,117,117
513,151,116,115
514,153,115,117
515,155,114,120
511,160,118,113
503,162,124,120
501,167,118,117
501,171,114,116
496,172,118,114
497,173,111,115
494,176,108,110
485,177,113,113
482,180,101,110
481,177,104,110
479,177,104,113
481,176,101,112
478,176,105,111
476,179,104,106
474,177,106,108
473,175,108,112
475,174,105,114
474,174,105,109
477,173,104,104
476,172,104,109
475,173,107,108
475,173,108,110
477,172,105,114
462,170,103,112
460,171,106,108
460,174,102,106
460,174,104,109
459,175,102,107
458,175,100,107
460,172,100,109
459,169,104,110
460,171,101,105
458,169,102,109
457,169,104,107
457,167,105,108
458,169,103,104
456,167,104,108
456,166,104,109
454,166,104,108
450,167,106,105
449,165,105,107
450,164,99,104
452,165,96,104
445,166,96,102
441,166,102,103
435,165,99,107
430,166,106,105
424,173,98,100
419,178,98,106
415,186,95,105
410,195,96,107
401,205,101,115
400,218,100,114
402,225,93,107
394,223,94,103
383,222,95,102
374,217,94,109
365,212,93,107
355,206,91,113
345,206,93,109
334,203,98,116
332,207,98,107
321,207,97,105
307,204,100,110
291,200,103,112
273,201,110,108
272,203,105,111
269,204,103,112
272,208,105,116
274,216,106,115
282,222,102,116
288,227,105,115
291,233,106,115
291,238,107,109
291,244,101,103
291,242,103,103
296,238,104,109
304,233,107,106
313,222,112,111
334,212,107,109
349,204,112,113
364,195,110,111
379,183,116,110
397,172,117,114
408,162,120,115
422,151,122,122
431,142,126,125
446,136,127,127
453,129,127,130
447,127,126,125
441,113,126,134
428,115,133,126
408,112,130,125
393,107,126,127
377,107,127,123
359,109,122,119
351,103,126,122
351,100,121,117
345,101,126,125
347,109,125,127
352,115,127,131
364,120,129,125
373,124,131,122
383,125,122,119
388,126,127,121
398,123,129,120
401,125,127,120
397,130,127,123
392,129,127,124
385,133,126,124
378,136,126,128
378,142,119,118
379,141,123,124
382,144,123,121
388,148,124,119
394,152,125,115
400,152,124,123
406,152,120,119
408,153,125,121
409,154,126,121
412,150,129,124
413,151,127,121
413,149,130,121
413,149,128,123
412,151,130,119
415,153,125,117
414,152,134,118
418,150,125,119
417,150,128,116
414,146,128,124
416,147,124,118
415,143,123,119
410,142,130,122
408,139,127,129
407,138,124,131
404,138,124,123
403,138,125,127
403,139,126,123
405,141,125,117
405,138,125,121
404,137,126,122
404,137,125,127
401,138,124,121
398,139,121,122
393,139,120,124
381,137,118,133
376,143,119,119
369,144,112,125
362,146,114,119
366,148,113,119
368,152,106,108
367,149,107,114
371,155,108,110
376,161,105,110
376,166,103,113
374,176,106,105
372,181,103,108
367,188,105,103
358,200,109,106
349,211,101,111
341,220,102,106
338,225,97,106
339,227,100,96
345,223,100,97
346,222,97,104
351,219,99,100
351,220,98,99
355,216,104,100
366,214,98,103
376,215,99,101
391,218,99,101
406,221,98,103
424,221,98,109
442,225,97,111
457,231,110,99
464,232,111,100
472,230,113,105
474,229,113,103
472,230,110,101
472,228,110,102
468,225,109,109
463,224,112,104
457,221,113,106
455,218,114,107
454,219,112,99
451,218,108,100
448,215,111,103
445,214,108,103
438,214,110,101
439,212,111,109
438,213,108,104
435,213,112,105
439,212,106,106
436,212,111,101
436,211,109,103
436,208,108,107
433,208,111,101
430,206,113,106
434,204,111,101
435,204,111,104
433,203,112,106
436,202,107,105
435,203,108,102
435,204,108,104
433,204,110,105
431,199,111,113
430,202,109,107
429,202,111,106
429,202,113,103
431,203,111,102
430,202,108,105
430,202,110,100
432,202,107,101
430,202,112,107
431,202,107,101
429,200,110,104
430,201,111,100
429,201,108,102
426,199,109,106
423,197,108,103
423,198,109,100
420,195,112,105
421,193,110,103
419,194,113,103
420,193,108,110
422,195,105,105
420,194,111,106
418,193,112,104
421,195,108,101
417,192,110,104
418,191,110,107
416,190,111,107
419,191,108,103
418,191,110,104
416,190,111,102
415,191,109,98
413,190,107,104
413,190,107,106
411,191,110,102
412,189,107,105
410,190,113,104
411,189,111,108
413,189,110,109
411,192,112,106
412,191,110,107
409,192,113,101
411,191,110,102
409,189,111,106
409,188,109,106
406,187,107,104
405,186,107,107
402,185,107,111
401,181,106,113
398,178,110,110
395,179,112,107
394,177,110,110
392,176,113,106
391,174,111,111
392,173,111,107
391,171,110,112
389,173,111,109
389,173,112,109
385,175,112,115
384,177,113,106
383,177,110,111
382,175,110,105
378,172,120,115
382,172,117,109
383,171,113,111
383,172,115,108
386,171,115,107
390,169,116,110
392,167,122,108
398,167,118,109
399,168,124,107
405,167,113,118
405,171,117,112
403,174,118,112
401,176,117,109
403,178,117,107
404,177,118,113
405,177,116,108
403,177,120,114
