335,76,64,80
337,80,57,70
337,79,57,71
338,77,54,74
336,77,60,75
336,79,64,71
338,78,64,71
337,79,66,71
323,81,72,70
336,78,63,72
341,79,57,71
332,79,51,71
339,79,55,71
338,77,44,71
342,77,46,70
337,78,49,70
343,75,63,80
340,76,55,81
340,78,52,82
342,74,48,94
343,77,50,94
343,74,45,99
340,75,47,96
339,74,49,103
338,73,50,105
337,76,53,112
338,73,52,116
340,69,48,136
340,68,48,147
346,59,44,124
347,64,38,120
349,65,37,117
350,67,39,112
354,63,43,110
345,65,39,118
346,58,51,117
336,65,52,111
336,65,52,111
336,65,52,111
336,65,52,111
336,65,52,111
336,65,52,111
336,65,52,111
336,65,52,111
336,65,52,111
359,78,37,99
348,63,40,104
363,77,31,95
359,74,31,92
353,66,30,96
362,72,27,93
358,69,26,86
352,76,30,79
357,77,32,67
355,76,30,71
351,76,31,72
355,76,40,70
350,77,40,61
354,80,40,61
342,77,39,64
343,77,40,62
342,79,41,60
345,80,37,60
345,80,39,57
345,80,39,57
343,82,42,56
343,82,42,56
343,82,42,56
343,82,42,56
343,82,42,56
343,82,42,56
343,82,42,56
343,82,42,56
343,82,42,56
343,82,42,56
343,82,42,56
343,82,42,56
343,82,42,56
343,82,42,56
341,81,44,63
341,80,44,67
339,80,46,68
341,83,42,65
341,82,42,61
331,77,54,63
332,80,52,61
319,71,60,71
325,66,61,76
337,60,50,73
337,61,51,80
334,53,55,88
337,52,53,93
341,46,50,94
345,44,46,96
343,43,49,95
346,42,47,99
340,36,54,105
342,30,52,113
338,24,43,105
339,20,40,113
336,12,39,125
325,13,48,133
327,11,46,132
324,12,45,135
322,14,46,126
320,15,49,128
318,26,53,118
324,29,47,113
324,28,47,115
326,32,47,109
325,33,52,107
326,40,56,102
325,48,62,94
327,59,60,89
328,64,69,96
331,72,76,102
329,79,82,104
334,94,84,106
331,92,96,118
337,130,99,105
348,135,95,109
365,173,100,91
371,177,93,79
371,177,93,79
389,203,85,78
399,212,75,76
414,215,63,73
417,216,58,74
415,215,71,78
419,204,69,85
422,202,58,82
425,187,55,82
424,164,56,89
424,148,64,81
424,137,68,83
420,127,68,89
416,113,74,90
411,110,78,89
400,94,75,87
397,86,75,97
371,85,92,82
343,81,102,82
338,80,104,86
326,77,103,101
298,73,112,115
269,78,117,122
253,70,127,142
285,67,96,142
232,103,103,128
201,140,112,96
294,58,94,98
305,35,73,100
178,164,85,88
171,176,98,67
151,202,88,63
146,219,93,51
150,221,87,46
153,227,88,46
154,227,85,47
159,219,83,56
150,213,92,60
165,207,77,60
178,204,70,66
176,190,73,71
183,176,64,81
187,170,63,86
192,165,51,84
189,148,55,87
188,143,57,90
185,135,60,84
179,122,63,89
175,111,65,88
175,105,66,86
174,101,66,92
169,91,77,99
169,89,89,96
168,88,93,99
170,85,87,101
170,81,96,108
172,80,108,110
170,76,113,113
175,78,111,112
177,77,113,119
179,77,112,121
189,79,109,123
190,82,107,115
197,83,110,106
209,81,119,102
212,78,115,105
223,81,109,107
228,74,106,107
235,80,104,103
248,82,104,105
252,84,107,103
257,83,111,106
266,86,110,104
284,84,107,109
286,84,108,110
287,85,113,110
326,81,86,116
332,80,85,123
341,78,84,120
344,79,87,131
331,87,110,121
318,86,135,124
329,85,146,126
336,87,138,127
341,88,141,130
343,89,136,128
368,93,138,129
388,97,129,129
401,97,127,149
402,93,129,172
344,103,143,168
412,98,122,166
415,97,124,180
425,101,123,148
433,102,116,155
441,102,108,165
435,107,113,166
439,108,114,160
437,109,113,162
434,113,115,157
435,112,116,155
430,115,117,154
430,117,114,152
419,112,115,156
408,112,121,154
406,112,124,147
402,109,126,142
389,106,135,138
391,107,130,140
389,107,125,140
387,106,120,139
382,103,126,139
378,103,125,142
374,103,128,141
372,101,119,150
370,102,118,144
365,100,113,145
364,103,112,142
352,102,112,144
347,102,116,148
333,101,115,150
328,101,119,148
316,95,113,151
313,99,118,151
304,97,110,147
295,97,118,150
284,94,112,144
267,86,117,149
260,85,121,154
245,77,124,162
241,84,123,162
227,90,118,153
219,98,125,140
202,99,124,143
200,104,121,134
190,98,126,139
189,102,121,140
179,106,120,129
175,95,124,133
170,101,128,133
158,106,123,123
157,104,124,127
153,98,116,133
149,102,120,132
145,106,110,126
137,108,110,120
128,102,119,125
130,109,113,118
124,99,111,120
123,110,112,118
120,105,103,120
119,109,104,112
120,101,103,120
119,99,99,127
123,105,93,116
123,108,94,117
124,106,99,117
121,102,97,123
124,108,100,114
124,109,104,113
127,107,101,116
133,107,108,111
134,108,102,116
140,110,105,114
136,108,114,113
155,107,101,117
152,103,104,115
167,96,99,119
181,90,94,119
185,100,92,118
199,96,86,116
202,96,85,118
209,96,91,119
215,94,87,120
223,94,93,121
224,91,95,119
235,91,95,123
240,88,106,128
248,90,96,120
242,89,105,123
259,92,95,124
261,89,99,126
273,87,100,123
272,89,105,123
289,83,101,129
299,71,108,140
303,71,109,147
303,63,114,151
304,63,120,158
314,60,115,155
325,66,112,150
328,71,114,143
329,80,117,134
345,82,119,131
361,88,124,124
372,83,116,122
372,83,117,119
391,83,118,116
391,77,119,119
414,72,120,122
429,63,127,126
436,64,120,124
446,61,123,132
453,60,128,129
464,57,128,129
469,60,128,125
479,59,128,124
482,62,127,120
488,63,121,122
498,71,131,115
490,74,141,108
496,75,136,111
502,86,134,115
497,79,138,113
505,90,132,116
511,101,123,120
508,107,125,118
508,111,120,120
510,116,121,117
507,127,119,117
507,130,117,120
502,145,113,125
500,146,111,130
491,160,114,129
485,172,117,126
482,174,115,122
482,176,116,124
472,188,124,117
472,188,118,123
462,197,122,120
461,195,118,122
449,205,121,117
440,211,112,111
438,214,110,109
435,216,116,108
412,220,113,109
412,222,111,106
406,221,114,104
401,226,99,101
386,231,94,93
389,230,82,93
384,230,85,93
385,231,81,91
384,226,82,96
381,224,82,100
379,217,85,107
379,215,84,106
379,210,80,110
380,201,82,118
378,199,85,120
378,195,86,121
377,179,95,118
374,175,103,118
388,157,102,118
392,151,104,115
393,130,112,121
386,107,116,130
390,100,116,130
383,100,112,116
376,74,120,119
370,71,125,108
359,56,131,113
360,55,125,102
342,45,125,89
319,35,128,85
312,34,129,79
307,34,125,81
304,34,135,80
275,32,127,93
270,33,144,116
236,44,138,102
219,53,127,105
212,55,114,112
206,57,116,114
206,66,119,113
197,74,113,120
190,106,93,109
186,103,95,123
186,100,97,132
177,133,99,111
169,158,104,98
166,168,103,98
167,181,100,92
176,216,89,73
196,217,71,76
203,219,68,84
211,219,61,83
227,216,56,85
235,210,67,85
234,209,72,86
234,204,72,87
238,199,67,94
240,194,62,93
240,183,50,94
239,184,48,89
238,181,52,95
240,168,42,91
237,150,43,95
233,149,51,89
233,144,52,91
228,136,59,90
228,134,62,90
228,124,64,90
227,123,68,85
231,114,73,90
232,108,75,89
243,95,71,95
241,95,79,93
244,89,87,93
249,85,84,94
255,78,89,98
261,71,99,102
275,65,107,106
278,61,109,106
283,62,91,101
295,59,101,96
315,61,93,87
318,62,98,82
327,67,87,74
333,67,99,75
338,69,100,75
357,77,99,73
360,74,99,74
374,83,102,78
374,83,107,80
388,95,113,78
389,97,108,82
408,110,122,76
429,130,130,63
431,138,118,56
429,139,107,67
450,150,97,63
452,155,89,62
463,159,90,62
463,157,92,62
462,162,92,63
480,162,94,50
474,163,99,63
477,161,101,73
476,159,101,76
473,158,105,79
475,157,100,83
482,155,95,97
477,156,101,100
481,154,102,112
478,151,107,116
473,149,109,118
474,152,107,111
466,153,114,100
465,153,115,96
464,153,109,97
455,156,123,113
458,154,117,118
454,152,117,120
455,150,117,117
449,151,115,117
451,149,115,109
445,151,118,114
434,143,128,118
435,151,127,118
447,148,114,107
439,147,117,112
438,138,116,112
426,142,130,122
431,138,124,121
425,136,129,115
429,131,126,124
429,129,124,121
435,123,117,115
427,128,121,121
420,125,131,120
420,129,130,125
416,128,131,119
413,130,131,109
413,132,127,114
412,130,131,112
409,132,133,111
404,128,135,114
404,130,134,116
395,130,136,116
397,131,135,116
399,130,128,114
392,127,129,118
394,123,122,115
396,124,116,120
392,115,109,120
389,113,112,128
394,120,96,125
393,123,96,121
395,120,93,125
395,130,90,122
399,128,86,113
401,125,90,116
398,120,98,123
400,124,109,110
408,124,106,112
408,128,108,106
409,127,119,100
403,121,125,99
416,124,133,88
417,119,137,93
430,118,133,84
440,113,134,90
441,119,135,83
443,121,136,81
451,125,135,77
455,126,132,74
465,128,129,79
466,126,128,80
482,128,117,81
494,133,113,77
491,132,115,78
493,129,114,80
495,134,124,76
501,128,117,81
504,131,120,78
505,130,121,72
507,135,122,72
508,138,125,63
515,138,121,62
509,140,125,59
511,140,123,59
514,144,121,57
516,145,119,56
517,145,113,54
513,145,113,52
513,145,112,52
514,150,110,50
514,149,107,50
508,152,111,48
508,153,108,47
504,155,103,44
504,155,98,43
501,153,92,42
496,154,96,39
494,154,100,39
493,152,99,42
491,151,96,41
488,150,97,41
486,150,100,37
481,152,100,37
476,153,106,37
474,151,106,37
470,149,117,42
461,152,121,37
461,150,119,39
462,154,117,36
455,152,123,37
451,154,127,35
442,149,130,37
436,150,136,37
435,151,136,37
432,148,125,36
413,145,133,38
403,145,139,42
396,146,145,39
387,147,132,40
384,146,120,41
391,145,111,38
377,144,114,38
356,142,104,52
365,140,102,45
340,135,97,52
351,130,86,60
357,120,73,65
338,122,65,53
340,121,57,56
340,122,53,51
340,120,45,52
339,121,42,51
322,124,51,52
320,125,55,47
300,125,69,55
295,125,72,57
295,125,72,57
295,125,72,57
295,125,72,57
236,132,73,47
233,133,64,44
227,143,61,36
230,155,67,25
208,158,69,21
202,160,70,19
215,168,76,17
207,172,76,16
202,174,80,15
188,172,88,17
181,176,91,16
175,177,97,17
174,179,94,17
175,179,93,17
174,182,93,17
173,181,93,17
175,184,91,16
175,184,91,16
175,184,88,16
179,186,86,16
178,186,83,15
177,186,85,15
178,186,82,15
177,185,82,15
181,182,78,17
183,181,75,17
183,177,75,19
182,176,77,19
181,175,77,21
184,162,76,26
186,160,75,28
189,152,73,29
187,145,75,32
190,137,74,36
188,127,77,43
190,120,75,46
188,117,75,50
190,114,75,49
186,115,75,51
185,113,79,55
184,114,81,54
184,118,80,57
179,126,83,49
178,124,83,59
173,142,86,48
176,143,81,48
171,165,86,36
164,169,95,25
164,168,95,26
172,184,90,31
176,194,86,35
181,195,79,36
184,193,77,39
190,194,74,38
188,194,74,37
187,189,79,42
189,189,77,41
192,181,72,48
192,172,69,52
193,166,69,56
197,157,68,62
199,155,66,64
205,158,66,66
203,154,67,67
203,159,69,67
208,168,69,64
208,186,59,55
211,190,56,55
212,212,51,46
212,215,54,46
210,214,57,51
206,232,55,46
205,234,57,49
200,240,64,52
198,236,60,61
192,227,62,70
187,212,68,76
183,205,74,80
183,203,67,81
179,176,65,81
179,171,57,87
186,150,72,78
188,137,80,74
188,132,81,75
192,131,81,72
192,131,78,69
193,142,80,59
194,148,69,54
196,151,71,52
195,155,75,47
200,173,72,33
214,189,65,28
214,190,66,30
229,191,58,31
243,189,55,41
269,169,46,53
272,166,39,63
279,160,44,58
284,158,41,62
286,131,43,71
278,105,35,68
279,106,34,71
262,86,39,69
245,83,53,71
237,83,61,68
228,81,69,74
210,84,83,75
197,95,86,80
198,93,85,87
199,91,87,86
191,132,73,83
188,154,72,89
186,180,82,85
199,206,86,87
208,212,87,93
232,231,84,94
239,232,87,102
243,228,92,101
270,226,77,91
265,225,82,82
286,194,71,95
308,185,52,103
312,174,43,107
311,172,44,113
295,134,58,105
292,134,62,98
275,122,72,96
270,125,77,93
247,121,94,81
220,117,112,71
200,119,114,86
197,127,103,96
200,137,122,89
178,181,89,114
172,207,104,118
176,217,110,120
180,221,117,117
191,254,101,94
193,259,106,83
240,247,84,91
266,240,62,95
293,231,43,103
295,235,43,101
311,219,41,107
311,196,43,117
308,174,49,118
284,130,67,127
277,124,76,138
256,109,93,123
242,93,99,115
219,98,111,97
216,101,106,83
215,100,93,84
205,98,85,86
203,92,83,96
199,109,68,102
199,114,68,101
197,130,72,108
195,140,82,115
196,176,102,104
199,190,112,97
214,211,124,87
222,227,133,70
246,233,131,67
262,226,120,75
279,223,123,82
296,221,114,83
332,222,86,89
362,189,74,116
363,179,77,120
369,139,68,137
369,133,71,141
374,135,65,127
378,133,61,129
384,135,56,128
384,127,55,134
385,127,55,134
388,131,53,129
390,159,52,117
391,163,54,121
390,188,66,102
392,193,64,98
391,216,78,93
386,220,85,94
377,221,98,106
369,217,109,123
365,218,106,124
362,210,113,133
359,191,110,154
358,168,109,178
355,122,107,196
359,186,107,168
362,189,109,157
364,208,107,142
369,193,101,151
364,165,104,183
372,159,101,189
367,163,104,179
363,127,114,212
368,116,111,225
369,118,104,230
370,114,106,235
370,114,104,233
371,114,104,231
374,112,98,238
375,108,97,242
376,117,97,232
374,106,101,244
371,109,102,240
373,111,100,239
369,112,105,237
370,112,107,234
371,110,103,234
371,114,105,233
371,115,104,232
346,106,97,229
342,117,85,216
346,122,60,199
348,148,51,162
350,161,46,141
341,160,57,137
336,160,62,136
332,164,66,132
329,163,63,135
330,166,60,133
326,169,67,134
330,176,61,128
328,185,62,122
317,191,77,114
306,192,90,116
301,192,94,115
296,196,95,114
293,190,102,122
281,200,110,115
274,200,115,114
269,199,119,113
266,201,113,112
261,192,107,116
263,192,96,114
251,176,86,117
246,159,88,130
238,132,88,139
239,117,90,142
231,94,103,122
224,89,114,95
226,70,119,104
228,57,126,96
233,52,130,100
260,34,141,115
266,28,142,125
269,27,144,125
293,26,160,130
293,30,163,131
343,54,154,135
389,93,130,116
406,122,141,111
419,121,131,122
410,123,136,130
430,153,117,128
440,155,101,137
444,156,78,138
451,158,74,130
448,152,70,125
445,140,72,127
445,136,71,119
444,129,76,116
440,109,90,123
438,83,97,128
434,76,102,127
432,74,96,116
409,47,114,121
388,27,122,105
388,27,100,92
386,21,97,100
361,20,111,88
347,19,134,95
319,14,119,99
296,33,101,101
291,15,109,124
276,17,120,143
263,26,132,137
251,29,140,155
243,39,136,157
244,50,131,149
233,70,118,158
230,78,112,149
224,114,105,138
214,137,91,142
218,163,81,139
216,173,64,135
219,189,51,120
219,197,50,118
217,177,69,114
222,162,81,114
224,153,85,101
225,148,83,103
223,139,81,106
223,122,71,106
219,113,82,109
219,105,87,108
219,103,93,103
222,97,99,104
228,88,103,103
231,85,107,101
239,83,105,105
254,81,106,91
264,82,103,87
290,80,97,95
300,75,87,111
321,74,92,125
325,78,99,126
329,83,101,122
326,84,113,133
358,117,90,107
359,126,94,108
384,155,78,94
382,167,80,87
384,173,80,82
384,193,84,66
391,210,73,55
395,213,65,52
399,220,62,47
396,214,68,57
394,213,68,59
394,205,60,71
390,199,54,78
389,187,47,74
388,186,46,71
388,171,50,79
385,163,53,79
380,151,64,81
374,148,71,78
368,132,82,85
359,128,89,80
345,124,99,83
340,122,98,80
334,120,101,84
316,113,107,80
313,112,108,79
296,107,111,69
295,108,107,70
282,104,116,74
273,90,117,90
261,92,115,85
254,92,121,81
245,91,118,82
238,90,121,90
226,89,125,88
226,90,123,99
217,92,109,92
208,95,98,99
209,94,94,101
201,92,102,107
185,100,94,107
168,101,84,110
174,101,69,110
175,102,67,106
156,101,71,108
148,103,79,110
139,99,80,108
134,100,88,107
131,97,89,101
132,96,85,105
129,94,88,104
124,93,90,104
124,92,90,105
122,89,101,116
126,95,86,106
128,89,84,119
128,92,81,110
128,93,82,114
125,94,82,109
126,95,82,107
125,96,86,108
130,93,84,111
133,96,80,108
134,97,86,111
142,96,77,112
143,98,87,107
146,97,85,106
150,97,88,106
152,94,86,109
158,91,87,101
161,93,88,99
159,93,91,97
166,92,90,92
173,91,92,89
172,94,93,85
180,95,89,78
185,89,87,81
185,86,89,80
184,80,101,85
181,66,113,97
197,65,119,93
193,67,127,93
184,66,143,92
184,70,153,87
186,73,153,84
187,71,167,86
201,71,157,87
222,64,140,102
228,66,151,101
240,65,167,99
230,60,187,107
269,62,176,111
277,61,178,104
295,56,176,117
303,57,176,110
321,58,171,108
324,56,172,113
370,56,136,107
378,67,133,117
398,69,116,122
414,82,96,123
413,86,101,125
414,82,100,135
416,110,97,113
416,113,95,109
413,122,93,106
412,123,95,104
409,122,98,95
412,127,93,92
411,127,96,94
413,127,96,94
414,121,94,105
417,124,91,103
417,122,91,108
410,121,94,112
415,109,93,120
420,95,88,126
418,88,90,128
415,83,94,134
408,66,90,132
397,51,91,139
397,42,90,144
401,28,81,154
395,20,81,154
397,13,79,154
397,11,77,158
398,12,76,161
394,10,79,158
389,12,89,164
395,19,92,151
387,43,116,140
386,54,123,133
382,79,152,143
381,80,159,152
376,99,184,151
371,107,195,145
378,133,199,116
388,136,164,108
416,171,167,80
437,185,184,82
433,189,192,74
463,183,164,88
457,170,171,113
483,163,150,127
499,158,139,145
507,145,132,159
501,141,140,176
514,144,132,172
512,150,125,173
517,171,126,160
511,186,129,154
504,194,139,146
496,207,142,134
506,224,130,112
515,222,113,107
513,222,115,104
506,220,124,100
499,216,135,87
496,215,144,91
490,202,148,103
486,199,152,108
482,179,155,142
476,163,158,180
471,158,165,189
464,144,167,201
459,141,173,209
453,138,180,203
438,146,196,190
434,136,204,205
417,131,213,200
394,125,215,208
396,119,208,205
394,115,206,211
359,107,214,215
378,109,186,214
352,95,188,219
349,104,187,214
343,97,161,213
340,98,164,220
314,85,172,249
316,77,176,258
305,76,187,262
314,71,170,258
295,103,182,241
278,107,174,238
268,136,139,213
273,159,132,188
266,169,139,144
212,192,159,117
186,195,161,108
186,198,148,105
195,206,131,96
186,192,125,105
172,177,135,121
169,143,113,139
162,132,119,152
152,116,118,158
142,113,128,162
141,99,140,167
131,97,154,162
141,91,162,166
147,96,168,137
149,96,168,128
156,96,174,127
186,99,171,105
222,121,163,81
227,121,155,80
220,121,173,81
251,124,178,98
254,123,184,100
297,130,152,107
301,135,148,101
337,152,134,112
353,153,119,118
395,178,120,129
396,181,126,140
417,186,111,132
426,175,104,140
420,149,119,143
417,143,125,145
416,102,147,157
411,90,145,167
395,64,156,166
375,49,166,158
367,52,161,158
325,32,171,172
314,29,181,187
269,33,168,176
284,31,141,187
299,31,130,198
271,72,110,166
256,109,107,146
252,115,109,150
252,165,116,138
244,206,96,96
248,222,85,84
260,230,91,82
270,245,85,71
266,257,90,58
256,265,100,57
241,272,107,47
244,264,114,59
242,262,116,60
246,255,109,67
246,252,103,62
245,254,103,61
244,253,103,63
242,257,97,64
238,261,84,69
237,260,72,70
236,258,67,73
235,256,68,75
235,254,70,76
229,242,73,84
226,243,72,80
224,238,64,83
222,235,69,84
220,229,68,88
218,230,66,81
213,219,72,88
213,219,69,85
210,213,67,84
210,211,65,82
202,201,73,85
202,199,70,84
200,188,71,86
198,189,70,82
198,179,70,83
197,175,73,84
197,167,70,81
198,162,69,84
197,146,74,89
198,140,74,88
200,133,71,89
199,127,76,93
201,123,79,90
204,122,75,90
214,120,69,86
216,121,67,84
219,118,72,81
220,113,70,80
222,105,66,85
224,96,65,93
225,90,60,87
224,90,67,91
224,83,65,91
224,81,63,93
221,72,62,90
219,68,70,93
222,56,70,95
223,58,77,94
225,55,76,87
226,55,77,88
241,42,70,80
240,56,76,71
249,45,68,73
251,47,68,68
261,46,63,66
269,46,56,65
285,41,47,72
280,44,54,77
280,44,54,77
280,44,54,77
303,58,51,80
304,60,41,77
332,31,43,70
325,37,50,58
300,72,56,66
325,48,55,55
322,58,56,53
322,64,51,46
323,68,50,41
323,68,49,40
330,67,50,46
329,67,52,45
330,67,54,48
332,66,51,54
338,65,51,52
335,66,54,50
336,64,62,52
335,66,60,45
345,62,59,53
345,61,59,54
344,61,60,54
354,61,52,53
358,53,52,61
362,52,48,60
364,50,47,61
364,47,47,66
365,47,46,67
360,48,53,68
359,51,54,66
359,51,56,67
357,44,53,70
356,44,56,73
353,48,54,71
355,47,50,69
352,47,49,74
352,48,52,71
349,52,50,70
349,53,53,68
348,53,56,70
348,53,51,72
349,54,51,70
349,55,49,72
349,56,48,71
349,60,50,67
350,62,46,66
347,67,50,61
350,65,42,63
349,64,46,63
344,63,49,67
344,59,48,75
346,63,45,68
342,63,49,68
337,66,53,69
342,67,48,70
347,72,43,64
338,72,52,63
340,73,50,61
346,78,45,57
343,81,50,57
344,81,48,55
347,81,46,53
348,78,45,59
347,80,48,58
349,81,48,59
350,79,46,62
349,80,49,61
346,80,58,68
349,77,50,78
345,81,60,80
346,73,54,88
341,76,61,96
337,75,65,99
338,75,65,98
337,75,64,96
340,73,57,98
335,76,68,97
332,76,72,96
334,76,64,98
333,77,66,97
326,79,76,95
325,80,78,93
330,77,69,96
332,79,67,92
334,79,59,93
333,76,58,96
331,78,59,92
332,79,59,92
334,78,51,92
332,76,58,103
332,76,54,102
328,79,64,95
321,81,72,94
316,81,80,95
320,80,70,75
331,82,62,68
335,78,53,77
335,78,51,77
336,79,49,74
335,79,49,73
334,80,50,73
334,80,52,73
332,80,56,73
329,79,58,75
331,79,56,74
336,78,50,76
333,79,54,75
330,80,59,76
334,79,54,75
337,79,50,76
333,79,55,76
334,79,54,76
333,80,55,75
331,80,59,77
336,82,53,70
335,80,52,72
339,85,49,67
341,86,47,67
343,80,43,71
343,81,46,68
343,79,44,71
350,80,36,69
353,76,26,74
353,76,26,74
353,76,26,74
344,52,35,70
335,46,47,73
335,46,47,73
335,46,47,73
335,46,47,73
335,46,47,73
335,46,47,73
335,46,47,73
335,46,47,73
335,46,47,73
335,46,47,73
335,46,47,73
335,46,47,73
331,79,40,76
334,78,37,71
339,77,36,71
339,78,36,71
340,77,36,72
341,78,35,77
340,79,34,75
340,79,36,74
342,77,35,76
342,78,35,75
339,77,40,76
338,77,41,71
337,78,45,74
336,79,47,72
334,80,54,72
335,79,54,72
334,80,56,69
337,80,53,72
