177,159,117,80
179,153,126,89
183,151,121,85
182,150,125,81
185,148,119,78
184,148,119,81
189,149,115,73
202,149,111,65
209,147,104,68
214,145,84,62
222,143,89,68
221,142,84,63
216,140,76,49
215,139,76,45
254,152,81,58
262,143,83,70
210,136,74,57
208,140,72,50
208,144,69,48
204,145,73,47
199,147,75,46
200,146,73,50
198,149,71,47
195,149,73,45
194,148,72,46
191,148,74,45
190,149,75,44
187,152,75,41
181,154,78,39
180,154,78,43
175,155,80,41
173,157,79,42
169,158,79,44
167,159,75,43
162,161,76,42
156,164,79,41
156,163,72,45
151,167,72,42
145,169,74,39
144,170,73,41
141,171,72,44
142,172,70,42
138,170,72,45
133,169,77,45
133,168,76,45
130,168,74,45
129,170,77,44
124,170,81,46
120,171,81,43
118,169,82,46
114,169,84,45
110,168,85,44
104,168,89,44
102,168,85,44
95,167,86,43
86,165,86,45
72,164,91,44
65,162,86,45
49,159,90,46
32,157,94,47
18,157,95,48
13,161,91,53
5,169,93,54
0,175,89,50
-3,178,79,52
-15,178,74,56
-33,182,74,57
-51,181,77,58
-51,181,77,58
-51,181,77,58
-51,181,77,58
-51,181,77,58
-51,181,77,58
-51,181,77,58
-51,181,77,58
-51,181,77,58
-51,181,77,58
-51,181,77,58
-51,181,77,58
-51,181,77,58
-51,181,77,58
-51,181,77,58
-51,181,77,58
-51,181,77,58
-51,181,77,58
-51,181,77,58
-51,181,77,58
-51,181,77,58
-51,181,77,58
-51,181,77,58
-51,181,77,58
-51,181,77,58
-51,181,77,58
-51,181,77,58
-51,181,77,58
-51,181,77,58
-51,181,77,58
-51,181,77,58
-51,181,77,58
-51,181,77,58
-51,181,77,58
-51,181,77,58
-51,181,77,58
-51,181,77,58
-51,181,77,58
-51,181,77,58
-51,181,77,58
-51,181,77,58
-51,181,77,58
-51,181,77,58
-51,181,77,58
-51,181,77,58
-51,181,77,58
-51,181,77,58
-51,181,77,58
-51,181,77,58
-51,181,77,58
-51,181,77,58
-51,181,77,58
-51,181,77,58
-51,181,77,58
-51,181,77,58
-51,181,77,58
-51,181,77,58
-51,181,77,58
-51,181,77,58
-51,181,77,58
-51,181,77,58
-51,181,77,58
-51,181,77,58
-51,181,77,58
-51,181,77,58
-51,181,77,58
-51,181,77,58
-51,181,77,58
-51,181,77,58
-51,181,77,58
-51,181,77,58
-51,181,77,58
-51,181,77,58
-51,181,77,58
-51,181,77,58
-51,181,77,58
