161,226,55,74
158,225,57,84
158,224,56,74
158,223,56,82
156,219,57,77
155,218,57,82
155,217,55,74
157,215,53,76
157,216,56,71
159,213,54,72
160,212,53,73
163,211,52,75
162,209,56,80
162,211,54,79
164,209,56,77
167,208,56,84
169,206,56,77
172,207,56,87
174,204,54,84
180,203,56,76
179,200,58,89
182,196,57,99
189,195,53,98
191,191,57,102
196,194,55,105
172,189,73,105
167,184,89,104
192,180,77,100
211,182,61,87
220,185,54,77
268,284,62,79
240,184,54,75
240,184,54,75
258,184,51,72
266,187,56,70
279,184,50,77
286,187,49,73
295,185,46,81
300,185,45,81
304,184,49,84
307,187,47,81
304,188,46,81
301,193,44,78
295,198,44,75
288,206,44,79
278,213,47,71
268,218,46,68
268,218,46,68
256,214,45,53
254,212,44,55
254,212,44,55
254,212,44,55
257,218,43,52
263,225,42,56
269,231,43,61
274,237,42,66
281,243,41,68
287,251,40,73
290,259,41,74
292,265,45,72
281,265,52,79
287,268,50,74
278,268,51,75
272,263,48,78
258,263,50,78
248,261,50,72
232,261,46,79
211,259,52,75
211,259,52,75
180,253,61,67
169,245,63,69
167,232,61,71
159,218,64,75
161,214,62,68
165,210,67,77
163,195,79,85
189,192,63,78
211,192,55,75
230,193,53,73
251,195,51,63
272,202,45,59
286,197,43,65
303,190,41,66
315,184,42,66
326,173,41,64
331,162,42,62
336,153,42,62
339,145,42,61
337,142,42,56
329,133,48,59
322,130,44,67
316,132,42,64
302,132,45,66
289,139,41,67
250,139,54,72
243,142,54,67
218,147,49,70
190,143,53,64
155,137,62,70
114,121,83,77
106,111,69,68
106,111,69,68
81,86,60,64
74,86,56,56
72,80,55,51
67,75,62,56
74,72,60,56
85,73,54,55
96,76,55,54
113,82,49,56
129,86,48,54
146,91,49,58
167,94,41,53
186,98,37,45
203,98,34,47
214,98,35,49
224,97,35,56
233,93,35,53
235,90,38,50
232,84,39,52
233,82,41,54
224,83,41,52
212,84,45,57
208,87,46,58
198,92,37,55
184,97,35,52
165,101,38,54
149,103,39,51
131,103,42,48
116,103,47,49
102,101,52,51
97,96,46,51
100,96,42,51
92,96,44,56
92,95,43,48
93,95,43,48
96,98,44,46
103,100,46,44
115,101,43,46
130,105,39,41
140,105,44,50
160,106,39,48
181,105,32,42
200,106,33,38
217,106,33,40
232,105,35,39
251,107,35,43
258,101,38,48
268,95,39,56
284,89,34,56
292,84,34,57
296,80,37,54
297,73,38,54
296,68,38,53
292,63,38,55
287,62,36,52
275,61,37,54
271,66,36,50
268,69,30,50
258,67,30,49
245,66,38,47
233,72,38,41
229,76,37,38
222,74,38,41
221,76,34,40
218,78,36,39
222,79,34,40
230,82,32,37
225,89,41,36
241,87,33,42
252,94,29,37
258,96,31,42
267,97,30,44
272,94,33,47
282,90,29,52
289,87,30,49
289,82,33,49
289,76,36,48
292,70,35,47
295,60,31,48
289,52,32,46
280,42,35,54
276,37,34,51
268,30,30,52
263,24,28,57
256,22,28,55
245,19,26,55
231,26,29,50
218,30,27,52
207,35,30,52
198,43,29,51
193,52,33,50
186,57,36,52
186,64,35,52
187,75,34,51
193,84,33,51
199,94,33,47
211,100,30,50
223,106,29,53
236,119,28,52
252,129,24,57
264,139,27,51
276,148,28,49
289,151,26,48
297,150,27,49
306,152,29,47
313,150,28,48
316,151,30,46
320,150,27,45
316,151,33,45
317,152,31,48
320,153,26,44
316,155,27,47
313,155,26,47
304,154,28,49
300,164,26,41
294,159,25,43
283,160,28,39
277,154,27,42
271,154,28,38
264,147,25,40
260,136,27,43
252,133,31,40
252,127,30,38
254,125,27,40
257,123,29,41
255,118,32,45
264,120,29,47
263,119,31,51
275,129,24,41
281,124,21,44
286,122,21,46
284,119,28,51
286,115,31,50
290,110,28,53
295,115,25,46
294,112,25,46
291,109,25,46
282,104,31,51
280,96,31,56
273,101,31,54
271,103,27,54
265,107,26,46
258,108,25,45
247,105,30,49
245,107,29,42
234,110,31,44
228,107,28,47
224,106,30,46
222,110,29,43
219,112,30,41
218,113,31,39
220,115,30,38
220,116,30,36
221,117,31,39
221,116,31,40
224,118,31,40
229,120,32,40
236,123,32,39
246,126,33,45
257,137,32,39
265,142,30,44
276,149,28,46
283,154,28,49
292,162,29,50
300,169,28,47
307,177,27,48
310,183,30,48
314,189,29,50
311,195,33,53
317,205,29,49
315,211,28,52
311,220,30,56
309,230,30,54
302,242,28,56
291,250,31,58
278,260,35,55
270,263,36,59
261,268,34,54
249,268,35,58
232,282,38,56
222,279,38,60
216,278,43,57
211,278,37,58
205,266,40,63
208,260,36,65
208,255,34,64
210,248,40,61
215,238,31,63
218,224,27,57
220,212,28,52
218,196,31,53
213,178,37,60
212,168,35,57
204,158,39,50
206,145,32,53
206,136,30,47
199,126,29,48
196,124,29,45
194,123,26,36
188,123,27,36
181,123,29,41
173,121,32,46
166,114,34,46
161,112,32,44
156,108,33,46
149,99,37,49
145,94,38,50
145,90,36,44
142,86,38,45
144,79,36,46
144,77,37,47
146,75,35,46
147,73,35,45
150,72,34,43
151,71,33,44
156,70,30,41
158,69,28,41
160,68,27,40
161,68,28,39
162,68,27,38
163,68,27,38
163,68,27,38
164,69,25,33
159,68,29,38
161,68,27,38
159,67,28,42
157,64,27,40
154,62,28,40
150,56,30,42
147,50,29,41
146,45,28,39
143,44,30,38
141,41,29,37
139,39,31,36
138,37,32,41
137,41,34,41
140,49,32,38
143,56,31,37
148,62,32,35
152,70,32,37
161,78,32,33
173,83,29,34
185,84,26,32
195,83,25,35
204,83,25,37
214,90,23,32
219,94,27,34
225,92,30,33
228,94,28,33
233,93,27,36
230,92,32,38
229,90,30,36
224,85,30,38
218,85,29,42
209,84,30,42
201,86,27,39
188,86,27,40
176,86,27,39
158,83,32,35
143,78,33,33
131,72,34,33
119,68,40,32
119,68,40,32
119,68,40,32
119,68,40,32
119,68,40,32
97,59,43,34
97,59,43,34
118,68,40,31
118,68,40,31
144,79,36,36
164,82,29,35
183,88,24,31
200,92,26,31
215,94,27,33
215,94,26,31
228,94,28,30
243,92,26,36
251,90,24,41
257,84,28,45
262,83,28,41
259,85,36,42
258,85,36,45
251,83,39,48
254,93,34,47
247,91,32,47
237,95,32,38
224,98,28,35
206,101,28,30
186,102,29,36
169,97,29,34
140,96,36,33
126,89,33,28
102,80,36,31
102,80,36,31
102,80,36,31
102,80,36,31
102,80,36,31
102,80,36,31
102,80,36,31
102,80,36,31
102,80,36,31
109,86,42,36
134,90,34,36
134,90,34,36
168,100,31,30
187,102,29,36
206,103,24,30
221,101,23,25
232,99,25,29
244,94,26,34
251,91,26,39
252,80,30,44
251,80,35,51
246,70,36,44
247,70,35,42
242,69,30,45
231,70,30,40
223,73,30,38
209,73,27,33
191,73,30,34
172,69,30,38
152,65,32,32
133,55,34,39
106,55,42,36
89,42,45,41
77,37,47,37
66,30,50,36
68,25,42,37
64,22,43,40
66,25,42,37
65,35,48,34
77,41,46,41
87,46,43,41
96,57,50,45
126,69,39,37
149,80,35,39
172,86,31,36
194,94,32,39
216,100,28,35
229,101,32,36
248,101,31,38
255,100,35,45
268,97,30,45
273,95,29,43
273,94,29,42
267,97,32,38
263,96,33,40
255,98,35,43
245,100,33,44
224,104,36,44
211,112,30,43
191,113,30,42
166,112,33,44
143,106,36,41
116,103,42,36
97,91,42,41
81,79,44,43
68,72,47,39
55,67,50,35
55,57,45,38
55,55,44,36
52,57,51,32
59,59,48,32
71,62,46,36
85,68,43,38
94,76,44,42
114,84,42,45
139,93,34,39
162,98,34,39
183,102,31,38
204,102,31,31
224,101,28,31
235,97,29,33
247,96,30,36
252,90,32,42
252,79,37,48
257,77,37,45
253,74,34,49
246,76,37,47
236,79,41,46
215,78,43,47
206,84,38,48
191,88,34,43
172,91,31,38
148,90,32,43
120,87,39,46
96,79,46,45
84,71,44,41
67,64,49,38
57,55,50,38
55,51,49,36
55,43,48,38
52,40,57,38
72,43,48,40
85,49,45,39
97,48,47,46
95,47,50,47
116,55,46,43
143,62,39,45
169,69,35,47
195,84,33,35
216,90,35,36
241,92,33,33
257,89,35,38
280,92,29,42
291,83,33,42
299,74,34,41
300,67,37,41
303,61,34,42
331,55,34,44
289,61,40,45
283,64,38,46
268,70,36,52
257,75,31,55
233,81,38,47
212,78,34,39
182,76,35,43
156,74,39,39
122,65,49,41
98,59,54,39
88,48,47,45
80,44,44,40
72,37,44,36
75,35,37,33
74,34,40,36
77,38,41,37
82,45,43,38
92,51,44,39
100,61,52,39
126,76,42,37
149,86,37,36
170,92,38,44
197,105,35,38
218,111,32,38
244,112,31,36
257,118,35,40
273,111,34,47
283,111,35,45
284,116,40,41
290,121,41,36
298,128,33,37
296,140,34,35
283,151,42,39
280,172,42,47
280,190,35,51
266,204,33,53
246,219,36,51
222,224,29,45
197,223,39,42
170,215,39,39
146,209,41,42
131,198,42,40
109,201,44,32
89,198,48,37
80,184,44,43
80,185,41,42
69,190,47,42
76,190,42,47
74,205,48,41
85,214,47,43
92,228,52,47
104,246,59,45
127,258,59,50
158,265,54,58
182,271,50,63
218,279,41,58
252,279,40,51
276,274,36,53
296,267,39,50
313,252,36,54
323,238,36,52
324,227,42,51
329,218,40,46
337,211,34,42
332,211,44,34
321,207,46,36
323,208,41,40
315,212,37,44
307,223,40,48
298,232,36,55
283,252,36,56
270,262,31,57
248,273,33,50
221,276,36,54
196,280,34,58
171,277,42,57
143,272,51,62
120,271,56,58
102,267,62,55
86,253,63,62
84,249,59,62
80,245,62,75
91,247,57,59
105,250,49,54
112,261,57,53
136,259,49,58
154,266,50,57
178,264,40,63
200,264,35,65
102,282,29,56
114,295,29,49
126,296,28,40
139,292,24,35
146,290,26,34
152,289,23,32
155,286,23,35
155,286,23,34
153,287,24,36
151,286,28,35
141,288,28,34
136,293,24,34
126,299,23,35
114,305,31,34
101,308,28,37
91,306,30,42
91,306,30,42
29,303,29,48
30,301,31,50
52,294,29,55
136,292,34,56
122,281,43,53
94,271,51,58
83,255,49,62
71,254,56,55
67,255,58,63
72,234,50,66
65,248,60,55
70,252,53,48
71,260,56,50
88,258,47,63
97,271,53,60
111,283,56,56
147,287,44,60
168,294,45,57
188,295,39,55
214,291,42,50
234,284,33,50
255,277,35,50
269,267,33,51
279,257,32,51
289,253,31,47
291,243,34,46
296,240,32,42
296,241,31,40
294,240,33,40
288,244,36,42
281,243,36,48
271,251,39,54
264,259,34,55
243,272,35,48
222,279,35,53
194,288,38,53
168,287,45,58
134,280,54,63
105,280,58,60
88,258,53,71
74,253,58,60
62,230,66,65
54,230,48,60
54,230,48,60
54,230,48,60
54,230,48,60
51,221,45,46
57,228,50,45
67,231,48,46
84,241,43,51
92,248,48,54
112,251,47,51
141,255,41,48
166,253,39,51
188,250,36,50
207,243,37,48
223,235,31,54
241,229,34,43
252,218,32,49
255,209,36,52
264,204,36,54
265,198,36,51
271,199,35,47
266,195,36,50
261,196,36,52
253,198,33,54
239,201,33,48
215,195,33,57
197,195,38,55
172,179,39,64
148,168,43,58
118,160,51,51
100,150,49,45
86,137,41,46
62,119,46,43
58,104,42,44
55,93,38,42
55,84,35,41
52,77,38,38
54,69,38,38
56,67,41,40
66,66,43,39
77,70,43,44
91,76,38,41
104,82,41,44
123,92,39,39
144,98,37,41
165,103,32,44
184,104,30,40
204,106,29,35
221,103,27,40
231,96,31,40
248,94,30,42
253,85,31,48
261,78,32,48
263,75,34,50
264,66,40,53
267,65,40,48
267,66,33,47
259,62,34,49
247,60,40,55
245,64,32,51
233,68,31,42
223,70,28,40
206,68,29,40
187,68,33,41
173,66,32,39
156,64,34,40
139,63,35,41
118,64,43,42
109,66,41,38
98,62,43,44
92,64,44,43
90,67,44,43
92,71,41,43
94,79,42,39
103,86,41,39
111,94,42,42
126,97,41,44
142,108,37,41
166,106,28,47
185,111,27,45
210,120,24,36
211,121,23,34
228,116,24,39
255,114,25,41
271,112,28,44
287,108,31,48
298,102,39,44
316,94,39,43
329,88,35,39
335,79,37,41
340,80,38,33
337,74,41,37
337,66,39,45
322,63,50,51
309,67,50,52
299,83,43,44
278,88,35,48
252,86,37,50
220,93,35,54
181,97,41,60
154,106,39,55
123,109,47,57
100,105,52,64
87,109,53,58
85,108,46,53
83,107,48,48
85,106,50,52
94,106,45,45
110,106,39,49
120,109,40,48
135,109,36,49
151,120,32,43
165,127,32,47
178,129,30,52
195,138,27,47
208,142,31,50
222,144,29,52
235,146,30,45
246,148,34,50
252,146,36,53
259,143,39,56
260,138,40,56
255,129,39,62
253,128,43,51
246,123,40,48
233,120,40,49
220,118,40,44
202,115,42,47
185,114,42,49
168,113,41,49
154,110,43,53
143,107,43,55
140,107,40,51
139,109,39,47
138,109,43,49
141,112,41,50
147,113,39,52
158,119,37,49
167,117,36,52
181,123,31,45
192,124,32,45
204,125,30,40
215,127,28,41
225,131,28,40
234,135,30,41
241,138,28,40
248,139,31,41
251,139,33,45
251,139,38,52
250,138,40,56
243,134,40,59
237,132,35,50
228,129,39,50
217,126,37,54
202,119,43,64
185,115,46,66
170,112,49,63
157,109,53,63
141,114,58,60
131,113,58,63
125,120,61,64
124,127,55,63
125,136,52,60
127,143,52,58
128,162,53,58
143,168,48,56
151,183,43,52
165,195,40,49
179,205,36,47
192,208,38,51
204,213,37,50
215,214,37,49
215,216,43,52
233,220,35,53
242,218,33,51
252,218,30,51
256,213,29,49
261,217,30,47
261,216,32,48
261,218,32,48
259,217,33,52
257,222,29,52
251,227,32,44
242,234,35,49
233,239,27,51
223,241,30,52
211,242,35,54
199,246,35,54
186,247,38,52
177,246,38,52
170,241,38,50
168,240,38,43
165,234,36,42
166,230,37,39
167,224,39,41
172,226,35,37
180,223,31,40
184,224,35,43
192,225,35,46
202,229,37,50
210,233,36,50
222,233,29,51
221,234,30,50
231,236,29,51
238,238,31,53
243,238,37,54
247,235,37,57
249,233,38,57
249,234,44,58
245,232,41,54
238,233,37,48
232,240,33,60
220,242,40,67
205,249,41,72
188,253,41,79
170,258,47,80
150,268,55,73
137,277,50,62
120,284,51,56
100,284,60,66
97,285,57,60
95,283,58,57
97,285,57,56
112,287,55,47
131,288,47,44
143,294,51,42
161,297,49,43
180,304,46,39
202,307,50,38
231,305,44,38
257,298,39,39
278,297,38,45
299,292,40,43
320,286,35,41
338,273,32,42
357,267,30,38
357,267,30,38
357,267,30,38
357,267,30,38
357,267,30,38
357,267,30,38
357,267,30,38
357,267,30,38
357,267,30,38
357,267,30,38
357,267,30,38
357,267,30,38
357,267,30,38
367,296,33,43
342,307,37,44
310,310,41,44
278,320,40,35
278,320,40,35
278,320,40,35
278,320,40,35
278,320,40,35
278,320,40,35
278,320,40,35
278,320,40,35
278,320,40,35
278,320,40,35
278,320,40,35
278,320,40,35
278,320,40,35
278,320,40,35
278,320,40,35
278,320,40,35
278,320,40,35
278,320,40,35
278,320,40,35
278,320,40,35
278,320,40,35
278,320,40,35
278,320,40,35
278,320,40,35
278,320,40,35
229,266,34,40
263,326,35,34
288,315,42,38
315,298,41,44
337,281,35,43
356,265,33,39
356,265,33,39
356,265,33,39
356,265,33,39
356,265,33,39
356,265,33,39
356,265,33,39
356,265,33,39
356,265,33,39
356,265,33,39
356,265,33,39
278,268,35,32
354,284,33,36
335,300,37,44
312,315,38,39
277,329,42,35
277,329,42,35
223,273,37,33
268,267,41,35
268,267,41,35
268,267,41,35
268,267,41,35
268,267,41,35
268,267,41,35
268,267,41,35
268,267,41,35
268,267,41,35
268,267,41,35
268,267,41,35
268,267,41,35
268,267,41,35
268,267,41,35
268,267,41,35
268,267,41,35
268,267,41,35
268,267,41,35
268,267,41,35
268,267,41,35
185,246,34,40
209,241,38,46
232,234,31,39
255,222,34,45
265,205,36,51
265,205,36,52
280,198,31,49
281,191,36,44
287,189,33,41
284,185,38,45
286,186,35,43
285,194,35,43
282,206,35,42
273,214,39,51
264,224,39,56
252,242,39,50
228,263,35,52
210,284,40,52
182,292,40,56
152,293,49,58
120,294,49,57
85,300,58,48
71,288,51,46
60,278,44,39
50,305,33,47
56,294,24,54
56,294,24,54
56,294,24,54
56,294,24,54
58,289,21,61
58,252,25,52
66,262,36,45
80,274,40,41
101,275,38,46
117,271,43,53
151,270,35,56
173,268,38,60
191,273,37,55
219,273,35,45
231,268,32,46
249,266,35,44
259,261,35,51
268,259,35,51
273,261,36,50
273,260,36,53
273,264,36,52
268,265,36,56
264,267,35,58
255,270,36,53
241,280,34,46
226,275,30,54
210,278,36,50
189,273,35,51
178,267,37,52
165,264,43,49
160,260,40,44
152,251,41,45
149,251,36,35
150,245,34,35
149,237,35,37
151,232,36,37
157,229,32,36
161,225,33,38
171,220,28,40
178,216,24,43
186,215,24,42
193,211,30,43
198,211,29,40
204,209,30,42
208,205,28,41
211,201,29,46
211,199,30,47
208,196,36,51
209,194,31,46
203,190,27,52
202,195,32,47
194,193,31,47
189,194,31,46
180,192,29,50
171,193,33,47
166,195,30,45
159,197,32,43
150,198,36,41
143,201,37,38
144,204,32,37
142,206,35,36
144,208,37,35
145,210,41,37
152,204,38,44
162,209,34,39
169,208,34,42
183,214,29,40
193,217,28,42
205,212,30,47
213,211,31,49
223,213,25,45
154,230,24,40
153,232,23,36
149,231,26,33
142,227,28,38
141,229,21,35
134,231,22,34
127,236,20,30
118,241,22,31
108,240,21,35
98,242,24,40
88,246,24,38
76,240,28,39
142,213,32,39
130,213,34,36
121,209,35,39
106,207,40,44
106,201,38,40
95,210,43,42
96,208,46,43
98,209,48,51
107,207,47,52
116,210,44,48
137,217,39,39
154,219,35,41
163,229,37,41
185,227,32,44
202,224,30,45
152,243,24,38
155,237,26,40
161,236,24,36
160,236,26,36
161,234,28,34
161,234,28,35
162,233,28,32
160,232,29,32
159,233,27,31
158,234,24,33
152,240,26,29
147,241,27,32
136,236,28,38
128,243,22,40
118,245,22,38
105,245,23,41
162,220,30,48
142,212,33,44
117,214,41,44
101,209,46,45
89,200,45,50
86,194,43,54
78,187,49,46
79,183,47,46
79,190,49,45
82,195,46,40
94,203,41,41
103,202,47,46
116,209,46,46
143,213,37,38
163,220,34,38
181,224,32,43
202,219,29,49
128,241,26,41
140,243,24,37
147,244,23,33
148,239,28,32
149,236,27,34
151,234,28,33
148,230,30,35
147,230,26,34
142,223,22,33
134,221,23,32
122,216,26,31
111,212,26,34
94,200,30,41
159,148,32,41
138,139,37,43
123,119,37,41
100,102,44,44
86,84,43,47
75,67,48,47
69,59,45,39
59,52,50,35
57,46,50,34
60,40,51,36
66,39,49,37
79,42,45,37
89,42,41,41
99,51,46,39
115,57,45,40
140,60,33,39
157,69,32,35
176,74,29,36
190,75,28,37
206,77,25,34
214,75,27,35
222,74,29,37
227,71,29,37
225,67,33,35
229,67,30,36
223,67,31,36
213,66,34,34
211,67,29,37
201,70,28,35
185,70,29,40
175,70,26,34
156,70,27,35
140,61,31,38
119,60,39,38
100,60,43,36
90,55,41,38
81,48,41,40
71,46,46,39
67,46,47,39
71,54,48,34
80,58,43,38
89,64,42,37
96,78,47,35
113,91,42,36
139,100,34,30
156,108,32,35
178,112,30,36
196,118,30,31
217,121,25,31
234,124,27,30
248,124,28,35
256,123,30,38
263,127,31,42
270,132,31,43
277,142,30,39
272,150,35,44
271,161,39,46
272,175,36,49
266,187,34,51
260,204,31,50
247,218,32,44
230,228,31,40
212,235,35,45
188,239,40,43
175,239,39,42
164,237,35,37
152,237,38,38
142,236,38,38
136,238,37,38
133,238,38,38
131,242,41,34
135,242,41,39
143,246,39,40
156,246,34,41
162,246,38,46
177,244,34,50
189,239,30,51
200,232,30,51
211,222,30,48
219,207,28,52
219,207,26,55
220,194,29,54
221,182,28,57
219,171,29,54
215,156,31,51
208,143,33,52
199,132,31,54
190,119,30,53
190,119,30,53
190,119,30,53
190,119,30,53
190,119,30,53
190,119,30,53
190,119,30,53
190,119,30,53
190,119,30,53
137,31,32,48
147,35,28,44
156,43,26,38
164,49,28,39
171,55,27,42
178,61,27,40
184,70,27,41
187,77,28,41
193,88,25,36
195,99,26,36
194,110,28,43
194,120,28,41
194,132,26,45
190,141,29,44
188,151,30,40
187,159,31,37
184,166,33,45
182,176,36,48
182,185,33,45
184,195,31,41
185,205,29,42
184,217,32,45
188,226,33,49
191,237,31,48
194,246,33,49
197,251,33,49
203,259,32,53
207,263,31,54
211,267,29,49
214,268,29,51
219,269,28,47
222,268,27,46
225,267,27,42
226,265,28,40
225,262,30,42
225,256,26,45
222,251,28,45
219,240,28,43
216,234,29,48
209,222,30,49
203,208,30,49
197,194,31,49
189,180,33,46
179,165,36,50
174,153,35,44
169,139,32,45
161,121,34,49
156,107,33,46
154,95,30,44
146,81,35,45
144,69,34,49
142,62,33,46
143,51,31,40
139,44,34,44
140,38,33,42
140,35,33,42
142,32,31,37
142,30,32,42
144,28,31,44
147,29,30,42
150,32,30,40
154,37,28,38
157,41,27,38
160,46,28,37
163,52,27,38
166,58,26,37
168,67,26,42
169,77,27,40
170,87,28,39
173,97,26,41
173,111,28,41
173,121,29,41
174,133,29,44
176,145,28,44
174,156,32,43
175,166,32,44
177,176,35,35
177,185,31,38
178,196,30,38
178,207,29,38
177,220,31,43
179,232,28,40
179,244,32,45
178,252,35,49
183,259,30,51
186,267,31,51
188,272,32,52
191,275,31,54
193,278,31,49
196,280,33,50
201,278,30,51
202,273,35,50
206,268,29,45
206,262,30,41
208,253,28,42
206,241,29,45
207,228,30,47
207,228,29,48
205,216,30,47
203,201,31,45
199,186,32,47
197,171,29,46
192,155,29,45
185,136,29,48
179,114,32,47
175,100,32,45
168,81,33,46
164,67,33,48
161,54,32,45
156,44,35,46
152,37,37,43
150,30,36,43
149,28,36,41
149,25,36,40
151,23,35,40
154,20,31,48
154,25,35,45
158,29,32,44
160,37,32,42
164,41,30,45
170,51,26,43
174,61,26,45
175,72,28,46
178,83,27,45
180,95,28,43
182,109,27,42
186,123,26,36
188,138,26,42
189,149,26,43
191,165,29,39
194,177,29,41
198,189,31,44
200,205,31,41
202,212,31,46
205,227,29,49
208,233,29,52
211,246,29,49
213,254,31,55
214,260,32,57
217,269,32,50
219,280,31,48
219,287,33,46
220,294,32,42
220,298,32,42
219,302,33,39
220,307,32,42
220,307,32,38
221,312,32,39
218,317,35,36
220,321,35,33
222,324,36,30
229,324,33,29
234,323,32,29
241,322,31,29
250,321,29,30
257,317,29,36
268,304,27,45
275,297,25,48
275,285,35,50
280,277,37,50
284,268,36,49
283,263,36,46
282,256,36,49
279,253,37,47
279,252,34,49
269,249,39,53
267,255,38,50
260,258,35,50
248,264,33,42
230,268,30,45
217,268,33,51
190,266,41,58
166,253,47,60
154,253,44,48
139,246,44,41
121,232,47,42
106,220,54,47
102,214,51,45
95,209,55,47
90,209,61,42
100,207,56,43
109,209,55,45
121,223,53,42
141,227,47,42
154,234,50,50
173,231,48,63
202,245,45,51
221,245,36,51
249,244,32,40
261,238,37,44
274,227,35,48
283,223,36,45
291,217,32,43
300,215,28,42
300,214,30,41
299,214,30,42
295,221,32,40
286,226,38,44
276,233,36,46
265,238,41,53
257,247,38,53
233,260,37,48
212,257,38,51
183,256,43,53
162,253,47,50
149,242,46,46
119,235,57,42
109,225,55,46
95,224,59,41
96,222,56,43
94,220,57,47
99,222,54,48
107,237,52,37
120,237,47,44
141,250,41,43
156,261,47,45
171,263,47,55
197,272,40,53
197,273,40,51
226,274,28,44
247,275,31,43
265,265,32,51
274,258,34,50
289,255,36,47
298,245,33,44
298,240,39,43
295,235,42,44
305,238,39,41
307,241,35,41
299,241,36,45
289,243,34,51
279,253,37,51
258,258,41,53
243,265,38,48
222,264,32,56
195,265,37,54
169,265,41,47
151,254,46,43
130,244,46,43
114,233,47,45
97,230,54,45
93,226,52,41
93,223,47,45
89,225,50,43
93,232,52,46
107,234,46,48
116,244,47,48
136,258,45,39
157,267,44,42
171,280,43,49
193,291,38,48
219,303,37,44
243,312,35,40
269,315,29,39
287,322,31,32
306,327,33,27
324,328,32,24
341,330,31,25
361,331,33,23
371,327,28,25
371,327,28,25
371,327,28,25
371,327,28,25
371,327,28,25
339,314,31,26
339,314,31,26
279,270,36,27
279,270,36,27
274,269,39,34
348,193,40,39
348,193,40,39
264,265,48,40
264,265,48,40
264,265,48,40
192,229,37,39
192,229,37,39
192,229,37,39
192,229,37,39
192,229,37,39
154,226,29,41
144,226,32,39
136,219,30,43
176,301,37,37
149,293,41,42
110,255,50,48
93,217,45,56
72,183,51,49
53,156,55,54
53,156,55,54
53,156,55,54
26,101,47,51
26,101,47,51
26,101,47,51
26,101,47,51
47,135,46,47
65,162,45,49
83,195,47,55
98,221,54,65
118,256,62,59
159,271,53,72
179,296,51,60
108,207,48,47
108,207,48,47
139,215,35,45
139,215,35,45
139,215,35,45
167,225,29,45
167,225,29,45
183,226,33,36
183,226,33,36
190,225,33,42
190,225,33,42
190,225,33,42
190,225,33,42
190,225,33,42
190,225,33,42
190,214,38,50
187,215,40,46
185,218,38,42
182,226,36,40
174,226,38,38
174,226,38,38
163,228,35,34
153,229,41,33
146,224,36,34
141,225,34,40
136,213,32,49
125,214,35,46
114,207,41,47
111,280,49,45
86,246,47,53
74,223,44,50
59,201,42,42
49,188,33,37
76,174,38,38
76,174,38,38
76,174,38,38
76,174,38,38
76,174,38,38
60,166,41,42
60,166,40,43
72,179,45,44
91,188,48,50
111,204,51,55
144,211,41,50
170,221,39,54
193,227,40,54
211,232,41,56
225,235,36,52
247,245,37,45
259,249,37,53
273,259,32,50
282,262,32,51
289,269,31,46
296,277,33,40
302,275,30,43
302,275,35,45
308,275,30,44
313,278,31,41
316,276,32,42
315,277,29,40
319,277,27,38
319,277,29,40
323,277,27,37
325,275,26,40
325,277,27,37
327,277,27,36
327,276,30,37
331,279,29,36
333,278,28,36
337,278,26,34
339,276,26,34
346,278,24,35
350,280,23,37
355,279,23,35
360,283,22,34
366,285,20,35
371,286,19,37
371,286,19,37
371,286,19,37
371,286,19,37
371,286,19,37
371,286,19,37
371,286,19,37
371,286,19,37
371,286,19,37
371,286,19,37
371,286,19,37
371,286,19,37
371,286,19,37
371,286,19,37
371,286,19,37
371,286,19,37
371,286,19,37
371,286,19,37
371,286,19,37
371,286,19,37
371,286,19,37
371,286,19,37
371,286,19,37
371,286,19,37
371,286,19,37
371,286,19,37
371,286,19,37
371,286,19,37
371,286,19,37
371,286,19,37
340,302,26,39
278,266,30,33
274,271,37,37
274,271,37,37
274,271,37,37
274,271,37,37
274,271,37,37
274,271,37,37
364,313,30,32
361,310,26,33
356,309,24,34
351,308,23,33
341,301,25,39
336,297,25,42
329,299,26,42
321,300,28,40
308,301,31,39
300,299,31,41
289,294,34,47
275,291,36,51
269,282,33,49
256,280,34,47
245,278,35,46
229,272,33,48
217,260,36,51
198,261,46,54
189,255,51,54
180,254,53,48
182,251,48,44
184,248,44,45
188,247,43,47
190,241,44,53
206,241,38,61
215,238,36,54
228,235,30,53
232,227,30,52
240,224,35,45
247,220,36,44
250,216,33,52
253,213,30,54
252,212,31,52
251,215,32,49
247,219,33,49
242,221,32,50
235,229,28,45
231,234,28,48
222,235,28,52
212,233,33,55
202,241,32,54
190,243,34,53
181,250,37,50
170,252,43,48
169,252,41,45
166,250,44,43
164,249,45,45
168,247,43,47
174,240,44,50
184,237,41,52
196,233,38,58
208,235,38,54
224,237,30,55
237,243,31,53
249,242,41,47
262,238,37,53
272,233,38,63
281,231,38,64
285,231,40,59
287,224,40,60
286,221,38,60
281,222,41,60
279,222,40,63
265,222,42,65
258,226,45,63
247,236,42,57
235,247,32,53
224,241,28,59
210,238,33,59
192,236,35,62
181,233,38,57
171,231,38,53
165,225,37,50
159,223,38,44
154,221,42,41
153,221,43,42
153,223,43,45
158,223,43,50
164,230,38,51
178,234,34,57
190,240,37,58
206,241,41,60
230,240,33,62
251,229,39,71
264,220,44,73
285,203,47,75
303,201,51,66
323,197,43,55
324,189,52,51
327,173,58,60
330,176,57,54
329,175,57,61
334,190,49,55
329,208,41,47
315,219,42,51
292,221,43,61
277,224,38,68
257,240,39,60
235,238,28,66
220,238,31,65
199,240,37,61
184,235,36,59
172,236,39,54
165,232,36,52
159,226,39,49
157,224,38,44
155,222,42,47
156,226,43,46
160,232,37,47
167,238,39,50
175,245,40,53
183,248,39,58
197,252,39,60
210,256,40,56
226,257,33,49
237,254,34,50
246,251,38,51
258,248,36,53
270,245,32,59
274,242,34,62
277,243,33,57
276,244,36,59
276,248,36,54
272,245,33,57
268,248,34,54
264,247,29,52
260,249,33,45
253,249,31,39
246,249,30,40
239,248,29,45
230,248,31,45
224,246,32,47
218,242,29,50
211,244,30,47
206,240,32,51
199,239,31,44
192,237,33,44
191,232,29,45
188,228,30,46
187,228,29,43
186,225,29,40
186,223,30,39
186,223,30,38
185,222,32,42
188,218,33,47
192,217,31,47
200,219,27,40
203,220,28,44
208,221,29,45
213,221,30,45
218,218,28,45
224,227,25,45
227,227,27,46
233,232,26,44
240,231,24,46
242,231,31,45
244,232,27,40
249,235,27,34
248,232,29,41
249,232,28,40
248,229,27,42
246,231,25,39
240,228,27,42
234,229,28,44
225,225,29,46
217,218,30,52
209,214,32,50
199,213,29,47
199,213,30,46
189,206,32,43
178,195,31,47
171,180,29,49
163,178,32,43
155,172,35,37
151,160,34,35
145,149,34,37
145,139,34,42
145,127,33,42
147,121,32,39
151,109,31,42
153,100,32,43
157,90,29,44
162,84,29,41
164,76,28,42
166,71,29,41
172,66,25,41
173,61,26,39
173,60,27,37
175,57,26,36
174,57,26,35
175,58,25,36
175,59,25,35
173,60,27,34
173,63,26,31
172,65,26,36
172,68,27,37
171,69,28,37
171,68,28,36
173,67,29,36
176,68,28,34
180,70,26,34
181,68,29,37
184,67,29,36
189,64,26,36
193,63,24,36
194,61,26,40
195,61,24,34
194,59,25,36
191,59,26,41
187,58,27,41
182,59,28,42
177,59,26,40
168,58,27,40
160,56,27,40
151,54,30,38
143,51,28,39
134,47,31,37
124,43,34,41
118,44,38,38
112,42,40,38
112,38,38,40
113,44,38,37
113,52,41,34
123,55,36,36
133,60,34,35
133,60,34,35
153,73,31,31
170,76,27,33
184,75,27,37
198,84,29,32
211,83,25,34
224,83,28,31
235,78,23,36
243,77,28,36
246,69,27,40
250,63,29,43
248,58,30,43
246,54,31,41
242,51,32,43
235,53,31,35
225,52,33,39
216,53,27,40
202,55,28,38
181,55,34,36
163,50,30,32
143,45,32,34
122,36,33,33
95,31,39,32
81,21,40,32
61,9,43,36
52,5,41,31
50,4,40,32
49,4,36,27
49,6,34,31
54,6,33,35
58,16,38,31
69,24,36,36
89,34,35,38
95,52,39,45
95,52,39,45
145,74,31,37
173,79,25,38
191,85,27,30
211,88,25,30
226,87,27,32
242,87,24,38
249,84,27,39
248,74,32,41
253,74,32,40
252,71,34,40
251,71,30,41
244,73,32,42
242,80,29,41
229,83,34,37
218,90,29,39
208,100,27,41
188,107,30,42
175,112,26,37
152,116,31,36
132,118,30,34
112,118,37,36
101,116,31,36
91,118,32,37
73,125,36,36
67,125,41,38
63,138,44,36
63,138,44,36
80,158,40,41
82,175,44,37
82,176,44,40
96,185,45,44
96,184,44,46
123,197,38,38
143,210,38,34
168,218,34,34
115,245,30,39
134,248,23,41
145,251,26,40
156,255,23,35
160,254,23,34
164,251,23,34
164,249,25,32
163,248,25,30
163,246,23,32
159,245,25,33
157,246,23,32
150,248,25,34
143,254,25,31
127,255,28,36
121,253,23,42
111,265,21,35
100,263,24,37
153,238,30,40
127,236,37,36
106,235,42,40
92,226,47,44
81,219,49,53
84,207,43,50
84,208,42,48
90,213,38,43
87,218,42,49
92,228,46,46
104,238,44,44
119,235,46,46
143,249,41,42
165,254,41,42
179,253,39,48
212,254,33,42
147,266,26,39
157,264,25,37
165,256,23,36
169,253,24,33
170,248,29,34
173,246,26,31
175,245,24,29
173,245,27,29
170,245,25,30
166,245,25,33
160,247,27,34
151,250,27,37
140,248,27,41
206,231,30,47
180,229,29,43
155,221,31,34
130,209,33,35
106,195,33,37
82,174,37,41
71,148,30,44
58,132,33,41
58,132,33,41
49,99,26,45
49,99,26,45
49,99,26,45
49,66,30,37
55,61,34,34
62,58,41,34
77,60,39,31
94,57,34,34
113,57,37,32
138,59,33,32
161,59,32,36
182,62,29,35
202,64,29,34
219,63,28,38
233,62,30,38
245,58,32,43
246,52,34,44
246,47,39,45
246,42,43,47
249,37,42,49
242,45,41,41
242,50,34,43
235,56,30,39
223,64,33,35
211,67,28,36
193,73,28,33
174,76,30,33
156,75,30,31
137,74,31,30
117,66,34,30
91,62,41,31
83,49,38,36
71,49,43,40
69,37,41,35
63,39,41,30
69,37,39,38
76,41,37,31
85,46,36,34
93,53,40,35
110,61,39,31
135,72,33,28
152,79,35,36
176,82,29,39
201,89,26,31
218,95,25,29
232,97,30,28
247,103,30,32
256,100,33,38
260,99,39,43
262,106,43,45
275,111,37,42
281,120,34,44
287,134,30,41
277,146,37,45
273,156,33,46
260,169,35,46
242,180,35,41
216,188,28,46
190,186,32,50
155,174,41,46
114,174,46,42
83,160,46,47
84,158,44,49
60,141,42,44
39,120,39,44
39,120,39,44
39,120,39,44
39,120,39,44
39,120,39,44
39,120,39,44
39,120,39,44
39,120,39,44
39,120,39,44
99,77,37,36
103,99,28,32
163,64,33,39
162,64,37,42
162,64,37,42
162,64,37,42
174,81,41,46
174,81,41,46
183,88,43,50
184,97,40,53
187,100,44,48
186,95,52,56
261,221,45,47
265,219,37,47
262,220,38,47
261,227,37,45
254,236,32,44
240,238,33,39
218,245,38,47
207,241,30,52
183,236,32,53
161,227,38,47
140,213,41,42
123,202,39,38
101,180,46,44
88,161,48,51
81,127,47,60
84,99,40,64
79,85,44,60
77,69,43,52
78,59,40,43
79,45,40,43
83,25,37,47
84,17,40,46
88,8,38,49
92,7,38,47
97,5,39,44
102,5,38,40
104,4,41,44
110,7,38,47
119,13,33,46
125,25,30,40
132,37,29,39
136,55,28,37
143,73,24,43
147,91,26,44
152,109,27,44
155,130,28,42
160,156,30,40
161,173,34,40
168,191,31,43
169,190,31,44
186,142,29,46
181,117,26,43
173,91,28,48
164,67,28,49
156,43,28,49
146,20,30,52
135,8,35,42
124,3,37,35
115,-5,34,29
115,-5,34,29
115,-5,34,29
115,-5,34,29
115,-5,34,29
115,-5,34,29
115,-5,34,29
69,1,35,26
69,8,41,31
69,23,45,38
72,44,45,40
75,64,49,47
87,88,42,48
97,113,40,53
111,145,39,49
125,168,38,56
139,187,37,52
155,213,34,50
167,237,36,55
180,260,35,59
191,276,33,62
199,294,35,54
214,310,29,42
219,314,34,39
219,314,34,39
237,320,31,33
246,311,32,40
255,290,33,43
263,275,35,48
273,251,29,57
278,228,33,55
281,203,33,58
283,182,33,55
279,160,36,56
283,144,33,51
282,129,29,48
275,113,33,53
270,103,33,51
264,92,32,48
255,83,33,52
256,84,32,49
248,81,34,46
233,74,32,44
218,67,30,43
200,63,32,42
182,62,29,44
159,62,33,45
134,66,35,41
102,73,40,44
77,74,44,43
49,74,45,45
49,74,45,45
49,74,45,45
135,-16,53,46
135,-16,53,46
135,-16,53,46
135,-16,53,46
135,-16,53,46
121,9,54,51
121,13,64,47
121,13,64,47
117,13,77,54
117,13,77,54
117,13,77,54
127,30,66,51
139,33,63,50
149,38,54,45
163,39,55,46
171,39,53,47
179,42,49,47
191,45,46,44
197,48,45,45
202,53,42,45
207,59,43,44
206,64,47,45
209,70,49,45
212,76,44,43
216,84,43,40
217,87,36,42
220,93,32,40
218,94,36,46
221,98,38,42
222,100,36,42
223,100,36,43
224,102,35,44
227,101,34,47
226,102,38,47
223,101,37,46
222,99,36,47
218,98,36,46
215,92,35,51
208,100,34,48
203,98,38,42
200,93,49,47
192,97,45,43
188,96,46,42
184,95,49,39
181,97,40,38
181,96,36,43
178,95,34,42
174,94,36,42
172,94,40,39
171,92,38,41
170,90,40,41
168,89,45,41
167,89,50,41
167,88,57,43
169,84,67,47
161,84,54,47
169,87,42,41
174,86,44,44
179,85,35,47
182,80,44,53
183,76,47,51
184,72,48,52
188,72,49,54
189,71,48,51
187,70,50,50
189,80,43,48
189,77,45,53
189,74,43,53
187,73,54,58
185,73,57,58
185,74,55,62
185,72,52,64
183,70,50,59
183,70,60,63
179,70,65,66
176,66,56,58
177,70,51,51
175,71,44,49
173,70,43,47
170,73,42,51
170,74,42,49
168,74,42,46
168,76,48,49
167,74,58,54
165,73,61,53
162,79,51,46
162,81,58,48
158,81,51,43
160,82,56,43
156,79,57,44
158,78,58,46
158,77,68,45
159,74,74,47
154,76,60,42
159,77,50,39
162,74,44,42
161,71,53,44
162,71,59,46
163,71,57,45
162,71,59,45
160,70,54,47
164,70,50,46
163,70,48,46
164,70,45,45
166,69,45,46
168,68,41,45
173,68,43,43
176,66,40,42
176,66,41,43
180,64,44,45
181,64,46,43
183,64,45,42
184,65,44,40
185,65,43,40
184,64,48,41
184,65,49,40
181,64,51,39
178,61,48,41
176,59,47,42
173,57,56,41
170,53,54,40
169,50,56,37
169,47,54,41
152,44,66,44
152,42,68,40
154,40,70,39
148,38,68,41
144,36,71,42
148,35,66,42
146,36,66,42
147,34,61,43
151,34,59,44
153,34,57,45
163,34,52,44
161,35,57,43
163,35,56,43
163,35,52,44
166,35,50,43
166,35,51,43
168,35,49,43
169,36,45,41
178,37,49,40
175,38,44,38
170,38,51,39
168,40,55,38
170,43,52,37
167,45,55,36
167,46,52,37
167,48,53,39
162,49,58,36
159,51,59,36
159,52,61,35
157,52,53,36
161,52,59,39
158,56,49,35
166,55,55,37
158,56,65,40
160,57,66,37
157,59,72,37
157,60,70,36
157,61,77,37
157,61,77,37
158,62,66,30
162,63,65,36
155,62,73,32
158,63,64,36
160,65,58,37
159,59,62,45
155,61,57,43
155,52,52,40
167,56,49,34
162,63,53,34
157,66,47,30
166,57,55,34
163,65,54,28
162,53,52,28
185,56,42,23
157,66,43,30
153,59,42,37
163,54,46,37
175,55,47,40
155,58,52,34
249,50,48,41
177,50,44,49
156,53,48,49
166,55,54,41
155,56,47,45
147,55,48,43
160,53,51,45
153,55,61,45
144,54,69,45
140,57,70,38
155,59,68,33
153,60,76,34
140,58,67,40
147,58,71,39
145,60,68,36
146,63,64,33
152,59,65,39
154,59,62,36
155,62,61,37
148,63,68,42
145,66,80,36
143,66,77,34
159,67,86,37
143,69,80,37
160,70,82,38
152,72,95,28
132,86,94,28
149,83,95,31
150,83,88,33
160,82,85,40
161,83,89,29
148,101,93,19
145,100,104,23
140,95,103,28
144,93,102,34
157,87,97,46
151,89,96,49
163,86,89,51
154,84,93,61
125,241,75,61
133,245,56,47
138,249,51,46
136,253,54,43
151,255,42,42
156,257,35,42
158,260,32,44
159,263,32,44
160,266,33,43
161,266,32,43
160,267,35,44
160,268,34,45
163,269,34,48
166,270,35,48
168,270,36,49
173,270,35,49
174,268,33,52
181,266,28,52
183,270,31,49
184,268,30,49
186,268,28,50
187,267,28,53
187,268,28,51
186,266,29,51
186,268,28,49
184,267,27,48
181,268,29,48
179,269,28,46
177,268,28,46
175,269,29,48
171,271,30,48
166,269,33,49
164,269,33,48
162,269,32,49
162,271,32,46
159,271,35,46
158,274,35,45
155,271,39,46
157,273,37,44
159,273,36,45
160,270,34,46
162,269,32,47
161,267,35,49
164,267,35,49
165,266,36,48
166,264,36,49
167,264,36,45
169,262,33,48
168,262,34,49
167,262,33,47
167,263,33,46
166,263,31,46
163,264,32,46
160,262,33,48
159,262,34,45
157,261,33,47
155,262,31,46
152,263,35,45
152,263,33,41
148,264,31,43
149,264,30,40
145,265,32,43
143,268,33,41
144,270,33,42
146,272,33,39
147,274,33,39
152,276,32,39
156,277,35,43
159,276,35,47
166,276,33,52
173,275,31,50
175,274,30,50
184,273,28,49
188,269,29,51
193,269,26,46
133,277,25,42
197,266,28,38
196,265,28,39
193,263,33,45
190,264,28,47
184,263,33,51
182,268,28,46
170,268,34,48
167,271,33,46
160,272,35,46
152,273,34,46
144,274,35,44
138,275,34,44
133,274,34,41
130,274,35,40
129,275,36,35
128,274,36,37
131,275,34,38
134,277,37,40
140,277,35,42
146,278,35,47
155,278,36,47
164,277,36,49
172,274,33,50
181,272,29,51
189,271,28,48
196,269,26,51
200,266,28,47
204,265,26,46
205,266,29,41
203,263,29,44
203,266,27,42
200,270,29,42
196,273,31,47
189,273,28,50
181,276,29,51
174,278,31,54
166,281,33,50
160,284,34,50
152,285,37,46
146,285,37,47
144,285,35,45
142,285,36,43
142,286,36,42
144,287,35,44
147,287,36,46
155,288,38,45
161,288,36,46
170,282,32,48
177,277,29,51
183,276,30,47
188,268,29,51
191,266,28,46
195,263,28,42
197,262,29,39
197,261,28,40
197,261,29,40
196,260,26,44
195,259,26,49
188,262,29,53
183,266,28,51
179,269,29,48
175,269,31,50
165,269,37,52
162,271,37,50
159,273,36,47
159,274,36,44
157,272,35,45
157,269,35,47
158,267,33,43
158,262,33,46
159,256,33,45
159,252,31,43
157,251,32,42
158,249,30,43
156,251,30,44
155,255,32,41
153,256,31,42
152,260,32,40
151,262,34,41
153,263,38,42
156,263,35,45
159,264,38,48
165,264,38,50
173,261,35,51
178,259,31,51
187,257,27,47
189,252,29,47
190,248,31,48
191,246,31,47
194,247,27,45
195,251,27,44
193,252,28,44
191,251,28,47
191,251,28,46
189,250,28,46
187,249,28,43
186,245,26,46
179,243,28,46
176,241,28,44
167,240,31,44
163,239,30,46
154,238,30,45
147,239,30,42
139,238,32,35
133,237,31,36
123,238,36,35
118,234,38,41
118,232,38,38
116,230,37,40
119,228,38,38
123,224,38,42
130,222,35,42
140,216,33,39
148,211,29,41
154,208,30,42
160,204,30,47
165,199,31,50
170,199,31,50
174,197,30,47
175,197,30,55
175,198,31,54
172,199,32,54
169,194,36,60
166,198,38,57
159,200,35,58
154,205,35,63
144,209,40,57
133,205,37,64
125,213,40,57
112,214,41,56
104,209,43,57
91,210,51,54
87,201,50,56
87,205,52,47
84,209,53,48
87,214,52,49
91,219,53,50
101,218,50,52
119,225,41,49
132,226,44,50
146,221,38,55
167,225,39,52
183,224,36,51
195,217,32,61
205,204,37,62
205,204,37,62
236,187,38,65
251,173,46,63
263,178,47,63
281,167,47,65
298,166,48,70
328,158,51,68
370,253,52,82
370,253,52,82
370,253,52,82
421,288,52,71
421,288,52,71
421,288,52,71
421,288,52,71
421,288,52,71
421,288,52,71
421,288,52,71
421,288,52,71
407,289,44,60
407,289,44,60
407,289,44,60
349,276,45,51
396,226,55,56
375,208,61,67
367,205,63,78
410,289,52,66
423,296,50,59
494,243,39,68
494,243,39,68
419,293,40,61
387,273,47,67
389,267,46,73
406,277,40,77
496,241,40,67
499,244,39,62
505,243,33,55
505,251,28,44
577,307,32,50
577,307,32,50
577,307,32,50
496,260,30,53
502,260,28,43
509,267,27,36
509,267,27,36
509,267,27,36
499,258,28,37
499,260,29,39
499,260,29,39
499,260,29,39
512,288,31,39
512,288,31,39
512,288,31,39
513,289,30,37
513,289,30,37
513,289,30,37
515,292,28,31
515,292,28,31
515,292,28,31
515,292,28,31
515,292,28,31
515,292,28,31
515,292,28,31
515,292,28,31
492,289,21,31
492,289,21,31
500,268,20,31
513,292,26,31
513,292,26,31
511,292,30,27
511,292,30,27
498,242,33,31
498,234,30,38
535,303,35,40
512,291,43,50
496,286,50,55
480,282,50,58
460,277,55,67
433,274,59,78
407,272,55,81
381,275,58,78
348,272,61,81
317,266,63,85
291,274,65,73
253,272,64,77
218,272,67,74
218,272,67,74
151,270,77,79
124,272,75,75
124,192,78,92
124,192,78,92
166,92,92,104
166,92,92,104
166,92,92,104
166,92,92,104
166,92,92,104
166,92,92,104
166,92,92,104
166,92,92,104
166,92,92,104
166,92,92,104
166,92,92,104
166,92,92,104
166,92,92,104
166,92,92,104
243,264,107,97
299,285,89,78
295,271,84,83
323,291,57,65
262,282,65,73
259,279,76,75
260,274,73,84
255,269,72,89
261,269,56,89
262,271,45,86
251,269,41,85
313,284,53,75
294,287,70,65
296,280,81,75
256,268,82,82
261,265,84,92
259,264,98,93
276,289,104,68
256,272,120,84
249,268,127,90
257,274,121,85
253,269,125,87
260,277,116,84
261,283,117,75
255,267,116,92
262,273,116,87
257,268,120,93
252,266,124,93
243,263,133,96
252,265,123,95
263,269,115,88
280,274,100,82
297,276,85,82
310,275,70,81
