376,14,76,241
377,30,75,223
380,18,81,232
385,32,79,221
399,41,66,213
407,34,66,223
411,25,69,231
388,24,91,215
418,20,82,231
395,0,102,245
380,7,144,243
365,17,169,228
356,12,182,236
353,6,188,232
352,16,192,229
352,16,192,229
352,16,192,229
352,16,192,229
352,16,192,229
352,16,192,229
352,16,192,229
358,12,171,223
357,10,173,226
354,10,179,229
364,12,167,225
357,10,175,230
350,11,185,223
361,17,174,218
353,14,177,222
366,17,175,220
360,12,175,224
356,15,180,223
351,13,184,217
360,10,176,221
355,10,175,223
366,13,179,226
358,24,186,208
357,19,185,215
353,15,190,216
351,12,197,225
350,12,200,226
362,21,184,222
358,12,179,230
385,15,164,226
378,14,163,222
363,16,196,231
363,15,186,229
375,12,179,235
369,12,170,229
361,14,216,255
358,9,228,262
359,17,241,243
370,30,229,238
342,27,241,237
352,22,229,238
355,26,227,233
361,16,208,248
363,10,199,254
378,7,182,263
405,12,155,256
399,7,153,247
373,12,180,248
379,13,166,249
396,12,145,251
384,13,164,241
370,17,173,236
394,14,148,250
381,20,159,236
407,28,137,224
366,17,159,229
386,29,138,219
370,32,154,207
378,18,139,225
380,40,138,202
369,36,143,203
376,44,135,192
365,54,147,194
378,19,152,228
399,24,132,220
361,53,151,187
357,61,156,177
360,59,154,178
360,57,149,183
360,37,151,197
362,43,151,196
362,46,148,195
361,42,146,191
362,54,146,184
359,53,153,186
362,50,147,186
358,59,150,178
359,58,146,178
361,48,146,187
358,52,145,185
356,46,145,191
367,50,130,185
359,51,135,188
370,50,121,186
363,54,125,183
356,43,125,185
364,57,123,177
359,50,123,175
359,50,118,186
369,59,107,182
367,57,112,173
360,60,107,175
363,56,101,177
364,70,95,168
367,72,101,164
364,53,96,188
363,28,91,207
361,10,114,227
365,0,128,239
367,7,119,227
367,1,136,236
374,5,166,236
364,5,178,229
360,0,181,237
374,6,175,236
364,6,181,237
361,8,189,231
357,6,190,237
358,5,186,236
346,1,197,233
377,8,178,242
370,5,175,236
360,9,194,230
358,18,196,221
364,17,193,225
362,14,193,228
366,16,185,222
366,11,185,229
369,15,187,225
364,8,198,235
363,3,186,237
357,10,192,234
359,14,196,226
358,11,195,229
354,4,196,236
365,6,191,238
361,4,186,236
354,4,194,240
352,2,196,236
358,2,185,240
365,4,185,240
358,4,189,236
361,9,188,234
356,8,195,237
357,6,193,231
358,12,195,233
354,9,200,234
360,16,198,217
365,6,184,238
358,8,194,236
348,3,201,235
366,16,189,233
357,5,203,234
355,2,193,244
364,3,180,243
355,5,187,242
371,2,172,246
364,6,178,241
358,4,177,242
406,4,138,232
368,4,169,237
355,3,183,243
377,0,164,241
368,7,165,229
372,5,163,234
364,6,166,230
356,6,181,233
376,18,161,226
371,12,160,234
361,11,162,240
382,17,140,237
398,23,119,228
363,29,156,212
373,9,135,244
402,23,111,237
411,32,95,226
404,36,101,220
400,31,99,230
400,25,94,238
399,26,92,237
393,33,98,233
394,33,92,238
396,35,90,230
397,35,90,237
398,38,86,238
394,33,90,244
393,27,92,251
396,37,87,238
392,33,90,230
393,33,90,244
394,25,94,254
390,27,90,258
392,24,88,266
390,22,89,269
385,20,93,273
387,24,88,280
385,28,88,270
382,37,90,276
375,18,94,293
372,19,102,293
368,25,101,289
359,31,110,278
360,31,114,271
356,25,112,290
354,29,114,280
351,18,112,304
356,19,108,304
351,15,104,313
342,4,112,331
337,6,108,333
340,15,112,332
336,0,105,345
330,0,110,353
333,6,103,350
334,-1,97,344
336,4,93,334
324,1,96,324
321,10,94,339
325,3,85,347
313,6,96,344
314,16,91,333
308,8,93,342
299,18,100,338
299,16,93,336
299,20,92,336
294,14,91,348
285,11,102,349
288,4,100,353
282,8,100,346
272,15,109,344
268,9,116,349
258,10,122,348
251,10,119,350
239,22,135,342
231,29,137,341
229,26,134,351
217,19,145,352
198,19,170,377
184,16,170,367
193,32,168,345
192,33,152,335
193,38,172,307
178,37,180,280
187,45,153,293
188,30,174,302
196,45,126,279
189,41,125,287
188,38,133,302
183,34,129,296
182,30,125,312
182,32,127,306
179,25,140,324
178,22,134,354
182,28,132,355
172,34,150,335
178,35,132,364
178,18,134,393
176,33,135,385
175,22,151,392
172,28,144,396
172,28,160,390
169,31,153,367
171,25,158,396
171,20,147,390
170,20,155,403
178,18,146,388
185,17,151,399
192,19,147,393
189,19,151,370
196,11,146,394
204,13,145,406
205,17,142,395
212,9,142,414
217,9,143,403
222,15,137,387
230,17,140,366
236,18,129,381
240,15,134,377
258,15,130,386
262,11,132,394
272,22,124,396
282,11,122,394
286,15,125,382
301,15,130,375
305,17,129,383
312,16,135,413
314,10,157,414
319,5,155,417
328,21,158,381
325,15,190,333
344,26,165,382
354,20,162,394
350,22,175,392
359,15,172,412
367,19,177,413
364,21,189,415
383,10,172,413
380,10,180,425
389,12,182,421
392,6,183,413
395,-2,183,433
416,9,178,420
408,8,188,419
411,11,191,412
423,9,190,415
424,3,194,373
423,6,210,346
422,10,208,377
430,15,201,398
415,6,215,362
420,12,217,364
437,5,187,367
444,3,180,392
437,13,200,345
451,16,190,359
420,13,213,325
407,16,230,302
440,18,198,346
461,10,174,385
452,6,183,390
457,9,179,388
460,9,176,403
455,8,181,399
458,13,182,387
462,5,181,407
457,6,193,403
461,13,185,399
462,9,185,402
461,11,179,392
465,7,177,390
467,9,182,396
470,8,173,394
484,10,161,389
489,10,160,412
494,16,153,394
493,7,155,406
503,20,152,401
509,8,149,393
514,11,150,404
512,8,148,402
520,7,138,408
519,8,143,393
524,5,143,395
520,8,138,376
526,7,143,389
531,0,124,389
535,1,125,376
534,3,128,376
532,2,125,377
536,3,126,372
527,7,131,367
529,4,121,361
527,4,124,368
523,9,121,362
518,10,126,359
513,10,131,363
507,12,131,359
504,13,125,358
503,16,131,357
500,15,132,357
490,16,140,351
491,13,133,353
494,14,129,349
497,8,126,353
488,11,125,363
490,13,124,347
490,8,121,357
484,10,122,344
488,13,121,349
490,15,112,350
487,18,113,351
490,12,105,360
490,13,106,358
495,5,103,370
498,13,97,357
499,14,96,353
502,13,92,355
496,13,88,346
502,11,86,351
503,7,82,348
508,7,83,343
503,2,84,360
506,7,80,345
504,10,86,340
507,5,82,332
507,12,82,327
502,10,92,328
502,8,80,326
502,3,90,327
502,11,86,323
502,8,81,323
497,5,85,321
493,5,86,320
490,5,95,322
484,9,97,313
479,14,97,316
470,16,108,315
462,11,117,312
466,15,110,305
457,12,122,300
464,14,111,280
469,8,103,303
469,9,97,284
476,10,87,293
489,8,71,304
484,9,73,307
487,4,74,308
489,10,73,293
482,10,73,295
483,10,68,318
477,13,88,295
494,36,65,277
493,36,68,283
498,17,73,291
508,16,75,285
515,28,72,260
523,44,68,236
530,43,70,233
537,44,69,230
537,39,74,239
541,36,78,233
550,49,73,217
305,74,83,245
548,24,81,227
553,49,79,202
560,70,77,177
561,65,71,165
571,70,73,163
574,63,67,177
585,69,61,167
584,60,64,176
597,62,55,178
594,31,60,201
601,24,59,209
609,34,59,205
620,31,53,210
630,31,54,224
635,48,57,217
643,35,56,229
650,23,47,232
657,25,49,225
662,30,46,216
665,24,47,222
668,31,46,213
671,29,43,222
673,18,46,235
674,24,44,223
679,33,42,215
680,49,41,200
681,55,43,191
684,61,44,185
688,63,38,179
687,56,38,186
688,40,42,198
691,48,40,186
691,51,44,181
694,51,40,181
695,51,40,178
698,49,36,177
694,49,38,178
696,36,36,192
696,19,37,191
698,30,34,190
700,27,38,179
703,23,32,159
705,27,33,152
708,30,30,149
711,28,29,145
713,25,27,139
717,28,27,129
709,8,39,129
708,74,42,113
710,81,39,101
696,20,49,92
703,52,48,96
714,39,35,101
715,47,37,107
724,36,30,103
723,37,30,96
721,37,31,93
725,44,29,85
719,42,31,91
715,39,34,90
713,38,35,86
708,35,32,88
704,34,33,85
700,39,34,83
693,37,39,88
681,44,48,81
678,37,45,79
677,49,54,71
666,40,49,82
660,50,52,83
648,53,62,84
642,57,69,91
635,44,67,99
630,49,67,101
624,37,73,115
614,45,80,105
605,51,91,126
597,58,94,109
588,60,103,119
585,66,106,120
583,44,90,147
579,26,91,160
576,18,90,177
574,19,93,189
578,22,85,201
570,14,90,197
577,12,82,175
585,14,73,158
585,13,73,145
590,14,69,128
596,14,62,111
605,19,56,112
600,22,65,133
610,16,54,145
619,20,47,141
620,26,52,136
640,97,52,145
639,85,53,163
640,75,59,168
648,93,51,178
655,80,38,190
654,59,37,211
661,57,46,215
647,55,64,218
645,75,87,209
647,80,83,204
648,68,92,209
639,57,106,203
637,64,119,203
628,69,124,216
620,69,137,218
614,80,149,210
600,80,154,217
597,89,164,208
610,99,158,234
604,101,163,250
448,90,172,271
439,87,181,287
395,74,222,261
392,88,232,232
355,67,275,243
359,78,282,231
373,85,261,226
385,102,264,214
366,97,269,213
393,115,260,266
390,81,250,272
406,121,241,286
404,120,253,287
395,120,249,260
406,137,248,275
395,138,253,291
408,145,250,275
404,157,259,264
402,176,261,244
402,183,263,234
421,208,248,210
422,233,256,193
419,237,267,189
417,240,277,194
390,253,313,170
422,257,290,179
426,262,281,182
426,262,281,182
458,293,258,152
458,293,258,152
458,293,258,152
563,246,259,163
599,222,248,191
608,195,245,205
608,195,245,205
608,195,245,205
608,195,245,205
608,195,245,205
608,195,245,205
608,195,245,205
648,226,214,188
639,202,229,194
657,241,190,151
653,198,142,142
653,198,142,142
653,198,142,142
653,198,142,142
653,198,142,142
624,286,127,142
654,260,105,148
684,173,105,151
684,173,105,151
684,173,105,151
684,173,105,151
684,173,105,151
649,288,106,141
661,181,97,136
684,177,89,145
674,246,86,120
700,194,79,128
705,253,73,111
675,342,82,95
682,261,78,96
677,357,81,77
677,361,80,72
681,362,76,72
702,255,69,83
725,242,49,100
732,244,36,99
729,251,35,92
731,280,33,87
733,253,33,90
734,236,31,96
733,241,33,101
733,237,30,110
732,239,33,105
734,242,30,99
732,249,33,95
733,256,32,86
733,255,31,86
735,256,31,86
735,256,30,86
734,257,31,84
735,259,29,82
735,256,30,85
735,256,30,84
735,255,30,87
734,255,31,87
735,259,30,80
735,259,30,83
735,260,30,80
735,260,30,80
734,259,31,81
739,259,29,82
738,261,29,80
739,259,26,79
740,259,27,84
741,262,26,79
741,258,25,82
743,262,24,79
743,259,24,78
742,259,24,79
743,262,23,77
740,259,26,79
742,259,24,78
742,261,24,80
742,258,24,86
742,258,23,84
743,260,23,79
743,259,23,80
744,263,23,77
742,262,25,77
743,262,24,75
744,261,24,78
743,260,24,80
744,260,24,77
744,262,23,82
743,259,22,84
742,259,24,80
742,260,24,79
742,260,24,80
742,262,23,78
742,259,24,85
742,257,24,86
742,259,24,83
740,256,26,85
741,260,27,78
741,260,25,76
741,261,25,79
741,260,25,79
741,260,25,76
741,260,24,78
741,257,24,84
742,259,25,79
742,259,25,77
742,258,24,75
742,259,24,78
742,260,25,77
741,260,25,78
740,259,27,75
741,259,26,75
742,259,25,79
741,260,26,80
740,258,25,82
741,256,24,80
742,258,25,84
742,257,26,78
742,258,24,79
741,258,25,75
743,262,24,75
743,260,23,80
744,261,23,75
745,265,23,73
746,265,21,71
744,267,24,66
745,261,24,69
747,270,22,64
751,275,17,60
750,276,17,54
751,278,16,53
752,280,15,52
751,278,16,54
750,277,16,55
752,277,15,57
751,278,16,53
750,283,18,49
752,285,16,48
751,285,17,48
752,284,16,48
753,286,15,46
751,289,15,44
751,290,16,41
752,287,14,40
751,284,16,37
756,290,12,40
757,287,10,41
757,289,11,40
758,289,11,41
754,291,13,40
752,286,15,37
751,287,17,32
749,289,18,28
747,294,19,21
744,297,22,17
744,302,22,13
742,304,25,11
742,303,25,12
743,304,24,11
744,305,24,10
744,303,23,12
744,304,24,12
743,304,25,12
743,305,24,12
743,303,23,13
743,303,25,14
742,303,24,10
744,303,24,7
743,305,25,9
745,303,22,9
745,303,22,12
747,303,20,11
749,302,18,15
746,304,21,16
748,304,19,13
750,303,17,11
751,306,17,12
748,304,20,10
746,304,21,12
746,304,20,13
745,303,22,15
746,304,21,15
747,304,19,13
750,302,17,12
751,305,16,10
751,304,16,11
752,305,15,11
751,306,16,12
750,305,16,12
751,304,17,14
750,304,17,15
749,304,18,15
749,303,18,17
749,303,16,17
748,303,19,17
752,301,16,17
751,304,15,17
751,305,17,19
748,304,18,15
747,304,19,12
749,305,18,14
747,304,19,14
745,304,21,13
746,304,20,15
749,303,18,14
751,304,17,13
752,306,16,14
751,304,16,13
750,304,16,13
752,305,14,12
750,304,17,10
751,305,16,10
751,303,16,10
751,304,16,10
751,304,14,11
751,305,14,9
752,305,15,8
750,305,17,7
750,304,16,7
751,306,16,7
751,305,17,6
749,304,17,7
751,304,16,8
752,306,15,6
750,306,16,8
752,306,15,9
752,304,14,11
750,303,14,13
752,304,14,13
752,306,15,12
752,305,15,11
751,304,15,11
751,304,15,11
752,304,14,11
752,305,12,12
751,304,14,12
751,304,14,13
753,304,14,13
751,304,14,13
750,303,16,14
750,303,15,12
749,303,16,15
749,304,17,17
749,304,18,15
748,305,19,16
752,305,16,14
752,304,16,13
750,304,17,13
753,305,15,14
752,303,15,13
751,303,15,14
752,303,15,13
751,304,16,15
753,301,15,15
754,305,14,12
753,304,14,12
752,303,15,14
753,305,15,14
753,304,14,11
752,303,14,12
751,303,15,13
752,304,15,14
752,305,15,13
752,304,15,15
751,304,16,16
751,303,15,16
753,304,14,13
752,305,15,12
752,304,15,13
753,304,14,15
753,304,13,16
752,305,14,16
753,305,14,14
752,303,15,15
751,304,15,14
753,305,13,14
752,304,15,14
752,305,15,13
749,305,17,15
749,303,19,15
745,302,22,16
741,302,26,16
733,304,31,15
732,303,34,17
729,304,37,16
730,305,35,17
725,305,37,21
724,307,41,29
725,293,41,30
722,301,45,34
719,295,47,37
713,296,48,43
713,296,48,43
726,327,39,35
720,328,45,31
721,324,45,28
702,324,56,29
689,319,65,28
677,317,69,27
667,312,69,28
657,312,72,27
651,307,73,33
644,307,70,29
636,306,72,25
633,305,68,24
627,304,65,25
621,302,67,24
614,300,66,25
610,301,66,24
607,300,66,22
600,297,70,23
601,299,70,22
601,297,67,22
601,299,69,21
601,297,67,25
604,300,67,24
606,298,66,25
610,297,64,26
611,302,64,20
618,302,61,26
623,306,60,22
631,306,58,23
633,304,60,27
644,312,61,23
656,312,57,24
666,317,59,23
678,318,60,28
688,323,63,26
707,333,60,24
715,341,51,21
726,340,49,27
712,304,52,37
722,293,44,40
737,276,31,42
742,289,25,47
743,277,26,51
741,285,25,54
736,281,29,59
733,282,30,61
731,274,32,67
728,280,35,59
731,275,36,62
730,278,34,64
729,281,35,60
740,335,26,65
743,335,24,63
741,336,25,63
742,331,25,55
738,335,28,47
731,286,33,51
731,279,35,58
732,275,33,61
731,273,35,64
729,277,34,62
727,280,40,59
726,278,42,60
729,273,33,64
728,283,37,58
726,280,38,59
728,283,37,55
726,278,37,59
727,284,39,57
728,280,38,60
727,274,37,65
728,278,37,61
729,282,39,55
726,283,37,59
727,280,37,61
727,280,37,58
727,279,38,60
728,281,37,57
729,281,37,57
730,282,34,56
731,280,35,57
728,280,34,57
728,280,35,59
730,283,35,57
729,277,37,60
729,282,34,57
727,279,38,60
728,280,36,58
729,287,34,52
727,286,38,56
729,287,37,53
727,286,37,54
728,288,38,53
728,288,35,51
729,285,37,55
729,284,35,53
728,284,33,53
729,282,35,55
731,284,35,56
730,282,32,56
730,282,35,57
734,278,34,60
734,278,31,61
734,270,29,70
733,273,32,66
733,274,32,65
733,273,34,65
732,279,33,61
735,272,28,64
731,272,29,66
731,281,35,59
731,271,32,66
731,271,34,64
729,273,35,63
730,282,32,53
730,288,36,52
731,285,36,52
729,287,36,50
729,286,38,53
727,285,37,53
730,283,36,55
729,282,35,56
729,289,37,50
728,288,35,51
729,288,34,51
727,287,38,53
729,284,36,55
730,284,37,57
728,278,37,62
728,282,35,58
729,282,37,59
730,285,35,56
731,284,33,57
732,281,34,58
730,285,33,56
731,284,34,55
733,280,34,62
732,276,35,65
732,270,34,72
733,278,34,64
734,281,31,59
734,279,32,61
733,278,32,62
733,276,34,65
733,281,30,57
732,278,34,61
729,275,37,66
724,276,35,68
720,266,40,73
723,260,38,77
724,256,35,85
723,258,34,86
722,256,40,87
720,256,42,84
720,254,38,85
721,259,39,79
721,256,41,83
721,256,41,84
723,257,39,89
720,257,38,82
721,256,38,88
721,255,40,92
720,251,38,91
721,255,39,88
721,254,39,84
722,257,39,88
721,259,39,80
722,259,40,83
723,265,35,90
724,264,35,85
728,267,36,76
731,267,33,76
734,274,29,65
734,277,32,60
736,280,29,57
735,283,31,55
737,282,29,54
738,284,27,53
738,281,28,56
737,283,28,55
739,283,25,52
742,286,23,50
741,287,24,49
740,286,25,48
741,281,25,52
742,287,25,48
743,287,24,49
741,287,27,47
740,285,27,48
742,284,24,51
741,283,26,51
742,283,25,53
740,283,26,55
736,282,30,54
733,284,30,54
740,281,26,54
740,285,26,51
737,286,27,50
736,286,28,51
737,282,29,54
739,286,26,50
734,282,32,57
732,273,32,69
729,266,34,78
724,260,38,85
724,254,38,92
721,255,40,89
720,256,40,87
717,254,42,88
714,250,45,96
711,253,41,93
707,240,47,105
703,237,64,108
696,229,66,112
693,227,70,110
686,225,77,112
681,218,81,117
680,211,89,122
664,208,98,144
670,199,92,156
663,193,100,154
653,194,101,152
650,197,105,145
643,202,102,139
630,208,110,120
625,209,101,115
614,209,102,117
603,203,98,116
595,208,100,112
577,203,104,111
570,204,101,109
560,205,101,103
548,210,104,98
539,209,98,100
530,208,99,100
532,210,92,99
529,211,88,95
527,213,84,94
524,213,87,94
521,214,86,92
522,211,84,95
521,212,84,90
525,214,83,87
520,214,84,94
522,213,83,88
523,213,82,89
522,212,82,87
518,214,85,94
520,214,83,94
521,217,85,88
521,215,84,88
519,215,88,94
518,215,87,95
517,216,86,89
517,217,84,90
515,221,86,89
516,221,85,86
512,218,90,86
519,218,82,90
516,218,88,89
516,220,86,93
513,220,92,89
516,219,86,91
518,218,84,87
519,218,83,87
517,218,88,89
512,215,92,90
517,215,90,90
516,214,89,91
517,215,88,91
520,215,88,88
519,213,88,91
520,215,87,92
521,213,89,91
521,215,90,95
523,214,89,93
520,213,90,94
523,214,87,89
523,216,90,90
521,216,90,92
522,215,86,90
522,213,88,94
523,217,90,88
519,215,92,96
521,213,90,95
522,216,90,93
521,214,91,88
520,214,91,94
524,214,87,91
520,215,92,93
520,214,90,93
526,216,86,91
521,216,89,90
517,212,91,95
514,215,92,94
512,216,91,95
502,216,94,94
496,215,96,95
491,220,94,96
482,223,94,88
474,225,94,92
464,227,96,89
454,231,99,92
443,237,99,88
433,240,101,89
431,245,92,88
427,250,88,87
420,257,86,84
416,258,86,79
412,257,83,76
410,255,80,75
408,251,78,74
397,245,90,68
399,235,89,68
393,229,90,63
400,218,82,63
398,202,83,64
400,189,87,69
407,175,82,67
409,161,87,64
414,145,84,67
410,131,87,73
414,115,84,75
415,100,82,75
416,80,84,82
417,67,85,82
420,55,88,82
421,41,86,87
423,33,89,85
425,18,92,88
427,10,96,86
428,7,96,88
430,4,100,91
435,1,99,84
439,3,99,81
440,3,103,84
438,2,105,86
443,1,106,83
442,3,105,83
443,2,109,83
442,3,106,84
444,3,105,85
444,2,109,84
444,3,109,82
445,2,110,82
445,1,111,85
452,0,108,82
450,2,110,86
453,2,110,83
456,2,110,79
462,1,106,82
466,1,101,85
464,2,104,83
466,1,101,77
461,1,105,81
463,2,100,80
464,3,95,79
457,2,99,80
454,3,102,74
443,5,105,76
439,3,100,80
432,2,99,85
436,4,86,82
423,6,88,81
414,3,88,87
402,5,87,89
389,3,87,86
377,2,82,82
365,1,85,84
360,3,78,79
351,4,85,76
341,5,85,82
341,7,77,75
335,6,77,74
336,7,71,71
335,11,68,71
336,11,69,64
337,15,65,64
336,13,68,61
340,17,63,58
343,19,64,54
346,19,62,52
350,19,64,55
351,19,62,55
352,15,61,55
352,18,63,55
354,14,60,56
356,17,59,56
357,16,59,54
359,16,56,53
359,17,54,50
361,15,54,50
360,16,52,51
361,18,54,50
360,17,53,50
360,20,52,51
362,22,52,49
358,20,53,49
356,22,56,53
355,22,54,49
356,22,55,49
355,21,55,50
355,21,53,49
358,18,49,49
360,21,42,49
362,23,38,43
363,29,36,39
398,1,38,46
398,1,38,46
398,1,38,46
406,10,45,36
406,10,45,36
406,10,45,36
406,10,45,36
419,29,45,44
418,26,48,55
422,26,55,53
427,24,59,53
433,25,63,53
438,24,72,53
436,23,79,56
442,26,78,56
445,24,75,57
445,25,77,56
451,26,71,56
457,26,66,55
461,22,60,59
464,23,61,57
465,22,59,56
475,24,54,55
477,25,55,56
482,27,57,52
490,28,57,50
493,26,53,52
499,26,53,50
504,24,54,52
508,22,49,54
512,21,51,55
516,24,50,54
518,23,51,55
521,22,53,54
524,20,51,54
525,22,53,51
528,25,53,48
534,27,52,47
540,25,44,52
543,22,46,53
546,27,46,48
550,21,52,53
554,20,52,57
553,20,55,55
555,17,57,59
560,22,58,55
557,21,65,58
561,21,64,61
563,24,65,59
564,24,67,62
566,24,67,61
568,27,67,60
571,28,64,58
568,25,69,60
570,26,67,61
567,27,71,59
570,33,71,52
569,28,71,58
572,32,68,56
570,29,70,57
571,31,71,56
572,31,69,57
568,29,71,59
571,35,68,54
572,33,69,54
575,34,68,52
574,37,69,51
578,37,68,49
580,38,69,51
582,37,67,52
585,39,67,52
585,42,67,51
587,44,67,48
588,43,68,49
587,41,68,50
587,45,67,47
586,43,66,47
584,44,63,43
581,41,64,46
578,37,62,48
575,35,63,49
572,31,58,52
569,27,55,52
563,22,52,58
560,22,49,56
555,20,49,57
552,19,49,57
546,19,45,58
542,22,41,55
536,19,40,58
530,18,40,56
524,19,39,56
515,19,42,55
508,18,45,58
506,16,43,60
505,16,42,59
501,16,50,57
500,22,41,53
495,22,40,55
492,21,42,52
527,13,41,47
491,18,41,55
492,19,40,54
494,19,40,54
496,21,40,52
540,14,44,47
541,15,45,46
541,14,45,47
545,12,43,49
547,14,44,49
550,11,44,52
558,12,40,52
565,12,38,47
570,12,37,45
577,12,38,47
583,14,38,45
595,13,37,47
603,14,39,48
612,15,39,46
623,16,41,48
635,17,40,47
643,15,41,48
647,16,43,47
653,15,45,48
658,15,44,48
661,16,47,47
664,13,45,49
670,15,45,48
672,14,45,49
675,14,43,49
679,14,44,51
680,16,45,49
682,16,45,51
683,17,43,50
684,17,43,52
681,15,44,53
681,14,43,53
680,15,43,51
677,14,41,49
670,11,43,50
668,11,43,49
661,9,41,50
656,8,40,51
649,6,39,54
640,5,38,52
632,6,39,52
623,5,37,51
613,8,37,51
602,9,37,50
591,12,37,48
580,11,37,49
567,12,38,49
558,12,38,50
549,13,37,46
544,10,37,44
536,6,37,35
537,8,39,29
537,8,39,29
522,24,39,26
526,22,44,25
533,22,47,27
529,19,54,28
536,19,53,27
464,37,51,30
467,33,51,38
463,28,49,44
457,28,56,50
451,25,67,52
444,24,77,54
437,20,85,60
434,22,83,71
427,24,76,93
434,19,73,102
434,19,73,102
477,6,61,108
485,11,48,109
385,3,64,115
468,-3,71,127
378,44,89,126
359,28,106,134
323,2,129,154
512,20,133,145
502,14,138,149
527,18,115,151
297,16,130,170
505,19,124,148
319,20,121,191
321,14,132,209
311,14,151,207
336,16,140,204
342,17,150,201
352,19,150,208
362,17,143,218
369,23,142,203
499,14,98,161
291,84,97,158
291,88,100,154
286,95,102,154
288,103,104,148
284,113,109,140
279,116,109,147
278,121,108,135
277,126,108,153
277,128,107,171
277,130,101,172
270,134,108,167
269,133,103,168
259,134,104,146
260,139,119,167
255,139,118,172
251,149,132,152
247,145,126,156
240,134,94,143
233,138,95,116
235,136,91,112
234,150,84,103
230,141,82,107
228,143,78,108
225,153,83,97
226,144,77,106
228,137,69,114
230,142,73,106
229,141,74,106
234,142,75,103
233,137,73,111
235,129,73,118
232,135,75,113
238,138,66,110
236,134,68,118
232,133,72,116
234,135,69,114
231,139,75,110
232,137,80,111
234,138,68,112
229,96,70,107
243,-7,65,106
245,-9,53,109
240,-18,61,101
237,0,61,100
226,2,66,104
220,0,67,102
212,0,70,89
204,-2,70,68
195,1,70,68
183,4,72,68
171,9,72,69
161,16,71,70
149,24,71,68
137,31,69,69
126,39,69,70
119,48,70,69
111,57,71,70
105,66,69,68
104,72,69,72
100,79,66,71
101,85,68,71
105,86,60,73
107,84,62,70
111,84,63,70
111,85,67,68
119,81,67,71
126,78,71,70
137,78,73,69
143,75,77,66
150,77,75,68
158,80,66,67
159,84,72,66
164,86,70,67
166,89,70,66
174,88,65,69
175,90,65,65
181,92,63,65
182,94,67,65
187,97,65,64
189,98,69,63
192,103,66,63
196,108,77,64
199,111,77,65
198,116,81,65
202,121,74,61
202,125,74,59
207,127,70,57
207,130,72,56
204,132,75,54
201,135,78,55
197,137,72,53
193,143,69,53
187,146,65,52
177,151,65,52
168,155,64,53
158,161,64,56
146,165,64,52
133,167,62,51
121,169,59,49
107,164,60,53
96,159,58,55
83,155,58,56
73,154,59,55
66,155,59,55
64,156,56,56
57,155,59,61
58,156,57,62
57,155,60,63
56,154,58,63
55,157,60,60
55,155,59,64
56,157,59,62
55,157,59,64
57,157,59,63
57,160,59,61
59,160,59,61
56,159,61,62
58,160,59,62
58,159,58,62
57,161,61,61
57,160,61,60
59,161,58,60
58,160,60,63
59,160,59,61
58,159,59,65
58,159,59,63
59,162,59,60
57,160,60,62
59,160,57,64
58,160,59,63
58,161,58,60
57,160,59,62
60,160,58,64
57,160,61,60
57,162,59,61
59,161,56,57
58,161,59,62
58,161,60,60
59,160,60,61
60,160,59,62
60,160,59,62
58,162,60,61
60,161,58,62
59,161,59,61
58,162,59,60
58,160,60,62
59,160,61,61
60,162,58,61
59,160,58,61
59,160,60,61
59,161,61,62
59,161,60,61
60,159,58,62
62,163,55,58
61,160,56,63
61,161,56,60
61,161,57,63
61,162,58,60
61,161,57,60
60,161,59,60
65,164,56,59
65,161,56,60
62,160,58,64
64,163,58,60
65,163,56,59
64,164,56,60
65,164,56,61
64,164,56,59
65,163,56,59
65,161,58,62
63,164,59,59
64,165,56,57
65,163,58,61
65,164,57,59
68,163,54,60
66,164,55,58
66,165,56,59
66,165,56,58
67,163,56,60
67,165,56,60
67,165,57,60
68,165,56,58
67,165,56,57
67,164,55,60
66,164,58,60
66,165,57,58
67,165,56,58
66,164,57,59
66,164,57,60
68,165,56,58
68,164,55,60
68,164,56,60
68,165,55,60
68,164,55,60
67,163,56,60
69,163,54,60
66,162,56,61
67,165,56,59
67,163,55,59
67,163,56,59
67,164,56,58
64,164,58,60
64,164,58,59
66,164,56,60
64,164,58,55
63,165,60,57
65,165,58,57
63,162,60,61
65,165,57,57
64,163,57,62
62,163,60,61
62,164,58,59
63,163,57,60
61,163,59,60
63,164,56,59
61,163,58,59
63,165,56,59
62,164,56,61
62,163,57,60
63,164,55,60
63,162,57,62
62,163,57,59
64,163,56,63
63,164,56,63
64,163,56,60
62,163,56,60
65,163,55,62
63,164,58,60
63,164,57,61
62,163,56,60
62,163,56,59
64,163,56,62
66,163,57,62
66,162,55,62
67,164,55,63
67,163,54,69
67,164,54,61
69,163,53,63
69,164,53,62
69,165,53,61
69,165,54,58
69,163,55,61
66,165,58,68
73,164,53,60
76,162,53,66
81,162,54,59
87,163,55,56
94,167,59,51
103,170,60,52
109,171,60,43
120,170,61,53
130,167,62,60
141,169,59,59
152,169,56,57
163,169,58,55
178,172,57,55
186,174,54,60
197,174,54,57
205,173,52,54
211,170,53,53
216,162,54,58
225,158,52,59
224,149,58,59
231,138,55,61
236,128,56,61
237,115,56,62
241,101,57,61
242,84,60,65
243,72,58,63
247,60,55,62
247,45,55,66
247,33,55,66
246,25,53,66
246,15,56,65
247,8,54,66
247,5,52,71
248,2,54,67
250,2,53,65
253,3,57,62
258,1,56,67
262,1,57,64
268,3,56,61
277,1,57,60
282,2,59,64
289,0,61,67
297,1,61,70
305,1,62,67
312,1,63,59
324,3,59,54
333,2,58,48
339,2,60,45
348,3,61,42
357,2,58,42
370,1,58,42
377,1,62,45
387,0,62,46
401,2,60,46
416,2,62,46
429,2,60,47
443,2,61,49
459,2,64,50
475,1,60,45
488,1,61,44
501,1,57,42
510,2,61,41
620,18,52,51
623,19,42,51
625,20,40,48
626,20,39,47
628,17,40,52
631,19,38,50
634,14,36,54
644,15,33,49
640,-2,36,34
652,3,30,27
655,0,27,29
669,2,24,31
684,5,19,31
687,12,23,27
694,16,22,31
686,10,22,31
669,13,31,33
674,14,34,40
679,13,36,47
682,11,38,51
684,11,37,52
688,10,35,52
693,9,36,51
696,11,38,51
699,11,34,52
700,11,35,51
703,12,35,53
704,12,36,52
707,12,37,51
708,12,35,52
712,14,35,49
712,13,37,51
713,13,40,51
716,11,44,52
717,11,43,52
717,10,43,53
718,11,43,54
720,10,41,52
721,11,40,53
722,11,40,55
723,10,41,54
723,14,38,51
724,13,39,53
726,15,39,52
724,12,39,52
723,13,40,54
726,12,39,53
724,13,39,53
725,14,38,52
727,15,37,52
726,12,40,54
725,11,38,55
728,13,37,53
726,14,39,53
725,12,40,54
725,13,38,54
727,14,38,54
727,11,37,56
726,12,37,55
725,12,39,55
725,13,38,56
727,14,38,54
727,14,36,55
725,13,37,54
726,12,38,55
723,11,40,55
725,11,37,56
720,14,43,54
723,12,41,55
723,12,41,55
721,13,41,53
722,12,40,54
718,13,45,53
717,13,45,55
716,11,46,56
712,10,47,55
710,12,49,55
707,11,52,55
707,13,53,53
706,14,52,52
704,12,50,53
705,10,49,54
701,13,50,53
699,10,51,55
697,14,54,51
696,10,56,56
695,13,52,51
693,12,53,53
692,13,54,54
692,14,52,54
688,12,51,54
690,13,47,53
686,14,48,53
686,14,48,54
682,12,50,54
681,16,48,52
677,14,50,52
678,16,48,49
677,14,49,53
673,14,47,52
669,14,50,52
665,14,51,52
663,13,50,52
659,13,50,52
655,15,49,50
652,14,48,50
646,14,49,50
642,15,49,50
640,17,49,50
638,15,43,50
634,16,43,50
632,17,44,50
630,17,43,49
627,17,44,49
625,15,40,50
624,17,40,48
623,16,39,49
618,17,43,46
619,19,39,44
616,19,39,45
615,19,37,43
615,18,39,48
613,18,39,45
611,17,39,45
610,18,39,45
610,19,37,46
607,21,33,43
605,23,31,42
602,23,34,41
596,24,37,41
594,24,40,41
592,26,35,41
588,23,37,45
586,23,40,47
582,23,40,46
578,23,35,43
577,24,38,44
575,25,39,43
574,28,37,40
573,28,34,40
571,26,35,42
569,26,39,45
566,24,36,46
568,27,35,46
564,28,35,42
562,25,36,45
560,25,33,45
558,26,33,44
556,24,35,46
551,27,37,45
548,27,35,42
544,29,35,39
541,27,35,44
539,27,35,42
538,27,35,42
532,26,38,43
531,25,38,45
528,23,40,49
529,27,38,45
528,25,37,47
525,24,37,48
525,25,38,48
527,25,35,46
526,25,35,47
526,26,36,47
527,25,35,48
525,25,37,48
527,25,36,48
528,27,37,47
529,26,38,46
529,24,39,49
532,24,38,49
535,25,36,47
538,25,35,47
541,23,37,50
545,20,36,51
550,21,35,50
555,22,36,51
559,19,38,53
562,19,38,50
567,19,38,51
570,21,36,51
573,19,36,52
576,18,35,52
580,19,34,52
579,19,35,54
581,20,35,52
580,17,38,54
580,19,38,52
582,20,38,51
581,19,36,52
583,19,36,52
583,19,34,51
581,21,36,51
582,18,38,53
581,18,37,55
581,19,35,50
580,21,35,52
581,22,35,49
581,21,35,50
580,20,36,51
579,20,37,53
579,20,35,51
578,22,36,49
578,21,36,50
578,22,35,50
583,23,33,50
580,22,34,50
582,24,34,48
583,23,33,49
581,20,37,51
582,19,36,52
583,21,37,50
583,19,37,53
584,21,37,50
585,22,35,49
584,21,36,49
583,21,36,50
584,19,36,52
585,22,37,49
585,21,35,51
584,22,36,50
582,21,38,50
581,20,38,51
584,21,37,51
584,20,35,51
584,23,35,49
583,21,36,51
584,21,34,53
584,21,34,51
584,23,33,50
584,24,32,49
583,24,32,50
582,22,34,51
582,22,32,50
582,23,31,51
577,19,29,46
577,19,29,46
577,19,29,46
571,0,35,38
571,0,35,38
571,0,35,38
558,1,40,31
558,1,40,31
558,1,40,31
558,1,40,31
558,1,40,31
558,1,40,31
558,1,40,31
558,1,40,31
558,1,40,31
570,20,39,29
572,19,37,28
570,18,42,30
583,26,44,37
559,19,52,36
570,28,54,38
599,103,49,31
599,103,49,31
596,105,51,31
592,106,49,31
603,104,44,26
585,36,39,32
586,22,34,36
587,23,34,45
585,20,37,51
584,20,39,51
584,20,37,54
585,22,39,52
586,20,39,53
587,20,36,50
588,21,37,50
587,20,37,50
587,19,37,51
587,21,39,50
587,20,36,49
589,20,36,48
587,20,38,48
586,21,38,48
585,20,38,50
581,21,39,49
582,21,37,49
581,23,37,47
580,23,37,47
581,24,35,45
578,23,37,46
579,24,36,44
577,24,36,46
577,26,35,44
576,25,36,45
577,25,35,43
577,27,35,44
577,27,36,45
576,25,35,46
576,26,36,44
578,26,37,44
578,24,35,45
578,26,35,43
578,24,35,44
579,24,35,45
582,24,36,45
584,23,36,46
586,23,36,46
589,22,36,46
592,22,34,46
594,23,36,45
598,24,34,43
603,23,32,44
605,24,32,43
607,23,33,43
609,21,33,46
612,22,33,45
613,20,35,44
618,20,35,48
619,18,35,48
620,18,35,50
620,16,36,49
622,18,38,50
623,16,38,49
624,17,37,49
624,18,37,51
625,17,37,48
627,17,35,49
630,17,36,51
633,16,36,51
626,14,37,53
628,8,40,55
634,3,46,55
647,3,45,48
659,4,45,47
659,4,45,47
623,17,39,43
627,17,45,40
626,19,41,46
627,18,40,51
628,17,41,51
624,20,45,48
628,19,41,50
625,19,43,49
627,19,41,50
623,17,42,51
622,18,42,49
623,18,41,50
622,18,41,49
618,15,42,51
618,17,42,51
617,20,42,48
615,18,41,51
612,18,43,50
609,17,43,50
607,19,41,49
605,20,42,47
599,21,44,46
596,21,46,46
591,21,44,48
587,21,43,46
584,23,39,44
581,20,41,47
577,23,40,46
573,24,38,44
572,23,38,44
569,27,37,43
566,25,34,44
562,26,35,43
559,23,35,42
557,24,33,39
556,25,32,33
505,2,33,35
514,0,32,37
514,0,32,37
514,0,32,37
514,0,32,37
543,0,29,38
552,0,27,42
559,1,28,40
561,2,34,36
568,1,37,37
573,1,38,36
589,0,32,36
602,0,34,35
607,2,31,33
617,3,27,34
627,2,33,34
632,2,29,41
636,4,27,36
641,0,28,43
647,1,29,39
644,2,32,44
638,1,37,43
634,2,44,41
636,2,42,35
642,3,34,31
641,1,34,28
635,3,38,28
627,2,44,26
628,0,40,25
623,2,44,24
618,1,46,22
613,1,46,21
610,1,45,21
607,1,44,21
601,1,43,20
593,1,42,20
593,1,42,20
581,0,42,21
523,24,35,26
523,24,35,26
523,24,35,26
523,24,35,26
523,24,35,26
523,24,35,26
574,1,33,22
575,2,29,21
573,1,28,20
573,1,28,20
573,1,28,20
573,1,28,20
557,2,29,20
557,2,29,20
551,2,27,20
551,0,24,21
550,0,25,19
542,0,25,19
542,0,25,19
542,0,25,19
542,0,25,19
518,0,25,22
518,0,25,22
510,0,27,26
501,0,30,27
482,1,33,34
479,2,38,33
476,1,43,34
467,2,46,34
539,28,46,42
539,27,43,44
537,24,43,46
541,24,41,47
544,24,36,46
541,25,39,47
541,24,40,47
541,24,40,47
542,25,40,47
542,25,39,47
540,25,39,47
541,26,35,47
543,26,35,44
541,25,36,48
543,25,34,45
542,26,33,46
542,25,33,45
539,26,33,46
537,26,35,47
534,25,37,48
533,24,36,47
532,27,34,47
532,27,34,45
532,28,34,44
529,27,35,46
529,26,31,45
525,24,35,49
526,24,35,47
524,26,34,45
523,25,36,45
523,25,35,46
522,23,36,48
520,21,39,50
519,24,38,46
518,22,37,50
517,23,36,51
514,21,38,51
513,22,39,52
512,21,37,53
510,21,39,53
507,21,39,54
504,21,40,56
504,21,38,55
502,23,39,54
497,21,40,56
495,21,41,56
492,19,41,56
490,20,42,55
492,19,41,55
491,22,42,56
493,21,41,55
492,18,44,58
494,18,44,58
498,18,43,57
500,19,43,59
502,19,45,60
506,21,46,58
508,21,44,58
512,23,44,57
520,24,37,54
523,24,35,53
524,24,37,54
523,19,42,58
524,23,42,55
523,21,43,54
524,20,45,57
524,22,45,52
524,21,47,54
526,20,46,56
526,21,47,53
528,21,48,56
529,20,49,58
526,15,53,60
532,17,46,62
537,15,43,63
542,15,41,63
545,13,44,62
547,9,54,66
553,7,56,70
559,6,57,69
566,4,60,70
568,2,66,68
577,6,65,66
581,4,65,66
591,7,67,67
599,5,70,67
606,5,66,67
616,8,66,65
625,4,69,65
637,4,66,65
645,4,61,62
655,5,57,63
665,2,54,65
670,2,61,64
680,5,58,59
687,4,59,54
697,4,60,52
703,4,58,51
717,6,48,49
725,8,42,47
725,8,42,47
725,8,42,47
725,8,42,47
725,8,42,47
725,8,42,47
