302,72,24,30
301,72,25,27
300,73,25,26
298,73,27,26
297,74,26,27
295,75,29,25
293,76,27,25
292,79,29,26
288,79,29,27
284,78,27,32
284,79,28,31
280,81,29,28
278,83,28,28
274,86,30,25
268,88,33,27
265,89,30,26
261,91,31,26
254,91,34,27
249,93,35,25
243,94,32,27
241,93,33,28
239,93,30,27
235,95,37,24
229,95,38,26
225,91,43,29
222,89,45,33
223,87,35,30
221,85,35,33
217,85,38,32
218,84,34,32
216,84,33,30
214,86,38,29
208,84,40,31
205,85,44,30
204,85,43,31
203,85,37,30
198,86,39,31
194,87,39,31
191,87,34,32
187,90,35,29
179,92,35,30
175,95,39,25
167,93,35,26
163,93,40,25
154,92,42,28
151,94,40,28
147,94,39,29
142,94,36,28
137,96,38,27
78,67,38,27
80,67,35,29
80,66,30,28
81,68,30,30
80,68,31,28
79,66,33,29
112,101,36,26
82,68,41,27
84,67,42,30
88,69,42,32
90,67,41,34
93,66,41,34
97,64,42,38
103,64,40,32
112,65,40,33
115,64,42,35
119,64,46,35
124,64,45,34
130,63,43,30
139,66,39,27
146,61,39,32
155,64,36,32
161,64,36,30
166,64,36,31
173,68,37,29
173,68,37,29
173,68,37,29
173,68,37,29
109,106,32,26
112,103,29,29
114,104,34,30
115,104,38,30
119,105,37,28
127,106,36,29
133,106,33,29
137,106,36,29
136,102,39,30
143,103,37,31
150,103,36,29
156,102,36,33
159,103,35,32
165,103,38,32
172,105,41,31
180,106,38,31
189,109,36,29
199,112,38,28
205,112,33,27
212,116,36,29
222,119,34,27
237,123,34,25
244,127,36,27
257,129,37,27
267,132,29,24
280,130,25,26
290,131,26,27
300,131,27,28
309,133,31,28
317,134,29,29
328,135,30,30
338,138,31,28
349,141,32,26
358,142,33,28
366,146,39,27
378,146,35,27
388,148,44,29
464,115,39,29
475,116,33,27
486,119,37,29
501,122,33,27
512,125,34,21
522,126,36,26
533,128,38,27
546,129,37,26
556,130,32,27
568,135,36,25
576,137,35,25
583,138,33,26
591,141,30,22
599,142,26,24
599,142,26,24
599,142,26,24
599,142,26,24
599,142,26,24
599,142,26,24
599,142,26,24
599,142,26,24
599,142,26,24
599,142,26,24
599,142,26,24
599,142,26,24
599,142,26,24
599,142,26,24
599,142,26,24
599,142,26,24
599,142,26,24
599,142,26,24
599,142,26,24
599,142,26,24
599,142,26,24
599,142,26,24
599,142,26,24
599,142,26,24
599,142,26,24
599,142,26,24
599,142,26,24
599,142,26,24
599,142,26,24
599,142,26,24
599,142,26,24
599,142,26,24
599,142,26,24
599,142,26,24
599,142,26,24
599,142,26,24
599,142,26,24
599,142,26,24
599,142,26,24
599,142,26,24
599,142,26,24
599,142,26,24
599,142,26,24
599,142,26,24
599,142,26,24
599,142,26,24
599,142,26,24
599,142,26,24
599,142,26,24
599,142,26,24
599,142,26,24
599,142,26,24
599,142,26,24
599,142,26,24
599,142,26,24
599,142,26,24
599,142,26,24
599,142,26,24
599,142,26,24
599,142,26,24
581,93,29,28
581,93,29,28
581,93,29,28
581,93,29,28
581,93,29,28
581,93,29,28
581,93,29,28
581,93,29,28
581,93,29,28
581,93,29,28
581,93,29,28
581,93,29,28
581,93,29,28
581,93,29,28
519,117,30,27
519,117,30,27
519,117,30,27
519,117,30,27
519,117,30,27
519,117,30,27
519,117,30,27
519,117,30,27
519,117,30,27
519,117,30,27
519,117,30,27
519,117,30,27
519,117,30,27
519,117,30,27
519,117,30,27
519,117,30,27
519,117,30,27
519,117,30,27
519,117,30,27
519,117,30,27
519,117,30,27
519,117,30,27
519,117,30,27
519,117,30,27
519,117,30,27
519,117,30,27
519,117,30,27
519,117,30,27
519,117,30,27
519,117,30,27
519,117,30,27
519,117,30,27
519,117,30,27
519,117,30,27
505,120,28,27
505,120,28,27
505,120,28,27
505,120,28,27
505,120,28,27
505,120,28,27
505,120,28,27
505,120,28,27
503,120,27,27
503,120,27,27
503,120,27,27
553,135,25,22
553,135,25,22
520,85,26,25
520,85,26,25
520,85,26,25
520,85,26,25
520,85,26,25
520,85,26,25
520,85,26,25
520,85,26,25
520,85,26,25
520,85,26,25
520,85,26,25
520,85,26,25
520,85,26,25
520,85,26,25
520,85,26,25
520,85,26,25
520,85,26,25
520,85,26,25
520,85,26,25
520,85,26,25
525,107,24,21
525,107,24,21
525,107,24,21
525,107,24,21
525,107,24,21
525,107,24,21
525,107,24,21
525,107,24,21
525,107,24,21
499,76,28,25
499,76,28,25
499,76,28,25
499,76,28,25
499,76,28,25
499,76,28,25
499,76,28,25
499,76,28,25
499,76,28,25
478,73,32,25
478,73,32,25
478,73,32,25
478,73,32,25
478,73,32,25
485,74,30,25
485,74,30,25
485,74,30,25
485,74,30,25
485,74,30,25
485,74,30,25
485,74,30,25
485,74,30,25
485,74,30,25
485,74,30,25
485,74,30,25
485,74,30,25
