434,270,72,67
431,270,72,67
432,271,72,65
433,271,69,65
434,271,72,64
432,269,71,69
432,270,71,66
432,270,73,66
433,272,68,63
432,271,69,66
433,270,67,66
433,270,70,68
432,271,72,66
432,270,72,67
433,269,70,68
432,272,70,64
433,270,71,67
433,270,70,68
431,270,72,67
433,270,72,67
431,269,71,69
432,270,72,69
433,269,71,68
432,270,70,67
433,270,71,68
433,271,70,66
434,271,70,65
433,270,70,65
433,271,70,67
433,271,69,66
434,271,70,65
432,270,70,67
433,270,71,67
433,270,69,66
434,270,70,66
432,271,69,65
434,271,70,62
432,271,72,64
434,273,70,59
430,270,76,67
431,271,76,65
430,270,72,63
434,273,70,62
434,273,70,61
430,271,69,62
431,270,67,65
432,265,64,71
429,263,64,74
429,264,63,71
424,260,67,76
424,260,66,73
419,261,65,75
416,264,67,69
415,269,64,61
415,267,60,63
415,267,59,63
410,267,64,64
405,263,66,69
405,265,66,65
402,265,69,66
398,264,71,65
397,265,68,64
386,265,73,63
382,265,75,61
380,266,70,58
372,264,73,59
363,264,77,59
359,263,71,58
348,263,73,58
342,263,69,59
338,261,65,58
331,261,65,58
324,260,63,57
312,261,64,57
306,259,60,55
290,258,66,56
283,258,64,54
286,260,58,52
283,257,52,54
281,258,54,53
276,258,53,52
266,259,57,51
259,258,57,49
254,255,54,54
234,254,66,54
231,252,65,53
229,247,64,54
234,253,54,46
228,245,57,53
234,243,47,55
231,244,47,51
231,243,46,51
230,244,46,50
229,242,45,49
229,242,45,47
231,245,42,44
229,242,42,45
226,241,46,44
226,241,44,44
224,241,46,44
223,240,48,44
220,238,49,45
219,239,48,44
219,238,48,45
217,239,49,44
216,239,50,43
217,237,49,46
216,238,49,46
216,238,50,46
215,238,50,45
211,239,54,44
209,241,58,45
205,236,62,48
198,238,71,51
201,238,68,51
202,243,68,47
200,242,73,51
200,242,76,53
200,244,77,54
199,247,81,54
201,247,81,55
201,249,83,54
203,251,83,56
203,252,86,59
201,251,90,61
204,252,89,64
206,252,88,64
205,251,90,68
212,250,84,70
218,251,81,69
222,248,81,73
221,246,88,73
226,244,93,75
302,208,90,75
275,229,101,76
270,218,108,86
265,220,116,88
256,220,125,90
276,220,105,86
265,222,116,86
265,218,124,83
264,223,126,78
238,226,151,81
233,224,155,80
228,225,164,77
228,228,171,76
212,227,180,72
244,222,151,79
248,223,141,77
257,222,127,81
270,223,113,77
156,213,93,77
174,216,69,63
176,216,55,61
175,216,57,60
298,247,54,51
299,246,50,53
302,246,49,52
301,242,49,54
298,241,53,54
295,236,58,58
290,233,67,62
288,240,67,53
287,237,68,58
282,236,72,58
278,227,73,65
276,234,74,58
277,238,72,54
278,243,68,50
277,240,65,51
273,238,70,55
271,240,72,54
265,238,75,55
259,234,81,59
245,233,92,64
233,238,102,58
230,234,101,62
230,234,96,63
225,231,96,70
224,236,92,67
218,233,89,70
209,228,93,78
204,234,91,74
197,233,91,71
192,235,86,74
183,231,83,83
173,233,84,76
166,233,90,82
160,230,86,81
151,232,103,84
145,233,96,80
135,231,95,82
130,229,103,81
124,231,102,80
118,232,111,77
113,231,110,78
154,234,130,76
105,235,115,71
103,236,109,73
99,234,98,72
103,230,105,79
101,232,108,76
100,229,107,74
97,231,116,75
94,232,119,75
99,230,124,65
101,225,123,75
88,231,135,72
133,227,107,62
138,230,93,49
86,258,92,43
92,258,91,42
92,258,87,40
95,259,91,36
97,258,93,37
101,257,98,37
106,255,101,39
111,254,103,38
113,253,99,38
119,252,92,39
170,228,85,50
133,246,85,47
137,247,79,58
142,245,74,71
145,251,63,63
147,239,61,55
149,243,58,46
153,247,63,47
152,241,61,48
153,242,56,46
153,242,57,45
152,236,62,51
149,234,71,50
148,228,71,54
149,222,74,56
154,218,68,55
159,214,65,56
166,212,62,52
175,212,55,49
183,211,48,48
188,211,49,49
189,210,47,48
187,206,49,51
186,202,48,55
188,200,50,52
188,199,50,51
192,196,51,52
198,193,50,52
203,185,53,56
206,182,59,56
210,180,59,53
212,176,63,54
213,174,67,54
219,171,69,52
224,169,71,53
231,167,73,50
234,166,77,52
242,163,77,53
247,161,77,53
252,159,79,53
260,157,78,54
270,156,77,52
273,150,82,56
280,148,85,62
278,266,92,69
277,263,106,82
275,263,116,83
281,149,122,98
266,147,143,107
258,149,158,101
259,154,171,98
260,154,198,95
342,181,176,116
343,150,156,135
359,162,131,142
393,150,114,136
401,165,112,135
418,152,107,108
450,157,85,91
450,165,93,85
464,189,81,64
468,192,81,70
466,196,83,74
464,201,85,75
456,208,88,72
456,210,83,74
456,216,76,73
449,217,74,77
434,218,81,80
411,223,91,80
406,225,77,84
395,231,79,82
386,241,76,76
371,243,73,75
358,244,71,78
343,230,71,73
334,244,74,78
320,232,70,77
315,238,69,77
314,244,61,66
299,245,67,74
276,232,83,75
275,229,79,89
278,231,69,85
274,228,71,88
272,228,66,85
267,224,70,88
262,230,72,83
262,232,68,79
260,234,69,76
262,234,65,76
259,225,66,73
255,229,70,77
256,226,67,78
253,227,67,76
252,229,65,73
248,211,67,91
249,211,64,89
246,212,61,86
242,215,64,83
238,221,64,75
236,215,66,81
232,218,68,78
230,213,67,84
226,213,63,83
219,217,63,80
213,221,60,75
207,229,59,65
201,227,62,71
192,228,61,65
186,227,64,69
181,225,63,70
175,231,63,67
172,232,57,65
167,233,58,64
161,229,59,64
160,225,56,64
154,221,61,70
153,223,59,63
149,221,63,61
148,219,60,61
151,220,60,60
152,221,58,54
153,224,54,54
155,224,52,55
155,231,51,49
156,233,50,49
155,236,52,52
152,239,53,50
152,245,51,46
152,247,52,46
153,247,49,47
153,247,50,48
155,247,51,53
155,246,52,53
157,246,54,55
158,247,52,52
160,249,54,53
161,251,53,51
161,251,54,51
163,246,57,56
163,251,57,52
164,251,55,54
163,250,58,54
165,248,58,59
166,247,62,61
167,247,64,62
168,247,68,64
170,248,73,66
171,246,89,72
173,248,97,70
172,245,109,74
172,251,106,71
173,244,110,79
175,258,110,70
173,247,121,75
174,242,117,84
175,239,125,90
174,241,119,88
175,241,121,84
177,252,121,86
176,245,121,81
175,245,121,84
174,243,124,80
174,245,115,82
174,243,118,85
174,242,117,84
173,244,118,85
173,245,120,83
173,240,120,89
175,240,116,89
173,272,122,64
173,264,124,63
173,248,114,78
195,276,98,60
197,274,95,55
170,238,78,64
175,239,61,59
177,240,55,58
177,240,53,57
223,290,64,50
171,237,56,55
173,226,53,63
170,217,55,67
164,223,58,60
159,221,58,65
153,223,66,70
152,225,64,64
154,223,62,63
153,226,62,63
150,227,64,65
149,227,69,61
149,227,65,58
150,229,61,54
152,232,64,54
149,225,73,57
151,222,67,56
155,220,67,57
161,220,64,52
168,215,60,59
176,216,55,57
183,222,53,53
189,221,53,52
194,220,54,54
199,224,52,52
204,223,52,53
208,224,55,53
212,224,57,56
220,223,51,56
226,224,50,56
232,224,51,56
234,219,59,59
236,212,63,66
240,205,66,75
243,205,66,73
244,202,70,73
246,203,70,73
245,199,71,77
247,198,77,76
245,196,74,78
242,194,82,81
245,192,78,79
243,190,78,81
251,190,73,80
253,190,66,83
254,190,60,79
248,190,58,74
245,191,57,72
240,182,60,82
236,176,61,86
235,169,64,93
232,160,69,96
229,158,71,96
225,158,75,93
220,158,71,90
211,158,73,88
210,161,70,80
203,158,73,82
196,155,80,84
192,154,82,85
188,157,75,82
185,164,61,79
180,161,57,81
174,164,59,83
172,162,56,79
166,163,59,76
162,156,60,77
157,154,62,75
150,146,68,70
143,139,67,66
138,132,68,63
129,130,74,58
123,127,75,59
120,130,73,63
118,139,73,64
121,152,75,59
130,154,72,67
136,166,78,66
147,172,73,67
152,176,75,65
150,179,79,68
153,179,77,64
153,177,78,64
151,172,78,66
150,169,76,66
150,169,76,67
152,169,72,66
153,171,72,64
155,171,72,63
159,170,71,64
163,172,68,65
166,169,64,68
172,169,59,66
178,169,55,67
178,170,58,66
179,174,57,65
178,173,59,65
176,175,56,67
173,173,53,70
169,173,52,66
161,175,53,64
150,173,58,64
140,174,59,64
128,175,60,63
121,177,58,62
112,176,59,60
105,174,59,59
99,175,58,57
94,172,58,57
89,172,56,54
87,172,55,56
83,171,56,54
81,172,56,54
78,171,59,54
79,170,56,54
79,168,58,53
80,167,57,54
84,167,56,54
87,167,56,57
89,167,59,59
91,168,57,58
94,170,58,59
97,173,58,58
101,177,58,56
106,182,55,53
110,185,56,56
116,187,55,55
121,189,57,55
125,190,59,54
129,194,56,52
134,199,56,49
140,201,56,49
146,206,53,50
150,210,50,46
155,213,49,45
160,214,47,46
163,216,48,43
167,219,47,41
171,220,49,42
177,220,54,43
183,220,53,45
189,219,50,45
196,218,49,47
208,217,46,49
214,219,47,49
222,217,47,51
229,215,50,56
228,214,66,66
240,214,62,54
250,213,61,53
252,212,71,49
259,211,79,53
272,208,86,64
269,209,100,66
267,210,106,60
264,211,116,66
265,211,118,64
271,215,114,58
269,217,122,57
269,220,121,54
269,222,125,51
270,225,126,51
270,222,126,52
264,225,136,50
265,226,136,50
285,229,121,46
306,225,96,48
207,225,97,51
205,221,93,55
336,225,74,48
344,230,70,47
344,223,69,52
348,226,65,50
345,225,68,51
347,227,68,50
347,226,66,50
347,225,65,51
346,224,62,53
344,223,60,55
342,222,60,56
338,224,60,54
335,223,59,57
336,225,54,53
334,225,56,55
332,224,54,54
329,230,59,52
327,230,62,52
326,232,65,51
325,235,66,49
325,234,68,53
324,232,70,56
323,238,73,55
324,236,72,61
324,235,70,61
323,240,78,62
323,244,81,60
325,248,80,60
324,245,83,66
324,244,84,67
330,249,83,67
329,249,86,72
328,248,90,77
329,253,87,75
329,257,89,70
327,259,92,72
336,265,86,68
335,268,84,65
337,271,87,67
331,265,89,72
336,257,86,80
332,246,90,93
337,243,84,96
337,241,82,99
338,238,82,104
340,239,85,104
339,237,86,101
339,247,98,93
339,245,95,94
334,249,99,93
339,250,89,89
336,256,94,84
331,261,99,77
333,269,94,68
334,273,90,65
334,272,88,64
333,270,86,69
337,272,80,66
336,272,70,64
336,272,67,65
335,269,70,68
333,268,69,64
331,264,68,65
328,261,70,63
325,257,70,62
325,253,63,59
321,246,67,58
319,244,58,51
315,235,63,50
309,231,68,50
305,226,71,50
300,223,71,50
297,221,73,51
292,220,72,50
289,222,75,51
284,223,78,51
278,223,85,59
275,225,85,54
274,226,84,55
271,225,87,58
266,226,90,57
264,222,92,60
167,219,79,60
255,224,95,60
249,226,100,57
246,225,96,56
194,192,86,54
238,226,96,57
262,220,87,71
212,198,104,84
247,220,99,84
256,217,106,82
218,214,130,81
212,213,138,75
208,214,162,67
203,209,173,73
201,206,178,77
202,209,174,73
202,209,176,76
204,206,178,84
202,207,178,78
205,209,175,79
205,205,176,85
204,202,178,87
206,202,174,89
206,204,177,83
216,206,167,87
218,209,167,78
209,202,178,87
226,202,163,105
235,211,152,90
240,208,150,91
243,213,149,82
247,215,145,81
255,220,138,74
261,223,126,77
265,222,114,73
268,228,94,69
273,224,88,69
277,225,88,74
287,227,85,73
301,228,76,67
304,240,76,61
315,240,70,58
325,235,70,65
331,242,65,64
337,239,63,65
344,244,60,60
344,247,65,59
346,246,64,63
343,250,64,60
342,248,64,65
338,250,67,67
335,251,64,63
329,253,68,61
324,253,64,60
318,252,65,64
310,252,69,60
303,253,68,55
296,247,74,63
290,242,79,65
283,239,82,71
279,238,82,70
272,236,89,65
271,234,86,67
262,232,95,81
265,230,92,66
263,228,95,65
259,228,99,71
259,227,100,74
260,225,97,65
258,223,103,75
264,221,97,70
264,221,99,70
268,218,95,73
270,217,95,73
271,217,94,54
272,216,96,53
276,214,93,55
280,212,89,56
286,210,82,48
289,207,81,49
292,205,80,46
299,200,70,46
300,196,70,46
303,191,69,47
304,185,74,50
317,182,74,52
307,174,78,41
304,170,86,42
302,168,84,40
299,164,98,44
295,165,102,43
285,165,110,43
279,170,110,38
273,174,98,36
268,180,93,33
268,180,93,33
268,180,93,33
268,180,93,33
268,180,93,33
240,208,83,43
235,213,66,35
228,214,73,38
221,217,73,37
221,217,73,37
221,217,73,37
221,217,73,37
221,217,73,37
221,217,73,37
221,217,73,37
221,217,73,37
221,217,73,37
221,217,73,37
221,217,73,37
221,217,73,37
221,217,73,37
256,215,76,41
256,215,76,41
256,215,76,41
256,215,76,41
256,215,76,41
256,215,76,41
256,215,76,41
256,215,76,41
256,215,76,41
256,215,76,41
256,215,76,41
256,215,76,41
256,215,76,41
172,200,69,41
172,198,65,38
172,195,63,37
172,190,58,40
176,189,48,38
175,186,36,42
174,182,37,47
178,182,40,48
224,209,43,42
219,211,50,35
218,205,48,29
214,197,40,30
209,190,39,36
211,186,39,39
211,181,37,41
209,175,38,46
207,169,38,38
206,163,38,35
205,158,33,31
202,156,33,26
199,153,32,26
198,150,34,25
198,150,34,25
211,189,32,30
268,214,34,39
211,183,30,41
192,139,36,36
193,142,38,32
189,143,40,31
187,145,45,30
188,142,42,32
187,143,44,33
187,145,41,32
187,145,42,33
186,144,43,37
189,146,46,38
184,148,46,35
183,151,50,35
182,153,54,38
181,153,56,41
192,155,69,46
182,156,86,46
178,159,96,42
175,159,99,45
169,160,103,45
167,160,101,49
158,162,111,47
155,164,112,49
152,164,110,49
149,167,110,48
142,169,117,45
135,171,125,46
126,173,138,45
98,176,135,43
93,176,121,49
87,183,119,47
87,188,119,49
78,191,119,54
66,202,103,50
58,206,89,57
51,216,84,55
44,223,86,56
39,230,89,57
35,233,90,62
31,236,89,66
28,246,84,58
29,251,83,59
29,259,72,55
29,259,76,56
30,266,73,52
31,263,72,55
33,265,62,53
34,267,70,53
35,258,77,61
38,269,65,53
38,262,75,56
38,262,73,56
39,261,76,56
40,260,76,58
39,259,75,60
41,261,72,58
39,262,76,57
40,265,71,56
41,262,73,58
41,261,75,63
40,263,74,63
41,263,72,64
41,264,73,65
42,269,69,62
42,271,74,59
42,272,73,58
42,274,72,58
44,277,66,56
45,282,54,49
44,284,53,47
46,284,51,48
46,286,45,46
47,286,49,44
48,286,47,45
48,287,44,43
48,284,49,45
50,287,52,44
50,281,55,48
51,281,52,48
106,219,63,57
80,213,81,69
74,213,93,70
69,213,101,70
63,215,107,70
60,219,94,68
60,218,108,70
57,222,113,73
55,223,113,75
55,227,116,72
54,227,109,73
56,225,108,76
57,227,112,71
62,223,108,69
66,220,109,69
72,220,101,65
77,215,99,67
84,211,95,66
95,210,100,59
102,211,91,53
113,204,98,51
41,284,88,50
44,283,73,51
48,282,63,50
49,285,60,48
50,283,64,49
49,282,67,51
50,288,57,44
52,288,54,44
51,289,52,43
53,291,51,40
54,295,43,36
54,299,39,29
55,296,35,32
55,298,35,31
54,297,34,33
54,297,33,33
58,294,36,26
54,299,33,31
53,297,32,34
52,298,35,33
53,294,38,38
52,298,33,33
54,293,39,31
52,299,34,32
52,295,39,35
52,298,37,34
52,298,35,32
52,298,34,32
53,299,34,32
52,298,36,34
52,297,36,34
52,295,38,37
53,297,33,35
52,296,35,35
52,295,37,36
52,297,36,35
51,295,38,36
51,297,34,35
51,296,34,36
51,294,37,38
51,299,33,34
52,297,34,33
52,299,34,31
53,299,34,32
53,299,31,32
53,300,36,30
54,300,35,30
54,302,33,27
54,302,32,28
54,303,31,27
56,303,30,24
55,306,27,25
56,305,27,26
56,305,28,24
55,306,28,23
55,307,29,23
57,303,27,24
58,303,32,25
58,303,32,25
57,305,32,22
57,304,39,25
56,302,37,26
56,297,41,30
56,300,40,25
53,300,40,29
52,295,43,34
51,288,50,42
49,282,58,50
48,283,56,50
47,277,58,55
45,280,55,51
44,274,60,55
42,273,56,54
41,268,62,57
40,263,57,58
39,265,57,54
38,260,62,56
37,258,62,55
35,260,64,53
36,265,59,51
35,265,60,49
35,263,62,55
36,264,61,61
35,270,58,59
37,274,59,60
40,282,53,53
39,284,56,54
42,287,51,50
43,292,44,47
47,295,39,39
48,298,37,34
47,305,38,32
49,304,33,31
50,306,27,25
49,309,28,26
50,310,27,22
51,308,25,25
52,305,29,27
51,306,25,29
51,305,22,27
52,305,23,28
51,311,22,23
51,310,24,22
51,310,23,21
49,314,25,17
49,314,26,18
48,313,27,20
48,316,22,17
50,314,23,18
50,315,24,17
52,315,22,16
54,314,20,16
54,315,19,16
54,314,19,14
56,313,19,15
55,313,21,16
55,313,20,16
54,312,16,18
55,311,17,19
48,314,18,20
45,311,22,24
41,308,26,28
44,297,29,35
41,279,33,42
35,269,44,46
29,254,49,50
26,240,57,55
26,229,60,54
27,217,62,54
28,208,63,53
32,200,61,51
37,192,60,46
43,186,58,43
51,180,56,43
57,174,56,44
68,172,52,43
84,171,57,43
96,171,64,44
108,172,57,44
125,173,61,46
138,173,59,48
148,175,60,49
157,179,62,45
167,179,64,48
182,181,67,49
198,186,72,46
195,185,85,53
270,237,74,65
264,238,82,67
252,238,90,68
248,231,94,71
245,227,99,81
245,211,96,97
252,203,96,106
251,206,112,104
253,207,114,95
246,208,132,96
246,204,140,99
244,203,143,98
254,203,137,98
251,206,136,94
250,205,143,96
250,205,148,95
250,205,148,92
251,210,149,86
248,215,151,83
244,218,159,76
239,223,169,72
260,224,150,73
297,226,136,67
303,230,106,63
306,231,102,59
303,234,107,58
302,236,109,58
305,237,105,56
310,238,95,51
316,242,89,52
311,243,93,56
310,245,91,50
304,243,96,55
302,246,98,54
298,241,101,57
302,243,94,56
303,243,91,57
296,242,98,59
298,244,96,55
301,241,94,58
300,237,96,62
306,235,89,64
306,232,87,65
297,238,90,63
304,243,77,56
301,247,80,53
300,250,82,50
304,252,78,48
290,245,90,55
281,243,100,58
271,244,111,58
268,240,116,62
271,240,112,62
266,242,113,59
268,244,115,58
264,242,117,61
281,242,100,59
292,248,88,51
295,252,87,50
296,250,85,50
300,249,79,52
303,247,79,53
302,246,78,54
306,247,72,53
310,248,71,51
312,245,69,54
307,248,76,51
270,252,75,45
304,252,79,49
308,250,73,50
304,250,77,51
304,248,76,52
308,251,72,49
307,252,72,47
307,251,73,49
314,250,68,49
317,253,66,45
321,252,59,45
326,252,54,45
338,252,40,44
359,224,49,46
355,222,53,48
314,241,64,55
354,204,53,53
330,250,51,50
327,248,55,51
327,248,56,52
312,248,71,52
306,250,79,51
304,251,82,48
305,249,80,52
305,245,81,53
298,247,89,52
303,242,85,56
305,244,85,55
298,244,93,58
302,246,93,54
298,248,95,51
300,249,91,50
308,255,78,43
306,251,80,48
299,244,89,56
300,248,93,51
298,252,91,48
306,253,81,46
305,251,81,49
307,249,78,50
302,252,83,47
306,251,79,48
306,249,80,52
299,250,87,51
302,248,82,53
304,245,81,55
306,250,78,49
305,248,79,51
304,249,81,50
304,249,82,50
304,249,83,50
307,248,81,51
306,245,82,55
303,242,86,56
301,244,95,56
301,246,106,54
304,235,106,65
293,226,117,74
291,224,119,74
295,230,114,71
297,236,108,67
301,237,105,65
305,236,96,62
307,240,93,61
300,238,100,62
299,243,102,59
296,239,104,61
299,241,100,57
298,243,101,58
302,245,96,55
298,239,99,61
297,240,100,59
291,236,102,61
288,230,102,63
284,224,104,72
255,219,123,77
255,209,119,85
251,204,131,89
249,203,119,91
249,199,119,93
248,196,114,97
247,192,115,100
251,192,110,100
246,193,113,100
256,199,101,92
249,198,106,93
238,199,115,93
236,201,124,91
233,202,132,89
216,206,148,76
202,204,160,78
261,200,150,84
261,203,150,81
263,207,149,67
128,233,128,66
143,227,106,74
152,227,102,65
139,241,93,72
144,244,107,72
138,248,100,68
127,242,87,77
126,242,86,80
121,237,71,76
122,232,57,84
119,239,58,79
120,233,60,85
119,238,59,79
123,243,63,74
120,241,76,63
119,242,78,54
120,242,76,53
120,236,64,62
124,238,71,63
128,242,79,58
129,238,74,65
136,243,84,66
142,242,93,66
153,244,109,63
162,242,99,69
176,246,83,65
189,236,71,73
205,242,52,68
216,240,56,67
232,230,61,79
244,226,62,76
261,244,58,55
273,246,55,50
285,248,54,48
295,244,48,47
302,242,48,45
307,241,47,44
310,241,45,43
309,238,47,44
310,237,46,44
307,237,47,42
305,236,48,43
298,239,56,40
299,239,56,39
299,239,56,39
295,240,60,39
295,240,61,40
296,237,59,42
296,239,59,39
296,240,59,42
294,239,55,41
293,242,50,40
290,241,42,40
291,240,32,38
292,240,27,39
292,240,27,39
292,240,27,39
292,240,22,39
294,241,21,37
268,241,23,38
272,243,32,33
259,248,34,31
264,248,44,32
261,237,52,39
260,232,52,45
258,229,54,49
260,228,53,50
258,226,52,51
254,228,53,48
251,230,52,49
248,229,47,48
242,225,46,53
223,237,58,63
209,230,64,72
208,231,50,69
204,213,40,63
271,225,34,60
261,222,39,59
257,234,33,47
246,237,42,45
242,240,45,41
239,239,51,43
235,240,55,41
239,239,52,42
246,239,44,41
245,240,49,43
249,242,47,40
248,241,49,41
248,240,49,41
248,239,50,44
248,241,48,41
245,239,51,44
247,241,51,41
244,240,54,42
244,241,52,43
250,239,47,42
249,242,49,41
250,240,47,42
249,241,47,41
248,240,49,42
250,240,46,42
249,237,49,43
246,236,51,44
250,238,49,44
253,239,45,42
256,237,44,46
256,237,44,44
257,236,46,46
259,238,47,44
262,238,45,45
262,236,46,47
263,237,48,47
266,239,47,46
269,237,47,48
271,238,48,48
274,238,48,48
276,237,51,49
279,236,56,48
281,236,61,48
285,234,64,48
293,237,60,45
295,237,65,45
299,238,66,45
304,238,62,45
307,236,61,46
310,236,62,48
315,231,61,50
319,236,60,45
323,238,59,44
328,236,54,44
331,237,58,43
333,236,60,44
336,237,59,43
337,234,60,45
337,236,64,42
340,237,63,42
342,237,61,41
343,236,63,43
344,235,63,42
344,236,64,43
344,237,66,42
345,238,66,40
346,239,64,40
345,237,65,42
345,237,65,40
345,237,67,41
346,236,65,42
346,238,64,40
347,239,62,40
