235,80,50,36
232,77,49,39
232,77,49,39
230,75,49,41
230,75,48,40
228,76,48,40
228,76,47,39
227,75,46,40
228,75,47,39
226,76,48,39
226,75,46,37
226,74,48,39
227,73,47,40
227,75,47,38
226,73,49,38
227,74,46,40
228,76,44,43
230,79,43,44
232,77,43,44
233,79,39,43
234,76,40,45
232,76,45,43
230,71,45,45
230,65,46,41
228,57,51,48
226,47,49,47
227,42,48,47
228,30,49,48
229,31,57,40
230,24,55,47
232,20,57,49
239,16,50,51
242,10,49,55
241,14,49,53
243,20,49,49
238,35,53,41
237,38,55,39
233,46,59,47
237,65,49,45
237,71,48,46
242,80,47,48
247,81,41,55
250,88,39,54
252,93,38,51
252,94,38,52
251,94,39,54
248,93,39,52
246,90,42,49
243,86,44,46
243,85,47,43
242,77,52,42
244,70,53,38
249,65,51,36
252,57,49,38
252,55,49,42
250,52,49,40
251,49,50,45
252,52,51,47
249,69,53,39
253,75,50,36
246,83,55,41
245,95,55,40
249,106,51,42
260,116,41,49
260,117,39,48
265,123,36,45
269,128,31,42
269,127,32,44
262,120,38,50
261,118,38,48
259,114,36,49
254,108,36,50
246,97,40,53
239,91,46,54
240,85,45,50
235,74,49,50
234,72,53,43
234,63,57,37
234,56,60,41
230,50,63,43
246,47,50,44
249,46,46,45
251,47,46,47
252,51,46,48
253,55,44,47
254,67,47,43
254,69,48,47
255,82,49,40
254,84,50,44
257,91,48,43
261,102,44,34
262,111,46,30
271,120,41,28
271,120,41,28
283,133,40,35
285,143,43,39
288,134,49,47
286,130,52,54
286,129,51,55
289,130,49,52
282,129,56,51
279,128,58,50
272,128,63,49
265,128,61,50
259,122,48,45
259,111,45,46
255,102,47,44
252,92,51,42
248,83,57,50
245,71,56,49
243,63,62,40
242,54,57,36
256,51,47,38
262,47,42,42
264,45,43,46
268,50,42,45
270,57,40,52
269,69,43,60
262,80,45,55
264,83,50,49
279,90,55,43
275,110,49,42
283,124,51,49
286,128,50,45
289,131,46,44
294,131,43,51
294,134,43,50
291,130,45,54
290,131,45,49
283,127,51,50
275,128,58,43
262,122,61,44
255,108,50,40
248,96,55,39
245,86,53,41
242,74,51,40
244,65,58,33
234,54,63,34
246,48,54,38
248,45,52,41
257,43,46,45
265,45,46,45
269,49,43,45
273,60,42,42
281,74,36,47
276,84,36,50
281,90,40,44
281,90,40,44
283,120,44,51
283,128,52,45
284,139,51,55
281,133,55,48
271,136,41,41
267,137,31,39
265,137,32,38
260,137,25,33
253,133,30,34
243,124,37,38
235,117,43,35
235,115,42,35
228,106,45,40
225,100,45,41
221,94,46,39
218,91,50,35
216,92,51,33
215,88,50,31
215,85,51,33
217,81,52,33
218,76,51,37
218,76,53,36
224,70,48,39
228,68,51,41
231,65,48,43
234,64,46,46
235,65,45,44
236,67,45,45
236,69,45,44
236,72,45,42
234,73,47,42
236,74,45,42
235,74,48,42
235,75,46,41
235,75,48,40
235,75,48,40
234,75,50,40
234,77,48,39
234,76,48,40
232,80,50,40
228,82,50,40
227,85,51,39
227,93,49,41
226,97,49,40
225,103,49,39
224,106,47,39
225,106,47,41
225,108,47,39
225,111,47,38
226,112,47,39
230,115,46,37
227,115,50,39
233,120,47,36
237,122,47,37
245,126,40,37
252,131,39,32
254,131,41,30
263,133,38,28
273,128,36,28
281,125,38,32
287,117,37,27
287,117,38,27
289,104,44,26
237,76,49,28
236,83,51,34
239,92,50,39
240,90,56,45
264,66,53,41
266,62,49,38
259,57,44,36
250,56,48,36
248,56,48,36
239,58,53,38
231,59,55,39
230,62,54,37
228,71,50,39
224,83,49,40
224,94,51,40
229,107,48,41
234,118,47,37
243,125,43,39
251,130,40,37
259,134,42,32
268,130,39,34
271,129,39,28
279,123,40,28
281,113,39,29
292,95,37,31
271,84,35,35
267,79,40,35
261,66,43,34
257,56,44,35
249,50,49,35
240,47,50,37
233,47,53,39
230,49,52,40
226,56,51,38
225,65,48,40
221,77,53,42
223,88,51,45
230,105,47,40
235,114,48,39
245,124,42,38
252,132,39,35
260,137,43,33
269,140,38,31
275,138,41,36
277,145,34,32
282,144,28,32
283,142,35,34
275,143,40,32
271,143,37,30
259,114,44,35
259,128,36,38
253,119,42,39
246,108,43,38
242,93,48,39
240,80,51,36
243,68,55,33
247,56,50,36
252,53,46,38
253,53,45,34
255,60,46,37
252,75,52,44
253,96,57,52
257,93,55,50
265,80,64,50
271,127,62,46
268,132,46,44
269,130,38,40
261,130,37,37
258,120,44,35
257,99,47,38
245,92,52,39
244,80,53,40
245,71,53,33
249,62,48,32
249,58,47,37
253,55,45,38
252,57,47,41
251,67,48,39
252,89,50,41
253,88,51,49
266,94,58,46
266,86,60,54
270,126,62,46
265,131,52,44
268,129,44,47
272,130,34,42
271,127,34,42
264,123,41,42
273,103,39,35
272,102,32,38
256,105,39,33
251,93,46,38
250,79,49,36
252,68,49,36
252,69,51,34
257,59,47,38
257,55,46,39
260,53,46,40
260,54,46,38
260,56,45,34
262,61,46,34
262,68,46,34
259,75,51,38
261,88,49,47
261,88,51,52
268,101,51,47
272,98,49,49
267,83,54,49
286,129,54,55
283,130,55,59
283,131,53,56
284,132,56,56
284,135,52,50
281,130,54,55
283,130,54,59
278,132,60,71
267,126,68,81
269,107,67,90
259,92,76,82
259,94,76,79
257,78,77,65
249,84,87,56
240,87,79,50
236,85,71,55
239,80,58,48
237,78,54,38
241,73,52,36
240,66,51,37
240,66,49,36
240,66,49,35
241,69,49,35
238,74,53,36
236,82,51,36
239,89,57,37
239,89,61,38
241,98,62,33
258,82,59,41
257,113,49,32
264,117,48,29
265,117,51,30
280,121,46,27
286,118,48,26
294,116,43,28
260,64,46,31
260,71,46,27
258,71,48,26
259,70,47,28
259,66,47,32
257,64,49,35
256,65,52,34
255,67,53,31
260,115,48,28
251,113,48,28
243,110,48,28
235,105,51,30
232,99,50,32
229,94,50,33
226,89,52,34
226,85,49,37
226,85,49,37
227,85,49,36
232,86,48,36
236,91,53,34
246,92,54,35
258,92,44,32
284,74,36,35
284,74,36,35
284,74,36,35
284,74,36,35
284,74,36,35
284,74,36,35
284,74,36,35
284,74,36,35
284,74,36,35
284,74,36,35
284,74,36,35
284,74,36,35
227,115,40,39
227,115,40,39
200,118,41,47
197,117,40,52
207,107,37,50
207,107,37,50
207,107,37,50
207,107,37,50
207,107,37,50
207,107,37,50
207,107,37,50
207,107,37,50
241,106,36,49
241,106,38,50
245,109,33,47
245,109,33,47
245,109,33,47
245,109,33,47
245,109,33,47
245,109,33,47
245,109,33,47
245,109,33,47
187,111,34,46
175,115,42,38
171,110,47,43
174,108,47,42
178,106,43,40
184,104,43,43
190,101,45,39
195,98,46,36
202,88,42,38
209,78,41,37
220,66,32,43
230,62,26,41
236,60,24,43
241,65,23,45
307,53,25,45
307,46,19,47
307,46,19,47
307,46,19,47
304,29,21,50
302,31,22,52
302,31,24,54
301,39,24,56
301,39,24,56
301,39,24,56
232,44,34,54
232,42,41,57
232,42,41,57
238,45,40,48
228,41,49,52
230,46,48,49
231,51,45,45
229,56,42,44
224,58,42,44
212,61,48,45
200,61,57,47
200,63,52,45
184,68,58,43
182,75,60,37
176,74,60,37
174,75,60,35
173,74,59,35
171,72,61,38
169,70,63,39
170,71,62,36
168,72,63,36
169,69,62,39
172,67,58,44
175,65,53,50
180,65,45,52
186,65,37,47
193,63,42,48
194,49,52,53
190,42,54,58
191,39,54,58
190,39,55,56
190,40,55,55
189,38,58,54
189,39,58,53
191,39,56,51
191,38,60,50
190,39,62,50
190,37,65,50
191,38,63,51
192,38,64,48
193,38,62,45
194,35,60,48
194,32,61,47
194,37,61,41
195,23,62,49
193,28,67,43
195,27,66,43
196,24,67,47
196,28,72,44
197,34,76,41
197,37,81,44
197,37,78,46
197,40,80,52
197,38,83,64
199,38,72,71
199,36,87,78
200,36,84,74
202,33,79,78
202,38,69,62
202,36,66,59
200,32,69,55
201,32,63,48
198,21,60,55
198,27,67,47
196,24,69,50
194,24,70,50
194,27,68,45
190,29,62,42
184,25,67,43
180,21,77,46
177,12,85,57
174,9,89,63
173,10,91,68
168,14,98,68
168,9,99,83
169,10,95,88
169,10,95,93
169,18,94,84
171,21,91,81
170,27,93,76
168,32,96,74
169,32,95,75
168,36,95,70
168,34,95,74
166,35,95,76
168,36,96,73
167,36,94,71
167,35,97,74
167,36,95,71
165,34,96,66
166,33,89,64
165,37,87,57
166,38,79,49
167,41,71,45
171,45,62,43
176,50,64,39
178,53,72,36
178,52,78,35
176,51,81,40
176,49,79,47
174,52,82,43
173,54,82,40
172,55,80,40
171,56,82,40
169,54,84,41
167,54,87,39
166,45,87,47
166,43,81,47
161,38,82,50
155,32,81,53
152,25,81,55
149,28,80,50
149,26,78,48
147,20,85,52
148,17,91,55
145,28,103,49
147,31,101,47
145,37,104,47
144,42,106,50
145,41,104,55
146,43,102,59
148,35,97,66
147,37,100,63
148,38,98,59
148,35,94,57
145,33,94,53
144,33,95,49
142,34,96,43
142,34,92,40
145,29,84,45
144,29,80,50
144,29,81,48
141,29,69,57
142,28,64,74
140,36,56,89
146,54,45,95
145,68,41,87
145,68,41,87
147,101,48,87
147,101,48,87
147,101,48,87
147,101,48,87
147,101,48,87
147,101,48,87
161,32,54,103
165,18,52,106
168,27,48,93
169,31,47,82
171,33,46,75
173,34,42,68
176,38,40,65
177,37,37,63
177,38,37,65
177,38,37,69
176,38,39,71
174,38,42,84
175,38,41,87
170,37,47,98
167,35,48,111
161,31,53,115
160,27,57,124
154,26,63,138
147,28,68,153
145,17,64,160
143,6,64,168
140,2,62,156
141,7,53,145
143,10,47,137
143,5,45,140
152,0,50,137
146,0,47,131
145,0,55,143
147,2,63,158
144,0,67,165
145,0,71,164
147,0,69,166
145,1,72,174
148,0,70,183
145,0,73,184
143,2,77,178
143,0,78,181
154,2,65,165
166,8,55,158
167,4,51,164
173,5,43,160
172,3,43,159
171,2,43,160
165,-5,52,170
162,3,54,164
163,3,58,165
162,7,61,156
163,10,63,151
162,29,69,130
163,30,73,102
167,35,71,87
164,37,73,87
165,37,68,86
164,40,64,83
164,37,56,85
160,38,61,97
159,40,57,114
158,39,53,123
151,43,62,137
148,33,69,150
148,31,68,152
151,31,65,144
157,28,59,127
159,32,57,127
161,33,55,125
165,4,51,130
170,3,47,116
172,4,45,103
173,27,45,79
174,33,42,66
176,35,40,59
176,36,42,57
176,35,40,59
177,34,41,59
177,34,39,59
176,34,41,61
177,35,39,59
177,35,41,60
176,34,41,60
176,35,41,59
176,35,42,59
177,34,40,59
177,34,39,58
177,35,37,55
176,34,38,56
175,33,40,61
175,33,41,66
174,34,42,71
173,39,44,79
169,38,47,94
172,36,43,109
163,34,54,117
161,32,56,127
166,37,52,132
155,38,61,155
154,15,62,175
153,23,63,169
152,21,64,156
152,21,67,152
153,14,73,159
152,24,83,137
158,31,73,122
160,32,70,110
159,29,71,89
168,36,82,78
161,31,92,80
160,38,112,82
162,35,118,87
160,36,122,89
158,33,111,87
156,33,119,93
155,32,117,99
158,30,117,110
156,28,112,110
156,31,109,113
155,34,108,111
157,38,104,109
157,33,106,115
159,34,107,113
159,36,107,108
159,39,105,100
158,37,114,105
158,38,110,99
159,37,117,103
159,37,112,107
162,40,109,113
164,35,110,120
163,39,108,120
165,31,108,127
164,40,107,121
165,31,106,129
165,30,107,123
164,31,107,116
160,30,107,100
159,32,117,83
157,27,99,76
153,24,111,63
149,24,101,54
151,27,118,45
147,27,109,42
151,23,105,42
153,14,101,51
154,13,92,54
157,25,81,41
157,26,76,43
160,25,72,49
166,40,71,41
163,30,69,50
168,40,78,54
171,39,83,64
180,59,98,65
180,64,107,81
176,54,112,93
177,46,113,105
175,39,108,115
175,43,109,95
175,40,112,84
175,38,111,77
172,37,120,61
170,36,126,60
169,37,115,45
163,28,103,45
164,23,94,51
161,16,95,54
164,9,96,60
163,22,95,46
161,26,97,43
162,29,103,41
163,27,88,47
165,34,79,43
172,46,81,43
174,47,82,50
175,36,83,64
182,40,97,64
184,60,110,64
184,53,109,76
181,48,114,82
181,35,120,95
178,38,114,76
178,37,114,69
177,39,115,57
173,34,121,52
174,35,120,49
169,31,109,47
170,21,113,51
169,28,127,42
166,29,124,43
168,29,126,46
170,30,126,52
172,37,120,56
176,40,128,61
177,32,130,80
180,36,129,90
183,40,118,95
183,35,126,99
183,34,120,90
183,38,116,69
179,36,122,63
175,38,124,48
177,31,120,46
172,19,109,53
171,15,112,48
171,7,125,54
167,9,131,49
165,8,131,50
169,13,132,49
164,21,131,42
171,26,123,42
173,27,111,47
174,30,121,56
175,31,117,63
174,36,123,63
173,30,129,66
172,28,130,59
171,38,139,44
172,40,129,36
165,30,132,46
175,26,136,48
175,23,130,53
180,26,128,52
178,32,114,48
179,36,130,53
180,33,113,66
178,33,116,65
178,31,105,61
177,27,109,60
180,29,123,52
176,32,120,47
178,31,133,44
168,25,135,52
181,21,135,55
181,20,134,54
183,25,134,52
182,28,135,52
182,33,130,52
182,32,129,64
182,35,123,66
178,32,124,70
179,28,117,69
178,29,109,59
176,32,107,52
178,35,121,46
178,35,121,46
176,35,135,44
177,28,138,50
180,24,129,54
182,23,131,54
180,23,134,52
182,22,127,54
186,26,121,51
184,24,116,55
183,27,98,54
184,33,95,48
181,35,98,50
182,39,108,53
182,33,119,66
183,32,122,67
182,36,120,63
182,32,123,64
182,30,123,63
185,30,121,60
187,32,126,54
187,34,126,52
185,37,123,48
188,36,125,47
187,28,123,60
187,34,122,51
187,33,117,51
186,31,114,53
185,31,116,52
185,30,111,52
185,30,110,52
185,32,107,49
184,35,113,46
182,36,116,45
181,35,112,48
183,32,115,51
183,34,121,51
183,33,114,51
185,32,101,53
186,32,94,49
184,35,96,47
184,31,95,51
183,32,93,50
181,34,85,47
179,41,78,40
180,41,92,35
176,40,95,38
172,38,87,40
169,38,74,42
164,34,63,50
159,41,51,43
159,38,45,47
147,41,41,44
142,47,37,37
134,52,32,31
131,51,30,31
130,52,32,30
130,49,32,34
130,50,32,34
134,54,33,31
140,57,33,30
141,54,35,33
147,53,35,35
154,54,39,36
163,52,44,40
171,50,50,44
171,43,54,51
177,44,61,50
181,43,64,52
185,40,79,54
186,45,90,48
188,49,104,42
189,45,113,45
190,39,121,49
191,35,130,55
190,33,123,59
190,31,127,61
191,28,127,59
191,30,121,53
191,30,118,51
185,28,122,51
182,27,123,54
181,31,124,49
177,34,125,49
180,33,117,50
176,41,102,48
190,49,115,48
179,52,119,54
180,52,113,65
181,52,117,71
183,57,111,63
185,60,107,56
186,60,109,55
187,55,113,57
190,60,106,52
191,67,108,44
188,60,103,54
192,57,92,55
192,48,87,66
192,45,80,71
191,45,74,69
190,44,64,70
189,40,46,78
182,39,38,81
171,34,46,89
161,36,60,85
140,36,66,86
130,42,88,84
120,37,88,88
118,45,93,79
119,44,104,83
118,44,106,77
118,45,105,79
127,48,94,76
137,45,84,74
145,50,74,71
157,56,60,65
164,67,51,52
183,71,45,46
189,75,56,44
185,74,71,50
183,69,75,60
179,67,91,69
179,67,104,83
176,74,111,81
178,73,111,86
179,77,109,81
178,73,110,83
177,68,110,81
178,75,108,65
177,71,108,56
175,68,105,48
175,65,109,44
169,58,109,46
174,47,102,56
175,45,81,62
175,38,67,70
178,32,50,78
179,27,41,82
181,17,42,92
180,10,47,102
179,7,55,108
180,7,49,104
180,7,48,106
179,11,50,102
177,26,55,86
174,34,68,75
175,44,61,67
176,56,69,54
170,60,60,48
170,61,60,47
170,65,64,44
176,71,70,43
174,82,75,36
174,81,67,39
181,84,69,46
180,80,72,51
177,82,71,46
176,81,81,54
179,79,91,58
177,83,101,54
175,80,106,56
172,68,106,63
173,69,96,56
175,76,110,43
175,69,106,47
177,68,108,45
178,66,93,45
180,64,84,48
178,58,73,58
176,48,60,68
180,43,46,73
170,37,46,81
166,32,44,85
159,24,49,94
151,20,53,97
145,14,62,101
144,15,61,100
142,13,67,104
142,12,62,104
142,9,58,107
141,7,62,108
142,8,59,111
147,4,58,114
157,10,50,109
167,22,51,95
170,26,38,88
173,29,48,84
174,30,58,85
178,31,68,82
173,53,65,62
174,64,65,49
170,70,76,39
169,71,80,44
170,76,88,51
173,81,94,62
169,68,100,77
170,65,104,93
169,68,94,97
170,75,94,93
169,75,91,96
170,71,90,102
170,73,91,99
169,69,91,101
171,75,91,92
169,74,92,83
169,80,90,74
173,79,77,69
173,77,67,62
170,68,62,59
173,72,56,54
172,72,41,47
173,72,37,46
163,71,41,45
147,63,34,38
130,58,36,43
120,45,35,48
114,40,35,51
109,36,36,53
104,33,43,58
103,31,43,58
104,27,47,64
105,24,50,64
129,30,47,67
143,22,39,78
158,30,47,83
169,36,39,78
172,37,52,78
178,34,64,80
179,48,76,66
177,61,74,53
179,64,71,47
184,63,88,45
181,66,89,48
181,66,90,49
181,66,86,49
184,69,91,43
184,70,101,41
182,69,102,42
180,67,106,43
183,66,104,47
182,64,109,49
183,64,122,51
184,62,123,53
183,60,124,57
187,57,121,58
186,57,119,58
185,53,122,62
189,52,115,63
187,53,116,62
187,53,114,62
182,61,125,51
177,60,116,50
168,64,98,43
151,64,93,43
137,67,79,40
144,65,62,41
134,65,58,38
128,65,52,35
125,65,50,34
123,67,51,32
127,62,52,36
130,63,57,34
141,62,57,38
151,62,57,43
158,65,63,46
164,66,68,50
182,79,66,44
187,81,76,47
170,70,89,43
175,63,86,50
179,62,73,51
184,61,59,50
192,62,73,60
194,59,65,57
196,62,57,73
236,84,75,68
197,61,77,85
206,70,99,80
199,57,123,79
200,65,121,87
195,64,120,77
196,71,120,73
181,47,121,82
167,48,109,73
181,56,104,60
180,65,110,47
180,64,107,43
170,59,101,47
178,54,104,49
177,51,106,50
176,50,104,50
175,52,111,48
174,55,111,48
172,56,113,45
170,59,112,52
171,57,115,61
172,62,118,56
173,61,116,57
171,58,113,57
171,60,114,47
174,52,104,53
174,54,116,48
176,51,124,49
174,54,111,47
176,40,99,61
177,28,110,72
180,17,106,82
177,14,108,91
177,24,108,80
178,29,109,75
177,42,110,59
175,51,124,49
172,54,113,54
176,54,113,59
175,59,109,57
178,65,107,51
177,57,108,54
177,55,116,56
179,42,112,64
182,54,116,50
182,58,118,47
181,55,120,49
181,50,106,56
185,47,103,57
184,45,101,58
185,37,96,67
184,50,97,56
184,43,96,63
182,58,87,50
182,58,102,53
181,62,109,56
182,62,103,57
183,59,110,63
185,58,111,61
186,60,107,53
186,61,113,49
186,56,118,54
186,57,120,50
187,58,128,49
189,56,122,52
187,55,122,53
190,57,111,52
189,52,112,56
188,53,118,54
187,52,125,56
183,56,128,50
186,59,137,46
178,59,143,47
159,54,134,51
163,49,119,56
140,48,109,58
144,47,95,60
148,48,70,57
149,49,59,55
119,65,56,59
107,69,43,47
101,71,42,43
95,74,39,43
95,74,36,43
96,78,38,37
101,80,36,35
105,84,36,35
112,87,36,38
120,94,33,38
132,111,34,36
142,118,27,33
142,118,27,33
163,140,25,35
165,131,28,42
174,150,26,41
175,151,29,43
177,152,30,41
179,153,29,41
181,151,29,44
183,152,29,46
186,150,27,49
187,150,26,50
188,151,26,48
188,151,25,47
185,153,27,43
186,151,26,45
185,151,25,41
184,152,26,39
184,153,27,37
185,152,27,37
185,152,29,36
188,152,28,34
191,152,28,35
194,150,26,38
197,149,26,38
199,148,25,38
203,146,24,39
206,149,24,35
208,153,26,32
212,154,25,32
214,153,27,35
220,153,23,37
225,152,22,38
232,150,20,39
239,148,20,40
246,144,25,43
248,136,27,42
252,132,25,46
