336,117,108,312
315,106,128,327
305,112,135,325
303,107,137,319
300,109,132,328
294,100,136,337
279,110,149,331
283,107,139,329
286,102,128,334
286,105,129,340
284,106,128,325
279,105,139,325
281,109,134,326
281,103,131,322
283,105,127,331
283,103,132,332
280,104,136,328
279,107,135,327
275,99,145,331
281,103,134,329
281,103,131,332
279,100,139,332
277,97,132,336
279,97,131,333
274,101,139,331
270,96,144,334
273,96,137,343
269,99,137,334
260,104,147,330
258,104,150,329
247,111,161,332
249,110,149,324
245,109,151,323
226,110,169,312
225,115,162,327
219,102,160,330
225,109,142,331
215,116,151,309
223,103,137,323
212,109,149,330
217,115,132,322
216,100,123,331
211,112,153,329
217,115,120,328
222,106,123,332
210,115,163,324
206,119,143,321
204,123,168,303
200,106,174,328
204,108,151,336
206,109,163,326
207,101,156,341
209,106,161,333
208,100,157,337
212,105,148,334
198,104,188,339
212,93,159,338
212,105,155,332
208,99,164,330
218,91,131,349
202,104,179,338
205,93,164,333
213,101,152,334
209,92,170,343
201,105,173,333
205,100,168,340
210,105,157,334
212,98,153,339
213,97,165,344
203,92,165,342
214,106,145,335
208,107,156,333
218,99,128,337
218,99,138,330
209,109,153,332
207,96,158,333
204,94,156,345
206,91,144,333
210,106,139,329
211,102,139,330
218,105,122,326
217,96,133,343
208,89,174,351
213,100,160,332
219,95,177,336
207,104,184,334
204,104,182,327
210,110,178,331
203,93,183,334
203,111,192,321
205,114,197,316
214,131,194,303
194,119,197,312
206,118,166,311
214,117,148,328
214,109,165,329
221,102,151,326
216,118,162,321
218,111,161,323
220,108,147,327
219,104,135,328
213,117,165,323
219,102,141,325
221,111,144,330
209,108,166,320
212,106,167,331
213,103,159,329
216,107,150,328
216,104,155,319
220,112,150,320
221,109,143,321
214,120,167,319
215,114,166,314
218,105,153,321
215,110,161,322
214,121,160,322
214,110,166,321
220,123,145,323
216,115,153,314
213,107,166,323
216,110,161,328
216,108,161,324
216,104,165,330
222,103,155,331
221,101,149,323
223,100,156,344
229,97,157,345
227,96,171,340
236,102,150,335
234,91,162,337
237,96,147,341
243,97,150,346
236,108,153,333
243,99,147,338
229,96,189,339
235,101,192,340
241,96,168,346
241,99,151,341
238,93,144,334
230,95,157,344
232,98,152,341
217,89,167,342
207,112,189,335
210,121,171,313
196,114,197,334
198,95,182,331
190,110,196,334
188,106,193,329
181,121,194,324
184,103,190,319
175,111,209,334
176,122,194,324
173,107,216,338
170,109,194,320
173,108,209,329
169,111,179,330
184,104,133,341
175,100,152,330
180,101,146,346
182,103,152,348
182,105,179,341
182,121,162,325
182,111,141,332
182,104,156,337
189,98,136,349
185,112,159,341
184,111,163,329
192,100,130,346
189,93,122,346
189,97,127,349
186,91,131,346
181,102,145,332
184,95,149,342
184,106,161,343
186,100,161,335
182,103,168,337
183,103,150,335
189,103,147,328
182,104,179,336
176,121,207,316
177,118,253,313
174,104,239,332
178,101,283,338
177,136,283,295
164,126,251,311
184,114,248,321
183,104,246,336
177,110,237,329
185,115,190,328
183,104,204,331
185,109,200,325
184,125,210,310
183,124,219,309
186,114,180,324
193,110,170,327
190,114,142,333
190,117,154,327
187,112,139,327
189,100,142,332
190,110,146,333
185,115,155,326
184,117,163,326
184,119,170,321
175,120,209,312
177,139,185,306
180,113,204,321
176,120,196,318
183,133,195,306
186,131,196,310
182,135,218,305
176,135,221,308
181,124,218,317
180,130,207,300
180,127,212,315
176,130,215,309
169,122,225,325
174,115,204,323
189,117,188,318
175,117,198,315
178,130,197,306
175,120,203,311
177,123,203,306
173,128,207,302
176,118,198,317
168,127,218,321
173,119,217,314
170,128,217,303
179,124,204,313
175,121,207,312
174,116,202,308
179,96,201,331
175,94,202,334
182,88,193,342
181,83,207,357
181,79,204,357
181,91,208,339
176,97,215,336
173,96,212,328
179,116,198,316
174,121,170,324
175,114,145,317
169,103,172,332
167,111,197,333
171,136,177,309
180,120,137,317
181,134,142,304
168,114,158,329
176,111,152,334
179,118,151,324
182,120,144,319
189,121,137,319
183,114,145,322
180,117,152,321
185,113,145,323
172,113,161,322
183,115,145,322
183,114,145,322
179,119,149,325
188,120,136,321
188,117,137,322
174,122,154,315
175,120,154,315
187,118,143,327
185,121,150,317
194,120,142,312
176,124,166,314
186,122,159,315
186,132,174,311
192,124,173,309
191,143,169,300
188,122,181,317
192,128,172,308
185,120,185,315
184,126,178,305
189,123,130,310
188,104,133,323
180,114,143,322
183,99,136,328
189,107,123,331
189,98,129,323
190,109,129,326
188,98,128,339
188,106,132,324
190,106,128,326
192,97,121,337
193,92,122,345
189,100,126,340
182,95,139,338
171,99,166,331
175,101,202,332
181,100,195,329
181,100,171,339
183,91,136,345
188,88,123,348
190,93,126,348
190,87,129,345
187,79,129,354
190,92,132,343
191,92,126,340
190,85,127,355
189,81,133,353
189,73,131,365
191,79,134,361
192,84,132,348
193,86,130,348
190,83,136,352
186,85,133,350
188,65,131,374
185,62,130,377
188,28,128,413
190,60,128,381
191,81,127,361
188,87,133,350
187,71,135,365
188,61,139,375
189,65,129,370
189,81,134,360
185,100,133,335
181,96,138,331
187,107,137,333
174,112,157,323
172,111,150,324
162,103,157,323
163,113,159,328
171,107,159,333
182,103,149,323
196,101,132,337
197,100,132,334
195,106,137,324
196,92,141,345
194,95,147,336
194,111,166,332
189,97,181,333
193,94,182,349
188,102,191,329
185,102,192,330
189,93,188,338
186,100,193,339
181,100,198,336
188,98,188,336
189,105,181,332
184,101,212,335
178,103,215,332
183,104,210,329
184,106,205,330
185,97,207,340
184,91,209,342
191,95,177,340
193,91,132,346
193,92,129,341
194,95,128,341
193,91,130,343
193,94,130,341
195,87,120,345
194,92,125,353
192,87,122,345
194,88,127,349
190,91,129,342
193,87,135,347
194,84,124,351
194,88,134,353
194,86,123,345
193,93,125,347
193,85,122,349
193,87,118,355
194,91,129,342
190,88,129,349
195,84,118,353
195,87,122,348
195,86,121,349
194,87,119,353
194,88,117,352
194,83,118,353
190,88,124,348
190,90,129,348
192,86,123,348
188,73,130,365
187,66,135,372
182,64,140,371
181,61,144,379
182,83,139,355
176,88,151,343
171,88,160,348
174,78,169,349
189,93,148,343
190,92,133,342
190,96,147,338
188,90,187,343
196,96,153,340
198,103,134,332
192,104,179,325
205,113,132,326
199,101,143,328
197,103,179,328
206,111,126,337
198,105,155,329
189,99,151,332
190,103,160,329
202,107,128,339
193,99,162,334
208,110,119,323
201,90,146,343
198,94,138,338
199,91,137,342
203,93,129,349
209,90,124,346
199,92,131,348
192,97,146,336
194,97,145,342
186,106,181,332
187,103,176,337
191,95,173,341
191,100,190,343
194,91,188,343
190,96,198,339
189,99,198,337
185,93,209,337
185,104,199,330
192,98,207,335
162,103,230,332
171,105,230,325
178,103,214,322
186,109,208,324
194,106,197,324
187,106,206,334
194,99,201,332
191,96,203,336
191,97,208,333
190,86,201,345
195,87,187,340
200,99,181,341
195,103,178,333
195,101,181,331
187,100,184,335
193,91,160,345
202,97,169,340
211,95,142,340
210,93,127,336
212,92,115,348
208,91,116,342
206,92,118,346
206,93,124,341
204,95,132,342
204,103,132,324
206,107,120,328
201,101,142,333
198,100,157,331
202,96,157,338
199,87,164,348
201,110,153,323
205,109,136,330
204,97,127,334
201,93,157,345
202,102,154,336
201,100,154,334
199,98,138,332
196,107,153,326
201,94,121,344
200,102,128,328
208,91,122,341
206,97,126,340
206,99,125,325
208,98,128,337
205,88,137,339
212,90,131,341
210,88,138,340
213,85,130,347
207,92,127,343
204,95,119,339
200,94,118,340
194,104,122,336
182,101,130,332
184,102,125,332
183,106,121,335
171,101,129,327
172,107,127,334
168,108,136,322
168,113,135,321
168,120,137,319
165,118,134,314
162,112,141,322
164,112,132,314
163,107,132,327
163,102,137,330
162,100,158,329
166,94,212,339
164,81,221,348
165,92,206,344
171,103,209,331
162,108,224,327
172,106,219,332
172,112,213,325
175,110,212,328
180,108,204,326
183,116,185,324
190,110,167,321
195,106,175,332
198,101,171,337
203,103,170,337
210,117,130,313
207,103,167,335
215,113,155,319
222,101,122,327
229,105,106,338
232,105,106,334
230,110,118,326
237,102,112,330
245,99,106,338
247,97,118,342
245,85,125,349
254,90,99,349
253,99,97,337
260,110,79,319
259,106,75,330
289,92,103,340
286,73,117,349
279,71,140,348
288,68,194,371
287,59,203,374
288,53,197,380
272,48,217,391
269,33,223,402
284,39,206,394
269,34,225,409
273,42,219,394
274,32,213,400
274,53,217,386
279,37,206,400
277,41,208,399
283,41,202,401
287,63,204,374
280,48,216,396
295,41,201,400
279,40,223,404
298,52,199,379
283,56,217,386
278,66,230,369
279,65,225,371
282,71,216,362
283,68,208,364
286,62,198,371
277,63,208,371
269,72,218,356
265,68,228,365
272,79,221,354
261,76,238,360
264,85,234,347
269,83,228,353
265,78,225,356
270,86,198,345
260,78,228,363
269,71,181,379
268,67,181,371
275,73,169,368
278,80,173,360
279,81,176,355
278,76,173,361
286,75,161,360
287,85,163,350
293,83,165,349
289,81,177,347
291,77,179,355
299,80,169,348
300,84,177,341
296,91,206,339
288,92,243,342
301,95,205,338
302,88,163,343
313,82,157,352
321,86,152,339
335,88,133,342
330,85,142,346
333,93,137,340
312,82,159,349
342,101,131,333
338,93,133,342
329,91,148,346
341,82,131,347
334,96,142,340
326,94,155,337
344,99,137,333
343,89,135,331
346,97,132,328
352,94,124,330
358,96,122,330
359,92,120,336
364,92,115,333
365,94,116,333
373,103,109,320
372,98,106,320
376,100,106,317
375,87,106,323
372,100,107,313
373,100,108,321
375,97,104,317
379,95,94,319
372,108,104,315
369,103,101,311
365,106,101,309
367,104,95,302
362,111,97,296
360,112,97,284
359,116,94,279
356,109,94,283
353,113,95,275
353,114,91,276
351,117,91,274
344,119,98,272
342,114,90,273
344,125,86,266
343,116,88,270
336,117,89,270
330,121,98,264
332,117,92,266
326,112,94,261
328,115,92,254
321,111,99,249
321,112,97,248
321,113,92,248
315,112,94,255
309,108,95,260
306,108,96,261
303,106,95,277
301,102,95,277
295,101,98,308
296,93,98,292
295,99,95,291
296,95,95,258
302,102,87,239
290,107,99,219
294,104,91,214
297,106,90,213
295,105,91,221
294,110,91,206
293,111,94,209
296,107,93,207
298,109,87,197
295,111,90,196
295,110,90,207
297,108,89,200
294,112,90,193
298,113,87,192
296,110,89,201
299,115,87,192
297,115,88,195
300,113,84,201
297,112,89,212
300,111,84,209
300,109,84,215
298,111,86,212
301,109,83,200
298,114,86,193
299,114,84,192
303,114,77,193
301,118,83,185
301,115,84,194
300,118,85,189
304,119,81,187
309,123,77,184
312,117,73,188
316,120,69,185
316,115,68,197
323,118,62,188
326,119,62,193
325,120,64,198
333,119,53,192
337,123,51,187
339,119,48,197
341,119,46,190
340,120,47,193
344,118,42,188
346,117,42,190
349,117,38,194
348,120,41,188
353,116,34,192
354,118,34,192
354,118,34,192
354,118,34,192
354,118,34,192
354,118,34,192
354,118,34,192
354,118,34,192
354,118,34,192
354,118,34,192
354,118,34,192
354,118,34,192
354,118,34,192
354,118,34,192
354,118,34,192
354,118,34,192
333,96,47,183
333,96,47,183
333,96,47,183
333,96,47,183
333,96,47,183
333,96,47,183
333,96,47,183
333,96,47,183
333,96,47,183
333,96,47,183
333,96,47,183
333,96,47,183
333,96,47,183
333,96,47,183
333,96,47,183
333,96,47,183
333,96,47,183
333,96,47,183
333,96,47,183
333,96,47,183
333,96,47,183
333,96,47,183
333,96,47,183
333,96,47,183
443,133,40,182
449,127,34,181
441,117,46,197
447,127,41,187
443,125,46,194
441,124,53,202
441,123,55,212
441,124,56,211
440,123,59,210
444,121,56,209
447,121,56,212
446,120,61,212
447,122,61,211
450,120,61,211
449,120,64,214
450,119,66,215
455,122,61,213
452,123,68,211
455,126,67,211
455,123,71,219
454,124,77,221
459,120,73,228
459,122,76,226
461,117,76,231
463,116,76,235
460,115,78,236
461,114,80,237
465,114,77,237
462,116,80,237
461,116,84,242
461,115,79,246
456,117,86,245
455,113,83,252
455,121,81,249
454,114,79,251
452,114,77,250
451,119,78,241
445,114,79,250
442,109,78,254
442,110,74,258
437,109,73,262
437,115,73,259
435,114,71,262
433,114,73,273
431,115,70,269
429,110,71,274
422,113,78,275
417,107,79,279
415,111,82,273
414,112,83,273
409,106,82,282
410,110,77,273
406,117,80,272
401,117,85,273
400,115,83,279
396,121,84,277
390,108,87,290
381,109,88,294
379,107,87,302
372,104,95,309
362,105,107,309
356,100,101,307
354,106,105,308
358,97,89,326
349,100,99,331
342,97,104,329
343,102,106,326
321,102,130,329
321,97,128,330
317,101,132,330
324,99,122,333
319,89,121,343
328,90,105,345
322,86,108,351
325,88,103,348
320,86,107,352
317,86,109,349
314,88,113,345
312,87,116,345
307,91,118,342
305,97,123,341
302,89,123,350
305,88,116,347
300,97,122,339
292,86,127,352
287,87,131,345
281,89,140,349
281,86,138,343
278,75,140,368
271,86,151,352
273,82,142,354
275,91,144,348
274,88,145,347
275,89,147,348
281,79,144,353
281,91,148,351
289,91,141,349
282,78,154,361
282,79,159,359
287,79,154,363
288,70,161,366
289,79,165,361
287,83,165,353
291,73,166,362
291,71,171,366
292,76,176,363
304,77,159,353
299,81,167,356
301,62,170,364
299,77,173,362
310,55,163,378
314,58,162,368
321,60,159,369
345,53,139,379
341,48,143,386
333,41,161,402
341,41,179,391
342,54,197,389
345,59,205,378
342,46,212,388
345,46,228,389
347,60,226,376
358,58,221,379
366,59,222,374
370,54,196,377
382,51,187,392
386,65,176,373
391,60,179,374
397,53,173,382
400,58,172,379
402,75,174,373
407,90,181,350
407,69,186,364
411,84,189,359
414,88,193,348
416,96,193,346
420,82,198,362
423,84,200,354
420,76,217,363
431,82,221,355
436,90,228,340
440,78,229,357
440,53,233,383
446,52,235,383
442,55,244,379
438,51,256,383
444,52,257,384
438,57,261,380
446,60,255,376
459,55,243,378
444,63,273,372
452,72,257,365
453,48,254,389
459,49,237,389
467,54,230,383
464,58,231,382
451,49,242,392
452,72,240,365
458,64,229,370
455,59,233,380
453,51,228,384
456,37,218,398
456,64,213,380
452,61,213,378
445,60,223,377
448,56,202,380
445,57,205,377
439,52,210,389
441,79,215,354
439,72,205,364
425,84,223,348
417,98,230,337
413,93,229,340
408,94,232,335
411,88,225,349
404,78,224,354
425,76,199,358
438,67,182,364
445,69,170,371
459,68,156,368
450,56,164,375
479,52,123,383
419,61,188,375
385,75,223,358
372,85,230,341
372,87,251,341
364,85,249,339
356,93,270,325
349,69,285,365
318,75,306,359
321,67,316,361
304,62,328,371
270,43,364,388
298,81,398,349
266,73,377,354
249,52,392,378
246,52,413,381
338,66,397,364
264,89,417,343
379,96,378,336
360,85,371,354
339,84,371,342
253,82,420,344
379,64,378,368
448,91,322,341
470,97,217,332
261,96,148,334
263,93,139,340
261,91,138,331
263,90,138,343
252,94,150,336
254,84,148,345
255,82,146,353
255,77,141,358
246,72,153,362
248,62,148,372
242,62,152,368
239,58,144,374
233,55,151,384
229,64,155,371
221,60,160,376
213,63,177,375
208,67,178,370
204,75,181,364
199,60,187,374
198,53,190,384
187,35,209,404
186,24,206,412
187,32,207,405
174,23,225,417
177,17,229,422
164,22,242,412
175,30,229,406
179,23,225,405
174,38,235,403
182,33,223,398
181,37,220,406
183,50,226,384
177,59,232,373
167,81,235,350
177,94,218,347
172,93,216,339
175,92,211,335
181,100,198,330
180,105,187,321
185,100,196,330
183,106,176,320
187,108,185,323
185,100,170,329
181,104,195,336
184,107,182,322
181,99,179,331
180,114,194,320
180,111,185,315
177,111,199,321
178,99,198,331
175,105,183,328
175,102,198,334
173,95,194,336
177,99,152,335
175,95,174,333
170,110,199,327
163,104,217,325
159,101,214,331
155,100,196,337
156,130,220,306
148,124,233,309
146,124,205,319
144,129,198,299
135,119,192,315
138,126,183,309
137,114,181,309
142,113,165,326
140,112,168,319
139,110,165,329
136,114,168,327
147,117,158,317
141,123,167,315
147,111,161,319
151,109,157,335
154,116,155,329
163,113,146,331
164,109,144,317
163,111,151,323
170,108,141,331
176,113,147,320
177,122,147,317
183,118,140,316
191,120,132,314
193,114,129,326
191,101,129,330
195,109,127,335
201,108,115,330
198,104,121,334
200,103,117,337
199,103,130,337
207,113,158,316
212,117,193,307
212,113,165,327
206,103,148,322
211,116,131,331
204,110,138,328
205,124,130,324
196,106,137,330
192,120,141,316
185,118,154,316
188,108,146,321
182,122,144,309
191,119,136,318
190,109,133,314
180,111,134,330
180,108,134,327
181,98,134,329
183,109,125,335
179,107,137,323
175,114,127,320
175,104,129,325
169,110,155,324
172,122,140,316
166,113,155,316
166,109,154,331
165,104,159,333
164,103,158,335
167,102,185,339
164,98,243,344
160,116,253,322
161,126,238,314
163,124,224,308
169,102,199,315
161,116,210,331
155,113,213,315
158,121,222,315
157,113,228,309
157,112,228,321
157,114,225,317
157,103,244,325
160,103,224,329
163,104,189,340
169,108,147,339
171,103,161,323
161,108,181,340
168,102,167,337
167,110,171,331
176,105,159,328
179,110,161,322
184,102,149,341
182,96,149,337
185,110,145,342
191,108,131,324
191,96,141,344
194,101,147,340
199,113,142,332
203,109,163,321
202,105,209,323
202,79,202,358
207,55,213,389
202,97,205,345
212,76,200,376
206,63,206,374
205,82,210,360
200,90,222,351
202,76,233,369
190,88,246,360
203,32,264,397
203,13,287,422
222,24,360,405
220,28,373,418
218,25,364,413
204,25,369,417
199,44,390,392
195,65,390,373
166,82,444,356
113,72,472,375
185,57,430,391
166,51,410,397
174,47,446,383
133,82,465,364
181,32,400,395
133,67,336,371
151,98,411,331
119,114,419,319
143,72,409,362
148,90,414,353
157,91,405,342
142,102,407,332
161,87,393,346
109,78,445,368
158,74,414,363
150,85,406,350
165,104,400,320
154,71,409,362
170,64,391,371
178,48,372,385
142,70,412,367
135,66,424,366
141,77,413,360
171,45,394,388
164,49,396,386
175,55,396,379
175,46,396,390
194,61,386,374
102,57,470,386
144,37,453,404
137,56,457,390
151,51,450,386
137,50,457,382
221,34,382,408
218,29,389,417
195,25,446,414
185,38,447,404
197,52,453,379
211,29,432,404
232,26,407,395
225,26,394,404
226,18,366,414
216,22,376,409
194,19,394,422
217,28,374,405
201,36,392,398
235,34,368,398
202,38,396,397
168,62,424,373
187,41,401,401
180,61,409,380
175,41,413,390
179,47,410,387
179,41,401,390
175,27,413,401
183,29,403,394
174,28,412,401
188,23,405,417
168,17,422,411
178,22,416,409
186,33,405,400
189,27,393,412
195,34,392,400
191,31,394,406
186,29,397,414
185,36,398,402
189,20,391,426
191,35,381,407
176,25,399,415
182,33,389,405
183,22,377,415
188,10,389,416
179,24,400,413
182,8,409,424
188,21,399,417
180,33,400,396
186,33,388,405
192,21,378,411
186,26,378,403
184,30,381,404
190,27,372,409
186,23,372,411
190,21,375,415
192,14,365,412
189,25,371,415
188,17,368,416
187,20,358,420
186,28,363,397
191,19,354,410
189,27,358,400
185,18,358,420
174,53,370,385
157,40,378,395
171,36,362,400
172,43,358,396
172,33,359,403
185,23,337,418
182,21,343,413
191,21,319,417
196,18,317,420
207,11,301,421
208,20,305,414
221,35,292,397
220,35,302,405
206,54,324,387
201,73,322,364
200,63,304,373
192,75,313,355
193,61,307,371
194,83,307,353
184,77,313,359
188,64,292,373
152,72,354,373
173,77,325,358
174,57,328,380
188,41,292,392
182,52,306,384
186,43,307,396
198,36,271,397
205,29,282,406
199,19,320,420
211,22,291,418
209,12,317,429
212,35,321,403
219,27,326,414
194,20,359,424
234,22,330,398
189,19,384,411
194,12,398,432
202,3,401,434
184,3,426,440
150,16,469,420
154,29,462,413
176,19,446,410
152,37,466,400
148,27,493,403
159,29,488,397
141,34,486,405
160,39,455,390
165,41,431,400
200,53,380,383
177,22,395,419
190,38,367,393
238,18,295,423
201,48,333,396
213,31,329,406
205,23,331,422
218,19,298,420
245,44,267,391
204,17,318,419
204,35,339,410
224,34,337,394
208,25,371,418
227,59,350,373
241,46,341,376
195,27,392,415
205,29,386,405
188,16,407,420
195,25,371,416
204,29,313,405
214,51,282,393
218,43,277,397
225,48,286,394
243,52,268,390
239,64,286,377
247,58,252,381
248,61,239,375
247,66,253,363
250,42,259,390
235,31,288,403
247,26,262,413
230,36,275,397
240,36,269,395
244,30,260,400
249,23,243,410
218,18,279,418
214,18,284,420
208,18,311,417
206,24,311,419
216,32,305,414
212,25,320,416
221,26,319,415
216,33,331,406
220,51,344,386
228,80,362,355
236,79,361,352
271,81,330,349
234,70,376,360
238,58,366,373
242,53,360,382
238,41,369,396
240,49,376,384
247,81,380,349
247,77,384,353
255,62,374,367
279,49,353,389
234,53,407,377
236,54,401,386
236,35,398,397
231,53,417,383
231,50,420,388
238,63,417,368
230,45,429,388
236,49,413,385
229,60,423,368
231,53,415,383
225,53,423,384
233,60,410,373
230,60,410,377
234,51,404,379
225,79,416,354
228,45,416,384
236,76,401,353
232,43,398,393
238,48,388,382
232,66,396,363
226,27,405,398
236,48,391,386
241,83,388,337
241,107,384,326
245,67,376,360
250,92,375,333
244,95,384,331
251,76,373,364
252,62,373,371
270,101,360,330
265,101,360,338
263,90,358,343
266,94,353,337
279,75,335,353
273,115,328,322
287,110,308,307
290,110,298,327
293,99,292,328
311,116,273,320
294,89,286,339
325,99,259,325
313,115,263,317
324,117,252,317
322,100,246,329
343,123,230,316
345,122,210,310
357,118,202,311
358,118,199,312
362,97,192,322
373,112,175,322
375,112,176,313
382,123,158,302
383,120,156,309
384,123,155,306
387,128,153,302
394,122,142,308
392,132,144,295
392,131,142,296
397,122,135,304
393,130,138,294
395,135,142,294
397,128,135,295
394,123,135,297
395,121,131,292
394,124,131,291
392,126,137,295
394,118,133,294
392,124,133,284
389,124,139,286
394,121,130,287
397,126,135,289
400,126,130,279
397,127,138,282
399,128,137,278
402,127,133,280
403,118,142,289
409,119,136,280
415,121,127,272
416,123,121,266
414,121,130,269
412,122,132,265
418,122,122,262
419,125,105,254
424,127,93,257
425,124,100,260
426,134,102,248
426,136,103,241
430,138,92,243
434,138,85,238
435,133,85,245
438,131,83,241
439,127,78,240
443,127,79,234
448,127,71,236
448,126,75,229
449,126,71,233
454,126,72,230
453,125,73,234
457,126,78,230
458,132,80,224
465,136,75,222
467,132,80,223
471,126,79,227
474,129,79,221
478,131,78,216
485,135,70,216
497,135,58,216
499,133,55,218
505,145,68,207
505,149,50,199
512,150,64,212
524,131,75,227
524,131,75,227
524,131,75,227
524,131,75,227
524,131,75,227
524,131,75,227
524,131,75,227
524,131,75,227
524,131,75,227
524,131,75,227
524,131,75,227
524,131,75,227
524,131,75,227
524,131,75,227
524,131,75,227
524,131,75,227
524,131,75,227
524,131,75,227
524,131,75,227
524,131,75,227
524,131,75,227
524,131,75,227
524,131,75,227
524,131,75,227
524,131,75,227
524,131,75,227
524,131,75,227
524,131,75,227
524,131,75,227
524,131,75,227
524,131,75,227
524,131,75,227
524,131,75,227
524,131,75,227
524,131,75,227
524,131,75,227
