520,126,199,411
502,121,233,432
507,130,228,411
514,118,222,399
523,144,214,391
543,134,176,402
542,136,176,400
553,136,157,403
564,129,147,407
569,128,135,418
578,128,132,412
578,143,120,391
580,150,124,387
575,143,140,400
574,136,146,412
563,122,159,423
559,132,161,415
547,121,178,425
548,129,176,411
554,126,162,414
543,140,179,394
545,138,173,395
533,130,175,404
551,129,166,400
544,131,170,401
544,134,172,394
542,129,172,403
560,133,147,395
550,136,159,394
553,130,155,405
549,134,161,393
552,142,159,387
553,124,157,409
559,139,147,387
556,138,153,398
555,133,155,403
555,119,153,421
552,129,151,413
550,117,148,425
552,117,154,429
550,137,147,401
545,113,151,421
542,135,154,395
543,127,149,406
541,122,143,423
535,142,145,394
529,145,145,398
530,138,142,401
531,137,141,410
524,136,137,410
514,136,141,407
503,139,149,404
499,146,144,396
483,150,147,395
486,134,140,411
469,133,151,415
466,141,146,402
455,144,144,403
455,141,137,398
460,134,125,415
458,144,130,404
455,148,128,402
452,144,131,398
450,158,131,395
450,146,133,397
448,150,136,397
446,143,139,408
446,160,133,390
442,151,134,394
440,152,135,395
444,146,137,404
442,147,126,395
447,152,128,393
449,151,113,391
450,157,119,386
460,144,100,403
456,151,100,393
465,140,96,396
462,127,93,414
467,149,92,387
461,136,87,395
473,147,87,394
464,131,91,411
473,142,87,403
472,134,84,410
479,146,87,403
479,149,90,396
478,153,86,386
483,149,83,389
484,172,95,365
485,208,106,332
486,186,104,349
489,212,102,327
490,187,99,354
493,164,105,382
497,181,108,364
505,162,96,373
507,164,107,368
509,157,113,360
507,172,121,369
507,149,132,395
519,160,115,388
519,166,121,382
517,139,122,413
525,146,121,399
525,162,117,379
526,175,117,370
530,144,110,399
527,166,112,382
525,186,113,359
532,155,106,394
531,176,107,369
527,154,105,392
528,174,107,366
529,166,108,377
527,156,111,386
524,174,110,365
520,165,121,373
523,167,111,374
523,166,108,376
523,167,109,373
526,168,103,367
528,181,100,346
529,182,97,352
527,171,97,365
534,174,97,353
534,161,93,369
535,170,95,366
539,178,88,347
541,174,89,344
537,179,94,333
535,186,97,321
536,188,95,316
535,184,94,321
537,183,93,322
535,181,93,327
538,177,88,325
536,187,90,313
538,192,87,304
534,191,86,306
536,183,80,307
533,182,84,314
529,180,82,318
531,187,82,305
527,184,84,307
525,189,84,291
525,186,83,283
524,190,83,282
525,191,85,282
520,191,87,277
524,193,80,278
524,192,80,275
523,185,81,282
522,190,83,279
524,194,82,268
524,193,82,267
526,195,81,260
524,198,82,251
526,194,78,256
526,192,78,257
523,194,82,252
525,188,80,258
524,191,74,251
525,186,74,255
525,187,74,255
522,187,78,259
524,189,74,257
521,193,75,249
524,191,69,245
522,196,72,242
524,190,64,252
520,187,70,254
519,192,67,247
521,187,64,249
517,184,67,250
516,187,69,241
514,189,69,240
513,190,68,238
515,183,64,242
511,190,67,235
511,190,67,235
510,192,65,229
508,197,65,223
512,192,63,228
510,193,65,228
511,197,65,225
512,191,66,230
510,196,69,226
509,201,72,219
512,198,69,220
512,197,69,220
510,197,70,217
507,201,74,210
506,199,75,217
508,197,77,213
506,196,78,216
507,195,75,212
509,195,75,212
510,195,70,205
511,194,68,207
511,196,66,208
513,194,60,211
515,188,56,221
515,186,55,220
515,183,52,223
514,186,53,219
516,185,48,221
514,187,51,217
515,186,50,215
517,188,47,215
517,190,48,212
517,187,47,217
516,190,50,213
518,190,49,210
518,190,48,207
518,190,54,207
519,190,52,206
522,192,50,204
522,191,51,205
524,190,48,206
525,193,49,203
525,192,50,204
525,192,50,203
527,195,49,198
527,194,50,201
528,192,46,200
529,191,47,205
527,193,49,199
530,194,46,199
530,196,46,197
530,191,44,203
531,192,44,202
529,191,44,205
528,189,45,206
529,192,42,204
528,194,41,199
527,194,39,198
527,193,40,199
528,191,40,204
528,192,36,201
525,192,40,200
525,190,39,206
525,188,39,209
525,188,38,210
523,189,41,207
524,186,39,212
523,185,36,216
521,186,36,206
521,186,36,211
518,187,38,206
517,158,37,205
514,156,40,196
515,142,36,190
512,157,38,177
513,162,36,166
507,164,42,152
508,174,33,134
505,180,32,119
504,184,32,109
504,193,27,104
505,200,23,99
506,212,21,88
506,212,21,88
506,212,21,88
506,212,21,88
506,212,21,88
506,212,21,88
506,212,21,88
506,212,21,88
506,212,21,88
506,212,21,88
506,212,21,88
551,249,33,92
551,249,33,92
551,249,33,92
551,249,33,92
551,249,33,92
551,249,33,92
551,249,33,92
551,249,33,92
551,249,33,92
551,249,33,92
551,249,33,92
551,249,33,92
551,249,33,92
551,249,33,92
551,249,33,92
551,249,33,92
551,249,33,92
551,249,33,92
551,249,33,92
551,249,33,92
551,249,33,92
551,249,33,92
551,249,33,92
551,249,33,92
551,249,33,92
551,249,33,92
551,249,33,92
551,249,33,92
551,249,33,92
551,249,33,92
551,249,33,92
551,249,33,92
551,249,33,92
551,249,33,92
551,249,33,92
551,249,33,92
551,249,33,92
551,249,33,92
551,249,33,92
551,249,33,92
551,249,33,92
551,249,33,92
551,249,33,92
551,249,33,92
551,249,33,92
551,249,33,92
551,249,33,92
551,249,33,92
551,249,33,92
551,249,33,92
551,249,33,92
551,249,33,92
551,249,33,92
551,249,33,92
551,249,33,92
551,249,33,92
551,249,33,92
551,249,33,92
551,249,33,92
551,249,33,92
551,249,33,92
551,249,33,92
551,249,33,92
551,249,33,92
551,249,33,92
551,249,33,92
551,249,33,92
551,249,33,92
551,249,33,92
551,249,33,92
551,249,33,92
551,249,33,92
551,249,33,92
551,249,33,92
551,249,33,92
551,249,33,92
551,249,33,92
551,249,33,92
551,249,33,92
551,249,33,92
551,249,33,92
551,249,33,92
551,249,33,92
551,249,33,92
551,249,33,92
551,249,33,92
551,249,33,92
551,249,33,92
551,249,33,92
551,249,33,92
551,249,33,92
551,249,33,92
551,249,33,92
551,249,33,92
551,249,33,92
551,249,33,92
551,249,33,92
551,249,33,92
551,249,33,92
551,249,33,92
551,249,33,92
551,249,33,92
551,249,33,92
551,249,33,92
551,249,33,92
551,249,33,92
551,249,33,92
551,249,33,92
551,249,33,92
551,249,33,92
551,249,33,92
551,249,33,92
551,249,33,92
551,249,33,92
551,249,33,92
551,249,33,92
551,249,33,92
551,249,33,92
551,249,33,92
427,260,44,100
423,255,48,94
425,257,48,85
428,249,48,90
427,247,48,86
425,259,52,76
424,252,55,81
421,249,58,83
419,261,64,79
419,260,65,74
419,259,67,74
428,257,57,76
431,252,55,78
434,248,53,81
436,247,53,84
437,250,55,79
435,251,58,76
436,248,58,80
434,249,59,79
439,243,53,84
437,236,57,92
437,225,57,104
432,209,64,119
438,215,57,134
438,185,61,149
439,185,60,172
436,187,65,190
443,170,57,208
441,166,60,215
443,170,57,211
444,165,58,216
441,166,59,214
437,169,65,213
442,168,59,213
442,173,60,206
440,174,61,206
439,173,61,202
439,173,62,203
437,177,63,200
435,173,63,208
435,172,57,206
434,170,54,210
437,169,57,207
435,166,55,210
434,168,53,203
432,168,53,200
431,168,55,201
430,162,51,203
432,168,52,198
434,162,50,206
434,172,49,195
434,169,46,197
435,171,47,196
436,173,46,193
436,171,48,194
434,168,50,197
436,173,50,192
434,172,51,188
434,171,50,188
438,172,49,186
435,177,50,183
438,173,49,184
438,178,49,181
438,175,57,187
438,176,48,188
441,175,48,182
439,179,48,181
438,176,48,183
438,173,48,191
468,185,58,189
474,185,57,208
467,183,66,211
463,184,72,207
457,182,78,212
460,182,74,214
454,179,82,215
457,182,77,213
453,181,81,213
452,181,85,213
452,180,83,213
455,174,79,220
455,167,79,228
458,169,73,228
456,171,76,226
456,175,77,227
461,180,68,222
461,178,72,217
463,177,66,222
465,182,69,216
467,182,66,211
470,183,61,216
468,185,67,209
469,186,70,212
469,184,76,211
467,182,88,215
468,183,97,218
472,174,79,222
470,180,86,216
471,187,103,210
475,184,93,211
476,180,76,212
477,187,83,209
479,185,89,211
479,183,73,208
478,180,81,216
478,184,72,208
478,182,71,209
479,185,70,202
478,184,69,204
478,181,68,209
484,185,62,203
487,183,60,206
493,185,54,202
494,185,61,204
493,184,58,203
497,186,53,201
498,183,53,206
501,182,51,203
500,182,54,200
500,184,58,199
499,187,59,194
500,187,64,193
499,187,64,192
499,185,65,193
501,184,64,196
505,181,56,198
506,185,55,193
507,184,55,195
508,186,56,193
508,185,56,188
509,183,57,190
506,185,62,188
510,182,57,187
511,182,53,189
514,175,50,193
513,179,51,189
517,181,47,183
516,181,50,183
517,182,48,184
518,184,46,180
517,184,45,181
518,182,43,184
516,184,48,180
514,184,50,176
514,186,49,171
512,187,47,169
510,192,47,166
507,190,48,164
506,192,47,163
505,195,47,156
504,195,50,159
502,197,50,159
501,197,51,158
503,196,45,158
502,197,43,154
502,193,41,153
501,194,41,154
503,198,40,146
500,194,41,153
497,192,45,152
499,196,39,149
495,194,43,152
495,197,41,146
495,196,41,152
498,197,36,148
496,197,35,147
493,195,37,149
492,192,37,147
492,197,37,143
492,193,35,146
492,193,34,146
490,192,34,146
489,194,35,143
489,193,34,144
489,195,35,143
486,195,39,142
486,199,38,138
482,197,39,133
486,200,35,135
485,195,37,138
483,194,40,139
484,197,37,135
482,195,40,137
480,198,39,134
479,198,39,133
481,197,36,134
479,200,38,130
481,197,34,134
481,197,33,136
480,196,33,136
481,196,31,134
480,195,32,131
478,195,33,130
479,194,30,130
476,196,34,129
478,195,31,127
476,195,34,125
477,199,32,122
475,198,34,125
476,199,34,122
474,200,34,122
475,198,33,121
476,199,30,123
475,198,31,121
476,196,29,123
476,196,29,123
472,195,32,123
470,199,34,121
471,199,32,120
473,197,29,120
472,198,29,122
472,198,27,123
469,199,29,119
468,197,29,119
468,197,28,117
466,196,29,115
464,196,30,116
464,195,30,116
463,196,29,115
463,197,28,115
462,197,29,114
461,199,28,113
460,198,28,112
459,198,29,111
458,198,27,114
458,198,26,109
458,199,24,108
456,197,26,108
455,196,25,110
452,197,26,107
449,198,28,108
449,198,28,109
447,199,28,107
446,199,29,106
445,199,27,106
443,199,28,108
440,198,29,104
440,197,26,104
437,197,28,106
434,199,29,104
433,197,27,105
432,198,26,105
431,199,25,104
431,199,24,102
429,200,22,100
428,199,23,101
428,199,21,100
429,197,18,102
428,198,18,106
422,194,22,108
421,191,20,107
421,191,20,107
421,191,20,107
421,191,20,107
421,191,20,107
421,191,20,107
421,191,20,107
421,191,20,107
421,191,20,107
421,191,20,107
421,191,20,107
421,191,20,107
421,191,20,107
421,191,20,107
421,191,20,107
421,191,20,107
421,191,20,107
421,191,20,107
421,191,20,107
421,191,20,107
421,191,20,107
421,191,20,107
421,191,20,107
421,191,20,107
421,191,20,107
421,191,20,107
421,191,20,107
421,191,20,107
421,191,20,107
421,191,20,107
421,191,20,107
421,191,20,107
421,191,20,107
421,191,20,107
421,191,20,107
421,191,20,107
421,191,20,107
421,191,20,107
421,191,20,107
421,191,20,107
421,191,20,107
421,191,20,107
421,191,20,107
421,191,20,107
421,191,20,107
421,191,20,107
421,191,20,107
421,191,20,107
421,191,20,107
421,191,20,107
421,191,20,107
421,191,20,107
421,191,20,107
421,191,20,107
421,191,20,107
421,191,20,107
421,191,20,107
421,191,20,107
421,191,20,107
421,191,20,107
421,191,20,107
421,191,20,107
421,191,20,107
421,191,20,107
421,191,20,107
421,191,20,107
421,191,20,107
421,191,20,107
421,191,20,107
421,191,20,107
421,191,20,107
421,191,20,107
421,191,20,107
421,191,20,107
421,191,20,107
421,191,20,107
421,191,20,107
421,191,20,107
423,222,23,101
424,203,21,100
428,199,21,101
429,198,21,102
428,199,23,104
430,201,21,104
431,200,22,102
432,200,26,100
442,198,25,104
444,198,25,107
446,198,28,107
448,199,29,106
449,200,32,107
450,202,29,103
451,200,32,107
453,199,31,109
454,200,31,109
456,200,31,111
457,199,31,108
456,199,33,111
458,200,33,109
460,200,34,109
460,201,34,109
463,199,33,112
463,201,31,109
465,201,28,113
466,200,26,115
466,199,27,116
468,198,26,116
468,197,26,118
467,197,27,114
468,196,27,117
468,195,26,120
467,195,27,119
466,197,29,119
466,197,27,118
464,198,28,118
462,199,31,118
462,200,29,119
460,200,32,120
459,198,29,121
458,198,31,121
457,197,31,122
457,196,30,123
456,195,31,127
454,194,29,127
452,195,30,123
452,196,29,123
453,196,28,125
453,195,28,126
454,196,26,126
452,197,28,128
449,196,31,128
446,196,32,128
445,195,34,129
445,195,33,129
446,194,29,130
445,196,30,129
442,194,33,131
440,195,33,130
439,198,34,129
439,196,32,132
437,196,35,133
437,194,34,136
437,193,31,140
435,195,33,136
435,195,32,134
433,196,32,132
433,194,32,134
432,194,32,136
433,193,31,136
432,194,31,138
432,192,31,140
430,196,33,135
429,194,34,140
429,195,33,142
429,193,32,144
429,193,31,143
428,194,31,140
428,194,31,141
426,193,34,144
423,192,36,144
425,195,34,143
422,193,37,148
423,193,34,146
422,194,36,148
421,195,34,150
420,193,34,151
418,194,35,150
419,193,35,153
417,193,35,152
417,191,35,154
415,191,37,156
414,188,37,159
414,192,35,156
414,191,36,159
415,190,36,160
414,192,35,159
413,191,37,164
413,190,36,167
412,190,35,166
411,185,34,169
412,185,34,168
410,187,35,166
409,186,37,168
408,191,38,164
408,186,37,171
406,188,38,171
407,191,35,172
405,195,34,166
403,191,37,173
402,188,36,178
401,182,37,182
398,190,39,174
397,187,42,176
397,192,40,173
397,190,39,178
398,185,36,183
396,191,39,182
398,186,35,190
396,188,38,187
397,186,38,191
397,185,39,193
395,187,39,190
395,187,38,192
393,180,42,193
392,185,44,188
392,186,44,189
393,185,41,194
389,184,45,194
388,189,47,191
388,187,44,198
387,190,44,194
386,192,46,197
386,193,45,194
386,192,45,198
384,190,46,197
384,189,46,198
380,189,50,200
380,188,51,204
380,189,51,205
380,189,49,206
381,190,48,207
383,189,44,211
381,190,47,213
382,187,43,214
381,186,46,219
382,185,46,222
381,184,48,215
378,185,54,211
381,187,50,209
381,184,52,210
380,182,55,215
382,182,54,219
383,181,54,225
387,180,51,228
388,181,48,226
390,182,47,229
394,178,47,237
395,174,47,242
397,175,48,241
399,183,48,235
400,173,47,245
404,180,45,243
408,172,44,247
408,175,46,246
409,173,47,247
413,176,44,247
416,178,46,245
418,181,49,242
419,185,49,235
419,188,53,231
422,186,52,234
424,187,49,233
426,188,53,234
427,189,57,235
430,189,58,234
434,187,56,235
434,187,56,239
435,186,59,240
436,183,59,246
437,183,63,251
440,182,61,256
441,184,61,256
441,184,63,255
440,179,63,264
438,179,66,266
440,182,67,262
437,180,69,262
439,185,67,251
439,178,67,266
441,180,66,269
439,182,66,258
436,177,68,272
433,183,65,261
435,181,63,270
434,183,63,281
427,187,69,273
426,184,70,287
424,184,70,285
418,188,70,276
415,183,70,288
411,179,71,283
409,180,63,274
403,180,64,287
395,186,70,293
389,184,74,295
383,184,74,291
378,180,78,297
370,189,81,290
366,187,84,293
362,192,86,286
357,183,87,301
352,187,86,291
345,178,86,300
338,177,89,306
338,182,79,303
331,179,82,306
333,172,77,318
330,178,70,311
331,167,66,324
331,169,60,316
328,170,59,324
323,173,62,320
323,170,59,324
321,165,58,335
316,160,60,338
315,168,59,331
312,177,62,318
309,172,62,333
310,176,59,328
306,174,62,329
309,180,57,321
304,174,59,328
303,169,61,338
305,163,60,339
302,162,60,345
302,163,64,344
301,162,63,343
303,159,61,347
304,166,58,341
303,172,58,335
300,149,63,355
298,165,72,343
301,149,68,357
302,167,66,340
304,163,64,346
305,158,66,354
301,174,69,333
305,188,74,320
303,192,76,309
303,182,82,318
305,186,80,310
306,192,82,292
306,184,88,304
305,191,95,297
311,198,88,285
310,186,82,295
315,196,83,283
316,183,79,292
320,181,76,298
326,198,72,281
323,192,73,286
327,195,67,280
327,187,70,293
323,188,75,279
323,183,83,284
321,191,80,274
321,188,79,270
327,195,75,258
326,180,74,273
327,191,71,257
327,180,73,270
330,188,68,266
333,185,68,265
331,190,68,259
333,190,66,256
335,190,66,254
336,190,64,251
335,189,71,246
335,195,74,236
338,193,78,237
339,190,76,241
344,194,65,231
347,188,66,239
346,192,71,230
347,193,71,234
346,199,76,228
348,202,70,223
345,192,68,231
349,194,60,225
346,189,61,233
347,187,61,227
343,190,65,228
340,195,69,223
345,189,65,231
346,193,61,222
346,187,58,228
346,187,58,226
341,185,64,229
345,186,58,220
342,185,59,226
340,189,63,220
342,186,59,222
343,185,57,224
342,187,56,217
339,190,60,215
340,186,60,220
338,185,61,216
335,188,64,216
336,187,61,215
334,189,60,211
333,183,59,223
333,186,60,218
331,184,57,219
328,180,58,227
329,185,55,222
323,185,57,220
320,194,60,211
319,187,60,215
321,185,55,218
320,187,50,211
319,189,48,210
320,190,47,210
318,158,42,240
313,143,50,263
315,167,51,242
315,167,51,242
315,167,51,242
315,167,51,242
315,167,51,242
315,167,51,242
315,167,51,242
315,167,51,242
315,167,51,242
315,167,51,242
315,167,51,242
315,167,51,242
315,167,51,242
315,167,51,242
315,167,51,242
315,167,51,242
315,167,51,242
315,167,51,242
315,167,51,242
315,167,51,242
315,167,51,242
315,167,51,242
315,167,51,242
315,167,51,242
315,167,51,242
315,167,51,242
315,167,51,242
315,167,51,242
315,167,51,242
315,167,51,242
315,167,51,242
315,167,51,242
315,167,51,242
315,167,51,242
315,167,51,242
315,167,51,242
315,167,51,242
315,167,51,242
315,167,51,242
315,167,51,242
315,167,51,242
556,268,63,229
556,268,63,229
556,268,63,229
547,219,90,253
535,186,97,281
535,152,95,326
535,146,101,336
536,132,104,367
533,124,106,381
530,131,106,372
523,134,115,357
519,129,108,358
516,133,104,355
509,135,100,358
501,141,112,353
495,139,114,363
492,139,118,366
492,143,113,359
492,140,110,363
488,135,107,367
485,138,105,362
481,140,106,366
482,140,100,368
475,132,101,381
461,139,120,370
458,139,123,381
458,145,122,370
457,138,119,381
450,138,123,389
449,134,115,392
451,130,108,399
447,130,111,403
447,137,109,387
445,135,111,372
441,136,108,377
447,130,101,397
436,124,111,407
436,127,109,405
427,126,117,400
422,121,117,415
421,125,115,406
416,125,116,412
411,124,122,408
410,123,120,406
408,116,117,417
404,125,122,409
398,122,122,408
393,125,122,408
385,118,125,413
376,116,131,422
365,105,140,431
356,108,155,432
357,121,146,415
346,125,150,413
342,105,155,417
334,118,165,406
336,110,162,409
325,120,169,410
327,102,154,422
326,91,152,437
320,99,150,429
318,97,141,439
308,92,148,447
297,85,159,458
291,106,163,438
290,85,153,447
278,97,156,440
282,82,155,456
287,79,141,463
288,77,139,460
282,80,140,455
258,89,165,419
242,78,176,436
224,78,188,447
205,81,195,424
181,104,225,412
164,90,239,409
164,59,238,429
162,66,244,421
148,68,256,424
151,58,265,444
141,44,270,468
122,54,281,457
121,55,274,456
130,48,255,478
113,46,273,477
101,42,275,479
98,28,289,500
67,29,319,491
63,30,310,495
48,10,341,517
38,15,338,510
22,9,342,519
16,14,345,512
68,10,341,516
17,5,371,522
5,8,319,526
10,38,237,492
226,27,178,498
263,116,151,445
292,127,111,398
303,157,88,375
298,177,91,348
296,170,90,352
295,176,86,342
292,172,88,343
284,165,91,359
278,168,99,358
279,173,100,359
271,178,100,347
262,193,110,337
261,190,100,335
257,179,100,348
251,172,106,356
248,169,99,363
243,166,105,372
236,165,110,374
229,170,107,366
237,164,103,370
226,166,110,376
224,149,103,390
221,154,106,382
220,157,108,369
221,154,100,368
218,154,96,378
205,154,105,378
197,157,112,376
192,156,115,377
181,151,123,385
171,150,124,387
163,150,133,387
159,149,132,394
157,150,130,397
151,148,124,394
139,150,131,393
128,148,133,376
110,143,146,387
93,142,147,385
81,136,160,407
77,131,162,400
62,122,166,412
51,127,173,412
39,125,176,407
31,128,182,413
23,124,178,422
25,116,158,422
9,123,173,428
14,130,159,411
9,123,155,405
4,125,147,415
5,120,145,417
3,118,139,426
5,106,118,436
3,114,110,425
5,93,94,449
9,84,82,458
1,126,74,416
-15,175,82,408
-15,175,82,408
-15,175,82,408
-15,175,82,408
-15,175,82,408
-15,175,82,408
-15,175,82,408
-15,175,82,408
-15,175,82,408
-15,175,82,408
-15,175,82,408
-15,175,82,408
-15,175,82,408
-15,175,82,408
-15,175,82,408
-15,175,82,408
-15,175,82,408
-15,175,82,408
-15,175,82,408
-15,175,82,408
-15,175,82,408
-15,175,82,408
-15,175,82,408
-15,175,82,408
-15,175,82,408
-15,175,82,408
-15,175,82,408
-15,175,82,408
-15,175,82,408
-15,175,82,408
-15,175,82,408
-15,175,82,408
-15,175,82,408
-15,175,82,408
-15,175,82,408
-15,175,82,408
-15,175,82,408
-15,175,82,408
-15,175,82,408
-15,175,82,408
-15,175,82,408
-15,175,82,408
-15,175,82,408
-15,175,82,408
-15,175,82,408
-15,175,82,408
-15,175,82,408
-15,175,82,408
-15,175,82,408
-15,175,82,408
-15,175,82,408
-15,175,82,408
-15,175,82,408
-15,175,82,408
-15,175,82,408
-15,175,82,408
-15,175,82,408
-15,175,82,408
-15,175,82,408
-15,175,82,408
-15,175,82,408
-15,175,82,408
-15,175,82,408
-15,175,82,408
-15,175,82,408
-15,175,82,408
-15,175,82,408
-15,175,82,408
-15,175,82,408
-15,175,82,408
-15,175,82,408
-15,175,82,408
-15,175,82,408
-15,175,82,408
-15,175,82,408
-15,175,82,408
-15,175,82,408
-15,175,82,408
-15,175,82,408
-15,175,82,408
-15,175,82,408
-15,175,82,408
-15,175,82,408
-15,175,82,408
-15,175,82,408
-15,175,82,408
-15,175,82,408
-15,175,82,408
-15,175,82,408
-15,175,82,408
-15,175,82,408
-15,175,82,408
-15,175,82,408
-15,175,82,408
-15,175,82,408
-15,175,82,408
-15,175,82,408
-15,175,82,408
-15,175,82,408
-15,175,82,408
-15,175,82,408
-15,175,82,408
-15,175,82,408
-15,175,82,408
-15,175,82,408
-15,175,82,408
-15,175,82,408
-15,175,82,408
-15,175,82,408
-15,175,82,408
-15,175,82,408
-15,175,82,408
-15,175,82,408
-15,175,82,408
-15,175,82,408
-15,175,82,408
-15,175,82,408
