454,209,59,38
452,212,63,33
453,209,62,35
453,210,62,34
452,211,63,33
453,212,60,33
455,211,60,33
453,210,61,35
453,211,64,34
453,213,63,33
454,212,60,32
453,211,61,35
454,211,61,35
452,211,61,35
452,211,62,34
452,212,61,33
453,211,61,33
452,211,62,34
451,211,63,34
452,212,61,32
455,212,61,34
454,211,60,35
454,211,61,35
451,211,62,34
455,213,61,33
454,210,60,36
453,210,61,36
452,213,61,31
453,212,62,33
452,209,61,35
453,208,64,36
454,208,60,34
454,208,62,33
453,207,62,35
452,206,61,36
455,207,60,33
452,206,63,35
453,207,62,35
453,204,63,36
452,205,62,34
453,204,62,36
454,205,61,34
452,203,62,37
454,204,62,34
452,202,62,38
453,202,61,38
450,201,63,38
451,201,62,37
452,199,61,38
451,199,62,37
452,198,62,36
451,199,62,35
451,196,62,38
453,198,61,38
452,196,63,40
451,195,62,38
452,198,60,36
453,196,61,37
452,194,61,39
451,195,61,38
454,193,59,40
452,195,61,37
453,195,59,37
452,195,62,37
452,195,60,37
451,196,61,35
451,195,61,36
453,195,60,38
450,196,63,36
450,199,60,37
453,199,58,35
451,199,60,36
451,200,61,36
450,201,61,35
450,202,63,35
451,203,60,36
452,204,61,33
451,206,59,34
453,205,60,34
449,206,61,33
450,206,63,37
447,206,64,36
450,209,61,37
450,209,63,36
448,210,62,35
450,212,61,35
450,210,60,37
451,214,60,34
451,213,61,35
449,214,63,34
450,215,61,34
449,214,61,35
451,216,60,34
449,217,63,35
449,217,64,35
451,219,61,35
450,220,62,35
451,221,62,33
450,221,62,33
451,221,61,35
452,223,60,34
451,224,61,33
449,224,62,33
449,225,63,33
450,225,63,33
452,226,60,35
450,227,64,36
452,228,60,34
453,228,61,35
452,229,60,33
453,231,60,34
452,230,61,36
452,232,62,34
452,232,62,33
450,232,62,36
450,232,64,37
449,234,64,36
451,235,61,36
451,234,60,35
452,235,60,36
451,235,61,34
452,235,62,34
452,237,62,34
451,235,61,35
449,236,64,35
450,236,59,35
449,237,64,36
453,239,61,34
452,240,61,33
451,240,61,36
452,241,61,35
453,242,60,34
451,241,62,35
451,243,61,34
450,243,61,35
451,244,60,36
451,243,61,35
451,244,61,36
449,244,61,35
452,243,60,36
453,243,58,34
453,244,58,34
452,243,60,35
450,242,61,35
452,242,60,35
450,240,61,35
454,240,58,34
452,239,59,32
452,239,59,32
454,238,58,32
453,236,58,32
455,237,58,32
453,236,60,32
456,232,59,33
453,230,60,35
452,227,61,36
453,225,60,36
453,224,60,35
453,223,61,36
454,220,59,36
454,219,59,35
452,216,60,38
452,215,60,39
451,214,60,36
451,211,60,39
452,213,61,39
449,210,62,38
451,209,63,39
453,209,61,35
451,207,60,39
452,207,61,38
451,203,60,41
448,204,64,39
446,199,65,48
447,202,66,42
451,195,59,49
447,194,66,50
448,194,65,48
445,194,65,49
450,195,63,47
446,191,67,51
446,192,65,51
445,195,66,48
448,192,66,49
448,193,65,46
449,188,64,52
451,189,63,51
451,188,63,51
450,189,63,48
449,187,64,50
448,187,67,52
449,187,65,53
450,187,63,50
451,187,61,51
452,185,60,52
453,186,60,52
454,186,63,53
455,184,57,52
455,183,60,53
457,184,60,57
457,184,60,57
456,185,61,52
458,185,57,51
460,184,52,53
462,183,50,55
461,182,52,54
461,182,53,51
461,183,50,53
460,181,53,54
461,181,51,54
460,180,50,57
461,181,51,53
461,179,46,54
461,180,45,55
462,181,45,55
461,180,45,58
461,178,47,59
461,180,48,60
462,179,45,60
463,179,45,59
461,178,46,59
462,178,44,61
465,179,43,59
463,177,43,59
463,179,45,57
464,179,43,58
465,177,42,61
467,178,41,59
465,180,41,57
466,180,40,58
466,178,41,59
467,178,37,58
468,180,39,57
465,179,43,58
468,179,38,58
470,182,34,56
467,181,36,56
469,183,34,53
469,183,32,56
470,183,32,54
470,182,31,57
471,184,29,55
466,183,34,56
468,184,30,55
467,184,33,56
467,184,34,56
467,182,33,57
468,184,30,55
470,184,30,56
468,185,32,56
468,183,33,56
468,182,32,55
469,184,31,55
470,185,30,56
469,183,29,56
469,182,30,57
470,181,30,57
470,183,28,56
469,183,31,56
469,182,31,57
468,182,30,57
470,183,32,57
470,183,30,56
467,182,34,57
470,184,32,56
468,183,35,56
467,183,36,56
469,183,33,57
467,183,35,55
468,183,34,56
467,182,36,56
467,182,36,58
465,183,38,58
466,185,37,55
469,184,32,55
468,184,31,56
469,182,32,57
469,182,33,59
468,182,36,58
468,184,34,58
469,185,33,57
470,184,32,57
468,184,33,58
470,185,31,57
469,184,32,58
468,186,32,59
470,184,35,57
470,187,32,59
469,185,34,58
469,185,34,60
469,185,34,59
468,187,35,57
468,187,36,59
467,185,35,59
468,186,34,58
467,189,35,58
469,188,33,59
466,187,35,57
468,190,35,55
469,192,34,55
466,188,37,56
468,193,33,54
469,191,34,55
466,196,35,50
467,192,36,54
467,198,36,47
464,195,40,52
465,196,37,50
464,196,39,51
465,196,38,49
467,198,37,48
466,195,39,48
465,197,41,48
466,198,40,45
467,198,39,47
463,197,43,46
464,199,44,42
466,200,42,42
465,200,43,42
465,200,44,43
465,201,45,42
463,201,46,42
464,202,46,42
466,202,44,41
463,202,46,40
464,202,45,40
464,202,45,40
463,201,45,41
465,202,46,40
465,202,45,37
465,203,48,34
464,203,48,35
465,203,45,34
465,204,46,28
465,205,46,28
464,206,46,29
465,205,45,29
465,207,47,29
465,208,44,29
467,211,44,30
466,212,45,28
467,214,47,28
466,212,45,29
467,213,46,31
466,214,49,31
467,214,47,33
466,213,46,31
466,213,47,31
465,213,44,33
466,213,46,34
466,213,44,32
465,214,46,34
466,215,44,33
463,215,45,35
465,214,44,34
464,214,45,36
464,216,45,36
465,215,43,35
464,215,44,37
464,216,42,36
464,215,43,36
463,216,41,34
463,215,42,28
465,214,41,34
465,215,40,32
464,215,42,36
465,214,42,33
466,215,43,32
465,214,44,34
464,212,45,38
466,211,45,41
464,210,46,45
464,209,46,42
465,210,47,43
466,210,45,41
464,209,47,43
465,209,46,42
467,209,42,41
468,206,42,42
466,208,43,45
466,206,45,45
466,204,44,47
466,206,44,46
467,206,45,46
467,203,43,46
468,203,43,46
468,202,41,48
467,203,42,48
469,201,42,50
468,203,42,51
466,203,43,51
467,200,43,52
466,201,44,51
466,201,43,51
467,201,42,53
466,200,44,53
466,200,42,51
465,200,42,53
463,198,44,56
464,197,42,57
464,198,42,55
464,196,43,56
464,196,42,57
464,196,42,57
464,194,42,58
464,193,44,59
465,197,43,57
465,195,42,57
465,196,41,57
464,196,41,57
464,195,41,59
465,196,41,58
465,196,41,58
465,195,41,59
465,195,42,61
465,196,41,59
465,197,42,58
463,196,43,57
465,195,42,59
464,195,42,58
466,194,41,60
466,195,41,57
465,196,41,57
466,195,42,58
467,197,41,57
467,197,41,57
467,197,42,56
466,196,42,57
467,196,41,57
468,198,40,55
466,195,42,57
465,193,44,61
466,193,42,58
466,195,42,58
467,194,42,58
468,195,43,57
466,194,42,58
466,195,41,57
466,194,42,57
468,193,43,59
468,195,40,57
467,195,42,57
468,193,41,58
467,193,41,59
467,193,39,60
467,194,40,58
467,194,41,57
466,194,41,59
467,196,42,57
467,194,42,59
467,194,42,58
465,194,42,59
466,194,42,59
466,193,43,60
466,194,42,58
467,195,41,57
466,196,41,57
467,195,40,57
467,195,41,57
466,195,41,56
465,195,43,56
466,195,41,56
466,196,41,56
467,194,42,58
468,196,40,56
467,197,41,56
466,195,43,58
464,196,42,58
466,194,42,59
465,194,41,60
463,194,42,59
462,195,41,59
464,196,42,59
461,194,43,59
462,195,43,58
462,197,41,58
462,197,42,55
459,197,42,56
460,198,42,57
457,198,41,54
456,197,44,58
456,196,40,57
456,198,40,56
455,198,40,57
453,200,42,56
448,200,42,55
449,201,42,55
446,200,42,56
445,198,41,60
443,199,41,57
440,199,42,56
438,199,40,58
435,198,42,62
430,201,43,60
430,201,43,59
425,201,42,57
422,202,42,59
420,200,41,60
414,202,42,56
414,202,42,59
407,202,42,56
408,202,41,58
401,204,43,60
399,203,43,59
395,203,42,59
394,205,42,59
389,205,43,58
386,206,42,56
385,206,42,56
383,206,42,57
383,206,39,56
378,206,40,58
375,205,41,57
373,206,43,58
369,203,42,60
370,203,43,61
366,203,43,61
364,202,45,60
361,203,44,59
361,205,44,58
360,203,43,61
356,202,43,59
357,201,42,61
356,203,42,59
353,202,43,61
351,201,42,62
351,201,44,61
347,201,44,60
344,202,47,59
340,201,50,66
334,198,52,70
334,202,57,68
331,201,57,67
333,200,54,67
333,199,55,70
330,202,55,67
332,201,55,66
328,202,56,66
325,200,59,66
326,202,56,70
326,200,54,67
325,200,54,65
327,198,53,72
322,200,60,70
322,200,56,71
319,199,58,72
318,201,59,69
317,202,59,71
321,202,55,63
327,202,45,60
329,203,44,58
326,203,46,61
327,204,44,57
324,203,46,59
325,206,43,58
322,205,46,60
318,206,48,59
322,205,43,59
322,207,45,58
322,205,42,56
320,207,42,56
322,205,42,57
320,206,44,56
324,206,42,56
323,206,42,55
324,206,41,55
325,205,43,56
325,205,42,56
326,204,42,55
326,206,42,56
327,205,43,56
328,203,42,55
330,203,42,54
331,205,40,53
332,205,42,54
334,205,40,56
335,204,41,56
337,204,42,57
337,204,42,56
341,205,42,57
341,204,41,57
344,205,41,58
344,204,42,57
347,204,43,57
348,205,42,58
349,204,45,58
353,205,39,56
353,205,46,59
356,207,43,57
359,206,44,56
362,205,44,58
364,207,42,55
365,206,45,58
369,206,43,56
370,204,45,58
375,204,42,57
377,203,42,59
379,204,46,59
383,206,45,55
384,206,45,53
385,204,48,55
389,205,48,56
392,206,47,53
394,206,46,53
397,204,46,57
399,206,49,55
401,206,49,54
404,206,48,54
404,206,50,55
408,207,51,53
410,205,51,56
412,206,50,54
415,207,53,52
417,201,53,58
416,204,60,57
421,203,55,57
423,203,57,58
426,201,54,58
425,203,58,57
427,202,59,60
430,204,58,56
432,205,59,55
433,204,58,55
435,203,59,57
438,203,60,59
440,204,59,55
444,207,60,51
445,206,59,54
447,207,59,53
450,210,58,51
451,210,59,49
453,211,59,48
459,213,56,46
459,212,58,45
465,211,54,46
467,211,56,47
470,210,56,46
472,210,57,46
477,210,54,44
480,209,55,46
482,209,57,45
487,211,54,43
487,209,55,46
491,209,53,43
493,206,56,46
498,207,55,44
499,208,59,44
503,210,59,39
506,206,58,43
509,208,57,41
511,209,55,42
514,209,54,40
516,208,54,40
520,209,52,41
524,210,52,39
526,212,53,39
528,211,53,40
533,210,53,41
533,212,53,37
538,214,54,38
543,214,51,37
543,212,54,39
545,212,54,39
550,214,53,39
554,215,51,38
557,215,53,38
560,217,52,34
561,214,54,37
566,215,52,39
570,214,52,35
572,215,53,36
573,215,53,36
575,212,52,39
580,212,51,39
581,215,52,38
584,213,52,40
585,213,54,40
587,215,52,37
590,212,51,38
592,215,53,37
595,214,52,37
595,214,54,36
598,214,52,36
599,215,54,37
601,216,57,35
602,215,55,38
606,216,52,39
604,214,56,39
608,215,54,40
610,214,53,40
612,217,54,39
614,216,54,40
616,216,56,40
618,215,54,41
619,214,53,42
620,214,55,43
619,212,56,44
624,212,55,44
623,212,58,46
625,214,58,45
627,212,58,46
629,210,58,49
633,213,54,47
634,213,56,48
633,212,56,48
632,214,58,48
632,214,59,47
633,215,59,48
632,214,58,49
634,216,59,49
631,217,61,47
631,217,62,48
634,216,60,52
634,216,59,50
633,217,59,49
632,216,64,51
632,215,63,53
635,214,62,53
633,215,66,55
632,213,68,53
634,217,67,51
635,214,65,52
636,217,68,50
636,213,68,52
636,213,66,51
636,213,67,54
637,210,65,55
636,212,66,51
635,213,65,51
639,214,62,52
635,214,65,52
633,212,66,50
633,218,66,50
632,217,65,48
629,220,65,48
630,220,64,47
630,222,61,47
627,221,64,48
624,224,64,44
623,222,62,47
620,228,62,42
617,229,65,41
611,229,65,42
609,230,64,42
605,231,63,40
602,233,61,39
596,233,61,39
591,235,61,40
590,237,59,43
587,234,57,46
586,240,56,42
583,240,54,42
583,239,52,45
579,244,52,40
579,244,52,40
576,246,52,39
573,244,54,43
573,244,54,43
569,242,60,44
565,250,63,38
565,250,63,38
563,243,61,44
562,241,62,47
561,243,60,45
562,242,57,48
562,241,56,48
561,242,53,49
561,241,50,49
563,248,47,43
565,253,42,40
565,251,41,42
566,250,40,45
569,255,36,40
569,257,30,37
569,256,30,41
567,252,30,45
565,253,29,43
563,255,28,43
563,255,28,43
560,251,33,46
560,251,33,46
556,255,32,46
554,255,32,44
554,254,30,44
551,255,29,42
549,255,32,39
549,254,29,38
548,254,31,40
540,244,24,36
548,255,26,40
540,243,26,36
539,244,26,34
539,247,26,31
536,249,24,29
531,246,23,33
528,250,22,29
525,252,21,28
525,252,21,28
525,252,21,28
525,252,21,28
525,252,21,28
525,252,21,28
525,252,21,28
525,252,21,28
525,252,21,28
525,252,21,28
525,252,21,28
525,252,21,28
525,252,21,28
525,252,21,28
525,252,21,28
525,252,21,28
525,252,21,28
525,252,21,28
525,252,21,28
525,252,21,28
525,252,21,28
525,252,21,28
474,249,21,28
474,249,21,28
474,249,21,28
473,245,20,34
473,245,20,34
473,245,20,34
473,245,20,34
473,245,20,34
479,244,14,36
479,244,14,36
479,244,14,36
479,244,14,36
479,244,14,36
479,244,14,36
479,244,14,36
479,244,14,36
479,244,14,36
479,244,14,36
479,244,14,36
479,244,14,36
479,244,14,36
479,244,14,36
479,244,14,36
477,277,13,36
477,277,13,36
477,277,13,36
477,277,13,36
477,277,13,36
477,277,13,36
477,277,13,36
477,277,13,36
477,277,13,36
477,277,13,36
477,277,13,36
477,277,13,36
477,277,13,36
477,277,13,36
477,277,13,36
462,252,13,30
462,252,13,30
463,248,19,31
461,250,22,29
459,249,23,29
459,250,21,28
458,245,22,31
456,242,23,34
456,242,23,34
456,242,23,34
455,240,25,34
455,240,25,34
455,240,25,34
455,240,25,34
453,239,20,36
453,239,20,36
450,238,22,36
450,238,22,36
449,237,25,35
448,237,23,35
448,237,23,35
448,237,23,35
448,237,23,35
448,237,23,35
448,237,23,35
448,237,23,35
448,237,23,35
449,239,19,36
448,237,20,37
449,239,22,36
449,240,20,34
448,239,21,37
448,239,21,37
448,239,21,37
451,238,22,35
452,240,22,36
452,240,22,36
452,240,22,36
453,236,21,38
453,235,21,41
453,234,23,39
455,232,21,42
452,235,26,37
452,238,27,37
452,238,27,37
453,238,27,38
450,237,29,40
449,232,30,42
448,228,32,46
448,228,32,46
447,187,41,38
447,187,41,38
447,187,41,38
447,187,41,38
447,187,41,38
447,187,41,38
436,246,28,38
438,252,23,34
437,253,23,30
435,256,24,27
434,258,24,26
434,258,25,27
433,258,26,26
431,258,29,27
431,257,30,29
429,259,31,28
429,260,32,28
428,258,33,28
427,258,35,28
427,257,35,28
427,256,37,29
426,256,35,28
428,257,35,27
426,258,32,25
428,257,32,25
427,258,32,24
427,257,33,25
429,259,33,24
428,259,36,25
427,257,35,27
427,258,36,26
426,260,38,25
426,259,42,27
425,262,43,25
424,263,46,23
424,263,48,25
423,263,50,25
425,262,48,25
425,264,49,24
422,264,51,25
424,263,54,25
423,263,54,25
421,263,57,26
420,261,56,26
421,259,54,28
421,262,55,25
420,260,56,27
419,263,58,25
419,261,58,27
418,259,59,28
419,263,58,26
419,262,57,27
419,261,56,28
419,261,56,28
417,263,57,26
417,264,56,24
418,265,56,25
417,263,56,27
418,262,54,27
416,263,54,27
414,265,55,26
416,264,54,27
414,264,56,27
412,264,58,28
410,265,58,28
410,265,58,27
409,265,57,26
408,263,58,27
408,263,58,26
406,261,58,29
403,262,59,27
403,263,60,27
399,263,63,26
400,263,61,26
398,263,64,26
397,263,65,25
398,263,65,25
397,262,65,26
396,263,66,25
394,263,67,26
392,263,69,25
393,262,70,26
394,262,68,26
393,260,69,28
392,260,67,30
392,264,68,27
391,263,68,27
391,264,68,27
392,262,68,29
393,265,66,26
392,263,67,27
391,264,68,27
390,262,68,30
391,266,68,26
390,263,69,28
391,263,69,29
392,264,69,29
392,261,69,31
393,263,69,30
388,262,71,30
392,262,72,28
392,264,72,27
389,262,74,28
395,261,71,29
394,262,69,28
394,261,71,30
394,259,72,31
398,261,71,31
397,261,72,29
397,263,70,26
397,261,69,30
397,261,71,30
397,262,71,28
397,259,71,33
397,261,72,32
396,262,73,31
397,259,72,33
398,262,72,33
395,262,74,32
397,261,73,33
396,261,75,33
395,262,76,34
396,263,73,34
393,263,75,34
394,266,74,34
395,266,74,34
393,265,74,37
392,270,74,32
393,270,74,34
392,268,75,36
392,266,73,38
391,269,74,37
391,265,75,43
386,271,55,35
392,270,49,35
389,272,48,34
389,268,48,39
391,272,46,32
389,272,50,34
388,272,50,33
386,272,49,35
387,271,49,36
386,269,50,37
383,265,52,40
385,269,50,38
383,266,53,42
385,268,52,39
383,269,52,39
383,266,53,38
381,263,53,41
381,262,53,42
380,263,53,39
381,262,54,41
381,262,55,41
381,261,54,44
379,258,55,47
383,261,53,44
384,265,54,39
383,268,57,37
383,266,57,38
385,267,59,41
388,268,56,41
388,265,58,41
391,265,59,42
392,266,58,40
396,263,58,44
396,260,66,48
400,261,64,47
401,254,63,53
403,248,65,58
407,251,60,54
413,251,57,55
413,254,58,50
416,250,56,54
419,249,54,54
420,252,56,52
424,248,55,55
428,249,53,54
432,249,45,53
434,249,46,51
435,252,45,50
439,251,42,51
441,249,42,52
441,249,43,52
443,248,45,52
447,249,40,53
449,249,41,52
454,249,36,53
457,247,36,53
456,247,38,54
458,246,41,54
459,245,38,54
462,243,36,53
461,242,40,53
464,240,39,55
465,239,39,54
468,237,38,54
469,237,38,54
469,234,40,57
471,235,40,56
470,232,41,58
470,232,41,56
469,229,45,59
471,230,42,59
471,229,40,59
471,229,40,59
472,227,40,58
472,226,39,60
472,226,37,58
473,225,38,59
474,225,37,59
475,226,33,57
475,223,35,59
473,224,35,59
471,224,35,58
472,222,34,60
473,223,33,59
470,222,33,58
470,220,36,58
470,221,34,59
469,220,36,59
469,219,34,60
469,219,36,59
470,220,34,57
470,220,34,58
471,219,33,60
469,218,33,59
469,218,35,59
471,218,36,59
471,219,33,60
469,218,34,59
471,217,34,60
470,219,33,60
470,219,35,60
470,219,35,59
472,219,35,59
469,219,38,60
472,218,34,60
475,218,33,60
473,218,38,61
473,218,36,61
475,219,37,60
478,218,37,61
476,217,39,62
481,218,39,60
483,217,38,61
485,219,37,59
484,215,40,62
484,216,42,64
489,216,38,62
489,216,40,63
490,216,38,62
492,214,42,65
492,213,41,66
492,212,39,64
495,211,43,65
495,211,46,66
495,210,48,67
496,210,48,67
496,211,50,67
500,210,44,66
498,211,46,67
497,212,47,66
496,211,54,68
501,211,50,66
500,212,51,67
502,211,51,67
501,210,55,64
497,211,57,67
497,213,58,65
499,215,56,65
495,215,60,63
494,216,62,62
497,215,60,59
494,217,62,62
496,217,59,58
498,217,57,57
498,217,55,58
499,218,54,58
501,219,51,54
501,220,49,53
500,223,48,52
502,222,44,53
501,225,44,50
503,224,41,50
503,226,38,48
504,226,37,48
504,228,36,46
505,228,35,47
503,230,34,45
506,229,33,44
505,228,35,47
504,228,34,45
505,228,33,46
504,227,34,45
504,227,33,45
503,228,32,46
505,227,33,45
503,228,32,45
503,229,32,43
503,229,33,45
502,229,33,45
504,230,32,45
503,230,31,44
504,229,31,44
504,230,29,45
503,230,30,43
505,230,30,45
505,229,30,43
505,231,30,43
504,230,31,42
505,230,31,41
507,230,28,44
510,232,26,43
510,231,24,43
509,229,23,47
509,226,22,50
510,225,21,49
512,226,22,48
511,226,22,48
511,226,22,50
511,225,21,48
512,225,20,47
513,226,20,46
511,224,21,46
513,226,21,47
513,226,21,45
513,223,21,47
511,224,22,45
512,222,22,47
511,224,22,45
509,224,22,45
509,222,22,43
509,222,23,45
508,222,24,44
508,220,24,44
510,222,25,43
508,222,25,42
508,221,26,42
509,220,25,43
511,221,23,43
511,219,23,42
512,222,23,40
511,220,24,41
511,221,25,42
512,220,23,41
511,218,23,42
512,219,22,43
511,219,22,41
511,217,21,43
511,217,21,42
511,218,22,43
510,217,22,43
510,218,22,42
511,216,22,43
509,216,23,43
511,216,22,46
509,214,22,50
510,216,23,49
510,214,23,50
510,211,23,54
509,209,24,54
509,211,24,52
508,209,24,54
508,208,25,57
508,208,24,54
511,214,23,49
511,217,23,46
510,220,23,41
510,219,23,42
512,220,23,42
512,223,23,39
512,223,23,40
513,222,21,40
512,222,22,39
512,224,23,38
513,227,22,36
514,228,23,35
515,229,23,35
516,230,22,34
509,200,26,37
516,229,24,34
516,230,25,32
517,234,21,30
518,235,21,29
519,238,22,26
519,237,20,26
518,237,21,26
518,238,20,25
512,203,16,30
520,238,17,24
519,240,18,23
519,241,20,23
518,238,21,21
519,241,19,22
517,240,19,21
518,241,19,21
515,241,19,20
512,239,18,20
512,240,20,20
513,238,17,22
513,237,20,22
520,198,17,28
512,228,20,28
512,225,19,32
512,226,18,31
512,227,18,30
513,226,20,32
513,228,20,30
513,230,20,28
512,229,21,28
512,223,22,30
513,229,20,28
513,222,21,29
513,234,20,24
513,238,21,22
515,236,20,23
514,237,20,23
515,234,20,25
516,234,20,20
517,233,19,22
516,234,20,20
517,233,20,20
518,235,19,20
518,235,20,20
519,236,20,20
517,236,22,19
518,237,22,19
518,237,23,20
518,237,23,19
518,238,22,17
519,237,22,19
518,237,22,18
519,235,20,19
518,234,22,21
518,234,21,20
519,234,21,22
518,234,21,21
518,233,21,20
519,233,22,21
520,234,23,20
519,234,22,20
520,237,22,20
520,236,22,18
520,234,23,20
520,236,24,20
523,236,23,19
520,238,26,17
524,238,25,19
523,238,26,18
523,239,26,16
522,238,28,18
524,237,27,17
524,237,27,18
524,237,27,19
525,237,27,17
525,238,26,18
526,236,25,18
525,235,27,20
526,235,25,20
527,234,27,21
526,233,28,22
527,230,28,22
526,232,27,21
526,232,26,20
526,230,27,22
527,229,25,21
526,228,26,22
527,231,26,19
526,229,26,19
526,231,24,18
526,229,23,19
525,232,23,18
524,231,22,19
521,232,21,17
520,233,21,19
516,233,20,17
516,233,21,18
515,231,22,21
516,233,20,20
516,233,20,18
515,233,21,18
515,233,21,19
515,233,22,18
513,233,22,20
512,234,23,19
511,234,24,19
512,235,24,18
511,236,23,18
510,237,23,17
511,237,23,18
511,238,22,17
511,237,21,18
511,237,21,19
511,239,22,18
511,239,21,18
512,240,20,18
510,239,20,18
511,240,20,18
511,239,20,18
512,240,21,19
511,240,19,19
511,241,22,17
511,239,21,17
512,240,21,18
512,240,20,18
512,242,20,17
512,243,20,16
513,245,20,14
512,245,20,16
513,245,21,16
514,246,20,15
512,245,21,16
512,248,21,14
512,247,21,14
512,246,20,15
513,248,21,13
511,249,21,13
513,248,21,14
512,248,19,12
513,251,18,10
513,249,18,10
513,249,19,11
512,250,20,11
511,246,20,13
511,249,17,11
511,252,18,10
509,254,20,7
508,254,19,9
508,253,19,8
509,252,18,7
513,229,17,10
511,247,17,13
511,247,17,13
509,243,19,17
510,245,17,13
510,245,17,14
508,247,13,11
508,247,13,11
508,247,13,11
513,240,14,12
511,241,16,13
512,243,16,12
512,244,17,12
511,246,16,11
511,247,16,11
513,247,15,11
511,247,17,11
513,248,17,10
512,247,15,12
512,245,16,12
511,246,16,11
511,247,16,11
512,247,16,12
513,246,16,12
512,247,17,12
512,249,17,12
513,250,17,12
513,250,16,12
514,252,15,11
514,251,16,12
516,251,16,12
516,251,17,12
518,251,17,13
516,249,17,12
516,249,17,13
514,249,16,12
516,251,16,11
515,252,16,10
515,252,16,11
516,252,15,11
514,253,16,10
515,254,16,11
513,252,15,10
512,253,16,10
512,253,16,10
512,255,16,10
510,255,16,10
511,254,15,10
511,253,16,10
512,255,16,10
511,255,15,9
512,255,16,10
511,256,16,12
511,257,16,9
511,256,16,10
511,257,15,9
511,257,16,10
512,258,15,10
512,258,16,11
511,256,16,13
510,258,16,10
511,258,16,10
512,258,16,10
514,260,15,10
515,260,15,9
514,260,14,9
514,262,15,7
513,263,14,8
513,264,15,7
511,263,16,8
511,264,16,8
512,263,15,8
511,263,16,8
511,264,16,7
511,262,16,7
514,263,15,7
514,263,15,8
515,265,17,6
516,264,17,8
515,261,16,10
514,260,16,13
511,258,18,15
512,247,19,17
512,248,18,18
511,248,19,23
510,248,20,23
509,247,22,23
510,248,22,22
512,249,21,21
512,248,21,22
512,249,21,21
513,254,22,18
511,253,23,19
512,254,23,18
512,254,23,19
512,255,23,19
511,255,23,20
511,255,24,21
510,255,24,20
510,255,25,21
511,256,25,21
512,257,26,22
511,259,27,20
513,256,28,24
512,257,28,22
515,257,27,21
515,256,28,22
515,256,31,21
515,257,30,22
514,258,33,20
516,256,33,22
514,255,34,22
512,255,35,22
512,255,34,23
512,255,34,22
511,255,35,25
510,253,37,27
512,249,41,31
511,247,37,34
512,245,40,35
508,253,41,29
509,247,42,35
509,245,46,35
508,246,53,37
506,248,49,32
507,249,49,34
505,250,47,30
506,251,49,32
505,247,51,37
504,242,57,40
504,235,58,46
502,229,61,54
500,213,61,69
499,211,63,72
501,213,61,69
500,214,61,69
500,214,62,67
496,216,67,67
499,214,63,64
498,215,64,65
500,215,65,63
500,215,65,61
501,215,63,58
501,217,63,59
499,215,66,56
500,217,65,54
501,218,65,57
501,217,67,59
501,220,67,53
500,219,67,55
500,219,67,51
503,219,65,51
501,221,66,49
501,221,67,47
500,222,66,44
498,223,69,39
504,222,65,41
500,224,69,36
499,224,71,35
500,224,69,34
499,222,69,34
499,221,69,34
499,221,68,33
498,219,68,36
498,219,70,36
497,218,69,35
496,217,69,39
496,214,70,40
497,213,67,43
494,215,69,38
495,213,70,41
494,212,69,42
493,215,69,39
493,214,70,40
493,214,67,41
493,211,69,43
490,213,69,43
489,213,67,41
489,213,69,42
488,211,68,43
486,212,70,41
486,214,70,41
484,214,69,41
481,215,69,41
478,213,71,42
479,211,68,45
478,216,68,40
475,212,70,47
473,218,68,41
473,219,68,40
470,220,70,38
468,219,72,39
467,220,70,40
466,220,68,41
463,216,70,43
463,217,69,39
460,216,69,43
458,216,68,41
455,216,70,41
454,217,69,41
451,218,68,40
451,218,65,41
446,216,65,43
444,216,66,41
444,214,65,42
442,213,62,42
441,215,61,39
439,214,62,38
439,211,60,40
437,210,60,40
436,210,62,41
435,210,61,43
435,210,59,42
433,210,63,42
433,211,61,39
432,210,62,42
432,211,61,41
433,211,59,40
432,212,60,40
432,211,60,41
431,210,61,41
431,210,59,40
431,211,61,39
431,211,62,39
429,211,61,40
429,212,61,39
425,209,60,42
424,209,64,41
425,211,62,39
424,212,63,39
425,214,61,38
425,214,59,39
425,215,58,38
424,213,59,39
422,215,62,38
422,214,60,38
424,216,61,39
425,216,59,38
423,215,59,39
422,216,61,39
422,216,60,39
425,217,59,39
427,217,59,39
425,216,61,39
430,219,58,37
427,218,61,38
429,219,59,39
429,220,59,39
428,218,60,40
430,222,58,37
428,221,59,38
430,222,59,36
428,223,60,39
430,222,58,39
428,222,60,39
429,222,59,39
428,222,60,38
428,220,61,38
428,224,58,36
429,222,60,37
427,221,58,38
427,222,59,36
429,223,58,34
428,221,58,36
427,222,59,36
426,223,58,34
425,223,59,34
425,220,57,36
422,222,59,36
422,221,59,38
420,222,60,35
418,222,59,36
418,223,59,34
418,222,58,34
415,222,59,35
414,223,58,35
413,223,59,37
414,224,58,36
412,225,60,35
411,226,60,35
410,227,60,36
409,227,63,35
407,228,62,36
409,229,60,34
408,230,59,34
407,230,58,34
406,230,63,37
407,231,58,36
405,230,61,38
406,234,58,36
404,233,62,39
403,236,61,37
403,238,60,35
405,243,61,34
405,242,61,35
405,247,60,34
404,246,62,36
405,250,62,35
406,250,61,37
407,252,60,35
407,252,62,37
409,253,59,35
411,256,58,33
411,256,61,32
413,258,57,31
413,259,59,30
411,257,61,35
413,258,58,36
413,259,58,36
415,261,57,35
415,260,58,36
415,263,58,34
414,263,57,34
412,261,59,36
412,261,59,37
409,260,60,36
407,259,61,38
403,257,62,41
401,257,61,43
400,258,58,45
398,261,58,44
391,260,60,44
389,260,57,46
386,261,54,47
383,262,52,48
381,267,49,46
378,265,48,51
374,268,47,52
370,270,45,56
361,271,52,57
358,275,51,62
357,277,50,61
352,282,50,60
353,285,47,62
351,287,43,63
348,288,44,61
349,291,40,63
347,290,39,63
347,291,39,62
346,294,37,61
345,298,34,58
344,297,29,58
344,297,29,58
344,297,29,58
345,303,24,51
345,306,24,45
344,305,25,45
346,305,26,44
343,310,28,37
344,307,28,37
344,304,29,40
346,304,29,37
344,302,30,36
345,304,30,32
346,303,29,32
348,297,29,33
348,294,30,35
350,291,32,36
351,288,34,37
352,287,34,36
354,281,35,41
355,276,37,43
356,270,38,48
359,269,40,47
363,271,43,48
365,268,42,50
365,268,42,50
365,268,42,50
365,268,42,50
365,268,42,50
365,268,42,50
375,262,44,42
372,261,44,39
375,261,43,41
372,260,45,40
371,258,47,44
370,251,47,51
368,250,49,50
366,249,49,52
366,250,50,51
363,247,53,54
