65,102,145,107
71,101,143,116
68,102,144,116
61,102,151,122
67,105,153,114
66,102,153,118
59,104,164,111
61,103,165,114
60,102,164,110
62,104,178,118
59,102,182,113
72,103,170,106
81,104,159,100
77,100,170,106
78,96,177,108
89,100,172,107
96,94,168,104
94,93,175,111
98,93,178,109
110,87,175,112
116,86,181,112
121,85,182,106
129,84,184,101
138,85,176,99
147,86,168,100
148,90,170,102
157,95,167,101
165,101,163,101
164,106,169,102
172,115,162,100
174,121,160,101
182,128,153,98
177,137,158,101
178,143,154,98
171,155,158,88
183,159,143,89
180,169,144,93
178,169,140,88
171,179,151,90
171,181,150,95
177,185,145,93
173,185,145,98
181,192,137,100
178,193,139,99
185,196,128,103
190,203,125,100
179,202,132,103
182,201,126,107
187,201,123,115
180,204,126,112
182,207,127,114
188,206,117,113
182,208,122,120
170,205,134,136
171,208,135,132
165,209,140,130
164,208,142,144
173,202,128,144
168,204,135,145
173,204,134,146
173,205,130,143
185,211,121,144
180,202,123,146
183,205,122,144
184,204,118,143
189,202,116,143
177,198,129,146
181,195,126,142
185,190,124,141
176,184,134,140
192,171,121,147
203,164,109,147
212,160,99,144
209,155,104,144
206,156,110,135
204,147,118,141
211,139,113,145
210,143,115,138
219,138,109,135
218,144,112,127
224,145,106,118
229,147,98,113
234,149,95,110
239,153,99,102
240,158,101,92
251,156,95,88
248,154,104,86
254,149,103,86
254,144,111,86
260,137,102,84
265,130,100,88
268,122,101,91
269,117,96,89
271,109,95,92
274,101,91,94
271,92,96,93
269,84,97,95
268,75,98,98
271,69,95,96
269,62,93,101
271,58,91,96
269,53,89,99
267,50,91,99
262,49,91,97
264,52,83,97
257,53,87,97
255,50,92,103
254,48,91,109
253,46,98,110
251,42,104,118
252,39,113,127
254,35,109,135
253,35,115,139
255,34,115,143
251,36,123,144
250,37,125,150
248,41,129,149
246,40,131,154
248,39,130,161
252,41,127,154
254,40,125,159
254,37,124,161
258,33,122,162
258,32,122,159
276,25,102,159
280,20,93,155
281,21,89,147
277,18,95,158
275,13,92,161
268,14,102,166
264,14,110,163
246,14,133,175
247,10,132,178
246,15,133,174
244,13,137,178
242,17,140,182
231,12,153,185
217,26,171,175
220,18,167,175
216,20,163,176
220,20,163,173
225,25,158,174
228,23,154,176
227,23,154,167
229,24,150,170
231,22,152,167
230,26,150,159
232,23,147,169
233,26,148,170
232,26,154,169
235,27,156,170
242,28,155,162
235,23,160,164
231,22,168,173
245,21,160,170
242,15,164,180
245,15,164,171
233,17,177,169
243,15,172,172
259,8,153,183
268,11,146,180
276,9,138,177
279,8,131,174
296,12,114,182
305,10,102,178
304,10,102,174
311,14,92,172
312,20,91,161
317,21,83,153
318,22,81,144
318,26,82,138
313,34,83,126
308,40,86,119
296,52,100,111
290,64,105,106
283,70,111,103
294,59,98,120
284,55,98,134
275,54,104,148
273,60,102,152
280,62,94,163
267,72,106,161
262,79,114,163
257,84,117,165
252,87,127,156
248,98,125,167
241,94,132,170
231,96,139,157
225,101,139,166
223,94,139,167
224,89,131,168
218,98,131,176
213,90,138,174
212,99,131,173
210,89,137,173
191,94,158,170
186,92,159,174
170,80,168,186
165,74,176,192
166,71,174,197
160,72,180,189
167,72,181,187
163,68,181,195
163,69,184,188
172,67,178,185
166,67,189,184
165,63,190,182
174,65,187,178
169,56,193,183
171,59,195,168
172,60,183,162
179,50,192,166
174,51,185,160
179,42,184,158
174,41,179,163
175,39,182,158
168,31,175,163
168,27,190,160
166,26,178,157
164,21,185,164
167,18,183,167
164,14,169,165
172,13,172,164
168,11,173,161
173,6,162,175
174,4,155,180
177,10,148,158
180,6,156,170
184,2,154,175
190,6,148,162
192,5,148,157
199,5,141,147
211,3,130,147
223,6,117,145
228,5,119,141
232,5,114,141
242,9,102,145
250,10,88,140
257,11,76,139
247,14,95,134
242,14,100,147
241,15,96,141
238,18,100,145
235,21,104,144
231,24,113,145
229,31,118,140
227,37,118,130
189,51,131,124
184,50,162,120
185,52,170,127
190,53,166,117
190,59,171,108
190,61,176,103
192,60,176,109
191,60,183,115
194,63,184,112
185,65,193,114
185,61,200,119
184,67,185,116
187,61,193,122
187,63,186,121
186,59,184,126
185,60,191,121
186,61,190,124
175,63,191,119
186,61,189,118
178,66,183,114
184,62,183,115
181,68,179,108
188,65,174,114
191,68,173,110
179,62,179,123
181,61,174,124
180,65,177,120
204,67,153,118
197,71,156,118
241,75,127,118
253,82,93,112
261,81,80,105
269,89,68,104
275,86,66,104
280,91,66,106
287,88,57,107
281,94,64,102
275,98,75,99
268,101,86,98
265,102,93,96
258,107,105,100
250,107,115,96
243,112,124,97
237,109,134,92
237,110,137,96
223,110,153,91
214,110,161,95
211,104,161,94
187,103,186,99
187,93,188,108
188,97,179,101
189,98,186,98
188,99,179,99
186,98,185,102
188,89,179,105
191,81,171,113
193,95,175,98
188,92,182,100
184,93,182,102
187,90,178,105
183,90,175,105
181,101,180,91
187,96,174,98
186,96,171,100
185,98,170,100
183,95,163,101
190,97,150,101
191,98,150,98
193,100,137,98
199,100,130,93
196,98,126,104
190,88,118,114
200,84,104,116
200,64,95,136
198,65,103,136
194,63,110,153
192,63,114,160
195,64,116,144
196,67,119,147
193,63,122,147
190,64,133,147
191,64,144,145
189,61,152,153
186,51,162,163
186,50,171,169
184,39,171,183
185,36,171,183
184,33,174,141
181,31,179,135
172,56,192,148
181,31,179,163
169,34,190,139
164,30,204,145
163,32,196,152
163,33,201,141
157,35,198,173
154,35,202,162
162,33,199,173
153,34,203,162
148,33,205,174
169,32,182,163
152,34,191,158
207,33,146,159
226,34,111,165
224,32,106,160
227,33,105,159
224,36,112,158
221,34,117,162
222,36,116,163
218,35,122,159
212,35,131,163
212,38,137,157
207,36,142,165
203,35,149,164
204,38,148,158
199,40,154,159
197,43,157,144
197,41,158,161
186,37,162,167
187,45,165,153
186,47,179,159
187,50,164,146
176,54,167,137
178,55,167,134
176,55,172,141
174,55,167,138
166,60,170,127
168,64,164,118
173,67,161,121
174,68,156,132
170,73,158,133
172,77,159,129
170,74,159,142
168,76,156,134
165,78,155,139
164,79,154,141
163,90,155,130
160,94,160,126
164,104,153,115
162,106,156,114
163,111,160,112
161,115,155,111
164,122,155,96
163,123,160,96
162,127,163,91
163,126,162,89
159,129,165,84
160,129,158,61
161,131,146,55
164,124,146,58
171,142,161,71
155,115,153,69
153,119,154,62
145,137,165,74
145,129,172,77
145,126,186,75
144,119,185,84
147,119,194,99
147,118,205,87
149,115,198,98
159,113,200,78
156,110,200,73
158,105,199,82
161,107,195,75
166,105,190,76
162,104,189,75
164,106,188,61
164,125,177,78
163,111,171,71
162,108,183,60
166,126,176,64
161,107,181,66
158,102,167,61
161,119,169,68
163,104,158,75
164,99,144,66
166,96,144,71
165,95,144,72
169,93,148,72
171,91,152,72
172,91,153,70
173,87,163,72
179,78,150,75
181,88,142,73
184,79,126,71
190,86,117,77
190,79,120,74
198,100,124,65
196,78,116,76
195,74,119,86
200,84,107,91
198,76,105,89
200,74,109,93
196,74,109,92
199,75,109,83
197,73,112,84
195,69,113,97
192,71,115,96
194,69,113,83
195,70,114,77
200,70,105,53
198,71,108,47
198,70,106,45
199,70,107,43
190,75,118,61
187,69,120,64
193,69,113,65
187,68,118,75
189,68,121,72
182,69,127,74
183,71,123,69
179,68,126,69
182,69,127,72
182,69,122,70
180,71,125,67
181,70,127,65
178,72,129,63
179,71,126,64
175,73,127,62
174,73,127,61
173,74,130,65
172,74,130,66
171,75,131,67
170,76,130,64
171,76,131,65
172,72,127,69
174,71,127,70
175,72,120,67
177,72,117,67
179,72,116,68
180,72,113,65
183,73,111,68
184,71,113,69
189,71,111,73
190,69,109,74
195,70,110,74
198,70,109,78
200,68,113,84
197,69,114,87
201,67,117,88
203,65,114,89
202,68,115,87
199,66,118,85
204,66,111,86
204,66,117,84
200,66,121,82
202,67,123,77
203,68,119,77
202,65,120,78
200,67,125,76
197,67,131,79
195,65,150,82
192,66,156,82
191,65,155,79
190,67,153,69
193,69,168,56
187,66,171,65
184,67,162,67
170,65,150,77
185,66,133,71
183,65,116,69
183,65,115,68
180,65,118,67
179,66,118,61
175,66,113,66
174,69,119,61
174,70,122,59
170,68,125,65
166,71,130,61
165,72,133,61
163,67,136,67
159,87,133,56
155,95,144,47
167,96,157,56
150,104,170,42
148,108,160,39
159,111,159,37
147,106,174,48
161,100,182,59
148,100,190,62
149,98,198,67
155,91,224,71
152,84,229,76
164,75,244,79
164,71,248,87
167,68,244,93
163,67,247,89
176,68,228,93
172,66,237,93
177,65,222,93
146,89,252,108
179,104,235,96
185,100,228,104
184,98,230,107
185,97,223,104
198,64,206,82
190,66,214,82
199,73,202,77
203,73,192,78
193,73,202,82
192,72,203,75
187,70,202,86
198,64,194,95
207,64,182,92
190,61,201,97
210,60,177,98
207,63,178,94
204,67,183,78
187,69,209,81
175,67,221,89
185,68,204,86
189,70,200,78
193,75,196,73
182,69,206,75
187,98,198,45
184,103,194,36
169,78,199,49
182,78,199,64
188,84,188,60
186,95,189,55
185,90,181,58
187,92,178,61
181,88,178,75
182,90,176,77
191,86,168,84
193,80,161,91
182,91,167,76
176,94,172,98
175,98,170,111
184,65,159,127
200,65,140,115
212,64,129,114
185,65,149,123
198,66,139,109
220,65,112,108
222,64,108,105
222,108,112,86
224,66,108,93
223,65,109,98
229,65,108,89
228,66,106,89
229,66,110,90
225,62,111,92
230,65,106,93
224,64,111,93
223,64,111,93
222,64,109,96
218,80,117,83
213,88,120,69
214,87,121,68
212,81,123,72
209,74,126,81
204,69,130,85
201,67,134,88
205,64,133,91
200,63,132,93
199,62,128,93
199,64,128,93
195,64,133,96
193,65,132,96
188,65,141,99
191,63,142,111
191,64,142,109
197,66,143,109
190,67,149,108
191,66,156,111
189,65,160,113
186,65,165,111
186,67,173,108
183,68,179,107
198,67,173,107
195,65,178,109
200,66,186,107
184,65,198,111
194,64,198,116
205,59,193,115
207,62,197,111
199,58,204,118
206,55,211,120
196,51,209,122
196,47,221,126
211,39,202,137
230,37,185,147
238,35,175,148
257,31,150,145
248,29,159,153
244,31,155,151
252,31,145,152
253,30,149,150
250,34,148,154
250,31,150,148
248,32,151,147
255,37,149,141
253,39,156,135
248,40,169,137
245,43,169,133
240,45,176,129
242,51,175,124
235,57,182,111
235,66,186,101
227,70,190,96
227,74,193,93
225,77,187,91
219,83,195,88
220,88,187,81
220,92,184,78
104,58,159,85
126,49,142,89
124,50,131,92
130,50,109,75
130,50,106,77
127,50,115,79
115,51,128,74
102,48,125,78
122,50,120,84
122,50,100,81
120,50,85,75
119,48,65,84
118,48,64,79
115,49,68,76
253,75,73,94
240,72,88,103
226,72,109,103
233,72,127,83
227,70,125,82
229,68,120,99
241,67,103,100
237,65,110,105
239,64,112,115
235,61,114,133
235,60,119,127
226,62,123,123
225,60,135,136
220,61,140,136
220,62,138,138
217,60,145,140
213,65,150,141
214,63,146,139
207,62,152,144
203,66,148,144
196,70,153,148
203,66,145,143
199,66,149,145
191,66,154,143
182,64,166,151
190,60,170,144
188,68,165,149
194,68,155,145
194,72,159,147
200,70,156,146
208,79,147,135
202,79,152,136
201,77,159,143
204,78,153,139
198,80,163,140
191,76,166,146
197,83,157,140
196,81,158,141
195,84,154,146
183,81,166,150
182,81,165,152
179,75,165,165
178,78,158,157
187,83,140,155
187,85,138,150
192,83,130,159
202,74,114,168
206,76,111,177
210,77,106,169
213,76,109,174
208,74,112,174
210,82,119,167
212,79,122,170
209,76,125,163
205,74,137,163
206,74,138,166
212,73,136,161
212,67,143,168
206,68,147,171
202,64,150,172
212,77,139,161
206,67,143,171
206,70,144,169
210,79,135,158
206,75,129,163
215,73,114,165
214,78,116,171
212,71,117,163
217,74,112,162
218,71,104,163
218,73,104,157
215,74,101,150
212,71,105,152
211,71,106,150
210,70,103,155
209,70,110,153
209,67,105,157
208,66,105,153
212,66,98,158
207,64,103,152
211,64,105,149
209,67,106,151
218,55,101,155
214,64,105,158
213,58,109,163
212,58,110,154
213,56,103,157
215,54,108,170
217,57,97,162
217,55,96,161
227,51,84,162
235,49,79,168
238,53,73,167
238,48,72,173
236,53,75,170
240,51,69,172
236,53,73,172
239,52,71,177
235,55,74,175
224,55,84,182
221,60,87,171
214,60,98,169
209,61,100,173
212,56,99,174
206,63,114,165
210,66,108,164
215,61,107,166
212,68,120,166
207,64,134,165
211,68,134,165
213,64,141,162
209,68,141,161
210,71,141,156
213,71,140,159
213,76,145,155
211,77,150,153
215,87,148,140
216,95,148,121
218,105,151,118
219,114,147,100
238,125,140,85
230,131,147,84
246,140,138,76
243,148,138,72
228,149,153,76
221,150,158,82
196,146,180,87
183,142,187,101
187,135,183,116
172,135,188,116
190,126,168,132
206,130,144,133
217,131,126,133
228,130,107,136
231,122,92,142
232,125,87,145
236,123,76,142
237,118,64,149
242,129,55,134
242,129,51,129
232,140,60,118
233,130,57,121
232,118,62,128
229,126,60,116
228,100,68,137
233,87,62,144
227,68,72,156
218,51,83,172
211,44,95,175
201,44,126,154
189,41,138,154
175,39,156,159
157,41,173,163
143,53,188,160
129,58,204,154
152,72,187,147
143,68,193,158
142,110,193,131
163,122,180,131
177,136,166,128
178,146,166,126
175,156,169,120
172,164,174,109
178,187,163,104
180,186,168,105
180,210,173,92
185,221,173,84
190,229,170,83
197,234,166,84
172,177,148,87
172,177,148,87
240,254,146,81
244,261,152,83
262,266,140,85
266,271,143,86
277,276,138,76
280,281,137,64
284,284,133,67
282,293,133,64
284,299,129,58
284,309,123,48
280,315,123,43
278,316,127,44
274,316,131,43
274,317,131,39
274,318,129,40
273,316,133,44
272,317,134,42
269,319,139,40
271,316,135,43
266,316,139,44
269,317,138,44
265,315,139,44
259,317,145,43
262,315,141,44
257,318,146,41
253,317,150,43
257,316,146,42
254,320,151,39
255,316,146,42
250,321,153,39
250,322,151,36
248,319,152,38
245,317,151,39
245,321,149,36
247,317,147,40
