131,173,111,69
131,176,112,67
132,174,111,67
131,174,111,71
131,174,111,68
130,173,114,71
130,176,113,66
131,175,114,67
132,175,110,67
131,174,110,70
131,175,113,67
130,174,113,68
132,175,113,68
131,175,111,67
134,175,113,65
130,175,112,66
131,175,114,69
130,175,114,67
130,175,113,67
132,175,111,69
135,174,107,68
131,173,113,71
132,176,112,66
134,175,110,67
136,176,108,64
133,177,110,64
132,175,113,66
132,176,112,65
133,175,111,67
133,174,110,67
135,176,108,68
133,174,109,70
133,175,108,68
131,178,113,62
131,176,113,64
132,177,111,64
130,176,113,65
129,177,116,64
126,177,121,62
129,176,115,65
131,176,112,65
128,176,118,65
128,177,118,63
129,174,114,70
129,174,117,69
129,173,116,70
130,173,115,69
130,171,115,73
130,172,115,70
131,169,116,73
132,168,115,72
134,169,115,70
138,168,112,67
138,165,110,67
141,160,109,68
139,154,110,70
136,150,118,71
140,147,111,71
139,147,115,69
137,149,113,65
135,143,119,70
138,141,116,72
138,139,113,72
137,139,113,70
139,137,116,70
136,140,118,64
142,140,112,62
141,135,111,67
143,136,114,66
142,134,111,67
143,133,118,67
144,128,112,72
144,131,117,66
145,132,116,65
141,126,125,70
144,129,121,66
144,130,120,62
144,125,123,67
146,127,126,64
146,124,129,67
149,124,146,67
151,122,146,69
149,122,152,69
149,118,149,72
156,120,142,69
147,121,154,70
153,118,149,74
152,117,147,73
155,116,146,75
154,111,146,82
156,116,145,76
157,119,141,70
156,119,140,72
158,120,140,68
158,119,138,72
162,121,134,67
164,123,135,65
165,121,135,65
168,122,128,64
170,121,128,68
172,120,123,67
170,121,129,65
174,123,123,62
172,120,129,66
175,121,129,64
179,122,120,63
176,122,126,62
176,120,125,65
174,121,132,64
174,120,133,64
175,119,132,64
177,121,133,64
178,119,130,66
176,119,137,66
177,118,133,65
180,119,128,65
180,120,129,64
181,119,128,64
182,120,126,65
181,120,129,65
182,121,127,63
181,120,131,64
181,120,126,66
180,120,130,65
181,120,126,66
181,122,126,63
180,122,126,62
180,120,127,66
178,121,131,64
179,121,125,64
180,124,122,61
179,123,120,63
180,122,122,64
175,124,128,63
180,123,119,64
177,123,121,65
179,125,117,62
175,124,122,65
175,123,124,65
173,124,124,65
175,125,121,63
173,125,121,64
174,124,117,65
174,125,119,65
173,125,120,65
172,125,121,65
173,125,116,65
173,126,114,64
171,126,115,65
173,127,111,63
172,126,112,64
172,127,111,64
175,131,108,60
173,127,109,66
172,128,113,65
174,128,109,66
173,129,109,63
173,130,111,63
174,129,106,65
174,130,111,64
173,129,109,65
173,129,107,66
175,129,101,66
172,127,112,69
170,128,114,66
171,129,109,66
173,130,105,65
171,132,110,63
170,127,114,69
171,132,111,65
171,128,109,68
172,130,109,66
173,128,102,68
170,131,108,63
171,129,104,66
169,127,114,69
172,131,106,65
170,129,108,66
170,128,109,67
171,130,105,65
170,129,107,66
171,126,106,70
171,126,109,69
170,124,109,72
170,126,108,69
171,129,95,65
172,122,97,73
170,129,104,65
172,126,93,68
171,124,96,70
171,123,103,70
169,120,109,71
172,119,102,75
172,117,104,77
172,116,104,77
172,115,106,77
173,116,103,79
172,115,104,80
171,118,106,74
173,116,106,77
174,117,105,76
174,116,102,78
174,114,104,80
175,112,105,83
175,112,104,80
176,111,108,82
177,112,105,83
177,111,108,83
177,109,108,86
178,110,108,83
179,109,101,84
177,107,107,88
179,108,103,84
179,109,104,84
179,108,103,86
179,107,103,88
179,106,105,88
179,107,99,88
179,106,106,89
179,105,103,90
180,105,103,89
179,105,102,90
179,105,107,90
179,102,102,94
180,102,104,95
180,102,105,95
178,100,114,95
179,102,111,95
179,101,109,96
180,102,116,94
181,102,108,96
182,101,103,95
182,101,104,98
182,102,103,97
182,104,107,95
181,102,107,97
184,102,103,98
183,100,105,99
182,101,110,98
183,101,108,97
184,102,108,97
183,100,116,99
183,99,114,101
184,102,113,97
184,101,107,98
184,101,110,97
184,100,110,99
182,100,118,100
183,101,119,100
183,101,121,101
183,101,125,101
183,99,126,103
183,103,122,98
184,99,120,104
182,101,125,99
183,102,124,100
184,99,122,102
185,101,121,100
186,103,120,98
186,107,120,94
188,108,114,93
188,109,113,93
191,115,105,84
190,113,111,86
192,111,107,88
190,114,106,85
190,107,110,92
192,108,105,91
193,109,103,89
193,105,106,94
194,107,109,91
198,103,100,96
199,105,99,91
200,108,101,87
200,108,101,88
199,108,105,88
200,108,106,87
201,107,105,88
200,109,107,85
204,104,106,90
204,102,103,92
206,104,103,90
204,105,111,87
207,105,103,88
208,105,102,87
206,103,108,91
209,103,103,90
209,104,108,88
212,101,101,92
211,101,105,91
214,101,99,93
211,103,103,89
214,100,102,92
213,103,103,88
213,104,105,89
214,103,106,89
218,103,101,91
218,104,105,88
219,104,107,88
222,102,105,92
226,100,104,95
228,101,101,97
228,100,107,94
226,102,115,89
229,101,114,92
231,100,113,94
234,103,111,90
236,102,113,93
239,101,110,94
242,101,112,95
244,100,109,96
245,102,112,94
246,102,120,97
247,102,117,94
250,103,113,92
253,102,111,97
254,103,112,93
254,102,114,93
254,102,116,95
254,103,120,93
256,102,117,96
255,100,121,98
255,102,123,97
255,101,123,95
255,102,126,95
257,100,123,97
257,101,117,96
259,101,114,97
256,103,119,95
256,99,121,97
259,100,115,95
256,100,125,98
261,103,112,91
258,100,117,98
259,101,114,93
257,99,118,97
258,97,115,101
257,102,116,94
257,102,116,94
257,99,118,98
257,100,115,92
256,101,119,93
259,97,113,97
258,96,113,96
259,96,111,94
255,94,121,96
255,91,118,98
257,90,114,98
255,92,117,92
254,87,121,95
254,88,118,91
253,83,121,94
256,80,118,97
257,77,115,101
256,79,116,97
256,72,116,104
256,77,114,98
254,71,119,106
254,70,121,105
253,69,121,105
254,71,119,102
253,67,121,108
253,65,121,111
254,60,119,118
255,64,118,112
257,63,110,111
256,65,113,106
253,64,118,108
256,66,112,108
255,66,110,106
255,64,110,106
254,64,109,107
256,62,107,111
255,66,107,105
257,64,105,109
257,63,106,106
258,62,103,110
258,59,106,112
257,63,106,104
260,59,101,111
260,59,100,113
260,61,101,107
258,60,102,112
258,57,106,112
259,57,107,111
260,55,104,116
258,58,108,112
259,55,112,114
261,55,102,116
260,57,111,114
262,60,99,112
260,58,107,114
261,58,102,113
259,54,118,118
265,55,101,117
263,54,110,120
265,58,96,119
264,57,102,117
265,53,117,122
259,55,138,115
261,56,134,113
261,55,136,113
263,56,127,112
263,58,126,114
263,59,126,115
264,59,125,117
265,57,128,120
265,55,128,123
264,58,129,119
268,58,119,120
265,60,116,114
267,60,122,114
264,60,127,117
267,61,118,117
265,59,120,118
267,56,121,124
266,60,120,120
265,56,128,123
262,58,135,119
266,61,122,112
265,59,125,119
263,62,125,114
266,61,124,113
263,59,131,117
265,59,128,117
264,60,124,116
265,60,124,115
262,61,130,115
262,60,128,117
265,60,126,118
264,60,129,116
264,61,125,114
264,62,123,118
261,58,132,123
261,59,131,121
262,62,132,112
262,65,127,110
260,62,134,117
259,59,137,114
258,63,138,110
260,61,131,118
260,61,135,117
261,64,115,115
261,62,127,118
259,58,134,119
258,63,128,113
255,62,134,111
257,67,120,107
256,65,127,107
253,66,126,106
255,69,122,102
253,68,126,102
255,71,119,98
253,70,123,96
254,68,121,102
254,66,120,106
253,66,124,103
253,68,119,101
251,66,126,100
253,68,116,100
254,65,119,102
254,68,119,100
254,63,118,105
257,64,114,103
259,66,110,102
255,65,121,103
254,67,121,99
252,65,131,102
254,64,118,102
254,64,116,104
254,65,121,100
255,63,120,105
255,64,124,102
253,59,125,106
256,59,119,106
253,61,131,104
254,61,126,104
257,57,116,110
260,58,111,108
260,59,111,106
257,59,121,104
257,61,120,103
257,62,114,103
256,60,129,107
255,58,136,108
261,60,106,107
262,60,111,104
263,60,107,105
261,63,111,98
261,62,108,101
259,61,117,102
260,61,115,104
261,62,116,101
260,62,119,102
259,63,123,99
259,63,120,101
261,66,114,98
261,62,121,102
264,63,111,101
264,65,104,99
262,64,115,99
261,65,120,98
261,61,113,104
262,60,119,105
262,63,111,101
263,61,109,103
261,63,113,101
261,59,122,105
264,59,113,107
268,61,99,104
263,60,106,104
263,57,106,109
265,59,105,105
265,59,103,104
265,57,105,108
265,58,105,107
266,58,102,106
266,59,103,105
265,59,106,103
265,55,107,111
263,59,108,106
265,55,109,110
266,57,104,105
268,57,104,105
270,58,98,102
270,59,100,99
268,59,109,105
270,57,102,101
269,58,102,103
271,58,100,97
271,58,101,106
272,59,100,94
271,57,101,109
270,59,102,101
271,59,100,106
270,57,101,111
271,57,99,107
267,57,107,109
270,56,100,105
270,58,104,100
269,58,103,98
269,59,101,93
270,60,99,90
269,60,101,93
273,60,92,87
270,59,104,97
270,57,100,91
269,59,111,98
272,59,97,96
273,57,100,100
273,57,94,88
272,59,91,86
272,58,95,90
272,57,96,95
273,55,105,118
274,52,129,120
274,55,128,119
273,56,133,119
274,55,133,118
274,57,131,117
273,56,139,116
272,56,138,114
273,53,138,125
274,55,132,122
274,56,130,123
272,58,134,115
273,56,135,121
274,56,137,119
274,55,132,123
274,55,131,119
274,56,129,119
275,61,130,116
274,61,134,115
274,61,128,113
274,57,131,119
272,57,137,120
276,55,130,124
273,58,132,117
277,59,120,119
275,57,125,122
274,60,126,120
273,60,130,116
274,61,126,120
272,59,126,118
273,61,129,119
274,64,119,116
272,60,127,119
272,59,135,122
271,58,131,126
276,59,119,118
275,61,122,122
270,59,131,124
270,62,131,116
269,66,129,117
267,65,135,116
270,63,132,118
269,62,130,123
269,59,133,126
273,63,120,120
271,63,122,121
270,59,127,123
269,66,129,114
268,65,128,115
265,62,136,119
265,62,142,122
265,66,137,113
266,65,128,110
265,65,132,114
265,66,134,112
265,63,134,116
269,61,126,120
266,62,133,117
265,62,137,121
266,60,128,125
267,60,133,123
263,65,135,111
266,62,130,123
266,56,131,126
263,59,135,124
267,62,127,120
265,65,129,119
264,62,133,118
267,64,132,116
265,63,135,119
264,60,133,122
267,62,128,122
268,60,128,127
265,61,129,122
264,61,133,124
267,62,129,119
265,62,133,121
263,62,140,116
264,63,139,116
261,66,144,110
262,61,141,118
268,64,138,117
269,61,131,119
269,64,133,115
268,63,138,116
268,62,142,117
269,64,134,114
270,63,133,114
270,63,140,115
270,64,141,115
272,65,143,114
272,63,136,115
274,63,135,114
277,65,127,114
277,64,128,113
275,61,142,114
275,60,147,113
278,60,139,116
278,61,137,114
275,65,143,106
277,67,133,109
275,60,146,112
281,65,130,107
280,64,135,108
281,67,128,107
280,68,134,105
280,62,137,110
283,61,133,112
280,65,133,108
281,63,139,109
280,60,142,112
280,59,140,115
286,59,131,119
282,60,138,117
282,63,138,109
278,64,145,109
278,65,146,107
277,65,145,107
277,69,147,103
280,63,137,112
278,64,136,112
276,63,142,109
274,65,141,110
276,66,136,109
275,64,141,112
271,62,141,112
272,63,137,115
268,62,139,114
265,62,141,109
261,65,143,110
262,66,138,106
259,64,140,106
260,65,133,107
257,64,140,110
257,63,141,107
255,64,138,108
253,65,140,108
252,68,139,103
251,65,138,109
251,65,139,107
245,62,142,110
245,65,141,105
245,66,134,105
242,64,137,107
240,63,137,109
238,63,142,105
238,63,130,107
238,65,128,109
239,63,122,113
238,63,121,112
235,63,128,110
236,65,126,105
236,64,120,113
234,65,125,107
235,66,118,107
233,65,126,109
236,64,119,108
234,67,123,105
235,66,119,104
234,68,121,103
233,67,124,106
234,68,122,104
236,66,116,106
236,70,116,102
238,64,114,111
236,66,115,106
235,66,121,105
236,66,115,106
237,68,112,103
236,68,112,101
234,66,121,105
237,67,112,105
237,67,108,103
240,71,104,97
236,71,108,98
238,69,105,101
239,71,105,100
237,71,107,98
238,71,107,96
238,71,107,98
240,69,110,98
238,69,114,100
238,70,113,98
243,71,102,98
239,68,114,102
239,64,109,104
240,69,112,96
240,69,117,96
238,70,121,95
239,69,128,97
240,67,123,97
241,68,124,97
242,71,120,93
243,70,115,94
244,71,115,91
245,71,111,90
244,68,115,95
243,67,114,96
244,66,120,97
242,64,130,99
243,63,125,100
244,63,121,101
243,65,129,98
243,64,121,101
243,63,127,102
244,63,135,102
243,62,142,101
243,62,142,93
245,61,134,87
245,63,126,84
248,64,110,100
246,67,117,80
247,68,107,92
245,68,110,88
246,70,107,72
248,70,106,73
248,69,108,71
248,91,109,79
250,68,102,71
250,69,104,67
248,70,108,67
242,80,121,82
244,64,125,104
242,61,141,112
242,62,138,84
243,68,129,101
240,63,151,92
244,63,143,93
243,62,146,88
246,64,122,75
245,81,123,88
245,62,131,109
245,59,138,116
242,61,144,103
245,64,136,109
243,62,143,111
245,60,135,105
243,62,146,109
245,62,144,111
243,61,139,115
241,62,145,112
247,60,137,114
243,60,141,105
243,62,141,111
243,59,143,114
245,62,133,117
245,58,133,117
245,57,131,119
243,63,142,113
242,62,132,110
242,63,132,110
239,63,131,112
238,61,132,113
236,62,139,112
235,64,130,112
234,59,134,116
230,62,143,112
231,61,134,115
227,61,135,115
225,80,133,98
223,101,129,73
217,67,141,89
216,70,138,102
215,85,131,90
210,75,146,96
211,75,136,96
211,86,124,91
207,100,132,73
207,106,121,65
202,72,118,77
207,108,115,64
203,83,106,65
206,108,113,65
203,106,117,67
193,76,124,74
197,104,124,68
197,104,121,68
194,106,123,66
191,75,115,78
191,105,121,70
190,107,118,68
188,110,120,65
183,86,115,78
188,105,112,74
182,111,120,66
180,112,123,67
172,87,124,91
177,95,118,86
169,111,127,67
167,111,121,66
168,111,118,67
164,112,119,68
159,113,127,66
157,113,128,65
162,111,118,67
158,115,118,67
154,116,121,63
149,116,126,66
147,116,125,64
144,118,123,63
138,98,118,76
134,111,132,70
133,113,131,67
132,116,128,65
128,116,133,67
115,85,140,96
115,82,144,103
116,86,138,97
114,88,134,97
108,82,141,103
108,75,136,110
98,75,155,112
98,69,156,116
89,69,168,116
84,73,171,113
86,73,160,114
82,72,152,113
78,72,157,114
76,71,154,117
69,76,159,109
68,87,150,102
65,85,149,102
59,77,158,111
59,77,156,111
57,75,153,113
53,72,161,117
51,82,161,104
47,78,159,112
49,86,148,104
45,81,160,109
40,77,164,112
42,75,159,115
38,75,166,117
35,80,165,112
37,74,158,118
33,82,160,110
33,80,159,112
33,77,164,114
30,83,168,111
31,80,167,114
29,77,169,116
31,85,157,109
28,76,165,116
26,79,170,116
26,76,169,118
27,82,168,115
29,79,163,116
28,84,159,110
25,81,168,114
26,85,161,108
24,89,169,105
27,84,164,113
25,80,173,114
28,88,164,107
29,88,158,105
31,84,158,109
28,84,168,112
33,76,172,120
32,77,173,121
33,78,176,117
38,81,166,112
39,81,173,112
43,73,171,119
46,77,174,116
49,73,173,120
52,74,171,119
55,75,167,116
58,76,170,114
62,72,170,119
65,70,173,118
71,82,169,109
73,77,173,113
77,73,175,115
81,69,174,119
85,85,169,100
88,73,179,112
93,78,171,106
98,67,178,116
101,71,178,112
110,71,162,110
111,68,172,111
115,71,170,110
120,68,162,113
122,68,162,111
121,65,173,112
125,69,168,109
128,64,162,115
130,67,165,111
131,65,168,114
134,67,166,113
135,69,173,108
136,71,173,106
140,64,173,113
147,72,164,105
148,67,155,115
151,76,162,108
157,67,158,114
159,76,160,109
163,69,156,113
165,65,166,120
167,63,172,119
172,68,176,117
175,60,168,125
178,69,171,115
182,63,174,115
189,69,161,114
191,63,166,121
196,62,160,122
202,71,159,113
203,74,163,108
209,77,163,104
216,100,160,79
219,98,155,81
224,98,154,79
226,99,156,76
231,100,154,75
234,98,154,77
240,98,147,77
242,97,147,77
246,96,150,77
247,96,155,77
253,95,151,78
255,95,151,77
259,94,151,78
265,94,145,77
265,95,155,75
270,94,152,77
275,96,154,74
280,96,151,74
286,96,151,74
288,96,153,72
289,95,157,74
298,93,148,76
300,93,153,75
301,92,158,76
309,92,154,75
305,89,164,77
317,90,152,75
322,90,150,75
318,89,157,76
321,89,156,74
322,89,162,74
323,88,164,73
324,88,165,73
328,87,164,74
338,86,154,77
348,88,148,75
338,90,160,74
348,91,150,73
353,90,152,73
356,91,149,71
359,90,146,74
358,91,151,74
363,91,148,75
362,91,153,74
370,90,141,77
372,93,143,74
375,93,145,74
380,92,136,74
383,93,143,73
382,92,149,76
383,92,150,75
386,93,149,74
391,95,141,72
397,95,135,73
396,93,143,77
393,94,149,76
397,94,147,76
402,94,139,78
406,96,137,75
406,97,139,73
407,95,141,75
411,97,137,71
410,95,141,76
415,97,134,74
417,95,133,77
416,93,138,79
413,92,143,79
418,95,138,76
413,93,143,80
413,94,145,78
421,96,134,78
420,96,140,79
415,97,146,78
416,97,143,79
419,98,142,78
419,100,139,77
420,101,138,77
417,102,144,76
413,104,145,74
415,102,146,76
406,104,157,74
416,103,136,76
418,105,135,75
412,105,144,76
407,104,150,76
412,105,145,76
413,106,139,72
411,105,139,76
405,102,146,78
406,104,145,75
405,105,143,74
405,106,141,75
401,104,146,78
400,104,145,78
398,105,145,78
402,107,140,75
398,106,143,80
394,107,146,75
398,108,140,76
393,104,147,81
392,105,150,80
393,105,144,79
393,105,145,78
392,104,143,81
388,101,152,82
391,102,148,79
390,100,146,84
391,99,144,83
388,98,150,84
385,99,153,83
388,101,147,79
386,101,150,80
388,96,148,85
390,98,145,83
390,97,145,85
387,97,148,84
389,100,145,81
383,101,151,81
385,99,150,82
384,96,153,85
385,100,150,80
377,99,161,83
380,100,157,81
379,99,156,83
376,98,157,86
381,102,152,80
379,101,151,86
380,104,149,83
379,104,152,87
380,107,148,85
377,107,152,89
376,110,153,87
379,112,149,88
377,113,151,88
378,113,148,92
378,115,149,94
377,119,149,90
376,123,149,86
377,126,146,85
378,128,142,83
373,127,148,86
372,126,147,88
371,128,150,86
371,132,151,80
368,131,152,84
369,130,153,85
366,131,153,83
363,129,159,87
364,129,154,86
363,130,155,85
358,133,158,82
354,132,160,84
357,130,156,85
354,127,158,92
355,130,159,89
354,130,157,88
353,132,156,85
355,131,148,87
351,131,157,89
353,133,149,82
350,131,155,86
355,133,142,82
347,135,150,78
346,129,153,88
343,127,166,91
346,128,157,87
346,128,156,87
343,128,161,86
342,130,161,83
344,129,160,82
345,129,154,83
344,129,155,83
343,129,158,82
341,124,165,86
339,123,157,86
341,122,162,87
340,125,160,81
340,126,156,82
340,124,147,83
340,125,148,80
336,127,148,80
341,126,138,81
340,128,141,77
339,125,140,82
340,128,136,78
338,126,135,81
338,124,134,81
336,126,134,79
334,126,135,78
332,125,134,78
336,125,126,79
333,123,130,80
330,125,129,77
324,122,136,79
328,123,129,78
326,124,125,76
322,122,134,78
322,118,137,82
317,118,144,81
319,119,141,79
319,122,129,74
317,118,125,78
319,120,128,76
315,119,128,77
314,118,130,77
313,116,137,77
312,117,135,78
312,117,143,76
309,116,148,77
309,116,146,79
308,115,147,78
309,115,148,78
311,116,145,76
310,122,146,73
311,122,144,75
312,124,143,74
312,127,139,70
312,126,142,74
313,128,145,72
311,127,148,74
311,128,147,75
313,127,149,74
312,128,149,74
313,127,150,75
314,130,146,72
317,127,144,75
316,127,143,76
317,129,145,72
319,128,143,74
319,128,148,75
323,129,145,74
324,127,147,77
324,130,148,73
327,131,139,72
330,130,143,76
333,131,136,75
335,132,139,75
331,129,147,78
334,132,145,76
335,134,146,74
336,135,143,77
334,134,148,76
334,134,149,78
336,133,149,82
335,137,144,78
334,137,147,78
336,137,142,78
336,138,144,78
333,137,149,79
332,137,151,78
334,136,146,80
334,134,148,86
335,135,148,84
334,134,145,87
335,132,145,86
338,132,142,90
336,137,141,83
337,134,141,88
334,140,143,84
337,141,138,78
333,141,146,80
337,143,139,77
365,142,114,79
369,140,106,80
382,146,89,74
383,146,85,73
382,148,87,72
382,149,86,73
379,148,89,73
379,149,86,72
378,151,85,72
378,149,89,75
375,148,90,73
374,148,89,76
375,148,86,74
372,148,90,75
372,148,89,74
369,146,94,77
366,146,97,75
368,145,88,77
365,145,91,77
362,145,96,76
363,144,87,79
359,142,88,81
357,142,85,81
354,142,98,79
352,143,103,78
352,141,98,82
350,141,104,81
349,143,101,78
350,142,103,79
350,140,100,83
351,143,98,77
351,143,97,78
349,144,99,78
348,145,98,76
348,144,98,77
346,143,98,79
346,144,97,77
345,143,95,79
344,146,98,76
344,143,96,81
342,143,97,82
342,145,96,80
338,143,100,82
338,147,99,79
338,145,95,80
336,145,95,81
338,145,93,81
334,145,95,81
335,149,92,78
330,146,99,82
327,144,99,85
330,148,94,79
327,148,97,80
331,148,88,80
323,149,94,79
318,146,96,82
319,146,92,81
320,145,87,83
315,145,89,82
314,145,89,83
313,149,90,78
310,140,87,91
309,144,90,86
310,149,86,78
307,146,88,84
307,147,87,80
305,149,86,79
306,148,86,83
305,147,83,82
305,150,82,78
304,147,84,82
304,146,81,81
305,149,81,81
305,151,80,75
303,150,81,78
304,151,81,73
305,151,82,77
304,148,80,79
315,141,99,89
303,144,101,83
301,142,113,87
299,143,121,84
297,143,126,82
300,141,115,86
299,141,115,85
299,143,110,85
299,144,113,85
298,141,123,89
299,140,128,89
298,139,134,90
298,135,150,95
295,140,154,90
295,138,149,91
297,139,142,92
296,137,148,90
294,139,156,90
292,138,159,91
290,136,165,92
293,140,154,89
291,132,164,99
293,135,154,94
290,134,157,96
289,134,164,96
288,137,159,93
291,133,160,97
289,134,164,97
287,136,162,90
288,137,162,90
289,140,159,85
286,138,164,88
286,139,165,87
285,137,164,92
286,138,163,90
285,139,165,88
283,140,170,88
285,139,165,89
287,139,163,87
287,143,162,81
287,143,160,82
285,140,159,85
284,139,163,88
284,141,162,85
284,139,163,85
284,143,160,80
286,144,162,80
286,142,162,86
288,141,159,81
290,140,156,87
285,141,164,85
288,139,161,88
287,139,167,86
286,137,166,89
287,138,162,89
286,138,165,88
287,138,157,89
287,140,159,87
288,141,155,85
283,140,159,89
284,141,152,83
282,141,152,86
281,141,153,87
283,140,147,85
282,140,146,88
285,142,141,84
284,141,144,84
283,138,145,91
284,137,146,92
283,138,147,89
283,136,145,88
284,139,144,85
284,136,147,89
285,135,145,89
287,136,146,86
285,136,147,87
283,135,154,86
284,134,157,84
285,133,153,86
289,132,148,88
288,130,146,90
291,131,146,89
293,131,145,88
296,135,145,80
298,135,143,78
297,132,142,82
300,134,148,78
301,131,143,81
304,129,137,84
303,131,145,80
303,132,143,81
305,133,139,80
304,133,145,80
306,135,144,79
307,135,141,79
308,137,140,77
308,137,142,79
308,135,142,82
309,139,136,77
308,134,142,80
307,137,136,77
307,136,137,77
306,134,141,79
304,132,139,80
305,133,139,77
306,133,135,77
306,131,135,80
303,129,135,82
304,130,137,79
303,129,136,81
303,131,133,77
305,131,128,79
304,130,128,78
305,129,129,80
304,132,126,75
305,128,126,81
306,130,123,80
305,131,125,77
306,130,122,77
304,127,123,82
305,129,123,79
306,127,123,79
306,128,122,78
307,126,121,78
307,124,122,83
308,125,122,81
308,124,122,82
310,127,119,79
309,127,117,77
310,127,110,76
310,128,117,76
323,131,124,76
308,126,121,82
325,127,128,84
309,128,138,82
309,128,124,78
308,129,130,78
308,129,119,76
308,125,121,84
309,130,126,80
309,126,114,82
357,135,100,76
316,129,118,85
311,132,123,76
311,133,132,77
310,133,137,78
310,133,147,79
309,135,155,77
311,135,163,77
311,133,154,80
313,132,145,81
313,136,142,76
311,133,148,79
312,136,142,75
314,137,135,74
315,136,136,74
317,137,130,75
314,137,133,74
317,138,131,73
315,138,130,73
357,137,131,77
329,138,116,73
320,138,127,72
320,138,127,71
321,137,121,74
323,136,121,73
322,137,123,73
355,135,127,76
327,134,112,78
356,142,97,70
355,146,83,65
352,144,85,70
349,144,87,70
349,140,86,76
341,143,93,72
343,144,92,73
341,140,93,75
341,142,92,74
342,142,88,75
342,147,89,69
343,145,87,72
340,142,89,75
340,142,89,73
338,141,90,75
340,143,87,74
340,143,86,73
339,144,88,71
339,145,85,71
337,147,87,68
337,146,90,69
338,146,88,69
336,143,85,72
336,144,87,70
336,141,83,74
333,141,88,74
332,142,89,74
331,144,88,72
331,141,88,77
333,144,85,72
330,141,86,75
330,138,89,78
327,141,90,74
326,139,92,77
326,136,90,80
328,139,89,77
324,136,93,80
324,137,94,79
324,138,94,78
322,137,94,79
321,135,96,81
325,140,90,75
323,139,92,77
322,138,95,78
324,138,90,77
324,139,90,75
323,139,93,76
324,138,92,78
324,136,92,79
324,138,90,77
324,136,90,79
323,138,93,77
322,138,89,78
323,141,88,76
321,147,85,71
319,145,89,75
315,146,88,76
316,150,86,73
314,144,81,84
309,143,84,87
306,144,85,86
301,145,81,87
301,148,77,85
294,154,82,79
290,152,81,81
284,155,81,78
281,153,78,81
275,156,78,76
270,155,80,77
264,156,70,76
256,153,78,79
249,150,84,79
245,146,108,82
234,147,113,79
226,147,121,77
220,146,118,78
213,148,120,75
206,149,121,74
201,149,122,70
196,150,122,71
189,149,127,71
183,151,131,68
182,152,122,68
179,151,121,69
174,153,122,72
168,153,120,72
163,154,122,71
161,154,121,74
158,156,117,70
159,156,112,74
162,160,103,72
159,161,101,72
156,161,98,73
151,169,102,65
147,166,102,71
147,171,99,66
140,171,104,69
131,174,111,66
133,175,105,66
133,174,103,70
131,174,104,68
130,176,102,68
131,177,97,67
127,179,101,63
127,181,100,62
126,182,98,62
127,180,97,69
124,180,102,67
126,177,99,71
125,178,99,73
126,182,98,65
124,181,98,66
125,180,96,69
128,181,90,70
125,181,97,68
125,181,97,68
127,181,96,69
127,182,97,67
127,181,97,67
128,180,94,70
128,180,94,69
126,181,97,66
128,180,92,70
126,180,95,69
126,182,96,68
124,181,98,69
124,181,99,69
125,182,97,66
125,181,97,66
125,183,96,64
128,182,92,67
124,181,98,69
125,182,96,68
123,181,101,69
127,180,94,72
126,181,95,70
127,181,94,68
127,181,94,68
126,181,94,68
126,182,96,68
127,182,92,68
126,183,95,66
125,182,96,68
125,183,97,66
126,181,94,70
124,181,98,71
125,181,98,69
124,181,98,72
123,180,100,72
125,181,98,71
126,182,95,67
126,183,95,66
123,182,99,68
126,183,96,65
125,182,96,69
127,181,93,70
127,181,93,72
128,181,92,71
127,182,93,69
126,183,94,67
127,182,94,68
125,182,97,69
125,182,97,70
125,181,96,72
126,182,96,69
127,182,93,68
125,181,97,71
126,182,97,69
127,180,91,73
127,182,92,69
