338,164,98,54
333,163,107,59
334,163,109,57
333,165,108,56
333,163,109,57
334,164,108,56
333,164,108,56
334,165,110,56
334,164,107,55
333,164,108,56
334,164,105,56
334,164,107,57
332,165,109,54
332,163,109,56
333,164,109,58
333,163,107,56
334,163,109,57
335,164,106,56
334,164,107,58
334,163,106,57
332,164,109,56
332,164,112,56
333,164,107,56
333,164,110,57
334,163,106,58
331,164,112,56
332,164,109,56
331,165,112,55
332,165,109,56
333,165,108,57
334,164,107,56
332,164,109,57
332,164,109,57
332,163,110,58
334,163,108,58
333,165,109,54
333,164,109,56
333,165,108,55
332,164,110,55
332,164,110,57
333,164,107,56
333,165,106,57
333,164,107,55
333,165,110,55
332,163,110,58
331,163,110,56
332,164,111,57
333,162,109,59
333,163,108,58
334,163,106,57
332,163,109,57
333,162,109,59
332,164,108,56
332,165,110,55
332,164,110,56
333,164,109,55
332,164,109,55
333,166,110,54
333,164,109,56
332,165,110,55
333,164,109,56
333,164,107,56
333,164,107,57
332,164,109,56
333,164,108,55
333,164,109,56
333,164,108,56
333,164,109,56
333,165,107,55
334,164,107,56
333,164,109,57
333,165,108,53
333,164,108,55
334,163,107,56
334,163,108,56
335,162,108,58
334,162,110,57
334,163,111,57
334,163,111,55
335,162,108,57
337,162,109,56
335,162,109,57
337,162,107,58
336,162,107,56
337,162,110,57
335,163,111,56
337,164,109,54
337,163,108,56
338,164,109,55
336,164,111,57
338,164,108,55
339,165,109,56
337,164,111,55
338,163,108,57
340,162,108,57
338,165,108,54
338,164,111,55
336,164,112,53
339,163,109,56
337,163,112,55
336,162,114,57
339,160,108,59
337,163,109,56
338,162,111,55
337,162,108,57
338,163,107,55
337,161,108,57
337,159,108,58
337,161,109,59
336,160,108,57
337,158,109,60
335,157,109,61
336,158,108,61
337,157,108,60
336,156,106,61
338,157,107,60
335,156,107,60
338,155,105,62
335,154,108,62
335,154,108,62
336,155,104,59
333,154,109,60
336,154,105,59
335,153,106,61
337,152,105,61
335,152,107,60
336,151,105,60
336,150,106,61
334,150,107,60
336,149,107,62
334,150,108,60
335,149,106,61
335,148,105,61
335,150,107,57
334,148,106,60
335,147,109,61
334,147,108,61
334,148,113,60
333,145,109,61
336,145,109,63
333,145,108,62
333,144,109,63
335,144,108,62
332,143,108,63
335,143,113,62
331,144,110,60
334,142,112,64
333,140,108,63
334,140,112,62
332,139,110,64
335,139,107,61
333,137,107,63
334,138,110,63
329,140,113,58
334,138,114,59
332,136,109,64
331,136,113,65
331,136,109,65
331,135,114,65
332,134,111,62
331,135,111,61
330,135,113,63
333,133,109,65
331,133,112,67
330,133,114,64
329,132,110,66
331,130,113,69
330,130,111,70
328,130,111,67
329,128,114,72
330,126,113,77
330,127,110,71
327,128,113,72
330,129,111,66
330,132,110,60
329,131,111,65
328,130,113,66
330,131,110,64
330,132,106,64
330,134,107,61
328,136,110,60
329,135,108,62
326,136,109,63
327,137,110,58
329,137,108,61
326,138,111,61
328,138,110,61
326,139,114,62
326,139,111,63
327,140,109,63
325,141,112,62
325,142,111,61
328,142,108,62
325,142,112,64
323,143,113,63
324,143,113,65
324,144,113,63
324,146,113,61
325,146,112,63
327,148,107,59
324,147,112,62
326,148,111,61
326,148,110,61
325,149,112,62
325,150,113,60
326,151,112,59
325,153,114,59
327,152,109,60
324,153,116,61
326,152,114,60
324,154,116,59
324,153,116,62
325,154,116,61
326,154,113,60
325,154,115,62
327,154,114,64
327,155,114,61
325,156,117,63
327,158,114,59
326,158,114,59
325,159,117,59
326,160,116,59
327,163,114,54
327,161,114,57
325,163,119,57
328,165,115,53
328,164,113,58
328,164,117,58
329,164,116,58
332,165,113,57
331,167,116,55
331,167,115,55
333,166,114,58
332,169,113,53
333,168,115,57
334,167,113,57
334,169,116,55
337,168,111,57
337,169,112,55
337,168,110,57
337,171,113,53
337,169,114,56
340,170,111,54
339,168,112,55
341,169,109,56
342,169,111,54
341,169,113,54
342,169,112,53
343,167,110,54
343,167,113,55
344,167,113,54
343,165,112,56
345,166,113,55
344,165,114,56
345,164,114,57
344,165,115,55
347,163,113,57
344,163,117,57
346,162,114,58
345,162,116,56
346,162,116,58
349,160,113,60
349,159,114,60
348,161,114,55
346,161,119,58
347,161,118,57
348,160,119,59
350,160,116,58
348,158,118,60
346,158,121,60
346,159,119,59
347,160,120,58
344,160,125,57
346,160,122,57
349,158,119,60
348,158,118,61
348,158,121,59
348,157,121,61
347,157,124,61
346,158,124,59
347,159,122,57
345,160,128,57
347,158,124,59
346,158,126,61
346,158,127,59
346,158,127,59
346,159,126,58
347,160,124,55
347,159,129,59
346,158,126,59
348,158,124,59
349,158,124,58
348,159,124,57
346,158,127,59
348,157,124,60
346,159,125,58
346,159,125,58
346,159,127,58
346,161,127,55
346,158,127,57
345,159,128,58
345,159,128,58
347,161,125,56
346,161,126,54
353,159,118,57
347,157,125,60
347,158,125,58
346,157,127,61
347,157,125,60
345,160,129,58
346,159,126,58
345,159,128,56
346,163,127,54
346,161,128,55
347,162,126,55
345,160,128,55
345,161,127,54
346,162,127,54
346,162,127,53
349,159,122,58
345,162,128,53
345,160,127,57
352,159,120,57
348,160,123,56
346,160,126,55
349,160,124,55
347,160,124,56
348,161,123,57
346,162,126,52
348,162,123,54
345,159,124,58
347,159,122,58
346,162,124,54
349,160,120,56
349,157,120,59
346,158,122,57
347,159,123,58
347,158,121,58
350,157,119,58
347,158,121,57
346,158,121,56
347,158,121,56
350,156,118,58
350,155,117,59
348,156,119,59
349,155,117,60
347,157,119,57
346,156,120,58
349,156,117,58
344,161,122,52
346,160,117,52
346,157,118,57
344,159,118,54
346,157,118,57
345,155,118,59
344,157,117,59
346,157,115,58
342,159,119,54
346,156,114,59
348,155,109,58
344,155,118,60
342,158,118,57
345,156,114,57
344,156,113,60
345,157,111,56
342,155,118,60
343,155,113,60
342,157,115,59
341,155,114,59
342,157,114,58
341,156,115,60
339,155,116,61
339,157,117,57
339,157,116,58
341,155,113,61
338,157,117,59
338,156,116,59
338,156,116,60
338,157,115,59
337,155,117,59
334,158,121,55
336,155,118,59
335,154,117,59
335,155,116,59
333,156,118,58
333,157,118,54
332,156,115,55
333,157,114,54
333,154,116,59
333,154,114,60
331,153,114,60
331,155,118,60
330,156,118,57
330,155,117,57
329,156,119,56
329,154,116,57
329,155,119,58
328,155,118,55
327,155,120,57
327,152,116,59
327,153,120,58
327,157,123,53
324,154,122,56
327,154,120,55
325,155,122,54
325,155,121,56
325,154,123,57
326,154,119,56
325,158,123,52
324,155,122,54
324,154,124,58
323,156,125,52
325,156,117,57
325,156,117,54
325,153,118,59
323,158,123,51
322,155,121,55
324,154,118,57
326,154,113,57
324,153,115,57
323,153,118,58
326,152,114,57
325,151,112,59
323,153,118,56
325,152,112,55
324,151,114,57
324,152,117,57
323,152,117,56
321,153,119,54
322,152,113,55
322,152,119,57
320,150,119,58
319,150,121,61
318,151,127,59
319,152,125,57
319,153,130,58
319,151,129,60
324,153,122,57
321,152,125,60
321,153,128,58
321,153,123,58
325,152,118,60
325,152,120,64
325,153,121,59
324,152,120,62
325,151,118,59
326,152,117,60
325,155,118,54
326,154,113,56
324,152,114,58
323,151,117,60
324,150,111,62
323,151,112,59
324,152,114,57
324,152,115,58
325,153,108,57
325,151,113,59
323,154,115,58
326,155,113,55
324,153,114,59
327,154,112,58
327,155,108,58
325,152,112,59
327,154,108,57
326,151,107,60
326,151,110,61
326,150,117,62
326,151,109,60
328,152,108,59
326,150,107,61
326,151,108,60
328,154,108,55
326,149,106,63
328,153,105,56
327,153,109,57
326,151,113,58
326,149,109,62
330,150,103,56
328,153,103,54
329,153,102,53
329,152,107,54
327,150,107,56
327,150,107,56
328,150,107,56
328,149,105,57
327,151,108,57
327,150,107,56
325,151,112,54
326,152,111,53
325,153,110,51
326,152,109,54
327,151,108,55
325,150,108,57
324,152,110,54
323,152,110,54
325,151,111,56
326,151,109,55
326,152,110,53
329,150,105,55
328,151,107,54
328,152,105,51
328,150,106,55
328,152,107,51
326,149,110,55
329,151,107,52
330,148,107,57
329,148,106,55
327,150,109,51
330,148,106,53
328,148,107,54
327,148,109,54
328,148,108,53
327,146,107,55
328,147,108,55
326,146,109,56
329,146,105,56
331,149,103,53
328,147,105,54
328,148,106,54
329,147,106,55
326,144,108,59
328,144,107,58
327,145,107,58
328,146,109,56
327,147,108,53
326,146,109,56
325,141,110,60
329,142,106,58
330,143,103,57
329,141,104,59
326,141,109,59
327,141,109,59
330,141,104,60
328,138,108,62
327,140,107,61
330,141,104,59
330,145,104,54
327,140,105,60
328,139,105,61
327,141,105,60
326,141,108,61
327,142,106,59
326,142,108,59
327,144,107,60
325,141,108,59
325,144,110,59
326,141,109,61
325,142,103,62
324,141,107,64
324,144,108,62
324,143,106,62
324,145,109,60
324,145,106,62
324,144,105,62
324,143,106,64
323,143,104,66
324,145,108,62
326,144,102,63
329,146,98,60
330,146,99,59
328,144,101,62
328,148,106,59
330,149,103,56
332,146,96,59
332,148,98,57
333,147,95,58
334,149,97,55
332,144,95,60
332,147,100,57
333,144,92,61
335,140,79,65
337,144,80,61
337,140,79,62
342,142,73,60
340,142,74,60
339,140,77,63
344,142,69,59
344,142,67,60
345,143,65,59
345,142,66,59
344,141,67,59
339,141,71,61
342,140,69,61
338,138,72,62
338,139,73,62
339,140,70,62
335,138,74,63
344,139,69,62
341,138,69,62
337,138,73,63
331,135,78,64
345,140,64,61
345,137,63,65
343,136,66,65
347,138,63,62
347,138,61,64
348,139,59,62
348,136,59,66
347,138,61,63
348,137,58,65
347,138,58,67
350,137,53,67
351,137,51,66
354,139,47,64
352,138,48,63
353,136,47,67
355,136,45,66
356,136,43,66
357,136,42,66
359,137,38,66
359,137,37,67
360,138,36,64
364,136,30,68
365,136,29,69
366,135,29,71
370,135,26,71
371,135,27,72
374,135,26,69
375,134,26,68
375,135,27,67
375,134,29,69
368,137,38,67
367,139,42,66
368,143,43,62
363,145,49,58
363,146,52,57
362,145,56,58
361,145,58,60
361,147,60,57
358,143,65,62
356,141,67,64
356,141,68,65
356,145,72,61
352,142,75,62
353,142,76,64
352,142,75,64
351,141,76,65
349,142,79,63
349,143,83,61
346,143,85,63
343,140,89,64
345,144,86,62
345,142,86,63
344,144,88,60
343,144,90,61
341,143,90,61
343,143,90,62
341,143,92,63
341,143,95,61
339,145,95,60
341,143,95,62
339,143,96,64
339,142,97,64
340,141,99,63
337,141,99,65
337,142,100,64
338,142,100,62
336,141,104,64
335,140,104,65
338,141,100,64
337,143,103,62
337,143,100,61
337,142,105,63
336,142,102,62
336,142,105,63
336,143,103,61
333,142,110,63
336,141,104,63
337,142,103,63
336,146,104,58
335,143,107,61
335,142,104,63
336,142,105,63
333,140,108,65
335,143,104,61
335,142,106,64
333,142,108,61
336,144,103,62
335,143,105,62
335,142,105,63
335,144,105,62
334,144,106,62
334,146,106,59
336,143,103,62
335,143,106,63
334,143,106,61
334,143,111,61
332,141,110,64
334,142,107,62
334,141,110,63
335,141,106,63
335,142,107,63
334,141,109,62
334,140,109,65
332,140,113,63
330,139,114,66
335,140,106,64
335,140,109,64
334,138,109,67
332,140,111,64
334,140,111,63
333,140,112,65
333,141,110,64
332,141,115,67
332,139,114,69
334,141,112,67
330,140,116,70
334,140,110,68
333,139,111,73
330,140,117,74
330,140,116,73
330,140,118,75
331,138,117,78
330,139,117,76
332,137,114,79
330,139,119,77
331,136,119,81
331,133,118,85
332,135,115,83
331,135,118,85
329,133,119,87
331,128,117,90
329,127,120,90
330,130,118,88
332,124,116,95
330,126,119,94
332,123,117,98
333,123,112,97
335,126,110,95
334,126,113,95
331,120,117,100
334,124,111,98
335,122,112,99
332,122,115,101
333,121,113,102
334,119,111,106
336,117,107,108
335,117,108,107
337,127,105,96
341,118,101,107
340,118,102,109
338,117,105,107
338,118,101,106
341,120,100,105
343,123,95,101
343,119,98,107
347,126,89,99
346,127,92,98
346,123,90,103
345,122,91,102
348,130,87,95
354,127,80,100
351,126,82,101
357,123,75,104
359,125,70,102
359,122,71,103
358,122,71,104
358,120,71,106
360,125,67,99
360,121,67,103
361,123,65,101
362,124,63,100
359,122,68,102
359,121,70,103
359,122,69,102
359,122,69,102
357,120,71,104
357,121,71,103
358,121,68,102
359,121,67,102
356,123,71,101
359,127,65,96
359,125,66,99
361,127,64,95
362,125,62,98
361,121,63,103
360,121,65,102
360,121,65,103
362,125,61,97
362,124,61,98
360,125,64,97
360,123,62,100
361,124,61,99
363,123,58,100
363,122,58,104
364,122,57,103
363,123,57,102
363,123,57,102
363,125,57,100
362,124,56,99
363,121,58,103
362,123,58,100
362,122,58,104
364,123,54,101
365,122,58,103
363,124,57,102
363,125,57,100
362,124,60,99
361,123,62,102
361,124,61,102
361,127,60,98
361,126,62,99
360,127,63,95
360,125,63,99
360,128,63,98
361,123,63,100
358,126,67,100
360,127,62,98
362,124,60,101
361,122,60,103
361,126,60,99
361,121,62,103
362,124,61,101
361,122,62,103
363,124,59,100
363,123,58,100
362,123,58,102
361,123,60,101
362,122,58,102
360,121,62,103
363,124,56,99
361,124,60,99
361,124,60,100
361,125,60,97
360,124,62,97
360,124,60,98
360,125,61,96
358,126,63,95
359,124,59,97
358,122,62,98
359,122,62,99
359,126,63,93
360,125,59,93
360,125,60,94
361,124,57,92
361,126,57,91
361,127,59,90
363,127,53,87
361,127,55,87
362,126,54,86
361,126,57,85
359,133,61,80
360,135,59,74
359,135,61,75
360,133,61,79
360,133,58,69
360,134,58,73
360,132,59,78
359,134,61,68
359,135,60,73
358,133,61,71
359,134,60,67
359,134,58,73
358,136,63,65
359,136,61,65
358,138,64,66
357,139,67,66
357,141,67,67
358,144,66,62
356,147,72,58
358,148,65,55
356,156,76,48
357,157,75,43
359,161,70,37
360,158,71,39
359,156,70,41
359,154,69,41
359,154,69,40
360,156,69,36
356,155,73,38
358,156,71,36
356,156,76,35
354,154,74,35
354,154,74,35
353,154,74,32
351,153,75,32
351,151,76,31
352,149,75,36
350,149,77,40
351,146,74,46
349,146,74,42
344,146,83,45
339,146,91,46
332,146,100,50
329,154,105,40
333,147,101,45
330,152,105,42
330,154,112,41
333,140,108,54
331,141,122,59
330,145,126,56
329,155,123,45
330,147,122,56
329,153,128,53
328,134,126,68
332,148,122,55
330,154,124,50
327,156,127,50
331,153,120,53
330,131,113,75
335,118,97,85
333,113,93,94
342,113,83,97
350,112,72,100
357,110,64,104
356,110,66,106
358,112,63,102
360,110,60,104
357,110,65,106
359,113,62,100
362,111,56,104
365,112,51,102
360,112,60,103
359,114,63,105
361,115,57,102
363,113,56,101
362,112,56,105
362,112,55,102
360,112,59,104
360,110,59,105
362,112,54,105
362,113,54,103
362,111,54,103
361,112,56,103
362,112,54,103
360,114,56,100
360,114,57,100
363,113,52,104
362,113,54,101
360,113,56,103
361,113,56,102
362,113,53,102
362,112,55,103
362,114,55,104
357,113,63,102
359,112,60,105
361,110,57,107
360,111,59,105
360,112,59,104
361,113,57,105
362,111,56,104
363,114,55,109
361,113,60,103
361,113,59,104
362,112,55,105
362,112,55,106
362,116,54,102
361,115,59,104
361,113,58,104
364,115,53,105
363,113,55,106
362,116,57,103
362,116,57,106
362,118,57,104
361,116,57,107
362,118,57,106
364,118,55,108
360,116,60,111
362,118,57,107
363,118,57,108
362,119,56,110
360,122,59,105
361,123,57,103
362,124,54,104
362,128,55,101
361,126,55,101
361,128,56,99
361,130,56,97
361,131,57,96
360,130,57,97
359,126,57,98
360,124,56,103
361,126,53,100
362,120,53,106
362,127,53,99
359,119,58,107
360,118,57,108
360,118,58,109
359,119,58,107
360,121,58,106
361,121,56,104
360,120,55,107
361,124,54,101
363,120,52,104
359,119,58,108
359,119,58,108
360,119,56,108
361,121,56,105
362,124,54,103
363,120,52,107
361,122,55,103
362,120,54,107
361,124,55,100
360,122,55,105
359,119,57,109
364,115,52,112
377,118,42,107
377,118,42,107
377,118,42,107
377,118,42,107
377,118,42,107
377,118,42,107
377,118,42,107
377,118,42,107
377,118,42,107
377,118,42,107
377,118,42,107
377,118,42,107
377,118,42,107
377,118,42,107
377,118,42,107
377,118,42,107
377,118,42,107
377,118,42,107
377,118,42,107
377,118,42,107
377,118,42,107
353,122,50,103
359,121,49,108
361,117,48,111
360,119,50,109
358,119,52,108
358,122,50,106
356,121,54,107
356,123,54,106
355,127,54,100
354,127,56,102
351,125,59,104
352,128,61,101
353,129,60,99
353,128,58,100
351,130,61,97
351,131,59,94
351,130,57,98
352,130,57,98
351,128,57,98
355,131,50,98
352,128,55,99
352,132,54,96
349,130,59,98
347,129,62,98
350,129,58,100
352,131,53,97
352,131,52,97
349,128,59,102
347,130,61,98
349,130,57,100
349,132,56,97
348,132,59,98
347,130,59,100
345,130,63,100
347,132,59,99
346,129,61,99
346,133,61,97
345,132,62,96
346,131,59,99
346,132,60,99
347,132,59,98
346,134,60,93
345,132,62,94
345,131,60,96
345,132,63,93
343,132,66,95
344,134,65,91
347,133,59,91
344,131,63,91
344,133,63,88
343,132,64,88
343,133,64,84
343,132,65,86
344,135,64,82
346,136,62,82
345,134,65,88
345,132,65,87
345,130,64,92
344,129,67,90
342,135,70,82
345,136,66,80
345,132,68,88
348,133,64,85
351,130,62,91
350,129,64,93
350,123,65,101
348,123,68,99
350,121,68,101
353,126,64,96
356,124,59,98
355,123,60,91
355,122,60,100
357,123,58,94
355,124,59,89
359,121,55,96
358,121,56,95
358,125,58,91
359,120,57,99
360,117,57,101
361,118,56,99
362,118,54,96
363,119,52,91
362,117,52,96
364,118,51,93
364,118,53,98
365,117,51,93
366,123,50,83
366,118,49,87
366,121,49,84
366,120,48,84
365,126,51,78
367,129,46,72
367,133,46,68
368,136,45,64
366,138,45,62
367,140,44,59
366,143,45,60
365,140,45,60
364,139,45,63
363,143,44,61
362,142,44,62
360,143,44,61
361,144,40,62
358,142,43,64
358,144,42,64
357,144,43,65
353,143,47,66
354,144,43,65
354,143,43,65
352,144,46,65
351,145,51,64
347,144,54,66
349,145,54,64
348,146,55,63
349,144,54,66
345,144,64,66
346,144,61,65
342,144,67,66
338,143,70,66
339,146,72,64
334,146,84,65
337,144,74,67
340,147,75,65
341,148,71,63
339,147,78,64
336,147,86,64
336,145,82,67
335,147,81,64
337,146,78,65
334,147,88,66
335,146,83,66
337,149,83,62
336,149,86,63
334,147,88,65
333,145,91,68
335,146,89,66
336,147,85,65
335,147,88,65
333,148,95,64
334,148,93,66
335,148,90,64
333,146,91,68
333,147,91,65
332,148,94,65
331,148,98,65
331,148,97,66
332,150,98,65
332,149,101,65
330,151,103,64
331,149,103,66
330,150,107,64
330,151,103,65
331,151,101,65
329,153,107,62
327,152,110,64
329,151,101,66
328,151,105,66
328,152,101,65
326,153,107,65
327,152,101,65
327,152,99,64
326,152,99,68
325,154,104,66
325,155,105,65
325,155,105,66
324,156,101,67
324,156,97,68
324,162,98,63
324,161,97,65
323,163,97,65
322,163,101,64
321,166,100,64
319,163,101,66
317,166,105,64
316,165,103,66
315,164,102,68
313,163,105,69
313,165,103,66
312,164,105,68
309,165,108,67
308,167,110,65
308,165,104,67
307,168,111,63
305,166,108,65
307,167,107,68
303,168,108,66
302,168,108,64
299,169,111,63
299,170,106,63
298,170,103,62
298,174,98,60
299,173,96,59
297,174,98,58
295,173,99,63
293,176,99,58
292,177,98,56
288,179,96,56
288,179,101,57
289,178,99,56
290,180,95,56
288,182,94,55
288,181,92,55
288,181,92,57
287,182,92,56
287,184,88,56
285,182,97,57
280,185,99,53
278,186,104,52
277,187,105,52
279,186,101,53
280,187,99,53
279,186,102,53
277,187,105,51
277,186,103,52
278,185,100,54
275,185,105,53
276,185,102,53
275,184,101,54
272,183,103,54
271,182,104,54
271,182,102,54
270,181,104,54
267,179,105,56
264,180,108,55
262,178,109,58
259,178,111,57
254,176,116,59
251,177,116,58
251,177,109,56
249,176,109,59
247,176,109,56
246,178,108,55
243,178,107,55
241,180,108,51
238,177,109,58
236,177,109,56
236,177,107,57
232,176,108,59
227,176,112,58
224,178,108,57
225,177,108,58
227,176,103,58
221,176,108,59
218,176,108,57
218,178,105,56
219,176,102,59
214,176,108,56
212,177,107,55
212,174,106,58
208,176,111,55
207,173,109,56
206,173,111,56
204,172,109,57
204,172,108,57
202,172,109,55
203,171,103,56
199,173,107,53
198,170,107,57
199,172,103,56
198,171,105,57
194,171,109,57
194,172,113,57
194,171,108,57
194,173,106,55
195,173,103,53
193,174,109,53
191,173,111,55
192,173,105,54
191,173,108,54
189,173,109,55
190,174,105,55
190,173,107,55
190,176,105,52
189,177,110,49
189,174,110,52
188,173,110,56
189,174,105,53
190,173,108,53
191,173,106,55
193,175,111,52
190,175,116,52
192,174,116,55
193,177,115,51
196,177,116,50
198,176,113,54
202,174,108,54
200,174,112,55
206,176,106,52
201,177,114,50
202,176,113,52
203,176,114,51
210,177,107,55
217,178,100,52
221,178,99,51
224,176,96,57
228,177,90,55
231,176,87,60
238,177,81,59
238,176,80,59
244,175,75,62
247,175,74,63
251,177,72,59
259,176,64,62
261,177,64,60
266,178,62,62
270,179,58,60
272,183,59,55
270,185,60,53
272,188,59,49
275,186,57,53
276,187,55,50
278,188,54,49
282,189,52,50
283,187,52,50
285,187,50,50
286,187,50,46
286,188,51,45
287,187,50,47
288,189,50,47
288,189,53,46
289,189,55,45
290,191,54,43
291,193,55,40
292,193,55,41
292,194,57,39
293,196,55,38
293,196,56,39
296,196,55,41
295,199,56,39
295,199,58,38
296,201,57,38
297,200,57,38
296,202,59,36
296,202,58,36
297,202,58,37
297,203,57,36
297,203,58,36
297,203,59,36
296,203,59,34
297,205,58,33
293,203,59,34
293,204,64,34
291,205,63,32
291,205,65,33
290,199,67,39
293,199,68,39
289,199,70,39
291,199,68,41
302,196,57,43
305,196,52,43
302,190,58,42
301,196,58,34
302,196,56,34
302,194,56,40
296,193,62,44
291,191,66,53
288,189,67,55
280,190,76,55
272,188,83,59
267,189,87,60
265,190,88,63
263,188,90,67
262,186,87,68
260,179,90,77
256,174,90,82
260,178,85,79
259,174,85,83
250,170,93,87
249,174,93,85
243,175,98,86
245,170,93,89
248,171,88,90
244,172,89,90
250,176,81,85
244,171,87,90
249,169,78,97
250,171,76,94
257,179,64,86
252,174,70,91
251,173,69,93
252,173,68,91
255,174,63,90
251,170,67,93
251,169,69,92
251,169,68,93
252,168,64,93
253,167,63,93
252,166,65,93
245,171,74,86
249,168,69,88
247,169,71,86
247,164,71,91
247,162,70,93
247,163,68,92
248,168,70,83
251,164,62,89
250,161,60,91
251,159,59,94
251,162,58,89
251,161,58,92
252,160,57,93
251,158,57,93
254,160,52,91
252,160,57,94
253,159,56,92
253,158,55,94
254,156,55,94
254,156,57,92
253,155,61,90
256,155,59,90
254,154,61,91
253,153,65,87
256,152,59,90
258,151,59,89
258,153,60,84
260,150,58,88
259,151,60,83
259,149,60,85
256,149,62,82
257,149,63,83
259,151,59,73
259,151,61,76
256,156,65,64
256,159,62,58
256,159,63,59
255,161,64,56
252,164,69,55
251,168,69,50
250,172,70,45
250,175,73,40
249,179,72,41
247,180,81,43
247,182,82,40
246,181,88,44
247,180,88,44
246,181,88,44
246,180,87,44
248,178,86,49
246,178,92,49
245,176,88,51
244,177,89,52
241,175,93,57
238,178,101,56
238,177,94,59
238,179,97,57
235,176,102,62
236,178,105,60
235,174,111,65
236,173,104,67
237,171,110,69
236,172,109,67
235,168,107,71
235,172,113,69
236,170,109,72
235,169,111,74
237,169,108,73
236,168,107,76
238,170,100,77
237,169,102,77
240,169,98,77
242,169,94,76
238,167,105,79
241,169,100,76
242,170,98,73
242,170,100,77
243,170,101,74
245,170,99,75
245,169,98,76
244,170,102,75
246,170,100,76
246,172,101,73
247,172,101,74
247,173,101,71
249,173,99,70
250,174,100,69
252,173,101,69
255,173,102,68
263,177,93,66
271,178,85,66
272,172,90,69
275,175,87,69
275,175,94,68
278,175,93,65
283,174,92,64
289,171,87,68
293,174,88,62
295,173,88,63
298,171,89,65
297,170,94,63
304,170,89,66
301,170,93,66
300,169,98,66
304,167,96,70
305,170,97,63
305,170,97,65
309,169,93,67
311,172,95,64
317,168,88,68
316,169,92,66
315,169,95,66
315,169,97,64
319,170,91,66
321,168,88,66
322,168,87,68
321,167,88,68
324,166,86,69
323,164,84,67
322,167,94,68
320,166,91,66
323,164,88,69
320,164,93,67
321,164,91,65
323,161,90,71
325,159,90,70
324,158,94,72
325,157,92,71
324,155,96,73
327,155,91,72
328,153,91,72
328,152,92,70
330,152,92,69
330,153,91,68
330,149,91,72
329,150,94,71
330,149,94,68
333,150,93,68
337,152,90,64
342,151,86,64
342,154,86,58
343,153,87,62
343,152,89,61
343,153,91,60
341,153,93,63
345,152,93,64
348,154,87,60
347,153,93,63
350,153,90,64
353,155,88,61
354,154,86,64
356,155,81,64
355,156,86,63
356,158,86,61
358,160,83,57
359,162,86,57
362,162,81,56
363,161,83,59
363,161,84,60
364,162,83,61
364,163,90,59
366,164,87,58
368,166,86,57
368,167,88,56
368,168,93,55
368,167,94,57
368,166,94,59
369,169,97,56
371,168,96,58
370,170,99,55
373,169,96,57
375,170,94,56
375,173,96,51
374,171,97,54
378,170,94,55
376,173,100,52
377,173,102,52
380,175,100,52
390,172,91,59
386,175,94,57
394,174,89,60
394,175,93,61
394,178,95,61
398,180,92,62
403,182,85,58
401,186,94,58
404,187,91,57
405,189,95,58
405,191,95,56
408,194,95,55
407,194,97,54
407,195,103,58
403,196,105,56
408,197,113,57
409,198,105,56
410,198,110,58
410,198,112,59
410,199,115,60
416,200,111,59
414,200,113,59
417,202,116,58
415,202,118,61
412,202,125,60
407,203,133,63
410,202,127,61
418,205,122,58
429,205,114,59
429,205,112,55
437,207,104,55
434,206,104,56
435,206,107,57
433,204,109,58
432,207,106,54
439,206,104,56
438,206,100,56
434,204,107,57
437,206,106,58
434,206,108,59
439,208,103,57
436,210,106,53
441,210,104,59
438,208,103,58
436,212,107,54
437,212,106,58
439,212,104,56
435,214,108,53
438,215,105,51
437,213,107,56
443,212,100,56
444,214,97,55
442,213,103,59
441,216,104,55
435,216,111,56
438,216,110,57
442,218,106,57
438,218,109,58
440,220,106,57
441,222,105,56
440,220,108,58
440,223,105,56
436,221,110,57
435,222,112,54
437,225,111,52
435,223,109,54
437,222,112,56
442,224,105,55
441,223,106,56
440,225,106,54
437,223,111,55
440,224,103,54
439,222,109,57
439,223,106,56
441,222,106,57
443,222,104,56
437,223,111,55
444,223,103,55
442,221,105,57
443,223,105,57
441,222,104,57
442,222,104,57
443,224,103,56
438,221,107,58
442,223,104,56
437,224,109,56
440,222,108,58
438,224,105,58
442,224,102,54
439,223,106,56
437,224,107,57
438,224,105,56
445,224,99,57
440,222,103,59
437,223,105,58
436,225,106,57
440,223,102,56
438,224,103,56
439,223,102,56
433,223,109,56
428,222,111,58
429,220,111,59
419,220,120,61
415,222,123,57
417,220,119,59
418,221,117,56
413,220,119,56
415,219,117,58
412,218,116,58
414,219,112,57
414,217,110,59
412,218,110,57
412,218,107,58
410,218,109,57
409,217,107,59
406,219,107,56
407,220,103,56
406,220,100,57
406,217,99,59
402,219,100,57
399,219,100,57
396,221,102,55
394,220,101,56
391,220,101,55
390,219,102,56
389,219,99,57
386,218,101,57
382,218,102,57
384,218,101,56
377,218,107,57
375,218,108,57
374,219,104,54
374,220,99,53
369,218,103,57
368,219,100,55
363,219,102,57
361,218,101,56
357,219,103,57
354,217,105,56
353,218,102,56
351,217,98,55
347,217,99,55
347,216,94,54
341,217,101,54
337,216,102,54
336,214,99,57
333,216,99,54
331,216,98,55
326,216,102,54
326,217,97,52
324,215,98,54
319,215,102,55
316,214,102,55
313,216,103,52
312,216,98,53
308,216,103,53
306,215,102,53
306,215,99,55
302,215,102,55
299,215,104,55
298,215,99,54
294,215,104,56
294,213,102,56
291,215,101,56
289,214,102,56
288,215,102,57
286,213,102,60
285,211,102,61
284,210,102,63
282,208,103,66
282,209,104,66
282,210,99,64
281,210,102,66
280,209,102,67
280,209,102,67
277,207,105,69
275,210,105,67
278,212,98,65
276,205,99,71
275,204,101,73
277,200,99,77
277,200,97,76
275,199,101,77
274,195,102,83
275,202,99,77
272,199,105,79
273,197,101,82
271,196,104,83
273,199,101,80
272,195,103,85
270,195,107,85
273,197,101,83
275,196,99,86
275,195,99,86
272,196,102,85
272,195,105,86
271,196,108,86
271,195,110,87
276,195,99,86
273,195,102,88
278,201,96,80
273,194,105,87
272,197,107,87
274,196,105,89
274,200,103,82
273,197,106,86
274,195,103,90
271,194,106,92
272,198,106,87
273,197,106,88
272,195,108,91
272,198,107,86
272,197,105,88
272,198,107,87
271,194,108,93
274,197,103,86
270,196,109,90
270,198,106,87
268,198,107,87
269,196,108,88
269,199,106,84
266,196,112,91
269,196,105,89
269,194,103,91
267,198,105,88
265,199,109,87
265,199,108,85
266,200,106,85
266,202,106,82
269,202,98,83
266,203,102,81
267,202,98,84
269,203,96,81
266,201,98,86
264,200,103,88
266,202,96,84
267,200,93,87
270,201,86,86
265,201,93,88
267,201,90,87
268,204,87,83
271,209,82,77
272,211,81,76
274,214,76,72
273,216,75,70
277,216,73,73
275,213,71,74
279,217,67,71
279,216,65,70
279,217,66,71
280,219,61,68
282,217,61,70
282,218,62,69
283,218,61,69
284,220,60,66
285,221,58,65
287,220,56,66
287,221,57,64
290,222,50,64
290,223,54,64
290,221,52,65
288,223,54,64
290,224,55,62
290,226,55,60
290,225,53,62
289,221,52,63
291,225,51,61
291,224,51,64
290,222,52,63
290,224,51,61
291,222,52,60
291,226,51,59
291,222,52,61
291,223,51,59
291,223,51,60
291,226,51,59
290,224,55,61
290,224,52,61
292,225,50,57
291,227,50,60
292,223,48,62
293,225,44,60
293,228,43,62
292,227,46,60
292,228,46,61
293,226,45,63
293,225,41,66
291,227,43,66
289,230,46,66
290,231,39,64
290,230,37,68
291,230,32,70
290,232,35,70
287,233,35,69
288,232,35,74
286,231,35,74
284,231,36,75
283,230,38,78
283,231,36,80
281,232,38,81
280,234,39,78
279,236,40,80
278,240,41,78
276,240,42,76
275,243,43,78
274,240,45,79
274,244,45,76
271,245,48,74
270,247,50,76
270,248,50,74
267,243,54,80
264,238,56,87
269,243,51,82
265,249,55,77
265,255,56,75
263,255,58,74
263,255,59,74
265,254,56,77
263,255,57,77
261,252,61,80
261,255,62,82
260,255,64,79
262,259,61,77
260,258,62,78
261,260,63,76
263,262,58,76
263,260,61,81
263,257,62,82
