559,170,69,76
561,173,71,67
563,177,66,63
562,182,64,64
564,185,60,60
556,186,63,60
555,187,58,59
551,187,60,57
552,185,60,56
553,185,59,53
552,187,59,54
552,188,58,55
555,188,57,54
557,189,56,53
558,191,57,56
567,192,51,55
567,193,52,54
565,194,55,54
564,191,52,56
564,189,52,55
560,190,52,52
556,189,53,52
551,188,54,56
546,187,56,52
545,183,54,55
539,182,55,57
536,180,55,56
532,178,54,56
531,175,52,55
530,173,50,54
530,172,51,53
529,171,54,55
532,172,53,54
532,172,54,54
530,173,55,53
523,171,58,54
526,169,53,55
524,168,54,56
524,167,54,53
527,168,52,52
531,168,49,51
531,168,51,49
533,168,48,51
529,166,52,53
529,165,54,56
531,167,55,53
533,165,55,55
535,167,53,52
536,168,52,53
537,173,55,49
540,171,54,52
537,173,57,51
536,173,57,51
537,173,57,52
539,170,55,54
540,171,54,53
538,170,53,54
536,171,56,52
541,170,51,51
542,172,52,47
541,172,54,49
544,171,50,49
544,170,51,49
535,165,56,53
534,160,53,51
530,154,48,51
517,145,51,49
509,138,48,49
500,128,49,48
494,122,47,48
489,118,45,47
487,111,43,48
485,107,45,44
483,102,46,47
479,97,51,46
482,89,47,44
483,79,45,45
485,73,48,46
491,68,48,47
500,65,47,47
515,64,44,48
525,62,45,45
531,60,49,47
540,58,47,45
546,57,50,48
551,54,50,50
556,50,53,49
560,48,52,52
565,46,54,54
575,50,51,47
581,50,52,50
584,48,55,53
596,49,49,49
597,50,51,51
603,52,49,49
614,55,46,47
618,60,47,49
625,64,45,52
625,67,47,49
628,74,45,48
630,77,45,51
631,84,45,49
634,90,45,48
637,95,42,49
639,101,45,48
640,106,44,46
640,110,45,49
639,112,45,49
639,115,44,47
635,120,45,46
633,122,45,50
628,123,48,53
625,126,49,54
625,130,50,56
626,136,48,55
627,145,46,53
625,151,45,53
619,155,49,55
615,161,49,54
609,167,50,54
608,177,46,50
600,182,48,50
597,191,47,48
597,196,46,48
594,200,47,47
591,204,49,48
585,205,42,49
585,205,42,49
585,205,42,49
585,205,42,49
585,205,42,49
585,205,42,49
543,221,43,43
550,221,36,37
543,219,41,36
533,220,44,34
526,221,42,32
518,222,44,33
511,225,40,29
502,229,44,25
502,229,44,25
488,235,42,22
482,234,45,26
469,231,45,33
462,229,53,38
459,231,51,36
452,233,51,31
446,235,50,27
441,236,50,28
440,238,46,25
439,239,45,23
436,239,43,23
432,241,44,23
426,239,42,25
423,239,41,22
423,240,37,24
419,241,38,23
416,238,30,22
417,239,30,24
417,239,30,24
417,239,30,24
417,239,30,24
417,239,30,24
417,239,30,24
417,239,30,24
417,239,30,24
417,239,30,24
417,239,30,24
417,239,30,24
417,239,30,24
417,239,30,24
417,239,30,24
417,239,30,24
417,239,30,24
417,239,30,24
417,239,30,24
417,239,30,24
417,239,30,24
417,239,30,24
417,239,30,24
417,239,30,24
417,239,30,24
417,239,30,24
417,239,30,24
417,239,30,24
417,239,30,24
417,239,30,24
417,239,30,24
417,239,30,24
417,239,30,24
417,239,30,24
417,239,30,24
417,239,30,24
417,239,30,24
417,239,30,24
417,239,30,24
417,239,30,24
417,239,30,24
417,239,30,24
417,239,30,24
417,239,30,24
417,239,30,24
417,239,30,24
417,239,30,24
417,239,30,24
417,239,30,24
417,239,30,24
417,239,30,24
417,239,30,24
417,239,30,24
417,239,30,24
417,239,30,24
417,239,30,24
417,239,30,24
417,239,30,24
417,239,30,24
417,239,30,24
417,239,30,24
417,239,30,24
417,239,30,24
417,239,30,24
417,239,30,24
417,239,30,24
417,239,30,24
417,239,30,24
417,239,30,24
417,239,30,24
417,239,30,24
417,239,30,24
417,239,30,24
417,239,30,24
417,239,30,24
417,239,30,24
417,239,30,24
417,239,30,24
417,239,30,24
417,239,30,24
417,239,30,24
417,239,30,24
417,239,30,24
417,239,30,24
417,239,30,24
417,239,30,24
417,239,30,24
417,239,30,24
417,239,30,24
417,239,30,24
417,239,30,24
417,239,30,24
417,239,30,24
417,239,30,24
417,239,30,24
417,239,30,24
417,239,30,24
417,239,30,24
417,239,30,24
417,239,30,24
417,239,30,24
417,239,30,24
417,239,30,24
417,239,30,24
417,239,30,24
417,239,30,24
417,239,30,24
417,239,30,24
417,239,30,24
417,239,30,24
417,239,30,24
417,239,30,24
417,239,30,24
417,239,30,24
417,239,30,24
417,239,30,24
417,239,30,24
417,239,30,24
417,239,30,24
417,239,30,24
417,239,30,24
417,239,30,24
417,239,30,24
417,239,30,24
417,239,30,24
417,239,30,24
473,272,26,22
468,279,21,21
454,295,21,24
454,295,21,24
454,295,21,24
454,295,21,24
454,295,21,24
454,295,21,24
454,295,21,24
454,295,21,24
506,332,21,27
506,332,21,27
506,332,21,27
506,332,21,27
506,332,21,27
497,298,19,29
502,344,16,25
502,344,16,25
463,327,20,26
461,344,27,29
462,345,32,31
460,338,37,27
459,321,39,26
456,300,39,25
507,330,36,31
505,291,36,31
505,263,32,28
505,255,36,23
510,271,34,21
515,297,33,16
515,297,33,16
515,297,33,16
515,297,33,16
515,297,33,16
515,297,33,16
536,274,40,21
536,274,40,21
536,274,40,21
536,274,40,21
536,274,40,21
498,246,42,27
496,281,43,32
497,343,39,34
445,316,38,37
450,339,38,42
453,342,36,37
453,333,38,35
456,313,36,32
458,290,32,31
464,260,30,31
476,227,27,28
476,227,27,28
476,227,27,28
476,227,27,28
476,227,27,28
476,227,27,28
476,227,27,28
476,227,27,28
476,227,27,28
476,227,27,28
476,227,27,28
476,227,27,28
476,227,27,28
476,227,27,28
476,227,27,28
476,227,27,28
476,227,27,28
476,227,27,28
479,223,23,26
479,254,24,21
481,279,27,20
480,294,27,20
478,305,29,20
476,311,27,20
476,309,28,19
473,301,28,20
471,276,32,23
470,249,30,24
478,221,25,23
478,221,25,23
478,221,25,23
490,216,26,28
501,234,29,32
501,234,29,32
501,234,29,32
501,234,29,32
501,234,29,32
501,234,29,32
501,234,29,32
501,234,29,32
501,234,29,32
501,234,29,32
559,288,34,27
553,257,35,25
545,232,39,27
542,218,37,33
601,271,35,24
553,220,31,27
592,256,34,25
592,256,34,25
592,256,34,25
592,256,34,25
592,256,34,25
592,256,34,25
592,256,34,25
592,256,34,25
592,256,34,25
572,302,37,27
555,290,42,25
526,295,43,30
498,313,42,31
480,335,44,34
481,347,45,33
502,346,46,31
527,336,44,28
547,332,43,28
556,331,47,24
565,340,43,24
564,353,48,26
563,365,52,29
562,376,53,32
561,385,51,33
560,391,53,36
555,388,57,38
557,385,57,38
557,385,57,38
557,385,57,38
557,385,57,38
557,384,57,40
559,384,57,43
561,385,56,40
559,384,61,39
562,386,57,41
562,386,57,41
562,386,57,41
562,386,57,41
563,392,56,50
568,392,50,51
564,390,55,55
566,390,56,56
565,390,55,57
567,392,52,54
565,389,57,59
565,390,55,58
561,392,61,59
551,393,69,62
549,392,73,68
549,392,71,72
545,388,76,70
539,388,82,81
543,388,76,80
532,384,86,83
523,384,91,80
529,386,86,81
527,386,87,83
527,389,88,84
529,386,91,87
511,385,105,88
505,379,109,90
503,380,114,91
498,377,120,89
501,375,116,94
501,378,115,94
500,377,121,92
504,382,121,90
508,384,120,90
508,382,121,87
507,386,117,89
506,388,119,87
506,385,123,89
509,384,126,90
510,383,127,93
513,381,122,94
512,382,128,95
509,384,128,92
508,380,129,96
508,381,125,95
508,378,124,92
509,384,127,93
509,383,127,92
506,381,127,90
505,381,129,89
505,382,130,89
506,382,129,90
504,381,127,90
506,384,126,92
504,380,122,92
500,379,126,91
500,383,129,91
503,386,126,93
500,381,128,95
499,383,129,96
501,389,125,92
502,385,125,91
502,385,126,93
503,384,128,91
501,384,127,93
502,385,128,93
497,383,128,93
500,388,128,93
500,384,128,92
497,380,124,94
499,385,129,94
501,384,120,90
502,382,123,94
503,379,123,91
505,380,121,94
502,383,129,94
502,381,125,90
504,382,123,92
503,387,115,92
503,387,119,89
507,386,120,89
504,385,130,93
500,384,135,93
504,385,126,95
497,382,134,90
503,385,123,93
503,387,124,90
500,383,129,94
498,383,128,90
497,387,118,87
496,384,124,91
496,384,123,94
495,389,124,91
498,385,122,95
499,387,123,96
496,385,127,95
500,385,123,93
499,387,127,95
499,384,127,95
502,382,123,96
499,383,127,95
497,384,122,96
503,390,123,91
503,389,125,92
504,389,121,93
508,391,125,93
510,390,125,89
510,387,132,90
518,385,138,94
526,371,146,101
534,339,140,101
551,291,146,97
551,291,146,97
551,291,146,97
551,291,146,97
551,291,146,97
587,225,137,109
545,264,120,118
475,307,112,104
384,359,100,106
384,359,100,106
384,359,100,106
384,359,100,106
384,359,100,106
253,314,100,88
307,179,78,93
388,68,65,73
439,1,80,71
505,-14,80,50
505,-14,80,50
646,8,76,60
751,105,77,76
751,105,77,76
751,105,77,76
751,105,77,76
751,105,77,76
751,105,77,76
751,105,77,76
751,105,77,76
660,248,85,81
485,328,85,70
477,299,97,72
486,271,101,72
489,242,110,82
491,234,115,78
496,237,113,74
495,250,117,75
496,280,110,69
484,300,109,81
478,337,94,82
474,362,89,84
458,371,86,90
429,370,84,97
383,366,85,104
334,378,90,96
334,378,90,96
334,378,90,96
334,378,90,96
231,309,89,80
282,134,79,71
339,-2,76,66
259,87,78,61
266,103,73,75
266,103,73,75
266,103,73,75
310,221,81,88
310,221,81,88
310,221,81,88
356,298,70,92
382,331,66,83
392,340,78,91
405,348,88,99
415,357,100,98
421,346,113,115
435,340,110,118
440,333,117,114
444,319,117,112
450,293,109,103
455,235,109,99
457,207,104,87
447,174,105,90
491,-41,82,76
485,6,67,66
472,77,52,66
472,77,52,66
472,77,52,66
472,77,52,66
472,77,52,66
472,77,52,66
472,77,52,66
472,77,52,66
472,77,52,66
472,77,52,66
472,77,52,66
472,77,52,66
472,77,52,66
472,77,52,66
472,77,52,66
609,107,42,58
572,28,51,57
538,-6,56,54
502,-8,56,40
467,0,59,46
440,30,55,57
402,110,54,61
329,212,39,61
391,286,47,60
430,344,53,69
469,384,56,61
516,410,61,56
556,398,67,59
606,356,62,56
657,342,61,54
652,316,70,65
645,305,77,82
630,328,85,88
624,365,88,89
627,403,84,71
656,432,84,59
656,432,84,59
731,444,97,44
716,405,94,59
660,319,72,58
590,274,57,56
515,263,62,54
440,285,65,56
423,305,61,68
388,322,74,78
373,346,78,79
383,349,77,86
425,330,84,78
507,306,71,61
583,308,63,58
661,349,64,66
671,387,65,81
682,399,73,75
704,404,79,72
690,385,82,81
645,343,70,81
578,313,69,65
514,332,69,64
479,361,71,65
465,372,80,74
486,397,80,74
525,415,82,62
594,447,75,55
594,447,75,55
499,410,61,58
625,418,64,58
613,282,76,62
598,127,61,60
580,0,60,65
580,0,60,65
580,0,60,65
580,0,60,65
580,0,60,65
494,-27,57,60
483,34,63,72
483,34,63,72
483,34,63,72
483,34,63,72
483,34,63,72
483,34,63,72
483,34,63,72
483,34,63,72
483,34,63,72
483,34,63,72
483,34,63,72
483,34,63,72
483,34,63,72
483,34,63,72
483,34,63,72
483,34,63,72
483,34,63,72
483,34,63,72
483,34,63,72
483,34,63,72
483,34,63,72
483,34,63,72
483,34,63,72
483,34,63,72
483,34,63,72
483,34,63,72
483,34,63,72
483,34,63,72
483,34,63,72
483,34,63,72
483,34,63,72
483,34,63,72
483,34,63,72
483,34,63,72
483,34,63,72
