346,280,43,35
344,278,43,35
344,280,42,34
346,278,43,36
344,279,43,34
343,280,45,35
344,279,44,35
343,279,45,35
344,280,43,34
345,278,43,35
344,279,44,35
345,280,42,33
344,278,44,34
344,281,45,34
345,280,44,35
345,280,44,33
345,278,45,36
343,279,45,35
344,278,45,35
344,279,44,35
343,279,44,34
346,280,44,34
345,279,44,34
344,280,44,35
345,280,44,34
345,279,44,35
344,278,46,35
344,279,45,34
345,279,44,34
346,280,43,34
345,280,44,34
346,279,43,35
345,280,42,35
345,279,44,35
345,280,43,35
344,280,46,35
344,279,44,35
344,279,43,35
345,280,43,35
346,278,43,34
345,280,42,35
348,279,41,36
346,280,41,35
346,280,44,35
350,280,39,35
350,279,37,36
349,276,39,37
351,274,37,42
346,268,41,46
344,269,43,46
347,270,41,44
347,271,40,44
348,268,37,45
346,269,39,44
345,271,40,45
345,266,39,47
345,268,37,45
340,266,38,45
339,265,38,45
334,263,39,41
330,260,39,42
322,257,41,42
319,256,39,40
314,256,38,37
310,254,37,37
301,255,39,35
293,249,43,40
281,244,48,44
276,239,52,48
276,239,52,48
276,239,52,48
270,239,49,51
269,240,48,52
268,243,47,48
267,243,46,47
268,242,45,50
268,244,46,47
265,244,45,49
267,246,45,46
267,247,44,44
267,248,44,43
267,248,43,44
267,246,44,45
266,247,44,46
266,246,43,45
269,246,44,46
267,246,45,47
265,246,45,46
267,247,43,46
267,246,44,45
266,247,44,45
267,247,44,45
265,247,45,45
267,248,44,43
267,249,44,43
265,247,43,44
267,247,42,45
268,248,44,45
268,248,43,44
267,247,43,45
267,247,43,46
267,246,43,45
268,247,44,44
266,246,45,45
268,246,43,45
268,247,43,45
267,247,43,45
266,246,44,46
266,248,44,45
265,245,44,46
265,246,45,47
265,246,46,46
266,247,45,47
267,246,44,46
267,247,44,43
266,246,45,46
267,246,45,45
266,247,45,46
267,247,45,44
267,248,45,45
267,247,44,44
268,248,46,46
267,247,46,47
268,248,47,46
269,246,50,45
272,248,49,48
274,249,50,48
275,246,53,50
281,248,53,50
284,247,53,50
287,247,57,53
289,247,55,54
293,248,59,45
298,250,60,48
303,247,58,42
310,250,60,43
316,250,58,41
333,253,49,52
328,252,54,53
331,254,57,58
339,258,52,57
339,257,54,60
338,258,62,59
337,260,61,56
340,260,58,55
337,257,60,58
337,260,56,58
343,257,55,60
355,270,57,47
356,274,67,43
357,275,65,42
355,276,64,43
356,278,65,42
360,275,61,44
356,276,63,40
358,277,60,41
359,277,58,43
359,276,59,44
358,275,61,45
358,274,64,44
361,274,60,45
365,272,57,46
367,267,56,50
373,262,54,54
373,262,54,54
373,262,54,54
381,240,63,58
382,235,65,62
386,228,57,62
387,221,54,66
387,221,54,66
391,208,52,72
392,199,50,74
391,193,49,74
393,190,49,77
390,185,48,79
388,183,48,83
389,179,48,83
389,179,48,79
388,180,47,79
387,178,48,81
385,176,49,84
382,175,49,83
382,172,52,87
379,173,54,86
374,177,57,83
373,177,61,85
371,180,58,78
371,182,58,78
372,184,61,78
368,186,68,77
367,190,62,73
363,194,57,74
361,196,56,69
360,197,57,70
356,194,57,73
355,197,58,70
354,197,59,65
353,199,60,67
354,204,60,62
352,206,61,62
350,209,64,61
347,211,65,58
347,215,65,56
347,218,61,54
351,223,59,50
353,229,61,48
353,231,62,48
355,233,65,49
357,234,58,53
358,233,58,57
359,236,59,59
357,238,61,57
358,239,63,55
359,241,62,57
359,241,60,57
359,242,71,59
359,242,70,58
362,241,71,59
363,238,67,65
365,240,66,64
367,242,65,62
367,244,61,58
371,246,60,57
373,243,63,57
374,243,65,58
375,245,64,58
374,242,64,57
376,241,64,54
377,235,66,57
380,229,63,57
379,225,64,56
379,219,63,57
379,212,64,61
378,206,66,63
382,199,65,65
383,195,65,69
387,190,60,73
385,184,59,76
384,180,63,81
381,180,61,79
379,177,63,87
377,173,64,90
373,174,63,88
377,174,63,88
375,175,66,91
378,178,66,90
375,172,66,93
376,177,68,87
375,176,64,91
376,175,66,92
375,177,67,92
374,180,67,90
369,185,68,89
366,193,70,84
362,197,71,82
361,205,69,77
356,212,69,74
359,219,67,70
361,227,65,66
358,232,66,67
359,236,66,66
359,239,69,61
358,241,69,61
357,242,71,62
359,243,67,59
359,238,66,61
358,235,67,62
358,235,70,66
357,230,67,62
357,229,67,63
358,228,66,66
354,224,70,72
354,222,67,68
350,218,70,74
352,220,70,72
350,218,69,73
350,220,70,69
347,219,70,71
348,220,70,72
347,222,72,72
345,222,73,71
343,222,74,73
342,225,71,74
338,225,74,73
340,228,74,73
342,232,73,60
342,232,73,60
344,233,76,62
344,230,74,62
348,237,70,56
346,236,72,54
349,239,72,52
348,238,77,53
349,233,77,55
375,246,68,52
383,241,65,53
310,229,69,51
405,237,64,52
311,236,72,49
306,236,77,50
312,239,73,51
317,245,70,47
318,245,70,49
325,248,66,53
325,251,67,61
324,251,71,62
320,252,77,62
316,252,77,61
312,252,83,60
316,255,78,60
316,253,75,58
311,251,78,59
303,252,87,60
308,252,78,58
309,252,80,59
305,251,84,61
309,250,78,61
306,248,81,63
311,247,74,61
312,248,74,59
308,246,79,60
306,244,79,62
302,245,81,62
306,243,79,64
301,243,83,64
302,242,83,64
301,242,78,65
299,241,85,65
297,243,87,64
298,243,86,63
300,244,84,64
298,244,86,65
297,245,87,62
299,244,86,64
299,244,87,65
299,246,87,64
297,243,88,63
303,247,74,60
306,246,81,61
305,246,82,61
305,247,82,62
308,246,75,58
307,245,77,62
307,245,76,63
303,245,78,62
301,244,77,64
301,244,78,64
299,245,78,65
298,245,77,65
294,245,79,64
293,245,77,68
295,241,74,70
289,244,58,67
290,241,53,59
331,271,44,45
333,275,37,35
332,274,38,34
374,269,41,43
330,272,38,38
329,274,40,35
329,270,43,38
330,272,40,36
329,272,41,37
330,273,41,37
328,275,41,34
328,273,42,36
327,272,41,35
328,275,38,32
327,275,41,34
328,274,39,34
327,274,39,33
328,274,38,33
326,274,39,34
327,274,39,34
327,275,46,35
326,273,55,39
326,271,62,40
324,268,68,43
324,271,71,42
324,270,70,40
325,270,69,42
321,270,75,40
322,269,74,44
326,269,69,43
328,271,62,40
327,271,64,39
327,270,69,42
327,268,68,44
329,266,68,45
325,268,70,44
326,267,65,46
326,268,69,43
328,264,63,46
328,262,66,49
326,261,69,51
326,262,69,50
327,258,69,53
328,259,69,52
329,255,71,53
330,252,71,54
330,250,67,52
330,247,68,53
328,245,69,51
327,244,65,49
327,244,68,50
328,240,69,53
324,239,69,54
322,239,72,55
324,236,74,54
325,235,71,57
324,233,73,59
326,235,72,57
325,236,71,56
325,236,73,54
326,233,73,57
322,234,77,55
325,233,74,58
324,229,75,60
322,224,75,65
321,222,77,68
322,218,77,73
313,215,84,76
323,218,73,71
328,221,69,63
326,214,67,64
325,212,67,64
326,208,62,64
328,207,63,62
328,209,60,56
328,204,61,56
327,200,60,54
328,196,60,56
326,194,61,56
327,188,60,59
325,186,59,62
325,186,59,61
324,186,59,61
325,188,57,59
323,189,61,57
323,183,59,62
323,184,58,59
322,182,60,61
324,183,61,59
324,181,61,60
327,176,58,64
325,177,61,62
327,179,60,61
325,177,63,61
328,175,59,64
328,175,62,63
329,177,62,63
330,176,61,68
331,178,60,67
331,185,63,63
332,187,61,62
331,193,63,64
332,197,61,66
332,200,65,59
334,202,62,64
333,200,63,63
333,210,63,56
337,216,64,54
338,227,61,46
340,231,64,48
342,237,66,46
345,242,64,50
346,248,61,45
349,253,58,43
351,255,62,42
352,253,65,46
350,257,66,46
351,261,68,45
345,265,69,43
345,265,67,45
347,265,66,42
343,266,68,41
340,269,71,40
342,268,68,40
343,269,66,40
339,271,68,39
338,271,71,40
340,270,67,43
338,271,70,42
339,271,70,41
341,269,74,44
341,271,76,42
342,268,74,47
341,266,77,44
339,267,75,43
339,268,71,41
342,267,67,41
342,265,67,42
343,262,62,49
340,260,62,48
339,261,60,49
341,260,58,49
337,259,60,53
340,258,53,55
341,268,42,49
341,272,45,42
340,275,43,35
342,274,42,33
341,275,37,32
341,276,35,33
342,275,35,35
342,274,36,34
343,275,35,34
343,275,34,33
346,274,34,31
345,274,35,31
346,274,35,30
345,273,36,31
347,273,35,31
349,273,36,32
351,273,36,32
353,272,34,32
355,272,34,32
359,273,34,33
361,274,34,35
366,273,35,35
370,274,39,32
373,276,38,32
378,275,36,33
380,276,36,32
381,277,39,35
383,278,36,34
381,277,37,35
382,278,37,35
382,280,36,34
379,282,38,33
373,282,43,37
367,283,44,35
361,284,44,34
352,284,45,36
350,283,42,35
344,284,44,33
338,282,44,34
338,280,41,35
336,281,40,34
334,278,39,36
335,271,43,42
331,269,45,43
333,268,47,44
330,267,53,45
332,265,56,46
340,265,49,46
348,263,48,51
355,263,46,50
363,262,51,51
372,268,46,48
379,269,43,48
385,266,40,49
390,268,45,47
396,270,47,46
402,272,48,43
411,271,43,49
415,272,46,54
423,270,40,61
430,269,36,61
466,280,46,73
462,281,53,72
462,281,53,72
462,281,53,72
462,281,53,72
463,297,68,59
460,301,73,52
464,307,62,48
463,302,58,56
462,305,59,52
418,299,47,52
410,296,52,56
410,296,52,56
391,303,49,51
383,300,49,52
373,303,56,42
365,303,52,43
356,300,55,46
352,298,50,44
352,297,47,43
351,294,46,45
347,296,45,43
343,293,50,45
342,293,47,44
340,292,46,40
336,289,49,38
335,288,47,37
334,286,46,38
335,285,43,37
333,283,43,36
332,281,40,36
335,280,39,37
337,280,38,34
339,278,38,34
342,278,39,32
344,275,38,34
347,278,37,31
346,278,38,32
346,277,37,32
347,277,37,31
346,277,38,32
347,276,38,34
347,276,38,32
347,276,37,32
346,276,37,31
345,276,37,31
346,277,37,30
345,276,37,32
344,278,38,32
344,277,37,32
344,277,37,33
343,275,39,33
345,277,37,32
346,276,37,32
346,276,37,33
350,278,35,31
350,276,36,31
352,276,37,31
356,279,36,31
357,278,37,32
356,278,36,33
356,278,36,32
355,276,38,33
355,273,36,35
357,270,34,38
358,274,34,33
358,275,35,32
358,278,35,31
357,275,35,32
358,278,36,31
357,278,37,31
356,277,35,32
359,277,34,31
357,279,35,30
357,277,35,31
357,278,35,30
357,278,37,31
357,276,35,31
356,278,35,31
358,278,33,29
358,279,34,31
357,277,35,31
357,278,35,32
357,278,35,32
356,277,36,32
358,278,35,32
357,279,36,31
357,279,35,32
357,278,35,32
355,276,36,33
357,278,35,32
358,276,34,33
358,276,35,31
357,276,34,32
358,276,33,31
357,277,34,32
357,278,36,32
356,276,36,34
356,277,35,32
355,277,37,33
356,276,36,32
355,276,37,32
354,278,37,33
356,278,37,31
356,276,37,34
357,277,34,34
357,277,37,34
355,276,38,33
358,276,36,32
356,278,36,33
356,278,38,32
355,276,36,33
354,276,38,32
355,276,38,31
356,276,37,33
356,276,37,33
355,277,37,34
356,278,37,32
356,278,37,32
358,277,36,33
356,278,36,34
357,278,35,32
356,277,37,33
357,277,35,33
355,277,39,34
358,278,35,34
357,278,36,32
355,275,39,34
356,275,38,34
357,276,36,34
356,276,36,34
359,277,35,33
356,276,37,33
358,278,36,34
355,276,38,33
355,277,37,33
354,276,39,34
356,277,38,33
355,276,38,34
358,276,36,34
357,277,35,32
356,276,36,33
359,278,35,32
356,277,35,32
357,276,36,32
354,276,38,34
355,276,39,33
355,276,38,34
356,277,37,32
356,276,39,34
354,276,38,33
354,277,39,32
355,276,38,33
357,277,34,33
355,276,39,34
356,278,36,32
356,276,36,33
355,276,37,32
355,277,39,33
355,277,39,34
355,276,37,34
356,277,38,33
355,277,37,32
355,277,39,32
354,276,38,32
356,277,38,33
356,278,36,33
358,277,34,32
356,278,37,33
356,277,36,34
356,278,37,33
358,276,35,33
357,277,35,31
355,277,36,33
356,276,37,32
356,276,36,33
354,275,37,34
355,276,37,33
356,277,37,32
356,276,35,34
355,277,38,33
356,277,38,33
355,278,37,33
355,275,38,33
356,275,36,33
356,276,38,33
355,276,37,33
357,277,35,33
357,277,36,33
358,277,35,33
355,276,37,33
355,277,38,34
356,276,38,34
355,276,37,33
356,277,36,33
357,277,37,33
355,277,38,34
356,276,37,33
356,277,37,33
356,277,36,33
355,277,38,32
357,277,37,32
356,276,37,34
357,277,36,31
356,277,36,33
357,278,36,33
356,276,35,32
359,278,33,33
358,277,35,34
358,278,34,32
355,277,36,33
357,277,37,32
356,277,36,32
357,278,36,32
356,275,36,35
355,278,37,34
356,278,36,32
356,276,37,33
358,278,36,33
356,277,38,33
356,278,37,32
355,275,38,33
357,277,36,34
356,276,35,32
358,279,36,32
357,278,35,32
356,277,36,33
355,276,37,34
357,278,37,32
356,276,36,32
358,278,34,33
355,276,36,31
355,275,37,31
357,277,34,30
358,277,37,31
356,277,37,32
357,276,37,32
357,278,36,33
355,276,37,34
355,276,37,33
357,278,35,33
355,276,37,33
355,277,37,34
356,277,38,32
355,277,37,33
356,277,37,34
358,278,34,33
358,277,35,33
357,277,35,32
357,278,36,32
357,277,36,33
357,277,36,31
357,276,37,32
357,279,35,32
355,278,37,32
356,276,37,33
358,278,34,31
356,277,36,33
358,278,34,32
356,277,36,32
355,278,37,32
357,279,37,32
357,277,35,32
356,278,37,32
355,277,38,33
357,277,36,34
357,278,36,33
356,277,36,33
355,277,37,33
358,277,36,33
355,277,36,32
358,277,35,33
357,276,35,33
357,277,36,32
357,275,35,34
359,276,34,33
358,275,33,34
358,276,35,34
358,275,35,33
359,276,31,35
357,273,35,36
358,275,36,36
356,272,36,36
356,267,40,40
353,267,53,36
354,265,54,40
350,264,63,39
347,261,62,40
344,257,63,38
341,251,66,43
341,251,66,43
338,245,62,40
335,241,64,41
332,240,62,41
332,240,59,40
328,236,58,41
328,236,53,41
326,234,52,43
327,233,52,46
325,232,50,46
323,229,55,50
322,230,54,51
321,227,52,52
320,225,53,52
318,224,54,55
318,222,56,59
318,220,56,59
319,218,55,65
319,215,52,59
319,213,53,58
321,219,54,49
320,219,52,46
321,217,52,45
322,217,52,43
319,212,57,47
320,213,55,43
321,212,54,44
320,211,56,46
321,212,57,43
317,212,59,45
318,213,58,42
318,212,57,44
319,209,57,44
317,209,59,44
320,206,59,45
316,204,59,46
316,200,61,48
316,195,61,48
315,190,61,51
317,186,62,54
315,182,62,54
314,180,61,55
311,178,64,55
310,176,66,59
311,175,63,57
308,176,65,58
306,175,68,59
306,176,68,59
304,178,69,58
299,177,71,59
297,179,70,56
296,182,72,54
294,185,72,53
291,185,73,52
288,185,72,55
287,187,76,54
285,187,77,53
283,190,75,52
281,190,78,55
275,190,82,56
275,190,82,56
270,192,89,59
268,192,89,65
270,193,90,58
269,194,92,64
259,189,101,75
273,196,86,59
270,196,90,65
264,194,94,51
264,196,96,51
270,197,90,56
264,194,98,63
259,194,102,67
267,196,94,62
258,192,105,64
260,193,103,68
260,194,105,58
255,192,105,68
256,191,106,68
255,193,109,62
257,193,106,60
256,196,105,61
255,194,105,62
256,195,105,61
256,193,105,65
257,194,107,61
256,193,106,64
258,194,102,66
258,194,106,60
258,196,103,58
261,195,100,63
260,193,102,66
261,193,98,66
262,193,100,69
265,193,98,63
262,191,101,66
263,193,100,61
257,190,105,70
260,192,103,64
261,190,103,72
261,189,105,68
260,189,102,68
265,187,100,72
264,186,101,70
265,189,100,68
263,176,103,83
267,183,99,72
264,175,100,84
262,176,104,79
262,175,105,80
262,172,105,82
260,171,107,80
261,170,108,76
261,168,105,80
259,166,104,83
260,165,103,86
259,171,108,75
258,167,109,79
254,163,116,85
254,180,117,61
251,182,119,60
248,183,123,59
245,184,124,57
249,184,122,55
245,185,125,55
244,183,124,57
241,184,126,56
244,186,125,52
241,185,125,52
241,189,130,47
242,188,130,48
243,187,129,50
243,187,127,50
242,187,129,48
242,188,130,48
245,187,127,48
252,190,117,47
254,190,118,48
248,193,123,47
253,194,116,48
254,195,114,48
259,199,109,48
260,199,110,51
260,200,108,50
259,199,108,54
263,196,105,55
263,200,102,52
265,198,101,52
264,198,104,52
263,200,101,51
262,194,102,59
263,196,101,58
262,194,101,60
263,195,102,58
261,192,104,62
263,197,103,54
258,196,105,56
263,198,102,52
259,199,104,52
264,198,101,52
262,197,104,53
262,189,104,65
263,194,101,55
265,196,99,57
265,194,102,59
267,195,98,59
267,192,103,60
263,191,104,58
265,189,103,59
268,189,97,63
265,177,100,78
265,175,102,78
267,173,100,74
268,172,97,78
265,177,105,73
268,183,103,63
266,187,105,61
267,187,105,57
264,189,108,57
265,188,112,58
262,191,111,55
259,191,115,53
259,193,116,53
259,199,121,47
258,201,124,48
254,204,131,48
247,190,126,66
248,170,109,77
256,164,97,82
252,165,72,87
254,164,68,93
259,165,61,95
259,168,62,92
261,167,62,97
263,170,62,97
264,167,56,100
263,168,59,104
265,166,64,106
268,166,65,113
269,165,65,106
268,166,78,112
271,166,71,110
271,166,73,118
275,165,74,118
275,165,79,120
276,165,82,128
267,159,78,134
272,163,57,134
272,163,52,129
276,161,55,103
355,260,78,96
274,168,73,92
273,164,61,92
336,254,65,88
270,168,53,87
336,263,52,76
344,269,46,62
346,265,47,54
350,275,45,41
351,278,42,36
352,280,41,34
354,279,38,34
352,279,41,36
353,279,41,35
353,281,39,35
353,279,40,35
351,279,42,36
352,279,39,35
354,280,39,34
353,279,41,35
354,281,40,35
352,279,40,35
352,280,41,35
351,279,42,34
354,280,41,35
352,281,41,33
354,280,39,33
351,279,42,34
352,279,40,34
354,280,39,35
352,279,41,34
351,279,42,35
355,281,39,34
355,281,41,33
359,282,42,33
363,281,43,34
367,281,42,35
376,283,46,36
382,284,42,37
392,284,41,36
399,287,43,36
401,286,46,40
406,287,47,38
416,288,43,40
423,290,44,40
428,291,43,37
429,292,49,37
434,291,46,39
435,290,48,39
438,291,46,41
434,292,51,41
432,290,52,41
434,292,50,39
438,293,45,39
439,292,46,38
437,292,46,39
439,292,46,41
439,293,45,41
436,291,47,40
437,291,46,41
438,293,46,40
438,293,48,40
436,293,47,42
434,292,50,41
437,291,46,41
437,292,47,40
436,293,48,41
436,290,50,42
439,291,45,41
437,292,47,40
435,291,48,42
436,293,48,42
438,292,47,40
438,291,46,40
439,292,46,39
437,291,47,41
438,292,47,41
438,293,48,40
436,292,48,40
435,291,49,40
436,291,48,41
437,292,48,39
435,292,49,40
435,292,48,41
435,291,49,40
437,292,47,40
436,292,48,40
436,291,50,43
436,292,47,41
435,291,50,41
437,292,48,40
433,291,51,42
435,292,48,41
434,292,51,42
437,292,49,41
435,293,49,41
434,291,50,42
433,291,53,42
435,290,48,41
435,292,49,41
434,291,50,42
436,292,48,41
435,293,50,41
433,292,52,41
436,291,50,41
437,292,46,40
437,293,48,40
436,291,50,41
438,291,47,42
437,292,47,41
436,292,49,41
438,291,46,40
438,293,47,40
436,290,48,42
436,291,47,41
435,291,47,40
434,291,50,42
436,291,48,41
437,290,47,43
435,292,48,40
435,292,49,39
436,293,48,38
437,292,47,38
436,292,49,39
437,292,47,38
437,293,46,39
433,290,50,41
435,292,50,39
431,292,51,40
436,292,47,39
435,293,48,38
439,293,46,39
437,292,46,39
437,294,47,39
436,293,49,38
437,292,48,39
437,291,46,40
436,291,47,41
434,292,47,41
435,292,47,42
438,294,44,39
436,293,47,40
435,292,47,41
438,291,45,42
436,292,45,40
438,293,44,40
436,293,45,41
437,292,45,41
438,293,44,40
436,288,43,44
436,290,46,44
436,292,47,42
437,292,44,40
437,292,45,40
435,292,47,40
437,291,45,40
436,291,46,40
434,291,49,39
434,290,50,39
433,292,49,40
430,290,52,42
431,292,51,40
432,293,49,39
436,292,46,40
439,293,43,36
440,294,42,37
441,296,44,34
440,296,44,34
442,296,43,34
441,294,45,38
442,294,46,39
442,293,46,39
443,293,43,39
437,292,47,38
429,286,55,42
415,282,58,51
415,282,58,51
406,260,62,52
406,260,62,52
384,252,57,49
375,250,63,46
375,250,63,46
375,250,63,46
345,240,55,49
345,240,55,49
319,226,65,50
319,226,65,50
311,218,61,54
312,217,61,56
312,217,61,56
312,217,61,56
306,236,69,56
306,236,69,56
306,236,69,56
306,236,69,56
306,236,69,56
306,236,69,56
268,207,62,46
310,230,64,42
272,207,59,39
315,227,62,43
315,227,64,47
316,226,62,46
316,227,63,46
318,225,62,45
318,226,63,47
315,225,63,46
315,223,66,48
319,224,62,47
257,205,64,57
321,224,60,50
317,224,66,48
317,224,67,45
318,226,69,46
317,225,66,48
319,223,65,51
318,223,65,51
317,222,68,53
317,220,68,56
319,220,66,57
318,215,66,63
317,212,69,68
320,216,66,66
320,214,63,69
321,219,62,62
321,214,62,69
321,214,60,63
323,212,57,63
323,217,56,65
323,220,57,60
326,217,54,58
325,218,54,56
323,219,55,56
322,217,56,59
324,219,54,55
324,219,55,54
321,220,55,54
323,223,58,51
321,220,59,56
321,220,58,52
321,222,60,54
320,224,61,50
318,224,62,52
318,224,64,50
318,222,64,52
317,225,63,49
319,222,65,50
318,223,65,49
321,224,64,50
319,220,63,52
319,222,67,50
316,224,64,50
319,224,62,50
319,224,63,51
319,225,64,50
316,224,63,50
318,226,64,48
316,228,64,49
318,227,63,50
314,228,66,50
316,229,67,48
317,227,66,51
314,229,68,52
316,230,65,48
319,230,63,47
320,229,65,49
318,228,66,49
317,223,65,54
319,221,64,56
318,224,65,54
320,225,60,50
322,222,61,52
322,220,61,52
321,221,62,51
319,217,64,54
319,209,61,64
318,212,64,59
319,210,61,61
318,211,61,61
316,218,63,53
318,219,65,53
316,217,65,56
317,219,65,52
315,226,67,45
315,228,68,43
317,221,64,48
317,227,66,43
317,228,65,43
317,226,67,44
316,227,67,44
314,228,67,45
315,226,68,45
314,227,67,46
314,224,67,46
314,224,64,45
312,226,66,47
316,223,63,50
313,225,66,48
314,222,64,52
314,226,65,48
312,225,66,49
312,223,66,53
309,214,71,63
308,215,70,66
311,217,66,61
312,215,68,65
314,217,63,63
312,218,67,64
311,212,68,65
308,216,70,63
308,216,71,69
307,214,69,64
307,218,69,62
308,221,74,56
308,226,71,53
309,231,65,45
309,228,67,48
309,228,68,47
310,226,68,52
310,224,67,52
310,226,70,53
309,228,71,51
309,223,69,57
310,230,70,52
308,229,72,52
309,230,71,50
311,232,71,50
309,222,72,61
309,229,72,56
308,221,75,63
309,223,70,60
309,227,70,54
311,229,69,56
313,229,68,52
313,231,69,49
312,233,70,47
312,229,70,49
310,232,71,45
310,230,70,48
311,228,71,50
309,231,71,49
311,225,68,53
311,225,68,53
310,224,68,57
312,222,69,55
313,225,66,57
314,222,67,55
315,222,68,59
315,223,67,59
314,222,66,56
315,226,69,57
314,216,64,63
313,211,68,70
313,215,67,67
312,210,68,77
316,210,64,74
316,212,66,73
313,214,65,69
314,215,67,68
313,215,69,67
312,217,70,66
311,217,72,61
311,219,69,62
312,218,68,64
312,213,69,71
315,217,64,64
318,218,62,63
317,216,63,61
316,217,63,61
317,216,63,61
314,216,63,60
316,218,62,61
314,215,64,62
314,218,61,60
314,218,63,60
313,218,65,60
312,219,65,63
312,219,64,59
313,219,65,63
314,218,63,62
315,220,65,61
314,221,68,63
316,215,64,65
317,218,66,63
315,222,67,60
318,224,69,62
318,222,68,60
321,220,70,66
323,227,67,56
325,226,68,59
326,233,71,56
329,233,71,57
330,238,73,54
332,243,70,51
333,249,73,48
335,253,73,47
337,254,69,44
341,259,69,45
340,261,69,43
346,266,67,44
343,262,76,50
347,261,73,51
348,258,73,55
353,267,72,48
301,252,56,42
354,271,62,44
376,267,62,49
355,273,77,43
356,269,85,45
367,266,78,49
358,268,88,47
355,267,98,45
352,270,104,42
354,266,109,45
353,276,100,37
353,275,90,40
352,272,79,42
349,271,76,41
356,272,86,44
355,273,70,41
354,274,68,41
355,272,72,41
352,272,75,41
355,272,71,43
356,271,71,44
360,273,72,41
361,275,74,42
363,278,68,39
366,275,75,44
369,277,73,41
368,278,77,41
369,279,82,41
376,282,77,38
378,281,78,39
377,282,83,39
389,281,82,40
385,281,91,41
390,281,84,39
401,281,77,40
406,281,75,45
403,280,78,44
408,283,75,42
408,283,77,43
401,282,82,44
403,282,80,41
400,282,86,44
397,284,87,42
396,283,89,40
402,284,84,41
401,283,85,41
402,284,83,40
403,283,83,41
402,282,85,42
404,281,81,44
405,281,80,43
404,283,79,42
407,284,77,41
405,283,78,41
406,284,78,41
405,283,80,43
407,284,77,42
405,283,81,43
405,283,79,42
406,283,81,42
404,282,82,44
401,283,83,43
402,283,85,44
403,282,82,42
403,283,80,43
404,284,82,42
403,283,85,44
401,284,83,43
402,284,83,42
403,282,80,43
402,284,85,43
400,284,83,43
402,284,85,44
402,284,83,43
402,283,81,41
403,284,82,44
406,283,78,42
403,284,81,42
402,284,84,41
402,284,83,42
402,282,85,42
399,283,87,44
402,283,82,43
404,284,80,42
405,283,81,44
402,283,83,45
402,283,81,42
403,282,83,41
405,283,82,42
406,284,76,41
406,284,80,43
404,283,79,43
404,283,82,43
399,283,85,44
401,283,83,42
403,284,83,42
404,284,81,44
404,284,80,43
404,283,82,43
405,283,78,42
401,283,83,42
399,283,84,42
403,284,81,42
402,282,82,43
404,283,80,41
405,284,81,41
402,283,82,41
403,284,84,41
404,283,81,44
403,282,80,43
402,283,83,42
404,283,81,41
406,284,77,41
406,285,78,41
403,284,80,40
405,284,80,41
403,283,83,44
404,283,80,43
404,282,80,43
404,284,80,40
404,283,82,42
403,282,80,42
404,283,81,41
406,282,78,41
404,283,82,42
404,283,81,42
402,283,82,42
405,283,80,42
401,283,82,41
403,283,84,42
403,284,81,43
401,285,86,42
405,283,81,42
407,282,76,41
408,283,78,40
406,284,77,39
408,284,76,41
407,283,77,40
407,284,80,39
409,283,75,38
407,284,79,38
408,283,77,41
406,283,78,40
408,286,76,38
407,284,77,41
408,283,77,42
407,284,79,41
407,284,78,39
407,282,75,42
408,284,78,41
