265,141,57,120
260,143,59,119
261,141,60,115
257,143,59,116
256,139,59,119
256,139,58,118
253,138,59,116
250,138,59,109
250,134,59,115
245,135,60,113
239,131,62,118
237,129,61,116
234,131,59,114
231,131,59,116
230,131,57,115
224,127,60,118
227,127,56,114
223,122,59,117
221,119,61,118
222,120,56,115
222,118,55,111
220,117,60,116
217,112,61,116
218,113,58,114
216,110,55,112
210,109,59,115
205,108,65,116
201,110,67,116
199,105,66,122
194,105,68,121
195,105,64,113
189,103,62,111
186,103,62,113
184,103,61,116
183,102,63,119
182,100,59,116
179,99,62,119
178,99,62,120
179,99,60,118
178,98,60,115
182,97,59,119
176,96,63,117
179,97,60,114
182,95,59,116
182,94,60,116
186,94,56,115
187,95,58,115
190,94,52,114
193,93,54,114
195,94,54,115
192,94,61,112
197,94,60,112
202,91,58,117
203,94,60,115
207,94,58,109
213,93,55,104
222,94,45,103
227,95,47,98
227,94,49,96
222,94,61,111
226,94,62,114
231,94,55,111
233,96,60,111
233,96,62,113
236,96,63,114
240,99,60,111
243,97,59,113
250,96,50,111
250,94,53,112
252,94,52,112
254,94,53,112
257,93,54,113
257,91,57,116
261,90,56,111
262,92,56,110
266,89,54,109
268,88,53,108
274,86,46,108
275,83,46,108
280,82,45,105
282,83,43,106
285,82,42,106
288,81,39,104
286,79,45,114
289,77,46,108
291,78,44,107
291,78,43,103
292,80,41,105
293,83,40,99
291,84,39,99
296,83,35,96
295,79,33,104
298,76,30,110
309,83,20,111
308,80,20,114
307,81,21,115
308,81,19,111
306,81,22,110
310,82,20,108
310,82,22,104
310,84,22,100
313,83,19,101
311,83,24,102
306,76,36,111
300,67,44,117
301,62,43,123
309,66,35,126
311,71,31,121
314,66,29,124
315,68,29,121
309,65,38,123
317,68,31,125
317,65,31,127
321,66,31,123
328,70,26,118
330,65,26,125
329,64,23,123
329,65,28,124
328,70,31,117
334,69,26,118
340,78,25,110
341,77,20,110
344,84,23,103
348,84,19,105
349,77,22,108
346,82,25,103
347,81,26,104
350,83,23,103
351,80,26,102
349,82,27,99
351,79,28,98
351,82,29,97
350,80,29,94
353,81,30,97
352,80,30,99
349,81,34,97
351,81,38,95
350,83,42,94
347,85,53,91
350,82,50,93
350,78,48,93
350,77,47,97
353,75,42,94
354,72,45,96
355,70,44,96
356,71,42,93
357,67,39,95
358,67,39,95
358,66,40,95
357,68,41,94
355,67,43,93
355,67,41,94
356,68,41,95
357,67,39,95
356,64,41,97
357,65,39,96
355,66,40,94
357,66,39,95
358,65,38,97
357,68,39,97
356,67,40,96
358,68,39,96
357,67,41,97
360,68,39,96
360,69,40,94
360,71,39,93
361,71,41,96
362,72,41,95
363,73,41,92
361,73,42,93
363,71,42,95
364,72,41,97
362,72,43,97
361,73,44,94
361,72,44,97
363,72,43,97
363,71,44,97
362,72,44,98
361,73,46,96
360,71,48,97
361,71,46,97
362,72,48,97
361,70,50,96
361,73,51,97
363,75,47,97
361,74,48,97
359,74,54,94
360,73,50,99
360,73,51,99
359,74,54,98
360,73,49,97
357,72,52,98
358,76,52,99
355,74,53,99
358,74,50,98
357,78,49,96
353,78,52,101
353,78,52,98
352,82,51,97
353,82,50,97
354,82,49,99
353,82,50,99
351,83,52,99
353,85,51,97
354,84,50,99
353,83,51,99
357,84,47,98
355,85,51,100
352,85,53,97
355,87,51,99
353,87,52,101
353,91,57,98
353,89,53,99
354,88,51,101
352,89,54,98
353,87,53,101
355,89,51,100
353,89,52,98
346,88,59,100
353,91,50,99
347,89,55,104
348,89,56,98
348,90,55,100
345,92,60,100
336,89,69,99
338,89,65,99
342,90,58,99
346,92,56,98
341,91,61,98
343,89,56,98
344,90,56,95
344,87,55,100
341,88,58,98
334,88,69,97
335,88,66,94
337,87,61,98
338,85,62,100
332,84,67,94
330,85,69,92
329,83,68,97
325,83,74,95
332,82,66,97
329,82,68,94
329,81,68,94
329,80,72,94
330,82,70,90
331,82,68,97
329,80,69,92
326,82,73,94
328,78,70,100
326,80,72,102
331,79,70,97
329,81,73,98
331,79,68,97
332,81,70,97
336,80,66,98
333,80,68,98
336,80,64,98
339,80,62,95
339,80,63,93
344,78,56,97
349,77,51,99
351,77,48,101
353,73,45,105
348,69,50,108
339,63,59,112
336,63,64,117
339,66,58,112
341,67,53,111
351,70,47,107
358,74,42,102
356,75,47,97
357,82,50,93
356,81,60,91
358,84,55,92
359,84,40,85
362,78,34,91
359,80,38,85
362,78,34,89
361,77,36,92
359,77,36,91
358,78,38,92
359,75,38,92
361,78,43,93
361,76,50,93
359,74,59,95
354,76,65,92
358,78,60,92
357,75,63,94
358,75,61,92
360,74,61,93
361,74,58,93
363,75,57,92
362,75,57,93
361,75,61,93
364,75,54,95
365,71,54,96
366,74,53,97
363,77,57,94
366,74,54,92
360,75,59,96
364,76,56,95
364,77,54,95
363,75,56,97
361,74,58,96
359,75,62,98
360,75,60,100
356,75,63,101
360,73,59,101
360,74,59,103
362,74,53,113
361,73,55,124
360,76,55,133
360,68,57,136
359,71,56,141
352,71,65,139
359,73,59,133
359,71,56,129
361,72,55,137
361,69,55,141
361,70,56,130
361,72,56,127
360,72,61,117
362,71,58,120
363,69,57,130
364,71,57,137
365,70,57,123
364,70,60,109
367,69,53,108
370,71,40,97
371,72,30,89
374,72,30,91
376,71,28,91
377,72,25,91
378,73,27,90
376,72,27,90
377,73,28,90
379,72,30,89
379,73,32,88
381,72,37,92
381,71,46,97
382,69,41,95
384,69,47,100
383,67,47,103
383,67,41,98
384,65,38,92
384,66,35,89
386,64,29,91
385,66,35,90
385,65,30,87
386,68,32,89
387,67,34,89
385,66,37,90
387,68,36,89
388,67,41,101
387,66,46,108
390,65,46,109
391,67,45,109
390,67,44,103
389,69,46,99
391,68,44,105
392,68,44,101
391,70,49,99
392,69,45,104
393,71,46,108
393,71,40,97
393,72,43,92
396,71,42,91
395,71,41,91
396,72,49,92
397,75,41,84
401,72,40,88
399,73,39,85
400,74,40,88
401,75,38,87
403,75,40,91
403,76,45,97
404,76,40,97
409,75,41,90
410,75,38,92
409,78,43,99
413,79,39,96
412,79,40,93
413,81,42,91
414,82,44,87
412,82,42,87
414,81,40,83
415,83,43,89
414,83,44,90
412,84,49,102
412,85,46,101
413,84,45,100
413,85,49,109
411,85,50,109
409,84,49,103
410,86,48,107
410,85,45,101
409,87,47,109
408,87,45,101
407,87,49,101
408,87,47,109
411,87,41,89
410,89,47,87
408,85,42,85
408,86,45,85
406,86,43,86
406,86,43,85
404,84,42,87
405,88,41,83
401,87,49,88
400,87,44,92
399,88,43,86
400,89,39,80
394,87,48,85
393,87,47,88
391,87,43,87
393,90,43,82
392,90,42,87
388,91,48,85
389,91,44,84
388,91,44,84
385,90,53,90
384,91,50,95
384,91,47,90
383,90,46,88
381,89,48,86
381,90,44,84
379,90,48,88
379,90,43,85
376,90,46,86
376,94,40,81
377,92,39,82
371,92,39,85
370,92,47,89
366,92,47,88
362,93,46,87
363,93,44,84
359,93,45,82
356,91,42,80
355,92,44,85
354,94,40,80
351,94,41,80
347,96,47,81
343,94,50,86
344,97,45,89
340,95,52,107
338,94,52,108
336,95,50,111
334,95,52,113
330,96,54,113
330,96,49,103
325,94,53,109
322,94,51,109
321,93,49,109
316,94,51,108
313,95,53,108
311,94,51,108
309,96,51,110
305,96,51,107
301,94,54,108
297,93,53,104
295,94,50,108
293,96,49,107
290,95,51,105
288,96,52,112
282,95,55,107
280,96,50,105
280,95,48,107
276,96,50,105
272,98,48,97
269,96,46,88
265,95,44,79
266,99,43,74
263,98,40,76
259,97,46,80
257,100,40,75
253,99,44,74
249,99,49,80
246,99,47,79
246,99,45,79
241,99,51,80
241,99,50,81
241,99,47,83
237,98,47,82
236,98,51,97
236,98,46,101
232,97,47,103
232,98,44,99
231,99,47,98
229,97,47,100
228,96,46,102
228,98,46,102
227,98,47,98
226,98,47,101
225,97,47,102
225,97,47,101
225,97,47,100
225,97,49,101
222,95,48,102
222,96,50,102
221,88,50,108
223,98,48,102
226,104,40,90
222,105,47,92
224,107,43,90
225,98,41,99
224,97,37,88
222,98,37,82
226,107,35,74
223,104,35,74
226,99,36,80
223,103,42,89
224,101,39,87
224,104,40,93
224,103,43,93
220,102,49,94
213,102,60,98
213,102,57,95
213,105,57,90
217,98,53,93
218,100,54,90
222,103,49,87
219,106,54,93
222,99,50,91
217,102,57,84
223,109,40,71
221,111,39,70
220,107,37,69
214,106,39,77
212,103,41,81
202,101,47,80
200,101,46,78
198,101,44,79
196,100,41,79
192,100,40,80
188,101,42,79
186,101,42,79
184,100,41,78
185,102,38,79
180,99,40,78
176,99,42,78
169,98,43,77
170,100,35,67
166,99,39,75
162,97,40,77
159,98,41,77
157,100,41,74
153,98,41,77
150,98,43,76
148,98,38,73
147,97,37,74
143,99,38,75
142,100,36,75
138,99,35,74
136,101,35,74
131,100,35,76
128,102,34,75
125,102,35,75
121,103,35,77
117,104,36,76
115,105,35,75
112,107,33,75
111,107,31,76
107,108,32,76
105,109,32,75
100,109,33,76
96,111,34,76
95,110,30,74
93,111,31,75
90,110,31,75
86,112,32,74
84,112,32,75
81,113,36,75
79,115,32,74
78,115,34,75
76,117,31,73
73,114,32,74
71,116,33,74
68,116,31,74
67,119,29,74
65,118,31,74
63,118,29,75
63,120,29,75
61,120,29,75
61,121,30,76
59,123,29,74
58,121,30,74
59,120,29,77
57,122,30,77
58,124,30,73
57,122,32,77
57,121,29,74
58,125,30,73
57,122,32,75
58,123,31,74
61,125,29,72
62,123,29,75
63,122,31,77
65,123,29,73
66,121,30,76
68,119,29,76
71,118,29,74
75,119,27,74
78,120,29,76
79,118,30,76
82,118,29,75
85,117,28,77
87,118,28,74
88,119,28,75
92,118,26,76
93,117,26,75
94,116,30,76
98,118,28,76
99,119,28,75
101,115,29,74
104,115,27,74
110,114,27,75
110,112,27,76
114,112,29,76
118,110,28,74
122,111,29,74
126,109,28,75
131,108,29,75
136,108,31,75
141,108,28,73
145,105,30,75
149,105,29,74
154,105,30,74
158,104,28,75
161,104,29,74
165,105,28,73
169,103,30,74
175,104,29,74
178,103,30,75
182,104,28,73
185,104,29,74
189,104,30,74
191,104,30,74
194,106,31,74
199,106,29,73
201,107,30,73
203,107,30,75
206,106,30,74
209,107,31,75
210,109,30,73
213,109,31,73
215,109,32,76
218,109,31,73
219,110,32,75
222,112,30,72
224,109,31,74
225,111,31,75
229,111,32,75
232,113,29,73
233,113,32,76
234,114,32,74
236,113,33,76
239,114,32,75
240,112,31,76
242,112,32,77
244,115,32,73
247,111,32,76
249,112,33,77
251,113,32,75
251,112,33,75
256,113,31,73
258,113,33,77
258,111,34,77
262,112,33,77
267,113,32,76
268,115,32,73
270,114,33,77
275,116,33,73
276,118,33,74
281,118,31,73
282,116,32,76
285,116,32,76
288,113,33,77
290,117,34,78
292,117,33,76
293,116,34,76
298,118,33,75
299,114,33,78
301,116,33,77
303,114,33,77
305,115,35,79
307,116,34,78
308,115,34,78
312,115,33,77
315,116,32,75
316,113,32,77
318,112,33,77
319,112,34,77
322,113,33,77
324,112,33,78
325,110,33,76
328,111,33,78
329,108,33,78
333,109,32,78
335,109,33,77
335,107,33,78
337,109,34,77
339,110,35,76
342,110,35,76
343,108,34,76
345,108,34,76
349,109,34,77
352,108,33,77
354,107,32,77
358,109,33,76
360,108,33,74
362,107,35,76
366,107,31,74
368,106,33,78
373,108,32,75
374,106,32,74
377,105,32,77
381,105,34,77
382,105,33,75
386,105,32,73
387,103,34,75
391,105,31,73
391,100,32,76
394,99,31,75
395,101,33,76
399,99,32,77
399,100,34,72
403,99,31,73
404,97,31,75
404,97,33,73
407,99,32,75
410,97,32,74
410,97,32,73
414,99,31,71
417,99,31,74
418,101,31,71
419,96,33,72
421,98,32,73
423,100,31,71
426,100,30,70
427,98,30,71
429,100,32,72
431,99,33,71
431,99,36,72
432,99,35,72
434,99,33,70
436,99,33,71
435,99,34,71
438,99,35,70
436,98,39,70
437,103,37,67
439,100,38,70
439,98,41,71
439,103,44,68
442,104,42,67
443,106,43,68
445,103,41,71
439,106,49,67
442,108,49,68
452,107,40,65
454,107,37,69
453,108,38,66
452,107,42,67
450,106,43,68
451,108,41,67
448,105,45,69
454,106,38,67
457,105,33,67
453,105,36,67
454,106,34,62
451,106,36,67
452,104,35,66
447,105,38,66
449,102,35,68
449,107,32,63
448,102,35,69
447,101,35,69
444,104,35,68
443,101,36,69
442,105,36,68
443,106,36,66
442,105,37,68
441,104,35,68
443,106,34,66
444,104,34,69
448,107,31,66
443,109,37,61
441,109,36,64
441,110,38,66
438,109,41,68
441,107,39,68
443,109,36,68
439,109,39,69
442,111,35,65
444,112,37,66
441,109,38,67
442,109,39,67
443,111,38,66
445,111,36,65
442,106,37,69
444,109,36,68
444,108,36,68
442,107,41,67
446,110,37,65
444,106,39,66
447,107,37,65
445,108,40,66
444,108,40,64
447,108,39,62
447,107,41,60
447,108,41,52
445,111,44,50
446,111,42,55
446,109,43,60
447,109,43,56
445,109,47,57
447,109,45,55
447,109,46,58
445,108,46,58
445,108,48,53
446,109,46,49
447,110,44,47
446,110,45,47
449,111,42,47
446,111,46,45
446,109,46,47
448,112,43,46
446,110,45,48
445,112,45,48
447,110,43,49
445,110,44,47
445,110,44,47
443,112,45,46
444,110,49,48
444,111,46,49
444,111,46,50
445,112,48,51
446,111,45,52
443,110,49,55
445,111,47,54
444,113,46,55
446,114,46,52
446,113,47,55
446,112,47,57
446,111,46,55
447,113,45,57
447,113,46,53
448,114,45,55
450,112,44,54
448,110,44,59
450,113,42,56
450,113,43,56
450,114,45,56
450,113,47,54
450,112,47,55
452,110,45,57
452,113,44,53
452,111,45,56
454,111,44,55
456,110,43,56
456,110,45,55
455,112,43,58
453,110,45,61
453,110,46,61
455,110,43,61
455,111,44,60
454,110,42,60
451,109,45,66
450,109,43,64
451,110,44,63
451,109,41,62
453,108,41,63
450,108,43,66
452,109,42,66
450,109,42,66
450,110,43,66
449,110,42,68
453,110,40,66
451,110,41,66
451,110,40,69
452,108,39,71
454,107,38,71
452,108,40,71
453,107,42,71
451,109,41,68
453,109,39,69
456,109,39,69
453,107,39,69
454,105,39,71
456,107,39,70
457,109,37,66
460,108,34,67
457,110,38,65
457,107,37,69
461,108,32,62
461,108,35,61
458,108,36,64
461,106,36,65
460,106,36,68
459,106,36,66
460,108,37,62
460,110,34,63
461,106,36,66
462,106,34,67
461,103,34,72
462,104,33,70
462,108,35,65
460,105,38,66
459,109,38,66
463,110,34,64
461,106,36,69
463,113,34,63
461,109,37,65
459,111,40,65
457,111,43,66
461,111,38,66
461,113,37,62
465,116,32,61
465,112,34,64
462,113,38,63
467,114,32,62
466,111,32,65
466,114,33,64
468,113,31,62
469,119,30,57
471,120,27,56
471,121,29,55
470,120,29,54
472,121,30,49
472,117,29,54
469,114,32,56
470,111,32,64
469,112,33,61
470,109,33,64
470,102,33,70
470,103,32,65
472,110,28,60
470,102,30,67
468,100,35,71
469,98,31,73
473,101,29,70
473,105,29,65
472,97,32,67
474,104,32,62
474,108,32,59
473,113,32,52
476,112,31,56
474,113,30,49
473,115,32,49
475,114,29,53
475,112,31,56
474,114,33,48
474,116,30,45
474,117,31,45
476,115,31,49
474,115,29,45
473,114,31,50
473,116,33,48
474,115,31,48
475,116,27,44
475,116,28,45
475,114,28,49
474,117,30,46
473,116,29,47
473,114,28,47
472,116,30,45
474,118,27,43
474,120,27,41
473,119,27,42
472,117,27,44
472,116,28,46
472,115,29,47
472,116,31,47
473,116,30,45
474,117,27,45
474,117,28,43
473,119,30,42
474,117,29,46
474,118,30,45
474,118,30,46
473,119,32,46
473,117,33,48
473,115,32,49
474,116,33,51
474,114,33,52
476,117,31,48
476,116,30,49
474,114,33,52
476,114,33,53
475,116,33,51
475,114,31,51
478,114,29,49
476,115,31,47
475,113,31,49
475,115,31,46
476,115,32,48
474,114,33,53
474,115,32,49
475,116,32,52
476,114,30,53
474,113,33,52
476,113,32,54
476,116,30,50
477,116,30,45
474,116,31,39
475,115,30,43
479,118,28,40
479,115,28,40
480,117,28,39
478,117,29,39
480,117,28,42
480,117,28,43
479,118,27,40
480,119,29,39
482,120,27,36
483,121,27,35
482,117,28,38
484,120,25,37
482,120,27,36
482,118,27,37
481,118,26,38
482,115,26,40
483,117,24,37
481,118,27,38
481,119,26,36
482,117,26,39
482,119,25,35
483,122,24,34
483,120,24,36
483,117,24,37
481,119,25,38
481,121,27,34
483,120,25,34
482,123,25,35
482,119,27,37
481,121,28,37
481,117,30,43
484,117,26,41
482,116,25,43
482,116,25,41
482,117,27,40
481,115,28,46
481,117,34,44
480,117,32,44
482,117,28,44
480,118,28,44
481,121,33,41
483,120,33,40
482,120,32,41
483,119,32,44
481,119,34,45
482,119,30,46
481,117,31,47
482,115,28,50
482,116,32,49
480,118,33,47
481,115,29,49
480,115,29,49
483,116,28,52
477,115,32,50
484,116,27,47
481,114,29,49
480,117,31,48
479,117,29,48
481,115,24,48
480,118,31,50
481,124,28,42
480,125,31,40
480,128,32,37
480,131,29,33
481,134,29,29
480,138,29,25
477,134,32,28
479,131,29,31
478,135,30,27
476,128,31,34
474,127,33,34
475,126,32,35
476,129,33,33
474,133,35,29
477,129,30,34
477,132,32,30
476,134,32,26
476,138,31,23
478,140,30,22
477,137,29,24
477,140,28,23
478,140,28,22
474,138,32,22
476,141,31,21
477,143,29,19
479,143,27,23
475,132,27,27
475,134,31,29
473,128,32,34
475,127,30,36
477,128,29,36
476,133,31,32
476,133,29,30
476,133,29,31
475,132,30,32
475,132,29,34
474,128,32,37
474,122,32,41
475,117,31,45
475,116,31,49
474,116,30,49
475,113,30,52
473,116,30,47
475,116,31,48
476,115,29,52
474,114,30,51
475,116,30,50
474,117,32,46
474,116,33,49
475,116,32,48
476,115,31,47
476,115,29,48
475,116,28,43
477,116,27,44
476,116,30,48
474,116,33,47
475,116,30,45
477,116,28,43
477,116,26,43
478,115,26,45
476,114,30,45
476,117,29,42
478,115,26,45
477,117,27,42
478,120,26,39
478,123,26,36
479,122,25,35
477,120,27,38
479,122,26,35
480,131,23,27
480,132,23,26
480,133,22,23
480,130,25,27
479,133,26,31
480,126,26,31
479,121,27,37
480,122,27,37
480,117,26,40
479,119,28,40
478,119,30,40
479,118,30,43
480,118,30,41
479,118,29,42
479,117,28,41
480,120,30,39
479,119,29,41
478,120,29,39
480,119,29,39
480,118,28,42
480,118,29,42
479,118,28,43
481,115,26,46
482,117,28,44
480,118,27,41
480,117,28,43
481,118,28,41
482,118,27,39
480,119,28,41
481,119,28,40
480,119,27,40
481,116,28,42
483,117,27,43
482,117,27,41
483,118,23,40
482,118,25,39
483,115,25,43
483,115,23,42
480,116,27,42
480,116,26,43
480,117,25,42
479,118,25,42
480,116,24,44
480,122,25,44
482,130,23,38
481,133,24,30
482,136,23,29
482,135,23,28
481,137,22,26
484,140,21,29
483,142,21,32
483,138,20,29
481,138,21,30
482,141,20,33
481,139,21,32
478,142,24,28
478,141,25,30
479,141,24,35
479,140,22,38
478,143,22,37
476,143,26,32
474,140,26,36
470,139,30,39
466,139,36,40
462,131,39,50
454,119,45,61
450,118,48,65
449,118,43,70
444,117,53,75
443,116,58,91
434,116,66,108
438,118,61,107
434,112,70,109
428,111,74,111
429,94,71,116
433,112,69,115
437,111,64,114
435,115,66,113
436,113,66,114
437,111,64,120
438,110,61,120
439,111,59,122
438,111,64,117
431,108,63,129
433,110,60,130
431,107,61,140
428,111,61,135
431,111,54,134
431,103,54,142
424,107,56,133
424,110,52,121
427,108,44,115
417,111,53,111
410,112,47,107
406,104,30,95
396,112,34,88
386,121,35,82
374,125,36,82
359,127,40,89
347,128,38,94
333,133,42,93
315,139,46,93
302,146,47,99
291,153,47,100
278,162,51,104
267,172,51,102
259,181,46,107
253,197,40,107
246,209,44,109
238,223,44,109
234,233,45,113
231,247,43,109
229,256,46,101
230,248,43,112
227,255,46,104
227,265,45,94
227,265,50,93
226,274,46,84
