255,323,185,156
249,318,195,171
252,314,193,180
255,312,186,174
257,312,186,174
253,312,184,173
263,305,184,174
261,303,180,176
264,301,185,179
258,302,180,167
269,300,178,162
269,298,177,165
270,297,180,161
277,294,171,162
275,286,170,170
282,290,171,159
279,287,165,161
282,285,167,156
284,284,171,157
281,282,167,158
289,281,167,158
287,277,162,155
290,274,169,156
285,274,162,156
295,279,163,143
293,273,162,149
294,270,155,143
297,267,158,145
300,267,157,144
301,267,154,139
299,262,157,144
296,263,161,140
297,263,161,135
296,266,161,132
292,256,164,141
293,260,168,131
294,257,168,135
290,255,169,128
288,252,176,127
291,250,175,127
293,247,180,130
291,249,181,122
290,248,187,120
289,248,189,116
292,245,197,118
293,244,188,112
293,243,190,117
296,242,192,115
293,242,192,111
290,239,196,115
287,239,201,118
286,242,196,110
284,238,202,114
282,237,203,114
286,238,202,110
281,240,196,110
285,235,200,117
285,233,195,121
290,237,195,119
284,237,189,117
288,236,193,119
294,237,182,118
292,237,180,113
293,235,185,115
290,234,186,120
285,240,179,115
293,235,178,115
295,240,171,111
292,236,171,113
295,239,168,107
289,241,172,108
297,239,166,106
289,235,166,111
289,236,174,106
288,237,171,106
288,238,172,106
285,239,176,105
288,235,178,108
289,236,175,104
287,234,181,109
287,231,179,112
289,228,182,112
283,236,184,99
287,231,190,106
284,231,188,109
294,230,186,107
286,231,187,106
290,232,186,107
286,229,189,109
300,229,184,104
299,229,184,104
298,227,186,107
296,230,187,102
300,228,190,103
299,227,187,104
306,226,184,105
306,229,184,103
303,228,182,105
308,230,185,101
312,232,175,99
318,232,174,99
312,228,178,105
313,232,173,101
315,231,175,102
319,235,164,96
324,230,169,102
325,232,156,98
329,233,163,94
332,234,155,97
333,234,146,100
341,233,150,97
342,234,136,101
349,234,134,97
344,233,136,95
350,229,137,100
347,231,129,98
351,232,131,92
352,235,125,88
351,235,129,91
347,234,127,94
356,239,123,89
357,238,125,89
348,237,127,93
352,238,127,90
349,235,127,91
355,234,125,92
349,235,129,92
346,237,136,94
346,238,137,92
346,238,135,95
345,235,139,97
344,234,138,100
343,232,144,100
333,234,150,99
339,235,148,97
337,233,149,98
326,236,156,96
325,235,162,99
321,231,167,102
321,228,174,107
315,225,175,108
315,229,179,103
311,229,178,107
317,230,177,106
315,228,172,106
313,230,177,105
313,228,177,107
318,229,174,105
321,228,170,107
324,231,164,105
327,231,170,104
327,234,159,103
334,235,159,99
324,232,163,102
322,232,166,100
325,233,157,104
331,231,159,104
337,228,156,105
336,230,150,103
347,231,141,100
344,232,137,99
348,233,138,95
344,231,133,101
354,231,136,95
352,240,125,85
354,239,128,86
353,236,131,91
354,238,132,90
351,240,138,90
348,237,145,96
346,235,151,97
346,234,154,102
346,233,161,99
344,238,161,97
347,233,161,101
346,233,168,99
345,237,169,95
346,233,171,99
346,236,177,98
351,231,179,103
341,233,179,99
348,233,179,97
352,233,177,101
349,235,187,97
354,235,184,96
354,232,187,101
352,236,186,98
357,234,187,100
354,234,193,104
354,235,195,101
358,236,189,100
360,236,191,104
358,237,192,100
365,235,188,102
364,235,188,98
364,235,194,103
366,235,188,102
368,238,184,101
373,237,182,103
373,238,181,103
373,237,174,103
379,239,182,101
373,238,179,99
379,241,176,96
376,240,173,95
378,239,176,101
370,243,173,98
372,239,180,101
368,241,178,100
371,240,181,99
369,244,183,97
365,240,186,103
362,239,191,106
360,241,190,106
360,240,197,105
357,242,198,105
355,242,191,108
357,240,194,110
353,238,195,113
355,244,193,104
347,238,199,110
349,241,209,107
348,245,199,105
349,242,201,108
348,243,203,110
350,241,200,111
352,241,195,114
349,241,198,114
349,240,193,113
349,240,194,114
351,240,191,114
345,238,198,117
343,238,192,114
353,241,185,112
346,241,185,117
354,244,179,111
344,243,179,116
350,238,189,123
349,239,181,123
347,241,176,125
351,239,171,124
356,244,170,119
352,243,159,120
353,238,160,125
353,238,157,122
354,235,154,128
354,239,150,122
347,240,149,121
348,243,149,116
344,240,150,119
340,235,150,126
335,241,147,120
338,238,148,120
337,238,148,120
333,231,152,126
335,235,158,119
329,228,153,125
335,235,157,112
327,228,160,117
331,226,160,119
328,223,164,120
328,222,169,117
333,222,167,111
333,222,164,109
332,222,169,111
340,224,165,105
333,222,163,109
344,220,160,106
346,219,162,106
346,217,155,109
355,216,150,107
359,212,150,112
359,216,148,107
365,210,143,113
369,210,142,108
381,208,136,108
379,213,129,100
385,210,124,98
383,209,128,94
386,205,123,100
391,206,123,96
385,203,115,96
389,201,126,104
389,200,123,98
390,201,120,96
394,199,122,94
392,200,115,93
392,197,120,96
395,195,116,97
396,195,116,94
397,193,116,96
399,194,113,89
401,193,109,88
403,194,106,84
395,191,112,96
400,189,116,92
403,187,113,95
404,186,111,95
402,186,109,92
406,186,116,91
405,186,110,90
408,184,107,88
409,183,106,86
409,184,108,84
410,180,109,84
410,180,101,84
411,178,109,89
407,179,100,87
413,177,100,85
413,177,100,87
411,177,104,84
416,174,104,86
414,177,100,80
414,173,105,84
413,169,102,90
412,171,101,84
415,170,104,85
418,169,97,83
416,172,97,75
419,170,98,74
421,171,94,73
419,170,92,72
422,167,99,78
419,167,92,74
422,167,96,70
421,165,96,74
420,165,93,73
425,164,88,73
423,161,94,76
421,162,92,72
422,161,94,76
419,161,92,77
419,160,93,72
423,160,90,71
423,157,88,76
422,155,94,82
420,156,95,75
422,157,94,75
424,158,88,69
429,158,93,67
427,158,86,67
431,152,88,72
426,157,90,68
430,153,93,66
427,153,91,69
428,152,92,64
430,151,86,70
430,152,91,67
427,153,88,64
430,148,87,70
429,149,87,67
428,147,85,72
426,146,85,71
432,146,85,68
431,146,86,68
429,146,86,66
429,146,82,65
430,141,85,73
426,142,85,68
428,143,80,65
428,141,86,68
425,143,86,64
431,142,86,61
426,141,83,64
426,141,79,63
427,139,83,65
427,141,80,59
429,138,84,65
426,136,84,68
424,136,86,68
427,137,84,63
426,137,82,60
429,135,78,63
430,134,79,62
428,136,76,59
427,134,80,59
426,133,83,62
426,132,77,62
427,134,76,55
428,132,80,59
424,132,82,62
426,129,82,61
426,130,79,62
423,131,82,59
426,129,81,59
426,129,77,59
423,129,77,57
427,129,77,58
425,125,78,64
423,126,78,61
424,124,79,63
423,126,78,58
426,124,78,60
421,124,76,61
423,123,76,62
424,122,76,62
425,121,77,62
422,121,77,57
427,121,74,58
423,122,71,56
423,120,74,59
424,120,74,58
423,120,74,57
422,118,76,58
425,119,77,55
423,117,73,57
423,116,74,59
422,117,73,54
423,118,70,51
423,117,68,56
423,115,72,59
422,114,74,57
423,114,73,58
423,114,68,58
423,115,73,54
420,114,73,56
425,113,72,53
421,114,71,50
422,113,68,51
424,112,67,51
423,112,68,52
419,112,69,50
422,111,67,54
423,111,65,52
423,111,68,50
420,111,71,51
422,109,69,52
420,110,69,49
419,110,70,49
421,108,68,53
422,107,67,54
421,107,63,52
424,108,64,49
420,107,67,50
422,106,66,51
419,106,65,51
420,106,66,49
421,104,68,52
422,106,63,47
424,104,63,51
420,105,64,49
421,104,64,47
421,103,64,51
422,102,64,52
418,102,65,52
424,102,62,48
420,101,66,50
420,101,66,51
418,101,65,49
421,99,67,52
420,99,62,51
419,99,63,51
420,100,65,48
422,98,59,50
419,98,63,52
419,99,64,48
418,97,66,53
419,98,64,49
420,98,64,47
418,96,62,50
418,96,64,50
419,97,60,48
421,95,61,52
418,96,60,50
421,95,64,50
417,95,59,50
418,93,62,52
418,94,65,48
419,95,58,45
420,96,60,41
420,95,61,44
419,93,61,47
419,94,60,43
420,94,56,45
422,93,60,45
418,94,56,43
420,92,60,44
419,91,61,46
421,91,59,45
420,90,55,48
422,91,58,44
418,92,57,44
419,89,59,48
418,89,57,47
421,89,58,45
420,89,56,45
418,88,57,46
418,87,58,48
420,88,57,45
418,89,58,44
418,87,57,45
419,86,58,48
418,86,55,47
421,86,53,45
418,87,55,45
420,85,54,47
417,85,53,46
420,84,57,47
416,83,57,49
416,85,58,44
413,84,60,45
414,84,60,45
417,83,58,46
413,83,61,46
414,83,61,47
415,83,61,46
416,83,59,45
415,83,61,45
417,82,59,47
416,82,60,47
417,81,61,47
417,82,60,46
418,82,61,46
418,82,59,45
419,81,57,45
420,81,57,45
420,79,58,47
421,80,59,47
420,81,58,43
422,79,59,46
423,79,57,46
423,78,57,47
421,80,59,44
421,79,58,45
425,79,58,44
421,77,58,46
424,76,57,47
426,78,53,43
427,79,55,42
425,77,56,43
425,76,56,44
426,76,54,45
429,77,54,43
429,77,53,43
428,76,55,42
428,75,56,44
429,75,53,44
431,75,54,43
429,75,54,44
431,75,54,42
431,75,54,43
430,73,53,45
430,74,55,43
433,73,54,43
432,73,53,43
432,74,57,43
433,73,53,43
433,72,54,45
432,71,53,45
435,72,53,43
434,72,52,43
434,72,52,43
436,72,53,42
435,72,53,40
436,71,53,42
436,72,54,41
435,71,55,42
438,70,53,42
437,70,54,42
436,69,53,45
439,69,52,43
439,69,54,41
439,70,51,42
440,69,51,42
439,70,52,40
438,69,52,43
441,68,53,42
440,69,52,41
442,69,53,41
440,68,52,43
442,67,52,41
442,68,51,42
442,66,50,43
442,67,51,43
444,67,51,42
442,66,52,42
444,67,52,41
441,66,50,41
441,67,53,41
442,66,52,42
442,66,53,41
441,68,51,38
443,67,52,38
441,67,54,38
442,67,50,39
443,66,52,39
444,66,49,38
442,66,52,38
442,66,49,39
441,67,53,38
440,66,56,39
442,67,52,39
442,67,53,39
439,66,54,41
440,67,55,38
441,66,54,41
440,66,52,41
443,66,50,39
445,67,51,39
446,66,49,41
445,66,49,41
446,66,52,40
444,67,51,38
445,66,52,39
445,66,53,40
446,66,51,39
447,65,51,40
445,66,52,40
445,66,54,39
443,66,54,39
443,66,56,41
443,66,53,41
448,66,50,39
445,67,52,39
444,66,52,39
447,66,52,38
445,66,52,38
446,66,51,39
445,66,53,39
446,65,50,41
445,65,53,38
446,66,52,39
444,65,52,41
445,66,51,39
447,66,52,39
445,66,52,40
447,66,51,37
446,67,52,38
446,66,54,38
445,67,52,38
444,66,52,38
445,66,54,39
448,66,51,40
446,66,53,39
445,67,53,39
443,66,54,40
443,66,54,39
445,65,53,41
446,65,54,40
444,67,53,39
443,66,53,40
446,66,54,40
445,65,54,42
447,66,49,40
446,66,51,39
444,66,53,41
445,66,54,39
445,65,52,42
446,65,52,41
446,66,52,39
445,65,51,41
445,66,51,39
448,66,49,39
449,65,49,39
449,66,48,38
453,66,44,37
454,66,43,38
453,65,44,41
458,65,40,40
456,66,39,41
457,65,38,40
460,67,37,38
461,67,35,37
460,66,35,39
464,68,32,37
460,69,36,37
447,69,47,39
444,70,54,40
443,61,55,51
444,57,55,52
444,62,55,49
444,53,55,57
443,55,57,55
441,50,59,60
439,50,62,57
437,48,67,59
438,43,65,63
439,37,64,68
442,27,63,78
440,20,66,88
438,25,66,81
434,28,70,78
436,28,66,80
436,29,64,81
437,34,65,74
438,33,63,75
437,36,64,73
437,35,65,73
439,36,61,72
439,33,60,73
439,33,60,75
438,31,62,76
439,30,61,75
440,30,60,77
440,28,58,78
439,27,63,80
439,30,61,75
440,29,60,75
439,27,62,78
438,27,63,79
440,24,61,81
439,19,63,86
441,24,58,78
439,24,60,76
437,21,61,82
436,21,63,85
437,22,60,83
439,17,58,87
437,19,61,87
436,20,60,85
435,37,63,69
435,41,63,64
435,45,62,59
437,43,63,61
437,46,63,58
436,46,65,58
435,43,64,61
435,41,66,64
434,32,67,72
436,33,66,73
435,39,68,66
436,35,69,71
438,32,65,72
440,21,63,85
444,20,57,84
446,22,56,81
447,19,55,83
443,19,58,85
443,21,59,84
444,18,59,87
446,24,58,79
444,20,61,83
444,29,61,73
443,25,61,78
444,20,61,83
444,21,60,81
443,37,61,67
443,31,61,71
444,30,59,73
443,36,59,69
442,41,59,63
442,42,62,62
442,42,63,61
442,47,63,58
442,46,63,58
440,41,62,63
441,34,63,70
442,27,61,77
442,21,60,83
443,19,61,85
441,18,64,85
440,21,65,83
441,18,64,86
440,16,64,87
440,20,65,83
440,24,63,80
441,20,63,84
442,19,61,85
441,18,62,86
441,13,63,91
441,10,63,94
439,15,68,91
441,20,66,84
440,19,68,86
441,18,65,86
441,19,67,84
441,18,67,85
443,17,64,85
442,19,65,84
443,21,65,83
442,20,67,84
443,18,65,87
443,17,64,87
442,21,69,84
442,19,69,86
440,18,73,85
442,17,71,84
441,18,69,83
439,19,74,83
436,16,82,88
436,17,81,85
436,14,83,87
436,13,84,91
436,12,80,91
436,12,77,93
438,22,71,83
438,22,70,83
438,25,68,80
438,27,70,79
437,25,69,78
438,22,68,84
434,16,73,89
434,13,74,91
435,18,72,88
435,20,74,83
435,23,71,83
433,21,73,83
435,20,71,86
435,27,74,76
437,25,69,79
438,23,68,81
438,21,67,83
438,19,68,85
438,22,67,82
438,18,68,85
438,22,70,82
439,21,67,83
438,25,70,80
437,24,69,80
440,23,67,82
439,24,70,81
439,24,69,79
440,24,68,81
440,24,69,81
441,20,68,85
441,23,67,83
439,24,70,80
441,26,70,77
441,24,68,82
442,22,68,82
442,30,69,75
443,26,68,77
444,24,68,81
444,27,68,78
444,28,69,75
444,27,70,78
444,28,71,75
445,35,70,68
445,33,69,70
446,25,69,77
448,23,68,81
447,28,70,76
446,27,71,78
447,30,72,75
446,30,73,75
447,22,72,82
448,23,71,81
448,23,74,82
448,26,75,79
448,30,75,74
449,35,74,68
447,41,77,62
447,42,80,61
447,45,81,58
446,42,81,61
444,45,83,59
444,45,82,59
443,46,83,58
443,47,84,57
442,44,86,61
443,46,87,58
444,45,85,60
444,47,85,58
445,49,86,54
443,49,86,56
443,48,87,55
443,50,89,54
445,47,86,57
443,49,86,57
444,50,86,53
443,49,90,55
445,49,87,54
445,48,84,56
446,50,81,53
447,48,81,55
446,51,81,52
448,46,81,58
448,46,82,57
449,46,79,58
449,45,76,59
451,48,73,54
452,47,73,56
452,45,73,59
452,49,74,54
452,49,73,53
453,50,74,52
452,51,71,48
450,53,74,47
450,58,74,43
448,60,75,40
447,62,74,40
448,61,68,40
447,61,67,40
448,62,68,38
445,63,70,39
446,64,66,38
445,58,72,43
446,56,75,46
445,57,78,45
444,55,70,47
444,49,79,52
444,52,75,50
445,47,72,54
444,51,74,50
443,52,74,48
443,49,74,52
442,53,74,49
443,50,73,50
442,53,72,48
441,56,71,44
440,65,68,34
440,64,69,37
440,63,69,37
440,55,69,45
440,49,70,50
443,40,65,59
442,40,66,60
439,42,66,59
441,42,62,58
440,43,63,57
441,38,62,61
441,38,61,61
440,42,61,57
439,43,61,57
441,45,57,56
440,41,60,59
439,41,59,59
438,43,60,58
439,46,57,55
438,42,58,58
437,37,59,65
439,33,58,69
439,33,57,72
437,28,59,75
438,39,56,64
437,36,60,67
434,40,61,64
437,42,61,65
436,46,57,58
437,41,58,66
438,43,56,62
437,47,57,59
435,44,59,62
439,49,54,57
438,51,55,56
440,53,53,51
436,50,62,58
437,50,57,57
438,44,57,64
438,46,59,63
439,43,59,65
440,51,58,60
438,46,59,64
438,53,62,57
434,45,65,65
434,40,65,72
434,40,66,71
434,26,67,84
431,40,73,72
432,32,71,79
430,23,74,89
442,42,63,72
444,32,59,82
439,44,66,72
437,37,70,77
431,25,76,89
440,37,68,79
443,32,65,85
440,25,68,91
442,37,68,80
443,25,66,93
449,41,63,78
443,34,69,84
445,27,69,89
447,43,67,77
445,29,70,89
447,24,68,98
452,25,63,96
448,25,66,95
452,23,64,97
449,39,69,79
450,26,67,94
450,38,69,81
450,34,71,85
452,28,67,95
450,24,70,95
449,39,71,80
453,27,67,94
451,23,68,96
452,33,70,85
457,29,65,91
454,24,70,95
454,33,70,86
456,28,68,91
457,26,69,94
458,24,70,94
458,27,70,94
460,25,71,94
459,27,74,93
459,26,75,94
461,29,74,91
461,25,72,96
461,25,75,95
462,26,75,96
462,26,73,98
461,30,83,95
461,29,77,97
461,25,79,102
461,27,80,100
460,29,83,99
460,29,81,101
460,27,82,102
460,28,83,106
458,24,84,107
459,33,86,99
457,34,87,97
458,30,84,103
456,30,86,104
454,37,91,96
454,34,88,100
454,36,87,98
455,28,89,105
455,28,88,107
452,30,92,106
450,31,93,103
448,34,93,102
452,30,90,106
442,38,99,98
449,31,88,106
445,34,93,103
441,36,98,101
441,36,97,102
440,38,91,105
438,30,97,108
442,24,87,118
439,24,90,117
439,15,85,130
438,21,89,121
436,24,90,118
433,27,90,118
431,35,91,112
433,32,87,112
431,36,90,108
431,32,89,113
428,44,97,100
431,36,90,104
431,29,86,114
430,35,86,109
430,31,84,113
428,38,84,108
426,39,85,104
423,33,87,112
423,32,87,115
424,40,87,108
423,41,85,103
422,49,86,94
421,63,86,81
420,72,81,75
419,72,81,71
418,70,81,74
418,67,80,77
417,67,80,78
418,72,74,72
416,70,82,77
416,71,78,76
416,70,76,76
416,68,72,81
415,72,74,78
413,71,81,76
413,72,76,76
414,67,75,82
414,72,73,77
413,73,73,77
412,73,75,76
412,72,76,81
413,74,76,79
414,71,74,83
411,76,78,78
412,77,77,77
413,78,76,77
412,78,78,77
408,81,83,77
411,75,80,79
414,79,77,77
415,79,78,78
412,80,80,78
412,78,82,79
417,86,76,72
413,84,82,75
413,75,82,83
413,79,82,83
416,79,79,81
417,81,78,81
416,75,81,87
411,72,85,91
415,77,82,88
418,79,80,86
415,77,83,88
418,78,81,86
416,77,82,90
419,74,80,90
417,74,83,95
420,80,79,88
419,81,81,86
421,85,80,83
417,83,85,85
420,83,83,87
422,86,80,84
418,85,84,85
420,85,85,85
419,85,85,88
419,89,88,81
421,94,84,78
419,84,92,90
421,94,83,79
421,98,83,77
421,102,82,72
422,113,81,61
421,119,77,55
422,123,79,52
420,125,81,50
420,125,79,52
421,127,78,48
421,126,78,51
421,129,77,47
422,130,77,46
421,121,78,60
420,128,81,51
421,129,77,49
420,130,79,48
419,131,80,49
420,132,79,49
421,133,78,49
419,131,80,52
418,133,81,51
420,131,80,55
420,130,79,56
419,131,82,56
420,127,80,63
418,131,86,58
420,135,81,55
419,133,82,56
419,135,83,57
421,137,82,55
417,137,84,56
419,134,83,60
420,138,84,57
420,134,84,63
419,134,87,63
419,134,86,65
419,137,86,61
424,138,84,61
422,146,85,51
420,147,85,53
420,143,87,59
422,143,85,58
419,144,89,58
419,147,88,56
420,138,87,66
422,142,90,64
421,149,87,58
423,146,85,60
421,148,88,59
422,145,88,63
420,152,84,54
424,154,87,52
421,156,90,49
421,156,89,50
421,155,89,53
424,156,88,53
424,160,87,49
420,159,89,51
421,158,91,56
420,159,90,54
421,157,93,58
422,156,90,62
419,156,96,62
418,157,93,63
424,157,93,63
419,158,94,63
417,161,94,59
419,164,93,58
417,164,98,58
415,163,100,60
416,167,96,55
417,163,96,61
416,161,96,67
418,163,99,66
413,166,100,63
418,167,96,63
414,169,99,63
413,170,102,60
412,171,99,62
413,171,100,61
410,174,102,58
411,175,102,59
408,176,103,59
408,177,102,57
407,178,107,59
406,177,107,62
406,181,105,57
406,180,103,61
404,180,107,62
406,181,105,60
405,181,104,62
403,185,106,60
402,185,111,62
403,186,105,60
402,185,107,63
399,188,107,61
399,187,108,64
398,188,110,64
393,191,113,61
396,190,113,61
396,191,110,65
392,194,113,63
394,193,111,64
392,195,112,62
392,196,112,64
392,197,110,64
392,195,111,69
391,194,112,71
393,197,113,69
391,200,110,66
389,200,114,68
388,198,112,74
392,200,111,72
390,200,111,76
390,204,112,71
390,204,114,73
385,204,117,74
386,208,110,71
389,207,113,71
392,207,109,75
389,207,110,78
388,208,113,77
391,211,116,77
386,214,114,77
387,213,119,75
385,213,116,78
390,214,121,80
384,219,116,73
387,218,120,78
386,218,122,80
387,222,118,75
388,221,117,79
390,227,115,74
386,229,119,72
385,224,120,81
386,223,121,86
387,226,118,83
386,228,126,84
383,234,119,75
382,231,126,80
382,235,126,77
381,240,118,73
381,237,125,79
381,236,127,84
380,240,131,80
378,238,129,85
378,237,127,90
379,243,135,83
381,249,124,76
376,242,133,86
374,241,130,90
376,251,134,82
373,254,131,80
377,254,132,79
376,253,129,86
374,255,135,83
371,261,131,83
372,258,135,86
370,260,133,89
370,260,137,88
370,261,136,93
365,268,140,86
362,269,142,86
362,270,146,89
358,273,144,88
361,272,147,93
358,277,147,86
353,279,146,89
352,281,148,86
355,282,150,90
345,283,157,90
345,286,161,87
344,289,159,87
344,289,162,89
339,290,159,91
341,290,166,92
338,294,173,93
336,293,170,96
334,293,169,97
331,300,165,94
328,298,177,99
332,296,173,102
328,307,166,96
324,299,172,106
323,305,178,103
318,306,181,101
316,309,182,102
314,303,183,111
316,316,183,102
311,317,180,103
307,318,179,106
307,318,186,106
304,320,185,107
303,320,184,110
303,327,183,104
303,320,179,114
298,320,185,120
298,329,181,110
298,330,178,111
299,331,187,109
296,330,179,112
298,332,177,112
297,329,175,115
296,334,178,112
298,330,176,116
298,331,176,118
294,338,181,109
301,326,178,122
291,326,186,125
299,328,185,120
299,323,188,128
296,332,180,115
297,327,181,121
301,328,169,120
298,325,177,125
296,331,181,118
296,326,180,126
299,335,181,113
299,325,178,126
292,323,184,128
300,330,170,118
297,325,180,124
299,330,179,116
297,331,185,118
295,333,178,118
298,319,174,134
298,324,173,129
297,324,177,127
299,320,177,132
292,328,174,124
300,333,174,116
298,341,173,108
299,339,173,113
297,341,169,111
304,341,162,111
298,333,168,122
295,339,176,117
303,341,168,112
296,337,168,116
299,327,170,129
303,326,164,132
298,336,166,121
293,348,170,107
302,338,172,117
297,343,167,115
301,338,173,119
298,335,168,123
302,339,175,118
297,343,170,118
299,335,172,126
295,341,173,117
298,338,175,123
297,342,171,121
305,347,170,112
300,339,175,121
296,339,179,124
292,342,183,121
285,345,189,122
282,339,195,127
285,338,188,130
289,344,186,121
280,345,195,123
281,346,199,118
276,343,205,125
270,344,209,123
267,336,213,135
258,335,219,139
260,336,228,132
250,337,225,136
254,340,230,133
251,338,227,134
250,334,236,139
240,331,240,144
238,335,247,136
231,334,249,138
234,333,250,144
239,332,243,140
232,330,255,145
228,329,242,148
215,336,249,133
230,335,248,143
230,340,232,129
229,333,250,139
210,340,250,133
203,342,266,131
201,344,265,128
207,340,256,139
205,344,242,136
201,340,257,135
199,346,247,137
215,344,232,138
210,348,233,137
202,336,235,152
192,332,251,156
201,330,246,158
211,340,239,145
217,343,230,143
209,337,243,156
221,338,238,155
220,340,240,154
222,336,243,156
244,335,220,151
231,338,235,147
241,336,223,149
262,335,206,150
265,337,205,150
278,343,195,138
294,346,179,140
303,345,168,139
260,348,210,148
260,341,216,145
286,350,193,134
287,350,189,132
307,348,170,137
312,350,161,130
317,350,161,132
330,353,147,125
334,357,141,124
349,356,129,122
356,354,117,122
372,360,100,115
394,356,80,113
273,389,99,123
264,373,119,118
274,384,116,130
275,368,126,139
285,357,131,170
285,349,169,182
267,344,209,179
250,346,242,182
247,286,257,205
246,273,275,244
231,228,294,262
242,197,290,305
234,207,303,289
235,193,320,314
248,205,317,309
260,197,307,315
267,194,305,322
275,200,300,300
276,209,319,298
280,200,314,314
276,178,315,342
288,184,307,332
288,189,311,328
288,184,315,331
295,185,318,329
291,169,318,347
303,180,313,339
308,180,301,332
325,193,292,326
316,197,305,323
318,208,304,293
316,204,308,300
301,220,322,283
325,191,302,318
325,209,301,295
303,167,323,351
330,146,297,357
326,195,299,326
306,190,323,320
324,194,298,317
315,195,309,323
332,166,287,347
311,213,314,293
294,196,331,313
307,200,309,313
306,173,311,336
315,177,299,340
300,182,308,334
295,178,312,336
300,161,313,347
295,161,314,344
301,163,299,343
297,162,310,343
299,146,305,368
296,164,291,342
298,158,294,357
288,164,297,345
288,160,302,353
292,163,290,352
286,171,301,332
286,189,295,318
281,190,300,319
279,196,308,309
272,195,315,315
281,199,296,319
269,202,309,305
270,195,307,306
277,181,297,325
266,197,312,310
259,180,318,329
267,190,309,322
264,197,312,321
260,172,309,348
262,185,307,332
260,194,313,326
259,191,307,324
262,196,308,323
258,204,308,298
254,188,319,319
258,191,318,321
255,202,323,313
268,203,300,319
263,208,314,313
267,204,309,311
270,196,317,310
266,208,319,304
279,205,316,311
272,194,325,331
274,196,326,320
283,197,311,328
274,214,324,304
281,229,330,299
280,219,322,288
274,210,334,313
277,216,333,313
271,219,337,306
282,176,295,349
281,147,315,387
273,162,333,367
265,193,341,338
279,165,337,363
265,172,339,352
265,166,349,361
270,164,324,361
264,181,325,350
262,162,309,363
258,152,321,364
248,181,318,354
276,163,287,346
294,193,252,339
306,186,244,346
277,198,279,346
299,180,253,346
302,193,247,338
245,252,312,281
263,206,312,314
265,204,289,333
284,209,273,333
266,212,281,345
240,198,315,316
245,212,305,315
222,209,335,322
242,208,316,316
226,225,333,301
229,229,329,301
221,230,330,300
229,233,321,297
218,241,330,283
213,236,332,289
197,249,350,279
197,248,345,286
157,256,286,279
186,211,293,248
135,237,282,229
171,252,216,220
190,273,185,199
173,278,193,175
172,286,185,154
176,292,184,157
156,298,199,164
144,304,199,171
138,312,203,179
127,319,199,177
118,328,203,174
97,337,220,166
80,349,230,166
65,356,229,161
41,366,247,157
31,375,252,157
22,389,254,142
16,389,254,143
7,398,262,136
13,392,254,142
7,398,255,132
9,401,252,134
6,404,249,124
7,402,247,131
9,401,241,126
7,405,242,115
9,404,239,127
9,403,230,130
9,404,235,127
4,403,234,125
4,405,236,128
5,406,232,130
4,411,229,124
3,407,232,123
5,408,226,125
6,409,222,119
8,409,226,123
6,410,224,123
6,421,227,106
3,429,233,100
3,449,236,87
2,468,235,67
18,490,221,52
18,490,221,52
18,490,221,52
18,490,221,52
18,490,221,52
18,490,221,52
18,490,221,52
18,490,221,52
18,490,221,52
18,490,221,52
18,490,221,52
18,490,221,52
18,490,221,52
18,490,221,52
18,490,221,52
18,490,221,52
18,490,221,52
18,490,221,52
18,490,221,52
18,490,221,52
18,490,221,52
18,490,221,52
18,490,221,52
18,490,221,52
18,490,221,52
18,490,221,52
18,490,221,52
18,490,221,52
18,490,221,52
18,490,221,52
18,490,221,52
18,490,221,52
18,490,221,52
18,490,221,52
18,490,221,52
-34,452,217,66
-34,452,217,66
-34,452,217,66
221,384,219,77
77,263,200,105
33,209,191,130
0,127,146,150
1,96,106,135
2,85,97,117
2,104,90,95
4,157,92,76
1,223,73,79
1,223,73,79
1,223,73,79
1,223,73,79
1,223,73,79
1,223,73,79
1,223,73,79
1,223,73,79
1,223,73,79
1,223,73,79
1,223,73,79
1,223,73,79
1,223,73,79
1,223,73,79
1,223,73,79
1,223,73,79
1,223,73,79
1,223,73,79
1,223,73,79
1,223,73,79
1,223,73,79
1,223,73,79
1,223,73,79
1,223,73,79
1,223,73,79
1,223,73,79
1,223,73,79
1,223,73,79
1,223,73,79
1,223,73,79
1,223,73,79
1,223,73,79
