318,235,91,65
327,231,88,65
332,230,86,63
340,231,86,65
344,228,91,68
341,230,97,67
334,232,99,70
338,234,96,73
340,233,96,75
341,233,98,74
343,227,98,76
345,228,97,73
343,230,98,71
346,230,92,66
348,229,92,66
349,228,90,62
351,226,91,68
353,227,91,66
357,229,88,60
355,224,93,66
364,227,88,64
366,228,90,63
372,229,90,63
377,230,85,61
378,231,86,61
380,232,87,64
381,228,91,71
381,228,97,73
379,229,98,76
376,230,101,73
380,230,92,72
374,230,93,66
377,230,85,66
372,228,90,67
366,228,94,70
359,229,97,70
364,228,95,78
357,235,96,77
355,236,100,79
358,241,97,76
362,244,94,74
359,242,95,77
358,242,96,80
364,244,91,78
362,241,89,81
365,240,89,79
361,241,92,77
367,245,89,75
364,247,95,73
373,250,82,72
377,254,72,66
378,258,61,64
389,262,57,68
400,266,62,73
405,270,59,72
411,272,62,71
410,275,62,69
418,276,56,68
423,278,53,67
428,275,49,66
433,272,47,76
431,269,48,66
433,268,47,64
438,270,45,63
441,273,43,65
445,273,42,65
449,276,39,65
454,282,38,64
458,284,34,64
465,290,33,66
413,288,48,75
407,293,63,63
401,295,74,58
395,296,85,61
394,299,85,59
397,300,84,60
397,301,87,59
403,300,84,63
407,302,80,63
411,303,74,60
410,304,76,60
393,301,96,66
388,306,102,60
393,306,99,60
383,306,107,58
384,310,103,59
385,308,94,65
386,308,95,65
388,311,88,62
390,310,83,64
397,309,81,69
404,309,85,68
414,308,99,78
411,310,110,76
400,313,112,78
395,319,110,75
390,322,106,73
390,327,99,68
386,330,100,63
388,335,89,62
389,334,81,66
387,335,86,64
386,334,87,63
390,333,86,67
389,330,89,62
393,329,88,64
395,329,88,63
399,326,82,61
402,322,83,60
403,320,86,59
406,317,87,59
409,317,84,59
410,316,84,60
411,316,85,59
411,315,87,58
413,311,83,61
417,309,80,58
417,308,83,56
418,304,81,57
424,302,79,55
425,297,79,58
426,292,78,59
425,289,80,57
425,285,80,57
424,283,80,57
422,279,78,58
420,275,80,55
416,270,81,58
416,269,79,57
416,269,79,59
419,266,77,59
419,270,78,54
420,275,73,48
419,267,77,56
418,265,74,53
418,261,74,57
415,263,78,53
415,254,77,61
415,254,77,61
414,254,76,59
415,250,76,62
412,248,79,64
418,248,75,62
416,244,73,64
413,246,79,60
415,246,76,59
414,243,76,61
411,244,79,60
412,245,72,56
413,245,74,54
417,246,72,47
415,250,75,39
419,252,78,43
422,257,76,40
424,257,74,38
428,256,75,43
429,260,73,40
430,246,77,52
429,240,75,60
431,236,75,56
431,237,76,61
433,236,75,64
432,238,73,63
433,237,72,61
433,237,71,55
428,235,74,56
426,237,74,57
425,239,77,58
425,241,78,54
422,241,79,57
420,243,78,58
420,244,79,60
423,245,78,58
423,245,78,58
423,247,79,58
423,244,78,62
426,243,76,63
425,243,76,65
423,242,78,64
427,242,76,66
426,244,77,63
426,249,77,60
423,248,77,58
422,247,76,53
426,252,74,47
426,256,74,41
430,260,72,39
431,260,72,40
434,262,70,42
431,263,71,40
430,263,71,41
431,267,72,37
428,266,73,38
425,268,73,42
428,270,71,44
425,266,76,50
427,266,75,53
430,268,74,54
429,266,73,59
428,270,76,59
428,273,81,60
426,274,81,63
429,279,80,64
429,278,75,65
428,280,80,64
433,281,79,68
436,283,80,70
438,287,80,65
444,290,76,60
443,292,82,64
455,296,73,62
453,300,78,63
451,303,85,63
454,303,86,64
454,306,86,65
457,307,88,63
458,307,88,72
459,306,90,74
461,308,91,73
466,313,86,69
467,314,84,70
467,314,84,74
465,317,87,74
466,319,84,76
465,323,86,73
461,325,88,72
464,328,84,71
463,333,86,68
457,338,92,65
457,339,92,65
451,340,96,65
452,339,95,67
450,339,92,69
446,340,94,67
445,336,95,69
445,339,91,64
439,335,98,68
439,337,96,65
438,335,93,66
437,333,93,64
435,333,90,63
432,328,93,70
435,327,90,66
431,328,85,68
429,327,85,65
429,325,87,65
430,324,87,64
426,320,88,67
427,321,85,65
424,320,88,71
419,320,92,72
415,319,96,78
416,319,86,80
411,317,92,84
407,314,97,83
407,314,89,83
405,313,98,82
401,313,89,87
401,310,90,88
402,313,86,87
402,313,84,88
399,316,86,90
400,320,86,86
405,331,80,73
405,329,78,76
406,332,77,72
407,330,75,74
407,334,79,72
408,331,78,74
409,328,75,76
412,328,77,76
414,335,71,68
419,337,68,65
419,334,72,64
423,338,68,61
425,336,68,60
428,334,69,61
427,331,72,61
461,307,70,76
449,307,81,83
427,308,101,85
429,308,103,88
429,310,106,88
429,309,105,87
429,305,107,90
427,304,115,92
428,304,115,91
424,305,115,88
422,304,122,87
421,306,119,88
419,305,114,84
419,307,103,85
416,308,91,84
414,312,91,82
406,320,98,73
404,319,97,72
401,319,94,72
398,321,92,70
393,319,89,67
391,320,85,69
382,318,88,71
376,320,86,74
371,321,84,73
363,323,85,75
355,319,88,77
356,319,82,77
349,316,85,79
339,317,88,76
337,312,86,81
329,313,90,78
326,310,90,80
328,311,86,80
321,311,90,79
322,309,88,81
321,306,82,85
316,305,83,84
312,309,83,79
309,304,81,82
304,307,86,80
302,301,88,85
295,296,93,89
298,298,88,91
287,296,97,93
297,297,90,94
299,294,87,97
293,296,92,96
293,291,95,99
298,292,92,98
299,292,94,97
303,295,93,97
300,299,100,91
303,304,99,86
310,305,97,84
313,307,96,81
323,309,87,76
325,310,86,75
332,317,83,67
333,320,83,63
318,317,105,67
312,322,118,60
317,316,116,58
329,327,108,47
336,316,101,54
343,312,100,66
341,307,106,75
339,305,113,77
348,303,109,81
352,304,109,84
359,300,106,90
363,301,105,93
370,301,104,99
372,301,106,91
377,300,104,90
378,302,106,91
381,302,103,92
385,303,104,92
379,306,109,92
388,305,104,95
394,310,96,92
401,316,85,89
405,316,83,94
404,320,86,94
405,329,84,95
400,329,95,101
397,331,93,101
396,337,95,103
392,342,101,102
394,349,113,96
390,355,131,93
382,357,141,92
381,363,155,87
374,359,163,85
378,358,152,88
371,352,172,91
370,355,170,86
365,357,184,78
359,357,189,80
373,354,173,82
352,362,180,71
359,350,190,85
345,351,198,82
334,347,214,83
338,347,206,87
326,343,216,89
320,338,224,92
303,336,243,96
290,339,253,92
290,353,262,75
284,352,269,71
282,349,272,81
268,345,282,87
284,341,259,113
289,344,251,99
289,348,240,111
295,356,232,87
292,355,224,86
293,361,231,87
298,361,213,100
300,362,191,105
302,362,190,107
303,363,195,107
298,367,203,101
300,370,200,101
297,366,196,99
293,364,182,100
293,366,196,97
298,362,187,97
290,359,187,103
274,357,200,93
258,362,208,91
259,362,203,81
267,362,185,69
259,365,186,59
261,366,174,57
254,362,156,58
248,351,146,67
247,346,135,71
250,342,121,73
236,336,131,83
234,330,137,85
237,323,123,86
238,315,129,100
242,309,122,96
237,306,131,92
241,302,136,98
250,296,127,101
257,297,123,92
258,292,126,93
257,292,137,92
261,290,133,92
262,284,129,92
263,279,130,99
268,270,128,100
268,272,126,96
276,266,120,100
279,262,122,106
299,257,108,108
298,255,125,113
309,250,128,122
329,259,126,116
347,259,128,113
360,256,131,118
384,260,129,112
405,250,109,117
427,257,101,112
447,268,96,97
453,259,95,105
461,268,98,98
460,270,108,102
459,268,119,104
459,271,123,109
462,269,128,111
452,268,136,111
448,256,141,124
443,261,150,121
443,258,152,120
440,261,151,116
435,253,154,124
437,258,153,118
431,264,156,111
430,260,154,118
428,273,150,106
428,266,153,110
425,265,165,110
421,262,167,115
417,264,171,108
411,264,175,101
415,263,160,99
411,266,179,101
409,251,178,116
403,253,187,115
407,241,183,119
407,241,155,114
411,244,134,113
412,245,125,108
411,250,133,105
414,258,133,102
417,262,130,103
421,270,119,91
421,277,113,81
425,283,113,80
430,283,98,76
432,284,101,74
435,283,107,74
440,286,97,73
441,284,98,74
446,283,94,73
447,281,90,75
448,280,93,76
453,281,93,76
456,282,89,75
456,284,98,72
457,287,98,74
460,292,106,77
461,297,108,82
458,299,118,79
465,295,114,86
468,291,113,85
466,286,117,94
469,283,112,96
467,283,120,96
463,285,120,94
468,287,111,93
465,284,114,98
465,287,114,94
471,285,105,100
470,288,102,102
476,292,102,102
485,308,94,88
485,310,88,85
487,319,79,79
482,322,88,80
476,326,92,76
474,325,102,84
469,324,105,83
466,325,98,84
458,325,99,84
453,323,105,84
449,321,115,84
437,302,123,105
434,291,122,119
427,288,124,119
422,291,126,119
419,289,131,123
411,294,138,116
412,290,139,124
409,290,137,136
415,294,131,125
409,298,144,122
408,298,139,125
404,298,141,123
412,297,128,125
405,299,140,123
408,299,136,120
404,301,144,128
400,301,130,132
398,303,135,123
397,302,127,120
397,308,135,119
402,308,147,113
403,314,151,108
402,314,150,105
400,320,158,104
411,322,128,96
416,325,123,90
416,327,126,86
418,331,124,89
422,333,125,86
436,336,104,80
438,341,106,76
436,341,98,62
438,344,101,61
438,345,100,56
439,352,101,55
440,359,99,58
434,354,102,63
434,352,103,63
431,350,106,68
431,347,100,65
429,347,102,64
422,340,104,69
412,350,106,60
408,336,118,71
405,334,125,75
392,333,149,78
395,329,138,85
394,328,138,86
382,321,148,93
380,322,143,95
377,322,144,96
372,315,142,100
377,309,132,103
383,305,126,106
383,303,132,111
384,299,119,114
396,303,105,115
406,302,99,115
417,301,94,114
415,303,99,110
412,309,111,99
413,310,112,100
415,316,112,100
412,324,114,92
411,322,115,95
427,321,101,96
428,319,101,95
429,320,97,100
430,325,93,94
430,325,93,94
430,325,93,94
430,325,93,94
441,326,91,100
442,322,93,90
444,322,98,92
459,313,83,93
456,308,88,93
454,306,96,81
455,308,96,60
455,308,96,60
455,308,96,60
464,297,84,72
469,293,72,77
475,287,67,71
473,283,63,77
462,280,71,87
459,277,74,89
452,278,82,77
450,275,85,86
454,273,79,87
452,277,88,95
456,279,85,84
456,280,88,86
443,283,96,87
452,283,88,77
459,291,87,64
461,295,85,62
469,301,83,62
471,304,86,62
479,308,86,63
480,310,89,65
485,312,88,66
494,314,85,65
498,318,90,65
500,323,95,67
504,326,98,69
506,330,96,72
510,330,103,72
516,330,101,73
517,333,100,67
516,333,99,70
514,332,106,66
515,332,101,68
512,330,105,71
508,327,106,68
512,326,98,64
509,322,98,67
504,323,95,63
503,323,87,58
499,321,85,56
499,322,92,52
496,322,98,49
497,321,96,51
498,322,97,48
496,324,98,48
496,323,102,49
496,325,101,48
496,325,102,62
498,324,102,78
500,328,98,75
501,326,97,77
501,324,96,77
500,325,99,75
499,324,101,74
494,329,102,69
499,332,94,63
503,337,92,50
504,339,90,49
499,338,95,50
502,337,89,50
504,336,85,51
498,335,91,49
495,336,89,48
492,336,91,47
491,337,91,48
490,338,89,44
489,336,90,46
489,334,87,44
487,334,88,42
485,331,89,41
481,329,86,40
481,325,86,40
482,322,81,38
480,322,81,39
477,320,80,39
471,319,82,41
474,318,81,42
475,316,79,40
472,315,81,38
472,316,78,39
470,316,81,37
471,315,80,36
470,316,84,36
475,320,93,47
477,320,103,61
479,321,96,70
483,321,94,74
480,322,98,77
478,326,95,89
478,324,94,68
474,322,95,71
473,323,95,76
469,325,96,80
463,327,102,88
463,332,101,80
467,334,96,72
466,334,97,69
465,336,101,72
462,334,102,70
463,335,99,69
468,333,92,71
469,334,87,76
469,335,95,72
471,336,93,79
469,338,98,79
467,336,102,82
466,334,97,90
468,332,95,90
469,325,101,98
466,323,108,106
467,318,106,103
479,314,89,97
485,311,76,86
482,311,78,93
487,311,70,96
486,306,74,90
482,303,80,89
476,301,84,88
467,299,91,83
463,296,93,88
460,295,93,84
459,295,96,77
459,293,95,80
458,289,99,76
457,289,99,71
449,285,108,76
445,284,106,76
445,277,107,78
440,276,107,74
438,277,105,67
437,275,99,62
435,270,95,62
434,274,94,60
433,271,94,65
419,262,103,74
419,259,101,77
413,259,105,75
412,259,108,79
412,257,110,78
412,257,110,83
409,255,118,82
408,257,121,77
407,260,123,76
398,266,129,67
409,272,127,64
413,278,102,60
434,278,85,64
436,280,88,62
436,281,90,64
440,281,84,61
447,282,78,58
443,281,81,60
445,280,78,60
449,280,77,60
444,278,82,61
440,280,91,61
430,282,104,53
433,282,98,57
429,278,96,62
427,279,80,57
437,279,75,59
435,278,80,59
440,278,78,62
438,277,82,49
449,278,85,40
461,275,81,41
470,280,76,42
478,281,75,42
479,282,78,42
447,292,79,55
482,284,79,60
458,284,98,63
451,285,111,66
437,287,125,66
447,286,112,65
448,291,100,59
450,290,109,55
448,292,99,54
454,293,81,53
459,292,67,49
461,291,75,48
463,291,75,47
462,285,75,55
465,284,75,53
468,283,73,50
471,280,74,51
470,277,75,49
473,277,73,44
475,276,71,44
477,274,67,41
479,277,66,35
476,276,68,29
480,279,64,37
478,285,67,45
481,285,65,42
485,284,64,42
480,283,65,34
494,285,52,37
494,286,50,29
496,287,49,27
513,289,50,30
511,289,55,36
507,286,64,36
507,281,68,34
511,274,68,35
512,271,70,35
508,266,75,36
505,268,78,42
507,272,76,56
501,267,79,56
501,269,75,50
505,271,73,47
508,279,66,42
510,281,62,41
510,281,65,41
518,279,62,43
525,276,62,43
529,279,65,42
537,279,62,41
543,277,61,42
549,276,59,42
560,272,55,43
565,266,57,47
569,264,59,46
576,261,59,43
585,259,58,43
591,255,58,45
594,252,56,42
597,249,57,43
601,247,55,41
607,245,55,42
606,242,57,42
608,240,56,42
604,237,57,39
603,236,58,42
602,237,56,42
600,238,59,47
596,238,56,45
590,239,56,41
588,241,51,38
585,243,51,36
580,244,49,36
574,243,52,37
573,243,47,35
573,244,48,37
575,248,47,35
574,249,47,34
575,251,49,34
580,250,46,35
581,251,47,37
585,252,46,35
588,251,47,33
592,251,45,35
596,254,47,34
600,253,44,33
603,255,45,33
606,255,45,34
607,254,44,34
606,254,47,34
604,254,44,32
603,253,44,33
598,253,44,34
594,254,45,35
590,257,47,34
585,260,45,33
579,261,43,35
576,264,41,33
570,268,41,32
566,268,43,32
564,270,43,33
562,269,41,34
559,268,42,35
558,267,42,35
556,267,43,33
555,265,44,33
554,265,43,34
553,263,43,32
554,261,42,31
553,261,42,32
552,260,45,35
552,261,45,36
552,259,46,36
551,257,51,39
551,256,50,37
552,255,49,38
550,253,51,39
549,253,51,38
548,253,52,38
542,253,48,36
541,253,44,35
539,254,41,37
537,251,42,38
535,253,40,38
533,251,41,43
533,253,32,40
536,251,29,40
535,250,28,37
533,250,29,34
535,247,28,31
535,246,32,32
535,249,31,32
533,246,29,31
535,247,31,31
537,247,28,30
538,248,29,30
540,247,25,32
539,248,26,32
541,249,27,33
541,247,29,35
542,249,29,35
542,249,28,35
543,251,30,33
545,251,29,35
546,253,28,32
546,253,28,34
549,253,23,33
549,252,24,33
548,252,25,33
547,252,27,31
546,252,29,28
547,252,28,29
546,252,30,29
548,252,29,29
549,254,29,26
551,254,28,25
552,256,28,21
550,256,28,18
553,256,28,20
554,254,25,20
554,254,25,23
555,253,25,24
557,254,24,29
547,269,22,30
546,270,29,30
555,252,26,33
548,253,29,37
529,257,35,45
528,259,43,42
528,259,47,42
529,261,45,41
530,261,47,40
531,262,46,38
531,262,45,38
533,263,44,37
531,261,46,38
531,262,47,37
530,262,48,36
531,262,46,34
531,263,46,34
530,260,47,35
530,260,48,33
531,256,47,34
533,255,45,31
533,255,44,31
531,254,45,33
531,253,46,37
529,251,48,37
528,250,45,37
527,250,47,34
529,248,45,33
528,247,45,36
526,246,46,36
523,245,47,36
525,245,45,33
525,246,47,31
529,246,43,33
526,247,46,33
531,248,43,30
527,247,43,32
526,248,45,29
528,248,43,28
526,245,45,27
525,243,46,31
523,244,47,30
523,243,45,31
520,243,47,35
520,241,46,38
523,241,45,38
521,242,45,37
524,241,43,38
522,244,44,40
521,244,44,38
521,243,43,37
521,246,43,34
520,246,42,34
521,247,41,32
523,246,43,32
522,246,40,32
521,244,43,30
519,242,42,32
519,241,42,31
520,243,41,32
520,242,41,31
519,242,40,32
519,242,39,30
516,239,41,31
517,242,42,30
515,241,40,31
515,240,41,31
515,238,41,31
513,238,42,31
513,237,41,30
514,240,41,28
515,238,43,28
517,240,41,26
515,237,44,27
516,239,45,27
516,241,43,28
514,239,47,34
515,241,44,34
515,242,44,35
513,240,43,36
514,241,44,35
513,240,44,34
515,241,42,35
515,242,43,35
515,242,42,33
513,244,45,33
515,247,43,28
516,248,44,26
517,248,46,26
517,247,43,25
516,247,45,26
516,249,45,26
516,247,44,26
516,249,45,26
517,248,42,25
519,249,42,25
518,247,43,26
520,245,40,25
520,243,42,25
518,243,44,23
518,243,45,21
514,243,45,19
523,260,45,25
517,254,47,30
515,250,50,36
513,248,52,40
514,246,53,43
514,249,52,41
514,249,53,38
513,251,52,35
516,250,49,34
517,250,51,35
516,247,50,36
517,247,50,35
516,247,50,34
516,247,50,34
515,247,51,37
516,248,53,37
516,247,51,37
513,247,51,36
513,248,51,36
513,249,52,36
513,249,50,35
514,249,51,35
509,252,55,30
512,252,53,29
511,255,52,26
512,254,52,27
516,252,50,28
519,252,44,26
518,250,44,24
519,249,42,25
520,250,44,25
518,249,45,27
517,250,46,25
517,249,44,24
518,248,42,23
520,248,39,19
518,249,41,19
520,249,37,15
518,250,40,11
514,251,39,11
520,252,37,9
523,258,37,13
524,262,35,20
524,260,31,26
523,254,32,32
520,256,34,32
517,255,37,31
522,256,30,29
521,256,30,30
522,253,29,32
525,256,25,32
524,256,25,32
517,255,26,32
517,255,26,32
509,259,23,31
509,259,23,31
511,260,22,31
511,260,22,31
513,258,24,33
514,256,24,34
515,255,24,36
518,254,24,36
518,255,27,32
522,257,25,31
523,253,24,32
523,254,25,32
526,253,23,32
526,255,24,29
527,254,23,32
528,255,22,33
529,256,23,31
530,257,23,31
529,258,24,31
531,258,24,30
531,260,24,29
530,259,25,30
532,262,24,28
506,272,30,32
505,271,37,39
504,268,42,45
499,269,51,46
497,267,56,46
495,264,54,49
494,262,56,52
494,260,55,53
491,260,55,51
490,260,56,50
487,258,54,50
484,261,56,47
481,257,54,49
477,259,56,47
474,258,54,41
470,255,55,45
465,253,58,54
459,249,59,51
454,247,61,50
449,244,57,51
444,243,57,53
434,244,63,58
435,243,54,52
432,243,53,53
434,243,47,54
432,242,45,56
433,243,43,57
433,243,42,56
432,248,43,58
433,249,44,51
435,252,44,51
434,253,43,53
433,254,46,50
436,253,45,56
439,252,41,55
442,252,40,62
437,254,50,55
436,256,59,55
444,255,57,57
444,254,68,70
443,249,70,68
445,250,72,58
447,252,72,57
448,253,81,66
449,251,84,70
454,248,80,73
457,250,81,74
455,250,84,72
458,249,81,76
462,251,77,77
461,253,76,77
458,255,76,74
454,257,82,75
451,255,73,79
446,257,71,77
439,257,72,66
433,257,80,67
432,255,85,74
432,254,83,72
431,255,87,80
427,256,83,72
421,254,83,64
417,252,78,62
416,257,75,77
410,258,85,79
406,256,88,82
407,256,83,82
402,257,86,82
404,256,80,82
406,258,79,81
403,255,81,82
408,260,81,80
397,254,88,65
394,254,87,59
395,258,93,57
395,256,93,57
400,260,95,54
406,262,87,56
409,267,80,52
415,274,77,49
420,277,73,49
428,278,65,46
434,276,66,46
437,280,72,49
443,281,71,46
449,284,69,36
453,282,70,33
454,288,68,23
454,288,68,23
454,288,68,23
482,313,68,24
445,350,75,25
458,324,86,30
468,317,88,34
467,310,94,45
472,310,91,55
467,307,93,79
471,310,86,80
483,303,86,84
484,298,94,84
475,303,108,82
479,302,106,83
481,304,109,86
481,309,114,97
474,313,115,101
465,317,124,110
451,328,125,107
425,341,147,108
410,344,151,112
389,350,145,116
357,358,152,120
333,367,148,112
307,391,168,114
289,426,183,109
295,470,184,73
295,470,184,73
295,470,184,73
295,470,184,73
295,470,184,73
295,470,184,73
295,470,184,73
295,470,184,73
295,470,184,73
295,470,184,73
295,470,184,73
295,470,184,73
295,470,184,73
295,470,184,73
295,470,184,73
295,470,184,73
295,470,184,73
295,470,184,73
295,470,184,73
295,470,184,73
295,470,184,73
295,470,184,73
504,474,184,62
504,474,184,62
504,474,184,62
504,474,184,62
504,474,184,62
504,474,184,62
504,474,184,62
504,474,184,62
504,474,184,62
504,474,184,62
504,474,184,62
504,474,184,62
504,474,184,62
504,474,184,62
504,474,184,62
504,474,184,62
