219,173,143,95
227,170,141,92
226,176,144,84
217,177,154,81
218,182,156,79
223,178,148,85
223,174,147,84
226,177,136,81
228,177,136,85
224,177,140,83
235,176,134,85
238,174,139,86
238,172,148,90
233,173,151,95
227,174,159,96
233,178,154,97
231,185,153,93
232,188,161,93
224,188,164,97
225,191,160,95
221,196,164,95
215,199,167,92
221,197,157,93
221,201,153,88
222,199,145,87
222,199,143,85
225,201,136,82
216,191,151,90
208,195,151,86
199,190,164,90
186,188,169,88
190,185,161,88
191,180,157,90
186,175,158,90
179,174,147,88
185,182,137,76
187,177,116,79
190,181,106,74
185,179,111,78
186,179,104,79
187,174,103,84
182,178,107,77
184,174,107,77
185,175,101,75
184,177,106,70
187,174,98,77
181,177,100,70
184,176,100,75
182,177,97,67
190,179,91,76
188,180,94,80
184,173,104,86
189,180,107,81
188,188,112,74
188,184,114,82
190,189,105,80
194,180,112,88
201,184,110,82
213,182,93,89
217,190,88,80
221,191,80,79
221,185,82,89
225,185,85,91
232,193,79,84
235,190,79,90
243,187,74,94
247,187,76,95
253,189,71,93
255,189,71,90
262,190,68,92
266,190,70,92
271,191,74,90
275,196,66,87
278,196,55,92
282,197,58,92
283,195,58,90
284,192,52,98
280,189,53,102
277,188,54,107
276,180,48,111
272,174,47,118
267,175,48,114
264,173,39,118
264,173,39,118
253,175,34,125
253,175,34,125
253,175,34,125
253,175,34,125
253,175,34,125
253,175,34,125
253,175,34,125
253,175,34,125
253,175,34,125
229,152,37,120
208,138,50,125
208,157,59,130
186,163,78,130
188,171,111,127
182,169,119,132
169,169,140,158
167,167,144,169
176,168,142,152
186,169,138,132
188,170,136,131
182,169,152,137
184,172,156,131
178,174,161,121
185,174,159,129
180,173,173,133
186,180,169,126
193,186,168,123
200,189,159,127
207,191,153,126
204,195,156,128
205,194,163,128
215,195,155,124
220,198,159,124
229,197,155,122
223,199,150,114
220,196,159,126
226,195,155,123
236,193,148,125
235,194,155,116
241,192,152,116
243,191,151,116
246,190,149,127
255,186,149,113
259,188,134,107
258,186,136,105
259,185,146,105
256,183,152,111
255,179,147,110
263,180,142,112
259,181,147,106
257,184,148,105
244,183,159,106
254,184,144,101
251,190,145,95
251,193,146,95
243,196,143,99
232,198,128,123
238,192,120,136
243,190,100,134
250,195,92,103
251,198,73,102
254,185,70,111
302,183,87,112
280,191,97,120
249,182,110,132
288,196,114,116
305,206,106,90
285,209,117,98
297,215,105,85
301,214,100,88
290,216,113,93
302,218,105,85
296,222,112,87
288,223,120,90
288,222,120,90
295,223,111,84
295,223,111,77
287,222,118,82
283,228,124,69
282,224,126,82
282,224,126,84
266,225,141,74
262,223,147,76
258,219,149,82
259,220,146,78
251,216,152,82
259,214,140,82
265,217,130,73
265,220,119,74
264,221,117,70
255,223,118,67
256,223,119,76
241,224,132,72
239,224,137,80
239,223,145,84
231,222,147,83
239,222,142,87
241,221,138,90
240,225,140,87
247,228,131,86
242,228,136,87
243,231,137,86
241,234,138,87
250,235,125,82
239,240,141,78
242,244,134,71
242,248,129,73
249,251,111,72
246,254,118,73
252,254,109,64
249,257,111,62
255,258,107,58
253,259,112,56
257,260,109,43
264,268,104,47
270,267,111,47
295,277,116,54
274,288,108,46
258,288,116,41
325,278,112,47
238,279,104,44
318,270,97,48
315,268,82,50
329,264,71,61
324,259,76,73
338,260,63,76
338,260,63,76
337,249,62,97
337,249,62,97
330,262,69,93
317,247,83,106
300,245,98,106
293,240,109,113
256,229,137,119
242,226,154,115
240,225,168,113
239,221,162,110
237,219,165,107
236,216,165,106
228,213,166,109
230,216,162,101
231,215,162,99
237,211,164,105
238,208,165,108
238,215,168,100
239,213,168,104
236,213,172,104
236,215,164,99
240,221,168,95
239,219,168,98
245,220,165,92
263,215,146,98
258,219,151,86
245,224,169,78
260,226,157,78
256,229,165,72
221,232,196,70
242,237,185,62
249,232,173,68
255,230,169,69
247,231,178,71
254,228,173,65
246,225,181,69
252,223,178,69
251,220,179,69
252,219,183,73
269,220,169,71
266,219,171,70
269,213,169,78
270,212,169,78
255,207,186,85
255,202,180,100
265,206,172,94
272,200,163,98
270,204,166,93
276,198,160,94
271,199,166,92
274,201,158,94
277,194,157,93
278,197,158,94
284,203,153,87
275,196,155,91
277,195,149,97
278,192,153,100
274,199,155,94
279,211,147,80
272,227,143,64
278,228,142,63
269,224,150,68
270,224,148,69
263,225,152,68
263,220,152,73
259,226,155,68
252,224,161,74
251,213,160,92
249,224,160,81
249,225,160,83
249,227,159,79
247,227,159,76
243,222,159,85
248,226,161,80
258,233,146,76
251,232,151,75
258,237,141,69
263,239,135,68
244,230,149,82
255,235,136,76
251,238,139,75
258,247,123,62
260,244,111,65
258,245,124,67
247,241,140,70
241,237,146,71
241,234,143,73
251,235,129,72
245,235,139,73
248,236,132,69
248,238,132,66
252,240,128,65
250,242,138,65
251,246,129,62
250,253,133,58
249,258,128,54
256,264,108,47
255,263,110,48
271,248,98,59
259,260,111,49
248,262,115,48
257,260,119,54
259,262,118,52
292,229,117,51
265,273,124,49
304,232,110,55
321,236,92,54
327,238,83,60
334,244,79,53
255,253,82,64
327,249,76,55
255,264,80,53
256,255,89,61
261,265,99,62
267,259,101,79
263,250,118,86
262,247,117,97
263,246,117,99
257,244,116,101
266,245,109,100
267,240,112,105
267,239,113,104
270,239,113,106
273,238,111,104
280,235,104,107
279,235,107,105
282,234,105,106
279,237,104,102
280,238,108,105
284,243,109,98
278,246,118,114
284,242,113,119
273,244,122,114
267,242,136,111
264,243,141,103
265,244,138,102
265,245,136,97
259,253,147,92
267,260,135,84
257,272,156,74
252,258,156,91
248,252,162,94
253,250,158,96
259,246,153,99
264,244,152,101
251,260,164,84
244,247,171,97
237,237,178,107
242,240,177,105
243,255,173,95
246,243,178,100
239,237,181,115
245,232,175,109
248,246,170,96
241,238,173,100
241,230,165,110
234,228,158,115
227,222,173,118
218,220,164,123
209,220,165,122
203,218,163,123
198,227,164,114
191,224,168,108
182,220,167,117
175,216,169,123
171,220,167,115
171,214,164,119
167,214,166,115
170,208,167,117
169,208,169,117
170,206,167,117
175,206,170,117
179,204,162,112
178,209,169,107
176,214,175,103
182,220,172,99
181,237,173,79
193,221,170,88
185,217,175,90
197,220,170,87
187,221,182,90
193,221,177,85
189,224,185,89
188,219,190,91
188,220,193,91
190,223,191,88
190,224,193,87
191,224,194,89
197,226,187,83
203,221,183,99
198,221,186,98
207,225,171,91
210,220,169,98
201,222,183,98
197,229,183,89
205,244,174,76
207,239,172,79
201,229,172,96
202,228,165,101
207,219,159,110
205,223,162,107
205,224,159,110
207,225,159,119
208,225,153,118
214,219,148,122
218,224,136,124
227,222,127,120
232,219,122,125
232,218,124,123
240,212,116,131
243,204,116,134
252,197,112,136
255,195,110,127
254,190,107,139
255,180,105,145
257,175,99,147
244,176,107,147
246,174,112,147
229,168,127,155
231,173,121,139
234,167,118,144
224,167,134,150
212,167,142,145
216,167,137,146
207,160,148,150
210,169,140,138
209,163,146,143
212,168,148,134
209,161,158,140
221,164,147,133
218,164,165,132
213,167,163,129
229,170,152,120
238,161,152,126
243,166,148,126
241,172,158,118
254,184,151,108
250,184,155,100
253,185,154,108
251,187,158,104
258,197,162,95
262,201,159,89
261,207,162,88
268,211,160,75
271,216,160,72
270,218,163,68
279,223,158,60
280,227,157,68
272,230,164,65
260,230,179,66
276,233,162,61
291,237,151,57
325,235,145,54
257,245,129,51
237,247,132,53
276,245,114,49
357,232,114,43
361,230,106,46
359,229,110,43
346,228,105,52
351,226,91,48
356,223,84,41
355,219,81,38
360,221,77,39
364,226,76,41
364,224,75,41
362,222,75,38
359,221,79,36
355,215,79,34
352,209,79,31
342,206,80,29
338,202,82,28
332,201,81,23
327,197,83,18
327,197,83,18
327,197,83,18
327,197,83,18
327,197,83,18
327,197,83,18
327,197,83,18
327,197,83,18
327,197,83,18
274,138,79,24
265,138,77,32
265,138,77,32
265,138,77,32
265,138,77,32
270,152,66,34
269,155,62,32
258,155,75,31
258,156,81,30
266,155,73,31
255,158,84,30
257,155,83,31
257,155,83,31
257,155,83,31
259,156,81,31
259,156,81,31
259,156,81,31
259,156,81,31
259,156,81,31
274,169,71,28
274,169,71,28
274,169,71,28
274,169,71,28
282,177,60,28
282,177,60,28
282,177,60,28
282,177,60,28
282,177,60,28
282,177,60,28
282,177,60,28
282,177,60,28
282,177,60,28
293,229,64,36
378,251,63,46
383,250,64,50
375,250,71,51
288,219,89,62
269,214,103,67
269,220,113,57
259,217,126,60
258,218,130,57
327,233,111,55
329,225,105,64
332,220,101,65
334,219,99,62
339,207,92,69
345,197,84,76
328,200,99,79
310,197,113,87
290,196,133,88
264,189,158,97
252,184,175,103
255,181,173,112
253,179,170,116
262,174,156,114
257,173,160,127
253,172,170,129
262,174,158,129
268,172,146,128
264,173,149,129
262,176,148,127
256,173,153,128
256,172,155,130
255,173,148,122
266,172,139,123
272,170,131,126
271,171,129,128
271,170,123,130
269,166,123,133
274,168,120,131
273,168,130,121
274,169,126,119
277,173,130,122
274,171,137,126
276,171,132,119
276,167,136,122
279,167,129,120
264,158,151,142
262,163,160,134
269,158,161,136
266,153,154,141
266,152,158,138
265,149,160,147
261,150,159,140
263,140,169,150
264,141,164,155
270,144,158,146
274,150,159,145
271,150,168,146
281,147,159,147
284,151,157,140
284,147,163,141
291,151,156,139
292,154,155,136
295,156,156,133
297,161,155,127
291,159,159,124
298,166,154,120
303,168,142,120
307,169,141,114
313,176,136,112
311,182,134,103
316,182,132,104
312,184,140,98
311,183,139,97
310,187,140,93
307,187,143,97
308,193,148,96
308,196,153,95
303,196,146,89
305,201,145,88
309,203,141,95
307,207,143,91
308,212,147,83
310,216,139,86
308,218,141,83
312,220,138,85
312,222,145,86
310,224,147,83
311,228,146,84
311,232,142,79
312,232,141,82
310,232,135,84
310,233,132,79
300,238,139,79
300,235,134,75
304,233,130,74
291,232,137,76
287,230,136,74
284,229,136,73
275,226,134,75
263,221,142,79
252,214,143,78
240,212,145,82
230,212,148,80
221,207,155,81
207,202,158,88
200,205,158,87
189,203,166,89
172,208,169,87
161,203,177,90
149,200,176,95
140,201,179,98
131,200,181,105
125,202,186,104
107,202,196,110
110,201,188,105
94,199,202,111
91,194,207,111
71,194,217,116
65,192,225,121
64,189,219,122
58,186,229,133
57,193,243,124
53,190,246,125
51,189,246,135
49,186,251,135
50,187,278,138
48,187,268,140
75,187,243,145
78,188,243,155
95,182,224,156
104,175,220,159
113,171,214,174
125,157,198,182
137,143,192,198
151,144,173,196
157,138,175,207
167,127,162,207
170,120,158,213
169,117,162,213
171,115,152,207
193,113,128,210
194,112,125,216
184,116,129,195
184,114,126,189
196,113,118,156
204,113,113,164
216,108,110,174
235,107,91,171
260,105,77,168
280,92,56,179
292,106,57,189
302,95,60,198
298,81,61,214
306,75,64,218
258,82,85,242
235,94,110,254
231,116,124,222
222,117,139,193
224,120,131,197
222,118,136,199
218,116,144,199
221,117,138,195
217,112,146,201
213,109,161,196
218,124,157,192
208,116,159,194
211,121,151,192
221,118,121,198
218,110,119,209
195,102,156,207
188,101,180,239
133,105,205,266
98,107,253,273
63,114,280,266
44,112,288,266
48,117,264,255
43,111,287,260
44,114,284,260
43,107,288,271
39,115,285,258
39,110,307,265
46,116,295,256
41,113,294,261
41,119,283,261
36,128,296,245
37,126,311,244
35,127,298,250
39,128,286,250
35,124,282,250
47,128,262,247
95,130,224,232
129,128,210,222
130,135,204,216
128,125,199,227
117,123,217,232
112,123,209,203
111,123,215,204
108,123,220,192
103,127,236,180
93,126,239,178
91,117,240,184
89,126,237,175
87,119,243,180
82,131,244,178
86,127,235,169
90,140,248,151
89,149,241,139
94,146,233,137
97,154,233,131
103,158,219,126
117,163,202,117
130,164,195,116
133,165,199,115
137,166,197,121
148,166,174,126
158,170,149,124
158,171,144,127
143,178,153,133
150,179,133,133
162,184,116,133
172,181,127,140
177,182,117,140
185,185,87,136
194,184,90,135
200,169,84,157
204,186,101,137
217,193,88,128
228,192,86,131
235,184,85,123
253,198,87,127
216,145,110,129
278,191,86,127
291,182,80,132
259,177,102,148
242,172,118,155
224,180,134,141
213,180,149,131
212,179,167,126
197,169,183,139
197,167,179,140
188,166,188,135
190,160,192,140
181,154,215,143
178,155,222,140
180,155,204,142
180,154,204,142
171,160,220,139
176,158,211,144
178,159,208,146
168,160,225,146
179,170,212,140
191,161,196,150
181,158,202,153
190,163,204,142
201,164,192,143
204,165,191,144
215,171,172,135
225,175,165,133
231,175,160,136
241,181,150,127
257,186,130,122
270,188,111,129
282,193,99,135
255,195,117,114
264,193,114,141
252,187,120,153
257,180,103,151
263,184,105,151
287,189,95,137
305,188,86,137
311,193,93,125
314,196,92,108
316,194,81,115
322,201,84,103
316,188,97,99
310,194,108,88
310,197,110,83
309,201,110,73
312,202,112,74
296,202,125,76
305,201,119,75
299,200,119,74
318,197,107,82
323,196,100,75
323,198,101,69
328,197,94,66
335,195,95,69
339,194,94,72
336,190,102,81
339,189,102,79
347,188,97,76
351,184,96,80
362,182,90,78
365,175,92,83
370,178,89,68
377,175,81,66
376,173,85,62
374,171,84,57
373,168,87,63
377,167,84,60
374,168,87,56
375,164,80,59
373,162,82,58
337,174,69,66
341,171,71,74
341,173,67,69
342,176,60,69
343,173,61,73
340,173,54,72
343,163,59,77
344,157,63,84
344,157,64,89
340,159,66,90
338,159,69,90
345,157,67,98
339,158,69,98
342,157,71,95
344,158,70,99
344,157,71,101
346,157,67,100
341,159,77,99
334,161,83,99
342,162,76,90
333,158,87,106
346,168,80,90
354,172,75,75
360,175,79,65
354,174,89,62
357,177,92,60
357,175,93,64
358,175,92,63
358,174,95,64
358,172,97,63
358,171,96,65
357,171,99,65
356,168,99,76
354,169,101,72
355,170,99,70
355,169,99,68
353,168,100,72
352,168,103,67
353,168,95,69
359,170,88,68
356,169,89,69
356,171,89,72
356,170,88,70
361,169,80,70
355,170,81,73
358,170,73,69
362,172,63,66
352,168,68,67
350,173,70,61
345,171,73,62
347,174,63,63
344,173,62,68
360,172,52,56
369,172,42,56
364,173,47,57
362,173,50,56
357,175,45,57
354,177,44,56
352,177,48,54
352,178,52,53
350,176,54,53
349,178,58,52
345,179,66,53
346,179,73,53
345,179,79,53
343,178,84,57
341,182,89,53
341,179,93,56
342,183,91,58
341,181,97,63
336,178,104,72
339,174,101,79
337,174,104,81
332,173,106,85
330,172,106,85
333,171,103,84
331,169,108,89
329,169,107,88
331,166,108,89
330,168,103,89
338,167,90,90
344,169,78,86
351,167,68,80
346,169,68,80
350,165,60,82
346,164,62,84
345,165,64,85
343,162,70,88
339,160,74,92
341,159,77,90
338,161,74,85
336,158,85,90
333,161,82,87
334,162,83,83
333,163,83,81
328,164,89,78
332,168,83,71
334,172,77,64
336,172,75,66
338,173,73,64
338,170,70,64
339,174,69,61
339,171,70,62
341,172,65,58
346,173,61,58
345,174,60,59
347,173,60,66
341,172,64,69
336,166,66,76
326,165,79,80
326,163,77,77
322,160,83,81
323,158,82,79
322,156,82,82
322,155,83,82
319,151,83,87
317,154,88,83
320,156,83,82
323,155,85,87
321,158,83,83
325,159,78,81
328,160,79,80
324,167,79,72
322,163,80,76
326,162,77,79
321,159,84,88
317,158,90,86
316,159,89,84
314,157,89,94
316,160,84,92
313,160,83,95
312,159,86,96
313,157,83,97
313,159,80,100
312,159,78,97
313,161,77,98
312,159,73,97
313,164,71,94
323,172,58,86
318,167,57,90
331,186,45,76
336,180,39,78
330,173,48,87
325,173,53,87
329,178,49,83
330,177,48,86
334,177,44,86
332,177,49,90
330,177,56,89
323,179,70,89
318,178,79,86
316,176,83,89
312,178,88,89
309,180,91,90
307,178,95,90
307,179,93,88
309,174,96,94
309,182,94,82
310,184,90,78
304,181,97,81
307,179,94,78
308,183,94,72
313,181,86,70
309,176,94,75
313,177,91,68
307,176,92,69
314,176,87,64
314,174,85,67
316,175,83,64
314,173,85,62
318,175,82,56
324,178,72,56
320,175,78,57
331,175,65,55
332,176,60,57
333,178,59,51
334,178,58,50
335,179,57,50
332,180,59,47
334,180,58,47
331,180,57,47
329,180,60,50
323,177,68,60
318,174,76,71
309,172,87,73
305,171,91,77
303,171,94,83
307,171,88,83
305,163,92,93
304,161,93,96
303,160,90,97
309,159,83,96
310,157,80,97
306,160,80,97
303,157,85,97
315,158,69,95
316,158,65,95
322,157,58,96
320,158,59,92
324,158,61,91
327,156,63,96
325,158,68,96
325,159,67,88
323,157,74,91
322,159,78,92
317,157,83,92
313,161,90,90
314,162,94,87
317,165,93,93
312,166,98,82
310,168,106,72
308,173,106,78
307,171,110,63
321,171,99,63
317,174,104,60
316,176,109,58
317,175,109,61
317,174,114,66
318,177,110,85
319,177,110,88
316,179,116,84
321,180,110,84
319,183,108,82
319,184,105,82
319,183,103,83
323,187,94,81
321,189,95,83
320,188,91,82
314,189,93,80
312,184,91,84
314,184,83,90
312,184,78,86
310,184,74,89
307,185,75,85
305,194,74,74
305,196,65,73
305,197,67,72
306,195,68,73
304,197,73,74
295,208,68,72
296,214,67,70
295,218,82,64
293,228,90,62
287,237,98,63
287,244,100,70
293,253,102,67
301,271,93,59
299,270,99,66
298,280,103,64
297,287,104,65
290,292,106,72
288,312,113,69
267,329,118,71
243,345,128,80
216,368,125,67
216,368,125,67
216,368,125,67
216,368,125,67
216,368,125,67
216,368,125,67
216,368,125,67
216,368,125,67
216,368,125,67
216,368,125,67
216,368,125,67
356,278,128,85
380,170,126,76
335,26,139,97
335,26,139,97
335,26,139,97
335,26,139,97
335,26,139,97
335,26,139,97
335,26,139,97
335,26,139,97
335,26,139,97
335,26,139,97
335,26,139,97
335,26,139,97
335,26,139,97
335,26,139,97
335,26,139,97
335,26,139,97
335,26,139,97
335,26,139,97
335,26,139,97
335,26,139,97
335,26,139,97
335,26,139,97
335,26,139,97
335,26,139,97
335,26,139,97
335,26,139,97
335,26,139,97
109,90,143,126
96,105,153,147
96,105,153,147
96,105,153,147
96,105,153,147
96,105,153,147
96,105,153,147
96,105,153,147
96,105,153,147
96,105,153,147
96,105,153,147
96,105,153,147
96,105,153,147
239,262,121,111
244,265,109,101
252,265,95,105
257,266,93,103
267,267,79,103
262,266,87,104
252,264,101,103
252,267,100,106
254,264,95,104
256,267,94,104
254,264,99,107
258,264,94,107
269,265,81,102
255,266,97,104
249,263,102,109
253,266,96,103
259,265,91,106
254,262,99,109
258,267,94,108
259,266,93,105
254,263,96,106
254,265,96,108
260,266,91,107
255,265,99,107
249,264,101,109
246,261,103,106
251,263,100,110
252,261,98,108
258,262,92,112
248,264,104,106
