308,136,69,71
303,140,74,66
304,142,73,66
301,143,81,72
297,144,80,64
296,145,82,63
297,148,81,58
294,148,72,58
290,150,75,53
288,151,69,52
285,155,65,46
284,154,59,45
286,149,59,51
287,148,71,52
289,148,71,56
290,148,63,61
290,152,73,62
289,154,73,65
291,151,67,69
295,150,66,72
302,153,55,64
300,156,58,55
301,157,48,55
303,160,53,50
304,162,57,42
306,164,58,37
311,168,69,32
314,168,64,30
310,168,59,26
320,168,56,31
317,165,54,28
315,164,54,24
313,164,55,25
313,163,49,26
311,161,48,27
310,160,46,28
308,158,44,29
308,158,42,33
306,158,43,33
308,160,51,29
307,159,52,30
306,159,52,30
309,162,55,37
306,160,52,38
304,166,55,44
302,163,59,53
303,162,46,57
303,161,46,59
303,162,44,57
302,155,45,64
302,154,46,64
306,151,41,66
309,150,45,60
308,150,46,52
308,151,50,44
307,154,54,38
308,154,50,35
306,153,52,40
304,153,54,39
303,154,52,37
299,154,53,38
298,157,61,30
298,157,52,32
300,158,55,32
302,158,48,30
306,157,40,29
314,156,33,28
319,155,29,28
324,151,27,29
327,150,26,30
329,150,25,30
333,151,23,28
335,151,22,28
333,153,25,27
334,158,26,24
334,160,26,23
334,159,25,23
335,159,24,23
334,159,26,24
334,160,26,25
333,161,27,25
331,162,28,24
330,161,29,25
330,162,29,25
329,162,29,24
332,162,27,25
332,163,27,24
331,164,28,24
331,166,28,24
330,166,28,25
330,168,28,23
329,169,29,23
330,168,28,23
331,166,28,24
332,165,28,23
330,162,30,25
331,154,27,28
331,143,23,27
329,137,21,30
327,131,21,33
326,177,22,30
327,125,18,28
326,173,20,27
321,127,18,30
318,126,19,31
316,126,22,32
317,129,23,35
317,127,25,43
319,125,24,52
316,124,27,58
315,120,28,67
314,113,28,75
314,112,33,81
315,114,31,75
323,113,24,74
323,110,20,76
323,109,18,73
323,110,20,75
325,110,19,71
325,109,19,74
322,108,20,73
318,108,22,74
318,109,23,77
317,110,24,77
317,109,23,77
317,109,24,73
319,107,22,76
319,108,24,76
322,108,21,71
323,110,20,71
325,111,20,72
326,111,23,72
328,110,26,75
333,110,21,72
334,109,21,76
334,109,24,76
332,111,32,79
321,115,41,84
311,125,47,93
306,123,48,97
304,124,46,99
308,124,42,97
308,126,43,93
307,126,45,91
308,126,44,93
310,123,46,88
308,121,45,91
308,122,43,93
310,121,44,98
312,120,37,106
313,114,45,114
314,109,46,119
314,105,47,124
319,110,50,117
322,101,39,127
327,103,31,115
325,103,29,123
324,112,29,118
325,101,26,123
324,106,30,121
325,113,25,116
324,104,36,115
323,102,39,128
323,112,24,122
320,92,26,127
319,96,30,137
317,100,44,132
321,94,53,117
322,93,53,126
311,94,65,124
304,93,53,132
298,90,52,128
295,89,42,104
291,86,45,106
291,87,45,100
291,88,43,96
294,109,45,90
293,111,44,78
285,97,49,89
289,111,52,89
279,97,58,94
277,96,58,93
274,96,63,90
272,96,67,92
275,103,65,83
266,101,77,83
260,98,80,84
262,93,81,90
269,87,75,102
279,81,61,112
296,87,55,108
297,75,55,115
307,75,42,116
314,76,37,120
317,80,39,129
315,82,34,123
314,77,28,111
310,77,34,107
307,77,34,98
301,81,40,104
306,109,41,99
304,122,45,94
280,109,59,82
281,121,64,81
282,128,65,87
280,138,69,75
279,147,85,66
276,150,74,61
276,154,81,56
277,158,73,47
278,162,63,43
280,162,53,43
282,162,53,43
291,162,63,49
285,162,65,46
279,163,69,43
275,165,67,40
286,169,63,38
290,170,63,35
288,176,64,28
287,174,64,31
287,172,68,36
290,178,71,31
289,178,73,31
291,182,73,30
291,179,77,31
292,180,74,29
291,179,70,29
290,178,71,29
289,177,71,31
288,175,71,29
284,173,74,31
280,169,77,34
281,167,74,34
275,166,83,38
282,167,77,34
279,166,76,32
278,167,81,37
277,169,79,34
273,168,78,36
272,166,84,38
273,166,85,35
272,165,83,37
272,164,83,43
273,162,83,48
271,162,94,46
272,163,88,42
272,161,88,48
273,161,75,49
274,161,78,51
274,160,77,42
274,156,75,50
273,157,80,52
273,156,80,52
272,154,90,57
271,158,95,53
269,156,81,51
268,157,88,47
265,155,87,44
267,156,75,39
270,154,70,38
272,154,66,38
273,151,63,41
276,154,59,37
276,153,60,32
276,149,59,34
278,149,61,33
282,147,57,29
282,148,58,28
282,147,59,30
279,146,65,34
277,144,68,39
278,141,67,41
282,138,63,42
284,134,60,48
284,131,58,52
283,130,56,51
283,128,53,52
282,129,52,51
283,134,51,48
283,137,52,46
281,140,51,44
279,141,51,43
279,144,53,43
276,143,57,43
276,143,59,43
279,142,57,42
281,140,59,46
281,140,62,47
288,147,58,42
295,143,63,46
295,151,65,36
297,152,63,35
298,153,62,37
304,152,60,41
306,156,53,40
328,162,45,34
322,164,44,37
327,166,49,36
330,165,48,39
325,164,53,37
330,163,49,39
325,177,54,30
323,177,59,27
327,175,54,25
332,172,49,28
340,173,44,27
330,170,54,28
326,170,60,27
322,169,63,26
322,167,66,27
320,166,76,27
311,162,87,28
314,164,87,25
313,159,89,23
311,158,94,25
315,157,90,25
315,156,87,24
316,155,83,25
320,155,80,24
324,155,79,23
330,155,82,22
330,155,85,22
332,155,84,22
336,156,82,21
333,154,88,21
336,153,88,23
332,151,94,24
330,149,100,26
303,145,96,25
304,144,89,25
297,141,92,27
289,138,90,28
284,137,93,27
280,135,100,32
277,133,105,32
264,132,113,30
253,131,110,30
247,129,107,31
239,128,106,29
234,128,102,28
231,127,96,30
234,126,96,28
237,123,88,28
233,122,90,28
232,119,87,29
223,118,97,30
216,117,114,32
213,117,122,28
206,118,132,27
201,118,136,34
201,114,139,32
195,114,148,37
195,111,145,39
191,109,154,56
188,109,159,59
184,108,149,51
182,107,163,56
179,109,165,58
178,110,166,55
178,111,166,54
178,113,167,50
177,109,176,54
178,110,184,56
176,113,194,48
176,113,204,51
176,111,189,54
174,113,209,53
171,117,211,43
176,118,191,42
180,105,192,60
183,107,168,53
188,104,160,57
190,102,154,63
200,106,135,63
204,108,132,63
205,110,130,57
195,120,145,48
182,126,160,41
181,123,156,40
179,123,159,41
176,124,166,36
178,121,170,37
184,121,176,37
187,113,183,44
203,99,180,60
211,95,175,68
223,95,168,67
229,91,169,74
255,94,185,82
269,98,175,84
252,102,185,75
267,106,182,66
246,105,194,69
322,131,158,59
362,132,127,58
381,135,108,62
396,148,92,69
404,147,82,60
409,153,80,51
395,155,75,52
403,164,68,44
392,156,62,33
394,159,58,30
399,159,49,30
400,164,41,27
401,163,39,27
400,190,48,30
400,190,48,30
390,159,41,31
372,148,40,41
369,148,38,40
367,147,35,41
365,148,36,43
365,148,34,46
366,150,32,47
366,156,30,43
365,152,30,48
368,149,30,53
373,154,28,47
373,154,28,47
377,157,28,40
377,157,28,40
368,139,36,46
368,139,36,46
363,136,41,43
363,136,41,43
364,137,42,46
364,137,37,47
365,138,36,46
365,137,35,47
366,136,35,49
365,135,35,48
371,145,31,43
371,145,31,43
364,140,36,45
364,140,36,45
364,140,36,45
364,145,41,41
379,143,33,41
379,143,33,41
379,143,33,41
385,134,35,37
385,134,35,37
391,121,37,37
391,115,41,36
396,106,38,38
395,98,43,37
397,87,47,38
400,80,52,37
400,72,58,40
400,63,64,43
405,55,63,44
406,50,62,42
405,43,57,43
408,32,51,43
395,19,62,47
395,19,62,47
397,3,58,48
397,3,58,48
397,3,58,48
397,3,58,48
397,3,58,48
397,3,58,48
397,3,58,48
397,3,58,48
397,3,58,48
397,3,58,48
397,3,58,48
397,3,58,48
397,3,58,48
397,3,58,48
397,3,58,48
294,125,44,41
300,128,29,34
307,132,23,32
312,134,21,31
315,136,18,30
313,137,20,30
306,137,23,31
300,137,23,32
294,132,22,31
288,129,21,29
285,125,19,29
281,113,20,31
278,109,20,34
277,109,20,30
277,101,20,32
278,100,19,28
279,95,20,26
282,91,18,24
282,87,18,21
285,83,17,20
288,80,16,19
290,76,16,18
291,72,15,18
290,72,17,16
288,74,18,15
286,75,18,15
283,76,19,16
279,79,19,15
273,82,21,14
265,83,22,14
258,86,24,13
253,88,24,13
249,90,23,13
245,91,25,14
243,94,26,13
239,95,27,13
237,97,27,14
234,99,27,16
229,99,30,16
227,98,30,15
225,97,31,15
225,91,29,16
225,82,27,21
225,70,27,22
226,57,27,24
228,43,28,24
231,29,27,27
237,16,24,25
242,3,24,24
247,0,25,21
247,0,25,21
247,0,25,21
247,0,25,21
247,0,25,21
247,0,25,21
247,0,25,21
247,0,25,21
247,0,25,21
247,0,25,21
247,0,25,21
247,0,25,21
247,0,25,21
247,0,25,21
247,0,25,21
247,0,25,21
247,0,25,21
247,0,25,21
247,0,25,21
247,0,25,21
247,0,25,21
247,0,25,21
247,0,25,21
247,0,25,21
247,0,25,21
247,0,25,21
247,0,25,21
247,0,25,21
247,0,25,21
247,0,25,21
247,0,25,21
247,0,25,21
247,0,25,21
247,0,25,21
247,0,25,21
247,0,25,21
247,0,25,21
247,0,25,21
247,0,25,21
247,0,25,21
247,0,25,21
247,0,25,21
247,0,25,21
247,0,25,21
247,0,25,21
247,0,25,21
247,0,25,21
247,0,25,21
247,0,25,21
247,0,25,21
247,0,25,21
247,0,25,21
247,0,25,21
247,0,25,21
247,0,25,21
247,0,25,21
247,0,25,21
247,0,25,21
247,0,25,21
247,0,25,21
247,0,25,21
247,0,25,21
247,0,25,21
247,0,25,21
247,0,25,21
247,0,25,21
247,0,25,21
247,0,25,21
247,0,25,21
247,0,25,21
247,0,25,21
247,0,25,21
247,0,25,21
247,0,25,21
247,0,25,21
247,0,25,21
247,0,25,21
247,0,25,21
247,0,25,21
247,0,25,21
247,0,25,21
247,0,25,21
247,0,25,21
247,0,25,21
247,0,25,21
247,0,25,21
247,0,25,21
247,0,25,21
247,0,25,21
247,0,25,21
247,0,25,21
247,0,25,21
247,0,25,21
247,0,25,21
247,0,25,21
247,0,25,21
247,0,25,21
247,0,25,21
247,0,25,21
247,0,25,21
247,0,25,21
247,0,25,21
247,0,25,21
247,0,25,21
247,0,25,21
247,0,25,21
247,0,25,21
247,0,25,21
247,0,25,21
247,0,25,21
247,0,25,21
247,0,25,21
247,0,25,21
247,0,25,21
247,0,25,21
247,0,25,21
247,0,25,21
247,0,25,21
247,0,25,21
247,0,25,21
247,0,25,21
247,0,25,21
247,0,25,21
247,0,25,21
247,0,25,21
247,0,25,21
247,0,25,21
247,0,25,21
247,0,25,21
247,0,25,21
247,0,25,21
247,0,25,21
247,0,25,21
247,0,25,21
247,0,25,21
247,0,25,21
247,0,25,21
247,0,25,21
247,0,25,21
247,0,25,21
247,0,25,21
247,0,25,21
247,0,25,21
247,0,25,21
247,0,25,21
247,0,25,21
247,0,25,21
247,0,25,21
247,0,25,21
247,0,25,21
247,0,25,21
247,0,25,21
247,0,25,21
247,0,25,21
247,0,25,21
247,0,25,21
247,0,25,21
247,0,25,21
247,0,25,21
247,0,25,21
247,0,25,21
247,0,25,21
247,0,25,21
247,0,25,21
247,0,25,21
247,0,25,21
247,0,25,21
247,0,25,21
247,0,25,21
247,0,25,21
247,0,25,21
247,0,25,21
247,0,25,21
247,0,25,21
247,0,25,21
247,0,25,21
247,0,25,21
247,0,25,21
247,0,25,21
247,0,25,21
247,0,25,21
247,0,25,21
247,0,25,21
247,0,25,21
247,0,25,21
247,0,25,21
247,0,25,21
247,0,25,21
247,0,25,21
247,0,25,21
247,0,25,21
247,0,25,21
247,0,25,21
247,0,25,21
247,0,25,21
247,0,25,21
247,0,25,21
247,0,25,21
247,0,25,21
247,0,25,21
247,0,25,21
247,0,25,21
247,0,25,21
247,0,25,21
247,0,25,21
247,0,25,21
247,0,25,21
247,0,25,21
247,0,25,21
247,0,25,21
247,0,25,21
247,0,25,21
247,0,25,21
247,0,25,21
247,0,25,21
247,0,25,21
247,0,25,21
247,0,25,21
247,0,25,21
247,0,25,21
247,0,25,21
247,0,25,21
247,0,25,21
247,0,25,21
247,0,25,21
247,0,25,21
247,0,25,21
247,0,25,21
247,0,25,21
247,0,25,21
247,0,25,21
247,0,25,21
247,0,25,21
247,0,25,21
247,0,25,21
247,0,25,21
247,0,25,21
247,0,25,21
247,0,25,21
247,0,25,21
247,0,25,21
247,0,25,21
247,0,25,21
247,0,25,21
247,0,25,21
247,0,25,21
247,0,25,21
247,0,25,21
247,0,25,21
247,0,25,21
247,0,25,21
247,0,25,21
247,0,25,21
247,0,25,21
247,0,25,21
247,0,25,21
247,0,25,21
247,0,25,21
247,0,25,21
247,0,25,21
247,0,25,21
247,0,25,21
247,0,25,21
247,0,25,21
247,0,25,21
247,0,25,21
247,0,25,21
247,0,25,21
247,0,25,21
247,0,25,21
247,0,25,21
247,0,25,21
247,0,25,21
247,0,25,21
247,0,25,21
247,0,25,21
247,0,25,21
247,0,25,21
247,0,25,21
247,0,25,21
247,0,25,21
247,0,25,21
247,0,25,21
247,0,25,21
247,0,25,21
247,0,25,21
247,0,25,21
247,0,25,21
247,0,25,21
247,0,25,21
247,0,25,21
247,0,25,21
247,0,25,21
247,0,25,21
247,0,25,21
247,0,25,21
247,0,25,21
247,0,25,21
247,0,25,21
247,0,25,21
247,0,25,21
247,0,25,21
247,0,25,21
247,0,25,21
247,0,25,21
247,0,25,21
247,0,25,21
247,0,25,21
247,0,25,21
247,0,25,21
247,0,25,21
247,0,25,21
247,0,25,21
247,0,25,21
247,0,25,21
247,0,25,21
247,0,25,21
247,0,25,21
247,0,25,21
247,0,25,21
247,0,25,21
247,0,25,21
247,0,25,21
247,0,25,21
247,0,25,21
247,0,25,21
247,0,25,21
247,0,25,21
247,0,25,21
247,0,25,21
247,0,25,21
247,0,25,21
247,0,25,21
247,0,25,21
247,0,25,21
247,0,25,21
247,0,25,21
247,0,25,21
247,0,25,21
247,0,25,21
247,0,25,21
247,0,25,21
247,0,25,21
247,0,25,21
247,0,25,21
247,0,25,21
247,0,25,21
247,0,25,21
247,0,25,21
247,0,25,21
247,0,25,21
247,0,25,21
247,0,25,21
247,0,25,21
247,0,25,21
247,0,25,21
247,0,25,21
247,0,25,21
247,0,25,21
247,0,25,21
247,0,25,21
247,0,25,21
247,0,25,21
247,0,25,21
247,0,25,21
247,0,25,21
247,0,25,21
247,0,25,21
247,0,25,21
247,0,25,21
247,0,25,21
247,0,25,21
247,0,25,21
247,0,25,21
247,0,25,21
247,0,25,21
247,0,25,21
247,0,25,21
247,0,25,21
247,0,25,21
247,0,25,21
