65,102,145,107
66,97,145,117
66,98,145,124
64,96,149,117
64,98,151,123
64,97,157,123
62,98,159,123
59,98,162,114
58,97,164,128
65,99,163,118
65,99,169,112
66,97,169,117
74,99,165,109
69,96,172,116
80,95,167,111
78,97,178,113
82,93,176,125
85,89,173,147
99,91,173,130
104,85,174,151
115,84,177,112
121,78,171,108
132,84,174,98
141,83,169,104
148,85,162,98
152,90,169,101
160,96,158,99
165,96,161,110
168,106,158,102
171,111,162,104
177,120,159,102
182,127,148,100
180,135,149,98
176,144,153,96
180,149,143,95
183,158,135,91
181,166,136,88
179,170,142,89
180,176,138,89
186,177,132,95
190,183,131,93
191,185,127,98
189,187,126,103
189,192,121,104
179,196,133,107
173,196,143,109
177,202,134,108
184,201,125,111
183,203,124,112
190,204,118,111
190,204,117,122
186,206,120,119
187,205,122,122
180,205,126,129
163,203,142,141
168,204,135,139
160,201,144,145
162,205,143,139
157,205,144,143
158,205,145,139
158,205,145,140
161,208,144,140
163,207,137,139
163,205,142,145
160,201,142,143
161,205,140,142
160,201,142,144
169,195,134,142
180,190,128,139
192,184,120,140
196,175,119,140
208,160,108,148
211,161,103,144
210,150,104,148
213,150,105,145
208,144,112,139
210,136,115,141
214,141,109,134
216,140,105,133
221,137,101,128
226,144,94,112
229,144,92,106
232,154,98,103
238,157,94,98
241,160,100,90
247,153,102,92
253,155,98,87
258,146,96,89
261,143,96,87
266,136,98,90
267,128,97,90
266,122,99,90
268,113,100,94
271,111,98,89
273,104,94,90
267,95,100,95
268,84,99,95
268,77,98,100
269,70,98,102
269,63,97,98
265,58,97,106
268,52,95,103
264,55,95,94
263,51,92,94
265,56,85,93
260,55,88,96
255,52,88,102
257,48,87,109
256,41,93,119
254,38,104,122
255,40,104,129
253,37,106,130
250,32,116,139
251,33,122,146
248,35,128,148
250,35,125,155
245,38,134,155
254,40,125,160
250,39,130,161
253,40,125,162
253,40,126,166
254,37,127,171
257,34,123,161
256,33,120,168
269,26,106,166
274,21,98,167
277,18,95,169
269,12,95,160
267,15,101,168
262,13,109,161
255,12,119,165
245,11,128,173
246,15,127,174
246,13,133,166
236,13,146,173
225,17,157,174
212,23,171,164
208,26,178,161
218,20,164,171
220,24,162,172
220,23,162,172
225,24,154,179
228,26,149,163
229,24,148,175
232,25,150,167
230,28,151,158
231,22,146,173
233,22,147,174
233,28,151,169
236,22,146,181
236,27,151,175
238,27,149,170
237,25,158,174
236,20,160,179
236,17,165,173
237,14,164,179
235,22,170,170
232,17,171,171
251,22,154,167
269,16,135,179
284,16,123,171
286,16,120,169
300,14,106,171
307,17,100,167
311,11,90,168
316,17,86,166
318,14,84,166
321,20,81,157
322,20,80,154
321,25,86,144
315,30,85,138
311,36,85,128
306,41,88,110
301,53,94,104
298,62,98,104
288,69,105,105
284,58,108,119
271,56,114,125
268,52,111,148
274,58,105,159
268,66,107,157
266,69,111,164
261,76,103,156
260,83,117,164
253,86,114,164
251,90,123,167
245,90,122,162
232,94,137,163
222,98,139,168
239,95,121,168
231,96,123,170
220,94,132,169
230,89,120,174
217,92,126,174
200,92,145,174
170,92,174,175
162,88,178,185
164,85,172,182
166,85,172,183
161,85,168,180
165,79,170,188
166,71,174,193
169,67,171,193
170,76,179,186
171,71,171,187
170,76,181,176
177,67,179,178
168,67,182,184
176,66,175,177
173,57,186,176
176,57,181,172
178,53,187,169
176,47,185,171
176,41,183,167
173,42,176,161
167,41,177,160
172,36,185,158
172,32,178,157
169,30,174,158
172,24,178,168
164,23,173,160
169,17,176,169
171,13,166,179
167,18,164,166
172,12,155,176
173,7,152,178
177,8,146,173
181,9,142,166
190,11,142,157
194,9,142,158
195,6,140,149
197,7,141,146
196,9,146,142
199,36,145,123
202,10,139,146
185,5,154,165
187,5,152,161
186,11,152,155
192,9,151,155
206,13,133,144
239,12,105,150
240,16,101,139
249,18,92,133
245,20,96,140
238,23,106,138
241,30,106,138
245,32,105,131
236,38,117,129
230,47,125,117
224,51,131,116
214,56,141,113
211,56,150,114
194,53,165,119
190,57,175,114
189,59,176,114
193,58,180,111
189,60,186,117
189,59,182,116
188,59,180,118
190,62,188,119
186,56,188,128
183,56,188,127
188,60,195,128
180,59,189,120
179,56,185,130
191,58,173,122
183,57,177,121
185,63,171,117
190,62,171,115
189,62,164,116
186,60,169,123
185,64,170,114
187,64,164,118
182,63,167,122
186,64,165,124
215,77,131,107
241,74,106,110
254,77,90,106
263,73,71,113
271,73,63,117
280,70,54,122
285,71,44,123
289,74,42,120
287,67,51,121
300,92,49,104
308,96,44,101
312,97,40,102
322,102,38,101
328,104,34,100
330,105,34,104
330,105,37,100
336,107,34,100
336,105,34,100
335,105,37,100
344,103,31,96
349,102,24,95
347,97,23,89
345,89,26,88
341,85,31,89
340,100,33,79
339,103,34,78
340,103,29,75
336,100,29,76
348,103,20,75
343,92,25,74
343,102,26,74
340,105,28,72
347,106,22,76
347,104,21,76
345,104,20,74
342,103,18,71
345,103,12,70
340,97,13,70
333,101,16,69
324,100,17,71
320,107,14,67
314,108,12,67
306,108,12,66
276,124,17,64
276,124,17,64
286,136,23,56
279,138,31,55
281,139,28,52
269,89,29,60
265,82,35,67
269,72,37,75
276,67,35,73
278,62,35,67
281,59,38,65
283,54,39,64
283,49,41,62
283,44,44,71
282,38,45,74
279,36,46,73
267,34,57,75
261,31,71,74
254,33,78,70
267,33,88,82
251,29,88,82
258,31,78,69
282,66,84,58
249,34,88,58
243,36,89,69
246,33,89,83
240,34,96,79
237,35,114,83
229,36,123,111
234,35,113,115
234,34,108,111
230,36,107,132
229,35,100,154
225,34,100,159
224,34,107,159
219,37,113,152
217,36,114,152
219,37,116,162
215,41,122,148
208,41,132,144
209,40,133,154
203,40,142,158
203,41,146,161
202,44,154,158
201,44,152,156
200,41,161,158
197,43,165,163
193,43,166,176
188,43,166,184
180,46,183,189
185,52,171,159
183,52,170,170
174,55,167,156
179,56,172,153
170,57,177,149
171,61,164,168
171,61,163,167
175,68,157,148
178,68,154,154
173,73,156,140
175,76,153,129
172,99,160,114
137,54,146,101
163,81,156,126
158,86,161,127
161,90,160,125
155,98,162,124
157,105,164,110
162,112,161,99
162,114,161,99
163,118,155,96
176,130,144,111
159,115,156,86
158,119,162,80
162,128,163,90
164,121,153,70
164,128,145,61
161,137,142,51
222,158,133,58
222,158,133,58
222,158,133,58
247,169,111,56
248,161,95,62
256,162,89,54
253,154,96,65
266,142,81,57
269,150,87,39
270,141,84,41
274,140,83,43
274,140,86,40
274,136,81,47
280,131,76,52
282,135,72,48
284,137,72,41
281,137,70,42
281,138,69,40
282,140,70,37
280,141,70,34
283,145,66,31
282,142,68,33
279,139,70,38
278,141,70,34
278,139,69,40
281,134,67,41
279,130,70,41
274,127,71,45
284,127,63,38
283,127,60,36
288,127,51,34
298,125,42,37
299,123,37,38
296,122,36,37
293,119,37,39
293,119,37,39
293,119,37,39
275,152,32,36
285,110,31,42
292,109,32,38
301,113,28,37
312,114,20,35
322,115,17,34
336,113,17,35
333,113,16,34
344,108,14,35
347,109,12,34
349,110,12,35
351,109,15,35
347,109,20,34
351,111,21,34
354,109,21,35
357,109,19,33
364,105,16,33
374,105,11,31
377,102,8,31
375,94,8,34
378,93,6,31
375,90,9,34
366,91,12,34
348,87,10,35
358,89,14,38
349,88,17,36
351,91,17,36
354,94,23,35
349,97,23,35
354,97,21,35
362,97,16,34
366,98,15,34
369,97,16,33
369,98,16,32
368,95,16,34
373,95,17,32
375,95,15,33
374,96,14,32
374,99,14,32
375,101,13,30
380,102,9,32
380,104,10,32
379,104,11,32
376,104,13,32
377,105,12,30
377,104,13,32
375,105,13,31
376,106,10,30
375,103,8,30
374,101,9,29
371,99,10,31
368,94,10,32
367,94,8,31
365,91,9,32
360,91,10,32
358,91,11,32
357,92,10,32
359,92,10,31
359,93,9,30
356,91,10,31
352,92,11,31
351,91,11,30
347,89,12,31
345,89,12,32
325,82,15,37
327,80,17,36
333,80,14,35
337,81,15,36
335,82,16,35
345,86,12,34
350,87,9,35
352,88,9,37
358,89,8,36
360,90,8,35
363,91,8,34
365,90,9,34
368,94,8,36
371,93,8,36
373,94,9,35
375,95,9,34
380,97,8,35
382,97,8,33
387,99,9,33
388,102,8,32
391,103,7,32
392,103,8,32
395,103,7,32
394,101,10,33
397,100,9,32
397,99,9,32
398,99,9,32
399,97,9,31
396,95,11,31
399,96,10,29
397,94,11,31
396,92,10,31
391,92,13,30
381,80,18,33
383,79,14,33
386,80,12,31
387,78,12,32
389,81,13,31
391,85,11,30
391,90,13,32
395,96,12,31
395,101,11,32
397,106,10,32
396,110,12,30
393,113,11,32
390,113,10,32
387,116,12,32
385,119,12,32
383,121,12,32
381,124,12,32
375,127,15,32
376,130,13,30
374,129,14,31
372,128,14,32
372,129,13,31
375,128,13,32
374,129,13,32
377,130,13,31
377,128,12,30
380,127,11,30
379,127,13,30
378,126,12,29
380,120,8,30
380,118,9,29
377,113,8,28
374,106,5,29
372,101,5,29
367,98,8,30
367,96,8,29
360,96,10,27
354,95,13,25
351,95,15,26
341,92,17,27
339,90,19,25
339,90,17,25
339,91,16,26
339,92,16,26
339,93,15,28
336,92,14,29
316,103,18,31
314,107,24,31
315,100,24,36
314,101,26,40
316,104,23,39
317,107,20,37
318,110,15,35
317,110,16,34
317,110,17,33
320,109,16,33
321,108,14,36
323,105,14,35
322,104,13,35
320,103,13,35
319,103,14,34
321,103,13,35
321,102,12,35
319,101,13,35
321,102,12,36
320,101,12,36
323,98,11,36
323,97,12,36
320,96,14,36
319,94,15,34
321,94,14,33
325,97,11,30
324,97,10,31
325,97,9,33
323,100,9,31
319,100,11,31
317,105,14,31
317,107,14,31
319,110,14,33
322,110,13,32
326,109,12,33
331,113,14,30
341,112,11,34
341,114,11,34
344,112,11,33
350,113,10,30
356,110,10,31
360,105,9,32
367,102,8,30
372,99,9,33
376,94,9,31
379,88,11,32
385,84,14,30
388,78,12,32
391,76,14,31
394,72,15,30
395,67,17,27
399,63,16,23
396,54,18,25
397,49,17,25
397,49,17,25
397,55,15,23
400,53,15,17
400,53,17,16
395,57,17,15
395,57,17,15
391,57,15,18
394,59,15,20
394,59,15,20
396,41,12,21
401,47,12,24
400,46,15,25
391,45,19,29
399,49,19,31
399,55,20,30
400,61,20,32
405,65,18,32
400,71,20,32
398,76,19,33
397,81,19,31
396,86,16,30
393,87,16,31
390,90,14,32
388,92,13,32
385,93,14,32
384,95,14,31
383,97,14,31
380,99,12,30
381,99,10,30
380,95,11,30
380,95,9,28
379,94,9,29
376,94,10,30
375,96,10,29
374,98,11,29
369,100,13,30
366,102,12,28
364,103,11,27
359,99,12,29
352,96,14,31
348,93,13,29
344,90,10,33
343,108,10,30
343,108,10,30
342,109,9,27
341,117,10,28
341,117,10,28
331,119,10,26
344,134,7,25
344,134,7,25
344,134,7,25
344,134,7,25
344,134,7,25
344,134,7,25
341,132,10,23
341,132,10,23
329,128,9,24
329,128,9,24
329,128,9,24
329,128,9,24
329,128,9,24
329,128,9,24
329,128,9,24
329,128,9,24
327,160,13,24
349,183,11,23
352,184,11,24
356,184,12,24
355,183,12,25
356,180,11,27
356,181,11,25
359,181,9,26
358,182,9,25
359,184,9,23
358,184,10,24
351,196,11,20
341,171,11,21
343,193,10,22
341,201,10,21
331,200,12,22
326,201,10,23
321,200,11,26
316,204,12,25
316,206,10,27
312,208,9,29
311,213,9,26
306,213,11,26
306,215,13,25
303,216,11,26
301,214,12,26
299,214,13,24
295,214,14,22
289,217,14,21
285,216,15,21
288,213,17,23
278,213,17,23
279,216,16,23
274,215,20,24
274,215,19,26
267,217,19,24
266,214,22,25
265,210,21,31
254,212,25,28
252,203,28,30
252,203,28,30
246,206,24,33
266,180,22,37
266,180,22,37
283,181,15,33
290,181,13,34
297,181,9,32
302,188,8,28
304,188,7,25
304,188,9,24
303,188,9,24
305,187,11,25
307,188,10,23
311,187,7,25
308,192,9,24
311,183,9,25
312,184,9,25
312,183,8,25
315,186,9,23
316,185,8,23
315,186,7,23
316,189,8,21
313,190,6,19
312,191,6,19
310,191,5,19
307,192,5,19
304,190,4,20
300,191,4,19
298,193,5,20
296,197,5,17
295,198,5,18
293,201,5,19
292,202,6,19
292,201,6,20
287,205,9,18
288,206,8,17
286,207,8,18
287,207,7,18
284,213,7,17
283,213,7,17
280,217,9,15
279,216,8,16
278,218,9,15
274,219,12,16
268,218,14,17
257,217,16,19
258,216,17,18
247,214,17,18
242,215,23,16
242,215,23,16
242,215,23,16
242,215,23,16
242,215,23,16
242,215,23,16
219,226,22,14
222,235,19,17
224,270,16,16
229,280,16,18
227,299,15,19
226,287,15,21
230,281,11,24
232,280,8,23
232,287,6,21
233,283,7,22
232,276,7,19
232,262,6,19
230,284,8,18
229,285,9,19
231,281,9,18
223,304,11,18
228,287,10,18
230,287,7,18
231,284,7,18
230,285,6,17
231,288,5,17
231,288,5,17
231,288,5,17
227,295,5,17
227,295,5,17
227,295,5,17
225,289,6,15
225,289,6,15
225,289,6,15
229,272,6,16
229,268,6,14
229,271,6,14
229,272,6,14
230,271,5,12
230,270,4,11
231,271,5,10
232,271,5,9
231,272,4,8
230,271,4,9
231,272,4,8
231,272,4,8
231,272,4,8
231,272,4,8
231,272,4,8
231,272,4,8
231,272,4,8
231,272,4,8
231,272,4,8
231,272,4,8
226,266,5,7
231,271,5,8
230,270,5,9
230,271,5,10
228,272,6,10
228,272,6,10
228,272,6,10
228,272,6,10
232,271,5,13
232,271,5,13
232,271,5,13
234,288,5,11
234,288,5,11
230,275,5,13
229,271,6,12
228,271,6,12
229,271,6,11
230,271,5,10
230,271,5,8
230,270,4,8
231,271,4,8
232,272,4,8
230,270,4,9
232,271,4,9
231,272,4,8
231,271,4,8
231,271,4,8
231,270,5,8
231,272,5,8
232,272,5,8
230,270,5,8
231,272,4,8
231,271,4,9
232,271,5,8
231,271,4,9
230,271,5,9
