338,164,98,54
335,166,103,50
335,167,104,49
334,164,106,53
334,164,105,54
334,166,107,52
334,166,105,51
333,165,107,52
334,166,106,51
334,165,105,52
334,167,104,49
333,164,105,53
333,166,105,50
334,166,104,50
333,166,107,50
334,165,105,51
334,166,105,51
332,167,108,50
333,167,107,50
334,169,106,47
335,165,104,51
334,166,104,50
332,166,108,51
332,167,107,49
334,167,106,50
333,166,108,51
334,166,106,52
334,166,106,51
332,166,107,51
332,165,109,52
331,167,110,49
330,166,112,51
332,166,109,52
332,166,108,50
333,164,107,54
333,166,104,50
333,167,106,51
332,164,109,53
334,164,106,53
332,164,108,53
332,165,108,52
333,166,107,51
334,165,105,52
333,166,104,50
334,165,106,52
333,166,104,51
332,166,106,50
334,167,103,50
332,166,107,50
333,166,105,49
334,165,103,51
333,165,106,51
332,166,108,50
333,167,108,48
332,165,106,52
333,166,108,51
332,167,107,49
332,166,107,51
332,166,107,50
333,166,105,51
332,166,105,49
334,165,105,51
335,166,102,50
333,167,107,49
332,166,107,51
333,166,106,51
333,165,107,52
333,166,107,51
334,165,107,53
334,166,106,51
334,167,106,48
332,166,110,51
332,166,109,50
335,166,104,51
334,165,107,50
334,165,109,51
333,164,107,52
334,164,107,51
336,164,106,53
335,163,107,53
335,164,107,50
335,163,106,52
334,165,111,49
335,164,109,52
335,164,112,52
336,164,110,52
337,165,111,52
337,165,109,51
338,165,110,52
336,166,110,50
338,167,111,50
336,166,110,51
336,167,109,49
337,164,110,53
340,165,108,52
337,165,110,51
337,165,107,50
337,165,110,51
338,165,109,51
335,162,112,55
337,162,111,55
337,163,110,53
339,165,109,51
337,164,108,51
335,163,108,53
337,162,109,53
336,162,109,53
336,162,109,53
336,164,106,51
336,162,106,52
335,160,111,55
336,159,107,57
335,160,105,53
336,158,109,57
335,156,106,58
336,155,107,60
333,156,108,58
337,156,104,57
335,154,103,60
335,154,108,59
335,153,105,60
334,153,107,58
333,152,107,58
334,153,110,58
333,152,110,60
335,152,106,58
333,153,108,56
333,150,108,59
333,151,108,58
334,151,106,57
335,152,104,56
334,148,107,62
333,149,109,60
333,148,110,60
334,147,105,61
333,147,105,61
335,147,106,60
333,147,109,61
334,145,108,63
333,145,106,63
335,146,106,60
333,144,106,61
333,143,110,63
333,144,107,62
333,144,109,60
333,141,109,61
333,144,107,57
332,141,112,60
331,142,113,59
331,139,115,63
332,140,106,60
332,136,110,64
333,140,106,58
332,137,112,63
332,139,108,58
331,137,112,60
331,137,113,60
331,137,111,59
331,137,110,58
331,137,110,57
331,136,109,57
329,134,112,60
330,134,113,61
330,135,110,59
330,133,113,62
330,133,109,59
329,131,112,62
331,132,106,60
329,131,112,61
330,130,107,62
328,131,114,62
330,132,106,58
329,131,110,60
329,131,110,62
329,132,108,60
328,133,110,60
329,133,106,59
328,133,106,58
329,135,106,56
328,136,107,56
328,135,107,59
327,136,108,58
328,137,104,58
327,137,107,59
327,138,107,58
326,140,106,57
326,139,107,60
326,142,107,56
325,141,106,59
326,142,105,59
325,142,106,59
327,144,105,57
324,145,109,57
325,146,107,55
324,146,110,57
324,145,110,59
325,145,109,59
326,147,106,58
325,148,107,55
327,148,106,58
324,149,109,55
327,150,107,55
324,151,113,54
325,151,109,57
327,151,105,57
324,151,112,57
325,153,109,55
326,152,109,57
326,154,108,55
326,154,113,57
327,153,110,58
328,154,107,56
326,156,111,55
325,156,114,56
327,154,111,58
326,155,112,58
326,155,113,58
326,157,112,57
325,157,116,57
326,156,115,58
327,161,115,54
327,160,113,56
326,162,114,55
326,163,113,52
326,164,117,53
328,166,114,51
329,165,113,53
331,165,112,53
330,166,114,53
332,168,112,50
332,170,112,48
333,170,112,49
334,170,111,49
335,170,109,49
337,171,107,49
337,172,108,46
337,172,109,47
336,171,109,48
338,171,107,49
338,173,107,47
339,172,106,49
338,171,110,49
340,171,108,49
341,173,106,46
342,170,108,51
342,169,110,50
341,168,111,52
343,166,112,54
345,169,107,51
344,169,109,49
346,169,109,49
345,168,111,50
345,167,110,50
345,166,110,51
346,167,111,48
346,167,111,50
347,164,110,52
347,166,112,51
347,166,110,50
347,165,113,51
347,163,113,53
347,162,117,54
344,162,116,55
347,162,118,56
350,162,111,53
347,162,113,54
347,162,116,55
349,159,116,59
347,158,118,58
347,158,118,60
347,161,118,54
348,160,120,56
347,159,120,56
347,159,123,56
346,160,121,55
347,159,122,57
347,161,120,54
346,159,122,55
347,161,121,55
347,160,122,55
346,160,125,55
344,160,128,54
345,161,124,53
347,161,123,53
345,159,126,55
346,160,129,53
343,158,130,56
344,157,131,57
345,157,127,58
347,156,125,58
346,156,127,57
345,158,128,55
344,156,131,57
343,155,130,60
343,157,130,57
345,156,129,58
347,157,124,57
345,156,127,57
347,157,124,57
344,155,130,60
344,154,127,60
344,157,129,57
345,156,128,58
345,156,128,58
345,156,127,59
348,158,123,56
346,159,126,55
346,158,125,56
346,158,125,56
347,157,125,58
346,156,126,59
345,154,129,60
343,157,131,55
345,155,129,59
345,158,129,55
345,157,129,57
345,157,128,57
347,156,124,59
347,156,122,57
345,155,127,60
346,158,128,55
349,159,120,54
348,159,121,56
348,159,120,55
346,156,126,59
346,156,123,59
346,157,125,57
347,157,123,58
349,157,119,58
348,159,123,54
348,159,121,56
349,156,118,59
347,156,122,59
349,157,117,58
354,158,110,56
354,158,110,55
354,159,111,54
353,158,110,56
350,156,116,58
347,157,122,57
350,157,116,55
346,159,119,53
346,158,121,55
344,156,124,57
344,156,123,57
344,155,121,58
347,155,118,57
353,157,107,54
349,154,112,59
346,154,117,60
345,154,116,58
348,155,113,58
346,155,114,57
347,154,114,57
350,155,108,56
347,155,112,58
349,156,111,55
351,155,106,57
347,156,112,56
350,156,105,55
350,157,108,53
348,155,108,56
348,157,109,54
348,157,107,55
346,157,110,55
346,157,108,55
346,156,110,56
346,157,108,56
344,155,109,58
344,156,109,56
345,157,104,54
343,156,109,58
342,157,109,56
341,157,108,53
341,160,110,51
341,157,109,55
339,157,110,55
340,156,110,55
340,156,110,54
338,157,112,53
337,156,117,54
337,156,114,54
337,156,111,54
336,156,112,55
337,157,107,52
335,157,106,52
335,156,107,53
332,158,122,52
333,155,114,55
333,155,112,55
332,156,113,53
332,155,113,54
332,156,113,53
330,158,118,50
330,156,115,54
331,154,111,55
329,155,118,53
328,155,118,53
328,155,118,52
327,155,118,52
329,155,112,51
328,154,112,53
326,155,116,52
327,154,116,52
324,155,121,51
327,155,118,50
324,156,123,50
324,155,122,53
325,155,122,53
324,155,123,53
323,155,121,55
325,156,120,52
324,154,122,55
320,154,130,57
322,154,122,57
325,155,118,54
322,154,122,56
322,154,125,56
321,155,124,55
323,153,121,56
323,153,119,56
324,152,115,57
324,152,114,56
323,152,118,56
320,153,123,54
321,153,119,53
322,153,120,53
319,154,123,53
321,153,117,54
322,154,118,53
321,154,116,53
319,154,123,53
320,153,124,55
319,153,127,55
317,153,131,56
324,154,121,55
323,152,123,58
321,152,126,61
323,153,125,59
322,154,125,56
322,152,129,62
323,152,126,59
323,153,127,62
324,153,125,60
323,153,127,59
323,154,126,57
325,154,123,57
325,154,122,57
323,153,123,60
326,154,119,57
325,154,120,55
325,153,119,57
324,153,119,56
322,153,124,56
324,154,120,54
325,153,117,56
327,153,108,57
326,156,108,54
327,156,106,54
325,155,113,56
327,157,113,55
328,157,108,53
327,154,110,56
328,156,109,55
327,155,109,55
328,154,108,57
329,157,105,52
326,156,110,53
328,153,107,57
329,154,101,55
329,154,101,55
328,153,103,55
328,155,106,53
328,152,104,56
326,153,109,54
329,153,105,54
327,154,108,52
327,153,108,54
328,152,107,54
327,152,111,53
329,152,108,54
328,152,108,54
328,154,107,50
330,152,104,52
330,153,102,50
329,152,105,52
327,153,107,50
326,152,113,52
326,152,110,51
326,153,110,48
325,153,111,49
325,151,111,52
324,151,113,50
326,152,109,50
325,152,110,48
325,153,112,48
326,152,110,48
325,151,111,51
325,152,111,50
328,151,108,54
329,151,106,51
328,152,108,49
329,152,108,50
330,152,104,50
327,153,108,47
327,151,109,49
328,151,111,48
327,151,110,48
332,150,107,49
328,151,106,48
328,150,109,48
327,149,109,49
328,149,107,48
329,150,107,47
329,150,104,48
330,150,103,48
329,148,104,50
328,148,107,49
328,149,106,48
329,149,105,48
327,148,106,50
326,146,111,52
326,146,107,53
328,147,105,50
329,148,102,49
328,146,103,51
326,145,107,51
326,145,105,50
329,145,104,49
327,145,104,52
328,145,102,50
327,143,105,51
328,145,103,50
326,143,106,52
327,143,105,52
325,143,107,52
326,142,107,52
327,143,103,53
328,141,105,54
325,143,109,54
325,144,106,53
326,143,103,53
327,145,101,53
326,144,104,53
325,144,105,54
324,144,107,54
323,143,111,55
326,146,103,52
325,147,102,52
325,148,105,51
325,147,106,53
322,148,110,53
324,147,109,54
323,148,109,54
324,148,107,54
323,149,108,53
326,147,107,55
326,148,105,56
328,150,103,52
329,148,102,55
331,149,98,54
330,148,101,55
332,148,98,55
333,148,94,54
335,147,89,54
335,148,91,55
337,147,87,53
337,146,87,56
340,147,78,54
340,147,81,54
342,147,74,54
344,146,71,55
342,145,77,55
342,145,76,55
342,143,76,57
347,143,69,56
345,144,70,56
351,144,62,56
348,144,64,56
351,145,63,54
347,145,67,54
349,145,63,55
355,144,57,55
352,143,58,57
360,146,49,52
360,145,48,54
361,144,48,55
359,144,51,55
353,145,57,53
352,145,58,55
347,142,64,58
349,143,62,55
351,142,58,57
352,143,58,56
347,142,63,57
349,142,61,58
348,142,60,57
349,140,60,60
350,143,59,57
350,143,58,56
351,143,56,57
350,143,56,57
350,142,55,59
352,144,53,57
352,144,51,57
355,141,46,61
354,140,46,62
357,139,43,64
357,139,41,64
359,139,37,64
361,136,34,66
362,139,32,66
365,138,28,65
365,139,27,65
370,140,25,65
372,137,24,69
373,137,23,68
374,142,24,62
375,139,24,64
377,137,24,67
379,138,24,65
381,135,23,68
383,136,22,67
385,139,23,63
388,144,22,59
390,147,21,55
368,146,24,57
395,150,21,53
365,146,29,56
363,147,36,55
360,145,44,57
358,143,49,60
357,144,54,59
355,143,62,61
353,143,68,61
352,143,71,61
350,145,73,57
349,145,75,58
347,144,79,57
347,145,81,56
345,143,84,60
345,146,85,53
344,146,86,57
343,143,91,58
343,144,89,58
343,147,90,53
343,145,90,56
343,146,89,56
340,144,95,59
339,143,96,59
341,146,95,54
340,146,96,55
338,143,101,60
340,143,96,60
340,145,97,56
340,147,94,54
339,144,99,57
338,145,100,55
337,144,101,56
339,145,100,55
338,144,100,57
338,145,101,55
338,144,102,56
339,147,99,52
336,143,106,58
336,143,104,57
337,145,102,55
338,145,100,55
337,145,102,55
338,143,103,58
338,146,100,54
336,144,104,57
337,144,102,56
338,146,103,54
336,146,101,54
336,148,103,52
335,146,104,54
335,146,103,55
337,146,102,54
335,145,104,55
338,146,104,55
336,145,104,55
337,146,105,55
335,145,104,57
335,144,106,58
336,145,104,55
336,143,106,57
334,143,108,58
336,145,103,56
335,144,104,55
335,145,105,55
335,144,107,56
334,143,108,57
336,144,103,56
334,142,110,57
333,144,108,55
336,143,105,58
335,143,108,57
333,140,112,59
334,142,108,59
334,141,111,59
333,141,111,60
332,142,112,61
332,141,112,63
332,141,111,64
332,141,111,67
335,139,109,72
330,139,117,73
333,141,110,69
333,138,113,78
333,139,112,77
335,141,104,72
333,140,112,75
332,141,109,74
334,143,109,73
334,141,109,75
333,141,111,75
331,142,111,73
331,141,115,75
333,142,109,75
329,138,115,79
330,141,115,77
329,139,116,79
329,142,114,77
328,142,115,76
329,143,113,75
330,138,113,80
330,135,114,85
330,138,115,82
327,134,119,87
328,137,118,83
329,134,116,86
327,126,119,95
326,130,120,92
331,119,113,104
327,121,119,102
326,123,120,100
330,127,113,96
327,122,116,101
327,133,116,89
329,130,117,93
326,128,120,93
328,136,113,86
327,126,117,96
328,126,114,96
331,123,112,98
331,127,111,94
334,125,108,97
332,125,108,96
334,123,107,98
334,120,106,102
338,122,98,100
334,122,104,100
333,121,104,100
331,121,106,99
330,119,105,102
330,120,107,101
332,118,103,103
332,118,102,103
340,120,91,101
350,117,80,106
362,121,64,102
363,122,62,99
364,121,59,102
366,121,55,100
362,120,63,103
364,119,59,103
363,117,61,106
362,120,62,103
365,121,57,101
363,121,61,101
362,121,61,101
365,120,54,102
365,120,56,102
365,121,54,101
363,120,57,103
364,122,55,100
364,121,54,101
364,118,55,103
364,121,55,102
364,122,55,99
363,124,55,96
364,122,54,99
365,122,51,100
363,121,56,102
363,125,55,96
364,121,54,99
363,121,55,101
363,121,56,100
363,122,55,98
364,122,51,99
363,124,54,97
363,121,54,101
365,123,52,100
365,121,52,100
365,121,52,103
364,122,53,102
363,123,55,99
365,124,52,98
364,121,55,103
364,123,53,101
362,121,58,105
363,123,56,99
362,121,58,105
362,122,57,101
362,123,57,100
364,123,53,100
363,125,57,100
364,123,54,99
364,123,53,101
364,121,54,102
362,121,58,104
364,124,54,99
364,121,55,101
364,125,54,97
364,123,54,98
364,120,52,102
363,122,55,100
365,120,50,101
364,120,52,104
367,121,48,100
363,122,54,102
363,123,54,98
364,121,52,102
363,122,53,101
363,120,53,101
362,122,54,99
362,120,54,101
362,122,56,98
363,120,52,100
363,122,53,96
364,122,51,95
363,121,55,96
364,122,51,95
364,122,51,92
363,123,54,91
363,122,52,93
363,122,52,90
362,128,55,83
362,131,53,79
361,129,58,81
361,133,56,75
360,133,57,75
360,135,58,73
362,135,53,66
361,133,52,69
362,134,52,68
362,134,53,68
361,133,53,70
360,135,59,69
360,133,55,71
361,134,54,65
361,135,55,65
360,135,55,56
360,135,56,59
360,137,57,57
359,139,59,49
356,141,66,52
356,143,66,51
356,145,72,60
360,146,67,68
360,148,71,75
360,150,69,74
359,150,70,61
358,155,78,52
359,155,74,45
357,156,76,41
358,157,73,37
356,157,74,36
355,156,73,37
354,156,75,35
351,155,81,38
348,157,89,39
347,155,90,39
342,156,99,39
337,154,103,43
331,153,110,43
328,157,122,40
326,162,136,37
323,148,136,49
326,160,138,40
327,164,134,33
324,157,129,37
326,159,130,40
327,154,120,40
326,156,126,40
325,153,125,41
325,152,129,44
326,151,127,44
324,149,132,48
325,148,128,49
327,144,128,55
328,148,126,52
326,153,130,45
323,152,128,48
323,151,132,50
327,149,129,55
326,152,128,51
326,149,126,57
325,152,127,51
324,151,129,54
327,152,126,54
327,151,124,55
326,150,127,58
327,151,128,62
325,150,128,58
326,152,126,59
324,148,128,60
323,149,128,61
322,152,129,59
321,151,130,61
325,153,126,60
323,149,125,61
325,151,124,65
323,149,125,63
320,153,134,61
323,146,126,66
327,154,125,60
326,150,126,62
323,157,130,56
328,156,123,58
326,152,127,61
326,160,127,53
328,155,124,58
327,155,125,58
329,159,124,55
330,159,123,53
330,160,124,54
330,159,123,54
331,159,123,54
330,155,123,59
329,159,124,55
329,158,124,55
328,158,128,55
328,152,127,62
329,155,123,59
328,153,127,61
328,154,126,60
329,153,122,61
329,153,122,61
331,153,119,61
329,152,123,63
330,150,123,65
327,156,126,60
331,147,120,68
333,150,118,67
329,154,126,62
328,153,128,64
329,155,127,62
334,149,118,69
329,154,124,65
334,155,119,63
333,156,119,63
331,156,123,64
332,159,120,61
331,159,121,60
333,158,116,61
336,158,113,62
333,158,116,62
336,157,114,65
339,157,109,65
335,158,112,63
338,158,112,64
337,158,111,64
339,159,109,63
339,159,110,63
338,159,109,63
333,158,116,63
340,160,107,61
339,159,107,63
336,157,113,64
338,158,108,64
334,155,114,66
335,159,113,62
334,156,114,65
335,155,112,66
338,158,108,64
340,154,105,68
336,157,112,64
336,157,112,64
337,158,110,62
339,157,107,64
338,155,107,67
339,160,107,62
338,156,109,65
337,158,110,63
339,156,105,66
340,156,106,65
339,156,109,66
337,155,111,67
339,159,108,62
337,157,108,64
341,157,105,66
342,154,104,69
352,150,94,74
339,138,85,87
339,127,87,102
339,127,87,102
339,127,87,102
339,127,87,102
339,127,87,102
339,127,87,102
339,127,87,102
339,127,87,102
339,127,87,102
339,127,87,102
339,127,87,102
339,127,87,102
339,127,87,102
339,127,87,102
339,127,87,102
339,127,87,102
339,127,87,102
339,127,87,102
339,127,87,102
339,127,87,102
339,127,87,102
339,127,87,102
346,123,66,102
350,138,57,87
359,127,53,99
362,132,48,96
361,126,47,99
366,130,44,96
358,126,53,101
358,134,56,91
357,130,54,95
358,127,51,102
358,132,49,95
356,127,51,101
357,131,49,96
358,127,48,102
358,139,50,89
357,132,49,94
358,130,47,99
356,131,51,98
357,132,49,95
355,129,50,100
354,131,52,98
355,128,51,101
356,131,49,99
358,131,45,99
357,132,48,97
354,128,51,103
354,130,51,101
355,134,50,94
354,131,50,100
353,131,51,100
353,131,51,99
352,132,52,99
352,132,52,97
353,134,51,97
353,131,51,98
352,135,53,94
352,133,52,94
351,135,53,94
350,132,55,95
349,135,56,93
349,135,54,92
349,135,56,94
349,133,55,92
349,135,53,90
349,136,54,89
348,131,55,94
347,133,57,89
350,135,53,87
346,134,57,86
349,134,53,85
350,134,53,86
346,131,58,90
347,132,58,87
349,134,54,82
350,135,53,84
351,135,53,86
350,130,55,94
349,133,61,88
347,133,70,90
344,138,91,88
352,147,93,77
334,153,112,66
338,153,107,65
336,151,109,69
338,150,109,71
338,150,109,71
337,152,109,64
338,149,107,73
333,149,118,70
335,147,112,73
335,145,107,71
334,146,118,76
333,142,123,84
331,144,129,77
332,148,145,68
319,143,143,88
332,147,141,91
329,146,143,121
331,125,136,148
350,130,110,145
354,148,101,125
347,141,113,132
356,123,97,148
359,143,90,131
351,131,100,142
359,136,85,138
359,126,82,148
360,139,82,132
358,123,82,150
361,128,76,143
360,125,75,150
359,123,76,147
359,127,80,146
360,120,73,152
358,123,79,151
356,126,80,146
359,118,74,155
357,122,80,154
355,131,82,140
360,140,76,136
357,125,79,152
353,134,82,141
347,115,87,156
339,140,100,135
339,145,101,129
341,143,97,131
338,143,103,127
339,142,100,131
334,143,108,123
332,142,110,127
329,141,111,128
327,141,114,126
324,140,117,131
324,140,115,131
319,142,119,129
322,143,117,128
338,144,102,125
345,141,90,132
343,142,94,128
342,142,93,130
339,141,97,129
343,146,93,127
334,126,101,149
341,142,93,132
341,139,96,130
341,144,96,128
341,142,95,127
342,143,95,128
345,146,91,123
346,143,89,126
343,146,96,127
341,144,96,125
341,146,98,126
342,144,96,127
341,146,99,125
343,143,95,127
343,146,94,128
345,145,91,126
347,145,89,125
349,147,87,125
337,125,103,151
337,140,103,132
344,147,93,125
340,144,98,125
349,149,88,124
345,149,94,121
350,147,86,125
345,147,92,124
347,148,92,125
341,147,96,123
350,152,90,120
350,149,86,120
345,149,92,121
343,150,94,122
347,149,90,120
352,151,83,123
352,153,86,117
347,151,90,120
350,151,90,121
346,150,90,121
351,154,86,119
348,152,88,119
350,152,88,120
342,152,96,120
350,155,87,120
342,155,95,115
350,155,89,117
345,152,92,120
350,153,91,122
339,151,98,124
341,154,99,118
353,151,88,122
350,155,86,118
351,156,89,118
345,156,93,117
352,151,91,122
356,154,84,122
333,161,101,105
329,155,107,105
320,152,124,119
313,157,133,109
307,160,119,75
307,163,137,66
303,165,124,63
312,163,131,65
300,168,129,59
308,165,139,64
308,171,134,82
296,172,132,59
317,159,134,70
305,170,140,77
290,168,160,65
311,156,149,77
306,165,145,93
292,161,159,96
335,154,128,103
335,154,117,118
340,151,109,126
355,148,91,129
363,150,81,127
365,149,76,125
368,153,75,121
371,151,70,122
360,156,82,117
363,155,79,120
369,150,73,124
359,156,83,116
362,153,81,121
372,150,66,124
356,147,89,128
368,155,71,118
359,158,81,115
372,152,67,124
361,154,81,119
368,151,71,122
369,153,70,120
369,150,70,125
368,148,72,125
369,154,70,119
368,152,71,120
368,152,71,122
368,152,74,122
369,153,70,120
369,151,72,123
369,159,70,114
371,158,68,115
372,153,69,122
370,154,72,120
372,157,68,117
372,152,69,122
373,155,69,121
373,153,68,121
376,158,63,118
374,153,67,123
375,155,66,120
375,150,68,126
375,148,69,127
374,151,69,126
375,147,67,128
376,151,68,128
375,148,68,127
373,149,72,126
374,148,70,126
373,148,72,126
376,154,67,123
375,152,70,125
375,152,70,124
374,148,71,129
371,147,75,131
373,153,71,126
372,152,73,126
370,154,74,126
370,155,75,124
365,158,81,119
367,155,78,123
368,158,77,119
368,157,80,118
367,158,82,115
367,159,81,114
368,160,78,112
367,161,78,111
366,155,81,117
363,159,86,111
366,156,81,119
366,156,82,120
365,158,83,112
365,159,83,113
366,159,81,113
365,160,82,111
364,157,85,116
366,158,81,115
366,157,81,115
364,156,85,115
366,160,83,113
366,157,81,113
366,160,81,111
367,158,80,113
366,158,81,112
368,161,79,108
367,160,81,106
367,161,80,107
366,162,85,107
365,157,83,110
369,160,80,112
368,159,81,110
366,157,87,111
368,160,83,110
366,158,86,109
368,158,85,111
367,158,85,112
366,156,87,111
369,157,83,112
369,158,82,111
368,159,86,111
372,155,77,116
374,157,75,115
373,157,75,111
373,154,77,116
376,156,75,115
375,153,76,117
377,156,74,115
377,154,74,116
379,156,74,113
381,155,73,115
381,155,78,115
383,158,75,112
384,157,76,114
386,157,76,114
387,156,74,113
390,156,75,115
391,158,76,112
388,151,81,118
396,160,74,111
400,157,73,112
399,159,75,111
401,156,74,115
406,159,72,111
406,159,74,112
408,159,71,112
407,158,71,111
411,157,71,115
412,160,69,112
414,157,69,117
413,160,71,113
413,158,73,115
417,157,68,115
418,158,66,115
419,161,67,113
421,159,64,115
421,158,64,116
418,159,69,112
415,161,74,109
419,157,70,116
419,161,69,110
418,161,72,111
417,157,72,114
417,160,72,112
417,158,73,113
415,159,72,111
415,158,71,113
416,156,72,115
415,156,71,113
417,157,73,116
415,154,73,115
416,153,71,120
415,157,73,113
414,157,73,113
414,159,72,112
412,155,75,115
414,158,72,113
409,155,76,116
413,159,71,113
412,156,70,113
413,157,70,116
412,156,71,115
412,153,70,118
410,156,72,115
411,154,72,118
410,155,74,114
412,157,69,115
412,154,70,117
413,154,68,118
411,152,69,119
412,153,70,119
411,154,69,117
413,161,66,110
411,158,68,113
410,155,69,116
412,158,67,112
410,155,70,113
408,158,73,112
408,154,73,115
408,163,73,106
408,161,73,107
407,162,74,107
407,161,75,108
405,157,77,112
409,156,72,114
409,158,73,111
409,156,75,114
409,159,74,110
410,159,71,109
410,157,72,112
408,155,75,114
407,158,75,110
409,162,74,107
408,159,75,109
408,155,75,115
411,159,71,111
410,157,72,113
413,160,72,111
410,161,73,109
410,158,72,112
409,159,75,111
410,153,75,118
411,158,74,114
413,154,72,117
413,157,72,114
410,153,76,118
412,155,77,119
412,157,74,114
414,158,72,115
414,159,75,114
414,157,76,117
416,152,71,121
416,155,73,120
417,157,73,119
416,157,75,116
415,155,77,118
417,157,77,118
415,159,78,116
418,162,74,114
418,159,74,115
418,158,76,117
418,158,77,119
419,156,74,120
418,161,76,113
419,153,75,124
420,158,73,119
420,159,72,117
419,157,73,120
417,157,77,117
417,158,79,118
416,152,77,123
417,156,76,119
416,153,75,122
414,156,77,121
411,155,82,118
412,155,80,121
412,155,78,121
411,149,80,127
412,155,78,120
411,154,78,121
409,158,80,117
410,157,80,117
409,156,79,118
409,156,80,119
407,154,83,122
408,155,80,122
408,156,82,116
409,159,79,116
408,154,79,123
406,155,81,119
409,154,78,123
408,155,78,119
407,154,82,123
407,151,80,123
406,152,81,122
409,158,77,121
409,157,75,118
407,154,78,122
405,151,80,123
405,156,84,120
406,156,79,119
406,157,79,119
405,154,81,119
408,154,77,124
408,157,77,118
408,153,76,123
406,156,78,118
405,153,79,122
407,152,78,126
405,153,80,123
406,153,79,122
404,154,81,123
405,152,80,123
406,155,79,119
408,153,77,123
408,154,78,123
408,152,77,124
408,155,77,121
407,157,79,118
408,154,78,123
407,150,78,126
406,154,81,122
406,154,80,118
401,155,85,119
409,155,77,122
408,152,79,123
408,153,80,123
410,156,75,117
409,154,78,117
412,153,72,119
413,150,73,122
411,151,76,119
410,151,75,119
410,150,77,120
409,154,78,116
407,151,81,118
408,150,80,117
412,153,75,118
415,152,70,119
415,152,69,120
412,153,72,118
409,153,73,118
412,154,70,117
411,153,69,118
412,157,68,113
409,153,70,118
408,153,72,117
410,155,68,117
408,155,69,117
407,152,69,121
407,152,68,122
407,153,66,120
407,154,64,121
405,151,65,123
403,154,65,123
403,149,63,126
403,149,60,127
401,153,62,124
397,156,62,118
393,160,66,114
390,156,69,118
390,159,67,114
383,154,72,119
387,154,68,120
384,153,70,118
382,153,71,119
384,153,67,120
383,149,68,122
383,154,67,116
384,151,63,120
383,149,64,123
382,147,64,124
383,150,62,122
379,148,65,122
381,147,63,125
380,147,64,125
377,150,68,123
377,152,68,119
376,149,70,121
378,151,66,121
377,147,68,125
375,149,71,122
377,151,69,119
377,154,69,116
376,151,71,120
370,153,77,117
373,154,73,117
374,152,72,119
374,153,73,118
374,154,73,115
371,154,78,115
375,155,76,116
373,155,76,115
373,156,79,115
369,155,83,115
374,158,81,115
373,155,81,117
373,154,83,118
374,158,84,116
373,159,82,113
376,164,82,109
372,159,89,114
375,162,85,108
375,164,86,110
377,160,85,113
374,160,94,113
376,159,89,114
379,160,86,115
378,157,88,117
379,157,90,119
380,160,90,114
381,161,93,115
382,161,93,114
384,158,92,117
388,166,88,110
389,165,88,110
391,165,85,111
391,165,89,112
394,169,84,106
394,158,83,117
396,161,78,114
393,164,100,103
389,166,112,84
389,174,116,79
398,190,106,61
402,194,103,55
393,172,97,76
401,191,110,64
387,167,118,91
403,189,110,74
402,195,116,61
407,199,115,57
391,185,134,74
401,200,127,60
388,175,131,87
390,169,142,95
392,183,145,80
398,200,140,62
384,173,133,89
397,193,145,70
393,201,150,61
375,172,146,78
396,184,138,79
388,182,129,84
397,196,145,68
379,163,134,80
392,163,122,98
396,164,144,103
395,158,142,108
395,163,145,105
396,167,147,102
397,160,142,110
398,159,144,108
396,160,147,110
397,157,127,116
399,156,138,114
396,159,145,114
397,153,134,119
399,165,142,108
399,153,123,117
402,151,96,124
404,150,91,126
404,149,90,128
403,143,93,134
405,147,90,130
406,147,90,130
407,146,87,132
406,146,89,131
407,146,91,132
408,147,85,132
407,147,87,132
409,144,89,135
409,144,88,134
408,144,92,133
409,148,90,129
407,146,93,130
410,148,90,128
409,146,90,128
408,148,88,128
409,144,87,134
410,138,85,140
410,144,86,133
410,145,85,132
410,147,86,129
410,150,85,125
410,148,85,132
410,150,84,127
408,150,87,129
410,149,85,130
408,150,91,129
409,148,90,133
408,148,90,131
408,151,94,128
408,149,91,132
409,148,90,132
410,151,89,130
409,151,89,129
408,147,90,133
409,145,90,135
409,145,89,133
408,147,96,130
409,149,89,129
408,140,90,139
408,146,92,132
407,141,95,137
410,138,88,141
409,137,91,141
408,146,93,131
408,147,96,130
408,146,94,132
408,143,94,135
407,145,95,132
407,148,99,128
407,145,95,134
407,154,100,124
405,155,114,123
406,149,97,131
404,151,109,129
406,157,99,121
408,159,106,116
402,153,103,125
402,162,121,114
398,159,125,119
402,153,110,124
401,158,112,120
401,152,110,124
405,158,104,123
402,159,110,120
398,157,112,123
398,157,108,124
392,154,114,125
393,151,109,133
393,154,110,129
391,157,110,122
387,155,112,125
386,159,113,121
384,152,111,127
383,158,112,122
381,152,111,126
379,156,115,125
376,155,115,122
376,152,113,129
377,160,111,121
371,155,116,124
368,152,120,125
368,159,117,117
365,153,116,125
361,154,120,122
360,151,117,125
357,156,119,120
353,154,121,122
348,155,123,119
349,157,121,120
346,155,122,118
343,157,122,119
343,156,120,118
338,155,124,120
335,152,124,122
331,153,127,118
331,156,124,117
329,156,125,117
324,161,129,110
325,159,125,112
318,154,129,116
315,155,131,117
313,155,133,115
311,154,133,118
312,159,132,111
307,157,131,112
310,159,142,112
303,155,135,113
297,161,140,113
295,152,138,119
297,154,138,117
288,158,145,112
301,153,142,117
297,150,138,122
287,152,146,120
288,156,144,115
303,157,143,111
294,152,138,119
283,156,150,117
293,156,153,116
283,152,151,120
276,149,157,127
294,151,150,118
279,149,152,125
290,158,161,113
273,151,161,125
289,156,157,114
284,154,149,117
274,155,159,120
270,150,164,125
259,158,179,117
273,153,164,124
272,156,159,119
263,156,173,120
266,157,168,121
264,155,172,121
263,156,173,123
266,156,168,121
264,153,171,127
262,156,172,123
266,154,172,126
266,149,170,131
268,154,170,126
264,152,173,127
265,154,174,125
261,156,175,125
265,157,172,125
266,148,170,133
268,154,171,127
261,149,178,132
270,157,171,123
267,154,175,127
266,151,175,131
268,156,173,124
269,152,172,130
264,152,179,131
266,152,177,131
265,156,176,125
265,154,176,129
269,153,174,131
265,156,176,128
262,147,179,138
269,156,173,128
263,152,181,131
264,153,178,129
271,156,168,124
267,150,176,133
257,156,184,127
260,156,178,125
260,153,176,128
267,151,168,130
261,157,174,125
261,155,173,128
258,152,176,130
260,156,175,126
252,154,180,129
269,150,163,132
266,149,161,134
261,148,167,135
261,145,169,140
262,143,162,140
262,146,164,136
265,146,161,137
261,146,160,136
263,146,164,137
261,149,161,133
265,143,162,139
267,143,154,141
261,147,161,134
266,148,156,134
263,145,157,137
268,149,153,130
270,149,145,131
269,147,152,134
273,146,143,137
272,146,143,135
273,145,143,135
276,146,136,135
275,149,138,130
277,145,134,137
280,147,130,136
278,143,133,138
281,148,129,136
281,144,126,136
286,141,123,145
283,138,125,142
287,138,122,144
289,142,123,141
286,137,126,144
284,138,128,142
286,138,126,143
284,138,127,141
285,139,127,140
288,138,126,142
288,145,124,132
286,137,124,143
288,135,123,144
289,139,121,141
288,141,123,138
286,137,122,145
288,138,123,143
286,140,126,140
285,139,123,144
289,142,119,139
290,130,118,151
289,135,120,148
284,138,125,145
297,140,112,144
289,136,117,148
290,141,115,140
287,146,119,139
291,140,116,144
287,140,121,148
294,132,111,149
297,143,107,143
301,137,99,147
306,141,95,146
317,144,81,144
316,146,83,143
317,142,83,147
317,147,81,141
316,154,83,133
316,149,83,138
316,150,84,139
314,145,86,146
314,146,86,143
316,146,84,142
317,150,82,140
318,147,81,146
315,146,86,146
318,151,82,139
317,151,84,139
318,149,82,140
317,152,84,137
317,150,88,140
317,150,87,139
319,150,84,137
316,151,89,133
318,151,87,134
320,152,83,129
315,155,92,128
314,159,93,124
319,153,88,128
315,149,91,135
317,152,90,130
320,158,85,122
319,156,87,127
322,157,84,123
317,154,93,122
325,154,81,129
321,157,86,124
324,156,83,124
324,153,83,127
318,153,101,128
318,150,97,134
323,163,91,119
320,159,101,117
