346,280,43,35
346,279,41,35
346,280,41,35
347,279,39,36
347,279,40,35
347,279,40,36
347,279,40,35
347,279,39,35
346,280,41,35
346,278,40,37
347,279,40,35
347,279,40,35
348,279,39,35
346,279,41,36
347,279,41,36
347,279,40,35
347,280,40,34
346,279,41,35
347,279,41,35
346,279,41,36
346,279,42,35
346,279,41,36
345,280,42,35
346,279,40,36
346,279,40,35
346,279,42,35
345,280,43,35
346,279,42,35
347,280,39,34
347,279,41,34
346,279,40,35
345,279,42,35
345,279,42,35
345,280,44,35
346,280,43,34
345,280,43,34
344,279,43,34
346,279,41,33
346,280,41,34
346,279,41,35
347,279,40,35
347,280,41,34
346,280,41,33
347,280,41,34
347,282,42,33
349,283,40,30
349,281,40,32
349,283,39,31
349,284,39,30
347,284,43,28
347,282,43,31
347,280,42,35
347,279,42,34
347,281,39,33
347,280,38,34
345,275,38,37
337,269,43,43
328,266,48,44
319,261,54,47
316,256,54,46
316,256,54,46
316,256,54,46
316,256,54,46
316,256,54,46
316,256,54,46
316,256,54,46
316,256,54,46
316,256,54,46
316,256,54,46
316,256,54,46
316,256,54,46
316,256,54,46
316,256,54,46
316,256,54,46
316,256,54,46
316,256,54,46
316,256,54,46
263,251,49,41
266,248,45,45
266,248,45,45
266,248,44,44
267,247,42,45
266,249,44,43
266,246,45,46
266,246,44,45
267,247,44,44
267,248,44,43
267,247,44,44
268,248,43,44
268,246,43,46
268,246,43,46
267,248,43,43
267,248,42,44
267,247,43,45
267,247,43,45
266,248,44,45
266,247,44,47
266,247,44,46
267,248,43,43
267,247,43,45
267,248,44,45
266,246,45,46
266,248,44,44
266,246,44,45
267,248,43,44
267,248,43,44
266,247,44,45
265,247,45,46
266,247,45,45
262,247,49,46
259,247,51,49
264,246,48,47
262,247,49,49
267,248,44,44
267,248,44,45
266,247,44,45
266,246,45,46
265,248,47,45
267,248,44,44
266,247,46,46
266,247,45,46
267,249,45,43
269,248,45,44
269,247,46,47
270,248,47,46
272,249,48,47
274,248,50,50
277,248,51,51
280,247,51,52
283,248,52,53
286,248,54,53
287,249,58,56
291,249,60,59
292,249,65,58
294,248,68,65
297,253,72,60
300,256,77,58
301,262,81,54
302,270,84,47
302,270,89,46
303,271,93,43
308,270,90,45
315,264,85,52
330,261,68,57
342,260,55,59
342,265,53,52
337,262,55,57
359,266,62,52
348,275,71,45
351,277,71,40
356,279,66,38
356,276,65,42
354,277,69,40
354,277,67,42
355,277,65,42
351,277,68,42
352,278,66,42
356,278,63,39
357,277,62,43
358,276,63,42
360,276,61,43
364,273,57,45
368,269,58,49
372,266,62,52
376,259,60,48
378,253,62,47
379,245,64,53
382,237,61,61
385,231,59,63
389,222,54,74
272,236,48,54
276,242,42,45
273,247,47,40
276,250,46,39
270,251,51,39
269,253,51,40
267,254,53,42
268,255,53,46
278,258,44,41
273,256,47,43
265,255,56,50
263,254,58,51
262,252,58,52
269,253,53,50
263,252,60,47
263,252,58,50
263,252,58,45
263,253,56,42
264,254,56,43
262,252,58,50
262,252,56,50
263,253,55,45
264,253,53,41
264,253,53,43
263,252,53,48
262,251,54,46
262,251,52,46
261,251,53,54
262,251,55,52
261,251,54,54
262,251,54,53
262,251,52,52
264,251,51,47
262,251,53,47
265,252,52,44
263,252,52,41
262,252,53,41
264,252,52,43
264,252,49,41
262,251,51,42
263,252,52,47
263,251,53,47
263,252,52,51
262,251,54,48
263,251,54,49
261,251,54,57
263,250,54,59
262,250,55,58
261,252,57,58
261,251,59,56
260,250,59,58
260,251,61,64
261,251,61,63
261,251,63,65
260,252,65,61
260,253,64,56
259,254,66,56
260,254,66,55
261,253,63,60
259,253,66,57
258,253,66,64
259,253,65,57
260,252,64,60
261,252,62,62
260,251,63,59
258,253,66,62
258,251,65,60
260,253,65,61
260,254,65,54
259,253,66,55
258,252,67,62
259,253,66,56
259,255,65,56
261,254,63,51
260,254,65,49
259,254,65,47
259,253,66,50
256,254,67,47
260,255,65,49
259,253,65,51
260,253,64,56
259,252,63,56
259,251,64,58
258,251,64,56
259,251,61,57
260,250,58,56
260,249,56,57
259,248,56,53
261,247,55,56
261,244,57,60
261,241,58,63
261,237,59,68
261,233,62,71
358,241,64,59
359,242,64,57
358,241,68,59
359,239,66,60
359,236,68,62
359,234,65,61
359,234,64,62
358,230,68,63
357,229,66,61
356,227,65,62
356,223,64,67
355,222,63,67
354,219,63,69
352,220,66,70
349,221,70,69
347,222,71,69
348,223,67,69
347,224,67,70
346,225,68,70
345,228,70,67
345,229,67,66
343,230,70,64
343,233,71,61
345,235,68,57
344,238,71,55
343,239,75,54
349,241,69,51
349,243,71,48
350,245,70,46
351,244,70,46
348,242,72,46
337,239,75,51
313,236,95,56
301,239,106,51
301,242,106,46
299,232,93,55
302,233,80,56
297,251,88,38
296,243,90,48
301,259,86,51
296,254,95,61
301,249,92,66
303,251,92,65
302,255,93,62
301,253,95,63
300,264,99,53
298,257,97,57
298,261,99,53
297,256,96,56
301,254,88,62
304,256,84,56
302,254,86,58
302,253,86,56
304,254,83,57
299,252,89,59
301,252,84,56
303,250,81,60
307,249,76,58
304,247,80,60
303,247,81,61
305,246,81,63
298,247,86,63
295,245,91,63
296,244,89,65
296,245,91,64
298,244,88,65
298,253,87,56
298,255,89,50
301,249,83,58
294,246,91,63
300,253,88,54
298,248,88,59
299,247,87,61
298,247,89,60
301,250,87,57
301,248,87,58
301,251,87,57
299,247,88,59
302,250,85,57
298,247,87,59
300,251,85,56
296,247,87,60
297,249,84,61
299,247,79,61
294,247,84,63
291,250,85,60
292,253,83,56
293,255,81,55
299,267,74,44
308,272,65,39
308,275,66,35
312,275,62,35
310,276,62,34
320,277,53,33
323,274,50,36
329,276,43,33
330,275,38,35
331,271,35,38
332,271,34,39
332,272,36,36
331,273,40,36
329,273,42,37
329,273,40,36
329,273,39,34
328,275,41,33
328,275,36,32
328,274,35,32
327,276,39,33
327,274,37,33
327,275,39,34
337,274,49,36
326,277,61,34
327,276,60,35
327,277,59,34
326,277,62,34
324,273,68,38
324,273,73,40
326,274,71,38
324,274,72,38
326,273,71,38
323,274,72,37
324,274,70,37
327,274,62,35
326,276,62,35
327,276,61,34
326,276,64,34
327,276,62,33
326,277,63,33
327,276,62,34
326,275,63,35
328,275,59,35
326,274,62,35
327,274,61,35
327,272,65,38
328,271,68,38
330,268,68,40
333,261,65,44
332,258,67,43
330,254,65,46
332,251,63,48
330,248,64,50
328,247,64,50
328,246,64,50
328,244,67,50
328,243,65,52
329,244,68,50
328,242,67,50
329,244,68,48
328,245,70,47
328,246,71,45
327,245,73,46
327,245,72,45
329,245,70,46
328,244,72,47
329,243,71,47
330,241,71,49
329,240,74,51
330,239,70,49
330,239,71,49
330,236,69,50
328,234,71,51
327,231,71,49
326,229,70,49
325,226,71,53
328,223,64,46
327,220,64,48
327,220,64,48
327,220,64,48
327,220,64,48
327,220,64,48
327,220,64,48
327,220,64,48
327,220,64,48
327,220,64,48
327,220,64,48
327,220,64,48
327,220,64,48
327,220,64,48
327,220,64,48
327,220,64,48
327,220,64,48
327,220,64,48
327,220,64,48
327,220,64,48
327,220,64,48
327,220,64,48
327,220,64,48
327,220,64,48
327,220,64,48
327,220,64,48
327,220,64,48
327,220,64,48
327,220,64,48
327,220,64,48
327,220,64,48
327,220,64,48
336,212,57,48
335,207,62,53
335,215,62,49
336,219,62,48
338,227,61,44
341,234,62,41
343,240,60,40
346,245,58,42
346,249,62,44
348,255,62,40
351,260,59,38
352,264,54,36
351,267,56,33
349,269,57,37
348,267,64,41
347,267,66,41
344,269,66,38
341,269,68,38
342,270,67,39
342,270,66,39
339,271,71,39
337,272,73,36
338,273,70,38
340,271,68,39
340,272,68,40
342,272,67,40
342,271,72,41
341,271,75,41
342,270,75,44
342,270,75,42
339,271,77,38
339,269,71,38
342,265,66,43
343,264,65,42
342,264,62,46
340,263,64,43
341,262,62,46
341,261,60,50
341,261,57,53
340,262,60,49
340,265,55,49
336,270,54,46
341,273,51,44
341,273,49,44
341,274,48,43
341,276,37,38
343,275,35,35
343,275,34,35
343,276,36,35
344,275,34,34
346,276,34,34
346,274,31,34
347,273,33,33
347,273,33,33
348,271,34,34
350,271,33,33
351,271,34,34
352,271,36,33
354,272,36,32
358,273,35,33
361,272,35,35
366,275,34,34
370,275,40,33
373,275,43,35
377,275,39,37
379,276,39,36
382,275,37,37
381,276,37,36
382,279,37,35
380,279,37,36
379,281,39,36
376,281,44,40
372,281,47,39
363,280,50,38
350,282,56,37
347,275,58,40
335,281,58,37
341,281,47,35
339,280,44,35
337,280,43,36
338,278,38,36
336,278,39,36
336,277,41,37
338,279,40,35
341,275,40,38
343,272,41,40
348,272,39,39
349,269,42,42
348,266,50,43
355,264,48,49
361,265,52,49
367,265,50,50
377,267,45,48
383,266,44,50
390,267,44,50
396,268,46,53
403,268,44,56
410,269,45,59
416,272,51,55
418,277,50,56
430,279,59,49
433,280,62,48
449,283,64,45
458,287,65,40
462,313,61,43
441,297,47,42
464,312,57,45
442,297,61,57
462,305,63,51
426,296,59,50
424,299,45,52
419,299,43,53
410,305,47,46
399,307,50,39
390,306,49,42
381,302,50,47
373,300,50,48
366,300,51,46
359,299,50,43
354,296,51,47
348,295,53,47
350,294,48,48
347,295,48,41
346,295,48,42
342,294,48,40
338,292,49,39
336,290,48,38
336,289,46,37
334,286,46,39
334,284,42,38
333,282,42,37
335,281,39,36
335,278,39,36
336,277,39,36
339,276,39,35
342,277,37,33
345,275,36,36
346,276,36,34
348,275,36,34
349,276,34,34
349,276,34,34
349,276,34,34
349,276,35,34
349,276,34,34
349,275,34,34
348,276,34,34
347,276,34,34
348,276,33,34
346,276,35,33
345,277,35,33
346,276,34,34
346,275,35,34
347,275,32,34
346,275,34,34
347,275,33,34
347,276,35,35
348,275,36,35
353,277,32,34
355,275,34,35
356,276,35,34
358,275,34,34
359,276,32,34
358,276,34,33
358,275,34,35
358,277,34,33
358,277,34,33
358,276,34,34
358,276,35,33
357,276,35,34
357,277,36,33
358,276,35,33
358,276,34,33
358,276,34,33
358,275,35,34
358,276,33,33
358,276,34,33
357,275,37,34
357,277,35,32
358,276,34,34
358,276,34,32
358,275,35,33
358,276,35,33
358,275,35,34
358,276,34,34
358,276,34,34
359,277,33,32
358,276,34,34
358,276,34,33
358,276,34,33
358,276,34,33
357,276,35,33
356,276,37,33
356,275,37,35
356,276,37,32
357,276,36,33
357,276,36,33
356,276,37,33
356,276,37,33
357,275,36,34
356,276,36,32
355,276,38,33
355,277,38,33
357,276,36,33
356,276,36,33
357,276,35,34
357,276,34,34
358,277,34,33
356,278,35,32
357,276,35,34
358,276,34,33
357,277,36,33
357,277,36,32
357,276,36,33
357,276,36,32
356,277,38,33
358,277,35,34
357,277,35,33
357,276,34,34
358,276,34,34
357,276,34,34
358,276,34,33
357,276,35,33
357,276,36,33
357,276,36,33
358,276,35,33
357,277,36,33
356,276,37,33
357,276,36,33
356,276,38,33
356,276,38,34
355,275,39,34
356,276,37,34
357,277,36,32
358,276,35,33
357,276,34,33
358,276,34,34
357,277,37,32
358,276,34,33
357,276,36,33
358,277,36,32
357,276,37,32
357,277,36,32
357,277,35,33
358,276,35,34
357,276,36,33
357,275,36,34
357,276,35,33
357,276,36,33
357,276,36,34
356,277,37,32
358,276,35,33
357,276,35,33
356,276,36,33
357,276,36,33
358,276,34,34
357,276,35,34
358,277,34,31
357,276,35,33
356,276,37,32
356,276,36,34
354,277,40,33
355,277,39,34
356,276,38,35
356,277,37,34
357,277,36,32
356,277,37,32
356,277,37,32
356,277,37,31
355,277,38,33
356,276,36,33
356,276,37,35
357,277,36,33
356,277,37,32
356,277,37,33
356,276,37,33
356,277,37,33
356,276,37,34
356,276,37,33
356,276,37,34
357,277,35,33
356,276,36,34
356,277,36,33
356,276,37,33
357,276,35,33
355,277,38,33
356,276,36,33
359,276,33,33
356,277,36,33
357,276,36,33
358,276,35,33
356,276,37,33
357,277,36,33
357,277,36,33
356,277,37,32
356,277,37,33
357,277,36,33
357,277,36,33
356,276,37,33
357,277,36,33
355,277,38,33
356,276,36,34
356,277,37,32
357,277,36,32
356,277,37,33
356,277,37,31
357,276,35,33
357,276,36,34
354,276,39,33
357,277,35,32
356,277,37,33
356,277,37,33
356,275,36,34
356,277,38,33
355,277,39,33
356,277,37,33
356,278,37,32
356,277,37,32
357,277,37,34
357,276,36,33
356,276,37,33
355,276,39,33
356,277,37,33
355,277,38,33
356,277,37,33
357,276,36,33
357,277,35,33
357,278,36,31
357,276,35,33
356,276,36,33
356,277,38,33
355,277,38,33
356,277,38,31
357,276,35,33
358,278,34,31
358,277,36,31
357,277,39,32
356,277,45,34
357,279,36,30
358,276,34,34
358,277,33,34
358,276,34,33
357,277,36,32
357,277,35,33
357,277,35,33
357,276,35,34
358,276,34,34
358,276,34,35
359,276,33,33
358,277,34,33
358,276,34,34
357,277,35,33
357,277,36,33
357,277,35,33
356,277,37,33
357,277,35,34
359,276,33,34
358,277,34,33
357,277,36,33
357,276,35,33
357,277,35,33
358,277,34,33
356,277,37,33
357,277,35,33
358,277,34,33
357,277,35,33
357,277,35,33
358,276,35,34
357,277,36,33
356,277,37,33
357,276,35,35
357,277,34,33
356,276,36,34
356,276,36,33
357,276,35,34
357,276,35,33
356,275,38,34
358,274,34,35
359,276,31,34
359,275,34,35
360,277,34,33
358,275,39,36
357,274,48,37
358,274,56,37
356,273,62,36
352,270,68,38
352,269,64,38
352,266,65,42
350,264,64,39
350,261,60,38
344,257,64,37
343,254,60,37
343,250,56,37
342,247,56,37
342,247,56,37
342,247,56,37
342,247,56,37
342,247,56,37
342,247,56,37
329,236,48,39
328,235,48,42
326,233,48,43
324,230,49,46
322,229,51,48
320,228,52,50
319,226,51,51
320,227,51,49
320,227,50,49
319,226,53,50
319,223,52,50
321,222,49,49
322,223,49,45
324,223,48,43
322,221,50,44
326,220,45,43
333,220,38,41
333,218,40,41
331,215,39,40
332,214,38,42
330,214,41,41
331,214,40,42
330,215,42,40
325,214,47,41
320,213,53,43
319,211,56,41
319,209,56,44
319,207,56,41
317,204,55,40
317,200,54,36
316,197,51,34
317,191,49,35
317,187,45,36
316,184,47,36
316,181,46,37
314,179,46,36
313,178,48,37
312,178,46,36
310,178,47,39
308,179,48,38
306,178,48,39
304,180,51,39
303,180,43,40
300,182,50,41
298,183,47,39
296,184,48,40
294,187,48,41
292,187,48,40
290,188,49,41
288,187,45,41
287,190,46,41
286,191,52,41
285,192,54,43
285,193,50,41
285,193,50,41
285,194,47,41
285,195,45,42
285,195,42,42
285,197,43,41
286,194,42,42
285,197,44,42
285,197,48,41
284,198,51,42
284,197,48,39
286,198,45,39
285,198,43,40
284,198,45,40
284,198,47,41
284,198,46,42
285,198,46,41
284,199,48,41
284,198,51,41
284,198,46,42
285,199,46,41
285,198,54,43
284,198,56,43
284,198,56,43
285,198,51,42
285,197,50,43
285,197,45,41
286,198,46,42
285,197,48,42
286,198,44,41
287,198,41,40
287,198,40,39
287,197,43,40
286,196,42,39
286,196,43,39
287,196,41,39
287,196,43,39
288,197,43,38
287,196,44,39
290,197,41,38
290,197,42,38
289,196,47,39
291,195,46,37
293,193,40,37
293,193,41,37
295,193,37,36
296,191,36,37
296,192,36,35
297,190,34,36
297,189,31,37
298,189,33,35
299,190,28,35
300,192,28,32
300,192,26,32
302,191,27,33
301,191,30,33
301,191,34,32
301,191,42,33
301,191,45,32
302,191,45,34
304,191,44,32
303,190,46,34
302,190,44,32
303,190,43,32
303,190,41,33
304,191,40,33
303,190,43,33
303,190,41,33
302,190,40,32
301,191,42,33
301,191,43,33
300,191,43,33
300,191,43,34
302,191,41,33
300,191,40,34
303,192,41,34
298,194,47,33
299,196,46,33
295,196,46,35
298,197,45,36
295,198,41,35
293,199,49,38
293,200,46,36
292,200,48,37
291,201,48,36
290,202,49,37
290,202,49,37
290,201,49,37
290,201,49,39
290,201,42,37
289,201,45,38
288,202,44,38
289,202,36,38
289,201,36,39
289,202,36,38
289,201,38,39
289,201,40,39
289,202,39,38
289,201,42,39
289,201,38,39
290,202,40,37
291,202,34,37
292,200,33,38
291,200,38,37
292,199,36,37
292,198,35,37
292,198,38,36
293,196,37,37
293,194,36,37
299,195,39,35
298,194,41,36
300,193,36,34
300,192,35,34
299,191,39,34
300,193,40,33
300,192,39,33
299,191,43,34
300,191,44,33
300,191,43,35
301,192,44,34
302,194,45,32
304,196,44,32
306,198,46,33
309,202,46,31
310,206,46,32
314,213,47,31
315,223,51,29
321,230,50,35
331,239,58,35
334,249,66,34
338,255,71,38
343,260,63,34
345,263,65,36
348,266,62,36
349,268,64,38
350,270,61,39
353,270,59,42
354,271,58,42
356,273,58,44
355,273,56,41
355,272,57,43
355,272,56,43
355,273,54,43
355,272,57,44
354,273,57,44
353,275,59,40
352,274,62,40
350,275,68,40
353,272,71,41
341,275,73,39
338,278,61,35
349,280,49,33
352,279,42,37
353,279,40,35
355,279,38,36
353,279,40,35
353,279,40,34
353,280,40,34
353,280,40,35
354,279,39,35
354,279,40,34
354,280,39,34
353,280,40,33
353,280,41,34
353,280,39,35
353,280,41,34
353,280,40,34
354,280,39,34
354,279,40,34
353,280,41,33
353,280,41,35
353,280,40,34
353,279,41,35
351,279,43,35
354,281,40,33
353,280,40,34
355,280,38,34
355,280,38,34
353,280,40,35
354,279,39,35
353,280,41,34
353,280,41,34
353,279,41,34
353,280,44,34
359,280,42,33
365,281,38,35
370,282,43,35
377,282,44,39
385,283,42,39
390,284,46,39
397,287,44,36
401,286,47,39
403,285,50,40
414,288,46,39
416,288,49,41
414,287,57,43
425,290,52,41
419,288,60,46
433,290,50,41
437,292,47,39
436,292,48,40
434,292,51,41
426,291,58,43
418,291,65,43
411,293,72,42
417,291,67,42
434,293,52,39
439,293,45,39
439,292,45,39
440,293,44,39
437,292,46,42
437,291,47,42
437,292,47,43
436,292,47,41
438,292,46,41
437,292,47,42
436,292,48,42
438,292,45,40
437,291,47,42
438,292,46,41
436,292,48,42
438,293,46,41
438,292,45,41
438,293,46,40
437,292,48,41
438,293,46,41
438,292,46,41
438,292,46,41
437,292,47,42
436,292,48,43
437,293,48,41
438,292,46,41
437,292,47,41
437,292,47,43
438,293,46,41
437,292,47,41
437,292,48,40
437,292,47,41
438,293,46,41
437,293,46,42
437,292,47,42
436,293,47,40
438,293,47,40
438,293,45,39
438,292,46,41
438,291,47,42
438,293,45,41
437,292,47,42
437,291,46,43
437,292,47,41
437,292,47,42
438,292,47,42
437,292,47,43
438,292,46,43
436,292,47,42
437,292,48,43
436,291,48,43
437,291,47,42
437,292,48,42
437,292,47,42
438,293,45,41
439,292,45,40
439,292,44,41
437,292,47,42
438,292,45,41
436,292,48,40
439,292,45,41
438,292,46,40
439,292,45,40
439,292,45,38
438,293,46,40
438,293,46,39
437,293,46,39
439,292,45,40
439,292,44,40
436,293,48,39
435,292,50,40
433,292,52,40
428,291,56,41
422,291,61,41
432,292,52,38
428,292,56,42
435,294,49,37
433,293,53,40
436,292,52,40
438,293,49,39
438,293,47,40
439,294,44,37
439,294,44,37
438,294,45,39
439,294,44,39
438,293,45,40
438,294,46,39
439,293,45,39
439,293,45,39
438,293,45,40
438,291,45,42
437,292,45,42
438,292,47,41
438,293,44,39
438,292,46,42
440,292,42,42
440,292,43,41
440,293,43,40
440,293,42,40
441,293,41,39
437,292,47,40
436,292,47,40
434,293,51,40
432,292,52,42
433,293,52,40
432,291,52,43
435,294,49,41
433,280,50,48
430,278,51,53
424,277,59,56
436,275,65,56
425,274,75,56
423,277,77,53
422,279,79,54
422,276,79,55
423,279,79,53
423,278,78,52
418,275,82,52
416,272,86,56
418,271,84,52
410,269,93,49
400,263,69,47
395,259,56,44
386,257,54,41
373,253,63,40
362,252,73,37
348,247,64,41
343,243,57,41
339,241,51,40
333,235,49,40
327,234,53,43
320,232,58,50
323,233,50,41
319,234,47,34
318,234,47,33
318,236,46,31
317,235,47,32
316,235,48,33
315,234,50,34
314,233,51,35
314,233,60,38
314,232,63,39
315,230,61,41
317,228,58,44
318,228,59,42
316,227,61,43
317,227,61,45
319,227,61,47
319,227,61,43
320,227,61,44
322,226,58,45
323,226,56,45
322,225,59,45
320,225,62,47
322,225,61,46
321,226,60,48
320,227,63,50
320,228,63,45
321,229,61,45
323,230,60,43
324,229,58,47
323,230,61,43
325,230,58,43
323,229,62,43
324,227,61,47
322,226,63,47
321,225,63,49
321,224,63,48
322,223,64,50
323,223,61,51
325,222,58,53
327,223,55,52
327,222,51,50
327,221,48,49
327,221,48,50
326,220,50,51
325,220,52,52
325,220,53,52
324,220,52,51
324,222,50,49
323,223,53,49
323,222,54,50
322,224,55,48
322,225,56,47
320,225,61,47
320,227,61,45
320,225,60,46
319,225,59,45
319,228,62,44
320,227,58,44
320,226,61,45
319,226,61,45
321,226,60,45
321,226,58,45
320,226,59,45
322,227,57,44
320,227,59,45
321,226,60,45
321,227,59,45
320,226,58,46
319,228,62,45
319,227,62,47
317,229,65,47
317,229,66,47
317,230,65,47
319,232,63,45
319,230,58,45
320,232,60,46
320,231,62,47
321,231,62,46
320,227,62,47
319,230,64,46
320,228,62,47
322,228,59,45
321,229,63,45
322,226,60,46
322,224,61,46
321,223,60,48
319,221,64,49
320,223,62,48
318,220,62,51
318,225,62,46
316,226,61,43
316,230,65,40
316,231,66,40
317,230,63,39
315,230,69,39
315,229,66,40
315,230,69,41
316,229,68,40
317,230,65,40
318,230,64,40
316,230,67,40
316,230,65,40
316,228,63,42
317,229,62,41
317,229,64,40
316,227,63,42
316,228,64,42
313,230,68,41
313,228,66,45
313,228,67,44
313,229,67,45
313,229,67,46
313,229,67,48
313,229,66,48
312,229,68,49
310,231,72,49
311,230,70,48
309,231,73,47
313,230,67,46
312,229,69,47
307,231,75,49
308,231,71,47
308,230,71,48
307,231,73,47
309,232,70,47
309,231,69,46
309,231,71,46
308,230,71,48
311,230,69,48
312,233,65,44
311,231,66,46
311,232,69,46
310,233,69,45
311,233,70,45
312,233,68,46
311,235,68,45
311,234,68,46
311,235,70,46
311,236,71,46
309,236,72,45
310,237,71,45
310,238,71,43
310,237,73,44
313,237,69,43
311,236,70,44
313,238,70,43
312,235,71,46
315,237,67,42
312,235,69,44
313,236,70,44
311,235,71,44
311,234,70,45
310,230,70,48
312,229,68,50
313,227,66,52
310,231,71,47
313,227,67,52
315,226,65,52
315,227,66,52
315,228,68,52
311,228,69,52
316,229,66,50
311,230,71,51
313,228,69,53
314,228,69,53
316,230,65,50
321,229,55,47
320,230,63,49
320,231,63,47
319,229,63,49
318,230,64,48
320,229,61,48
319,228,63,50
317,222,64,56
314,223,67,58
314,224,67,54
315,226,64,52
318,224,63,51
316,220,65,57
317,221,62,56
317,219,60,56
316,216,60,59
315,218,63,58
315,221,64,54
316,220,60,55
316,220,59,55
314,220,61,55
314,221,65,56
313,222,66,57
313,223,68,54
313,222,67,56
315,222,66,57
315,222,65,58
315,221,66,58
318,226,62,53
319,230,64,49
318,230,66,49
321,230,67,51
321,229,69,51
324,234,67,46
328,237,64,44
328,238,64,45
329,236,66,49
330,238,69,50
331,241,71,51
333,245,71,46
338,250,69,47
338,255,70,44
341,257,69,45
342,260,68,44
343,264,67,41
347,267,67,41
348,268,69,43
349,269,69,43
347,272,75,42
345,275,80,40
348,274,83,42
351,275,82,42
350,274,89,43
354,272,88,44
354,273,90,44
360,270,86,47
343,273,99,42
352,271,104,43
329,279,103,36
343,278,110,37
343,278,123,37
327,281,128,35
331,282,111,34
331,279,108,37
335,280,106,37
342,279,104,38
340,277,103,39
333,280,104,35
331,275,103,40
326,274,109,40
330,276,116,39
323,274,122,40
321,277,125,40
320,278,120,39
327,278,118,41
336,280,113,39
338,279,110,42
341,279,110,42
352,280,98,39
362,282,96,39
355,279,106,42
388,279,97,47
384,279,92,47
376,279,97,44
398,278,83,50
402,280,80,41
404,281,79,42
404,282,81,40
402,282,85,39
401,282,86,40
400,281,87,39
400,283,89,40
402,282,85,40
405,282,82,40
402,282,84,40
403,283,86,38
403,283,85,39
404,282,83,41
406,282,80,39
405,283,83,38
404,282,83,40
403,282,84,40
404,282,84,40
405,283,82,39
406,283,81,41
404,283,82,43
404,284,84,39
403,284,85,38
402,283,86,42
401,283,84,43
405,284,81,41
404,284,82,43
404,284,84,39
403,284,85,38
406,284,81,40
405,284,82,42
406,284,82,38
403,285,83,39
404,284,83,41
404,285,83,39
406,284,80,40
404,284,83,41
405,284,82,41
401,285,84,40
404,284,84,42
404,284,81,41
402,284,86,41
402,283,86,40
403,284,83,42
404,284,85,41
402,284,84,41
404,284,82,41
401,284,85,40
403,284,84,40
403,284,82,40
404,284,84,41
402,283,83,42
402,284,84,42
403,284,84,40
403,284,83,40
402,284,85,40
404,284,83,39
404,283,82,44
402,284,84,41
403,284,84,42
403,284,81,42
406,284,81,41
406,285,79,42
404,286,79,39
401,284,87,42
404,284,81,41
402,285,84,40
404,284,83,39
402,284,87,41
402,283,83,42
406,284,80,42
398,286,89,39
405,284,82,41
402,285,85,41
403,284,85,41
400,284,86,43
404,285,84,41
404,285,83,39
404,284,84,40
404,284,82,43
402,284,85,40
405,284,80,40
403,285,84,40
405,284,82,39
406,284,81,37
403,283,84,39
402,283,85,43
401,282,88,43
403,283,83,42
403,282,85,39
402,281,86,41
404,281,83,43
401,282,86,41
401,283,87,42
399,282,86,44
399,283,88,41
401,282,86,39
405,281,84,40
405,282,83,40
408,282,80,36
405,282,84,39
408,282,80,39
407,283,81,37
405,281,83,39
407,282,81,36
402,281,86,43
407,281,80,40
408,281,79,39
409,282,79,37
404,281,81,44
405,282,82,41
408,282,80,40
408,283,78,37
406,283,81,38
407,282,81,39
