408,156,66,85
406,159,63,77
409,161,63,76
405,154,64,80
409,149,62,87
405,145,62,88
409,149,61,86
405,150,65,83
404,143,64,91
405,138,63,91
405,144,62,86
403,136,62,92
406,136,62,92
404,132,62,96
402,135,64,93
402,133,62,91
400,134,63,87
401,130,65,87
399,129,65,88
398,130,65,83
397,129,64,87
396,125,65,83
397,125,64,85
397,124,62,80
396,123,64,84
395,125,65,82
395,120,64,85
392,113,65,90
393,120,64,86
393,117,65,84
394,114,61,87
392,112,63,87
394,115,61,84
392,117,63,86
391,109,63,87
389,110,64,86
390,112,63,89
388,108,68,87
391,107,63,90
390,106,67,92
391,107,66,88
394,102,62,92
391,106,65,88
391,110,64,85
396,117,64,76
391,114,64,79
392,116,64,76
390,120,61,73
388,120,65,74
385,126,60,72
387,127,60,68
380,125,62,75
381,125,63,75
375,121,67,80
375,128,66,75
367,120,70,86
368,129,70,84
366,134,68,85
364,123,70,92
362,143,69,84
362,143,69,84
356,151,74,87
358,146,66,97
357,152,62,96
354,152,64,103
350,159,67,104
344,168,71,103
344,168,72,109
337,190,71,93
335,205,72,83
333,208,73,84
338,207,63,90
326,211,75,88
324,209,74,96
318,213,80,92
315,214,82,88
323,211,73,90
314,216,82,80
317,216,78,79
327,189,70,95
318,176,79,104
318,165,84,107
319,161,85,103
326,143,80,108
329,139,80,104
328,121,85,108
329,118,85,107
335,99,83,109
339,100,81,108
345,78,78,108
347,73,81,110
351,56,82,114
352,54,81,111
358,40,80,116
358,35,78,113
364,21,75,115
365,16,75,118
362,14,79,110
361,9,80,114
365,6,72,110
367,6,77,109
364,5,78,113
362,5,79,103
360,5,82,101
365,8,78,107
364,9,76,104
360,3,82,112
360,6,86,118
358,6,86,116
348,20,100,107
338,21,115,113
332,13,123,132
325,13,137,131
331,14,132,135
331,14,132,135
351,70,148,143
351,70,148,143
351,70,148,143
351,70,148,143
351,70,148,143
351,70,148,143
351,70,148,143
351,70,148,143
351,70,148,143
351,70,148,143
351,70,148,143
351,70,148,143
351,70,148,143
351,70,148,143
351,70,148,143
303,139,121,132
301,141,80,128
306,153,62,117
307,172,56,102
307,175,55,95
306,180,53,88
304,190,53,81
306,190,51,78
303,191,51,80
307,197,48,69
305,198,48,68
304,200,51,65
304,193,53,68
305,192,51,69
306,187,50,72
303,191,52,67
307,184,49,69
307,181,49,72
305,168,50,76
305,168,51,73
303,166,51,66
305,165,50,62
302,151,53,66
304,147,52,64
303,130,53,69
304,126,53,72
303,120,53,68
304,117,55,67
306,108,54,66
303,104,52,66
305,94,52,69
304,94,53,66
304,81,49,71
303,82,52,69
304,72,49,73
303,76,52,69
304,61,47,74
303,63,49,71
302,58,50,75
303,55,45,75
302,55,46,73
304,54,50,75
303,52,49,75
304,53,48,73
302,55,48,75
304,56,50,70
303,57,50,65
305,58,48,65
305,58,49,69
305,57,46,71
305,60,46,75
304,59,47,83
305,70,48,76
306,71,47,78
306,90,50,65
307,92,46,65
305,103,49,65
305,102,52,69
303,117,49,66
304,121,47,61
301,133,49,66
301,133,50,67
303,143,48,72
303,142,48,75
303,157,46,69
304,158,46,73
305,172,43,67
305,172,43,68
304,180,41,67
306,181,43,66
306,192,42,61
306,191,42,64
306,187,43,70
305,186,44,73
307,191,40,71
308,191,42,69
309,199,40,64
308,197,41,66
308,203,40,63
308,202,39,62
307,203,42,60
307,193,44,68
311,191,44,68
309,190,43,70
310,190,43,64
312,188,43,63
314,186,42,59
317,180,42,61
319,166,42,70
319,165,43,67
322,151,43,68
322,146,44,70
325,125,47,75
327,122,45,76
332,120,48,68
332,117,47,68
337,105,46,65
338,107,47,60
343,92,48,63
344,92,50,61
348,81,51,63
350,78,51,64
353,62,48,71
354,60,48,72
358,53,47,75
358,50,45,79
361,44,43,75
364,49,41,73
368,49,43,65
367,53,45,58
369,52,45,63
365,51,45,65
368,50,47,67
369,50,46,67
368,53,53,72
367,54,50,72
368,63,52,68
369,61,52,73
368,76,55,67
368,77,55,67
369,92,54,63
367,93,57,66
366,69,49,67
366,69,49,67
397,129,36,60
368,80,43,60
369,79,33,63
367,83,38,62
369,90,29,59
369,90,29,59
369,90,29,59
372,86,28,59
372,86,28,59
372,86,28,59
374,78,29,62
374,78,29,62
374,78,29,62
375,74,29,67
375,74,29,67
375,74,29,67
372,74,33,60
371,74,34,61
372,70,33,63
371,70,34,63
370,69,34,64
371,68,30,67
373,64,33,71
373,63,43,77
375,63,37,80
375,61,45,91
487,184,47,79
487,186,47,71
489,190,48,68
490,189,46,66
492,191,44,61
490,190,46,63
485,183,48,68
484,184,47,68
487,177,44,66
489,180,41,61
489,180,41,61
483,175,40,61
497,253,55,63
497,253,55,63
497,253,55,63
497,253,55,63
497,253,55,63
497,253,55,63
497,253,55,63
497,253,55,63
497,253,55,63
497,253,55,63
497,253,55,63
497,253,55,63
497,253,55,63
497,253,55,63
497,253,55,63
497,253,55,63
497,253,55,63
497,253,55,63
497,253,55,63
497,253,55,63
497,253,55,63
497,253,55,63
423,178,53,75
423,178,53,75
423,178,58,76
419,178,54,73
420,180,37,73
420,177,39,76
420,177,39,76
417,179,46,75
418,172,46,79
416,176,48,78
416,168,50,82
414,172,57,80
414,173,57,81
414,173,59,80
415,169,59,86
418,169,60,87
419,168,47,89
422,171,38,86
421,178,53,77
421,174,52,83
425,174,40,82
425,168,49,87
424,162,52,93
427,169,48,87
427,176,48,79
429,182,44,71
431,181,44,69
432,186,42,65
432,182,42,69
434,181,41,67
436,184,41,64
439,177,38,70
440,179,36,66
443,174,36,68
444,176,36,67
445,175,39,64
446,180,38,58
450,176,40,59
451,181,38,55
457,174,39,55
458,173,37,57
462,172,39,53
462,170,38,55
467,164,40,56
467,165,41,53
473,160,40,57
474,156,40,61
473,156,42,60
463,206,42,64
480,149,39,65
480,149,39,65
481,151,42,65
480,150,41,66
483,147,40,69
484,151,40,65
485,149,38,67
485,153,39,66
484,153,48,65
480,161,57,59
463,169,73,53
460,164,76,58
459,168,76,56
458,170,77,55
454,169,76,59
454,169,77,60
456,171,73,62
459,171,73,60
445,168,81,66
443,168,84,66
439,171,89,67
435,174,93,65
415,177,101,66
407,177,118,63
414,181,109,68
414,173,110,76
395,177,98,70
398,185,72,60
398,182,55,60
398,173,47,66
397,174,39,67
399,172,38,69
393,170,36,68
392,173,39,64
388,170,37,63
386,169,36,66
384,170,37,63
384,167,37,65
383,168,34,62
382,167,34,62
380,163,36,63
380,165,35,63
381,159,32,67
380,159,32,71
376,160,33,63
378,168,34,58
378,167,32,61
377,162,33,63
377,166,32,64
376,168,30,63
376,171,32,58
376,168,30,60
373,169,32,61
374,168,32,62
371,171,32,63
370,171,33,59
367,170,31,62
367,168,29,64
365,170,31,63
364,171,31,62
361,170,34,62
362,170,33,64
358,169,33,64
359,170,31,64
357,172,29,62
356,169,30,64
356,170,29,65
354,171,31,61
353,169,30,63
354,171,29,62
347,173,31,62
341,177,36,58
340,180,37,51
336,178,41,56
339,176,36,54
336,173,40,57
337,179,36,54
332,178,43,54
335,176,38,56
336,172,33,61
329,170,39,64
330,173,39,59
329,178,40,53
326,182,46,49
328,185,39,46
326,180,42,52
325,174,41,61
326,179,39,56
325,177,39,60
325,176,38,60
325,182,36,55
323,189,38,49
325,195,37,46
326,202,37,39
325,207,37,38
327,206,35,38
326,211,37,39
329,210,38,43
328,220,39,40
329,220,40,39
331,220,43,47
333,216,43,51
334,222,51,50
337,213,49,58
344,217,44,57
346,222,43,50
351,221,43,54
351,217,47,58
355,220,47,57
357,222,46,56
363,219,45,60
364,219,47,55
367,217,49,61
368,216,48,60
375,218,47,57
375,217,46,57
378,217,51,57
375,217,54,57
383,214,53,56
384,215,49,55
386,214,52,60
387,215,52,55
390,212,54,61
392,213,49,62
393,213,51,66
393,213,53,62
395,215,54,61
396,216,55,60
398,214,53,64
399,217,54,61
403,219,54,56
403,217,57,60
405,216,61,63
405,214,66,64
413,214,61,63
412,216,63,63
423,214,59,65
422,213,60,67
431,214,60,68
431,216,65,69
438,214,66,71
440,215,65,70
448,213,66,73
446,212,67,74
454,212,63,76
454,212,64,76
457,216,66,71
461,214,64,73
465,215,67,75
464,210,68,76
468,214,67,70
468,217,68,72
471,216,70,73
471,214,69,76
477,215,69,74
476,213,68,78
482,211,70,74
481,210,71,74
485,207,70,70
483,205,70,75
489,191,70,81
490,195,70,75
494,190,68,73
496,189,66,72
500,177,65,73
500,176,65,71
506,167,65,73
505,165,66,73
503,152,74,82
506,151,75,82
509,150,71,82
508,147,77,85
508,147,76,84
509,146,75,88
508,147,74,87
507,154,76,84
508,153,75,89
507,167,74,79
506,166,74,84
498,181,76,79
493,194,75,74
491,195,71,78
481,201,72,78
479,201,72,80
467,204,72,81
464,200,75,87
451,207,72,82
449,194,70,94
443,201,69,87
429,209,69,78
422,215,65,68
416,211,61,73
413,209,60,76
401,202,65,82
404,189,60,93
395,186,63,103
393,176,64,106
389,182,65,104
389,175,60,106
388,172,60,111
389,174,57,113
387,178,59,100
388,179,55,98
390,187,51,91
389,189,53,86
389,202,53,76
389,198,50,80
388,203,45,75
389,203,44,76
391,197,43,82
389,197,40,76
388,203,35,71
389,200,36,74
387,201,31,72
388,200,29,73
386,197,27,75
385,197,23,78
384,201,22,77
381,196,18,74
380,197,17,78
377,196,19,78
377,196,19,76
372,211,22,79
369,195,22,84
366,196,24,93
366,194,24,97
361,191,27,102
355,186,29,96
353,190,31,92
345,190,35,76
345,195,34,68
341,198,37,65
338,195,36,66
331,191,37,69
332,198,37,62
325,191,35,66
318,198,36,61
318,199,35,59
312,200,38,58
311,199,37,61
304,196,40,61
304,199,40,58
296,195,44,61
294,194,46,61
286,187,49,67
278,183,48,69
274,178,51,73
267,176,52,73
266,170,53,81
257,171,53,81
262,170,51,83
249,169,51,85
253,168,48,85
248,170,47,89
246,169,50,87
239,183,52,78
231,188,55,76
231,189,53,75
226,194,54,75
225,197,55,75
218,202,56,78
217,204,56,74
213,209,56,75
211,210,57,76
202,213,60,76
199,222,55,69
196,217,55,60
189,226,56,57
191,228,55,47
185,237,57,41
182,236,60,38
177,238,62,42
176,233,62,47
170,237,63,45
167,233,60,48
167,229,60,54
165,229,59,49
162,226,60,52
158,229,62,41
158,231,62,40
152,217,64,46
151,214,69,55
147,208,64,65
142,193,70,78
142,189,70,80
139,186,73,76
136,179,74,78
132,155,77,89
132,145,79,97
128,131,78,101
128,125,78,100
128,112,77,105
130,102,74,107
128,97,75,101
129,81,75,106
130,77,75,104
131,63,78,109
131,58,76,110
136,49,75,109
137,45,75,109
144,39,74,105
145,34,76,110
153,26,74,108
160,18,78,115
160,15,79,114
168,15,82,114
169,17,85,110
178,15,84,109
176,17,87,109
187,15,83,114
186,15,83,112
192,17,82,114
203,20,79,117
203,20,84,123
217,32,81,117
218,31,81,117
229,43,82,113
236,41,85,114
244,59,87,109
243,47,86,122
256,56,86,126
272,65,79,124
277,82,80,108
289,89,81,113
294,102,81,103
306,111,85,102
309,100,78,113
316,106,88,120
318,96,105,135
326,104,106,132
332,118,104,121
336,114,98,120
342,119,88,112
343,115,85,119
343,115,95,114
344,114,96,115
342,122,100,99
342,126,99,92
337,124,93,86
337,122,90,84
331,119,103,86
327,106,101,91
320,112,106,79
315,102,97,85
319,103,88,85
312,98,98,83
312,99,91,80
305,94,80,72
304,91,82,75
295,85,84,78
290,79,91,79
288,79,84,75
283,77,81,71
281,75,79,76
279,79,85,73
278,82,88,72
279,87,78,64
277,89,79,64
277,100,74,62
280,108,68,60
280,113,65,56
279,118,70,59
281,124,65,55
281,128,69,58
282,129,72,59
281,129,69,60
284,127,68,61
284,126,69,57
287,115,62,57
288,109,57,61
292,95,61,61
293,94,64,59
298,85,70,62
299,77,73,68
309,75,78,70
306,74,79,72
310,81,82,69
317,94,89,58
319,101,87,51
324,121,87,51
330,129,80,51
340,148,76,52
341,151,80,53
347,163,91,55
351,164,89,54
356,171,94,54
360,172,88,56
367,178,87,54
376,181,83,50
376,183,82,49
381,184,78,50
380,182,80,49
382,181,76,49
383,181,78,49
382,179,69,50
383,180,79,48
382,174,77,48
382,162,75,54
381,160,71,50
378,145,67,42
378,145,67,42
378,145,67,42
373,105,71,42
370,85,67,42
339,101,55,41
370,60,59,45
364,50,58,49
364,50,58,45
360,41,60,55
361,40,62,58
356,48,59,57
331,96,44,53
358,80,55,44
334,113,43,40
338,125,45,38
338,125,45,38
359,157,53,41
356,179,58,39
360,182,52,47
354,192,60,47
356,192,64,48
355,197,65,45
354,199,66,44
355,234,61,57
358,198,64,46
358,198,64,46
360,196,63,40
359,197,64,45
362,194,61,45
365,195,60,45
365,192,62,43
365,193,64,43
366,186,65,41
366,187,71,35
366,174,62,34
368,159,61,32
369,147,56,33
369,147,56,33
369,147,56,33
368,100,60,31
352,109,55,37
352,109,55,37
367,67,57,44
370,57,54,43
372,59,54,41
371,58,55,43
375,64,52,37
374,64,52,36
376,81,51,31
377,83,51,29
368,111,56,38
368,111,56,38
377,130,60,37
385,157,59,31
384,156,56,34
382,168,61,34
382,169,56,35
384,172,58,34
384,171,58,35
383,173,56,35
381,171,59,37
377,170,60,36
371,166,60,35
369,165,62,34
364,160,61,35
365,154,61,37
358,139,64,42
359,130,53,39
361,123,51,37
360,118,45,36
365,106,42,38
364,97,41,41
363,91,45,42
375,87,38,43
377,88,35,42
382,88,36,42
383,93,38,40
371,101,49,38
366,104,61,34
393,126,58,26
393,126,58,26
393,126,58,26
393,126,58,26
416,169,53,26
426,175,46,30
427,171,46,37
433,180,49,42
436,179,49,45
444,181,47,45
447,180,45,46
451,177,45,47
448,177,48,44
457,173,44,46
460,171,41,45
462,172,40,44
467,169,37,45
465,170,36,44
465,167,36,44
466,169,36,43
465,168,39,43
465,166,38,44
466,166,39,45
464,168,38,46
466,166,38,45
462,166,40,47
457,166,44,46
451,166,47,48
449,165,50,50
438,165,54,48
441,167,54,47
435,165,52,52
427,166,52,50
424,166,54,49
416,169,55,46
410,170,60,48
404,171,57,52
400,170,61,52
395,169,63,55
392,171,66,55
384,170,62,57
376,171,63,56
375,169,62,54
367,171,59,51
369,171,58,58
361,173,57,55
361,174,52,57
355,173,52,56
354,174,54,54
348,178,52,55
343,173,52,58
340,174,54,58
333,168,54,57
330,169,55,53
325,167,55,51
322,167,57,48
317,157,59,49
316,148,66,56
308,135,70,59
305,118,79,50
309,106,71,56
306,89,72,60
305,85,74,58
307,75,72,65
308,66,63,73
310,62,60,58
315,60,55,51
318,61,57,53
320,63,56,49
326,69,53,50
334,92,56,50
338,105,65,61
339,128,64,65
343,125,71,74
348,156,80,67
348,161,82,64
360,170,88,61
365,176,86,55
398,184,76,53
417,188,78,49
420,189,73,45
433,184,70,51
432,184,72,52
439,178,79,54
459,175,65,48
471,165,56,49
474,157,57,50
479,149,63,50
482,129,64,61
481,113,65,65
485,105,68,63
487,96,66,59
498,74,56,61
495,61,58,61
491,46,62,64
491,33,62,62
489,23,62,54
486,19,63,66
488,13,60,60
487,7,52,73
479,11,59,73
468,13,63,80
465,20,64,84
457,31,67,88
454,40,69,83
443,52,68,84
435,70,68,81
438,76,63,80
433,89,63,70
427,93,64,71
415,102,67,69
416,108,65,64
404,110,68,68
399,101,71,77
389,111,70,71
384,111,73,73
375,97,82,81
368,99,79,82
361,104,81,81
349,113,67,78
349,113,64,83
335,113,64,84
334,115,67,84
323,122,70,81
312,121,78,84
297,128,81,85
297,127,73,91
297,131,71,88
286,128,73,96
286,134,71,89
279,146,69,79
280,149,70,76
272,154,69,73
273,155,67,70
271,153,67,73
269,144,71,78
271,142,69,84
271,137,72,84
271,134,71,84
270,135,71,86
273,130,69,89
270,135,77,82
274,136,72,85
273,137,71,74
278,139,74,76
280,137,68,73
283,141,64,74
286,132,74,83
289,133,80,80
291,143,60,71
295,134,67,82
299,148,61,69
306,149,67,64
312,148,60,67
321,155,66,65
341,163,58,60
341,163,58,60
415,92,61,57
420,88,60,61
334,151,43,46
334,150,41,45
339,154,41,45
340,153,42,45
339,159,46,47
337,167,49,49
336,169,45,48
334,175,45,54
333,178,45,53
333,178,45,53
324,188,50,53
324,188,50,53
324,188,50,53
308,210,52,61
302,210,51,68
301,211,54,68
273,243,60,71
294,216,53,78
294,216,53,78
294,216,53,78
278,242,54,79
276,240,56,87
271,254,54,86
271,254,54,86
271,254,54,86
271,254,54,86
271,254,54,86
271,254,54,86
271,254,54,86
271,254,54,86
271,254,54,86
271,254,54,86
271,254,54,86
271,254,54,86
271,254,54,86
271,254,54,86
271,254,54,86
271,254,54,86
433,277,39,80
433,277,39,80
433,292,37,66
433,305,39,54
433,305,39,54
433,305,39,54
433,305,39,54
433,305,39,54
433,305,39,54
433,305,39,54
433,305,39,54
433,305,39,54
423,278,41,56
423,278,41,56
423,278,41,56
423,278,41,56
423,278,41,56
