493,166,121,156
493,168,126,156
500,158,125,161
503,166,116,173
510,160,112,164
511,166,122,165
517,162,113,166
525,164,103,165
532,162,104,165
535,162,110,166
538,162,112,163
538,163,118,151
541,164,115,134
545,162,114,128
547,164,115,116
552,166,112,105
556,167,117,104
557,167,112,104
563,168,114,104
567,169,110,103
567,168,119,103
572,167,112,109
578,168,108,109
582,168,106,109
584,169,105,117
588,170,102,109
591,168,101,123
597,168,98,128
596,168,101,135
601,168,97,132
600,171,97,133
602,169,95,137
598,171,100,135
600,169,98,138
600,169,98,138
600,169,98,138
600,169,98,138
596,174,92,135
597,177,86,137
594,181,85,130
594,181,85,130
594,181,85,130
594,181,85,130
594,181,85,130
594,181,85,130
594,181,85,130
575,181,83,134
483,266,106,116
560,179,95,130
564,180,83,137
562,182,80,135
559,183,81,134
553,183,83,132
551,185,81,125
542,183,86,124
540,186,80,120
538,185,73,121
536,187,63,116
530,190,55,104
526,188,48,99
526,188,48,99
526,188,48,99
526,188,48,99
423,303,66,95
405,302,90,94
386,289,99,113
379,287,107,121
373,288,110,117
372,290,91,113
370,291,78,113
406,319,70,92
377,338,79,75
363,316,77,85
349,311,71,94
350,305,55,102
329,315,56,95
329,315,56,95
329,315,56,95
329,315,56,95
463,285,58,109
452,281,67,114
439,281,76,112
424,275,94,118
411,277,106,119
405,211,110,105
408,204,101,76
402,211,101,66
395,210,100,65
384,219,108,57
384,219,108,57
384,219,108,57
384,219,108,57
384,219,108,57
384,219,108,57
384,219,108,57
384,219,108,57
384,219,108,57
384,219,108,57
384,219,108,57
384,219,108,57
384,219,108,57
384,219,108,57
384,219,108,57
384,219,108,57
384,219,108,57
384,219,108,57
384,219,108,57
384,219,108,57
384,219,108,57
384,219,108,57
384,219,108,57
384,219,108,57
384,219,108,57
384,219,108,57
384,219,108,57
384,219,108,57
384,219,108,57
384,219,108,57
315,253,103,49
315,253,103,49
331,254,88,49
351,253,64,48
371,246,52,51
371,246,52,51
371,246,52,51
371,246,52,51
371,246,52,51
371,246,52,51
371,246,52,51
371,246,52,51
371,246,52,51
371,246,52,51
371,246,52,51
371,246,52,51
371,246,52,51
371,246,52,51
371,246,52,51
371,246,52,51
371,246,52,51
371,246,52,51
371,246,52,51
371,246,52,51
371,246,52,51
371,246,52,51
371,246,52,51
371,246,52,51
371,246,52,51
371,246,52,51
371,246,52,51
371,246,52,51
371,246,52,51
371,246,52,51
371,246,52,51
371,246,52,51
371,246,52,51
371,246,52,51
371,246,52,51
371,246,52,51
371,246,52,51
371,246,52,51
371,246,52,51
371,246,52,51
371,246,52,51
371,246,52,51
371,246,52,51
371,246,52,51
371,246,52,51
371,246,52,51
371,246,52,51
371,246,52,51
371,246,52,51
371,246,52,51
371,246,52,51
371,246,52,51
371,246,52,51
371,246,52,51
371,246,52,51
371,246,52,51
371,246,52,51
371,246,52,51
371,246,52,51
371,246,52,51
371,246,52,51
371,246,52,51
371,246,52,51
371,246,52,51
371,246,52,51
371,246,52,51
371,246,52,51
371,246,52,51
371,246,52,51
371,246,52,51
371,246,52,51
371,246,52,51
371,246,52,51
371,246,52,51
371,246,52,51
371,246,52,51
371,246,52,51
371,246,52,51
371,246,52,51
371,246,52,51
371,246,52,51
371,246,52,51
371,246,52,51
371,246,52,51
371,246,52,51
371,246,52,51
371,246,52,51
371,246,52,51
371,246,52,51
371,246,52,51
371,246,52,51
371,246,52,51
371,246,52,51
371,246,52,51
371,246,52,51
371,246,52,51
371,246,52,51
371,246,52,51
371,246,52,51
371,246,52,51
371,246,52,51
371,246,52,51
371,246,52,51
371,246,52,51
371,246,52,51
371,246,52,51
371,246,52,51
371,246,52,51
371,246,52,51
371,246,52,51
371,246,52,51
371,246,52,51
371,246,52,51
371,246,52,51
371,246,52,51
371,246,52,51
371,246,52,51
371,246,52,51
371,246,52,51
371,246,52,51
371,246,52,51
371,246,52,51
371,246,52,51
371,246,52,51
371,246,52,51
371,246,52,51
371,246,52,51
371,246,52,51
371,246,52,51
371,246,52,51
371,246,52,51
371,246,52,51
371,246,52,51
371,246,52,51
371,246,52,51
371,246,52,51
371,246,52,51
371,246,52,51
371,246,52,51
371,246,52,51
371,246,52,51
371,246,52,51
371,246,52,51
371,246,52,51
371,246,52,51
371,246,52,51
371,246,52,51
371,246,52,51
371,246,52,51
371,246,52,51
371,246,52,51
371,246,52,51
371,246,52,51
371,246,52,51
371,246,52,51
371,246,52,51
371,246,52,51
371,246,52,51
371,246,52,51
371,246,52,51
371,246,52,51
371,246,52,51
371,246,52,51
371,246,52,51
371,246,52,51
371,246,52,51
345,247,48,61
345,247,48,61
345,247,48,61
345,247,48,61
345,247,48,61
345,247,48,61
345,247,48,61
345,247,48,61
345,247,48,61
345,247,48,61
345,247,48,61
345,247,48,61
345,247,48,61
345,247,48,61
345,247,48,61
345,247,48,61
345,247,48,61
345,247,48,61
345,247,48,61
280,246,39,69
280,246,39,69
300,234,36,59
303,236,44,55
305,233,38,55
304,233,45,56
305,233,54,56
307,232,62,61
304,232,77,68
304,234,91,69
315,232,91,77
316,230,106,79
316,230,106,79
316,230,106,79
316,230,106,79
316,230,106,79
316,230,106,79
316,230,106,79
316,230,106,79
316,230,106,79
316,230,106,79
316,230,106,79
316,230,106,79
316,230,106,79
316,230,106,79
316,230,106,79
316,230,106,79
316,230,106,79
316,230,106,79
316,230,106,79
316,230,106,79
316,230,106,79
316,230,106,79
316,230,106,79
316,230,106,79
316,230,106,79
316,230,106,79
316,230,106,79
316,230,106,79
316,230,106,79
316,230,106,79
316,230,106,79
316,230,106,79
316,230,106,79
316,230,106,79
316,230,106,79
316,230,106,79
316,230,106,79
316,230,106,79
316,230,106,79
316,230,106,79
316,230,106,79
316,230,106,79
442,215,98,77
442,215,98,77
442,215,98,77
439,211,88,77
437,210,86,74
440,209,75,77
439,208,70,77
439,205,65,78
440,206,59,75
441,205,52,72
440,205,47,73
443,205,36,71
443,206,40,65
436,193,35,66
436,193,35,66
466,212,32,63
459,216,31,59
450,216,32,58
442,218,32,56
442,218,32,56
442,218,32,56
528,207,32,68
522,207,42,66
517,203,48,68
517,203,48,68
517,203,48,68
517,203,48,68
517,203,48,68
517,203,48,68
517,203,48,68
517,203,48,68
517,203,48,68
517,203,48,68
517,203,48,68
517,203,48,68
517,203,48,68
517,203,48,68
517,203,48,68
517,203,48,68
517,203,48,68
517,203,48,68
517,203,48,68
517,203,48,68
517,203,48,68
517,203,48,68
517,203,48,68
517,203,48,68
517,203,48,68
517,203,48,68
517,203,48,68
517,203,48,68
517,203,48,68
517,203,48,68
517,203,48,68
517,203,48,68
517,203,48,68
517,203,48,68
517,203,48,68
517,203,48,68
517,203,48,68
452,262,60,76
452,262,60,76
536,235,63,95
544,234,77,101
536,226,86,122
535,216,96,144
535,194,117,164
534,174,138,187
527,177,161,179
535,166,149,187
538,174,148,188
539,168,156,184
542,170,146,194
546,162,139,187
544,175,146,186
551,171,132,192
559,168,125,190
552,167,137,188
565,170,123,189
559,171,136,189
558,169,143,191
558,163,139,190
563,174,135,190
561,172,129,185
564,171,126,184
569,165,117,188
568,174,116,179
573,173,109,180
572,176,108,176
574,175,105,185
575,176,108,181
574,179,107,182
575,178,106,177
575,178,105,175
574,180,105,174
579,170,97,188
575,176,100,182
576,175,99,183
579,172,94,187
575,173,97,190
580,177,92,185
575,175,96,190
578,177,91,188
575,177,91,188
581,177,82,185
581,179,81,185
578,177,80,186
579,174,62,188
531,177,68,178
573,159,58,201
583,169,68,196
557,158,68,188
522,184,73,169
524,174,70,178
531,192,60,163
531,192,60,163
531,181,65,171
531,181,65,171
531,181,65,171
531,181,65,171
531,181,65,171
531,181,65,171
531,181,65,171
531,181,65,171
531,181,65,171
531,181,65,171
531,181,65,171
531,181,65,171
531,181,65,171
531,181,65,171
531,181,65,171
531,181,65,171
531,181,65,171
531,181,65,171
531,181,65,171
614,175,78,185
611,173,88,186
610,171,89,185
609,170,93,186
608,174,92,182
608,174,93,182
608,174,94,184
602,170,99,186
602,179,100,184
602,174,100,189
602,175,100,190
596,175,107,188
592,176,113,193
586,171,123,193
592,178,123,190
596,177,120,191
603,184,114,187
604,179,116,189
610,182,108,200
611,175,104,200
608,187,104,194
604,183,109,205
599,181,112,202
595,181,116,205
602,188,105,201
598,181,105,205
586,178,117,208
582,187,117,207
571,179,126,208
565,185,128,212
565,182,125,203
570,184,118,209
566,180,122,213
564,182,123,205
571,182,111,206
562,180,125,211
564,183,124,211
569,185,119,207
572,181,113,206
569,181,119,210
574,185,111,204
570,179,115,212
573,183,109,207
569,183,113,210
565,180,118,209
563,180,120,211
563,185,117,210
552,184,126,202
541,183,140,211
535,185,146,208
538,187,140,204
537,182,140,212
543,184,129,215
538,185,132,214
545,185,118,215
542,177,124,211
539,183,125,218
540,180,122,210
544,180,115,219
543,187,117,206
546,182,116,217
543,183,116,211
541,177,120,214
541,173,119,217
540,187,122,205
537,175,127,208
540,186,120,206
537,178,125,206
542,184,123,199
535,182,125,211
545,188,117,200
541,181,116,206
543,175,120,212
542,185,118,198
543,187,115,204
542,185,118,203
546,182,111,204
543,183,114,205
545,178,113,205
545,184,109,202
544,177,111,204
543,182,110,206
545,173,111,206
546,180,108,202
544,175,110,199
544,177,109,207
546,173,107,198
546,167,102,206
544,178,104,194
545,173,107,197
545,173,106,192
544,176,107,191
545,169,106,191
544,176,104,183
545,167,102,193
544,177,105,188
544,167,104,187
544,168,102,189
545,163,99,187
548,173,93,184
545,168,98,184
547,172,95,181
545,168,96,176
543,169,95,182
546,166,94,180
550,169,88,178
553,166,87,181
555,167,85,182
555,162,87,177
557,166,82,177
512,217,93,152
521,228,110,123
530,236,94,93
542,236,96,95
556,220,92,111
556,184,82,133
575,202,65,140
578,189,61,141
596,242,54,130
466,230,47,121
472,223,45,103
472,230,56,90
478,231,65,81
497,178,63,77
493,174,68,66
490,174,70,64
488,173,85,73
484,170,100,75
484,169,106,78
478,167,112,85
474,167,109,81
467,169,114,77
462,168,113,78
460,169,111,74
458,169,107,72
454,171,109,72
450,172,106,69
450,170,104,74
447,169,104,74
447,170,104,77
444,171,102,68
438,172,108,66
439,170,100,69
434,171,102,67
431,170,103,66
429,171,104,65
426,171,106,64
427,172,105,67
425,170,105,67
425,170,106,65
425,172,100,67
417,171,113,65
417,168,109,67
417,170,102,68
413,166,104,74
411,166,103,71
411,170,102,72
409,170,103,67
403,169,108,72
403,164,108,71
401,168,110,72
400,169,107,70
401,168,104,72
399,172,106,68
399,168,104,72
396,167,107,73
399,168,97,71
398,167,95,75
395,170,98,74
396,169,94,72
396,167,91,73
396,167,86,73
396,167,85,74
397,166,83,74
397,165,79,74
398,167,76,73
396,167,75,72
397,167,71,71
397,168,65,71
394,167,68,71
395,167,65,72
395,168,61,69
394,166,58,71
394,166,61,73
393,163,56,78
393,163,53,77
393,164,49,76
393,165,48,73
392,167,46,73
393,169,44,69
392,169,43,70
393,165,41,74
395,167,39,70
394,169,38,69
393,166,37,72
394,168,35,71
393,167,34,70
393,167,34,71
393,167,29,70
393,168,27,69
393,167,26,71
392,164,26,73
393,167,21,69
393,166,22,68
390,165,19,61
393,166,18,60
394,167,16,59
393,165,19,59
390,166,19,58
390,166,19,58
390,166,19,58
390,166,19,58
394,171,12,55
394,171,12,55
394,171,13,52
394,171,13,52
394,171,13,52
394,171,13,52
394,171,13,52
394,171,13,52
394,171,13,52
394,171,13,52
394,171,13,52
394,171,13,52
394,171,13,52
394,171,13,52
394,171,13,52
394,171,13,52
394,171,13,52
394,171,13,52
394,171,13,52
394,171,13,52
394,171,13,52
394,171,13,52
394,171,13,52
394,171,13,52
394,171,13,52
394,171,13,52
394,171,13,52
394,171,13,52
394,171,13,52
394,171,13,52
394,171,13,52
394,171,13,52
394,171,13,52
394,171,13,52
394,171,13,52
394,171,13,52
394,171,13,52
394,171,13,52
394,171,13,52
394,171,13,52
394,171,13,52
394,171,13,52
394,171,13,52
394,171,13,52
394,171,13,52
394,171,13,52
394,171,13,52
394,171,13,52
394,171,13,52
394,171,13,52
394,171,13,52
394,171,13,52
394,171,13,52
394,171,13,52
394,171,13,52
394,171,13,52
394,171,13,52
394,171,13,52
394,171,13,52
394,171,13,52
394,171,13,52
394,171,13,52
394,171,13,52
394,171,13,52
394,171,13,52
394,171,13,52
394,171,13,52
394,171,13,52
394,171,13,52
394,171,13,52
394,171,13,52
394,171,13,52
394,171,13,52
394,171,13,52
394,171,13,52
394,171,13,52
394,171,13,52
394,171,13,52
394,171,13,52
394,171,13,52
394,171,13,52
394,171,13,52
394,171,13,52
394,171,13,52
394,171,13,52
394,171,13,52
394,171,13,52
394,171,13,52
394,171,13,52
394,171,13,52
394,171,13,52
394,171,13,52
394,171,13,52
394,171,13,52
394,171,13,52
394,171,13,52
394,171,13,52
394,171,13,52
394,171,13,52
394,171,13,52
394,171,13,52
394,171,13,52
394,171,13,52
394,171,13,52
394,171,13,52
394,171,13,52
394,171,13,52
394,171,13,52
394,171,13,52
394,171,13,52
394,171,13,52
394,171,13,52
394,171,13,52
394,171,13,52
394,171,13,52
394,171,13,52
394,171,13,52
394,171,13,52
394,171,13,52
394,171,13,52
393,165,19,56
393,165,19,56
393,165,19,56
393,165,19,56
393,165,19,56
393,165,19,56
393,165,19,56
393,165,19,56
393,165,19,56
393,165,19,56
393,165,19,56
393,165,19,56
393,165,19,56
393,165,19,56
393,165,19,56
393,165,19,56
393,165,19,56
393,165,19,56
393,165,19,56
393,165,19,56
