559,170,69,76
560,174,71,66
562,180,65,62
563,182,61,59
561,184,61,61
558,188,61,60
557,188,59,58
553,186,61,57
552,184,59,57
554,187,57,54
554,185,58,56
552,185,61,58
555,187,57,53
555,187,57,53
561,190,54,57
563,190,55,55
563,193,58,55
565,192,53,53
563,190,53,55
560,189,54,56
555,188,56,56
553,188,57,57
552,188,54,55
545,186,58,51
542,183,57,53
538,182,58,53
536,180,55,54
534,175,54,57
528,174,55,55
531,173,51,53
529,173,54,54
530,171,55,53
534,173,53,54
529,171,56,54
531,172,54,54
524,170,57,55
527,170,54,55
526,168,52,52
522,167,56,53
525,167,56,52
528,167,56,50
528,168,54,50
534,170,49,47
533,170,52,49
531,167,57,53
531,168,56,52
535,168,54,53
533,168,56,54
535,168,55,54
536,171,57,53
540,172,54,51
540,173,54,49
539,173,58,49
540,173,54,48
539,173,57,50
542,172,53,50
542,171,50,52
542,171,53,51
547,173,47,46
548,172,47,47
547,173,49,47
547,172,47,48
545,170,51,50
541,169,52,48
534,162,53,51
526,154,53,52
517,145,50,48
507,135,50,47
501,128,47,48
496,122,45,47
491,117,43,45
488,112,43,47
487,108,42,45
486,102,42,46
486,97,44,44
481,88,47,45
479,80,49,44
483,72,50,44
489,68,52,47
497,65,50,46
514,62,45,45
526,63,46,45
533,61,48,46
540,60,49,47
546,57,50,48
551,54,51,48
558,52,50,48
565,50,47,47
571,48,48,48
575,48,52,51
581,48,51,51
588,50,49,49
595,49,47,50
603,50,47,45
607,51,47,45
612,55,48,47
618,59,48,48
622,63,46,50
627,68,46,49
625,71,49,51
629,76,47,53
629,83,46,50
632,91,46,49
638,96,44,46
639,101,46,51
639,105,47,49
640,111,45,46
639,110,46,50
638,115,47,47
634,119,47,50
632,122,46,49
630,122,45,49
627,124,46,54
626,131,47,54
628,138,46,51
625,144,47,54
623,149,48,54
621,155,47,54
616,160,50,54
612,167,47,52
603,175,51,51
600,183,49,51
596,189,49,51
595,197,49,49
589,201,52,46
588,201,53,51
586,207,41,47
586,207,41,47
586,207,41,47
586,207,41,47
613,142,44,41
601,138,47,37
553,220,42,35
549,223,40,31
542,221,42,33
533,223,48,30
523,220,51,31
516,222,48,30
507,225,47,28
494,232,54,21
487,233,50,20
483,233,48,24
475,234,52,25
466,234,55,31
460,231,55,35
455,229,55,36
452,231,49,32
447,233,53,28
441,236,51,24
439,238,48,23
439,237,45,24
435,237,45,24
431,239,47,23
427,239,41,23
422,239,43,19
421,240,39,23
419,239,39,20
417,238,34,21
415,224,33,29
415,224,33,29
415,224,33,29
410,155,29,24
407,140,30,30
402,125,31,34
398,109,32,42
393,100,31,41
389,89,34,45
387,80,46,48
382,77,50,52
376,72,53,52
376,71,53,54
378,69,51,53
382,66,50,50
381,61,52,52
384,58,50,54
384,55,51,55
387,54,51,53
387,52,53,56
390,51,55,55
395,49,53,55
398,52,54,53
403,51,53,53
408,49,51,55
406,49,54,55
415,50,51,55
418,48,52,55
424,49,51,55
424,48,53,55
428,46,54,58
433,44,53,57
435,40,55,59
439,42,54,56
444,40,54,57
448,41,53,55
456,40,51,55
460,36,54,57
465,32,57,57
474,30,57,56
484,28,56,56
492,29,54,55
500,33,54,55
504,37,56,53
512,42,55,54
514,45,58,58
521,48,58,59
522,50,62,61
525,53,60,60
528,57,60,61
529,65,60,61
527,72,63,63
531,78,60,63
532,86,63,65
531,89,62,72
534,101,62,68
529,108,67,72
526,110,70,78
531,120,62,67
531,124,66,66
531,130,64,65
532,136,67,64
533,141,66,67
531,150,66,66
527,156,72,69
532,169,69,67
529,183,73,66
526,191,74,66
531,197,69,67
529,208,71,65
525,217,78,73
536,237,69,70
528,259,78,69
526,279,79,73
524,304,76,82
514,330,79,83
502,363,82,85
492,397,84,78
485,419,84,59
485,419,84,59
485,419,84,59
485,419,84,59
485,419,84,59
485,419,84,59
485,419,84,59
485,419,84,59
485,419,84,59
485,419,84,59
485,419,84,59
485,419,84,59
485,419,84,59
485,419,84,59
485,419,84,59
485,419,84,59
485,419,84,59
485,419,84,59
485,419,84,59
485,419,84,59
485,419,84,59
485,419,84,59
485,419,84,59
485,419,84,59
485,419,84,59
485,419,84,59
485,419,84,59
485,419,84,59
485,419,84,59
485,419,84,59
485,419,84,59
485,419,84,59
485,419,84,59
642,355,74,75
643,367,73,91
647,399,79,75
647,399,79,75
471,376,78,77
471,376,78,77
471,376,78,77
471,376,78,77
471,376,78,77
651,388,63,81
646,260,71,74
610,162,72,59
582,107,69,58
559,90,64,60
538,95,62,62
514,141,67,63
499,219,61,73
479,328,68,78
464,369,83,82
461,381,89,90
464,378,94,94
471,382,91,91
467,382,94,93
468,368,91,101
471,310,105,88
482,223,114,90
523,168,116,73
560,148,92,64
604,164,78,58
643,206,71,68
687,296,69,60
697,370,71,56
702,438,76,39
702,438,76,39
702,438,76,39
689,417,65,53
689,417,65,53
689,417,65,53
689,417,65,53
689,417,65,53
689,417,65,53
689,417,65,53
689,417,65,53
689,417,65,53
689,417,65,53
689,417,65,53
689,417,65,53
689,417,65,53
689,417,65,53
689,417,65,53
689,417,65,53
689,417,65,53
689,417,65,53
689,417,65,53
689,417,65,53
689,417,65,53
681,361,59,44
675,431,69,46
675,431,69,46
675,431,69,46
664,441,81,39
644,317,82,45
617,179,77,34
597,60,71,39
587,0,60,45
587,0,60,45
587,0,60,45
549,-2,60,42
547,29,53,50
544,99,47,57
537,206,55,56
524,231,61,68
515,268,72,75
511,308,77,71
509,345,85,69
507,375,83,70
507,350,87,75
532,284,74,70
551,187,61,68
555,118,59,59
563,80,58,58
572,75,58,56
580,93,59,62
586,152,66,61
603,260,61,63
622,375,70,77
626,410,74,63
626,394,79,68
610,306,84,77
598,177,71,65
585,84,65,61
573,29,67,61
564,7,60,63
555,17,63,66
547,55,64,75
535,141,65,84
537,262,72,80
551,313,72,79
549,368,76,87
586,414,78,71
586,414,78,71
586,414,78,71
586,414,78,71
586,414,78,71
732,360,66,62
705,219,76,70
682,97,74,64
664,23,72,68
650,0,68,55
640,-1,68,52
633,13,66,71
627,77,70,83
625,200,70,85
625,200,70,85
654,355,68,78
656,366,79,82
656,366,79,82
672,380,77,72
689,305,75,75
702,195,66,77
706,90,62,76
709,20,60,69
716,0,60,51
734,1,61,46
769,10,63,57
816,48,66,60
861,106,66,54
883,163,76,60
888,212,71,55
858,223,61,48
804,199,70,55
762,177,78,57
726,159,79,53
703,143,75,53
689,133,68,53
675,126,61,55
661,121,59,50
653,118,56,51
644,117,55,52
637,120,56,50
632,126,55,49
631,134,56,52
631,142,57,53
637,145,54,56
646,149,54,54
653,146,55,55
662,144,54,55
668,140,56,53
680,138,53,49
688,135,52,46
700,133,50,44
712,135,50,42
722,133,50,42
731,129,51,42
733,121,53,43
734,108,53,45
733,92,54,46
732,68,52,48
731,40,52,48
730,8,54,51
729,0,55,44
729,0,55,44
729,0,55,44
729,0,55,44
729,0,55,44
729,0,55,44
729,0,55,44
729,0,55,44
729,0,55,44
729,0,55,44
729,0,55,44
729,0,55,44
729,0,55,44
729,0,55,44
729,0,55,44
729,0,55,44
729,0,55,44
729,0,55,44
729,0,55,44
729,0,55,44
729,0,55,44
729,0,55,44
729,0,55,44
729,0,55,44
729,0,55,44
729,0,55,44
729,0,55,44
729,0,55,44
729,0,55,44
729,0,55,44
729,0,55,44
729,0,55,44
729,0,55,44
729,0,55,44
729,0,55,44
729,0,55,44
729,0,55,44
729,0,55,44
729,0,55,44
729,0,55,44
729,0,55,44
729,0,55,44
729,0,55,44
729,0,55,44
729,0,55,44
729,0,55,44
729,0,55,44
729,0,55,44
729,0,55,44
729,0,55,44
729,0,55,44
729,0,55,44
729,0,55,44
729,0,55,44
729,0,55,44
729,0,55,44
729,0,55,44
729,0,55,44
729,0,55,44
729,0,55,44
721,51,53,48
732,99,48,59
746,121,33,57
761,124,24,65
759,129,24,72
759,129,24,72
751,161,23,65
751,161,23,65
751,161,23,65
769,235,21,68
769,235,21,68
769,235,21,68
769,235,21,68
690,240,27,71
655,235,39,68
645,247,49,71
627,218,56,84
598,203,77,95
589,201,87,84
592,203,77,77
596,203,72,78
601,207,73,70
614,213,68,64
633,218,61,58
646,219,60,56
664,220,60,52
678,215,65,52
696,210,62,48
723,204,59,48
735,198,60,48
751,198,59,46
773,200,60,45
800,209,68,47
843,234,69,51
891,283,70,53
929,312,61,44
941,243,66,52
852,161,77,54
802,105,73,61
760,81,66,61
713,90,69,65
664,137,72,73
634,224,60,62
577,275,67,55
501,315,78,55
400,360,81,62
296,407,88,71
296,407,88,71
296,407,88,71
214,445,73,56
255,319,80,61
318,180,71,65
388,68,70,64
444,-1,80,68
507,-12,78,50
584,0,67,37
664,2,67,42
751,71,78,51
751,71,78,51
751,71,78,51
751,71,78,51
751,71,78,51
751,71,78,51
751,71,78,51
751,71,78,51
751,71,78,51
624,100,72,62
600,4,70,67
587,-20,58,55
587,-20,58,55
587,-20,58,55
551,0,57,57
541,56,58,68
529,169,62,74
517,302,70,73
494,338,79,78
477,364,88,80
458,373,86,87
426,371,88,95
392,365,76,99
338,377,85,97
293,413,92,95
293,413,92,95
221,419,101,92
232,307,93,78
283,127,82,99
337,-4,84,76
337,-4,84,76
337,-4,84,76
337,-4,84,76
337,-4,84,76
286,183,82,60
286,183,82,60
286,183,82,60
286,183,82,60
286,183,82,60
390,335,77,61
428,377,69,65
446,393,71,62
433,340,71,76
433,340,71,76
433,340,71,76
433,340,71,76
433,340,71,76
433,340,71,76
471,210,83,79
471,210,83,79
471,210,83,79
483,19,63,72
472,74,54,68
444,203,61,66
432,247,70,82
446,295,75,77
464,341,78,77
471,378,80,85
478,388,86,85
506,384,87,90
589,417,86,71
589,417,86,71
589,417,86,71
589,417,86,71
589,417,86,71
700,384,97,84
656,231,79,88
601,105,81,60
565,26,66,61
536,-6,61,52
497,-12,60,44
466,-1,58,48
436,31,57,59
405,107,53,66
370,237,52,57
378,287,62,57
406,344,74,69
446,380,80,76
502,407,75,63
551,394,70,61
605,354,64,58
657,338,66,59
652,317,68,69
644,305,77,83
632,323,85,92
620,364,92,93
624,405,95,70
648,433,89,46
648,433,89,46
648,433,89,46
716,397,93,60
659,317,78,64
586,274,66,57
516,263,64,55
440,284,66,59
406,307,74,71
378,321,83,80
369,344,84,82
378,347,84,92
418,327,89,80
500,304,80,64
581,309,68,60
661,351,63,57
672,387,67,65
681,402,81,70
720,420,73,53
702,389,71,60
643,342,71,61
580,318,61,58
518,331,64,61
481,360,68,56
472,374,72,63
497,397,67,58
539,415,70,59
588,448,75,45
588,448,75,45
494,413,65,50
622,420,63,56
617,290,71,52
617,290,71,52
617,290,71,52
617,290,71,52
672,292,64,53
672,292,64,53
672,292,64,53
672,292,64,53
672,292,64,53
672,292,64,53
672,292,64,53
544,348,57,65
559,405,54,61
559,405,54,61
559,405,54,61
559,405,54,61
559,405,54,61
559,405,54,61
559,405,54,61
559,405,54,61
559,405,54,61
559,405,54,61
559,405,54,61
559,405,54,61
559,405,54,61
559,405,54,61
565,426,57,52
561,414,61,63
626,437,67,54
623,431,73,49
614,423,83,54
609,413,98,61
615,408,107,69
619,409,117,72
633,415,124,65
649,419,121,60
660,422,124,58
669,425,119,54
673,433,117,48
677,435,110,46
674,438,114,41
673,441,118,38
667,436,115,43
