318,235,91,65
330,231,91,63
340,233,85,61
346,232,84,64
348,230,89,63
347,229,110,70
342,231,93,71
344,237,91,70
349,236,87,70
349,239,89,63
356,236,85,64
358,236,83,63
357,232,81,67
355,228,84,68
358,229,82,67
360,228,81,64
361,227,81,70
362,229,82,66
363,227,80,66
364,228,84,66
371,226,83,69
379,229,78,63
384,230,74,63
383,231,79,62
386,233,78,62
385,234,83,66
386,233,86,68
384,234,92,70
385,236,91,67
390,235,87,67
393,237,78,63
389,235,78,62
383,234,79,62
377,231,84,69
369,233,92,62
368,233,92,67
368,235,90,70
363,241,94,68
365,238,91,71
369,238,86,77
367,245,87,69
369,241,84,68
370,242,82,71
368,244,83,70
371,244,80,70
373,242,83,68
373,241,85,65
373,243,85,65
377,246,78,64
377,252,68,61
382,254,73,62
386,259,57,63
398,262,50,64
413,268,48,61
419,278,46,59
419,274,50,63
426,276,53,63
426,279,47,63
427,280,50,61
437,278,42,60
436,275,41,62
437,272,40,62
440,271,37,70
441,272,37,68
425,284,45,71
423,280,62,76
409,282,79,81
403,286,90,88
398,290,96,88
396,289,107,88
397,288,103,69
396,291,113,64
400,290,122,69
383,293,105,65
393,294,91,65
405,299,79,63
408,300,79,63
412,303,77,60
408,302,84,60
414,304,80,60
415,302,73,62
417,304,75,59
412,305,76,60
403,305,83,60
402,310,80,58
402,309,79,58
402,312,74,58
399,310,72,57
400,311,72,58
401,306,73,63
404,308,72,61
414,308,56,61
423,312,53,61
428,314,48,63
430,318,44,61
424,322,51,60
410,326,67,60
406,330,74,62
401,331,76,67
398,333,71,71
394,335,72,74
394,336,74,69
396,334,74,68
399,333,72,66
398,331,76,72
399,331,78,68
405,330,75,66
407,326,74,68
412,321,72,64
414,320,75,66
417,318,76,62
418,318,74,60
420,316,73,59
420,315,73,56
421,316,76,55
424,313,74,56
426,309,74,55
426,307,75,56
425,302,78,57
434,301,75,58
442,293,65,63
444,291,61,56
435,289,71,56
433,287,74,55
431,284,73,55
430,280,70,56
445,275,56,57
426,271,69,58
425,267,70,60
424,268,74,58
422,267,76,59
426,269,72,57
424,259,75,66
426,261,73,61
425,261,71,61
423,263,73,58
419,253,78,66
422,253,73,65
421,250,73,67
423,249,69,65
421,248,71,64
422,247,68,65
423,246,69,63
420,245,73,63
418,245,73,61
422,243,69,63
421,244,69,61
417,243,73,61
418,244,71,56
418,246,69,40
418,248,71,36
421,252,73,36
427,256,71,37
427,259,74,37
428,262,75,34
429,264,77,36
432,264,74,35
437,264,71,37
434,247,74,53
434,236,74,64
438,235,71,64
438,235,71,67
438,236,70,63
437,235,69,63
436,234,69,64
434,234,68,57
433,238,69,53
432,239,68,53
429,239,72,58
434,241,66,57
432,245,66,57
430,247,71,55
430,247,71,57
430,249,72,56
430,254,70,52
430,252,73,54
429,245,72,63
430,244,70,62
430,245,69,64
431,245,69,61
429,247,71,59
430,249,72,57
428,251,74,57
430,251,72,43
427,257,75,36
432,259,73,34
434,261,71,35
436,261,73,36
436,262,71,37
435,265,72,37
434,266,71,36
433,267,74,37
432,269,73,36
431,273,69,38
432,277,72,39
433,278,72,38
437,279,70,39
440,282,68,39
437,280,71,46
439,270,66,59
437,272,71,62
438,275,71,64
439,278,66,65
439,279,66,63
442,281,66,65
445,283,65,66
448,285,66,67
450,288,71,68
454,291,70,68
453,294,74,69
457,297,73,69
458,300,76,72
464,304,73,66
462,307,76,67
464,306,77,66
466,310,77,64
468,311,75,63
471,311,74,66
474,310,74,68
475,313,76,68
477,314,75,65
477,317,73,64
476,319,74,63
477,321,71,63
475,323,73,63
472,325,74,63
470,330,77,63
470,337,79,63
470,341,76,62
469,343,77,61
466,343,77,60
464,348,76,57
461,348,75,58
457,346,79,59
456,345,76,59
455,345,79,58
450,345,80,56
449,345,82,55
447,340,81,56
447,337,79,57
441,338,86,56
440,337,82,56
440,337,79,54
440,336,75,53
436,332,79,55
436,334,78,51
437,335,74,52
439,329,71,55
436,333,73,52
432,333,74,54
426,328,82,62
425,325,82,68
425,325,78,67
423,324,80,71
418,319,90,74
417,320,90,73
415,317,94,78
414,316,95,80
406,316,110,79
411,315,108,80
410,316,112,71
407,318,114,71
412,317,107,74
397,317,92,75
416,321,102,75
416,325,103,76
412,318,110,84
397,308,114,94
406,310,123,91
399,306,116,96
401,311,99,90
413,314,112,83
409,305,111,93
420,310,105,89
427,311,100,86
425,307,99,89
432,308,89,87
430,311,94,83
428,307,98,86
434,310,93,82
436,311,93,81
440,314,93,80
439,313,97,83
437,316,89,80
437,314,96,80
437,313,102,80
437,313,103,79
434,314,106,77
431,313,111,75
430,314,109,77
429,314,107,78
429,315,99,74
430,310,114,80
427,309,102,79
426,314,98,76
425,316,100,75
416,314,102,72
415,314,101,74
414,314,95,71
400,321,79,61
394,322,76,62
388,319,89,69
385,312,100,78
377,301,113,90
352,291,127,100
344,284,136,106
313,284,158,104
305,284,161,106
297,285,174,104
289,290,173,100
290,286,167,105
283,282,175,109
282,271,177,117
289,281,162,111
283,286,161,108
280,284,159,106
285,279,156,109
280,277,158,111
276,266,166,120
278,267,159,123
292,277,147,111
278,274,162,113
284,280,152,110
296,288,138,101
265,291,126,94
306,289,130,97
282,291,116,94
297,291,96,85
301,293,88,82
307,296,89,85
313,301,85,81
323,303,77,79
326,307,80,79
327,309,83,76
332,308,76,74
336,313,79,71
337,317,78,66
345,316,75,65
346,320,78,63
355,321,79,60
341,326,93,50
337,329,102,43
344,323,99,50
346,315,101,62
339,312,112,69
328,330,131,79
332,310,132,94
333,307,133,103
334,306,134,109
347,305,126,118
354,302,118,120
356,303,121,115
367,306,116,118
369,302,117,118
375,306,115,114
384,307,106,106
379,308,115,116
388,308,106,108
400,314,94,101
406,318,94,93
413,323,81,87
412,329,83,87
414,335,84,89
413,341,96,85
410,339,111,92
408,343,119,91
400,347,132,94
395,347,140,98
396,352,143,94
394,358,140,90
385,362,149,84
414,364,154,79
385,361,156,82
383,353,162,86
386,362,158,79
391,361,156,77
391,358,160,80
391,358,150,80
392,359,154,77
403,354,140,83
391,353,140,81
359,351,155,84
381,358,141,79
369,349,149,86
359,353,154,81
334,367,127,75
340,366,110,76
353,376,90,69
344,373,92,74
345,368,94,76
338,359,100,88
338,357,100,92
332,360,105,92
332,362,106,90
331,370,103,84
325,363,103,91
320,363,101,91
317,370,106,92
314,369,111,91
318,373,101,90
317,374,106,93
323,374,97,90
322,369,105,94
318,370,114,91
318,365,105,95
313,362,114,96
313,360,109,95
312,362,108,93
310,366,119,79
306,364,107,71
301,366,101,56
294,364,106,57
281,370,119,50
278,368,120,54
267,367,129,55
268,367,119,54
274,366,111,57
270,365,100,55
263,369,104,49
258,370,110,47
256,347,114,66
253,339,135,81
248,318,136,93
246,312,140,97
241,307,148,102
247,305,143,102
251,300,137,99
254,294,141,107
258,293,130,104
264,290,132,104
269,288,133,105
270,287,128,107
276,281,120,103
279,278,114,95
284,269,116,103
286,265,121,109
294,258,120,110
297,256,125,114
313,259,126,113
342,262,134,110
347,262,139,110
373,257,142,114
378,258,129,110
410,255,115,110
440,263,109,102
456,267,93,99
468,270,88,96
473,275,89,92
481,273,89,95
481,276,105,97
477,271,106,104
479,271,107,105
475,269,115,111
468,279,124,100
464,272,123,105
468,275,115,98
465,272,113,97
462,275,114,95
458,267,129,105
453,263,136,110
447,266,123,109
445,265,126,109
446,266,126,105
443,267,129,102
443,271,143,96
438,260,129,105
434,249,142,114
434,249,138,110
429,245,154,115
428,244,146,115
426,240,141,114
424,236,118,117
428,251,104,95
427,249,106,97
430,252,103,98
431,250,108,104
436,250,108,110
436,266,101,94
434,279,102,83
437,281,96,81
442,284,90,78
443,284,93,79
447,283,88,82
451,284,95,80
455,286,81,78
462,284,86,79
457,282,88,76
458,281,87,81
463,279,85,81
465,282,85,79
466,280,85,80
470,284,81,81
469,288,89,80
471,292,104,84
472,297,102,83
474,296,105,83
480,295,100,84
480,292,102,89
478,289,106,87
478,288,105,88
477,286,105,91
477,286,101,90
476,286,98,91
474,287,100,95
478,290,94,91
478,291,93,92
479,296,92,92
488,302,82,87
491,310,78,83
491,315,71,79
494,321,68,77
495,331,62,71
493,330,68,70
488,331,67,71
484,332,77,74
480,329,83,71
473,329,89,73
466,319,97,84
463,316,99,93
458,296,107,109
446,292,110,116
437,291,110,111
438,294,102,111
431,298,111,113
433,298,109,110
430,296,119,107
426,300,119,117
425,301,122,107
422,304,127,107
422,301,120,116
411,302,125,121
406,302,127,135
405,306,132,137
406,305,127,130
402,307,133,129
408,308,123,125
404,306,122,122
398,304,122,122
403,307,124,116
411,309,125,116
409,318,132,104
416,320,128,94
418,326,126,90
417,327,115,87
427,330,109,81
431,328,108,86
435,332,106,84
427,337,117,80
433,337,108,82
444,344,99,65
442,344,101,70
439,348,105,67
442,349,98,57
445,358,97,48
442,370,101,50
440,373,99,46
440,372,99,50
439,374,97,47
438,368,100,51
434,367,101,47
425,367,101,45
420,362,102,48
409,352,111,56
404,346,100,61
404,342,99,64
402,338,99,68
401,336,97,72
396,335,107,73
395,329,120,82
387,325,129,90
376,317,138,99
382,310,129,100
379,306,126,99
376,303,125,102
384,306,116,102
396,306,106,104
410,309,92,96
426,308,81,99
425,308,84,97
421,306,96,95
428,313,92,92
426,320,97,85
425,319,102,86
426,318,97,87
435,320,87,86
440,319,80,93
437,321,81,89
440,329,78,86
436,328,74,91
443,332,64,98
444,332,72,96
441,333,79,96
445,331,81,93
447,331,89,87
457,325,84,84
457,317,88,84
453,310,94,91
462,309,89,78
457,307,88,71
457,304,82,66
463,297,80,71
467,293,73,72
470,290,67,72
470,286,65,78
470,284,64,78
470,281,63,75
467,281,66,80
467,278,68,86
468,276,65,89
465,277,73,88
459,282,76,80
455,283,85,85
451,287,84,84
449,287,96,91
465,291,83,87
475,297,73,71
479,301,76,77
482,305,79,66
492,308,74,74
491,310,82,69
498,311,78,76
500,316,82,76
505,319,83,74
509,323,84,75
512,328,85,71
515,333,87,79
522,333,88,78
524,333,89,79
525,332,87,75
523,332,85,70
523,334,84,65
524,333,84,74
523,331,87,75
520,328,84,69
516,327,85,74
516,325,87,78
518,324,78,83
510,324,83,82
510,322,81,82
507,326,85,82
508,328,81,77
505,326,81,78
507,327,81,79
507,325,83,81
506,328,83,79
505,328,86,81
507,327,83,79
507,328,84,78
506,329,89,77
504,329,92,75
508,329,83,73
507,341,81,62
505,350,81,51
504,346,83,51
507,347,85,52
509,342,86,52
509,344,87,51
510,340,87,56
505,344,89,53
511,341,81,60
509,338,78,63
502,339,84,66
499,339,88,66
497,339,86,68
496,338,84,68
493,337,88,69
492,337,90,69
491,334,87,73
488,331,84,75
489,328,84,78
489,325,80,82
491,323,79,85
492,323,73,78
485,322,76,77
483,322,77,81
481,318,78,77
483,317,79,82
478,318,82,82
480,317,83,82
479,318,82,82
483,318,77,82
477,319,84,85
481,321,85,84
484,320,79,83
488,321,79,82
486,322,78,82
486,324,79,81
485,324,79,82
485,323,78,88
483,328,74,83
479,339,77,72
480,339,74,73
477,340,74,72
477,339,77,71
476,339,78,73
473,341,79,71
473,341,80,68
475,339,77,69
473,337,78,79
476,338,75,75
476,337,79,80
472,339,82,71
476,340,81,78
476,340,80,71
475,340,86,76
476,339,84,77
479,338,83,75
484,331,85,89
482,324,92,90
465,324,107,93
462,317,108,98
454,320,112,88
455,318,104,90
490,309,92,94
494,307,72,88
484,303,73,82
480,303,78,75
474,301,80,73
466,300,87,72
463,297,89,75
467,298,88,68
466,293,92,72
469,290,84,68
460,292,97,67
460,288,93,68
461,285,94,68
460,280,97,68
454,279,106,62
453,277,94,63
446,271,98,71
446,276,79,61
445,276,78,61
441,267,81,68
435,265,81,69
427,263,91,75
422,265,91,76
419,266,96,73
422,266,91,75
418,262,98,82
420,261,102,77
429,262,93,77
425,265,98,78
425,272,94,75
428,277,79,75
445,286,64,69
447,284,71,65
451,283,69,58
447,286,75,59
445,285,78,68
444,284,78,73
441,283,80,69
441,282,82,73
446,284,77,66
448,284,77,69
448,282,80,69
442,281,89,73
440,281,87,65
443,279,83,69
445,279,69,71
454,281,63,74
455,282,66,71
456,279,67,74
460,278,66,80
461,277,75,80
456,278,89,90
464,278,86,87
464,281,94,84
466,284,94,76
462,286,100,81
460,288,102,76
459,288,104,81
460,287,104,93
464,288,102,93
469,289,95,77
469,291,94,84
469,291,94,79
466,292,98,84
463,291,94,86
457,295,75,86
464,293,65,85
465,297,70,85
465,287,72,80
473,285,69,86
469,284,75,87
477,281,72,85
475,280,72,75
476,281,68,69
477,278,70,68
478,279,68,63
480,280,65,61
486,282,62,64
488,284,57,60
492,288,56,68
494,288,58,65
486,288,65,70
487,286,70,71
493,289,64,65
492,289,70,74
486,291,79,77
485,292,82,73
486,288,86,74
476,284,97,73
469,286,110,70
480,278,106,73
478,275,108,72
489,272,98,66
502,271,84,56
508,271,76,56
506,270,73,62
505,271,72,66
509,274,67,68
511,278,65,62
514,281,58,58
514,280,59,56
518,278,59,53
528,277,55,51
535,278,56,56
544,279,50,47
547,278,56,45
553,275,54,46
562,270,52,45
568,266,50,45
578,262,48,48
583,260,51,46
590,258,55,48
595,255,53,48
600,252,50,45
602,249,51,45
605,246,51,46
610,245,48,43
611,242,50,42
612,239,49,44
611,238,48,43
609,237,48,44
607,237,48,41
604,238,47,43
600,239,48,46
595,240,47,47
594,241,42,40
590,242,43,45
586,240,43,45
580,241,43,44
577,242,43,44
578,244,41,39
579,247,41,40
577,248,43,40
580,249,42,37
584,249,39,37
586,250,40,39
588,250,40,39
592,251,40,34
597,251,38,37
599,252,40,35
600,253,44,42
605,254,45,42
608,254,43,38
609,253,42,39
609,253,42,36
607,252,39,33
605,252,37,34
603,253,37,37
597,254,40,37
593,256,40,37
588,259,38,34
582,261,38,33
577,264,37,36
570,266,39,34
566,268,39,35
565,268,37,34
564,269,37,34
560,268,38,33
558,266,37,34
556,265,39,37
557,263,38,36
556,261,37,38
556,261,36,35
555,261,39,41
553,260,41,38
553,260,40,35
553,259,38,35
553,259,39,33
553,257,42,34
553,255,41,36
556,255,38,35
554,253,37,35
553,255,37,35
551,253,35,34
549,253,35,33
548,254,33,32
545,251,35,34
543,250,37,40
540,252,38,39
539,250,41,43
529,251,38,42
529,250,33,43
524,250,34,42
535,251,30,42
533,249,25,42
537,249,22,40
537,248,21,43
535,248,22,43
534,247,24,44
532,247,26,46
533,247,29,44
528,247,32,43
527,247,32,41
528,247,32,42
536,246,29,41
533,246,31,41
520,255,37,43
521,253,45,52
523,251,45,52
526,251,45,44
524,255,45,38
515,254,50,42
519,254,49,42
519,255,47,41
519,256,46,43
517,257,50,42
520,257,51,41
518,257,50,43
524,258,47,41
525,258,46,39
524,258,49,39
516,259,44,39
511,260,48,38
514,259,45,36
524,257,51,40
525,257,47,40
525,258,43,38
524,259,47,37
527,260,45,38
530,257,43,42
528,258,43,41
530,257,40,41
529,259,40,42
531,263,40,38
531,264,40,37
531,264,41,36
529,262,43,39
531,262,42,39
532,262,40,38
531,262,39,35
532,263,39,33
532,262,41,35
533,261,39,33
532,261,39,35
531,261,41,36
533,259,39,34
532,258,40,36
533,256,40,36
536,256,39,36
535,255,38,36
534,253,38,38
534,253,38,36
532,252,39,36
531,251,38,36
530,251,39,39
529,250,42,37
530,248,41,38
528,250,40,35
526,249,41,39
528,249,38,34
529,255,40,32
531,255,39,33
532,254,41,32
533,251,40,37
525,251,44,31
529,250,38,35
528,248,38,36
526,244,41,43
523,243,43,41
525,243,40,41
522,242,42,38
525,243,37,36
525,241,38,42
526,244,37,51
522,242,41,44
526,243,35,39
525,243,36,39
525,244,37,38
523,249,37,34
523,250,38,32
523,249,41,34
523,248,38,34
523,247,36,32
523,245,37,33
521,243,39,34
521,243,36,32
521,241,35,32
521,242,37,32
521,241,37,32
520,240,37,33
520,240,37,31
520,240,37,31
518,240,36,31
519,240,37,30
519,239,36,33
518,238,37,31
515,237,38,39
513,237,40,41
515,238,41,37
516,238,40,40
516,237,41,37
517,237,39,39
517,237,38,40
518,238,38,39
518,238,38,38
518,239,37,37
516,241,38,37
517,240,39,36
517,239,39,36
516,241,39,35
518,249,36,29
518,248,38,31
518,249,39,30
518,250,39,28
519,250,38,29
519,249,38,32
520,249,37,24
521,248,37,32
520,249,35,35
520,249,38,32
519,249,38,27
519,248,40,26
520,249,38,26
519,249,38,23
519,249,38,22
520,246,37,27
518,246,41,37
519,244,43,37
517,243,42,39
518,244,40,39
518,247,41,37
518,248,40,36
522,251,37,34
521,249,39,37
522,248,38,38
524,251,35,34
524,251,34,32
522,250,37,33
518,249,40,34
521,248,36,31
518,248,39,32
519,247,38,32
518,247,41,38
519,246,40,39
520,248,40,38
521,248,38,36
522,249,37,33
522,248,39,34
523,252,36,32
523,250,36,33
521,251,39,32
522,253,39,29
524,256,36,27
524,256,35,25
522,256,35,25
521,255,36,27
518,252,38,33
517,252,42,32
519,251,40,36
518,252,39,39
517,252,41,37
514,252,45,36
516,252,41,37
513,251,44,36
515,251,42,35
514,250,43,38
513,251,44,39
512,254,43,37
510,257,48,33
512,258,45,34
516,256,39,30
513,256,42,31
516,255,44,30
512,257,48,28
508,256,52,29
509,256,47,30
507,254,49,32
507,253,48,34
506,253,46,33
505,253,46,34
507,253,45,39
501,251,46,35
505,255,45,32
507,260,42,28
508,257,41,32
509,258,37,32
513,259,39,31
515,258,35,36
515,257,28,32
515,258,23,29
519,256,20,31
520,257,19,30
522,256,20,30
523,255,22,31
525,257,20,28
526,256,20,29
524,261,22,36
526,255,20,35
526,257,20,31
526,256,20,29
515,265,26,33
516,258,29,40
513,258,36,44
512,258,40,47
510,261,41,45
509,259,43,50
508,260,43,50
507,266,36,45
506,266,41,46
505,270,38,44
505,270,43,44
505,270,43,43
500,265,44,47
500,264,46,46
500,262,45,50
496,261,47,47
493,259,48,49
493,260,46,47
490,260,46,48
491,259,40,46
481,260,45,42
480,257,43,43
473,257,46,43
471,255,46,50
462,253,48,49
458,251,52,55
444,246,54,51
446,247,49,51
443,247,45,46
438,246,46,44
439,245,40,46
435,246,41,47
435,246,39,47
436,245,35,49
436,261,35,42
435,268,38,39
436,270,37,38
437,274,36,37
439,279,37,29
443,280,34,27
443,281,34,27
442,282,34,23
449,265,31,23
447,271,38,28
450,269,36,36
458,263,41,44
455,257,48,47
453,256,54,50
456,254,57,51
457,254,59,52
456,253,64,59
459,254,61,56
464,254,63,66
467,253,62,69
467,253,63,65
467,255,65,61
469,256,61,63
467,259,60,61
464,260,63,63
460,259,63,68
457,262,63,73
450,260,65,72
447,261,66,68
439,259,75,74
441,258,73,67
435,260,83,68
418,275,81,56
426,273,67,53
425,262,65,58
420,268,62,55
418,264,64,61
412,263,67,68
410,260,70,76
407,261,72,76
404,261,75,71
406,258,69,74
409,257,67,76
411,256,70,76
404,256,77,79
402,257,83,79
402,259,85,78
402,260,92,77
405,259,85,71
404,261,100,79
409,265,98,76
414,270,94,74
419,277,96,73
426,279,87,75
432,279,93,76
441,277,83,78
444,280,76,70
452,282,61,69
456,283,62,66
449,288,71,74
442,307,78,65
431,301,84,72
436,292,85,76
447,290,81,79
449,288,90,90
454,286,96,90
454,293,103,94
459,298,98,90
461,302,101,89
468,301,89,93
486,313,106,89
502,308,101,103
492,301,111,112
482,301,117,96
487,301,102,84
493,303,99,88
490,307,108,100
485,314,108,104
474,319,114,105
462,332,120,103
444,341,115,104
430,345,120,114
406,353,123,116
375,361,129,120
350,372,133,123
336,396,151,128
319,439,168,99
156,448,160,89
156,448,160,89
156,448,160,89
156,448,160,89
156,448,160,89
156,448,160,89
156,448,160,89
156,448,160,89
156,448,160,89
156,448,160,89
156,448,160,89
156,448,160,89
156,448,160,89
156,448,160,89
156,448,160,89
156,448,160,89
156,448,160,89
156,448,160,89
156,448,160,89
156,448,160,89
156,448,160,89
156,448,160,89
156,448,160,89
156,448,160,89
280,343,141,120
489,360,166,144
739,440,178,98
736,442,179,97
743,444,172,95
738,442,176,96
748,444,163,95
748,442,160,102
744,441,167,101
746,442,167,98
746,445,170,98
733,441,183,102
742,441,172,101
742,440,172,100
