520,126,199,411
493,124,229,403
497,139,223,397
523,127,196,390
523,140,188,400
518,129,194,404
542,123,168,405
550,136,156,407
557,132,147,406
575,124,133,409
566,131,137,415
558,141,146,397
559,152,151,388
560,147,158,396
553,140,175,387
540,143,191,385
537,140,187,392
553,128,169,401
543,134,176,398
536,126,180,400
553,136,163,402
554,139,166,377
546,141,175,380
550,131,164,407
547,137,169,399
545,135,170,382
550,138,162,399
541,137,172,384
543,139,166,395
548,137,166,384
550,143,157,401
554,141,157,394
548,147,165,391
551,139,156,396
553,149,167,380
549,144,152,395
551,145,163,390
550,147,156,383
548,132,155,412
548,134,159,405
548,142,158,383
538,136,161,405
540,125,157,416
533,139,160,383
518,132,167,406
517,123,162,420
506,128,173,399
501,128,165,420
505,126,156,402
486,124,173,418
494,137,157,394
488,140,155,409
477,135,164,401
472,134,161,410
469,130,161,410
461,143,162,405
445,123,172,412
440,128,165,408
445,135,166,404
445,136,157,395
439,139,159,400
430,136,169,398
437,141,158,402
434,143,167,388
426,145,179,384
435,142,164,393
442,137,157,411
436,133,154,406
431,141,167,392
437,141,157,381
441,129,144,407
443,136,145,416
444,136,134,399
449,136,129,401
449,137,133,394
446,134,128,398
454,129,120,411
457,135,117,394
459,138,116,406
459,140,113,390
454,145,121,402
445,141,138,396
429,130,153,401
447,125,126,420
462,127,116,412
470,136,109,412
492,141,136,405
478,119,137,420
468,138,153,405
479,129,146,407
473,155,156,401
469,117,168,420
485,139,141,412
474,136,144,415
466,132,154,416
472,147,144,391
478,143,152,401
504,156,128,399
499,150,138,397
491,140,145,403
479,146,158,401
497,144,139,394
481,140,158,395
491,149,146,400
481,134,157,394
495,139,142,397
508,149,133,397
518,143,129,393
518,146,126,394
516,159,124,389
524,155,116,382
529,151,116,391
522,155,118,384
522,158,113,380
519,156,120,385
515,146,122,378
527,165,109,377
521,133,113,411
526,159,103,388
526,154,113,390
529,152,107,386
523,135,118,409
508,146,124,386
520,162,118,383
520,147,112,394
530,152,107,386
527,165,108,379
517,147,124,388
524,176,107,359
533,177,109,359
529,152,106,360
529,154,114,361
525,151,112,349
527,144,114,350
526,152,110,354
542,148,95,370
541,152,88,360
539,172,95,335
533,169,100,343
533,165,103,339
543,143,89,356
534,154,93,333
528,188,102,308
530,159,98,324
525,145,110,345
503,135,122,369
487,140,138,375
456,154,168,356
415,139,190,360
436,140,187,361
412,146,197,352
392,145,182,351
412,129,201,372
384,136,202,360
398,120,225,388
382,136,193,364
408,128,225,374
358,124,241,392
344,104,218,406
382,114,246,395
347,137,244,358
343,135,220,372
384,138,218,364
381,128,207,375
355,123,215,379
365,135,199,362
399,126,195,381
379,146,220,355
368,117,226,387
344,116,218,383
408,137,170,368
407,132,177,375
393,149,199,353
391,118,195,383
382,143,213,362
394,126,190,378
392,116,206,410
378,138,193,366
422,142,191,355
400,144,201,375
400,145,208,357
410,137,196,363
413,133,190,365
406,134,198,378
401,138,201,360
403,141,182,354
404,151,173,360
404,145,184,356
400,143,188,367
393,141,199,362
396,133,187,370
393,141,211,364
392,129,198,379
389,135,206,370
390,137,210,372
389,127,193,380
389,122,186,379
392,126,196,372
393,127,158,376
427,127,188,392
404,122,224,382
393,139,221,362
386,135,192,364
382,122,231,381
353,149,268,348
326,150,290,348
368,147,259,353
365,148,244,355
377,140,236,363
370,144,225,356
380,139,227,365
383,150,200,345
385,151,214,356
384,145,243,363
368,143,255,364
351,150,251,350
358,132,270,395
306,129,307,383
345,138,271,364
321,136,296,364
322,133,296,369
314,128,308,378
315,129,305,370
312,130,305,384
316,125,304,384
337,127,292,385
350,129,239,369
332,124,304,394
316,135,282,365
373,140,222,369
392,136,223,380
398,150,220,384
361,146,254,378
385,151,201,348
390,155,204,363
397,155,226,353
398,153,228,370
383,146,241,368
395,147,209,353
394,146,204,372
404,143,207,372
400,149,197,360
401,149,197,357
398,148,208,362
400,149,204,362
404,148,188,366
403,125,200,389
402,146,181,364
403,153,205,353
404,155,155,347
410,151,115,376
412,147,136,358
410,146,139,363
408,153,133,352
411,149,120,358
411,145,125,356
409,142,116,368
405,143,127,362
432,141,164,363
411,149,149,355
408,149,152,370
409,148,151,351
414,155,113,354
410,149,108,352
426,154,111,363
412,149,104,354
417,154,94,346
422,160,106,355
409,154,108,350
434,153,92,360
415,147,110,357
411,147,103,356
416,149,94,355
416,153,92,349
418,151,93,353
411,151,96,359
421,151,91,352
411,151,103,352
413,152,98,355
415,154,95,351
418,156,94,347
414,155,94,348
415,152,93,355
411,153,101,364
418,155,95,349
418,154,95,357
420,155,90,349
414,148,96,378
412,143,108,381
411,152,102,348
418,150,99,366
413,154,101,350
406,153,118,368
402,155,130,349
407,147,109,354
418,147,103,362
414,152,101,346
413,154,107,347
407,156,117,350
411,153,121,351
407,145,116,361
409,148,114,364
410,149,108,352
407,158,111,349
414,153,108,348
412,149,114,372
408,151,112,358
412,150,113,355
410,147,120,358
415,147,101,367
422,154,104,349
417,150,101,354
415,153,104,350
415,158,103,341
414,154,107,353
414,157,117,347
407,150,118,350
416,155,110,354
413,153,112,359
413,151,123,350
424,145,98,368
409,153,123,355
410,151,125,349
416,149,119,356
414,146,118,356
414,150,116,353
412,148,128,362
408,140,123,396
406,145,129,377
408,147,137,375
408,148,144,378
407,156,166,346
403,158,204,368
415,145,155,374
409,149,172,361
411,153,158,352
418,142,128,386
415,144,125,373
412,144,136,370
411,155,150,369
411,149,159,358
414,146,153,385
407,149,197,388
418,137,150,392
412,148,157,369
410,153,166,345
413,158,177,355
410,152,204,373
415,149,198,387
412,147,172,370
414,152,168,350
413,150,209,380
418,161,158,332
415,154,179,364
410,144,169,351
408,151,201,376
408,150,175,378
398,144,213,387
382,132,182,378
394,150,190,354
400,150,164,370
392,138,192,379
394,134,190,377
394,142,193,374
390,132,192,370
390,141,225,376
404,144,163,339
402,143,167,354
401,145,173,370
394,139,175,369
398,146,175,368
395,142,185,365
388,151,210,356
386,145,222,368
383,142,211,360
386,141,239,383
403,150,177,344
391,155,196,359
395,147,200,368
395,141,200,374
387,143,204,366
375,137,254,387
342,128,221,369
395,150,236,354
372,138,249,375
322,121,233,386
381,137,231,379
363,128,190,382
393,131,221,405
393,134,169,348
455,147,168,365
425,146,217,382
397,147,200,334
421,146,192,346
403,153,174,340
415,146,159,345
420,147,167,359
442,147,182,363
421,142,225,356
428,137,196,363
435,145,201,369
438,151,162,341
453,146,179,343
435,151,193,349
444,140,170,348
467,149,144,341
448,145,183,340
438,146,194,360
443,149,176,339
428,139,207,359
437,142,193,351
450,131,201,372
428,142,210,348
450,145,191,341
420,131,157,385
432,134,168,379
440,132,166,358
448,140,158,354
441,138,147,357
439,147,127,344
437,145,116,341
437,146,99,345
435,155,93,336
431,130,102,315
436,143,89,319
437,155,93,342
442,134,77,358
437,129,91,369
429,151,96,346
435,160,88,334
430,146,86,351
446,133,86,362
433,146,96,355
427,146,92,352
433,151,81,353
424,152,92,351
428,157,87,349
426,152,95,347
429,147,84,351
439,138,73,364
433,136,80,367
432,139,85,366
431,131,86,372
429,151,83,351
437,149,78,351
428,145,85,354
440,152,74,345
429,152,87,346
434,150,80,353
431,149,83,353
435,142,80,361
431,142,85,361
441,143,77,357
430,142,98,356
418,143,121,350
417,128,117,375
420,130,106,368
431,139,101,354
423,132,116,364
413,136,104,363
428,140,109,356
418,136,120,358
409,120,134,380
396,115,143,389
380,112,171,385
373,114,216,393
380,73,267,434
340,40,319,480
304,58,339,443
284,9,376,516
303,11,316,504
293,4,321,510
305,69,304,435
274,89,350,415
313,104,303,398
379,79,269,426
340,93,274,415
311,127,298,375
336,115,283,400
288,99,349,425
313,87,315,417
281,92,346,406
304,113,317,387
307,116,310,383
309,96,310,412
301,112,332,391
292,103,337,400
266,74,374,424
304,111,327,407
272,99,348,403
307,129,317,372
298,84,318,419
293,111,347,419
287,54,335,449
306,115,319,401
308,84,296,410
258,88,368,438
295,94,332,408
334,128,280,377
319,136,291,358
304,129,320,370
301,100,330,412
299,86,318,415
325,122,315,402
311,94,314,427
295,96,330,408
261,71,373,441
309,107,313,402
288,100,330,400
324,123,296,378
318,112,292,395
313,111,302,396
300,112,314,387
297,90,322,416
326,127,296,374
315,104,305,413
310,109,310,396
293,68,328,441
307,102,312,401
285,101,348,399
315,119,294,378
312,106,282,402
318,119,292,391
295,93,338,413
269,80,357,430
315,114,315,397
301,110,312,398
289,67,342,435
284,113,340,395
283,69,350,448
313,111,322,399
302,91,290,416
316,109,298,424
307,114,306,392
295,107,339,398
269,88,367,416
294,68,336,432
300,98,327,410
304,83,332,419
305,115,328,411
311,92,319,409
318,115,301,395
309,122,323,382
307,126,304,376
290,114,342,397
303,117,323,384
294,101,333,397
248,61,395,462
299,90,316,411
325,122,296,395
316,122,299,386
318,126,297,377
315,116,303,392
307,122,308,380
302,104,317,400
273,61,361,447
300,89,330,427
299,111,334,399
301,90,321,419
282,77,341,429
304,104,324,408
295,111,317,390
302,108,305,392
300,93,305,427
308,100,299,400
300,109,313,397
301,98,310,398
305,82,322,423
301,96,322,429
304,89,312,418
314,109,293,395
303,112,311,397
303,89,309,423
307,75,308,428
283,106,332,403
302,95,326,411
295,79,320,426
301,108,310,404
305,105,295,398
282,87,326,433
304,75,330,429
295,107,304,396
314,109,293,395
296,108,323,399
323,87,293,409
300,119,313,387
322,113,271,384
317,124,281,378
314,117,280,396
309,133,281,366
310,134,285,368
308,124,288,384
293,127,306,375
320,114,278,397
308,115,287,390
299,112,289,403
322,117,270,387
315,126,275,378
306,119,296,392
307,120,283,380
303,133,299,369
314,120,280,386
300,115,292,391
318,124,272,379
291,130,296,373
316,130,306,367
309,121,297,397
330,124,264,377
310,126,287,380
298,131,300,369
297,136,304,366
304,124,285,384
297,120,287,386
326,130,283,379
312,137,284,367
315,142,266,360
300,129,313,377
323,118,268,384
307,117,280,395
306,127,282,380
314,128,273,378
317,136,265,370
318,128,263,373
313,130,266,378
332,140,249,371
320,134,246,371
297,147,317,385
327,137,273,373
311,122,277,387
324,143,256,360
344,143,226,374
342,138,231,390
316,144,251,381
348,143,242,371
403,133,186,368
411,145,231,368
359,147,211,359
376,139,196,385
397,141,179,368
413,148,170,368
399,149,208,362
410,135,152,372
411,147,160,378
402,143,205,367
407,141,171,376
415,139,151,365
410,149,164,368
408,148,192,349
399,151,225,376
313,136,264,390
324,148,315,364
316,136,298,377
317,135,270,368
335,149,242,367
323,141,249,368
308,158,296,362
329,142,255,362
344,147,227,364
306,144,271,372
340,138,231,376
356,146,211,373
332,153,232,359
311,143,278,371
321,130,258,381
308,135,265,371
334,132,236,374
338,144,257,373
320,140,265,365
306,137,267,370
325,145,292,360
313,137,283,367
327,140,250,364
311,144,255,365
344,152,240,350
358,140,233,389
399,139,182,373
401,148,178,360
399,133,179,374
402,146,223,359
411,144,174,368
398,150,185,370
415,123,138,380
409,136,154,365
407,143,157,369
410,154,151,371
410,145,154,349
403,152,186,358
394,143,246,386
323,142,279,363
322,135,259,366
303,132,272,376
340,149,248,352
350,150,223,367
304,142,266,372
335,141,252,361
321,147,259,358
308,136,274,372
343,140,234,361
312,133,260,375
314,152,311,357
308,123,285,381
330,121,252,394
375,132,205,374
403,140,185,370
401,150,194,359
402,137,175,367
397,151,189,354
393,148,196,359
397,137,212,380
412,146,152,354
405,138,181,381
407,140,171,367
407,133,181,400
406,128,156,376
407,139,162,366
402,148,171,364
403,145,168,361
410,145,164,361
408,152,165,351
411,148,167,357
410,148,193,380
420,126,147,396
414,144,167,373
420,145,156,371
419,144,158,391
418,137,217,381
414,146,187,361
410,116,206,391
422,109,169,397
430,98,204,431
353,118,226,401
335,119,242,399
357,126,219,404
421,126,172,390
424,122,145,373
404,138,187,358
413,139,176,361
408,137,204,384
375,148,254,358
319,137,300,362
313,117,313,397
326,115,290,387
316,118,303,399
321,113,296,400
319,121,304,382
307,84,322,420
294,114,333,414
313,126,312,371
323,119,292,376
309,101,312,403
315,105,289,390
317,120,313,385
311,128,307,376
312,119,306,378
308,114,328,389
308,116,312,394
286,112,334,393
293,115,319,385
286,111,331,397
305,116,316,389
290,98,338,401
262,97,370,413
308,104,317,398
293,100,327,393
306,120,318,382
308,128,306,373
310,108,308,403
303,93,316,401
269,55,373,462
315,98,300,398
306,75,315,430
276,92,346,406
298,114,323,395
304,100,327,416
309,105,315,392
293,88,333,416
253,55,391,450
298,38,336,478
284,22,352,487
297,22,363,512
319,83,298,428
310,114,317,384
293,97,329,406
288,101,347,397
265,58,386,457
291,86,331,428
292,58,331,453
295,89,339,418
259,72,382,426
311,95,311,415
280,82,356,421
301,85,330,420
262,70,371,435
300,52,349,465
301,106,326,400
267,84,380,413
310,115,318,386
290,99,332,407
309,128,330,373
315,126,308,374
297,95,326,415
277,97,366,404
294,90,350,419
287,101,330,406
308,85,336,422
294,95,330,413
261,58,357,445
303,82,316,434
296,94,323,409
304,107,320,404
316,109,303,391
311,88,319,441
316,124,294,379
302,116,308,391
302,117,315,389
303,112,315,392
277,83,356,421
300,100,313,405
310,89,320,404
324,98,301,405
300,111,303,389
304,112,306,390
303,111,292,392
301,101,320,410
296,90,315,415
303,62,325,444
306,103,313,399
311,109,316,388
298,96,323,406
315,98,294,408
315,88,293,421
303,72,331,453
325,114,294,397
316,110,292,389
319,104,297,400
324,87,310,423
320,112,317,386
304,109,329,393
325,95,297,407
306,87,307,429
319,95,307,401
304,82,324,424
319,96,306,404
309,76,330,426
327,115,303,383
310,124,312,375
334,112,281,390
319,109,302,379
333,91,284,412
313,101,289,400
340,103,268,394
329,118,282,379
363,103,254,388
316,129,294,369
387,124,247,359
417,131,176,326
422,154,171,353
412,122,199,387
427,134,182,354
432,131,171,349
423,122,144,370
443,119,122,371
456,125,83,347
456,134,79,318
447,193,91,348
458,121,84,330
451,124,84,316
457,130,80,307
459,123,77,316
456,122,85,322
459,136,88,300
464,127,79,308
468,121,79,326
453,122,98,342
465,121,80,357
464,133,82,330
459,146,88,316
465,152,90,298
464,150,87,304
465,149,83,308
479,150,89,313
467,154,96,315
463,154,94,313
464,154,101,317
460,158,120,316
471,161,130,318
469,151,113,326
464,149,142,334
471,153,116,326
472,150,135,335
475,162,115,320
484,153,119,328
479,145,117,341
495,149,114,326
489,146,112,329
497,143,108,338
494,145,109,333
505,149,106,332
508,146,104,339
508,149,102,336
505,144,114,341
505,137,115,346
511,137,112,343
506,129,114,356
513,136,110,338
482,137,143,339
512,140,131,337
531,150,97,334
536,148,100,328
491,147,143,319
531,144,119,359
489,134,154,361
510,132,140,380
465,131,181,371
473,147,174,361
475,124,172,365
449,141,139,329
462,146,122,319
455,150,116,328
453,144,164,338
431,136,203,348
417,150,184,329
422,147,152,322
417,151,146,325
412,145,131,330
396,152,148,329
386,143,155,335
383,152,171,326
384,146,167,341
350,137,198,348
350,151,203,335
403,154,220,333
329,156,223,329
337,152,210,334
327,138,232,351
340,137,213,354
328,145,225,344
325,141,234,349
326,147,226,340
374,145,218,347
360,148,233,348
344,138,227,356
345,143,212,349
322,135,249,357
322,134,239,360
332,139,242,356
318,155,281,340
321,141,253,356
313,140,279,375
330,145,250,348
316,147,259,350
311,151,257,343
314,150,276,347
307,139,267,358
325,144,254,358
359,153,212,335
364,140,203,359
381,148,187,343
407,145,168,359
407,144,173,351
401,145,202,353
400,140,169,357
406,142,163,349
401,144,157,356
409,151,162,354
411,142,176,350
403,150,189,343
385,153,221,339
388,149,248,354
382,151,190,345
408,144,164,361
401,146,173,354
397,139,181,364
398,149,204,348
391,149,225,354
398,148,170,345
397,142,168,359
386,150,222,348
368,155,265,365
357,152,235,349
348,127,225,382
351,138,215,359
330,146,253,349
333,141,233,347
321,143,250,347
307,139,252,351
368,146,240,354
379,135,209,366
386,138,200,361
388,138,185,363
393,144,185,357
392,148,196,348
391,140,181,365
395,148,176,345
392,153,177,354
397,145,184,352
397,151,175,349
399,150,187,360
411,139,146,365
407,146,163,360
408,158,170,340
409,154,167,361
402,140,177,358
406,145,152,374
404,148,159,359
404,145,162,383
399,139,168,366
406,146,158,367
404,157,173,354
406,142,160,356
403,153,164,359
409,147,168,361
407,145,174,390
408,138,154,370
411,149,147,372
416,145,142,348
408,148,156,357
412,147,140,377
406,146,148,372
409,152,142,356
409,144,152,367
404,154,165,377
407,147,166,355
402,159,179,359
401,144,200,376
410,141,157,372
407,155,167,370
406,150,176,361
415,141,133,389
411,146,144,381
406,141,158,373
408,147,157,371
409,155,157,349
408,155,179,368
409,142,182,381
407,139,152,367
405,149,166,373
405,148,194,388
414,142,145,351
408,148,161,351
409,144,173,380
411,141,161,379
412,142,178,383
395,152,217,367
399,146,174,372
397,146,173,359
403,145,165,386
407,144,171,367
403,141,191,394
409,129,158,406
397,136,173,380
401,154,188,346
401,146,203,390
408,151,161,348
414,153,155,358
410,151,151,384
412,139,147,373
413,149,149,378
407,150,168,354
412,155,164,371
401,150,220,359
416,144,156,396
416,144,167,376
407,140,157,360
410,151,160,366
413,153,157,364
417,150,146,379
409,144,160,358
410,150,171,378
408,152,171,376
409,152,175,380
415,144,195,380
419,146,160,372
407,150,171,355
409,138,203,386
406,134,198,380
406,142,169,360
411,143,162,344
407,139,167,354
406,139,169,354
411,145,164,358
407,142,195,365
404,144,178,345
400,150,212,374
411,149,243,368
421,140,218,375
427,142,230,396
338,118,252,399
328,132,296,383
349,135,288,373
338,142,260,357
306,131,318,375
317,137,328,373
319,137,336,368
346,126,309,379
303,105,332,401
369,122,288,388
418,138,226,350
444,143,192,349
492,151,152,333
471,142,148,335
503,142,116,339
452,134,174,356
487,133,137,351
480,135,139,349
485,146,124,345
485,138,115,348
472,135,133,354
479,149,117,340
474,146,129,342
462,144,155,354
449,127,151,374
456,133,178,362
453,140,128,371
456,135,142,383
434,126,153,391
442,121,130,405
446,119,129,400
441,117,127,409
436,120,143,384
430,132,139,370
439,117,127,385
428,118,133,384
431,115,126,392
426,118,131,380
418,117,136,390
418,117,136,392
420,118,126,406
414,108,133,422
416,123,128,402
410,108,132,415
407,100,130,431
407,119,125,420
391,125,150,403
391,115,133,424
379,112,145,421
365,118,155,416
356,117,159,422
350,117,176,426
359,104,216,434
326,112,260,411
326,126,252,404
318,116,245,412
306,116,243,406
309,109,207,423
306,106,192,422
295,96,240,428
297,99,232,431
291,86,253,453
291,84,253,463
280,75,263,458
279,75,208,468
272,64,213,470
265,47,182,498
272,83,166,444
268,77,158,464
263,74,163,467
250,96,181,451
435,141,164,384
417,159,219,353
432,158,191,362
415,137,214,385
425,149,203,370
415,147,197,375
419,140,215,386
388,156,235,345
399,144,204,360
404,152,191,354
408,154,179,352
414,149,197,381
409,141,179,364
402,141,218,400
412,148,186,367
411,142,160,369
406,153,191,378
406,150,178,356
401,153,220,385
406,149,177,358
403,152,169,367
407,150,164,384
402,144,179,369
399,149,158,360
401,154,159,367
397,150,165,365
391,156,178,359
399,152,164,354
381,153,189,357
394,151,165,371
399,147,158,363
397,155,168,367
398,148,176,360
388,147,180,379
387,154,187,365
387,150,213,369
368,149,269,379
367,144,229,375
381,150,225,364
375,150,256,373
368,152,230,359
373,149,228,378
390,149,202,356
399,142,185,376
399,150,198,370
402,154,191,369
405,132,229,398
387,149,238,360
389,153,197,365
403,146,201,384
408,152,189,364
414,135,156,377
413,145,174,382
412,146,153,356
410,156,155,359
409,153,155,372
403,156,174,382
408,147,189,379
418,146,128,363
414,145,140,364
418,147,138,372
421,142,135,384
410,147,164,373
415,141,200,378
412,153,168,364
404,147,212,384
409,141,160,390
409,145,171,367
402,153,214,362
400,146,223,392
406,150,189,367
418,144,136,366
414,144,154,376
411,143,163,390
409,144,192,377
406,150,167,359
405,151,167,377
406,146,189,379
409,151,196,376
410,148,165,373
408,149,200,363
400,153,191,375
404,152,162,358
410,153,160,369
404,144,163,365
405,155,171,367
408,139,189,373
405,138,160,375
404,149,174,379
403,147,191,368
395,148,217,376
402,142,172,366
405,150,180,360
404,136,168,374
403,150,189,372
397,136,246,392
381,152,220,354
397,141,206,379
407,145,193,383
392,152,205,367
400,150,199,375
400,151,187,362
402,152,229,360
390,145,212,369
399,144,191,370
399,152,208,364
403,148,194,366
412,130,152,383
408,149,178,365
408,149,171,365
410,137,177,377
408,135,154,365
401,146,177,365
392,134,194,370
396,142,221,377
404,146,174,365
399,147,184,357
392,149,210,354
400,149,223,365
400,144,177,372
406,144,171,362
402,138,207,373
387,145,206,363
404,136,198,387
396,143,178,376
402,144,192,367
399,154,201,356
403,129,235,391
400,143,197,394
402,140,178,366
403,141,196,374
399,146,187,367
406,148,194,364
406,130,159,376
404,148,158,371
404,144,165,362
405,150,166,366
402,146,172,350
386,152,194,362
404,132,164,374
400,144,177,384
401,136,203,378
402,142,168,361
407,147,157,370
408,142,159,362
404,145,189,382
407,142,174,372
405,125,161,378
402,141,168,370
407,141,156,390
408,139,161,371
405,150,178,363
401,146,190,373
408,126,188,386
402,139,168,372
406,144,163,365
406,153,158,367
405,146,163,360
401,149,167,378
405,145,174,367
402,137,167,369
402,144,165,369
402,152,179,361
404,139,164,364
405,147,166,371
409,140,171,362
403,139,175,375
406,138,175,371
390,141,231,394
397,136,202,374
411,141,151,362
409,139,168,378
411,136,150,404
411,141,159,374
404,151,170,358
408,150,162,358
407,146,166,371
407,145,169,356
399,147,226,376
402,142,195,394
410,144,160,389
406,136,200,372
399,141,177,367
400,132,167,372
396,147,175,362
405,143,162,357
404,143,168,373
407,133,185,375
395,145,173,356
403,137,180,393
409,140,161,373
406,145,173,368
414,147,149,351
408,142,156,364
409,148,156,372
409,143,153,356
414,142,158,373
412,150,168,353
407,147,207,368
405,146,172,380
400,144,200,364
404,149,189,365
