220,112,159,123
214,106,166,130
218,102,157,134
220,94,151,144
217,92,148,147
215,89,151,151
214,89,157,154
225,87,145,155
227,84,151,159
229,84,143,164
231,85,149,158
235,92,151,152
237,99,154,145
230,108,169,137
218,118,171,127
215,129,185,122
218,130,175,118
215,144,175,101
219,157,178,92
211,169,172,75
211,169,172,75
211,176,167,75
213,177,158,75
213,177,158,75
213,177,158,75
213,177,158,75
216,175,136,78
216,175,136,78
223,166,132,77
206,146,154,75
206,146,154,75
206,146,154,75
206,146,154,75
206,146,154,75
206,146,154,75
206,146,154,75
206,146,154,75
206,146,154,75
206,146,154,75
206,146,154,75
206,146,154,75
206,146,154,75
206,146,154,75
206,146,154,75
206,146,154,75
206,146,154,75
206,146,154,75
206,146,154,75
206,146,154,75
206,146,154,75
206,146,154,75
206,146,154,75
206,146,154,75
206,146,154,75
206,146,154,75
206,146,154,75
206,146,154,75
206,146,154,75
206,146,154,75
206,146,154,75
206,146,154,75
206,146,154,75
206,146,154,75
278,117,143,90
278,117,143,90
278,117,143,90
278,117,143,90
278,117,143,90
278,117,143,90
278,117,143,90
278,117,143,90
278,117,143,90
278,117,143,90
278,117,143,90
278,117,143,90
209,130,160,103
209,130,160,103
209,130,160,103
206,127,170,108
203,128,175,103
204,129,177,98
204,135,181,93
206,136,195,95
199,143,202,89
200,151,210,88
198,161,218,72
197,164,223,76
198,169,233,65
191,171,238,69
193,173,238,65
192,178,247,60
189,182,250,55
191,186,252,50
187,187,262,49
186,187,261,52
193,188,253,52
193,189,248,52
196,191,250,52
197,190,246,54
195,189,247,58
197,188,246,59
191,190,241,57
201,190,237,55
194,189,239,59
192,189,235,61
194,188,231,66
185,185,232,73
194,185,225,73
192,185,220,74
187,185,224,78
192,180,223,84
194,180,212,86
200,180,205,87
202,176,200,93
203,173,196,98
210,173,182,97
211,175,176,94
215,171,167,99
215,175,167,91
217,177,162,90
218,177,162,86
218,177,161,84
213,175,161,83
223,177,157,80
223,177,163,82
223,178,160,78
213,178,167,80
222,180,164,71
228,180,156,63
229,182,153,61
215,184,164,57
242,185,141,58
222,185,158,62
215,186,164,60
215,186,164,60
215,186,164,60
220,185,165,64
213,188,169,62
212,189,171,63
213,187,169,67
228,177,179,88
219,180,159,84
235,174,144,94
238,172,142,96
219,180,163,84
231,180,156,85
214,184,179,81
208,186,195,84
211,191,196,82
216,198,203,77
213,205,205,73
206,215,212,65
232,221,192,55
226,222,200,54
219,223,210,53
222,224,208,47
225,225,207,45
235,224,197,47
210,218,214,49
216,223,213,45
229,225,206,44
211,222,226,46
204,225,231,44
218,226,221,47
217,226,225,51
218,228,226,48
220,227,230,54
202,227,248,55
195,230,252,56
201,233,248,54
197,231,252,62
192,233,261,67
192,237,262,63
196,238,255,60
193,236,262,62
190,235,268,68
189,234,268,68
184,236,278,61
187,235,275,63
195,233,266,60
206,231,256,60
213,234,244,57
212,233,249,55
216,238,250,47
214,238,254,46
219,236,248,46
218,234,245,50
220,237,239,47
221,236,243,47
217,238,251,44
213,239,252,43
216,239,251,43
204,234,263,47
206,236,259,45
206,231,255,48
200,214,258,64
199,199,256,79
207,196,249,90
203,197,249,89
196,194,262,92
190,192,268,98
186,191,273,99
184,189,275,101
185,186,271,107
187,186,271,105
180,187,279,104
181,188,272,106
206,184,260,108
199,220,262,95
187,196,271,97
181,196,274,101
210,189,245,109
189,188,261,111
200,192,254,101
193,194,258,98
190,195,258,91
197,188,247,97
203,191,241,89
198,188,242,91
198,189,238,89
195,185,241,92
200,180,237,96
202,184,234,91
196,187,233,91
198,189,233,86
195,187,235,89
200,186,234,91
200,183,226,90
202,187,230,84
205,193,222,76
204,194,223,78
221,203,214,68
230,203,197,66
236,208,193,61
238,204,182,64
240,205,179,64
245,195,172,77
250,197,163,78
236,192,176,90
222,193,182,91
217,189,181,97
222,189,176,100
216,189,179,103
209,190,179,105
213,191,171,103
216,200,164,93
220,199,156,94
222,200,147,92
223,210,147,86
228,215,136,78
221,221,140,72
222,227,133,59
221,231,135,57
221,239,133,51
230,247,123,43
230,247,123,43
223,256,126,42
202,263,141,47
199,246,148,58
252,187,141,67
249,182,131,71
235,187,137,61
257,186,132,70
263,189,113,81
262,195,113,86
276,177,101,88
274,174,101,98
273,187,99,89
273,187,99,89
268,206,98,92
271,199,96,100
268,199,90,107
269,192,104,112
267,191,110,113
233,186,149,118
230,182,149,88
239,188,141,77
248,188,131,77
246,188,134,81
241,188,146,89
223,184,168,99
216,182,181,100
215,186,180,90
210,185,188,99
213,186,188,97
215,186,185,102
205,186,199,108
210,189,194,98
204,186,202,112
205,188,198,118
208,181,192,129
207,179,186,135
220,175,168,139
224,181,162,126
219,186,168,127
220,186,170,119
212,193,181,126
204,193,194,118
196,184,197,123
202,200,195,119
205,202,189,111
196,191,197,119
208,179,184,146
210,201,187,150
216,209,182,148
216,223,183,132
210,176,173,131
218,212,181,141
221,210,175,145
227,209,169,142
217,219,169,134
221,216,157,139
222,215,160,135
219,215,160,140
216,216,164,142
223,220,152,136
220,216,159,139
217,203,164,150
218,203,175,150
216,218,182,138
221,210,179,144
222,215,172,140
225,227,173,126
224,240,181,109
226,231,178,123
230,238,173,122
227,234,184,122
241,241,170,117
226,239,190,118
227,233,184,126
224,230,188,127
219,219,187,142
222,221,181,140
211,194,191,162
223,187,177,163
225,178,174,177
232,184,167,171
227,181,172,175
210,157,185,197
217,114,173,223
221,122,169,222
215,126,179,219
220,146,177,201
210,119,182,231
223,133,169,213
208,117,184,188
211,118,177,217
191,121,201,220
192,112,196,231
197,141,194,198
210,113,176,216
210,120,179,216
213,129,180,203
226,131,162,216
204,114,185,203
201,114,183,229
201,109,185,229
214,113,164,229
201,115,183,236
206,112,171,235
211,122,168,226
206,116,176,235
211,112,166,238
205,115,178,232
205,118,175,239
213,112,162,245
209,113,166,243
208,116,168,234
212,116,165,238
208,111,169,239
205,118,173,235
214,117,163,237
205,114,176,236
201,108,177,246
216,106,163,243
214,115,163,243
216,110,155,236
213,114,163,235
206,112,172,236
215,117,162,231
206,116,168,227
213,122,164,218
211,120,162,220
212,118,163,220
208,119,162,219
215,117,159,221
217,117,159,215
209,120,166,215
213,121,162,203
210,124,164,180
211,118,165,187
207,119,165,174
207,131,168,183
207,123,164,158
214,123,159,177
212,121,164,149
215,121,160,173
212,122,162,183
210,120,164,180
210,120,164,162
210,123,161,173
212,121,167,129
210,126,165,155
213,122,165,128
207,140,168,148
215,120,168,127
207,122,166,144
201,122,175,165
211,120,166,162
212,121,158,148
208,121,165,166
207,120,159,142
208,119,142,173
212,117,164,171
206,118,162,150
211,118,171,134
212,119,165,153
204,120,169,127
202,119,171,135
206,116,166,154
208,117,166,153
207,116,163,144
210,116,168,143
206,120,169,139
202,118,171,146
210,119,172,146
211,121,168,148
208,124,167,141
208,125,172,133
205,119,174,141
210,121,167,138
210,122,164,137
208,121,168,136
213,117,172,140
210,120,169,140
208,117,170,141
213,122,165,138
208,118,168,144
212,117,165,143
208,119,172,141
203,121,167,144
210,118,169,139
209,121,169,137
208,118,168,136
207,119,175,138
208,120,173,135
207,113,174,147
210,118,171,136
204,120,180,132
209,119,167,131
217,119,158,129
209,120,171,128
207,109,172,139
198,115,183,133
214,122,169,125
211,120,170,126
213,117,166,127
203,125,176,117
211,123,158,120
215,119,163,126
207,120,175,125
209,118,167,127
206,118,171,122
203,116,182,125
201,119,185,121
195,119,195,117
191,117,197,119
189,118,201,114
187,119,207,109
183,119,219,96
178,104,217,116
176,68,223,141
184,71,229,137
185,77,230,127
184,77,233,137
181,84,227,129
188,87,236,128
183,98,234,105
184,101,242,107
174,112,240,95
181,118,241,85
176,123,242,78
177,132,250,66
183,133,239,64
176,139,253,59
175,146,252,57
168,149,259,59
164,153,265,59
167,156,265,56
166,156,261,59
196,154,233,69
204,155,226,65
207,151,228,80
212,141,219,94
216,127,214,125
215,125,218,132
216,124,214,135
220,123,205,139
221,121,198,150
217,123,195,149
221,121,182,160
226,122,168,168
223,122,170,172
221,118,168,180
230,116,156,185
231,115,157,193
226,112,155,195
237,110,147,201
230,114,152,201
265,116,116,206
223,60,127,236
234,67,122,243
251,61,121,266
253,94,120,239
257,118,115,218
255,113,119,220
242,84,128,234
219,113,151,205
206,117,173,171
206,121,170,150
203,120,168,152
203,123,175,147
199,121,173,149
203,121,165,151
200,119,170,153
200,122,168,150
203,123,162,153
206,127,164,144
201,123,161,142
203,124,168,140
198,119,168,146
203,115,174,152
197,115,174,149
205,119,180,140
201,128,184,128
198,120,186,134
198,125,193,127
198,130,189,118
200,135,189,110
204,134,187,106
196,127,193,107
206,124,188,114
202,122,184,113
202,128,184,110
202,123,185,112
204,126,184,113
205,122,175,114
204,124,180,108
209,160,193,88
203,143,198,94
201,124,200,115
201,123,197,117
201,124,195,115
201,122,199,121
203,121,193,127
202,123,191,130
201,121,195,140
200,122,192,143
201,121,199,145
199,121,198,142
199,121,198,149
201,117,197,151
203,121,199,153
202,118,205,150
223,128,182,143
227,123,171,142
233,136,173,132
236,140,168,131
237,163,175,104
232,170,176,99
233,171,186,100
233,169,182,99
233,171,186,102
234,157,179,116
238,162,168,108
238,151,164,120
236,155,167,117
237,163,175,116
229,160,182,124
232,158,161,124
240,135,147,145
251,128,133,148
258,124,122,148
274,134,113,182
287,121,91,179
254,126,121,160
284,124,95,154
292,149,82,148
252,148,91,135
236,149,91,132
282,147,93,124
255,149,106,125
266,143,109,116
279,170,97,98
254,162,120,93
255,175,122,81
228,167,146,75
210,180,164,71
236,193,158,82
213,186,166,74
208,182,171,53
236,197,146,68
219,194,151,61
227,239,172,81
215,197,170,99
218,240,191,93
218,247,225,103
212,256,234,79
215,264,231,62
220,253,230,67
216,268,242,53
223,242,255,69
200,263,259,55
208,239,267,76
201,246,267,69
199,242,263,71
199,235,265,80
222,224,243,107
221,213,234,126
222,212,222,129
227,208,229,134
214,212,234,126
209,216,226,110
222,224,223,117
222,241,222,85
221,260,226,60
215,277,226,49
216,276,211,58
216,275,208,81
219,277,200,79
217,273,185,81
215,268,177,88
219,270,157,86
222,273,126,77
221,278,123,78
222,284,123,73
217,280,127,75
217,280,127,75
217,280,127,75
217,280,127,75
160,186,118,89
161,184,94,90
185,191,79,106
184,185,65,115
208,183,40,110
214,182,30,100
216,185,30,94
216,185,30,94
216,185,30,94
216,185,30,94
216,185,30,94
272,263,31,98
333,184,35,90
345,221,43,87
297,153,34,78
340,80,43,78
310,22,54,85
294,40,66,85
206,139,67,76
206,141,67,72
201,144,69,71
302,190,65,69
290,186,76,62
285,184,82,51
278,181,86,48
279,175,84,50
287,174,74,49
278,173,80,52
259,175,95,51
260,180,99,64
280,183,84,60
288,191,74,71
240,223,76,62
262,212,80,59
238,239,97,60
257,216,115,57
185,219,135,60
259,197,122,61
260,194,126,66
266,195,125,59
200,198,138,65
230,194,152,57
238,190,153,63
215,190,164,56
236,195,153,57
225,219,136,38
286,193,140,48
243,246,136,67
245,229,131,79
256,211,122,89
269,195,106,109
262,188,103,132
167,124,105,157
247,173,114,142
155,160,133,163
160,160,130,202
152,119,127,241
151,118,132,248
154,122,127,234
94,120,173,244
76,117,198,245
61,122,212,246
