473,181,50,28
471,180,55,34
470,180,60,36
472,180,59,34
473,180,60,35
475,180,58,34
475,180,59,35
478,180,58,33
479,180,57,32
481,179,57,33
483,179,55,33
484,179,57,34
486,178,57,33
487,177,60,36
490,176,57,33
493,176,57,35
495,175,56,33
497,174,56,32
500,173,55,37
502,172,55,36
503,173,57,37
505,175,57,36
508,175,56,42
509,176,58,42
509,178,54,39
506,178,57,33
505,178,58,34
505,177,56,35
501,178,58,32
498,176,61,33
498,174,59,36
495,174,59,34
493,174,59,34
493,176,58,34
491,178,59,37
488,180,62,37
488,185,61,37
490,192,58,34
489,198,60,34
490,205,59,31
489,210,59,31
487,213,61,32
485,213,63,33
484,215,60,30
481,215,60,30
479,214,58,30
474,211,57,31
468,205,57,32
461,197,52,34
454,185,56,33
444,176,53,28
435,160,49,29
429,145,49,30
423,132,46,25
417,120,45,26
410,109,45,26
402,102,46,26
396,95,45,27
393,91,42,27
386,89,41,27
381,87,39,28
375,88,38,29
370,90,36,31
364,94,35,32
358,100,34,31
352,108,34,32
347,117,31,33
341,128,30,34
336,140,29,34
330,155,28,35
330,155,28,35
330,155,28,35
330,155,28,35
330,155,28,35
330,155,28,35
330,155,28,35
330,155,28,35
330,155,28,35
330,155,28,35
272,175,30,40
267,174,34,45
268,176,31,41
269,180,30,37
269,181,30,42
269,184,33,38
270,186,31,38
271,189,31,39
271,190,33,37
271,190,32,38
271,191,33,40
270,192,34,39
268,192,38,39
269,193,36,38
269,193,36,38
269,192,35,38
270,190,35,39
269,190,34,36
269,188,34,36
268,184,34,37
268,181,33,39
267,177,34,38
267,173,32,42
267,170,32,42
265,168,38,51
263,165,47,49
260,163,51,48
259,161,52,49
259,160,48,48
259,159,46,43
256,159,48,47
259,158,43,42
256,158,46,43
255,158,51,43
255,156,48,47
253,156,49,48
251,157,50,47
250,156,49,50
249,157,47,46
246,155,49,50
247,157,47,45
242,157,53,43
241,158,52,39
241,157,51,39
240,157,50,37
238,156,50,39
238,156,46,37
237,156,45,36
236,156,43,41
235,157,39,42
234,155,37,49
233,156,35,54
232,156,34,55
231,154,38,59
231,155,50,60
229,155,54,60
227,154,57,63
228,155,56,60
228,156,56,57
228,155,56,56
225,154,58,59
227,154,57,59
226,153,58,61
227,155,58,59
226,154,60,63
226,155,56,59
225,154,62,60
226,155,55,58
228,154,52,61
228,155,41,56
228,153,46,62
228,153,47,63
229,155,44,62
228,153,43,56
230,155,40,62
230,153,38,63
228,152,42,60
230,145,35,55
227,151,40,53
228,155,38,48
228,154,41,43
228,156,36,37
227,156,36,38
227,156,37,38
227,156,37,37
227,155,37,36
227,154,35,37
227,155,35,35
226,158,35,31
227,154,31,35
227,158,30,30
226,157,30,31
226,156,31,34
226,157,30,36
226,157,26,38
225,159,31,38
240,136,29,36
235,123,27,43
231,122,30,47
227,124,34,46
221,124,41,46
216,137,45,37
212,138,49,33
207,140,37,32
207,140,33,30
206,140,34,30
205,141,29,24
206,141,23,24
207,141,21,23
208,140,21,24
210,140,21,23
212,139,20,24
215,136,20,25
218,133,19,26
221,129,20,26
225,124,20,26
231,117,19,25
237,106,20,26
242,94,21,27
249,81,21,26
257,68,22,28
265,58,21,27
274,48,22,28
282,38,20,30
290,31,22,29
298,26,22,29
306,21,22,28
314,19,22,27
322,18,23,26
330,18,24,26
338,20,24,25
347,23,23,26
355,29,24,25
364,36,24,26
373,45,25,25
381,55,25,27
389,68,27,27
397,82,28,28
406,100,30,28
414,120,32,30
423,143,34,34
433,169,36,33
442,196,40,36
456,215,41,43
471,232,43,44
493,245,42,44
511,250,36,47
521,254,41,50
524,258,34,48
526,261,36,41
525,261,36,41
524,258,40,43
519,255,46,48
520,246,44,51
505,263,50,40
498,255,54,45
490,250,46,42
524,211,49,32
525,204,49,31
525,196,56,34
526,189,51,35
527,183,46,35
527,178,47,36
526,175,49,37
528,172,51,37
528,169,50,38
529,169,50,36
529,169,49,36
530,170,49,38
531,172,47,38
529,173,49,39
526,177,55,38
523,179,55,38
520,182,57,37
518,185,55,37
515,187,54,35
512,190,53,34
506,194,54,35
501,201,55,29
501,203,54,30
501,205,52,31
500,208,53,29
499,208,56,32
500,210,51,31
498,212,53,30
495,213,53,29
491,212,56,28
487,209,56,27
482,204,52,24
478,196,49,23
477,186,48,26
475,176,48,29
475,163,47,29
477,152,46,30
477,145,48,32
481,138,41,33
484,132,38,36
485,127,35,42
487,125,32,40
490,124,29,41
490,126,31,40
490,132,32,38
493,135,32,39
494,138,34,39
494,137,33,39
495,141,35,40
497,146,36,38
498,151,37,40
499,154,37,45
497,160,41,42
496,163,42,39
492,166,48,37
495,167,47,36
494,166,50,36
494,167,54,40
499,170,49,34
500,173,50,29
503,176,48,32
505,180,44,30
506,184,45,31
506,188,44,29
506,191,45,29
505,194,45,27
502,194,47,28
499,192,50,28
495,188,48,28
490,184,48,27
488,177,45,27
486,170,43,28
487,163,43,30
487,156,44,33
487,151,43,35
488,149,43,37
488,147,41,38
488,147,42,40
490,150,44,39
490,154,50,38
491,158,53,39
490,167,57,36
492,172,59,38
492,179,59,34
493,184,60,32
493,188,60,31
493,188,60,32
497,186,54,29
499,183,53,30
503,179,50,30
508,177,46,32
513,180,44,31
514,181,42,31
515,182,42,31
518,184,38,30
520,188,35,27
521,190,33,28
522,194,31,28
522,198,31,26
525,200,28,28
524,200,29,30
522,200,31,32
523,200,29,34
520,200,30,33
518,199,31,33
516,199,31,31
511,193,31,31
505,183,32,35
502,179,33,36
499,174,34,35
498,170,34,34
499,167,33,33
498,165,34,32
497,165,34,31
498,167,34,33
498,170,34,33
498,174,33,33
496,179,35,33
496,185,35,37
496,192,33,38
495,194,33,43
494,198,36,44
492,200,36,43
490,200,35,41
487,199,32,38
483,193,33,40
479,188,32,34
475,180,36,30
472,170,39,32
473,159,40,41
471,144,42,44
474,169,41,41
472,168,43,45
470,167,44,40
471,169,45,34
470,167,49,31
470,167,49,31
470,167,49,31
464,140,40,36
465,155,35,33
464,162,34,31
464,166,34,33
465,171,35,33
467,177,32,28
473,182,35,35
472,187,31,31
476,198,30,29
480,208,32,31
487,216,34,29
493,222,36,30
497,223,38,34
502,225,33,36
503,228,34,34
503,227,32,35
501,224,37,36
500,221,37,34
496,220,36,32
493,215,37,31
487,212,40,30
483,208,42,28
479,204,43,27
476,200,41,28
473,198,42,29
470,198,41,29
466,199,42,30
462,203,44,29
459,207,51,31
458,206,55,36
459,210,53,35
458,215,55,37
460,219,62,39
465,223,50,41
473,226,47,49
482,237,45,45
495,247,41,45
510,254,41,48
528,256,41,52
547,267,44,48
547,267,44,48
587,261,41,56
603,256,38,60
594,247,48,58
594,247,48,58
594,247,48,58
594,247,48,58
590,162,47,46
590,162,47,46
590,162,47,46
590,162,47,46
590,162,47,46
590,162,47,46
590,162,47,46
590,162,47,46
590,162,47,46
590,162,47,46
590,162,47,46
514,258,48,49
492,249,48,45
478,238,53,40
466,227,54,32
458,214,58,31
453,201,59,29
456,189,53,29
458,179,52,29
459,170,51,30
466,164,44,37
470,161,39,38
472,157,39,39
475,155,35,46
478,156,33,50
481,162,32,51
485,170,31,49
487,177,35,47
486,182,43,42
483,187,51,43
482,190,50,43
479,189,47,42
476,186,48,38
474,182,49,33
473,179,50,30
471,175,53,28
471,173,54,28
472,173,54,29
473,173,54,30
477,172,53,32
483,172,49,36
487,174,48,35
488,176,48,37
487,180,51,39
487,185,52,41
490,190,50,38
490,196,51,35
490,200,52,33
491,201,54,32
491,200,53,31
491,197,50,31
490,194,50,32
492,189,47,31
492,187,46,31
493,185,46,31
495,185,46,31
496,188,46,30
497,191,46,30
499,194,47,30
501,198,47,29
505,204,45,28
510,208,44,31
514,212,41,32
518,216,43,32
524,218,49,32
525,220,46,31
527,220,46,32
529,221,43,32
531,221,38,31
532,220,34,31
532,218,32,31
528,215,37,32
524,213,40,34
518,211,47,36
530,215,46,32
530,217,40,29
531,216,34,28
531,214,31,30
532,212,28,31
532,213,28,28
532,213,25,29
532,212,25,29
532,212,23,29
533,212,23,29
532,213,24,29
532,213,25,29
532,214,25,28
532,213,25,29
533,214,23,29
532,215,23,28
531,215,24,28
532,216,24,28
532,215,25,30
533,216,24,27
536,216,24,28
537,216,26,29
539,216,27,29
542,216,26,28
545,218,22,26
549,220,20,26
552,225,17,22
555,227,18,26
556,234,16,23
556,236,15,21
557,244,15,21
555,252,14,20
551,256,15,20
549,255,17,24
543,256,22,23
528,249,29,25
513,242,34,25
496,228,42,28
478,213,47,27
467,193,45,27
461,176,49,28
527,161,47,39
526,158,44,42
524,155,46,42
526,154,44,44
525,154,45,44
526,155,43,42
526,155,43,42
526,156,43,44
526,157,43,43
526,159,43,47
525,160,44,51
525,164,43,49
525,167,42,48
525,170,41,47
522,174,43,45
521,177,43,45
522,180,42,44
523,184,43,43
525,186,41,44
526,189,42,42
526,189,42,43
528,192,40,42
529,193,39,43
530,196,39,42
532,198,38,42
533,202,37,42
536,207,34,40
539,209,30,41
539,212,32,39
539,212,31,42
537,211,33,44
535,211,34,45
531,212,37,42
528,210,40,42
523,205,43,41
517,202,42,41
513,196,44,40
509,191,44,36
505,181,47,40
504,173,46,43
502,169,51,43
503,164,50,44
502,161,52,45
502,160,53,45
503,159,55,45
505,159,51,46
504,161,53,46
505,162,53,48
507,165,51,46
510,168,49,44
510,171,50,43
509,174,50,44
513,175,47,40
513,176,46,41
516,174,44,47
517,176,44,44
517,177,44,44
517,179,42,45
516,181,43,44
515,182,46,44
514,182,44,43
513,181,41,40
512,178,39,45
509,176,41,42
507,173,40,42
504,170,41,42
505,167,40,42
504,166,39,41
504,165,39,41
504,164,40,42
505,165,39,44
505,166,40,41
507,168,41,41
508,169,41,41
510,170,42,42
512,172,42,42
514,173,40,45
515,173,41,47
516,175,41,45
517,177,41,44
518,177,43,44
519,177,43,43
521,177,43,42
522,178,43,44
521,178,43,44
522,179,43,43
521,179,44,44
523,182,42,42
523,181,41,43
520,182,45,42
517,183,48,41
520,191,44,35
522,190,43,34
522,190,41,35
521,190,42,34
521,191,42,35
521,193,43,32
521,194,43,32
519,191,45,36
519,192,46,36
518,188,47,41
520,187,44,41
521,186,43,40
522,186,44,41
524,186,41,41
523,184,43,44
524,186,44,42
525,186,42,42
525,185,43,43
526,187,42,42
527,186,41,42
527,187,42,42
528,186,42,43
528,187,42,44
530,187,43,44
531,188,42,45
533,187,41,46
538,188,37,44
535,187,41,43
538,188,40,43
539,186,39,42
536,187,43,38
533,192,43,30
531,189,48,28
544,196,44,31
553,194,37,33
553,192,35,36
553,191,32,36
553,190,29,36
553,188,30,39
553,187,28,40
552,186,28,41
551,187,28,39
550,186,30,40
548,185,28,41
547,184,29,43
547,184,29,44
545,183,31,44
544,183,31,44
543,184,32,42
542,185,34,43
541,185,34,42
538,186,37,42
537,188,37,41
535,188,39,41
534,190,41,41
532,192,40,41
530,193,43,41
529,195,44,42
527,195,45,42
522,197,49,43
522,200,46,42
521,204,47,43
519,208,49,43
517,211,50,44
517,215,49,44
515,216,50,44
513,216,49,43
510,212,47,44
504,206,47,43
495,197,47,42
486,182,48,42
473,164,55,38
477,142,49,36
480,116,47,40
483,91,48,41
486,67,45,40
488,46,46,40
491,26,46,40
495,6,45,42
497,-1,45,32
498,-7,46,25
498,-7,46,25
498,-7,46,25
498,-7,46,25
498,-7,46,25
498,-7,46,25
498,-7,46,25
545,63,38,26
592,88,36,29
592,88,36,29
592,88,36,29
592,88,36,29
577,94,28,33
580,93,22,36
580,93,22,38
578,94,23,38
577,95,26,36
576,96,28,36
575,97,31,35
572,98,35,34
566,74,40,34
559,92,44,41
548,115,50,47
536,143,53,53
525,171,53,50
521,193,51,47
516,208,53,48
515,219,54,48
515,227,53,45
518,228,52,47
520,228,52,49
525,228,48,48
526,226,47,48
525,224,49,47
524,222,48,42
521,220,50,36
521,212,48,39
521,206,40,39
514,200,46,38
508,191,46,40
503,183,43,39
498,174,43,39
494,165,43,39
490,156,43,39
487,149,44,40
484,142,45,40
481,136,43,41
479,132,44,42
475,129,44,42
474,127,43,44
470,128,45,44
471,129,45,46
469,133,45,47
470,137,47,48
470,141,46,53
470,147,49,52
473,154,48,53
473,158,49,53
476,164,48,47
475,166,50,42
476,168,52,42
479,171,50,37
481,171,49,41
486,170,47,46
489,172,48,46
491,174,47,45
493,177,45,45
494,180,44,45
495,182,43,45
497,185,42,45
498,185,42,46
498,187,43,46
497,188,44,47
497,191,44,42
499,195,42,38
501,193,41,40
503,192,41,41
503,189,41,43
503,190,43,41
503,190,43,42
506,190,42,40
504,190,45,41
506,190,43,41
507,189,43,42
507,190,43,42
508,191,44,41
509,191,44,42
511,191,43,42
512,192,42,42
513,193,41,42
514,193,39,44
514,194,39,46
515,196,37,44
515,197,37,43
512,198,39,44
512,199,37,44
511,200,37,44
509,202,39,43
508,203,38,44
508,205,37,44
507,205,37,44
505,207,38,44
505,208,38,43
505,209,37,42
507,209,36,43
507,210,37,42
507,210,40,42
485,179,46,40
489,198,53,53
493,208,52,44
494,213,57,37
498,216,62,40
491,218,58,39
497,219,54,40
500,218,60,46
504,216,54,49
498,216,47,45
502,217,43,42
503,217,40,37
502,217,37,33
502,215,30,30
503,213,29,31
503,210,28,32
503,207,28,30
502,204,30,29
502,200,32,28
503,196,32,28
503,191,34,28
504,187,37,28
505,184,38,26
508,181,40,24
511,178,41,23
488,243,44,29
476,236,39,36
461,222,40,40
446,208,41,40
435,192,41,40
427,175,38,37
427,175,38,37
413,143,38,38
405,131,38,36
398,120,37,34
391,111,36,34
383,103,36,33
375,97,37,33
367,92,37,34
360,88,36,35
353,87,36,35
346,87,34,35
338,89,35,35
330,93,35,35
322,99,35,34
314,105,35,37
307,113,34,36
298,124,35,36
291,136,37,37
287,149,38,36
288,164,36,39
286,183,40,39
292,207,36,37
294,238,36,39
296,272,36,39
299,306,35,41
301,338,34,33
299,317,35,35
299,297,34,34
299,280,33,34
298,264,34,33
299,250,33,32
298,236,34,32
296,225,36,31
298,215,32,32
298,207,31,32
295,199,32,34
294,194,33,35
292,192,35,36
288,194,39,35
289,198,39,36
294,205,34,34
296,206,31,32
295,208,31,36
296,208,30,36
296,210,31,37
297,209,32,38
299,209,35,36
303,208,34,30
306,203,35,30
308,199,39,28
312,190,38,33
317,185,36,34
319,181,37,35
323,181,37,33
326,182,36,33
327,187,40,33
327,192,41,36
337,205,36,37
341,222,34,34
345,241,34,36
348,262,34,35
352,284,33,37
355,309,33,37
357,334,36,29
358,323,33,32
359,307,33,32
359,291,30,33
358,279,31,32
359,268,30,33
360,258,28,33
361,250,28,33
360,245,27,31
360,239,26,33
360,231,27,38
360,231,27,38
360,231,27,38
360,231,27,38
360,231,27,38
360,231,27,38
360,231,27,38
360,231,27,38
360,231,27,38
360,231,27,38
360,231,27,38
352,279,21,32
353,272,27,32
351,264,30,31
348,254,29,33
349,248,28,33
347,242,31,36
347,245,35,34
347,251,36,34
347,258,35,39
346,272,36,40
348,295,35,37
348,316,34,39
347,338,36,33
349,330,36,30
352,317,34,35
352,305,34,34
354,294,34,36
355,286,34,35
356,280,34,35
356,275,34,35
358,272,34,36
358,269,35,36
359,271,33,36
361,272,34,36
359,283,33,38
352,303,35,40
346,327,34,34
344,329,34,31
346,314,33,33
346,298,33,33
348,286,31,33
347,274,33,33
348,265,33,33
348,257,32,31
349,251,32,32
347,254,34,34
340,268,34,35
335,285,33,34
327,305,35,35
322,326,32,33
320,329,32,32
321,316,33,32
323,303,32,33
324,291,32,34
326,281,32,35
326,274,32,35
329,268,33,34
330,264,34,34
332,269,34,38
338,286,34,37
344,310,35,37
352,332,34,30
358,335,34,27
367,323,32,33
368,305,36,34
372,291,35,35
378,280,35,34
383,271,34,34
389,265,34,31
388,258,39,36
391,265,34,39
391,280,33,37
388,300,37,39
384,323,35,36
383,340,34,26
383,327,36,31
384,311,37,34
383,298,36,32
384,285,34,33
385,275,33,33
386,265,33,34
387,258,34,36
388,255,34,35
390,260,34,35
393,272,36,40
398,294,35,36
400,315,37,39
405,338,37,30
407,330,37,28
409,316,34,31
409,315,36,33
409,300,37,32
412,287,36,33
413,276,35,34
413,271,37,33
410,274,37,36
407,287,35,34
398,303,37,36
390,322,38,35
379,338,42,26
380,331,41,29
380,318,38,37
379,305,35,37
376,296,37,36
372,286,36,35
370,279,37,34
367,274,36,34
366,271,36,36
369,280,36,37
375,298,37,41
378,319,41,39
376,343,44,30
379,341,44,21
383,330,43,29
387,321,42,34
391,305,40,39
392,294,40,39
395,288,40,37
397,278,45,40
398,274,45,38
401,272,46,38
401,270,43,38
399,267,43,40
400,267,41,40
396,269,43,40
393,270,41,40
384,270,44,38
377,269,44,37
370,267,43,37
363,264,44,39
356,262,44,41
351,258,48,40
347,253,52,40
344,243,52,42
341,231,57,43
343,218,53,42
345,200,50,44
349,185,50,40
348,167,45,44
350,153,52,42
353,143,48,41
355,134,43,41
356,125,43,43
358,120,42,44
360,116,42,44
362,114,42,43
363,116,41,42
363,118,43,42
365,123,42,42
368,131,41,39
367,137,43,43
369,149,43,42
367,160,46,51
369,173,46,48
361,183,51,47
363,189,48,44
364,190,46,43
362,190,47,43
357,191,50,41
355,190,42,41
345,191,43,42
339,191,41,43
324,193,48,46
317,197,50,45
311,204,44,40
306,206,41,44
305,208,39,44
302,211,41,43
303,209,42,41
309,207,41,42
313,205,41,42
317,203,41,40
322,199,44,41
331,193,40,40
334,186,43,42
337,177,42,44
343,171,38,39
346,164,38,39
348,158,38,42
348,154,38,41
348,151,37,39
348,148,35,40
347,148,35,41
345,150,35,39
342,153,37,40
341,156,37,43
338,163,37,40
332,171,38,39
328,179,40,41
317,187,44,42
314,192,42,43
313,199,39,42
312,203,38,41
313,203,37,40
315,201,37,40
322,195,36,38
332,186,35,35
341,171,33,36
348,154,35,34
355,138,35,34
362,121,35,34
370,107,35,34
377,93,36,35
385,81,36,35
392,70,37,37
399,62,38,36
408,55,37,36
415,49,37,36
424,45,37,38
423,45,38,38
431,42,38,38
432,43,37,38
439,42,38,39
448,44,38,37
454,46,40,40
463,51,39,39
471,58,40,40
479,67,41,40
489,78,41,39
498,91,39,43
506,107,41,40
518,121,40,40
530,134,42,41
492,208,42,33
482,201,42,25
474,185,41,28
468,172,43,29
458,160,41,28
451,150,40,26
445,140,37,30
439,133,33,29
431,128,32,29
424,125,30,30
416,124,29,30
410,123,27,30
402,125,26,30
395,127,26,30
387,133,25,30
380,139,23,32
372,147,23,33
365,158,23,31
357,169,24,32
348,183,24,31
343,191,29,31
339,197,31,27
336,197,32,27
334,197,35,25
333,194,36,24
334,189,36,25
335,184,36,24
335,177,35,26
337,171,33,25
338,167,29,24
338,164,27,24
339,162,24,25
337,163,24,28
335,165,24,32
329,170,28,32
328,175,28,29
331,181,24,26
332,187,22,24
334,195,19,21
335,199,17,19
334,202,18,18
334,203,19,17
336,205,17,15
338,198,18,20
339,194,20,23
341,190,22,24
343,185,25,25
347,181,24,26
351,178,22,25
352,175,24,28
353,174,25,27
355,176,26,26
358,177,25,24
359,182,27,21
362,187,26,18
364,190,26,20
366,194,27,20
368,196,26,21
368,195,27,23
368,196,29,23
369,196,30,20
371,195,30,20
372,193,31,19
374,192,33,19
377,190,30,17
380,188,31,15
382,187,28,15
385,193,26,18
387,193,24,21
390,196,23,19
394,197,22,19
397,200,21,19
400,202,21,19
402,205,20,19
406,206,25,18
409,203,22,23
412,200,22,24
416,197,22,24
422,194,20,22
423,191,23,22
425,188,23,25
425,183,26,26
423,183,26,24
418,182,31,22
419,182,29,21
417,181,27,20
417,183,23,18
414,185,22,19
410,186,24,19
407,188,21,21
403,191,20,22
398,194,22,24
393,196,24,23
389,197,25,24
386,199,25,23
384,198,24,26
383,200,24,23
381,199,25,23
381,198,27,23
382,196,26,24
383,194,27,24
384,192,30,25
388,189,28,26
390,186,31,30
396,182,28,33
403,179,28,36
412,176,24,41
419,179,26,37
417,180,28,37
415,186,35,36
412,187,39,32
418,189,35,33
432,188,28,32
433,190,31,33
436,192,28,32
438,195,29,29
439,196,30,30
440,197,29,30
441,196,29,30
436,197,32,31
433,202,33,26
439,201,27,28
437,201,27,29
437,201,27,29
437,201,27,29
414,224,34,27
408,230,32,24
404,234,33,23
403,236,31,23
403,237,30,23
404,236,29,23
404,234,30,24
407,231,29,24
410,228,29,25
414,225,27,24
414,222,32,24
416,220,32,23
417,216,32,24
418,213,33,23
419,212,32,21
419,208,31,25
420,204,34,25
420,202,36,25
420,198,39,27
419,195,42,29
419,192,43,31
424,188,38,33
428,187,32,33
433,188,30,34
434,192,32,31
437,192,31,32
443,199,30,27
450,202,27,25
452,207,28,23
453,211,30,22
454,213,33,22
457,214,31,24
461,215,29,22
463,213,28,23
467,211,27,23
469,206,25,26
473,201,23,25
472,195,23,24
471,189,22,26
469,186,22,24
466,182,25,27
457,183,29,22
453,180,29,23
448,180,25,24
444,182,24,23
439,184,27,24
434,188,29,22
430,191,26,25
428,196,28,24
424,200,28,23
422,203,30,25
421,207,30,23
421,210,29,23
421,209,30,27
422,210,26,30
421,217,23,27
422,220,21,25
420,224,22,22
420,225,20,22
418,225,22,22
418,225,22,23
417,223,23,24
416,219,25,24
415,213,25,23
413,202,26,24
412,189,26,25
412,172,24,22
412,153,24,24
409,132,24,23
410,112,22,24
409,92,22,29
409,74,22,31
408,57,22,34
408,41,21,36
407,28,20,36
406,17,20,34
405,9,22,31
403,3,23,27
402,0,23,22
402,-5,22,21
399,-4,23,15
399,-7,21,16
399,-5,20,14
399,-3,20,13
396,-2,23,13
394,-1,24,15
392,0,25,18
390,0,26,21
386,4,28,24
384,13,28,24
383,24,27,24
383,36,24,26
381,49,23,28
380,62,21,34
377,78,22,39
376,97,22,40
373,119,22,41
369,138,26,36
365,149,28,33
362,161,29,31
360,167,30,29
358,172,31,32
355,175,32,31
350,179,33,28
345,181,35,29
344,182,38,29
340,184,34,28
336,188,31,27
330,193,36,25
328,196,42,25
325,201,43,24
322,203,44,26
320,205,40,26
319,206,38,24
318,205,34,25
316,205,32,25
316,204,28,25
314,203,30,25
311,203,31,25
308,202,34,26
305,203,36,24
303,205,35,25
301,208,32,27
298,212,31,28
295,218,31,29
293,223,32,28
291,227,30,27
288,230,30,25
283,232,31,26
280,234,31,27
278,235,29,26
275,236,31,26
274,237,31,24
272,238,31,24
271,238,32,25
273,237,31,27
274,237,32,27
276,236,36,27
279,233,37,27
287,229,34,26
298,220,29,27
306,209,30,28
313,200,30,26
321,186,28,27
328,170,26,24
332,152,24,24
335,132,24,25
337,114,24,25
338,97,25,26
339,82,26,27
339,69,27,27
338,59,31,24
336,49,37,24
336,41,39,25
337,36,39,23
338,32,38,23
341,28,34,24
344,25,32,27
345,21,29,32
347,21,26,36
350,23,23,37
351,29,23,34
352,38,22,30
352,47,22,27
351,58,23,25
352,70,22,24
353,82,21,24
353,96,21,25
353,111,21,25
352,127,23,27
349,146,28,26
349,164,31,29
347,176,33,27
339,184,38,26
336,191,39,26
330,196,39,26
325,203,38,24
324,205,36,25
320,207,37,25
320,208,35,25
320,208,35,24
320,207,35,23
321,205,35,22
324,201,35,22
325,199,35,21
327,190,36,24
330,187,34,23
330,182,36,23
331,179,36,21
332,176,35,24
333,173,35,27
334,172,34,29
336,173,34,28
335,176,35,32
337,180,34,30
338,185,31,28
335,186,33,30
335,188,32,29
336,189,28,27
335,189,24,25
330,188,25,25
326,187,26,24
322,187,26,24
319,188,28,25
319,188,29,29
320,191,30,28
323,192,29,29
328,194,28,31
332,194,29,31
338,195,29,29
344,196,27,27
350,196,28,27
354,196,27,26
357,197,29,26
363,199,26,24
366,205,26,23
366,210,29,22
367,212,30,24
367,215,32,25
368,218,33,27
370,222,31,25
369,224,33,25
370,225,32,27
369,226,33,28
370,227,32,26
370,227,32,27
371,228,32,27
372,228,30,27
374,228,30,26
375,225,29,29
376,222,29,32
377,221,27,33
378,220,25,34
376,219,24,35
372,218,25,36
372,218,25,36
372,218,25,36
372,218,25,36
372,218,25,36
372,218,25,36
372,218,25,36
372,218,25,36
372,218,25,36
372,218,25,36
372,218,25,36
372,218,25,36
372,218,25,36
372,218,25,36
372,218,25,36
372,218,25,36
372,218,25,36
372,218,25,36
372,218,25,36
372,218,25,36
372,218,25,36
372,218,25,36
372,218,25,36
372,218,25,36
372,218,25,36
372,218,25,36
372,218,25,36
344,214,23,37
340,216,25,37
331,219,27,36
323,223,31,33
315,226,32,30
308,228,35,28
303,228,36,28
301,227,38,28
301,225,37,29
302,223,38,28
306,219,39,29
310,216,40,30
316,210,38,33
321,203,42,36
324,202,44,33
324,199,48,36
324,201,48,35
324,203,51,33
324,204,53,33
324,206,55,32
325,209,56,32
326,211,54,35
328,218,59,34
331,225,64,35
341,233,62,34
348,237,65,38
357,239,69,43
488,181,55,44
488,183,47,41
485,186,46,41
486,189,42,40
487,190,39,40
486,191,39,40
488,191,40,40
490,191,43,40
493,191,43,39
499,190,45,39
502,188,48,41
511,188,48,38
518,186,49,42
525,185,49,44
532,187,52,45
541,189,56,44
550,192,59,44
557,195,56,45
561,198,56,48
561,201,55,47
558,204,56,49
552,208,54,44
541,209,56,45
540,211,46,43
530,211,46,42
521,207,45,42
512,204,47,41
509,200,44,38
504,197,46,39
501,194,47,40
503,193,45,39
506,193,45,37
513,194,42,37
521,193,37,39
525,195,33,41
532,198,27,39
543,204,24,34
543,204,24,34
543,204,24,34
543,204,24,34
543,204,24,34
543,204,24,34
543,204,24,34
543,204,24,34
543,204,24,34
543,204,24,34
543,204,24,34
543,204,24,34
543,204,24,34
543,204,24,34
543,204,24,34
606,204,26,38
604,201,34,40
590,198,41,43
577,197,53,48
564,197,58,51
554,198,54,48
540,197,53,46
539,198,55,46
532,197,48,44
523,195,46,47
516,195,46,46
509,196,57,43
507,195,52,42
506,195,49,41
508,193,45,42
511,192,40,41
513,191,40,41
515,189,39,42
516,188,42,42
518,187,43,42
517,186,45,41
518,186,45,41
521,186,44,40
522,183,45,43
524,185,44,42
524,185,44,41
525,185,45,42
527,185,44,41
528,185,44,40
529,183,44,43
530,185,44,41
531,184,45,43
533,184,43,42
533,183,44,42
534,184,45,43
535,184,45,42
535,185,46,42
537,185,45,42
536,185,47,43
538,187,46,40
540,187,45,42
539,188,46,42
540,188,45,42
540,188,46,41
539,188,47,42
540,190,47,41
541,188,46,43
541,189,47,42
541,190,47,42
542,189,46,43
541,190,47,42
542,190,47,42
543,189,46,44
543,190,47,42
544,189,45,42
543,189,47,43
543,189,47,43
541,189,49,43
543,188,47,43
542,188,46,43
542,187,46,44
540,189,48,43
542,188,46,42
541,188,47,44
540,188,47,43
540,189,47,44
540,189,46,44
539,191,47,43
538,191,47,44
538,192,45,44
538,192,44,43
535,192,47,44
535,193,47,41
535,192,47,42
534,192,46,40
536,190,46,40
538,188,49,41
540,187,50,41
539,186,50,40
541,185,51,40
543,185,51,40
544,185,50,41
546,184,50,43
547,184,50,43
547,183,48,44
547,184,48,42
548,184,48,42
550,183,45,43
546,184,49,43
546,184,48,45
544,185,49,44
541,187,51,44
541,187,50,45
545,188,46,45
542,189,48,46
543,191,47,47
543,195,46,45
543,199,47,43
543,202,48,45
542,205,51,45
542,209,51,46
546,213,47,47
543,217,50,44
541,220,49,44
540,221,47,45
531,218,48,44
523,214,47,42
513,208,47,41
503,199,46,40
490,187,47,41
480,174,46,38
472,158,42,44
466,142,43,40
458,131,43,39
449,120,42,36
442,110,40,37
435,102,39,36
427,96,39,36
419,92,39,37
410,89,40,37
403,91,40,36
397,92,38,37
390,95,37,38
382,101,37,34
376,107,35,37
367,115,37,36
363,125,36,37
364,126,34,36
365,136,35,37
364,136,36,37
366,152,37,37
371,174,39,37
375,197,36,42
380,225,38,37
384,255,38,39
389,286,38,43
392,322,39,38
392,322,39,38
401,333,34,29
402,313,35,33
400,291,36,35
400,271,37,38
400,256,37,35
400,239,38,36
399,226,40,36
401,215,38,35
398,205,41,40
400,197,39,40
399,191,38,38
400,190,39,35
400,191,39,36
401,198,40,38
403,210,37,38
404,226,36,34
404,245,36,37
404,266,35,38
405,289,35,38
404,315,35,38
404,339,35,31
400,329,35,30
398,312,35,33
400,295,27,33
396,281,27,33
393,269,27,33
393,269,27,33
393,269,27,33
393,269,27,33
393,269,27,33
393,269,27,33
393,269,27,33
393,269,27,33
386,303,21,31
386,326,30,32
386,331,32,29
386,315,32,31
388,300,32,31
388,300,32,31
388,300,32,31
388,300,32,31
384,257,23,26
383,250,24,32
384,243,21,31
383,239,23,31
384,236,24,33
384,235,27,34
383,238,30,34
381,250,28,34
378,269,29,35
371,290,31,37
363,313,34,37
359,334,34,34
359,322,33,32
359,306,33,33
357,292,33,34
356,281,34,34
356,270,33,34
353,261,34,34
353,253,33,35
351,246,35,36
351,248,34,35
350,257,35,35
350,270,38,40
352,294,36,40
353,319,36,41
354,345,36,36
359,336,38,31
366,322,36,36
371,307,36,38
376,294,37,38
381,281,37,39
385,271,41,39
392,262,38,40
395,259,42,42
394,266,44,44
395,285,42,46
391,307,43,49
389,334,43,38
389,334,43,38
390,348,35,26
388,336,40,25
389,326,41,32
388,310,42,38
387,295,44,42
387,285,44,44
386,278,45,45
388,272,42,43
389,271,44,40
387,273,43,46
383,292,45,49
379,322,42,44
379,322,42,44
379,322,42,44
375,338,44,33
375,321,44,39
373,303,45,43
373,288,44,42
372,273,45,46
369,261,47,44
370,250,43,49
371,243,45,49
371,239,44,47
368,236,44,45
368,235,43,44
363,233,50,45
362,234,55,45
364,232,58,43
368,229,54,42
371,224,53,44
372,218,53,46
373,218,53,45
370,212,62,46
388,208,49,48
394,208,47,47
401,212,46,42
406,212,43,42
411,216,43,40
415,215,43,40
418,213,44,41
417,209,46,42
417,203,48,42
417,197,47,44
417,189,46,41
415,183,45,39
415,175,41,41
405,173,48,39
402,171,48,38
396,169,47,41
391,169,43,43
381,172,48,45
372,175,49,47
364,186,48,47
357,192,50,43
346,197,45,41
337,193,45,45
329,188,48,48
319,182,50,46
316,173,48,50
309,165,51,50
307,153,53,53
303,149,57,53
303,149,57,53
303,149,57,53
303,149,57,53
315,128,55,53
323,131,53,50
329,135,54,49
344,145,47,47
348,156,48,49
357,175,48,48
363,192,47,55
367,218,43,47
368,250,45,48
370,284,46,48
372,322,43,41
372,322,43,41
372,322,43,41
368,333,46,31
365,316,43,36
362,290,44,42
359,270,44,43
357,255,42,42
355,240,42,42
351,229,43,40
348,219,42,40
344,208,43,43
341,201,43,44
337,194,43,47
335,194,42,49
336,205,42,46
340,226,45,47
347,255,44,48
355,288,41,48
360,319,44,41
360,319,44,41
373,346,39,30
374,333,44,27
377,314,43,35
379,292,43,39
383,275,42,40
384,259,42,41
388,247,40,39
390,235,40,39
391,227,42,39
393,219,42,39
396,215,44,37
398,212,43,38
398,210,46,40
401,210,43,40
404,213,44,41
402,218,47,38
402,225,41,37
395,230,39,39
385,238,39,40
373,246,39,39
361,253,38,40
347,261,37,39
333,263,36,41
320,264,38,41
308,265,39,39
304,263,37,38
300,262,36,39
301,260,37,38
304,258,39,38
311,256,39,37
321,251,41,36
331,242,40,40
344,232,38,39
354,221,39,35
364,204,42,40
375,185,36,41
378,165,40,37
376,142,46,40
379,120,46,38
385,101,41,40
389,83,41,38
392,67,41,37
396,52,39,38
399,37,39,40
401,26,41,39
405,17,39,39
407,9,40,39
410,3,40,39
413,0,40,38
416,1,39,34
418,1,39,33
422,0,38,35
424,0,39,38
426,3,40,39
428,9,42,40
431,18,40,40
433,17,38,39
435,27,38,40
437,39,40,40
439,54,40,41
441,69,39,41
444,88,39,41
446,109,40,41
449,128,41,44
454,142,38,40
463,158,41,46
466,167,45,51
476,178,42,54
490,188,40,44
501,198,42,40
513,202,43,43
526,205,44,42
537,206,47,43
545,203,51,46
547,201,46,47
549,199,45,44
548,195,47,43
551,192,46,44
554,189,45,43
554,186,46,45
553,186,48,42
556,186,46,39
556,186,47,41
559,187,44,40
562,188,43,40
559,190,48,43
557,192,49,43
554,194,51,43
552,196,52,42
550,199,51,43
548,202,51,42
546,204,45,42
544,206,48,40
543,206,52,42
542,206,56,42
542,206,59,44
543,205,55,46
546,207,52,45
546,207,56,45
546,207,57,47
547,207,57,46
546,209,58,44
546,207,55,44
543,207,53,41
539,203,58,40
533,199,50,38
531,191,47,38
530,181,46,38
530,170,45,38
533,159,45,38
536,149,42,37
538,140,47,39
540,132,52,41
544,127,54,41
546,122,59,41
552,119,51,43
557,119,50,43
561,119,50,45
565,120,53,48
569,130,55,43
573,136,59,43
578,143,58,46
579,154,58,46
582,163,55,47
577,172,61,49
581,181,55,46
576,192,58,43
569,199,60,43
568,207,54,43
560,212,54,41
557,216,48,41
553,219,49,40
552,219,51,39
550,217,54,39
551,216,52,37
550,213,50,39
550,212,52,38
551,210,51,39
551,208,46,40
553,207,44,41
554,209,44,41
556,212,43,40
557,215,42,39
559,218,40,40
562,223,37,39
561,224,37,38
561,225,35,37
559,224,35,38
557,225,38,37
554,223,38,38
553,224,37,37
548,223,39,37
545,222,40,38
542,221,40,37
538,221,40,37
536,220,40,38
535,218,39,38
532,218,41,37
531,217,40,38
527,215,43,38
526,215,42,40
524,215,43,37
522,215,43,38
519,215,45,38
517,213,45,38
516,213,42,39
511,213,44,39
508,213,45,39
508,213,40,40
