496,100,21,67
494,101,24,67
491,99,26,69
489,99,25,69
488,99,24,69
487,102,24,66
484,100,24,65
482,101,25,65
481,99,25,67
479,101,26,66
480,100,24,68
481,103,24,69
479,103,23,67
476,106,25,66
475,106,25,63
477,106,23,65
474,106,26,66
476,108,24,68
476,108,24,68
474,108,25,69
475,111,25,65
474,112,24,66
473,111,24,65
472,112,25,66
473,111,24,63
473,110,23,56
474,112,24,58
473,114,24,60
473,114,23,61
472,116,25,56
472,120,24,63
469,118,26,67
463,118,33,69
468,118,28,69
464,121,32,67
465,121,30,66
468,122,25,69
464,123,29,68
467,122,26,70
468,122,26,73
462,122,34,77
462,122,32,74
460,123,32,74
458,125,34,76
457,122,34,81
452,124,38,80
453,123,39,84
452,126,39,85
446,123,43,85
447,122,43,87
446,124,42,89
444,123,45,95
445,122,45,96
444,123,45,99
445,124,44,94
447,120,42,99
445,124,43,93
445,122,42,97
445,121,43,100
444,123,42,99
446,120,40,103
446,123,40,101
446,121,38,103
445,122,39,104
449,122,35,108
448,119,34,110
447,122,32,106
447,122,32,106
446,129,28,101
446,129,28,101
446,135,29,94
443,132,31,98
437,139,37,91
435,136,42,96
434,148,39,82
431,149,35,82
428,149,29,76
424,149,32,81
426,150,30,85
447,119,31,69
422,149,24,76
419,150,26,80
415,151,28,82
411,152,27,80
408,150,27,80
404,153,25,72
405,151,19,74
402,151,21,79
402,151,21,79
402,151,21,79
402,151,21,79
402,151,21,79
402,151,21,79
402,151,21,79
402,151,21,79
402,151,21,79
402,151,21,79
402,151,21,79
402,151,21,79
402,151,21,79
402,151,21,79
402,151,21,79
402,151,21,79
402,151,21,79
402,151,21,79
402,151,21,79
402,151,21,79
402,151,21,79
402,151,21,79
402,151,21,79
327,157,21,78
328,140,18,81
322,149,24,76
320,152,28,82
319,149,29,84
316,150,25,81
316,150,25,81
306,152,31,82
298,156,35,76
295,153,37,79
295,152,36,79
293,153,35,80
290,152,37,80
293,149,33,81
294,151,30,79
291,153,33,79
289,151,36,84
286,148,28,87
284,149,32,85
280,148,27,85
273,149,32,85
270,151,34,81
270,149,34,82
269,150,38,81
260,151,44,82
260,152,42,82
257,151,44,82
263,152,37,82
257,151,38,81
253,151,42,80
252,151,43,81
248,149,47,81
248,149,48,81
245,149,44,81
242,148,40,85
241,145,32,87
238,147,34,86
238,146,32,88
235,143,33,90
239,144,28,88
237,146,27,88
239,153,22,81
235,152,23,81
235,154,22,80
234,159,20,76
234,159,20,76
229,163,22,68
226,165,25,66
234,159,18,71
233,160,19,70
231,162,23,68
230,165,24,66
226,166,28,66
223,164,29,66
223,163,30,67
223,161,31,69
222,159,30,72
219,160,31,69
219,157,29,75
218,149,28,85
217,146,31,85
214,147,29,86
212,146,40,84
212,147,33,82
215,148,38,85
208,148,41,82
213,148,41,82
208,150,39,81
204,149,45,83
204,147,47,83
207,148,38,81
214,147,38,82
205,149,45,82
207,150,43,81
205,148,43,82
206,148,43,84
205,149,45,82
200,150,48,80
205,151,48,81
204,148,47,82
204,151,43,78
206,154,45,77
202,148,44,79
205,151,46,77
205,151,48,78
202,147,49,81
205,149,47,78
204,154,46,74
207,147,45,78
200,149,48,79
201,151,50,75
202,150,52,77
208,153,42,74
212,149,40,77
220,157,33,70
221,158,32,67
221,162,32,63
224,164,26,59
223,160,30,65
225,163,28,64
227,160,27,66
226,162,29,65
229,157,27,69
232,163,24,62
236,161,22,65
238,159,21,69
240,157,23,70
242,152,22,71
242,152,27,74
241,148,34,75
234,149,39,76
244,152,46,72
245,151,46,72
247,152,47,74
248,153,46,75
248,153,47,73
247,153,46,72
263,150,33,75
268,150,28,74
269,151,28,72
272,152,33,72
274,153,36,72
275,151,37,74
278,153,34,73
273,155,42,71
280,151,45,72
279,150,45,74
285,151,37,72
288,151,30,74
291,153,32,73
294,153,28,72
297,155,28,69
299,153,26,70
300,152,26,71
300,153,28,70
301,156,27,64
301,156,29,66
303,156,31,66
300,153,38,72
309,156,34,72
312,155,33,71
318,153,25,75
319,151,25,76
319,153,28,75
320,152,28,76
323,152,25,77
326,153,24,78
327,153,23,75
329,153,19,76
326,154,21,73
330,152,18,77
332,152,15,75
330,150,17,73
331,151,16,70
331,152,18,69
333,153,13,69
333,151,14,68
336,153,13,67
336,157,12,70
336,150,12,70
336,150,12,70
336,157,15,72
337,157,13,73
337,151,12,72
336,157,12,68
336,151,12,69
335,152,14,67
336,150,12,59
336,152,11,61
337,152,11,61
336,153,12,62
334,152,13,58
333,152,14,56
332,151,17,59
331,152,17,57
329,156,19,62
329,150,18,61
327,150,20,59
328,150,21,64
325,151,23,66
325,151,22,68
328,152,20,65
324,152,22,61
323,153,25,61
323,153,24,67
322,152,25,67
321,152,27,65
321,154,26,75
316,156,29,83
316,150,30,92
311,152,31,90
306,158,37,85
309,163,34,80
308,160,31,80
306,161,31,82
304,157,29,89
303,152,30,95
299,152,32,94
296,151,32,97
294,151,33,97
292,153,33,95
291,153,36,96
291,152,34,100
286,152,38,98
287,154,35,96
285,154,35,98
282,153,37,99
282,152,32,100
281,150,29,105
280,150,29,100
277,149,28,104
274,151,30,100
272,152,31,93
271,152,32,97
268,154,33,98
266,155,34,98
261,155,35,99
259,153,37,103
253,151,38,101
252,150,38,105
250,149,35,107
249,149,35,111
245,150,35,113
245,150,35,115
240,150,38,112
238,149,38,114
236,148,38,119
234,150,36,114
234,151,35,118
233,149,33,123
231,149,33,121
228,148,32,119
227,147,32,114
225,147,34,117
222,151,34,116
223,152,34,115
217,154,36,110
217,153,36,109
211,151,38,114
206,149,40,111
204,151,42,117
197,149,43,120
196,148,44,128
195,147,43,129
192,147,42,133
188,148,42,131
187,149,45,133
183,149,46,130
183,149,44,134
181,149,43,133
177,149,45,137
176,146,41,142
174,146,42,145
171,146,41,140
169,148,42,138
166,146,43,139
164,148,43,139
161,148,43,145
159,149,43,138
154,149,46,138
150,150,47,142
147,153,49,141
143,150,48,137
140,149,46,145
138,147,46,152
135,145,46,153
134,145,48,155
131,146,45,163
128,149,48,161
126,145,50,163
121,147,52,166
121,146,49,170
119,150,49,170
116,149,49,169
113,145,51,171
112,145,47,160
109,145,53,166
108,144,51,171
106,144,54,175
103,144,56,175
98,150,60,172
95,150,59,180
93,154,60,169
89,153,63,170
87,154,62,165
84,155,63,164
84,152,65,162
80,149,66,164
78,151,69,166
74,149,70,178
74,148,70,196
73,152,71,188
71,154,71,187
71,150,74,194
68,148,71,199
70,149,70,191
67,148,72,195
67,143,74,195
69,139,73,191
65,140,76,199
63,136,79,205
63,135,80,213
64,134,81,213
60,140,86,211
58,142,85,207
56,140,86,211
56,140,89,217
61,140,83,208
57,139,85,209
61,137,89,210
66,134,86,217
63,134,92,220
64,133,94,227
64,131,93,224
70,135,87,219
76,137,88,221
77,135,88,225
84,136,86,221
88,136,92,221
93,135,94,218
95,130,98,223
103,133,102,225
108,130,108,228
107,129,120,216
111,132,127,218
121,131,108,224
120,133,118,224
130,134,118,220
138,131,121,224
146,128,110,226
154,125,108,231
164,126,105,230
173,124,107,230
181,119,100,238
187,117,99,236
195,117,97,236
207,122,93,232
212,124,103,230
229,121,108,232
232,121,117,235
245,123,109,231
260,120,113,236
264,118,121,234
276,116,123,236
290,113,128,243
298,110,133,242
316,105,126,241
357,101,94,250
368,104,101,254
381,105,94,245
391,114,103,239
405,118,109,240
422,107,111,227
454,105,99,226
471,105,102,246
481,88,118,262
522,88,106,265
529,80,112,267
531,135,103,226
531,135,103,226
531,135,103,226
531,135,103,226
531,135,103,226
531,135,103,226
531,135,103,226
531,135,103,226
531,135,103,226
531,135,103,226
531,135,103,226
531,135,103,226
531,135,103,226
531,135,103,226
531,135,103,226
531,135,103,226
531,135,103,226
531,135,103,226
531,135,103,226
531,135,103,226
531,135,103,226
531,135,103,226
531,135,103,226
531,135,103,226
531,135,103,226
531,135,103,226
531,135,103,226
531,135,103,226
531,135,103,226
531,135,103,226
531,135,103,226
531,135,103,226
531,135,103,226
531,135,103,226
531,135,103,226
531,135,103,226
531,135,103,226
531,135,103,226
531,135,103,226
531,135,103,226
531,135,103,226
531,135,103,226
531,135,103,226
531,135,103,226
531,135,103,226
531,135,103,226
531,135,103,226
531,135,103,226
531,135,103,226
531,135,103,226
531,135,103,226
531,135,103,226
531,135,103,226
531,135,103,226
531,135,103,226
531,135,103,226
531,135,103,226
531,135,103,226
531,135,103,226
531,135,103,226
531,135,103,226
531,135,103,226
531,135,103,226
531,135,103,226
