364,163,103,148
358,160,98,154
356,157,94,154
343,161,98,151
344,157,85,151
334,159,85,139
330,151,86,139
325,152,80,131
319,151,82,128
318,151,75,123
317,151,75,118
317,145,74,121
318,144,74,112
318,132,72,117
318,124,76,114
323,121,74,107
328,117,72,102
331,112,70,101
332,111,73,101
336,115,71,98
340,126,70,85
342,128,68,81
343,125,68,85
341,127,73,82
346,127,68,82
344,125,72,86
345,126,71,84
345,128,71,80
346,127,70,84
349,125,70,83
352,115,69,97
359,107,69,106
355,102,89,118
361,114,73,109
364,107,72,115
363,105,78,115
367,113,80,107
371,124,78,97
371,116,80,108
371,115,79,111
370,119,82,107
372,125,81,96
373,127,80,91
370,123,81,97
373,129,79,87
370,128,80,93
370,124,78,102
369,124,79,104
369,124,78,105
374,130,73,94
372,124,72,103
364,120,81,108
372,123,77,103
372,127,77,97
374,117,74,104
377,118,74,103
380,114,72,101
379,114,75,96
384,113,66,99
378,108,71,103
370,105,79,108
364,108,85,105
358,109,91,90
354,102,92,103
344,113,103,86
346,118,99,79
342,116,103,80
340,117,105,86
342,124,107,74
342,122,110,71
341,117,112,78
347,120,109,67
333,122,106,59
341,120,89,55
344,114,82,60
344,119,84,50
343,125,87,44
347,131,83,44
340,130,92,58
339,132,87,66
341,136,77,66
339,139,76,73
340,137,74,85
349,132,66,95
354,132,59,101
356,126,60,110
359,121,59,123
354,132,73,126
352,144,79,124
353,146,78,128
356,155,81,130
355,165,84,130
355,174,87,144
363,163,76,136
362,174,80,133
360,179,90,136
357,166,98,144
361,176,99,140
353,186,110,135
357,171,109,150
354,189,115,132
358,176,112,146
380,181,97,137
368,187,109,132
412,173,75,130
416,175,76,123
421,176,78,120
426,183,79,118
428,185,82,119
435,184,76,119
434,175,79,122
430,168,80,119
427,158,87,118
427,153,83,118
423,146,84,124
420,139,83,132
411,137,89,131
396,134,95,138
386,136,94,144
376,130,83,158
364,141,85,162
354,145,93,165
341,146,107,167
329,137,122,175
326,133,123,179
317,135,136,177
312,135,146,181
309,133,146,176
311,136,147,177
319,145,140,165
303,147,153,166
298,162,159,149
292,174,159,138
283,182,167,130
282,182,159,134
276,195,157,125
286,195,170,123
277,207,171,111
270,209,173,107
290,210,161,104
279,211,166,104
297,208,151,110
298,206,150,110
298,212,151,103
298,206,154,109
300,206,153,109
305,209,147,106
307,208,148,112
317,205,131,110
323,217,133,101
323,219,136,97
332,224,123,91
338,225,120,88
347,223,117,94
365,214,101,103
379,211,89,104
398,207,74,111
398,199,80,118
402,195,82,124
402,190,86,128
406,178,86,131
409,166,84,132
412,158,77,124
415,150,76,117
408,142,83,116
410,138,86,113
411,132,85,114
414,127,86,114
414,124,85,112
412,118,91,108
410,115,94,107
417,111,88,101
413,110,92,107
415,108,91,100
417,107,89,102
412,109,95,97
416,106,89,96
413,106,92,98
412,105,92,94
410,103,93,95
409,102,94,94
404,102,102,91
408,101,98,93
406,99,101,90
405,100,106,90
406,101,105,89
405,97,105,92
403,97,107,92
403,98,108,91
403,98,109,90
402,97,111,90
402,97,109,90
401,96,111,94
399,96,114,93
400,96,112,93
401,97,112,92
401,97,112,93
401,97,113,90
400,97,115,92
399,97,116,92
399,97,116,91
400,96,111,93
400,96,115,91
399,96,116,92
398,95,118,94
398,95,116,96
398,94,119,96
395,94,120,99
394,94,122,97
392,92,124,104
394,93,123,98
394,93,124,97
393,94,126,99
396,94,126,99
399,96,124,97
401,95,124,98
405,96,116,97
408,97,110,100
412,101,106,100
414,105,111,101
413,110,111,104
414,118,108,109
420,122,100,113
425,133,91,113
431,144,79,115
428,150,76,114
423,155,79,115
428,161,72,114
423,165,75,121
422,175,67,124
416,186,62,125
402,196,66,120
401,204,64,111
401,208,63,108
406,215,64,102
404,217,73,100
404,215,67,99
430,213,74,104
439,211,78,108
453,216,76,101
458,228,84,91
477,237,79,80
499,246,79,69
519,256,73,63
520,263,84,54
529,270,84,45
535,278,82,38
535,278,82,38
535,278,82,38
535,278,82,38
535,278,82,38
535,278,82,38
535,278,82,38
535,278,82,38
535,278,82,38
535,278,82,38
535,278,82,38
535,278,82,38
535,278,82,38
535,278,82,38
535,278,82,38
535,278,82,38
535,278,82,38
535,278,82,38
535,278,82,38
535,278,82,38
509,282,77,35
510,280,72,35
509,275,71,41
502,273,79,41
477,266,76,53
515,271,85,46
529,281,86,35
529,281,86,35
529,281,86,35
529,281,86,35
529,281,86,35
529,281,86,35
529,281,86,35
529,281,86,35
529,281,86,35
529,281,86,35
529,281,86,35
529,281,86,35
529,281,86,35
529,281,86,35
535,280,85,35
502,263,84,44
483,242,83,65
475,243,92,72
458,236,85,78
433,205,83,97
410,198,87,118
401,182,83,130
395,184,79,134
384,184,80,130
378,188,86,130
376,194,85,124
379,198,82,125
380,201,84,112
390,201,73,118
394,201,74,116
391,203,83,115
399,207,77,107
413,213,62,105
414,224,62,96
413,226,62,91
413,228,64,90
413,234,62,86
413,238,61,80
407,244,64,74
398,248,66,68
390,265,62,52
393,272,59,45
403,234,59,54
403,233,62,65
406,236,58,79
406,230,59,85
405,228,60,88
404,229,61,93
405,231,63,85
408,234,59,80
405,228,64,88
407,233,59,88
405,228,63,88
402,229,63,89
401,233,61,85
397,246,61,70
398,253,59,64
399,243,56,74
385,234,72,81
388,229,67,86
381,228,72,83
380,225,70,91
378,224,73,92
373,225,76,92
372,221,76,96
354,218,92,96
372,218,80,98
371,215,81,102
374,210,78,105
375,209,79,109
380,204,74,111
381,203,75,112
379,200,76,116
382,197,75,117
383,195,72,119
387,192,67,124
386,193,70,120
391,190,66,124
393,192,63,124
391,190,62,123
393,188,64,126
394,190,62,125
395,190,62,123
397,191,61,125
396,191,63,124
399,193,61,122
399,196,61,119
397,196,62,118
396,196,65,118
397,198,65,109
401,199,59,113
398,198,63,110
399,199,62,107
400,199,60,104
399,199,64,103
400,199,61,104
402,198,60,105
399,199,64,103
399,199,66,104
398,198,66,107
399,197,63,113
397,198,68,109
399,199,65,107
398,199,66,106
396,199,67,107
393,199,71,106
396,198,67,107
395,199,68,108
398,198,66,104
398,198,65,106
398,197,66,107
398,197,65,111
399,198,64,108
402,197,60,110
403,198,57,108
401,201,62,101
399,203,64,104
404,205,59,106
404,208,61,106
402,212,62,105
407,213,64,101
418,209,53,108
420,212,53,107
416,210,58,108
409,209,66,110
403,210,77,110
406,205,75,108
411,204,68,116
407,197,69,117
407,188,69,127
402,181,72,139
394,167,79,151
391,148,78,168
381,137,86,177
367,116,100,190
363,111,100,203
361,105,96,210
355,103,100,213
353,97,102,218
350,104,110,215
357,105,101,211
352,104,106,212
357,111,98,206
359,97,98,222
362,111,96,204
368,102,93,212
358,116,102,199
349,125,110,190
350,137,109,181
349,138,108,175
359,144,97,174
370,150,87,170
371,134,87,179
357,160,102,156
361,164,103,152
364,133,112,184
361,138,117,175
365,140,113,175
362,151,113,165
347,153,129,163
342,157,133,161
324,159,148,158
307,175,168,140
307,170,169,145
302,188,175,128
331,158,152,160
354,163,121,152
359,162,116,151
364,160,110,151
362,161,115,154
358,162,118,152
368,158,106,152
369,162,107,154
373,163,101,151
381,156,90,157
391,155,73,162
383,158,77,158
376,158,79,158
359,168,91,148
350,164,96,153
345,167,101,149
334,171,109,149
331,166,112,150
314,171,127,145
323,170,119,145
322,178,119,141
327,175,114,140
336,177,102,139
328,181,110,134
338,181,103,136
333,177,107,137
328,176,113,142
327,177,111,139
325,179,114,138
332,180,101,137
334,181,100,135
330,182,107,132
330,181,107,137
340,175,99,137
349,175,96,142
354,166,91,148
362,171,83,146
367,164,81,152
366,170,77,145
366,185,74,128
366,184,79,132
360,186,87,130
365,180,89,134
367,180,90,136
365,180,91,136
368,176,92,143
364,175,93,143
370,177,92,141
363,174,98,139
373,168,86,145
369,173,93,143
373,166,88,148
378,171,85,146
376,173,86,145
379,180,89,132
377,193,93,127
374,199,99,116
372,207,101,110
369,214,102,108
371,213,97,106
374,217,91,102
368,220,99,95
367,221,101,96
367,218,103,100
371,215,103,104
371,212,106,105
376,206,106,111
369,203,116,115
371,194,118,122
379,191,116,127
385,182,116,135
397,174,109,142
394,171,120,149
396,165,125,149
382,164,138,160
371,160,155,157
372,160,154,156
378,157,152,153
378,155,153,159
378,159,158,154
379,161,154,161
374,164,160,160
379,166,152,158
375,180,157,142
377,182,156,140
375,182,158,138
369,173,162,150
371,167,159,156
371,171,159,150
364,159,163,160
373,151,160,163
375,142,155,170
373,137,155,171
369,135,155,155
369,129,150,142
367,131,150,125
363,121,154,131
358,120,160,123
360,113,158,126
359,112,157,123
363,109,151,129
352,107,160,121
359,104,151,110
358,99,151,104
367,99,142,91
383,101,124,68
385,95,115,78
383,91,120,75
378,89,122,74
378,87,117,73
377,86,117,70
378,87,114,65
375,88,117,65
373,86,117,64
375,85,115,65
374,83,115,64
371,81,116,66
372,80,114,67
373,78,113,68
349,84,112,75
360,80,102,70
371,79,87,72
376,79,84,69
379,81,83,74
377,85,92,72
380,90,101,68
384,92,111,73
386,96,112,75
389,100,110,80
372,98,121,92
370,95,126,108
369,98,117,119
368,104,118,125
365,109,121,137
354,113,126,136
362,122,115,129
335,118,132,144
330,123,138,142
326,122,138,153
318,116,144,182
317,112,146,196
316,113,147,197
318,112,147,204
315,111,149,201
320,108,144,203
325,113,137,201
327,109,131,201
327,106,129,205
322,105,137,206
322,100,139,215
326,97,132,214
323,97,138,215
326,95,134,216
329,91,134,219
331,93,127,219
328,96,133,211
328,97,132,217
330,99,139,207
318,95,147,219
328,89,139,225
322,90,144,218
322,86,147,223
316,84,150,225
321,84,152,225
318,81,145,231
327,93,147,213
316,88,151,224
318,85,147,223
324,88,143,220
322,95,142,215
315,98,156,210
313,93,154,218
322,88,145,220
317,95,153,211
316,98,151,211
322,94,147,214
318,98,144,212
314,103,155,207
319,111,149,197
321,113,141,196
323,114,143,197
322,127,144,181
321,132,144,177
323,135,143,176
320,126,141,185
323,134,137,180
318,133,140,180
305,134,152,182
289,131,171,184
297,130,161,178
295,128,164,186
295,127,163,183
303,126,156,186
299,126,159,187
302,124,156,191
301,117,158,198
299,125,160,191
296,123,160,189
301,122,158,194
299,124,159,187
298,127,159,188
296,132,160,180
298,133,158,180
302,117,155,196
299,118,158,198
292,119,165,193
286,115,173,199
292,111,171,201
316,94,144,221
324,106,137,207
316,105,139,207
305,104,156,210
307,115,153,198
331,122,130,187
314,111,147,199
307,111,154,204
286,121,179,193
307,127,160,181
301,120,164,193
308,128,158,185
300,122,165,192
321,124,145,186
313,119,153,195
313,127,154,187
313,130,154,184
312,137,153,178
308,141,157,171
311,145,152,167
310,144,149,167
309,144,147,168
309,145,148,172
313,149,149,161
309,144,147,168
310,135,149,179
311,127,149,191
322,125,141,187
312,123,150,191
301,112,159,205
303,129,156,184
277,122,184,195
294,121,162,191
305,124,154,189
314,121,138,193
333,110,110,201
352,106,87,211
334,95,109,217
332,108,113,207
346,116,96,202
341,114,99,199
337,106,103,208
349,109,89,203
356,112,81,200
366,126,71,189
369,114,73,204
371,123,70,192
375,108,75,201
375,119,79,197
381,109,77,202
381,104,83,211
384,108,86,197
385,111,89,196
372,122,104,183
378,124,99,190
370,129,111,177
378,135,108,167
377,136,108,174
393,137,101,171
391,144,108,162
387,146,113,145
399,153,110,127
418,158,94,133
430,170,92,133
437,183,95,133
441,196,99,129
449,211,96,109
452,225,95,93
455,240,91,81
455,251,90,67
462,261,93,57
462,261,93,57
462,261,93,57
383,257,71,56
391,248,74,69
394,242,81,78
391,233,92,79
390,237,98,80
400,235,83,84
401,241,78,81
401,242,81,71
403,251,80,63
406,244,78,70
407,250,80,65
408,254,78,64
413,245,76,68
413,242,79,73
414,240,82,79
412,237,92,77
413,244,97,70
416,241,98,76
419,232,96,84
420,226,95,90
419,235,99,77
423,231,95,83
415,224,105,91
416,229,105,85
419,234,100,86
417,236,105,82
417,236,101,84
413,234,110,81
414,238,104,82
412,233,110,82
407,235,115,86
410,239,115,74
412,240,114,75
410,231,119,85
416,235,115,83
421,237,121,77
501,256,132,60
480,247,132,70
486,238,120,73
488,206,105,100
461,163,111,117
433,145,126,130
413,134,124,151
407,95,132,175
395,92,136,200
386,78,131,223
385,72,124,236
353,66,152,244
343,72,155,237
343,75,160,232
336,83,162,226
340,85,163,227
334,85,159,229
339,80,158,228
334,82,161,227
341,83,157,229
332,77,159,231
343,77,153,233
335,78,154,234
337,84,156,226
340,84,152,228
343,86,146,222
345,81,144,229
343,71,147,243
357,77,130,237
377,87,108,230
387,79,95,239
394,83,87,233
399,98,82,221
401,92,86,225
400,101,87,213
399,101,88,212
399,104,87,207
398,110,87,200
398,109,86,201
400,109,89,202
396,113,97,201
396,114,99,199
394,109,105,205
398,102,104,211
402,95,105,217
401,85,111,225
406,84,110,228
409,79,113,233
413,72,119,238
420,59,116,250
423,54,124,248
428,47,118,256
426,38,112,260
422,39,110,261
402,29,133,279
376,17,163,297
359,25,188,288
361,42,197,269
416,71,153,238
355,75,206,234
382,85,184,222
374,90,196,219
383,100,191,212
318,122,227,187
299,116,279,195
287,125,296,188
280,136,299,175
286,142,290,169
287,148,288,166
278,152,299,161
277,157,306,151
293,157,291,156
295,167,285,145
310,174,281,138
320,176,279,138
308,118,311,195
307,104,333,210
313,99,345,227
315,103,344,210
314,92,340,221
323,73,329,245
323,82,335,232
337,70,320,252
342,57,316,253
346,36,314,285
348,34,305,285
341,19,317,300
351,14,304,305
344,6,307,310
350,6,305,315
352,14,298,301
349,17,308,298
349,16,301,306
349,23,309,290
357,34,298,280
354,36,306,280
363,17,289,302
364,23,294,291
361,8,294,309
375,6,278,313
377,0,278,322
388,-1,268,321
357,-2,304,329
375,1,280,312
371,-3,289,326
373,15,286,301
376,3,283,320
382,0,278,320
381,4,287,319
361,6,304,312
370,6,289,314
371,8,286,310
375,7,285,307
363,0,297,315
369,-1,292,322
373,1,286,319
377,19,281,301
373,6,288,314
376,-1,284,319
373,0,289,316
