418,122,48,70
424,121,40,68
423,121,43,73
425,122,46,80
426,120,44,84
424,124,48,77
424,125,49,76
420,122,55,85
419,120,62,88
418,115,55,96
420,113,62,99
421,118,46,95
421,121,45,91
423,122,46,93
422,118,46,98
424,121,49,101
424,119,49,103
425,123,50,106
426,123,48,105
431,128,52,108
432,131,51,106
435,134,56,99
438,137,51,96
442,136,50,94
442,137,50,94
446,138,51,96
447,135,51,102
452,137,51,102
452,139,52,96
454,140,52,96
454,139,54,96
456,139,52,96
455,137,56,101
458,137,52,102
456,139,56,91
455,134,54,96
454,134,57,98
454,133,53,95
454,135,53,90
454,129,50,100
454,126,52,102
453,128,53,101
452,128,53,100
454,128,50,101
453,129,49,101
451,130,52,98
451,133,53,94
452,132,51,95
451,133,51,97
451,134,53,98
450,137,54,92
454,143,47,97
455,141,47,103
453,154,53,95
451,154,55,94
454,166,47,100
454,167,50,101
450,181,48,94
449,190,49,92
448,191,51,92
446,195,53,89
447,197,52,84
447,198,50,83
447,197,49,85
446,196,50,88
447,196,50,83
446,196,49,85
445,195,49,90
446,194,48,89
446,192,48,90
445,192,47,91
446,191,47,91
446,192,48,92
446,192,49,89
446,192,47,92
447,192,47,93
447,192,50,93
447,190,48,97
448,190,49,92
448,191,49,93
448,191,48,88
448,190,49,92
450,189,48,91
448,190,50,89
451,188,47,92
450,187,48,95
450,185,56,93
449,186,57,92
451,188,67,83
453,181,59,86
452,181,63,93
454,176,54,94
454,175,54,95
455,173,55,89
454,174,56,88
455,171,56,93
455,173,56,84
454,168,56,90
455,163,57,90
454,164,58,87
456,156,54,95
455,156,54,98
455,151,54,103
456,151,52,105
452,152,57,95
452,152,57,97
447,152,58,97
443,153,52,97
445,153,50,99
441,156,46,108
441,156,46,103
438,162,40,104
438,157,41,110
435,154,39,117
435,152,36,117
431,157,43,118
430,162,43,109
429,168,44,104
434,167,41,95
434,168,43,94
439,168,40,93
440,168,37,93
443,165,41,96
443,165,42,100
448,166,48,98
452,166,53,92
451,165,58,96
452,166,56,90
453,165,54,91
453,158,55,98
453,158,56,99
452,153,56,103
453,155,56,97
450,151,60,94
449,151,62,95
451,148,58,99
455,146,65,101
453,146,67,101
462,138,77,113
459,133,93,127
472,132,84,131
474,129,81,136
484,129,80,136
480,126,86,147
505,111,79,153
536,103,72,130
537,110,71,114
552,102,77,105
551,101,79,110
570,94,68,115
571,94,66,118
580,90,58,117
582,90,55,116
586,89,53,109
580,89,57,105
581,89,57,102
571,96,62,111
566,95,69,108
555,105,72,111
555,106,70,107
542,122,66,118
541,119,67,121
512,149,79,131
506,174,75,128
506,176,75,133
497,195,84,133
499,179,82,143
481,218,93,136
482,214,99,127
465,232,117,121
472,244,108,106
459,256,121,92
443,261,140,86
417,265,165,84
435,266,147,81
407,262,176,95
384,261,200,93
384,261,200,93
384,261,200,93
384,261,200,93
384,261,200,93
384,261,200,93
384,261,200,93
384,261,200,93
384,261,200,93
384,261,200,93
384,261,200,93
249,130,190,114
265,126,167,140
274,113,172,170
269,119,137,154
288,105,110,179
288,105,110,179
288,105,110,179
294,106,91,171
370,31,79,159
382,78,65,133
380,83,68,121
323,217,84,110
390,97,72,98
305,223,60,89
302,219,57,87
304,221,53,78
302,207,49,77
303,206,46,78
301,192,48,88
301,190,47,94
300,181,52,100
299,179,54,105
299,167,63,105
299,165,63,94
297,164,66,104
300,164,63,103
300,164,62,101
298,171,62,109
296,164,63,122
290,192,77,109
290,198,79,95
324,217,59,99
327,219,49,95
340,234,45,84
346,248,49,76
344,247,47,73
356,243,46,77
353,240,50,81
363,225,50,79
363,228,48,73
382,209,37,75
384,202,34,86
401,187,24,79
401,187,24,79
401,187,24,79
371,143,32,79
371,143,32,79
369,141,38,80
369,141,39,77
369,139,42,82
359,129,36,87
353,122,41,87
341,124,44,75
342,125,44,73
341,122,46,72
339,123,48,73
337,123,56,74
318,122,74,77
315,124,78,74
314,125,80,68
313,126,85,70
343,126,70,77
311,129,83,62
321,129,89,67
311,129,97,70
325,133,102,75
314,131,111,85
348,144,112,88
354,140,107,88
351,138,113,85
342,139,124,76
343,144,135,70
342,142,144,96
343,131,158,105
340,142,164,108
339,147,186,104
277,148,184,104
337,150,206,98
275,150,219,107
243,146,223,116
268,146,208,128
273,142,235,156
296,144,263,171
288,138,281,215
298,140,269,210
290,137,277,217
301,139,250,216
295,136,270,218
293,146,272,203
298,142,277,208
299,142,270,212
295,143,282,212
298,141,281,207
292,138,287,215
295,136,290,213
287,135,302,216
286,140,300,204
294,138,293,211
297,139,294,214
293,135,298,214
286,136,304,211
287,132,294,222
286,135,296,217
280,134,306,221
283,145,305,199
284,139,301,217
281,143,309,196
290,149,285,198
289,146,286,202
286,139,291,215
291,140,275,212
291,140,270,213
291,142,276,212
293,142,274,210
300,143,250,211
302,138,250,215
297,145,257,210
299,141,253,215
294,145,261,212
295,150,272,207
290,154,280,199
295,154,265,197
303,146,248,213
292,147,277,209
288,145,286,207
294,143,275,216
294,150,271,204
301,146,253,214
297,151,271,206
285,146,291,209
287,153,281,201
294,146,276,209
294,151,274,208
288,157,286,193
285,151,289,203
288,151,289,194
297,154,277,202
288,148,281,201
290,144,286,212
289,145,288,209
294,141,279,216
294,145,278,208
287,147,285,201
291,143,278,212
292,147,270,204
294,149,271,207
301,151,257,203
304,145,254,214
300,144,262,217
288,149,277,190
298,149,265,206
294,147,270,211
291,155,275,196
289,148,275,209
285,150,276,200
294,148,262,209
286,152,278,203
293,154,267,197
295,144,265,215
288,150,268,203
283,152,278,201
286,141,275,210
286,145,270,209
283,151,279,196
292,149,264,209
294,150,256,204
291,150,265,205
289,145,271,211
296,144,256,209
298,148,256,208
293,142,267,216
297,147,255,208
291,141,267,215
292,145,259,208
291,139,256,215
293,138,252,217
289,136,269,219
289,140,263,212
292,131,270,221
284,137,281,212
294,130,271,222
292,132,276,223
290,130,277,227
293,129,272,224
294,130,269,223
302,138,257,216
306,137,259,222
298,128,266,232
304,122,252,238
298,129,267,226
295,115,267,246
300,127,261,235
299,123,264,235
309,120,254,241
301,125,260,236
303,108,262,255
304,118,268,248
304,97,260,269
300,103,269,262
307,116,259,244
304,106,266,256
305,101,261,266
303,118,267,245
305,128,258,228
305,118,252,242
308,126,256,237
308,98,258,266
308,127,257,224
311,126,251,233
305,120,259,244
307,128,258,233
305,132,260,227
314,131,249,229
305,135,260,222
315,138,237,224
311,139,244,219
310,139,247,216
306,142,247,213
296,144,268,204
298,146,268,204
305,145,256,207
298,141,260,210
301,144,260,208
303,143,254,212
301,140,260,215
298,140,264,213
302,146,261,207
304,147,261,209
307,146,247,213
302,149,253,206
307,152,238,203
305,143,240,213
307,146,225,212
302,145,230,209
311,140,215,217
312,142,204,215
314,143,205,218
319,149,203,207
321,146,192,213
314,139,206,221
314,144,208,218
316,141,206,222
307,146,225,214
302,142,235,219
303,141,232,217
313,147,209,212
312,140,218,218
304,145,240,214
312,150,228,209
313,140,218,218
319,137,198,225
323,137,191,223
318,131,194,229
309,133,219,224
301,144,241,208
304,136,243,220
306,149,249,205
306,146,248,209
302,145,266,209
301,149,258,209
289,148,288,200
293,150,288,201
296,145,286,209
294,137,287,215
300,147,272,209
300,143,265,213
295,113,270,241
300,108,265,250
299,121,267,232
301,120,266,235
300,126,266,230
297,134,268,223
296,147,266,205
306,146,251,210
309,151,239,204
302,149,246,205
307,142,229,215
315,145,213,210
311,143,210,213
304,140,226,219
298,144,253,218
313,140,215,222
307,143,232,218
320,147,202,213
320,145,190,214
313,144,204,215
300,148,248,207
312,143,222,218
302,144,244,219
311,147,226,215
300,144,250,217
296,150,254,212
305,154,245,196
304,152,248,207
299,151,260,199
290,140,271,219
299,146,253,206
295,150,262,206
302,147,250,208
299,144,260,217
298,145,262,206
297,148,261,213
305,146,242,210
303,148,253,210
296,147,259,207
292,153,261,196
300,153,251,200
305,156,243,197
303,150,243,203
302,155,244,198
299,149,247,202
296,148,253,205
298,150,251,202
296,152,250,198
301,146,243,206
296,141,252,213
289,138,259,216
297,130,249,219
293,145,260,208
301,151,248,203
284,144,273,205
291,148,265,202
290,141,266,211
292,142,252,210
289,140,264,213
296,145,247,208
300,145,243,207
288,138,266,212
300,145,243,205
291,143,260,208
294,140,257,214
290,138,264,216
285,140,271,216
290,146,263,198
286,143,270,210
289,141,262,211
281,140,279,215
292,141,257,210
284,141,278,212
282,136,274,221
290,139,253,216
291,138,263,217
287,146,266,208
292,148,256,203
291,143,261,211
288,143,275,207
287,149,264,206
289,146,263,209
293,140,253,215
292,144,257,209
294,145,256,204
293,148,253,206
295,141,254,214
295,149,250,201
288,146,263,203
296,145,250,208
293,148,252,206
288,141,263,211
291,142,259,208
291,142,264,211
283,148,271,201
278,143,281,210
279,135,271,214
283,140,275,211
292,147,247,205
282,146,266,206
274,142,279,206
277,140,277,207
289,135,248,215
296,139,238,207
304,133,231,217
301,137,240,213
299,144,234,204
296,138,255,212
298,132,253,220
296,97,271,257
294,76,273,282
297,81,261,280
291,59,280,295
289,121,260,235
289,100,275,255
287,122,260,232
288,124,268,227
292,125,268,227
287,133,264,218
287,118,270,235
287,122,266,230
292,125,265,230
290,121,265,234
288,126,253,228
288,132,264,217
295,127,243,226
294,138,250,215
299,129,238,222
299,136,227,215
298,134,230,216
295,134,241,216
291,140,250,208
295,136,249,215
295,139,248,208
300,136,244,213
299,134,244,206
302,132,232,215
304,134,230,202
300,137,236,199
306,139,230,203
300,139,235,199
302,144,230,180
294,144,241,168
301,148,229,189
298,140,232,180
299,146,231,173
295,147,237,160
292,147,236,171
295,139,235,199
289,147,244,173
290,149,240,163
283,149,246,155
281,149,258,169
285,152,243,154
289,152,235,148
293,147,233,177
287,148,241,159
291,149,236,160
292,148,236,166
289,149,238,157
296,145,228,183
283,145,248,170
293,141,232,201
292,145,232,173
295,145,228,177
295,138,232,201
295,141,224,197
289,142,236,179
279,149,252,162
292,148,234,171
291,148,237,156
286,151,240,153
291,147,233,167
287,147,244,173
290,149,240,157
287,155,243,155
290,151,244,169
294,148,250,178
293,146,255,196
302,144,257,198
299,146,246,196
319,149,232,198
320,150,227,202
327,155,223,196
318,157,236,193
315,153,242,204
306,156,256,199
321,162,236,192
317,149,237,207
320,156,240,198
319,156,238,200
319,156,233,197
327,160,223,190
324,151,229,204
323,159,229,195
326,159,223,195
323,155,224,198
327,149,223,209
328,153,223,204
321,154,236,203
320,157,235,199
325,153,221,206
322,160,232,194
323,155,229,202
311,156,244,203
321,159,231,195
319,158,235,196
314,160,242,196
312,160,247,194
311,156,249,199
318,157,238,200
323,156,230,197
320,154,233,206
308,151,247,205
305,153,254,196
302,146,262,207
291,148,269,208
287,149,278,193
286,141,278,211
281,142,285,209
299,143,269,209
311,148,255,206
296,152,269,201
311,151,255,207
324,153,247,200
315,155,256,197
318,151,246,207
314,151,257,201
314,151,253,205
318,152,252,203
319,153,250,203
314,151,259,204
309,153,266,203
309,155,266,198
318,153,254,206
317,155,261,200
301,151,279,209
313,153,271,194
321,155,253,203
318,154,266,195
320,149,266,201
312,149,273,201
314,149,271,196
314,150,270,201
313,149,278,206
317,148,268,208
305,144,284,211
308,150,261,195
318,142,247,210
330,144,205,213
330,145,193,203
320,154,220,193
318,152,231,190
321,151,220,197
325,151,209,198
324,152,210,196
322,154,215,192
327,151,208,199
317,153,229,196
322,149,219,203
332,150,183,201
337,157,170,196
327,158,194,194
328,161,199,192
338,157,170,197
341,160,167,193
344,162,156,188
345,155,144,203
350,160,125,198
352,161,126,193
356,161,114,193
351,158,125,199
351,161,126,194
352,158,122,197
347,158,132,195
353,157,118,199
354,159,117,196
352,162,124,191
353,159,121,196
354,159,119,194
348,161,131,191
347,160,131,198
352,158,124,202
348,167,144,191
354,166,128,192
357,178,130,183
356,153,132,206
353,162,113,201
350,159,100,203
358,158,90,200
356,158,89,202
356,150,86,214
357,148,83,211
352,154,87,196
348,154,94,195
347,156,94,184
343,155,94,180
334,158,107,155
335,158,101,150
343,155,92,156
336,157,104,159
333,157,125,155
332,151,152,165
326,152,165,162
321,154,177,158
318,156,189,155
318,155,192,157
310,152,216,163
304,151,228,156
311,153,210,159
302,152,230,149
304,153,216,158
304,151,227,160
299,155,232,152
296,153,240,151
297,153,234,157
303,155,223,142
307,156,220,153
299,154,239,155
295,153,236,151
295,152,233,150
302,151,224,157
304,151,216,154
303,156,214,140
298,154,237,155
298,153,232,155
298,153,233,146
299,155,232,156
290,153,249,153
293,154,243,144
305,154,224,155
298,152,233,157
298,156,235,140
298,155,230,157
300,150,229,157
301,152,227,149
303,151,223,161
301,151,225,157
305,153,211,153
310,148,210,161
304,152,220,154
313,152,203,158
303,149,224,160
306,151,212,152
306,152,211,156
309,150,210,162
303,153,228,152
297,152,237,159
293,153,238,149
304,148,221,170
307,148,218,163
297,149,229,156
301,149,224,162
303,146,226,167
307,147,217,166
303,147,221,164
305,148,213,164
305,148,220,165
300,147,228,159
295,150,240,162
302,150,227,166
304,148,224,159
296,148,236,163
291,146,245,165
297,146,236,180
298,145,233,169
310,145,219,188
298,142,232,176
307,146,219,175
306,146,219,176
297,149,236,159
300,139,236,189
297,145,232,179
301,143,228,185
304,143,226,189
302,142,229,181
303,142,225,189
304,140,217,178
317,145,211,193
307,145,222,172
307,140,225,195
306,145,217,177
303,141,229,176
309,151,220,168
302,148,228,174
302,145,225,178
300,144,229,182
301,143,230,180
294,141,235,179
297,141,242,188
304,147,214,177
306,142,220,194
300,141,230,184
300,143,232,176
305,142,220,192
308,142,216,182
300,138,228,196
300,142,226,176
297,137,235,187
304,141,222,177
309,143,216,181
300,141,234,187
302,141,223,182
296,142,237,179
302,143,226,184
297,139,235,187
302,147,226,172
306,143,221,182
307,142,224,196
307,142,214,189
308,141,222,194
305,140,217,197
309,140,215,190
305,142,221,189
311,140,214,195
309,142,214,192
312,137,215,204
309,141,210,182
311,139,217,193
312,146,216,169
312,146,214,178
305,139,225,180
308,141,218,175
312,139,214,186
320,142,205,184
323,139,204,188
319,145,214,167
320,144,209,175
318,145,211,172
325,144,201,183
312,145,221,170
326,141,205,187
328,147,196,178
328,144,204,175
321,142,209,180
321,142,215,172
326,137,205,194
328,147,200,163
324,144,208,172
324,140,209,178
331,141,198,181
335,140,191,189
332,138,196,183
331,140,200,175
321,133,216,183
331,147,207,160
325,141,205,172
330,140,204,177
330,143,197,182
334,145,198,182
327,141,202,185
325,138,214,184
324,141,208,181
326,141,200,188
328,142,207,182
322,140,216,180
331,141,199,183
327,141,204,182
326,138,214,185
329,140,200,182
320,139,221,184
327,142,207,174
328,144,210,177
313,141,231,174
316,140,221,182
321,141,213,182
325,140,209,184
324,138,216,186
327,139,210,185
330,143,205,178
321,145,223,165
315,142,227,176
328,141,214,178
326,146,214,166
325,143,210,170
316,137,222,185
319,136,218,190
322,143,220,171
325,141,214,177
320,139,221,175
326,141,203,177
324,143,213,172
329,144,205,173
323,138,216,179
328,143,194,173
330,139,201,178
315,139,223,178
325,138,206,183
330,143,206,179
320,141,225,170
317,137,223,179
325,138,207,184
329,138,195,191
327,145,213,176
323,140,214,182
323,140,214,183
328,141,207,179
328,140,206,180
332,140,198,185
332,140,201,186
325,148,219,156
307,138,238,173
298,137,243,181
304,137,237,172
310,142,227,178
319,143,217,171
325,137,211,186
328,140,209,177
327,141,212,181
331,142,203,182
327,139,207,185
327,141,211,180
332,142,202,182
328,136,206,192
328,140,212,180
329,139,203,186
327,138,210,187
332,141,204,190
323,146,222,157
316,141,224,170
326,142,208,179
333,143,207,180
322,139,218,178
323,140,216,177
318,138,224,180
327,142,210,179
328,140,210,186
328,135,206,198
324,136,206,188
321,139,220,179
329,140,210,180
329,139,206,180
329,138,210,180
333,143,192,183
331,143,207,173
320,136,221,179
325,145,213,172
321,139,223,175
325,138,207,188
323,142,221,169
324,144,215,169
323,140,215,175
330,142,207,170
315,136,225,176
321,142,221,170
318,142,223,169
314,143,231,168
310,148,233,153
310,142,224,165
309,143,229,165
308,141,231,174
309,141,222,169
312,148,226,160
311,140,214,170
307,140,231,172
313,141,200,162
308,148,219,159
312,142,209,159
309,139,210,168
312,137,207,171
310,141,210,169
312,139,209,170
307,132,223,177
307,136,229,176
316,136,209,176
321,137,196,168
316,137,213,167
313,144,219,158
320,142,207,163
321,140,210,162
325,145,207,157
316,146,217,152
318,143,209,156
316,145,209,155
305,142,223,156
305,142,224,158
311,143,217,153
304,144,218,154
304,141,216,157
297,143,231,153
292,145,238,149
300,149,222,143
297,142,224,151
292,150,231,138
293,147,231,143
291,145,221,147
288,144,241,145
285,145,238,151
282,148,240,142
281,150,232,138
280,156,234,126
276,154,243,127
268,154,259,125
264,153,268,131
261,153,274,126
262,156,270,127
261,153,270,131
257,151,278,131
256,152,279,132
258,147,270,139
258,151,271,134
257,151,275,127
250,151,282,128
251,152,280,127
251,151,279,130
251,154,281,127
248,156,284,119
244,157,290,116
245,155,283,121
242,151,287,122
239,156,289,118
241,155,290,114
236,155,293,120
237,153,291,121
230,158,299,116
232,152,298,129
230,156,299,117
233,153,292,127
229,157,299,116
227,156,303,116
230,163,293,108
230,156,302,117
227,161,298,107
234,162,295,105
222,161,303,103
227,158,300,110
230,159,293,110
250,161,274,99
223,160,306,105
220,158,310,107
225,157,304,111
220,159,301,110
221,161,308,102
222,160,306,105
223,152,305,119
226,158,297,110
219,158,305,110
228,153,292,118
220,158,297,111
217,157,305,112
212,157,307,111
217,156,304,113
216,156,300,111
225,155,296,117
223,157,296,115
226,155,294,117
227,158,295,115
231,154,284,118
229,157,292,115
232,156,288,114
228,158,290,118
231,154,289,120
230,154,288,125
224,158,296,116
224,157,298,113
229,158,290,114
222,158,299,113
223,157,296,108
227,154,293,123
225,152,298,113
214,163,305,99
205,165,317,90
200,167,323,89
214,157,309,94
197,161,324,87
210,152,314,96
192,148,328,93
231,175,300,95
196,154,318,88
191,149,319,92
196,155,315,90
183,154,331,88
180,162,333,82
193,161,324,84
182,159,330,95
190,158,317,104
182,160,330,101
184,157,326,103
182,156,330,105
196,156,315,103
193,155,314,109
183,156,328,107
178,150,340,115
200,153,307,113
184,151,325,111
184,153,328,109
184,156,331,106
182,151,336,110
188,147,325,113
192,152,321,112
182,151,335,108
175,155,338,100
169,149,346,111
181,148,337,114
186,143,328,125
190,143,321,125
186,144,328,119
184,141,328,123
187,139,328,130
190,144,325,125
168,143,342,115
192,138,326,132
189,138,329,132
182,140,334,126
185,141,326,128
186,141,325,128
190,139,322,137
188,142,326,125
189,146,324,120
203,142,310,124
207,140,305,133
199,142,317,133
205,139,306,127
189,137,324,140
193,134,313,137
188,137,320,139
189,135,315,143
198,132,304,144
190,131,312,150
187,131,317,155
184,129,315,164
183,133,312,156
204,138,294,138
199,136,301,146
193,128,305,155
190,126,308,163
206,126,290,158
234,122,264,159
193,132,305,147
195,120,304,164
203,113,294,173
189,117,301,174
212,118,292,176
213,106,287,207
191,107,312,211
201,109,301,212
252,103,252,210
199,114,289,189
246,125,258,160
198,119,308,174
183,112,325,183
197,120,322,177
204,111,310,187
197,120,320,179
184,115,335,196
198,116,329,206
189,117,334,205
193,124,340,207
182,117,345,214
164,130,378,203
153,130,399,204
164,131,385,206
185,137,379,195
174,134,384,198
170,133,402,201
164,129,399,204
244,132,336,205
286,125,286,213
311,128,263,204
321,126,255,208
322,127,239,209
334,126,238,210
334,132,239,205
347,127,235,206
337,124,237,211
352,131,228,204
354,132,240,201
357,128,233,209
361,129,226,212
354,126,253,210
357,130,252,211
359,129,246,214
360,130,246,210
355,130,249,216
345,127,263,209
341,124,265,221
338,122,276,220
329,125,281,220
331,128,280,211
339,125,273,220
337,115,275,232
331,122,281,222
339,129,272,219
335,126,278,220
335,129,277,223
336,122,278,229
332,119,277,234
330,120,292,222
333,119,282,230
328,115,291,237
331,111,287,245
332,112,289,240
318,118,305,227
324,109,296,245
331,111,286,244
336,106,274,251
346,104,241,255
318,110,297,243
327,102,285,250
326,99,283,252
316,101,298,250
320,100,290,247
317,102,295,246
319,93,293,258
313,90,295,260
325,94,280,257
312,97,297,249
312,83,291,271
322,61,279,296
314,42,289,318
318,23,273,334
316,12,283,349
322,82,282,270
312,69,294,288
302,27,305,328
321,21,283,340
318,28,285,335
323,81,280,271
312,99,297,253
327,97,281,256
332,99,271,250
342,101,257,254
347,93,253,262
347,100,252,254
349,89,248,262
344,76,253,279
327,85,264,265
331,31,258,324
349,24,248,330
335,16,260,348
349,8,247,351
340,15,254,344
346,17,243,340
341,14,253,347
348,14,247,345
345,12,247,352
341,15,249,350
338,13,257,350
339,30,258,327
337,19,258,338
317,13,278,342
328,8,269,360
341,1,245,361
329,14,258,346
323,11,267,352
317,11,275,345
308,61,290,291
320,102,286,256
303,116,294,233
333,113,272,239
325,115,277,236
318,117,281,236
326,113,275,238
334,110,263,241
327,111,277,243
331,110,270,236
320,112,281,237
325,115,279,234
329,105,272,243
336,107,267,245
346,101,252,253
333,103,268,248
318,100,282,251
327,90,273,260
315,105,282,241
331,98,277,249
331,90,268,260
326,73,280,271
326,80,272,274
331,69,274,283
317,37,281,316
322,17,277,333
324,10,277,343
318,5,287,345
326,9,282,349
322,5,281,354
318,23,293,327
310,11,293,344
313,12,288,333
310,7,297,358
302,2,304,353
357,-3,246,374
356,13,240,357
336,-3,278,365
351,33,266,334
331,6,286,358
328,5,287,367
344,0,293,368
342,1,286,369
338,0,297,370
335,10,303,337
