219,173,143,95
225,168,147,91
224,173,139,85
222,167,137,93
223,174,146,85
222,177,145,78
219,170,141,92
220,173,136,87
220,171,147,86
220,178,154,84
220,173,151,87
230,173,154,92
235,171,142,90
228,170,149,92
242,173,134,92
241,178,142,93
240,182,146,92
241,184,147,92
226,186,166,97
228,194,155,90
226,195,156,97
223,197,157,91
227,196,153,90
233,197,143,87
217,191,158,93
216,192,156,95
214,190,163,90
212,187,156,96
203,185,162,96
208,184,152,96
199,188,152,86
191,178,161,93
188,175,161,92
181,171,159,92
179,171,157,91
179,167,147,95
180,166,129,89
178,167,121,90
176,168,119,90
182,176,109,81
184,173,105,82
168,159,120,90
169,161,146,90
174,165,134,80
174,167,131,82
173,165,122,84
177,168,119,80
176,177,108,73
183,178,96,70
186,176,101,74
179,172,116,85
186,169,123,89
184,169,132,91
183,171,150,96
184,177,142,91
191,174,129,98
194,176,123,92
201,180,112,89
208,181,102,90
212,181,95,91
216,182,87,88
223,189,81,84
227,184,87,94
233,187,84,91
236,189,84,89
245,187,87,94
247,190,112,102
252,188,122,105
260,190,113,102
264,188,116,105
266,192,117,101
269,188,115,105
274,190,111,103
279,193,110,99
276,191,108,102
278,194,108,133
271,191,113,141
263,191,118,144
255,193,125,137
247,185,127,149
252,179,112,151
248,179,106,150
255,172,93,162
251,157,92,177
237,145,96,196
251,152,76,187
247,155,69,178
231,146,85,197
231,146,85,197
231,146,85,197
231,146,85,197
188,153,89,169
186,151,92,181
183,148,93,181
177,153,100,178
178,158,109,175
173,155,119,173
160,156,135,161
171,161,129,156
168,161,139,157
165,166,145,158
171,167,143,154
179,173,140,139
186,171,136,149
186,171,145,138
184,173,157,134
181,173,163,132
182,173,162,128
191,178,156,119
191,179,156,128
196,186,159,128
198,191,157,121
206,192,149,125
206,194,152,129
207,197,158,124
218,197,151,123
220,195,152,118
226,198,153,109
224,198,147,126
228,193,144,120
229,197,152,124
233,192,157,124
235,193,164,126
235,190,163,129
239,188,164,125
245,188,150,124
257,191,136,107
255,184,146,111
259,180,140,121
260,177,142,112
259,175,147,116
258,176,145,115
261,174,147,114
262,175,143,108
273,174,134,106
268,175,136,107
262,176,136,112
256,186,138,142
244,174,144,153
246,169,149,157
236,166,152,162
237,171,142,160
245,180,132,148
244,168,120,154
245,168,119,155
243,169,110,159
274,187,114,142
275,188,125,132
281,195,121,124
288,201,115,111
287,204,121,109
282,208,121,104
284,213,122,103
278,217,127,101
275,214,134,106
293,218,118,99
287,213,121,105
291,215,117,103
290,215,118,98
294,217,108,95
295,219,104,96
288,219,117,96
281,222,120,90
278,220,125,92
263,221,142,95
256,219,151,88
245,217,166,95
245,213,161,87
245,215,160,94
242,215,156,93
234,213,164,93
225,210,172,96
239,214,149,92
253,213,138,83
239,213,149,92
231,216,151,90
231,216,146,84
228,218,158,100
224,219,158,93
231,217,152,94
225,219,156,97
228,217,150,102
239,219,143,104
236,217,146,100
243,223,140,97
244,225,137,101
235,225,148,97
241,227,138,97
241,229,142,89
228,234,153,88
239,239,144,88
240,242,143,87
240,245,141,86
244,245,143,78
234,247,140,73
234,250,140,67
239,253,138,62
249,255,119,56
254,256,112,49
279,267,123,57
272,270,125,67
261,284,127,51
323,279,105,59
321,276,110,51
240,268,121,57
321,268,114,55
306,265,96,56
327,261,94,67
321,257,78,68
339,253,63,63
338,253,60,68
347,243,51,66
358,240,41,57
362,241,39,52
362,242,36,49
362,242,36,49
362,242,36,49
362,242,36,49
362,242,36,49
362,242,36,49
352,233,45,46
352,233,45,46
359,221,38,41
359,221,38,41
346,221,44,40
361,220,36,30
361,220,36,30
362,223,36,25
362,223,36,25
362,230,37,28
368,228,37,24
369,231,37,19
371,231,40,18
383,236,38,13
339,225,36,12
339,225,36,12
339,225,36,12
339,225,36,12
339,225,36,12
339,225,36,12
301,268,38,16
301,268,38,16
301,268,38,16
305,261,34,20
357,269,36,18
396,261,30,20
402,258,27,24
399,276,24,22
401,272,26,26
404,271,23,23
402,269,27,20
402,267,26,22
405,261,24,18
406,257,26,21
405,255,25,23
404,253,27,21
405,252,24,19
405,251,22,22
406,245,21,19
408,241,22,19
407,237,24,19
408,233,24,17
406,229,26,16
408,230,23,17
406,225,24,20
405,223,26,20
404,221,23,15
399,218,26,13
401,216,25,16
401,217,25,14
400,215,23,11
397,210,23,14
395,207,22,15
392,210,20,11
390,208,23,13
388,209,20,14
385,208,22,16
383,210,19,13
383,214,19,10
382,217,18,13
380,216,18,10
377,215,16,9
377,214,16,9
376,213,17,9
375,211,16,9
373,210,16,10
373,209,16,11
374,212,19,11
371,213,19,15
370,213,23,17
368,213,23,21
366,214,24,20
367,215,21,21
369,215,20,23
369,217,20,22
368,216,20,22
366,215,20,24
368,214,19,20
365,212,19,23
365,213,21,18
362,214,23,17
362,220,20,16
361,218,21,19
363,221,22,20
366,218,20,23
366,220,20,24
367,224,23,26
366,229,20,22
368,230,17,23
368,238,19,19
373,239,16,17
378,247,17,18
384,250,17,17
389,253,13,15
385,247,16,14
399,264,13,14
401,266,11,14
406,264,11,13
406,264,11,13
403,283,10,14
403,283,10,14
392,277,11,14
392,277,11,14
392,277,11,14
394,251,10,15
394,251,10,15
394,251,10,15
394,251,10,15
394,251,10,15
394,251,10,15
394,251,10,15
384,231,11,17
361,232,12,19
369,256,11,16
366,238,11,20
369,230,15,20
367,229,16,23
365,233,16,27
370,233,16,34
367,236,17,32
368,239,20,34
369,244,26,35
369,242,30,37
370,241,29,34
370,242,29,31
373,244,27,32
376,244,25,33
378,246,24,34
380,249,25,34
383,251,23,33
384,254,22,34
385,256,23,33
384,258,24,29
386,255,19,27
386,254,21,27
385,251,21,28
388,250,19,30
392,251,21,30
396,253,19,28
396,251,20,31
398,250,20,31
401,252,19,27
404,249,18,28
406,248,16,26
407,250,14,27
407,250,14,27
371,219,15,26
348,213,17,28
336,213,21,27
333,210,19,26
327,208,21,28
323,207,22,24
321,207,21,25
313,208,23,25
305,208,26,24
299,207,29,23
303,204,25,27
299,205,20,24
299,204,21,24
294,201,25,23
297,201,24,24
301,201,24,24
300,201,26,22
311,203,24,24
317,206,24,20
318,208,26,21
327,214,24,19
334,217,19,21
335,217,18,22
337,220,18,21
341,225,18,20
343,228,17,18
347,229,16,21
349,230,15,22
351,233,16,22
354,237,15,19
357,239,14,17
359,241,14,19
361,243,13,20
361,243,13,20
361,243,13,20
361,243,13,20
361,243,13,20
367,255,13,25
365,252,16,30
365,252,16,30
311,224,19,23
311,224,19,23
281,212,22,28
281,212,22,28
249,240,25,31
286,212,28,35
286,211,33,41
288,210,40,47
291,215,49,39
286,218,46,38
294,218,45,38
297,215,45,42
309,212,37,42
311,212,41,40
317,207,40,37
316,200,41,34
317,192,43,33
321,186,40,30
316,180,41,27
315,175,43,25
312,169,42,23
304,165,39,21
299,165,36,17
299,165,36,17
302,166,33,23
288,164,33,32
284,162,35,37
284,162,35,37
271,161,35,32
271,161,35,32
271,161,35,32
195,86,30,40
195,86,30,40
195,86,30,40
195,86,30,40
195,86,30,40
195,86,30,40
195,86,30,40
178,19,38,45
183,8,47,52
204,14,55,61
198,7,65,62
190,10,74,70
289,181,66,53
269,194,81,62
283,201,85,78
279,204,92,87
280,204,90,84
283,212,116,82
282,217,139,75
278,219,155,75
272,223,163,65
278,230,156,60
278,232,157,59
294,231,158,64
312,234,149,58
320,238,147,51
320,237,148,52
312,238,137,49
318,230,151,53
317,230,130,51
329,232,129,42
343,229,130,44
350,229,126,43
350,225,122,43
354,225,112,41
354,222,114,46
347,221,91,38
357,221,80,40
362,225,77,38
363,225,75,36
368,222,67,40
363,218,71,39
360,215,72,36
358,211,71,31
356,206,69,28
349,202,71,27
342,199,71,24
339,197,68,20
336,195,69,16
335,193,65,14
333,192,61,15
344,203,64,21
331,193,62,31
326,193,59,32
323,194,60,33
318,191,64,29
316,192,63,31
311,188,67,32
313,188,63,29
312,189,63,25
310,186,66,28
311,184,60,31
312,189,63,29
305,185,69,25
305,185,69,25
302,184,70,24
301,182,73,26
300,183,67,27
300,182,63,25
300,182,63,27
299,183,69,23
297,185,76,21
293,185,75,25
295,187,80,20
295,188,80,18
291,191,75,24
281,182,72,27
293,196,77,27
293,191,72,24
291,199,79,22
272,212,76,26
272,212,76,26
275,211,83,27
373,261,85,36
377,256,91,40
376,256,86,42
268,203,89,46
265,209,97,59
268,209,112,67
263,212,112,59
265,215,114,61
260,213,122,61
263,219,119,57
265,218,116,55
262,219,121,55
262,220,122,52
254,216,128,56
255,219,127,49
253,218,128,46
323,220,112,64
254,214,119,51
330,216,110,61
320,211,110,74
311,197,123,92
289,190,141,96
262,190,165,94
258,185,163,102
257,180,169,116
262,177,165,118
257,177,167,123
263,171,164,121
259,174,162,120
261,171,155,128
259,170,157,133
265,172,145,128
265,170,145,127
266,170,141,125
266,167,144,131
256,167,147,133
271,168,128,124
274,169,121,130
276,165,129,126
268,163,130,124
271,166,134,125
269,164,126,123
267,162,131,137
271,162,128,131
276,166,126,133
274,167,129,122
277,168,131,123
279,160,132,130
278,159,131,132
277,154,135,135
269,156,143,133
274,154,142,132
273,154,146,138
271,153,152,138
274,150,150,139
268,147,163,145
274,150,151,144
268,148,163,149
266,149,168,150
271,147,151,143
283,143,151,150
286,152,148,140
286,155,159,137
288,155,153,140
281,154,168,139
282,153,164,138
295,154,156,138
292,155,165,137
296,157,159,129
297,162,161,125
301,163,143,132
302,169,137,121
305,171,137,122
307,173,131,115
313,180,133,109
311,180,135,108
315,184,140,108
312,182,143,110
310,184,145,104
310,187,146,101
312,193,148,101
308,191,149,104
307,195,147,89
310,199,150,93
309,201,146,95
307,207,145,92
306,213,153,88
307,217,143,80
309,217,147,85
308,218,143,84
311,222,148,87
308,224,152,86
312,227,146,86
310,227,140,84
313,233,143,85
310,230,140,87
309,229,139,89
303,230,134,90
300,227,136,91
298,227,135,83
295,224,134,86
284,223,137,83
279,223,141,84
271,220,140,81
264,213,137,85
255,210,142,85
239,205,143,86
233,206,147,86
221,201,146,86
208,197,163,94
198,195,147,95
184,190,171,104
173,198,175,96
157,197,171,96
148,196,176,102
137,198,176,105
137,193,174,110
126,197,182,111
95,199,197,115
118,199,182,104
105,198,189,108
106,197,180,107
82,185,200,121
82,190,210,116
78,191,207,118
79,191,204,125
69,194,225,123
67,189,229,121
60,178,245,139
63,186,236,132
94,191,212,125
77,182,211,146
104,189,193,137
91,185,204,150
95,164,215,175
118,169,197,162
110,164,216,182
134,171,193,171
147,162,184,177
158,140,173,199
153,125,175,222
141,121,181,227
165,113,158,227
157,117,171,225
159,116,167,223
127,112,188,241
111,107,183,239
107,112,193,236
73,116,231,231
63,117,235,224
70,112,246,232
69,112,253,236
69,114,259,227
66,112,269,230
57,111,271,234
66,117,277,234
67,122,294,223
65,125,285,221
67,128,294,216
63,116,292,234
62,118,301,233
55,116,313,227
61,121,313,222
60,124,296,222
59,123,318,217
58,122,315,222
61,125,315,228
58,114,321,239
59,122,329,227
56,114,316,246
63,113,317,261
52,114,322,242
48,115,324,245
53,117,311,244
53,116,279,253
56,114,278,262
53,117,261,263
49,108,315,264
46,118,298,274
46,118,234,271
49,117,250,271
40,120,233,260
45,114,244,268
45,111,251,261
52,111,260,274
44,120,267,248
43,120,278,263
42,121,285,260
43,132,292,263
39,127,292,257
43,126,283,260
40,128,296,259
38,133,306,259
44,128,280,256
42,129,284,247
42,131,283,244
44,127,294,245
34,125,290,244
43,125,300,233
81,128,255,235
61,119,268,206
85,132,240,181
110,122,207,178
99,126,226,183
100,134,229,170
88,116,245,187
91,132,238,162
88,130,234,166
91,134,234,156
88,131,227,168
93,135,232,153
87,145,242,144
90,151,233,130
100,155,228,127
109,158,208,121
124,165,202,118
127,161,203,117
143,167,198,118
140,163,190,122
147,161,165,131
157,170,156,124
175,173,129,127
142,186,152,121
155,185,151,125
165,188,136,127
170,184,131,134
140,190,161,132
136,194,155,135
144,189,135,142
177,189,107,133
202,186,97,131
213,190,93,132
216,196,90,125
234,194,81,125
252,197,86,129
260,193,86,131
276,188,81,130
286,183,83,136
303,179,76,132
319,181,68,122
330,196,60,105
321,169,70,125
324,163,66,123
328,161,62,123
333,156,59,126
339,155,46,120
347,150,34,127
356,167,21,117
370,172,26,120
301,270,40,125
301,270,40,125
301,270,40,125
355,153,28,118
349,135,29,129
339,130,29,143
329,135,38,142
333,139,46,140
334,152,35,145
338,143,37,146
345,159,38,143
347,141,32,139
344,146,31,140
351,150,30,134
350,158,29,127
358,150,31,132
345,164,34,153
296,179,52,152
299,190,75,145
300,198,74,141
274,193,101,144
265,182,117,155
252,171,106,155
263,174,107,155
299,182,86,146
309,175,86,153
301,182,105,141
304,187,108,127
310,188,103,126
319,193,91,116
315,186,99,108
314,192,108,95
311,192,110,83
311,196,111,79
306,199,117,80
309,200,114,84
307,200,115,79
310,200,105,80
315,195,103,80
310,195,114,79
318,192,109,79
319,192,110,76
328,194,102,77
334,191,101,78
336,191,103,79
339,187,102,81
348,188,98,79
353,185,98,77
360,181,96,77
363,178,94,81
364,176,97,74
373,175,88,67
371,171,87,68
370,168,91,68
369,167,91,68
368,166,92,65
372,162,85,68
379,165,72,57
375,165,79,59
372,165,75,60
341,163,62,74
356,163,63,70
344,163,71,75
341,159,64,80
343,158,70,84
336,156,74,95
341,157,69,86
340,157,65,90
346,157,64,83
338,157,68,81
345,157,65,82
348,157,58,80
348,159,62,78
345,161,63,75
344,159,69,77
355,164,62,71
353,165,62,71
369,163,51,65
362,166,57,67
368,168,53,62
368,170,56,61
366,172,66,60
362,174,77,63
362,174,82,66
359,176,88,61
357,177,94,61
358,176,94,66
358,172,96,66
360,173,93,65
359,172,97,67
361,172,93,65
358,169,99,71
357,169,98,71
357,168,96,67
355,169,96,72
354,168,98,73
354,168,100,74
356,169,93,72
358,168,91,75
355,168,91,72
356,169,93,72
356,169,91,72
357,168,85,70
358,170,82,67
360,169,71,69
359,169,67,69
345,170,75,69
346,171,71,67
348,171,61,67
347,162,47,85
349,160,57,91
344,165,62,99
358,170,53,92
361,168,50,88
360,168,53,83
360,169,59,69
357,172,61,62
354,171,65,61
349,174,65,62
347,173,73,60
347,173,72,56
345,176,76,53
343,174,80,57
343,174,87,60
341,176,89,62
344,176,91,62
340,178,95,60
343,177,87,60
343,179,91,66
341,177,93,69
341,175,99,78
341,174,102,83
331,174,113,83
329,172,115,88
331,173,111,85
331,172,107,87
329,171,111,87
328,166,112,95
336,168,99,89
335,169,100,87
339,171,92,80
348,165,77,86
349,163,68,84
347,163,67,83
348,163,66,84
343,161,71,89
344,161,71,91
341,161,77,95
340,161,77,91
336,158,83,97
337,159,82,92
334,161,83,89
331,160,88,86
335,162,83,83
327,165,91,79
332,168,84,74
329,166,86,76
331,170,80,71
341,171,68,69
339,173,68,63
341,175,66,61
335,170,70,66
337,171,66,63
349,169,55,64
347,177,58,63
343,174,62,66
330,169,74,76
332,167,71,76
328,163,73,79
326,160,75,83
321,159,79,85
320,156,81,83
324,157,77,84
320,154,83,84
321,156,76,85
321,154,80,87
316,153,83,86
319,155,85,84
319,159,78,82
320,161,83,79
326,160,77,84
325,156,78,84
319,156,85,88
322,157,82,84
319,162,85,81
315,160,89,82
314,163,91,83
315,160,85,87
315,162,85,91
310,161,85,98
311,160,86,98
313,157,83,101
314,161,78,96
315,160,74,93
316,163,74,88
317,163,70,92
317,162,69,94
317,163,65,95
316,164,67,93
319,166,60,90
312,170,61,81
309,172,66,82
308,177,73,83
308,177,79,87
306,179,76,85
307,179,77,88
308,176,76,96
312,178,83,91
309,178,85,92
311,176,86,94
309,180,94,94
307,178,92,94
309,182,85,87
308,177,95,95
304,176,98,92
308,181,92,86
308,180,93,87
310,186,88,79
311,182,89,80
312,179,90,79
308,178,91,74
311,178,86,73
310,178,84,71
311,178,88,70
311,177,86,69
312,175,84,67
313,176,85,65
318,174,78,62
319,173,77,64
315,171,79,58
322,171,75,58
324,174,73,57
322,173,71,56
313,173,80,57
324,172,70,56
318,173,79,57
328,172,66,55
317,174,73,56
318,172,77,59
308,172,86,60
312,169,84,66
310,169,85,77
308,166,89,79
308,167,91,78
304,167,92,82
303,170,97,81
306,166,94,88
303,167,94,87
304,167,94,90
302,163,94,99
307,158,84,103
309,160,80,98
306,158,83,101
313,160,71,99
310,157,72,96
318,160,65,99
322,157,61,96
318,157,62,92
322,156,58,90
325,158,63,95
325,157,65,96
325,159,70,93
320,156,75,89
320,160,83,90
309,161,87,89
313,162,89,87
315,165,91,85
317,164,93,85
317,169,90,78
318,171,96,79
321,172,96,73
329,170,90,64
327,174,92,61
327,173,95,61
326,173,100,59
320,174,104,62
317,174,113,65
321,176,105,77
318,180,113,83
320,178,113,86
321,181,109,84
318,181,108,87
322,184,101,82
320,181,100,85
321,182,93,87
325,183,86,87
316,186,93,85
313,187,89,85
316,185,83,85
311,182,83,88
312,182,79,90
312,181,69,90
309,192,66,77
309,194,61,76
310,195,56,71
312,195,55,75
308,196,65,75
304,200,71,77
300,205,75,73
295,212,71,71
299,215,72,69
296,224,78,70
291,235,94,63
292,244,94,68
292,260,99,60
295,263,99,67
298,271,96,63
300,277,97,63
294,283,102,70
299,297,93,69
290,308,103,67
279,329,102,71
246,338,121,78
225,363,116,69
194,369,122,64
168,384,115,47
143,392,104,40
131,392,93,39
131,392,93,39
175,395,83,37
175,395,83,37
175,395,83,37
248,383,87,44
376,376,89,52
380,285,90,67
391,174,106,53
318,30,123,58
212,23,104,60
212,23,104,60
212,23,104,60
212,23,104,60
212,23,104,60
145,7,106,63
145,7,106,63
145,7,106,63
102,4,111,64
83,1,117,60
76,4,116,67
66,1,123,65
56,0,127,68
49,2,129,65
49,4,127,71
43,9,121,100
34,4,127,117
29,3,124,115
27,0,127,132
27,0,133,139
35,5,129,135
40,5,128,126
41,3,129,122
30,12,135,131
30,12,135,131
3,8,132,127
5,18,109,141
3,2,89,152
3,2,89,152
3,2,89,152
3,2,89,152
3,2,89,152
3,2,89,152
3,2,89,152
3,2,89,152
3,2,89,152
3,2,89,152
3,2,89,152
3,2,89,152
245,261,105,131
249,263,104,105
246,266,105,101
248,267,105,100
248,269,105,98
247,269,103,99
247,269,106,99
246,268,107,99
248,268,105,100
247,266,107,104
249,267,104,100
253,269,100,99
244,265,111,104
247,268,105,102
247,266,106,101
246,269,105,100
247,268,104,98
247,269,107,98
248,270,104,96
248,268,103,99
248,268,105,100
243,268,110,105
246,266,107,100
245,268,107,102
244,269,108,99
246,268,109,102
246,268,106,99
245,268,107,100
246,268,106,103
245,268,109,100
