227,281,218,51
227,282,210,50
224,279,214,47
222,280,210,50
220,275,210,50
214,271,202,52
213,267,206,51
209,264,202,52
208,263,193,48
204,259,194,51
201,257,192,52
196,254,191,49
195,248,194,50
190,243,201,50
185,240,194,47
183,236,190,42
177,230,200,46
168,220,195,47
168,216,185,46
160,210,188,46
158,203,184,49
154,201,195,44
150,193,181,45
149,191,188,45
146,184,179,43
147,186,180,37
143,177,180,42
143,171,182,44
144,172,183,42
144,167,180,44
145,162,172,45
146,158,174,45
147,154,184,46
148,152,175,46
154,152,184,43
156,148,182,47
158,145,179,47
161,148,185,44
163,148,192,44
166,147,182,45
169,147,180,44
171,148,185,44
172,149,189,42
175,148,179,43
178,146,179,46
179,149,181,42
182,147,177,43
183,148,178,43
179,150,186,41
183,149,182,41
184,148,181,43
184,148,185,43
186,150,177,40
182,149,184,42
184,149,190,43
184,147,184,45
184,147,178,46
184,145,168,47
189,146,165,44
186,145,165,46
185,143,164,49
187,144,165,45
187,142,145,46
193,143,145,44
191,143,148,46
193,142,143,47
194,141,142,50
197,141,143,49
200,140,134,50
200,140,131,51
195,137,142,55
192,137,140,53
195,138,138,52
196,139,140,52
200,137,132,55
200,137,133,56
204,136,127,56
209,136,125,57
197,131,135,65
183,131,147,64
187,129,151,68
183,129,156,69
183,130,154,67
185,126,153,73
184,124,154,77
182,124,158,76
182,125,158,75
180,123,158,78
181,121,156,80
181,123,163,79
184,122,158,80
180,118,159,85
183,115,159,88
182,115,156,89
183,116,157,91
184,114,156,94
184,115,160,98
187,118,157,101
190,111,150,108
185,112,156,96
187,114,161,112
185,114,153,97
189,112,154,107
193,110,147,112
192,106,146,122
190,112,151,116
193,109,148,121
193,108,148,127
197,108,143,129
202,109,138,124
195,111,147,127
200,112,145,124
198,110,143,130
197,107,146,137
203,108,137,132
199,108,142,139
209,106,126,135
206,108,135,141
203,108,137,135
200,106,141,135
213,107,124,136
205,112,135,134
204,108,134,134
215,105,125,142
203,106,138,147
212,105,126,143
214,109,130,144
229,120,113,132
227,112,113,137
219,110,129,140
232,114,114,135
228,109,118,139
234,99,113,154
242,86,111,171
254,76,104,181
247,93,116,164
245,85,117,171
243,84,125,179
255,80,118,180
271,82,106,173
262,90,119,170
260,77,116,183
262,88,122,172
258,91,128,170
261,93,131,171
261,88,131,173
267,85,122,178
264,87,123,187
264,82,118,201
259,77,136,193
259,90,133,176
266,91,127,188
267,100,115,155
271,95,123,162
269,98,130,152
266,101,137,149
264,100,135,151
264,96,129,164
272,93,132,166
276,91,117,173
282,84,110,178
276,94,128,161
281,91,130,167
285,89,129,170
282,95,119,152
286,87,133,166
290,86,130,171
293,87,130,167
292,92,131,160
296,94,131,155
302,89,125,173
307,91,126,183
310,86,124,202
312,96,112,231
313,85,123,237
320,80,124,237
321,86,113,265
323,77,106,277
329,84,99,272
326,79,110,276
327,80,110,274
325,83,119,269
334,96,108,257
340,81,96,278
331,75,122,283
327,70,123,275
336,87,122,265
341,76,104,275
338,73,118,274
343,76,110,279
346,76,110,281
346,82,131,270
344,73,136,270
351,81,128,268
358,75,114,277
358,80,138,264
361,84,135,264
363,83,146,265
364,80,142,268
369,75,147,274
366,81,153,270
369,88,153,265
370,85,155,264
373,83,149,265
378,87,143,266
376,86,152,265
377,93,154,256
382,85,145,260
386,84,140,268
381,84,146,263
388,86,147,268
388,85,143,251
387,94,160,254
381,92,153,251
391,91,157,257
383,89,144,257
387,86,165,269
388,104,141,243
388,90,152,254
384,88,159,266
386,95,160,252
383,92,164,254
384,100,164,250
384,98,158,244
386,93,155,257
383,107,151,240
381,93,161,249
388,84,157,271
386,101,152,247
382,113,152,237
382,112,163,235
384,114,151,234
382,95,159,251
382,87,160,255
383,90,160,265
385,94,156,251
387,85,162,266
386,103,154,240
384,124,155,224
384,91,156,254
388,91,158,263
381,83,152,267
385,100,150,253
383,102,148,244
385,106,147,239
383,107,154,245
383,108,144,239
383,93,154,256
386,113,149,238
383,119,150,228
388,97,137,242
381,88,167,262
383,96,149,249
391,89,142,264
384,96,145,255
388,90,149,254
389,90,138,254
389,88,138,261
386,86,141,253
384,85,151,261
390,84,143,268
391,85,137,264
386,95,148,254
383,89,143,252
385,89,150,255
387,86,143,264
382,87,147,259
384,95,151,253
386,90,139,260
382,89,144,260
385,90,144,252
387,94,141,253
389,94,134,251
384,101,145,248
390,91,129,252
389,89,142,261
383,84,143,263
386,84,135,263
389,81,128,251
392,82,120,262
386,83,143,274
383,83,133,263
388,80,127,265
386,82,124,259
390,81,113,240
387,80,127,230
391,77,98,220
391,81,113,230
387,81,112,208
387,86,112,220
389,81,115,191
385,82,107,189
382,83,111,192
389,82,117,156
394,83,111,154
385,87,120,151
386,88,114,142
384,85,124,152
389,86,117,149
387,91,110,138
395,97,112,140
392,83,109,153
390,90,109,144
390,83,111,151
385,86,114,149
386,85,109,150
386,83,112,151
385,88,112,142
387,86,113,150
385,86,111,147
387,84,112,154
405,84,95,144
396,86,113,146
390,86,113,152
388,87,115,151
384,85,118,154
385,85,122,155
387,86,113,153
386,86,117,158
388,85,107,153
386,86,109,155
382,89,116,150
385,87,108,156
385,88,106,153
384,88,104,158
383,91,109,152
383,87,110,164
391,91,102,147
383,89,111,171
393,89,99,155
389,96,97,151
386,91,103,154
382,97,101,150
382,91,102,160
385,96,101,152
382,93,100,158
380,89,100,169
383,87,103,170
383,92,100,161
384,91,100,156
380,91,102,164
382,93,102,159
379,87,105,168
386,88,98,167
387,84,97,167
416,80,73,172
431,88,59,162
439,82,57,164
428,83,54,167
439,80,53,170
439,81,51,168
445,85,47,165
442,84,45,162
444,85,54,164
439,88,41,162
440,91,55,160
430,109,62,147
425,101,67,153
421,94,67,158
416,109,65,149
416,111,68,137
407,120,76,133
403,122,85,151
394,124,85,157
394,126,80,156
387,123,81,167
384,125,77,169
371,122,83,168
368,119,85,168
365,119,82,172
360,116,84,179
356,120,88,172
352,121,86,177
345,121,102,177
335,112,107,186
316,108,119,187
313,105,125,188
306,125,131,168
305,127,136,155
309,131,129,160
301,128,134,175
299,126,138,190
286,124,153,232
300,123,142,231
303,126,139,228
306,128,142,217
312,126,140,228
317,125,118,218
323,129,132,221
322,133,155,218
321,127,171,222
323,134,182,220
324,134,185,220
332,131,198,227
324,139,214,223
325,127,220,224
322,135,226,220
328,139,223,214
326,138,241,214
327,136,260,214
328,142,266,210
333,133,273,218
326,140,290,217
329,142,285,214
332,145,295,214
327,150,299,210
