254,324,60,121
254,325,61,124
258,324,63,123
255,325,62,126
254,325,65,120
255,324,64,121
254,326,62,125
254,325,63,124
255,325,63,121
251,327,70,109
255,325,60,112
257,326,60,114
256,325,61,126
254,326,65,130
256,326,64,126
256,326,62,121
253,325,67,111
259,326,62,114
257,326,65,127
263,323,63,131
267,318,65,138
272,316,66,133
278,309,63,126
285,307,65,139
292,307,64,131
298,308,70,121
303,311,69,117
310,313,71,109
309,315,72,112
318,317,65,105
318,319,68,97
323,325,67,91
324,326,68,96
328,330,68,99
329,329,69,104
334,329,67,110
335,329,65,123
345,334,66,143
348,333,66,148
348,333,70,149
351,341,79,142
352,334,85,166
350,309,80,181
354,288,79,207
355,273,95,226
352,268,98,257
352,268,98,257
352,268,98,257
352,268,98,257
352,268,98,257
352,268,98,257
361,250,87,283
368,249,83,280
364,256,78,267
365,246,75,285
361,249,87,280
364,247,82,281
362,253,75,267
364,251,73,278
365,257,72,272
363,253,80,278
361,247,81,282
363,254,77,284
362,258,74,270
360,247,78,278
363,248,72,285
358,258,77,271
360,250,77,271
357,253,76,275
360,248,89,280
354,252,85,271
351,251,84,262
349,253,102,280
343,247,90,253
348,243,88,246
349,243,87,251
349,247,89,240
349,248,89,235
351,249,81,238
352,249,87,233
349,253,88,227
347,271,93,209
345,260,95,223
346,251,94,231
354,248,87,249
350,246,83,272
359,237,81,246
358,245,73,217
362,246,74,201
360,247,84,192
354,251,88,163
354,251,95,156
364,259,85,146
368,256,83,153
369,258,73,147
367,260,75,147
364,256,71,153
363,258,66,152
360,253,69,159
352,262,76,153
351,264,73,150
348,271,77,146
355,255,75,158
353,256,77,160
358,250,72,166
366,251,74,148
365,245,91,134
352,241,108,127
364,232,96,127
357,230,111,125
370,217,114,133
351,226,140,122
345,213,143,129
345,213,143,129
345,213,143,129
345,213,143,129
345,213,143,129
345,213,143,129
345,213,143,129
345,213,143,129
345,213,143,129
341,188,140,136
333,189,144,143
333,189,144,143
333,189,144,143
333,189,144,143
333,189,144,143
341,175,158,148
341,175,158,148
335,187,132,140
335,187,132,140
338,177,107,153
339,170,117,146
340,179,107,170
337,170,108,175
373,161,100,161
338,172,105,175
389,161,93,146
336,171,108,150
334,174,110,156
384,169,115,140
337,169,109,147
340,180,103,163
337,190,103,154
342,180,100,154
340,180,120,152
339,187,102,156
339,195,99,148
343,203,112,132
347,194,123,137
346,194,140,140
342,197,136,138
343,204,119,135
345,224,113,121
343,227,110,125
342,237,91,128
337,248,91,131
336,253,96,143
342,260,88,143
336,257,91,149
336,260,87,149
337,260,89,148
339,260,87,147
333,256,97,152
332,261,96,145
334,255,98,150
331,260,96,148
339,257,91,149
337,250,93,151
343,252,88,152
337,252,96,146
341,250,102,141
343,248,110,138
347,246,109,135
348,245,114,131
352,243,119,132
357,240,133,128
350,244,129,121
353,238,142,123
352,238,141,121
354,240,122,112
375,233,109,117
387,224,95,122
393,214,80,124
395,211,82,123
395,210,90,122
397,204,86,123
394,201,87,123
400,199,79,122
403,194,90,121
398,192,89,119
398,187,89,110
399,182,92,104
402,178,83,99
403,176,88,96
406,171,82,96
400,168,90,97
402,165,84,99
400,161,93,99
398,162,98,96
403,161,92,95
399,162,96,93
399,163,94,94
398,163,94,95
393,163,101,97
392,166,97,96
395,170,94,96
396,171,97,92
392,175,100,95
396,178,94,98
400,181,84,104
399,184,81,107
398,189,85,108
396,191,80,109
398,195,72,106
401,197,72,100
398,200,71,107
398,201,76,109
400,203,67,108
452,190,78,84
402,212,70,103
407,214,62,113
410,218,54,118
409,225,53,127
427,208,62,116
425,224,67,114
419,227,71,84
410,239,66,72
401,245,65,76
392,252,67,79
387,264,64,76
381,275,67,72
381,285,65,77
379,300,60,61
372,310,67,61
365,315,59,67
361,338,51,71
359,363,63,76
359,363,69,63
358,369,64,49
361,373,58,39
362,345,53,45
360,344,55,47
360,363,53,49
358,373,58,44
355,357,61,53
362,342,55,59
364,336,54,55
364,340,53,47
371,337,50,52
368,339,56,51
363,349,62,58
364,355,56,58
373,336,54,53
375,338,53,54
373,334,56,60
377,336,51,57
377,339,51,53
372,336,63,56
364,344,63,56
360,338,79,47
354,337,76,44
354,337,76,44
354,337,76,44
354,337,76,44
380,284,66,49
382,286,66,60
385,291,72,73
393,298,64,85
391,303,67,82
394,306,63,83
386,317,65,81
383,331,68,76
377,341,67,74
369,354,69,64
369,370,62,75
357,389,64,73
348,406,64,60
336,434,66,53
321,455,68,62
299,488,75,49
299,488,75,49
299,488,75,49
299,488,75,49
299,488,75,49
299,488,75,49
299,488,75,49
299,488,75,49
299,488,75,49
299,488,75,49
299,488,75,49
299,488,75,49
299,488,75,49
309,501,67,39
315,493,63,44
315,476,66,51
315,443,72,58
322,418,76,57
330,391,74,64
337,362,71,62
347,340,68,58
351,322,67,55
361,306,71,65
369,297,74,73
374,294,72,77
387,295,67,80
389,292,65,85
390,292,63,84
393,295,62,68
393,296,63,66
392,301,66,67
396,303,64,64
397,303,61,62
396,302,67,62
397,300,68,70
393,302,67,61
389,302,67,67
386,305,69,66
386,308,68,65
385,308,66,67
389,309,64,62
394,311,61,58
392,313,61,54
379,311,66,54
371,313,66,55
366,310,68,60
364,313,72,59
375,315,64,61
377,316,65,60
376,319,65,60
381,325,59,53
382,321,66,54
387,318,67,62
393,318,70,65
396,318,68,63
401,317,65,64
396,317,72,60
395,320,69,59
398,321,66,52
396,319,63,54
395,320,58,54
392,317,59,56
381,315,62,55
348,306,72,59
327,298,71,65
319,286,74,75
332,278,68,76
334,272,69,82
325,267,66,80
314,264,65,76
314,263,64,72
338,260,60,76
356,254,75,88
351,264,77,75
336,264,73,70
337,261,75,69
359,258,66,80
369,252,71,87
381,251,65,76
395,238,62,82
426,216,57,70
459,198,58,66
481,182,51,67
469,205,53,77
469,201,58,83
469,197,61,89
466,199,65,94
472,178,61,87
458,194,50,70
432,215,56,72
407,233,55,66
388,248,61,73
362,255,73,82
348,266,81,82
340,277,78,79
333,288,77,80
328,289,75,77
325,291,77,76
326,290,75,80
329,291,74,78
324,291,76,76
325,291,73,82
325,295,76,87
324,294,84,89
326,295,104,88
347,250,86,84
333,296,87,95
333,296,87,95
333,296,87,95
333,296,87,95
353,302,79,101
363,301,73,102
376,302,68,117
386,300,62,117
394,292,56,132
405,281,51,132
413,273,57,136
424,268,56,135
434,259,58,126
452,246,46,120
464,239,47,117
468,229,48,115
468,223,52,107
468,220,46,98
466,215,46,99
464,214,45,103
457,214,41,106
450,213,42,108
439,214,44,103
432,212,45,101
425,214,45,100
422,212,39,102
418,215,38,97
412,217,41,84
407,217,41,82
405,218,39,71
402,214,36,64
398,216,37,58
393,217,38,55
393,217,39,47
390,218,39,51
390,220,39,50
392,220,39,43
391,221,43,33
391,221,43,33
391,222,43,31
391,221,43,30
389,220,43,31
391,221,45,31
391,221,46,32
393,222,43,32
392,219,42,28
391,220,43,27
391,225,45,33
391,221,42,27
390,221,42,27
391,222,42,27
393,222,40,28
391,222,42,32
394,223,39,38
392,223,40,34
392,222,41,36
392,222,41,40
390,221,42,46
391,221,42,42
388,223,43,47
390,220,42,49
393,219,39,48
391,219,38,50
390,222,40,46
391,220,44,43
389,219,47,38
388,222,48,35
387,221,48,40
386,221,51,34
383,226,52,44
382,224,49,45
377,220,56,51
370,223,61,49
368,222,59,48
365,222,63,49
359,222,73,50
351,225,58,46
344,207,49,39
335,202,48,41
329,198,50,40
309,214,58,45
305,190,53,41
296,185,47,44
302,180,39,49
294,181,43,49
300,175,36,54
296,177,38,58
289,179,41,62
277,184,53,58
275,192,53,53
264,228,54,59
275,200,64,58
279,212,59,56
285,217,63,62
291,228,63,62
301,238,62,62
306,247,62,62
315,260,61,59
316,266,65,61
320,272,66,58
321,274,66,61
327,281,65,57
332,285,65,56
336,286,63,57
340,289,65,55
346,286,66,59
350,289,74,52
348,289,83,54
361,292,77,50
374,298,70,40
382,300,63,43
389,300,59,46
390,300,62,47
393,300,61,47
393,298,59,49
390,300,58,50
389,297,57,47
383,286,62,51
384,263,63,50
400,228,58,47
444,199,49,39
466,181,55,38
468,169,53,41
465,163,57,41
473,166,54,42
466,180,55,45
444,197,56,45
428,219,57,45
412,242,59,49
395,266,60,51
380,287,62,52
366,304,63,53
355,318,63,56
348,329,73,57
346,340,81,73
343,337,73,83
341,335,77,92
340,336,80,89
344,336,75,102
342,339,93,100
334,339,84,91
330,343,77,76
326,353,78,65
323,358,69,65
320,365,88,61
319,360,85,70
318,361,86,69
317,362,90,71
314,365,94,67
315,365,89,70
319,365,86,68
323,361,81,68
328,362,83,69
329,361,83,74
334,353,72,74
339,351,70,74
342,350,71,70
348,350,72,69
346,350,75,61
351,344,73,60
353,340,77,66
357,340,74,76
359,339,70,76
362,342,75,76
356,340,80,72
359,331,78,78
353,323,80,74
350,313,83,83
349,307,83,103
350,300,87,113
350,292,76,116
350,292,76,116
350,292,76,116
354,248,79,96
359,246,70,100
346,348,54,76
363,285,65,67
363,299,66,55
364,303,69,60
356,306,83,60
356,305,88,67
362,312,80,65
360,317,83,63
376,320,69,60
383,320,64,61
385,324,66,58
384,326,72,53
387,323,66,60
389,325,63,58
389,323,66,58
389,324,63,57
390,322,62,59
390,316,66,60
390,317,63,60
391,317,63,60
387,319,65,61
384,320,72,66
384,326,73,80
388,334,65,77
388,339,66,69
385,344,65,65
388,350,63,55
385,356,63,52
381,360,65,50
381,364,63,54
382,367,59,48
387,367,60,49
387,367,60,49
387,367,60,49
394,379,64,55
394,379,64,55
394,379,64,55
399,384,67,60
403,383,64,66
404,384,69,61
406,384,69,62
410,382,68,70
415,382,70,63
418,385,70,67
422,387,71,69
423,386,71,69
431,388,65,67
431,388,65,67
434,390,68,71
434,390,68,71
437,394,72,69
434,385,68,69
436,392,70,58
445,396,66,57
455,399,69,55
463,397,68,56
475,395,68,54
490,388,65,54
505,377,60,51
516,369,56,47
514,355,66,46
519,342,63,48
516,330,64,46
516,323,68,46
515,313,67,45
518,307,61,48
518,301,60,48
508,294,66,46
498,284,81,46
497,274,87,45
497,268,91,41
514,261,86,39
534,253,74,41
540,244,74,40
540,244,74,40
560,228,71,35
564,221,67,37
571,215,66,34
574,211,66,32
576,206,64,32
574,201,63,31
571,196,61,32
568,189,59,43
562,185,58,49
556,179,56,55
552,174,59,58
546,169,54,56
543,164,49,54
590,218,53,54
539,161,62,67
538,162,62,76
535,157,69,69
530,159,87,66
546,168,85,81
538,162,92,88
540,163,95,84
534,166,99,83
529,167,102,90
542,168,92,88
539,168,92,91
541,172,93,92
539,175,87,97
534,169,88,104
534,172,88,114
533,169,92,127
536,175,80,129
528,177,79,121
530,180,75,126
524,186,77,133
518,188,82,147
510,186,88,165
515,204,77,155
507,189,76,142
513,221,68,124
508,250,49,142
497,258,54,160
471,247,68,186
463,252,70,195
459,250,74,204
461,306,67,161
456,326,69,144
447,333,76,139
449,335,71,141
444,339,74,140
438,343,73,140
437,347,69,140
430,356,67,142
425,360,68,142
418,364,71,141
414,368,71,144
412,367,71,146
409,378,68,138
407,380,70,136
403,382,67,139
403,380,66,135
402,362,61,145
400,382,65,137
400,366,67,153
398,351,70,167
399,334,61,188
398,337,62,186
395,336,67,187
393,342,70,185
391,342,76,189
387,339,71,187
387,344,79,189
384,343,110,190
378,338,114,195
347,265,104,156
356,359,114,154
343,343,108,180
324,354,114,169
312,354,89,153
288,357,75,146
261,350,70,145
220,342,81,140
194,339,95,151
160,343,83,145
127,333,74,152
103,332,69,142
80,327,70,152
54,322,70,131
35,328,70,129
35,328,54,122
34,334,59,116
34,334,59,116
34,334,59,116
34,334,59,116
34,334,59,116
34,334,59,116
34,334,59,116
34,334,59,116
34,334,59,116
34,334,59,116
34,334,59,116
34,334,59,116
34,334,59,116
34,334,59,116
34,334,59,116
34,334,59,116
34,334,59,116
34,334,59,116
34,334,59,116
34,334,59,116
34,334,59,116
34,334,59,116
34,334,59,116
34,334,59,116
34,334,59,116
34,334,59,116
34,334,59,116
34,334,59,116
34,334,59,116
34,334,59,116
34,334,59,116
34,334,59,116
34,334,59,116
34,334,59,116
34,334,59,116
34,334,59,116
34,334,59,116
34,334,59,116
34,334,59,116
34,334,59,116
34,334,59,116
34,334,59,116
34,334,59,116
34,334,59,116
34,334,59,116
34,334,59,116
34,334,59,116
34,334,59,116
34,334,59,116
34,334,59,116
34,334,59,116
34,334,59,116
34,334,59,116
34,334,59,116
34,334,59,116
34,334,59,116
34,334,59,116
34,334,59,116
34,334,59,116
34,334,59,116
34,334,59,116
34,334,59,116
34,334,59,116
34,334,59,116
34,334,59,116
34,334,59,116
34,334,59,116
34,334,59,116
179,384,69,95
179,384,69,95
179,384,69,95
179,384,69,95
179,384,69,95
179,384,69,95
179,384,69,95
179,384,69,95
179,384,69,95
179,384,69,95
179,384,69,95
179,384,69,95
179,384,69,95
179,384,69,95
179,384,69,95
179,384,69,95
179,384,69,95
179,384,69,95
179,384,69,95
179,384,69,95
179,384,69,95
179,384,69,95
179,384,69,95
179,384,69,95
17,290,64,95
28,281,68,100
55,272,77,117
82,268,99,117
116,262,120,138
152,260,108,139
183,268,106,138
210,282,114,137
219,291,140,135
222,308,146,118
199,330,174,105
213,325,191,115
198,328,206,123
285,337,187,135
228,344,195,138
202,335,224,145
195,331,249,134
287,329,191,153
269,333,189,125
285,320,183,135
331,297,143,144
335,294,130,126
342,282,115,134
361,266,106,135
341,250,96,139
341,250,96,139
341,250,96,139
341,250,96,139
341,250,96,139
341,250,96,139
341,250,96,139
341,250,96,139
341,250,96,139
341,250,96,139
341,250,96,139
341,250,96,139
341,250,96,139
341,250,96,139
341,250,96,139
341,250,96,139
341,250,96,139
365,331,98,128
358,339,97,123
428,270,78,103
445,268,55,99
442,266,55,107
437,260,55,110
430,257,52,111
422,258,47,120
410,258,50,113
395,262,51,103
377,268,54,95
365,270,53,90
351,275,60,84
334,283,59,82
324,289,57,85
317,289,58,95
309,293,59,101
305,294,62,108
300,294,61,109
301,293,62,126
298,294,62,126
297,296,60,123
294,301,59,120
293,300,58,125
294,295,58,122
288,300,62,108
289,299,61,104
291,299,57,99
290,302,58,95
286,302,63,92
289,305,61,91
288,304,61,89
286,303,62,92
286,303,60,93
291,304,56,106
289,304,58,107
288,303,57,123
291,303,56,122
290,302,56,120
288,303,58,116
290,302,58,117
289,304,58,118
290,302,56,118
288,302,56,117
290,304,56,116
289,301,55,119
293,301,54,123
291,302,55,125
290,303,55,122
293,302,53,123
289,301,54,120
291,302,49,119
291,301,50,119
290,303,51,119
290,302,50,117
291,303,51,118
291,302,51,120
291,302,48,120
293,301,48,118
292,302,49,118
295,301,48,118
292,304,48,117
292,303,54,116
291,301,52,119
289,301,51,115
292,300,47,117
289,301,50,116
289,302,52,114
292,301,48,117
290,301,54,111
291,301,51,112
289,301,53,115
289,301,52,111
293,303,51,112
290,302,53,113
289,303,54,112
290,304,52,108
290,303,51,111
286,304,58,110
288,303,55,108
287,303,58,112
286,304,59,112
286,303,58,106
281,303,62,110
280,305,59,113
278,302,60,111
276,300,59,116
276,294,60,116
278,289,59,123
278,284,60,121
282,278,58,117
285,276,53,120
286,274,54,126
286,270,59,123
288,272,58,119
288,273,58,121
288,275,60,120
287,279,66,123
292,281,60,121
286,285,64,113
289,289,59,124
287,293,58,125
287,295,59,123
287,298,61,123
289,297,58,121
286,298,61,123
285,301,63,121
283,300,60,119
284,300,59,123
283,303,59,113
283,301,61,116
283,302,66,119
284,300,63,121
285,301,60,116
287,298,59,112
290,301,54,116
294,297,54,120
294,297,66,120
303,294,65,121
311,300,70,119
317,302,68,116
319,304,63,120
319,304,63,120
300,325,67,111
300,325,67,111
300,325,67,111
300,325,67,111
300,325,67,111
355,332,72,116
359,331,70,107
369,332,61,91
374,336,56,82
374,332,52,89
375,335,52,86
374,335,55,88
374,333,55,87
372,331,58,89
377,332,53,94
374,334,54,93
370,334,59,94
374,334,54,90
376,335,52,89
381,337,46,82
385,339,42,87
385,339,42,87
385,339,42,87
385,339,42,87
385,339,42,87
385,339,42,87
385,339,42,87
385,339,42,87
385,339,42,87
385,339,42,87
385,339,42,87
385,339,42,87
321,227,58,100
321,227,58,100
321,227,58,100
321,227,58,100
321,227,58,100
321,227,58,100
321,227,58,100
321,227,58,100
321,227,58,100
307,202,74,112
295,193,87,115
311,280,99,119
288,191,92,126
293,191,90,124
293,189,86,125
319,283,71,121
325,296,64,126
319,292,68,120
316,296,66,115
319,286,63,121
316,295,64,111
317,292,61,110
313,286,64,115
311,278,63,124
311,282,64,119
310,284,64,111
313,278,61,117
310,277,63,118
314,281,61,115
311,280,65,116
312,281,62,116
311,281,65,115
309,280,64,114
312,283,63,114
311,287,61,108
312,281,60,111
314,285,60,106
311,276,61,112
310,272,62,114
312,275,62,107
316,274,59,105
312,267,62,111
317,269,58,104
319,261,57,107
323,266,56,99
320,255,61,105
323,264,61,97
327,258,59,99
328,254,55,102
332,258,57,98
335,256,56,101
338,260,56,99
340,262,56,101
343,260,52,101
344,262,51,100
342,259,56,104
341,265,57,97
339,263,57,97
339,267,59,96
339,259,61,105
341,264,55,100
333,265,58,100
335,267,58,97
333,264,59,104
334,271,56,95
330,264,61,102
330,267,57,105
327,265,60,105
324,262,64,112
322,268,64,108
322,272,66,106
318,268,65,113
318,272,65,107
317,275,63,109
314,268,65,118
315,272,63,116
313,271,62,116
312,275,63,115
314,273,62,115
312,272,61,119
312,274,61,119
312,273,62,121
315,269,60,129
311,269,64,114
311,271,64,105
311,272,66,104
306,273,67,105
306,268,75,113
301,273,85,126
304,260,89,138
306,261,89,148
303,266,87,140
304,266,88,139
304,265,89,136
306,275,87,126
307,274,84,130
305,278,87,120
308,274,87,134
311,279,83,127
307,280,86,133
312,281,80,131
315,283,82,128
313,285,84,131
317,289,86,125
318,293,86,121
317,295,85,120
317,293,89,118
313,287,94,128
317,289,93,126
318,288,93,127
317,293,94,124
316,296,99,127
319,291,100,133
314,294,101,132
314,302,108,124
310,298,110,130
311,295,113,140
311,308,113,122
307,308,125,129
305,314,121,116
307,319,130,122
307,333,130,107
303,321,133,119
302,314,128,121
305,317,126,121
302,334,126,105
289,309,93,122
303,311,91,122
307,324,89,110
304,301,75,126
304,312,84,115
303,311,71,114
304,308,72,115
306,296,73,123
309,296,73,120
309,298,72,117
308,290,76,122
311,288,77,121
312,290,75,114
314,282,71,119
312,291,75,111
316,301,67,102
313,280,64,118
312,278,71,104
322,278,61,113
326,275,56,122
327,275,60,122
331,270,62,120
329,269,63,121
332,271,64,117
336,272,59,117
336,267,62,121
336,262,64,122
340,265,64,119
339,260,65,118
342,260,62,121
346,259,60,116
344,259,67,118
348,258,62,111
347,258,66,112
347,255,62,110
349,261,64,110
347,255,65,113
346,254,67,114
346,250,61,112
345,260,60,107
346,259,59,104
347,251,55,112
346,249,55,112
342,246,55,112
342,250,55,106
339,246,60,108
340,244,56,108
338,244,58,107
338,243,57,111
337,244,60,105
339,241,55,111
335,242,59,110
338,241,56,106
337,241,58,106
337,244,58,100
341,243,55,107
339,239,56,105
339,240,55,107
343,241,54,107
336,239,60,113
334,239,65,107
336,242,59,107
339,243,57,107
339,243,57,110
336,241,57,108
334,243,58,106
333,244,59,108
336,245,56,107
335,243,57,110
333,245,54,113
331,249,56,111
331,254,57,107
327,252,64,110
328,257,60,105
326,254,64,116
324,257,62,114
322,257,66,99
320,258,65,85
321,259,70,69
316,262,76,64
318,298,70,77
317,292,70,90
317,285,85,101
316,291,93,96
315,301,93,89
320,304,95,86
322,290,93,108
323,285,95,120
325,281,95,124
326,291,102,120
324,294,105,119
322,298,108,118
322,307,105,110
323,308,103,112
318,319,115,103
317,327,122,101
319,321,124,108
315,318,112,112
318,330,100,100
320,320,72,105
322,336,61,102
320,341,66,95
321,347,68,90
319,345,63,92
318,347,66,94
318,348,70,92
316,350,66,92
317,350,61,91
315,356,62,89
316,357,66,92
315,357,66,91
314,356,65,93
313,356,68,95
313,357,65,94
308,357,70,90
310,360,72,86
308,364,76,81
310,374,77,72
303,323,71,72
313,359,62,80
316,353,58,83
314,352,59,80
314,349,59,75
312,339,57,81
308,335,62,82
309,332,59,78
307,325,59,81
303,316,57,84
300,302,61,90
296,289,58,96
291,268,64,107
288,254,62,119
287,240,66,120
286,236,63,117
280,226,63,120
280,217,66,122
279,211,61,124
275,208,59,124
275,204,60,118
272,196,62,117
273,198,60,114
275,194,59,112
273,191,58,111
271,186,59,113
272,182,59,109
275,182,59,109
275,178,55,113
277,174,55,113
277,171,57,114
280,173,58,108
281,172,58,109
284,172,59,109
282,167,58,115
285,171,58,109
283,170,60,113
287,170,57,113
287,172,59,111
291,173,57,110
288,178,59,111
294,185,57,111
292,181,60,116
295,187,58,115
296,194,57,111
297,201,57,107
296,201,58,109
295,203,60,113
293,207,64,114
296,213,62,112
297,218,62,115
299,226,58,108
299,233,57,110
297,233,61,114
298,235,59,116
295,242,62,117
293,247,65,115
292,257,65,114
293,262,63,116
293,264,62,118
290,267,69,120
296,275,65,118
294,286,66,111
296,291,62,117
296,297,66,114
298,304,62,115
299,305,66,113
297,309,62,116
296,312,64,121
302,324,57,109
298,325,62,109
300,332,61,106
302,338,61,98
305,352,57,84
306,368,58,74
304,370,57,72
306,375,55,77
305,374,59,79
305,382,60,76
304,385,60,70
306,390,59,67
308,393,63,64
309,396,63,61
309,399,65,59
307,403,67,56
312,409,64,52
311,409,67,51
311,406,67,58
308,400,74,64
306,405,77,61
304,393,79,71
303,392,76,75
304,396,79,73
302,400,85,70
300,400,67,71
301,404,61,64
302,419,60,54
304,418,53,54
301,418,62,51
351,413,69,42
352,410,70,37
312,422,69,51
319,417,72,57
325,404,70,64
331,396,65,63
337,378,66,75
339,362,65,78
343,345,67,86
344,332,61,92
344,320,59,92
339,308,67,92
337,297,68,99
339,286,68,106
336,271,70,114
339,275,64,110
338,267,71,115
337,280,71,106
346,284,65,108
349,287,72,107
358,292,71,106
363,297,71,103
364,302,78,101
347,302,93,106
336,288,107,114
342,264,95,139
338,266,105,140
339,268,102,136
339,270,95,132
351,269,83,145
348,273,84,136
355,274,79,145
358,278,75,143
355,281,75,147
362,283,70,138
362,284,71,145
358,287,74,143
358,290,73,130
358,294,72,126
363,298,73,143
369,307,67,137
370,311,82,137
374,324,84,124
379,327,83,122
379,328,83,122
384,328,89,125
387,333,76,115
383,340,65,113
385,349,66,108
395,346,66,110
401,344,74,121
391,356,78,122
391,374,77,119
387,384,77,120
390,388,80,141
