259,304,29,30
235,298,32,32
207,291,33,34
192,282,34,33
197,271,34,33
209,264,35,31
206,262,38,32
166,254,41,31
139,247,42,32
104,236,45,31
79,227,43,32
83,228,40,31
80,229,39,31
107,221,38,28
138,208,37,28
128,188,38,30
110,170,39,31
134,156,39,34
149,149,39,32
160,142,39,28
170,132,38,29
183,123,40,29
205,120,39,28
213,119,41,31
211,115,40,32
218,125,42,33
238,130,42,33
251,125,36,30
249,134,36,28
245,145,40,29
245,145,39,30
253,151,41,31
259,154,41,34
266,155,40,37
279,154,37,35
286,144,35,36
305,142,36,38
326,147,36,40
331,144,37,41
323,144,34,41
308,149,32,41
306,148,30,40
304,149,32,40
305,148,32,38
305,137,33,36
299,118,34,34
300,101,35,31
304,88,38,30
302,87,40,28
302,74,40,27
296,65,44,26
290,65,44,27
277,64,44,27
268,59,42,28
267,61,40,30
248,71,38,31
248,76,35,34
245,84,32,36
215,99,32,37
192,103,31,35
159,111,33,37
144,120,32,38
180,114,32,33
224,105,28,30
203,97,29,31
174,120,31,29
178,134,34,27
208,112,36,25
223,107,35,29
243,126,38,31
253,132,38,30
267,120,40,29
261,109,37,34
254,99,35,37
271,92,33,38
292,91,32,40
293,94,35,38
303,99,39,38
314,104,37,35
326,115,38,31
337,131,33,29
352,145,35,25
364,158,31,28
373,169,27,32
374,182,26,33
372,184,26,40
386,187,27,44
387,196,30,43
384,202,29,42
392,202,30,41
395,200,30,42
399,200,31,43
410,194,30,43
411,193,31,40
409,189,32,34
406,180,35,31
405,169,34,28
407,156,32,27
406,137,31,30
409,117,31,39
407,104,33,41
407,95,35,40
410,90,35,33
410,78,39,37
407,79,36,35
403,78,34,41
402,77,34,44
404,77,34,41
409,79,33,36
414,83,34,36
413,94,31,35
417,99,31,40
417,108,32,45
411,121,35,47
410,129,36,44
407,137,37,44
405,146,38,47
400,154,38,48
398,165,36,44
396,173,38,42
397,181,43,41
394,191,43,37
395,199,42,34
395,209,41,31
392,218,36,28
393,224,35,26
395,230,33,25
394,238,32,24
393,244,34,26
392,251,30,25
393,256,30,26
392,261,33,26
390,264,31,26
388,267,33,27
389,265,34,25
384,262,35,26
379,257,34,27
379,250,31,25
377,239,27,26
376,228,28,29
372,212,30,31
370,187,30,33
373,162,30,35
372,141,30,38
381,119,28,38
382,101,29,37
384,86,30,38
386,68,31,41
387,52,32,39
388,42,37,38
388,41,37,39
388,30,40,39
388,24,40,36
389,17,44,33
390,14,46,33
389,9,47,32
391,7,49,33
391,10,48,33
392,13,50,32
392,19,49,33
393,27,48,32
396,31,47,32
398,43,44,33
401,52,42,38
404,64,37,38
404,77,36,37
406,92,35,43
409,105,33,47
410,127,31,47
413,140,32,47
420,152,34,45
419,160,36,42
417,173,37,41
414,185,36,37
411,195,36,32
410,204,34,30
405,211,33,26
398,213,29,27
394,211,26,28
388,211,24,30
380,209,26,30
373,208,25,29
368,208,26,28
363,208,26,28
358,206,27,27
357,203,28,27
357,199,27,27
361,195,27,26
367,191,28,25
377,184,26,26
388,177,27,27
401,173,30,27
414,168,30,27
431,163,31,28
445,160,33,28
461,158,36,29
471,159,43,34
477,159,43,32
484,161,42,32
486,165,38,32
488,168,40,32
492,171,38,31
489,176,34,31
491,181,32,30
487,188,33,30
482,194,31,29
479,197,31,29
469,198,30,30
458,197,32,30
442,194,33,27
422,189,32,26
407,181,32,27
395,176,34,27
385,170,36,28
378,168,33,28
371,164,32,28
368,162,30,27
364,162,29,29
366,159,28,29
367,158,30,29
370,155,32,29
381,152,32,29
393,152,34,28
405,151,34,28
414,149,34,28
423,150,35,30
433,149,37,30
441,151,34,30
449,155,33,28
456,158,34,30
462,164,36,31
469,168,34,31
473,175,33,31
477,183,34,30
481,190,32,31
481,195,31,31
480,198,31,33
475,198,32,36
471,199,30,36
466,199,28,37
462,198,25,38
455,195,25,40
455,195,25,40
455,195,25,40
455,195,25,40
455,195,25,40
455,195,25,40
455,195,25,40
455,195,25,40
455,195,25,40
455,195,25,40
391,196,24,36
387,198,26,34
381,201,27,33
377,203,28,31
377,204,29,31
380,204,28,28
382,204,29,29
388,202,29,28
396,199,31,28
408,194,29,28
421,186,32,29
434,178,35,31
449,168,32,33
467,161,33,37
483,157,39,41
497,158,38,39
509,156,41,44
516,160,44,42
517,159,43,42
526,164,47,39
533,168,48,39
538,171,44,39
545,173,45,38
551,173,41,38
554,170,39,39
558,170,36,39
557,168,34,38
554,166,34,38
550,163,36,39
542,161,37,37
534,156,37,38
523,149,40,39
509,142,42,38
496,137,44,33
485,133,46,32
476,132,45,29
465,133,40,29
452,138,38,27
441,142,36,31
432,144,37,38
423,149,35,39
420,150,33,42
415,157,33,37
410,162,33,35
408,167,31,33
403,170,30,32
401,174,29,33
402,181,27,30
400,184,30,31
406,186,29,31
408,189,30,31
414,189,29,31
419,181,31,34
427,178,30,34
440,173,30,31
453,165,28,32
468,158,28,31
480,153,30,31
490,149,33,29
497,142,37,27
505,139,42,30
510,139,43,31
518,138,39,30
521,142,39,30
524,147,38,30
525,152,38,31
523,157,37,31
527,165,34,31
521,174,32,31
516,179,31,33
516,186,31,34
507,194,30,34
502,197,31,36
494,198,33,37
486,196,32,35
478,194,34,30
469,191,33,27
462,184,30,27
453,179,32,28
447,176,32,27
442,172,34,28
439,171,32,28
440,169,32,29
440,168,30,29
442,169,32,32
444,172,32,34
445,177,33,37
446,177,34,40
450,182,32,41
451,186,33,45
453,188,32,46
455,192,32,48
455,197,31,46
457,199,30,47
456,199,31,46
457,199,30,47
455,196,33,45
450,198,33,41
446,193,34,36
440,184,35,33
433,174,37,29
431,160,35,28
429,140,33,30
427,121,35,39
432,104,32,45
429,97,32,45
426,95,33,37
428,89,34,35
424,80,34,39
423,79,34,44
424,78,33,50
420,83,34,51
415,82,35,54
413,85,35,52
412,101,34,45
412,124,32,40
410,137,33,44
410,148,40,46
407,155,42,45
407,161,39,44
402,170,36,41
392,176,40,40
388,183,36,37
384,184,37,35
374,185,35,35
370,187,35,32
369,184,33,30
366,183,34,29
362,180,36,28
360,177,39,29
357,175,41,31
356,177,44,30
350,178,47,31
348,178,48,34
350,177,49,32
349,176,49,31
353,175,47,31
354,171,48,32
353,171,50,32
357,171,51,30
356,170,51,31
359,167,50,32
366,166,49,32
365,161,49,32
367,158,49,35
371,155,50,35
376,153,51,35
379,153,50,36
378,153,52,37
379,152,54,36
374,147,54,35
375,143,48,36
370,137,49,37
364,131,48,39
358,123,47,41
348,115,47,40
340,109,44,42
331,105,39,40
318,100,36,38
306,100,35,38
292,98,33,39
279,102,33,37
268,106,34,37
258,111,34,34
247,116,39,34
245,121,44,34
240,127,48,34
237,135,47,34
245,142,45,34
247,152,43,35
251,163,38,35
259,173,36,38
266,183,33,41
277,194,28,40
291,207,24,40
302,218,24,41
316,227,24,41
327,232,23,41
327,232,23,41
327,232,23,41
327,232,23,41
327,232,23,41
327,232,23,41
327,232,23,41
327,232,23,41
327,232,23,41
327,232,23,41
327,232,23,41
327,232,23,41
327,232,23,41
327,232,23,41
327,232,23,41
327,232,23,41
327,232,23,41
327,232,23,41
327,232,23,41
327,232,23,41
327,232,23,41
327,232,23,41
327,232,23,41
327,232,23,41
327,232,23,41
327,232,23,41
327,232,23,41
337,234,24,41
322,231,26,45
308,229,26,44
298,226,29,44
290,221,30,41
285,216,32,40
283,212,32,38
283,202,33,37
286,195,30,35
295,185,31,36
307,177,31,32
320,167,36,34
334,159,43,33
347,153,47,34
360,149,51,32
370,150,55,33
379,152,53,32
383,152,54,32
387,152,54,33
388,153,54,35
387,156,56,36
391,158,51,35
389,160,47,35
387,163,44,35
386,164,40,37
386,163,36,37
383,164,34,38
383,168,32,35
384,169,31,34
383,169,31,33
385,170,32,34
387,174,33,33
388,177,35,35
392,184,35,34
399,193,34,33
403,204,33,33
408,211,34,34
412,221,32,32
413,229,33,37
415,236,33,39
414,241,31,45
408,242,32,48
404,243,31,46
404,241,27,41
403,242,22,33
403,242,22,33
403,242,22,33
403,242,22,33
403,242,22,33
403,242,22,33
403,242,22,33
403,242,22,33
403,242,22,33
409,246,27,34
413,250,32,38
428,249,30,42
429,249,32,44
435,248,32,50
444,251,31,52
451,250,32,53
454,250,36,51
455,242,35,51
452,234,37,47
449,220,37,44
445,208,36,38
435,194,38,37
425,176,40,37
415,163,40,35
402,150,41,34
393,135,40,34
381,126,40,35
372,119,39,38
363,117,38,36
355,115,38,36
349,115,38,35
339,117,35,38
331,119,35,39
322,119,38,44
316,120,36,48
309,115,37,45
302,116,37,43
295,117,37,44
290,118,36,44
288,121,37,42
283,121,40,39
278,123,41,37
277,127,45,33
277,137,45,32
280,147,47,31
285,152,47,31
293,153,46,30
294,158,45,31
294,159,44,29
292,161,45,29
292,161,46,29
288,161,46,30
283,165,46,30
278,166,47,30
276,165,46,31
276,162,48,31
277,158,47,33
282,152,44,34
284,149,43,34
291,142,42,37
300,138,38,37
308,130,38,37
320,124,37,40
332,120,41,46
349,118,37,39
362,120,34,35
374,123,36,35
382,125,35,35
388,129,37,38
395,136,37,39
400,142,36,37
407,144,35,37
414,149,35,37
415,152,38,41
420,157,38,39
419,165,38,38
417,172,37,38
413,180,36,35
407,186,35,34
402,191,34,37
396,196,32,37
394,201,34,39
384,207,33,43
377,205,36,46
373,206,36,45
373,206,36,45
373,206,36,45
373,206,36,45
373,206,36,45
373,206,36,45
373,206,36,45
373,206,36,45
373,206,36,45
373,206,36,45
294,171,25,42
290,174,27,36
281,179,33,33
272,177,39,33
264,175,39,34
258,173,39,35
251,170,41,35
247,169,43,34
245,165,45,35
249,160,44,36
253,152,46,36
258,144,45,37
269,134,42,35
279,123,43,38
291,113,44,42
307,105,44,43
328,102,36,48
343,106,34,48
354,109,42,47
361,106,46,50
370,106,45,51
373,112,42,50
375,120,40,51
379,129,40,49
376,140,42,43
372,153,42,40
370,160,40,39
363,162,42,38
360,159,41,34
354,151,42,37
347,141,41,37
339,129,42,41
333,117,48,47
326,111,52,51
319,106,57,50
310,104,57,50
295,107,47,43
289,111,45,39
289,113,48,38
284,113,49,37
285,114,45,36
278,115,48,37
276,123,48,38
276,131,50,37
271,141,50,45
267,150,49,37
266,158,50,36
263,169,48,36
265,175,48,37
265,182,49,39
269,185,46,36
268,187,47,36
269,185,46,37
269,179,45,35
268,172,47,36
267,164,47,36
268,153,43,36
272,141,41,40
275,130,41,43
279,122,40,47
281,114,44,52
287,111,43,56
296,115,41,53
300,113,44,45
311,115,38,43
320,118,35,42
327,120,31,44
332,125,32,42
335,131,32,43
341,139,34,41
340,146,33,35
346,151,35,36
348,161,36,34
346,170,42,31
351,174,41,32
353,177,38,37
358,180,34,41
360,182,32,42
363,182,29,44
362,187,31,44
365,186,29,44
364,189,28,47
364,190,28,46
365,189,26,44
365,186,24,44
368,184,25,44
370,185,25,45
372,185,25,48
381,184,28,50
386,184,29,47
396,182,32,44
402,176,35,36
410,166,35,33
412,152,38,34
416,137,38,32
418,113,41,40
426,92,35,52
425,85,36,50
417,80,40,46
414,68,45,35
413,53,43,42
416,45,35,45
420,40,33,41
417,42,36,34
414,40,40,35
421,41,34,39
417,45,35,50
417,57,32,43
412,74,38,36
408,87,40,32
406,92,36,39
409,96,33,41
408,116,32,39
404,143,34,32
399,157,35,33
396,163,36,32
395,173,35,31
387,178,36,33
383,185,36,33
378,193,36,31
371,195,37,34
362,199,38,34
355,204,37,33
346,205,37,35
341,207,36,34
339,207,35,34
337,207,33,34
337,210,33,32
336,211,32,33
336,209,33,30
339,203,32,31
336,196,33,31
338,186,33,31
340,173,32,30
340,160,34,31
343,144,34,30
348,129,33,32
349,118,34,35
350,109,36,42
353,100,37,42
356,94,38,44
359,91,38,43
363,89,36,43
368,92,33,44
369,97,32,42
371,104,29,39
377,110,29,39
378,118,28,37
381,130,29,35
382,137,31,35
381,144,35,38
379,154,38,38
372,159,44,40
371,164,44,34
369,166,45,34
368,172,44,32
365,177,45,32
366,180,44,33
369,182,44,33
372,181,46,33
376,177,46,32
377,176,48,32
380,169,50,33
386,163,47,35
385,154,45,36
382,144,44,33
379,131,43,34
375,124,44,34
368,119,42,35
362,113,39,35
359,106,37,36
353,102,36,38
348,107,32,35
342,109,33,40
339,111,35,42
337,115,34,45
330,126,34,48
322,137,34,46
318,143,34,42
322,145,31,39
319,152,35,37
317,157,38,36
320,158,34,34
322,157,32,34
327,153,32,34
329,147,32,36
337,136,34,36
346,127,36,36
355,122,33,32
366,119,35,33
377,116,36,32
386,115,38,33
403,115,40,32
414,119,42,34
428,128,41,35
442,129,42,38
452,136,42,36
458,142,45,37
466,147,49,36
474,153,50,36
469,167,49,36
461,177,51,33
460,178,49,33
454,182,49,33
449,190,49,33
450,199,46,32
444,209,46,33
440,218,44,33
434,225,45,36
429,233,43,38
416,237,42,42
411,241,37,41
405,243,35,44
392,248,32,43
378,251,32,44
364,250,31,46
345,253,37,42
330,250,38,41
314,247,42,36
300,241,48,33
290,222,44,34
281,208,48,32
276,190,52,33
276,169,51,37
283,151,46,45
289,136,44,40
296,121,43,32
303,109,43,29
307,99,43,31
313,90,40,30
318,82,40,32
324,78,39,33
321,81,35,33
320,87,34,33
319,90,33,33
321,90,33,33
324,94,29,33
322,101,29,33
323,113,28,32
325,120,29,36
321,137,28,36
325,148,28,33
329,157,29,32
333,162,29,32
342,165,31,33
345,170,31,33
351,172,33,33
357,175,34,34
362,179,35,35
367,183,37,36
370,184,41,37
375,187,43,33
381,180,44,32
388,175,44,32
402,167,44,33
415,163,42,33
427,156,40,30
443,145,44,29
453,137,42,31
459,131,45,31
464,127,44,32
471,121,40,33
470,120,41,34
467,120,38,35
466,120,35,31
462,124,36,31
456,128,36,32
448,138,33,33
439,148,33,31
428,157,33,32
413,171,33,31
399,182,38,32
381,192,36,29
365,200,34,27
351,202,32,26
341,204,27,25
329,199,25,27
318,197,27,27
305,195,29,27
294,190,32,26
282,183,34,25
284,182,33,25
274,175,36,27
268,165,35,27
265,156,33,27
264,148,34,28
266,138,34,30
263,134,32,29
265,131,29,29
262,128,30,29
263,129,30,29
265,128,31,29
262,131,30,28
264,132,32,26
262,133,32,27
261,137,33,25
262,143,34,23
263,150,36,24
264,158,36,24
266,167,37,23
271,174,37,23
275,184,36,24
287,194,36,25
296,203,34,26
309,208,30,28
324,212,29,29
337,212,26,28
352,210,26,29
361,203,27,27
371,191,28,26
377,174,28,26
380,154,28,27
383,135,28,28
381,117,30,29
380,101,29,29
381,87,29,28
381,76,31,29
381,65,31,29
382,56,32,28
380,51,33,29
379,46,33,27
377,43,35,28
378,41,34,26
377,43,34,27
376,46,34,27
376,47,34,30
373,55,33,29
376,62,32,30
373,75,29,29
371,85,30,31
373,98,27,31
371,112,29,32
370,128,27,35
368,147,26,35
368,163,27,37
363,174,29,37
357,180,31,37
352,186,32,36
351,189,32,35
349,188,33,38
342,190,33,40
337,192,34,41
331,195,32,41
328,197,31,38
326,201,31,37
322,206,30,35
322,208,27,31
319,209,27,27
320,207,26,26
317,205,26,26
316,202,25,28
311,198,27,30
309,191,27,32
305,180,30,38
303,170,30,41
299,158,32,44
299,147,30,40
296,133,34,34
295,124,36,26
305,107,28,27
307,89,29,33
308,76,29,41
311,67,30,38
315,62,29,31
318,58,29,26
320,52,27,31
323,47,28,40
327,43,27,46
328,48,28,39
328,54,27,32
332,58,29,31
335,60,26,37
333,67,26,40
334,81,30,41
334,99,29,33
335,114,30,27
336,131,28,28
337,140,28,32
335,145,29,36
331,152,28,34
328,159,30,31
325,168,27,28
321,175,26,27
311,178,29,25
304,180,31,29
296,183,31,26
286,185,30,27
276,185,30,27
269,186,28,27
263,183,26,28
254,183,25,26
245,181,26,26
237,178,26,25
229,173,28,25
224,168,29,24
216,160,29,24
213,154,31,25
212,149,31,24
210,148,32,23
209,145,32,23
207,144,34,23
208,145,35,23
206,146,36,23
206,149,36,24
208,155,36,24
209,161,36,24
213,168,36,25
219,174,34,25
225,183,33,27
232,189,30,27
243,195,29,28
255,201,25,27
267,202,26,28
277,201,25,27
285,198,29,27
295,190,30,27
304,180,31,27
308,167,33,27
313,150,32,27
313,134,31,32
310,118,30,30
306,105,31,30
304,95,32,33
299,87,32,34
296,82,32,35
292,78,33,36
287,79,34,36
283,82,35,35
280,86,36,35
276,92,33,35
273,94,35,36
270,99,34,34
267,106,34,35
264,114,32,33
262,121,34,33
259,129,32,33
257,139,32,30
257,149,33,32
254,163,33,31
254,172,34,30
253,177,37,29
257,180,36,27
260,176,38,29
266,170,38,27
272,164,38,29
276,158,37,30
283,154,37,32
288,150,38,28
293,149,38,28
299,150,38,30
308,147,36,29
313,149,32,29
316,156,30,28
322,159,28,28
330,156,27,32
336,156,27,30
345,157,28,30
353,157,29,29
360,152,31,28
367,151,35,28
374,145,35,27
383,142,36,27
388,137,40,27
395,132,41,29
401,131,41,29
405,130,43,28
406,130,42,29
405,128,44,29
405,133,45,31
401,139,44,32
399,144,46,34
394,157,42,33
386,168,41,34
375,178,38,37
358,189,34,37
340,198,34,38
318,202,38,40
299,201,41,40
278,202,39,37
255,198,42,35
246,190,42,33
235,179,43,34
227,165,44,30
226,146,43,35
225,129,41,37
224,116,42,27
228,104,40,25
226,93,41,23
224,83,40,24
226,75,41,25
228,72,39,24
227,72,39,24
229,71,38,24
231,71,38,23
231,72,38,23
228,74,38,24
228,79,38,23
228,87,36,23
228,97,34,23
226,108,34,23
224,120,34,22
222,132,34,25
218,138,34,27
217,141,34,28
221,144,32,26
223,145,32,27
227,148,31,28
228,148,32,29
230,147,31,30
231,147,32,30
233,149,31,32
232,151,31,32
231,155,34,31
232,159,33,31
231,163,35,30
229,169,37,29
229,176,37,27
231,180,37,27
235,184,37,26
246,188,38,27
255,188,38,28
263,190,41,30
265,189,39,29
276,186,38,28
286,187,39,27
292,188,38,27
304,187,37,27
312,186,35,27
319,191,33,28
329,195,34,27
341,198,29,29
352,203,30,31
358,207,29,34
366,210,29,35
369,214,30,37
369,214,31,38
368,218,31,38
364,222,31,39
359,223,31,41
349,229,29,42
340,233,28,43
327,238,29,42
314,244,29,41
299,242,30,40
284,243,32,39
270,239,33,38
258,232,36,36
245,226,40,31
235,216,40,28
228,203,39,28
222,196,40,27
217,189,42,29
212,187,42,26
209,181,40,26
206,178,41,26
203,176,40,26
199,175,41,26
196,172,40,25
194,173,41,26
192,176,42,26
193,178,40,25
195,179,39,26
199,181,37,27
205,184,38,26
214,187,35,26
224,188,35,27
237,185,33,27
251,184,37,26
263,184,38,24
271,181,44,26
283,179,43,25
294,176,42,27
304,176,40,27
317,177,37,28
324,178,35,27
332,179,35,28
338,181,35,31
341,185,35,31
345,191,30,29
345,195,29,30
343,199,28,33
342,202,27,32
338,201,27,33
332,200,30,37
328,200,29,34
328,200,29,34
328,200,29,34
328,200,29,34
328,200,29,34
328,200,29,34
328,200,29,34
328,200,29,34
328,200,29,34
328,200,29,34
328,200,29,34
328,200,29,34
328,200,29,34
328,200,29,34
328,200,29,34
328,200,29,34
328,200,29,34
328,200,29,34
328,200,29,34
257,170,29,33
248,179,39,37
254,187,50,40
266,199,59,40
283,216,63,44
299,239,68,45
321,266,72,51
344,299,79,58
437,218,71,55
435,217,66,48
432,214,67,46
430,213,67,47
421,212,70,47
416,211,67,44
406,210,67,43
395,205,67,44
382,201,65,44
368,197,66,43
353,190,63,42
341,183,61,39
324,172,63,40
311,159,61,42
297,151,64,42
284,140,61,40
271,131,60,41
263,121,62,40
250,113,62,39
239,105,63,41
230,97,62,40
219,89,63,41
207,77,65,44
194,67,68,45
180,58,68,43
173,48,66,43
157,40,68,44
140,31,72,46
129,26,73,48
112,22,78,48
100,22,77,47
87,21,79,48
84,20,75,47
67,22,79,49
55,23,82,47
46,25,79,49
34,26,78,50
22,26,82,51
12,30,81,51
2,30,83,51
1,35,76,49
0,35,69,53
0,35,66,50
-3,34,61,46
-1,34,52,48
0,30,44,48
0,30,44,48
0,33,36,44
-1,35,33,43
-1,35,33,43
-1,35,33,43
0,41,30,45
0,41,30,45
0,53,28,45
2,59,29,42
2,59,29,42
1,70,32,44
3,72,30,45
0,74,33,43
2,81,33,41
3,79,36,44
3,81,41,44
2,82,47,45
4,87,52,45
4,92,57,42
6,93,63,42
5,92,69,46
9,99,72,43
16,104,70,43
23,107,69,42
28,112,66,41
30,114,67,41
35,118,67,40
37,119,67,40
38,122,64,39
40,125,66,41
43,126,64,39
46,129,64,38
46,132,64,39
49,133,65,38
52,134,62,38
56,137,61,36
61,139,62,38
61,142,62,37
68,147,61,37
69,150,62,37
77,153,60,36
79,155,59,35
81,158,61,35
87,160,59,36
90,162,58,36
94,166,59,35
96,167,59,37
102,171,57,35
102,176,58,35
106,179,57,36
109,183,58,36
118,188,56,35
118,190,56,35
126,193,56,35
126,195,57,34
133,193,56,34
139,196,56,36
143,196,56,35
149,198,54,34
158,199,54,33
162,199,52,34
169,199,52,33
177,198,53,34
184,198,52,34
188,197,52,34
194,197,52,34
200,196,49,33
203,197,50,33
208,195,52,32
213,198,50,34
217,198,50,34
223,196,50,34
224,195,51,33
229,196,49,33
233,197,51,33
235,196,51,33
236,195,52,35
243,195,50,33
246,197,52,33
248,196,51,32
253,197,50,32
260,195,50,31
261,191,52,34
265,189,50,34
268,187,50,34
271,185,51,33
270,183,50,33
272,181,53,33
274,179,51,34
277,176,52,35
277,178,53,36
279,177,53,35
281,174,51,35
281,173,53,36
279,172,54,36
280,174,53,33
279,174,55,35
280,173,52,32
279,170,51,33
278,167,53,35
279,168,52,33
279,165,51,33
279,164,52,31
281,162,51,33
279,160,51,33
280,160,54,34
278,161,53,33
278,160,53,33
278,159,54,34
281,160,53,33
275,161,57,32
280,159,53,32
278,157,55,34
284,157,51,33
282,158,52,34
283,159,51,34
283,158,52,33
284,159,52,33
284,161,53,35
287,161,54,35
290,164,54,35
291,164,53,34
295,167,52,35
295,167,52,34
300,168,51,34
300,168,52,35
304,169,51,35
308,172,51,35
308,173,52,33
310,173,53,34
314,171,55,34
315,174,52,36
317,173,52,35
319,173,52,35
318,174,52,36
324,173,52,35
324,173,53,35
325,172,52,35
325,172,52,35
326,169,53,35
326,169,53,35
326,171,53,36
329,169,54,37
328,169,52,33
330,168,52,35
330,167,53,36
332,166,51,35
334,166,53,35
337,164,52,37
336,165,51,36
341,164,52,35
342,165,53,34
344,165,54,35
346,165,53,35
347,163,56,38
348,164,56,37
350,163,55,38
354,164,53,35
353,163,57,37
357,162,54,36
358,162,54,37
357,162,53,35
357,160,54,34
360,158,55,34
360,159,53,35
359,159,54,35
360,160,53,34
359,160,54,35
358,159,53,36
359,161,54,35
359,161,55,35
360,161,53,35
359,162,55,35
358,165,56,36
357,163,55,37
360,166,53,35
358,165,53,36
359,165,52,36
359,165,53,35
358,164,53,36
359,164,52,36
357,163,53,35
360,163,54,34
361,161,53,35
361,161,53,36
362,159,54,36
361,158,54,38
362,162,55,37
361,160,55,36
361,163,53,33
361,162,53,34
362,161,53,36
359,162,55,35
361,162,53,36
362,162,55,36
362,161,54,36
362,161,53,34
362,161,55,35
360,163,54,34
360,161,53,36
359,164,54,34
360,162,51,35
360,160,53,34
357,160,54,35
359,163,52,35
359,161,53,35
359,160,53,35
359,162,52,36
359,162,53,35
360,161,53,34
359,159,52,35
358,158,55,37
359,159,54,36
358,158,55,36
359,160,53,34
358,160,53,35
359,160,53,34
358,161,54,33
360,159,52,33
360,158,53,34
360,157,51,36
358,156,54,36
360,157,56,36
360,158,54,35
360,156,54,36
359,156,54,36
360,158,55,35
361,157,54,36
361,158,54,34
361,159,54,35
365,158,54,35
364,159,53,35
365,159,54,34
363,161,54,34
366,159,54,35
366,162,53,35
364,161,53,35
364,163,53,34
363,162,55,36
365,163,55,36
363,164,53,35
362,164,55,35
363,165,54,35
362,166,54,35
363,166,54,35
363,167,54,36
362,166,53,35
362,166,53,34
359,167,53,34
359,165,53,35
357,164,54,35
357,165,54,35
356,164,54,33
357,163,53,36
356,162,54,36
356,161,53,35
356,161,53,36
356,160,54,36
354,161,53,35
353,160,54,35
355,159,55,36
355,160,52,36
354,160,55,35
355,159,55,35
357,158,54,35
359,157,53,35
359,156,53,37
359,155,54,36
360,154,54,36
362,155,54,37
362,156,54,36
363,156,55,38
361,156,53,35
361,155,53,36
361,156,55,36
361,157,54,35
361,156,54,37
359,155,54,38
358,155,57,39
360,158,54,46
355,155,55,52
356,157,54,53
356,156,52,61
355,158,54,59
354,156,56,61
355,157,56,62
355,155,56,61
352,155,57,61
353,156,55,61
354,156,57,62
354,156,55,61
352,156,55,60
353,158,54,62
349,155,55,62
347,156,55,63
347,157,55,60
348,157,55,63
346,156,57,60
344,152,55,64
346,155,54,63
344,157,58,62
346,156,54,62
349,157,53,61
346,159,55,60
348,159,54,60
347,161,55,61
348,161,57,60
352,160,55,60
349,162,56,60
351,160,57,61
351,160,54,59
355,163,54,59
358,163,52,60
358,167,54,57
366,168,50,60
388,174,50,61
409,173,53,63
446,188,56,64
488,202,59,68
526,226,63,66
552,250,65,73
573,275,63,81
573,275,63,81
573,275,63,81
573,275,63,81
573,275,63,81
