153,182,111,108
148,182,125,120
129,166,143,133
120,159,149,136
119,146,163,145
108,143,180,138
99,146,178,134
97,139,177,134
90,144,188,124
82,142,191,127
82,142,191,127
61,166,160,140
59,165,160,144
55,159,159,145
47,162,162,148
43,166,167,139
36,166,177,141
30,165,184,147
110,46,170,123
106,40,162,125
104,42,149,115
95,34,155,128
88,35,163,126
82,20,170,135
5,189,173,142
1,185,182,165
-3,188,179,164
75,6,184,138
140,4,185,120
148,2,210,122
2,186,191,161
1,189,179,162
5,189,177,157
6,192,186,164
3,182,182,175
7,187,177,171
5,211,170,151
5,220,187,139
0,225,194,135
0,225,194,135
0,225,194,135
17,239,198,121
16,243,195,119
20,253,207,103
21,255,216,109
24,257,222,103
19,252,246,107
28,270,225,90
30,266,215,96
20,266,234,98
20,266,234,98
37,258,222,106
33,252,215,110
37,258,179,102
39,256,209,111
34,259,211,101
33,256,212,102
31,259,223,105
31,254,228,104
31,253,236,104
32,263,231,97
28,258,224,99
30,251,235,107
30,263,225,100
33,259,222,102
30,262,237,92
34,263,227,97
33,261,217,95
30,261,231,96
23,263,244,93
26,259,245,99
28,267,253,96
29,257,249,98
24,258,252,100
22,254,259,107
33,265,237,104
29,253,229,108
26,265,220,93
35,258,219,101
33,258,208,105
38,259,198,102
32,256,206,101
40,253,201,106
38,252,202,110
34,252,212,106
28,250,215,109
29,249,218,108
32,252,212,109
29,257,211,100
29,256,210,103
26,255,206,104
25,254,215,108
31,255,208,110
31,249,207,105
33,248,188,115
33,246,201,115
36,242,204,121
29,246,197,115
38,247,194,120
37,245,196,110
45,246,195,117
43,238,194,120
48,244,201,113
47,239,196,120
52,247,196,110
56,247,197,115
53,241,197,120
54,239,190,119
55,248,193,110
58,241,188,122
62,242,183,119
55,237,202,126
55,240,198,118
58,260,193,97
63,249,190,113
58,240,199,123
60,240,189,118
57,242,185,117
54,248,188,110
55,253,173,108
52,268,182,90
51,263,178,93
48,277,199,86
46,275,199,85
45,278,192,81
48,280,190,78
49,289,203,70
47,295,199,65
37,307,188,56
2,308,205,51
8,316,211,45
4,318,220,39
3,318,209,45
5,322,211,38
27,322,209,36
25,324,193,33
25,324,177,36
20,327,180,34
34,323,161,36
67,322,150,37
73,324,130,37
78,324,121,36
83,320,109,40
84,321,107,39
82,320,107,39
89,320,101,39
90,314,103,44
83,315,110,44
88,316,103,42
88,313,102,45
92,311,101,46
92,311,104,47
90,313,106,45
90,310,100,48
87,312,99,47
92,313,100,46
97,311,93,47
97,311,90,50
94,312,93,47
93,310,96,49
99,307,97,50
91,308,106,50
90,309,106,51
84,311,112,50
86,314,102,45
93,312,98,46
93,309,104,49
86,308,111,52
77,307,113,52
81,308,107,51
78,307,100,51
84,301,97,53
80,304,90,54
81,301,95,57
79,307,96,53
82,305,89,54
71,307,97,54
82,307,89,50
77,311,96,48
77,310,97,47
75,313,91,46
74,310,87,47
67,307,97,48
65,311,105,46
59,307,101,52
60,306,96,53
52,299,103,59
48,307,110,53
35,306,119,53
43,306,111,53
44,303,103,56
41,306,107,53
42,303,98,54
46,302,92,56
28,297,92,63
42,296,76,58
28,297,68,60
26,300,77,59
18,303,96,55
3,300,108,59
0,300,107,58
0,299,102,59
-1,304,101,54
0,300,86,56
2,297,81,58
1,297,75,61
0,284,56,59
0,285,53,55
0,285,53,55
0,291,52,56
1,296,58,62
-9,278,47,57
-9,278,47,57
-9,278,47,57
-9,278,47,57
-9,278,47,57
-9,278,47,57
-9,278,47,57
-9,278,47,57
-9,278,47,57
-9,278,47,57
-9,278,47,57
-9,278,47,57
-9,278,47,57
-9,278,47,57
-9,278,47,57
-9,278,47,57
-9,278,47,57
-9,278,47,57
-9,278,47,57
-9,278,47,57
-9,278,47,57
-9,278,47,57
-9,278,47,57
-9,278,47,57
-9,278,47,57
-9,278,47,57
-9,278,47,57
-9,278,47,57
-9,278,47,57
-9,278,47,57
-9,278,47,57
-9,278,47,57
-9,278,47,57
-9,278,47,57
-9,278,47,57
-9,278,47,57
-9,278,47,57
-9,278,47,57
-9,278,47,57
-9,278,47,57
-9,278,47,57
-9,278,47,57
-9,278,47,57
36,308,50,49
36,308,50,49
36,308,50,49
36,308,50,49
36,308,50,49
36,308,50,49
36,308,50,49
36,308,50,49
36,308,50,49
36,308,50,49
36,308,50,49
36,308,50,49
36,308,50,49
36,308,50,49
36,308,50,49
36,308,50,49
36,308,50,49
36,308,50,49
36,308,50,49
36,308,50,49
36,308,50,49
36,308,50,49
36,308,50,49
36,308,50,49
36,308,50,49
36,308,50,49
36,308,50,49
36,308,50,49
36,308,50,49
36,308,50,49
36,308,50,49
3,306,44,53
3,306,44,53
3,306,44,53
1,317,43,43
42,324,41,37
20,324,39,32
26,320,34,34
39,327,28,31
39,327,28,31
64,318,27,38
64,318,27,38
64,318,27,38
23,318,18,40
23,318,18,40
23,318,18,40
23,318,18,40
23,318,18,40
23,318,18,40
25,328,21,36
1,326,26,34
28,328,23,32
13,332,29,30
15,281,33,36
15,281,33,36
15,281,33,36
15,281,33,36
15,281,33,36
15,281,33,36
15,281,33,36
25,327,34,34
26,323,39,34
21,321,48,38
1,325,52,34
1,325,52,34
1,325,52,34
1,325,52,34
1,325,52,34
1,325,52,34
2,329,59,29
2,329,59,29
13,321,66,38
13,321,66,38
11,327,70,32
11,331,73,30
4,334,81,26
3,325,87,32
0,318,101,39
26,310,97,47
0,305,101,54
0,291,114,62
1,299,113,59
1,283,112,75
1,272,103,82
0,295,105,64
0,295,105,64
2,291,124,67
1,299,123,60
2,313,129,47
0,300,135,59
2,296,132,63
9,290,141,67
8,290,140,68
17,279,134,76
7,277,154,78
14,275,158,79
26,264,157,92
49,256,136,96
58,269,126,90
76,273,125,89
75,275,104,89
83,267,94,92
84,257,99,100
93,268,106,93
93,257,107,102
104,253,106,106
105,253,94,105
115,251,87,106
117,241,73,120
131,241,89,116
129,242,84,115
143,242,81,116
143,239,84,117
154,236,83,119
159,235,80,122
175,236,80,118
174,242,84,115
175,238,85,118
175,236,89,118
176,235,92,119
167,243,102,112
168,249,116,102
169,250,121,103
172,254,128,96
173,253,107,100
176,252,110,98
176,250,114,100
171,251,108,101
169,244,107,108
171,250,107,103
171,248,110,105
166,240,101,112
178,236,83,117
167,229,86,124
164,229,84,124
158,222,87,130
160,236,106,115
153,241,100,111
152,232,89,123
150,233,91,122
152,237,102,120
146,245,115,115
149,249,124,110
136,256,108,102
139,258,112,100
135,266,137,90
134,266,129,89
131,272,120,84
128,276,123,81
130,258,131,105
132,260,121,98
130,261,102,96
132,244,87,109
132,242,81,116
136,240,98,116
138,239,82,113
139,243,76,111
142,226,70,111
140,227,68,115
143,227,69,106
146,226,69,119
149,219,65,115
146,217,66,126
155,215,60,120
149,213,66,113
155,214,65,117
155,209,63,116
155,204,63,115
157,203,58,113
155,188,61,108
154,190,59,105
158,183,62,113
159,181,60,116
158,178,57,110
159,175,56,112
155,172,61,103
157,174,60,103
155,166,59,109
155,163,60,105
156,158,57,99
157,161,57,99
159,153,53,97
158,151,54,97
163,147,48,91
163,151,47,90
164,145,47,101
162,138,43,99
164,124,51,100
166,141,49,101
156,125,59,97
155,120,64,104
155,120,64,104
148,120,45,117
201,153,54,125
185,166,66,116
185,166,66,116
185,166,66,116
185,166,66,116
143,136,69,109
180,120,83,100
254,112,98,91
254,112,98,91
254,112,98,91
173,111,99,99
173,111,99,99
285,109,93,97
285,109,93,97
277,98,89,113
270,110,99,108
264,108,101,113
268,111,102,108
274,116,98,105
274,120,100,105
276,117,104,102
276,118,104,101
286,110,103,106
286,110,103,106
293,108,107,109
289,110,112,106
288,112,116,110
287,111,117,109
291,130,117,104
299,133,107,103
307,144,103,91
316,146,95,90
319,169,98,85
324,169,91,86
332,193,94,85
332,194,92,80
347,216,89,81
351,214,86,92
343,236,100,93
340,236,105,86
349,264,94,76
348,265,89,77
354,286,81,68
341,288,90,65
318,296,69,60
319,296,71,63
291,299,64,58
292,305,63,53
260,311,81,48
255,315,97,44
255,315,97,44
255,315,97,44
255,315,97,44
255,315,97,44
250,318,104,42
250,318,104,42
250,318,104,42
264,315,99,44
264,315,99,44
259,307,107,50
259,307,107,50
247,296,115,59
247,296,115,59
236,290,122,67
239,287,113,67
174,278,110,77
179,276,103,80
158,259,108,93
158,260,114,91
146,250,119,99
150,249,111,100
128,251,114,105
128,239,126,114
114,234,125,117
113,229,133,124
101,221,132,126
99,222,136,122
101,224,137,107
205,262,136,93
106,238,121,108
106,240,110,111
188,248,96,107
129,248,100,100
188,231,120,95
138,270,101,87
150,268,108,88
196,248,98,98
152,280,106,84
142,295,110,68
218,283,92,74
143,301,99,60
143,301,99,60
143,301,99,60
143,301,99,60
143,301,99,60
143,301,99,60
143,301,99,60
143,301,99,60
143,301,99,60
208,247,98,68
208,247,98,68
276,150,84,61
207,239,88,64
207,239,88,64
207,239,88,64
149,289,101,69
102,308,97,54
49,300,93,59
58,291,100,65
41,275,93,77
42,265,93,88
47,245,72,93
51,251,65,86
59,237,54,67
59,237,54,67
60,206,52,63
61,205,50,60
61,205,50,60
61,205,50,60
62,137,64,62
59,126,76,58
63,98,93,65
35,106,110,67
157,182,129,78
89,59,128,94
10,-18,133,76
11,-49,138,103
9,-8,136,81
80,114,160,85
4,-6,146,76
6,0,136,55
13,-10,140,60
38,83,126,47
12,-24,128,66
37,80,143,56
6,-30,140,74
20,-45,132,99
-4,-8,150,79
-7,-4,124,69
24,-7,128,62
20,-1,133,48
31,-3,129,50
28,2,121,48
37,-2,125,48
34,0,125,46
40,0,124,45
39,1,123,41
49,1,121,47
46,1,124,49
59,2,123,51
59,4,129,48
71,5,142,50
72,4,146,51
85,2,159,57
82,2,168,61
108,1,143,55
120,4,126,47
134,3,140,44
141,2,132,48
164,1,137,44
164,1,137,44
164,1,137,44
164,1,137,44
