416,133,48,126
404,139,53,128
396,142,68,123
387,149,72,117
385,147,77,120
383,153,74,115
381,163,73,104
380,166,78,105
379,170,82,105
379,185,80,91
377,168,84,106
377,170,87,104
377,165,83,120
382,160,60,133
384,154,49,141
387,151,46,145
387,147,51,155
385,147,65,153
386,134,80,159
385,133,77,158
384,133,80,156
385,133,70,156
387,135,60,155
386,133,64,158
387,133,56,168
388,132,68,170
388,134,62,149
390,135,58,143
390,132,51,145
391,131,65,151
390,132,63,150
394,131,57,145
394,131,53,145
397,128,59,149
398,126,59,150
400,127,62,147
400,130,54,142
399,127,54,143
404,125,51,144
405,124,51,145
405,124,52,145
411,122,45,148
410,123,48,147
407,123,50,149
408,121,50,147
405,122,54,145
412,120,48,143
412,120,45,147
411,121,48,145
410,120,49,145
410,119,49,148
410,120,49,150
411,119,49,148
414,117,47,150
415,117,46,150
414,115,46,150
416,115,45,152
415,115,46,151
413,115,49,148
412,114,51,151
412,114,49,149
414,113,49,150
416,113,45,150
413,111,49,151
412,111,50,153
407,112,55,152
412,112,51,151
411,111,50,155
414,110,46,153
412,112,48,152
407,115,56,150
406,111,57,157
414,108,49,156
413,111,47,153
408,111,54,156
408,113,54,156
408,113,55,151
408,116,52,153
407,113,56,156
410,112,54,155
405,116,58,156
412,114,52,156
407,117,57,156
408,117,56,157
406,122,55,151
407,119,54,159
409,120,54,157
407,121,55,154
406,119,57,157
405,119,59,158
406,118,58,162
407,118,57,162
406,119,58,160
406,124,58,153
402,128,61,148
399,124,68,151
399,129,69,148
393,134,76,140
388,140,72,133
382,153,77,114
378,160,79,108
375,167,85,95
366,164,95,88
356,168,104,100
364,161,110,106
338,166,128,109
334,157,125,111
340,164,132,110
334,153,136,121
358,153,149,127
335,158,179,113
335,159,200,126
323,140,185,114
328,160,197,80
317,132,184,115
322,146,172,100
327,127,177,114
318,141,162,97
322,156,185,83
318,164,176,71
325,153,167,83
321,162,174,72
324,167,165,62
325,170,167,61
328,168,183,61
327,168,184,66
326,162,204,79
329,159,208,86
327,152,208,118
335,150,203,135
333,140,204,147
337,132,200,156
352,129,192,164
355,123,194,169
334,72,191,191
381,101,169,198
410,109,142,185
394,111,148,171
425,110,126,180
425,106,124,175
424,107,121,151
437,105,115,173
427,102,121,163
439,103,115,185
430,101,112,168
435,101,118,173
427,101,119,164
434,101,120,175
422,100,126,169
431,102,124,175
422,102,121,179
426,101,129,182
429,99,129,194
437,101,118,190
435,107,111,173
447,116,102,195
447,113,98,190
441,90,98,207
448,113,89,200
449,105,83,195
445,100,99,192
459,120,85,200
460,118,84,203
463,112,84,203
458,107,92,207
464,111,86,203
468,106,81,204
466,112,86,199
462,109,90,202
466,112,84,200
463,109,87,191
469,112,83,201
470,111,83,199
473,108,78,203
472,104,82,215
472,101,81,213
475,114,82,200
475,113,81,200
478,110,79,200
480,108,81,209
464,110,95,202
491,110,80,201
507,106,71,199
515,112,62,197
516,106,63,203
520,101,58,203
517,98,58,204
513,103,56,203
509,97,54,208
498,99,60,210
488,103,62,206
468,102,75,207
459,102,83,210
450,106,88,202
435,97,103,208
420,103,112,196
411,104,120,189
397,105,137,192
387,107,148,191
396,103,140,197
393,114,141,181
388,119,148,178
394,114,141,184
397,115,138,182
398,117,137,177
394,117,142,180
401,119,135,178
401,116,134,184
396,115,137,188
406,119,129,181
396,119,139,180
406,120,127,183
399,115,136,190
408,115,127,189
405,114,128,187
408,114,126,188
404,112,128,193
404,111,131,194
406,109,125,194
402,111,131,194
402,107,130,193
403,108,128,195
402,103,128,201
405,106,126,201
410,111,115,191
405,109,122,199
405,105,123,201
413,111,113,195
417,109,109,196
416,111,110,191
424,107,102,201
429,106,97,202
430,110,96,195
432,109,96,199
434,108,89,198
435,110,87,193
438,114,84,190
442,118,82,189
444,126,76,183
439,136,74,179
434,138,73,184
429,144,67,181
411,126,72,149
398,149,82,158
386,152,89,176
368,167,104,161
359,170,107,158
341,129,93,144
332,141,86,128
327,159,96,108
329,169,73,93
334,172,72,91
342,152,75,104
363,197,75,128
362,163,68,103
372,174,62,90
379,179,58,84
384,191,61,73
386,199,62,81
395,194,52,84
408,174,61,83
408,167,66,91
410,149,69,105
413,163,72,90
418,164,70,88
423,148,64,103
419,154,70,94
422,164,68,82
419,151,71,93
421,154,66,90
418,145,65,98
411,153,66,92
406,142,65,104
404,146,65,99
398,154,71,100
399,163,72,96
402,154,64,83
404,152,58,95
402,150,59,97
397,149,61,97
396,154,59,92
396,148,62,97
395,148,65,98
394,149,64,97
394,149,61,96
396,149,57,98
401,144,53,106
404,143,54,107
411,141,52,110
415,142,53,108
424,145,48,107
428,146,46,111
432,147,46,110
434,146,45,110
432,146,49,110
437,147,44,112
436,147,44,112
439,147,43,111
440,151,45,113
437,150,50,111
436,151,51,115
439,151,48,113
440,151,45,114
438,151,45,112
433,153,47,114
427,154,50,112
425,155,51,113
417,156,57,110
418,155,52,116
417,155,53,114
411,156,58,115
413,158,50,117
407,162,54,114
402,162,56,96
291,54,68,77
290,60,73,82
290,62,70,92
290,62,70,92
290,62,70,92
290,62,70,92
290,62,70,92
290,62,70,92
290,62,70,92
290,62,70,92
290,62,70,92
290,62,70,92
290,62,70,92
290,62,70,92
290,62,70,92
290,62,70,92
290,62,70,92
290,62,70,92
290,62,70,92
290,62,70,92
290,62,70,92
290,62,70,92
290,62,70,92
290,62,70,92
290,62,70,92
290,62,70,92
290,62,70,92
290,62,70,92
290,62,70,92
290,62,70,92
290,62,70,92
290,62,70,92
290,62,70,92
290,62,70,92
290,62,70,92
290,62,70,92
290,62,70,92
290,62,70,92
290,62,70,92
290,62,70,92
290,62,70,92
290,62,70,92
290,62,70,92
290,62,70,92
290,62,70,92
290,62,70,92
290,62,70,92
290,62,70,92
290,62,70,92
290,62,70,92
290,62,70,92
290,62,70,92
290,62,70,92
290,62,70,92
290,62,70,92
343,232,59,82
343,232,59,82
343,232,59,82
365,251,58,94
341,252,71,104
335,246,85,118
340,243,94,127
338,238,105,141
346,239,119,142
356,239,142,144
354,211,170,156
359,230,181,151
363,235,175,144
371,235,178,149
376,237,182,145
381,238,180,142
389,243,180,137
396,245,177,135
404,243,178,140
411,247,178,135
417,252,178,131
423,253,189,129
435,247,181,135
442,252,185,129
445,256,194,126
453,253,190,121
464,255,182,124
468,252,187,123
472,247,193,131
478,239,194,137
486,238,189,140
485,234,196,146
489,222,197,152
491,229,191,151
491,225,209,154
446,230,245,151
382,191,234,190
345,172,247,204
334,171,263,202
333,166,262,205
328,171,266,199
333,166,240,212
352,173,253,203
435,196,239,185
439,218,244,167
436,213,237,162
431,225,240,151
381,235,232,144
413,249,193,133
416,261,181,120
556,136,155,131
525,127,118,147
536,121,93,177
544,107,76,164
533,107,76,186
526,106,80,185
511,103,89,170
507,101,90,191
496,99,100,186
493,92,100,190
446,261,128,157
442,272,152,116
464,73,116,121
463,63,92,114
465,58,72,109
465,52,67,113
465,49,66,113
462,50,60,112
461,53,57,114
460,59,56,116
457,68,60,117
455,74,64,120
456,82,63,124
458,86,60,126
456,90,66,127
458,87,60,127
457,85,60,127
457,85,56,125
457,78,53,125
457,76,54,127
456,76,56,127
457,78,56,123
458,82,56,124
453,85,62,129
452,91,66,130
444,101,75,137
445,111,74,140
438,126,86,129
438,140,82,113
424,154,90,100
423,257,108,106
387,243,133,118
395,191,148,157
398,193,157,167
395,195,164,171
399,200,159,174
395,203,163,172
395,206,162,172
400,211,159,170
397,202,161,175
396,211,162,171
397,187,163,192
394,230,167,153
399,205,160,175
397,210,162,169
398,215,164,167
399,221,159,160
394,229,162,146
390,237,167,143
394,226,160,152
394,219,159,162
390,220,162,159
388,217,163,164
390,223,164,158
390,218,163,163
389,220,161,158
383,219,169,159
376,221,176,158
385,234,168,145
381,228,171,151
386,226,165,154
386,221,164,160
386,223,162,156
383,213,167,166
384,205,169,174
379,215,168,166
383,222,167,158
382,213,167,164
387,189,161,189
386,195,161,186
388,214,162,166
388,197,162,183
386,202,161,178
380,213,171,170
381,199,171,177
383,198,167,183
385,206,163,173
384,204,167,176
384,203,166,176
384,215,164,164
386,196,164,183
388,200,161,181
385,208,168,173
391,203,160,177
388,207,162,172
395,213,156,169
397,200,153,178
393,191,157,187
390,209,163,172
388,184,166,196
395,199,161,180
390,209,159,170
390,198,162,181
393,194,157,187
390,213,159,172
387,210,166,169
387,211,165,170
392,204,161,174
390,197,162,181
389,216,165,165
386,212,164,167
383,211,169,168
380,209,171,168
380,204,172,173
375,201,176,180
377,200,176,180
373,193,175,186
374,189,174,191
369,186,181,192
372,187,177,189
371,185,176,191
370,177,177,196
364,172,184,210
363,162,185,215
360,157,186,222
358,152,190,236
359,135,190,250
363,124,187,258
366,119,185,262
365,103,182,275
362,94,187,280
370,118,175,260
364,90,183,284
361,84,184,289
370,130,173,244
372,83,172,285
358,111,190,262
356,78,187,290
361,80,181,289
350,77,191,287
361,136,178,224
351,89,194,260
361,87,180,271
356,85,183,275
359,87,182,274
355,84,188,269
354,84,189,267
357,86,185,274
359,84,187,255
360,85,187,264
355,82,191,261
355,83,189,262
352,86,195,259
355,84,188,254
352,90,191,259
358,90,189,245
356,89,178,258
357,91,182,263
350,87,194,257
358,86,180,268
360,89,179,252
354,88,187,254
356,87,185,254
355,89,188,254
355,85,189,257
353,85,187,254
357,85,182,257
361,80,178,259
355,81,188,261
363,76,180,269
369,70,180,279
378,66,173,281
382,61,171,289
380,62,173,281
390,58,163,284
400,52,152,289
392,107,161,239
389,132,168,208
398,152,159,181
394,167,163,172
395,177,159,158
393,200,162,137
389,209,164,129
390,179,172,158
393,210,163,128
400,205,156,125
397,191,160,136
392,159,167,171
401,141,157,180
397,148,160,165
398,156,162,165
397,162,165,164
399,169,161,166
397,179,163,162
395,183,164,160
396,188,157,159
394,197,162,156
395,207,161,153
401,203,157,165
398,205,168,168
396,213,164,164
403,209,151,166
400,207,147,172
393,210,158,169
386,224,158,153
377,240,162,133
367,217,185,148
363,230,173,135
362,232,173,127
369,210,166,139
373,205,171,148
373,203,168,149
379,210,157,139
377,212,159,140
379,205,161,143
385,205,152,144
385,207,156,141
372,210,166,134
363,210,179,140
350,215,180,132
344,219,177,131
326,220,195,140
320,217,200,140
317,227,201,134
310,227,195,135
295,221,194,140
294,230,176,128
287,226,171,127
276,224,175,125
268,228,175,119
261,230,158,121
248,232,164,127
406,191,125,150
392,176,130,154
243,219,160,144
232,236,167,125
232,242,167,122
241,229,150,132
248,216,144,142
254,215,137,144
253,220,136,143
252,212,141,157
257,209,131,158
258,210,128,156
253,215,129,150
257,238,124,129
258,236,120,129
256,233,121,127
253,226,126,130
257,218,121,134
252,220,124,135
252,232,125,125
251,237,123,128
245,238,126,123
242,237,127,123
240,239,126,128
237,241,126,125
237,241,128,130
231,242,134,131
229,242,133,134
226,243,134,132
221,243,137,134
216,243,141,135
213,245,139,131
210,243,136,129
204,241,139,137
206,239,134,134
197,239,139,134
195,234,134,135
191,236,139,137
194,234,133,139
188,235,136,134
186,236,142,133
180,234,146,136
175,233,159,129
178,234,151,129
182,235,150,131
183,233,152,132
192,235,146,127
194,235,145,134
194,233,147,135
193,235,147,137
193,238,149,137
188,237,154,142
193,243,146,134
192,243,150,138
193,243,148,135
193,240,156,138
196,238,149,135
199,238,150,137
200,238,153,134
201,237,153,134
203,237,155,135
206,240,157,130
210,239,153,131
213,239,146,130
217,240,154,126
217,240,158,122
225,236,152,129
227,235,148,133
230,238,152,125
237,240,148,122
242,239,143,129
247,238,144,127
249,238,140,132
249,237,144,130
252,232,144,136
258,238,141,125
261,236,140,126
264,237,140,122
269,234,139,124
274,234,139,122
273,229,139,123
276,226,141,127
280,223,137,125
278,222,145,122
282,220,146,120
289,214,131,124
291,216,141,121
292,214,141,123
292,215,141,119
293,214,143,124
291,218,155,118
293,208,155,128
292,206,164,131
295,209,154,131
291,213,161,133
289,215,164,134
287,224,170,133
290,239,167,138
294,249,164,132
298,256,164,126
294,262,171,117
295,257,173,125
293,248,178,132
301,252,174,132
314,253,159,131
320,253,173,129
327,249,178,130
337,241,178,133
347,234,196,143
351,230,215,148
355,226,233,147
361,225,227,153
367,227,226,147
371,224,225,146
371,226,228,147
370,223,238,144
371,225,244,145
377,228,243,138
384,228,238,140
385,226,237,148
390,225,232,148
395,218,223,159
395,228,234,150
400,217,227,160
401,196,233,182
405,186,240,192
421,185,229,191
430,185,220,189
439,210,203,164
436,190,220,189
450,182,203,191
455,232,177,147
449,246,172,135
459,230,162,151
464,224,152,151
460,207,159,169
452,200,174,181
456,188,162,189
454,181,165,194
450,166,171,209
453,230,166,172
455,244,158,137
457,250,150,112
453,249,153,115
456,247,142,115
452,246,150,113
457,244,143,115
448,244,156,113
456,245,150,111
454,246,151,109
453,244,155,112
451,244,161,109
454,244,155,113
450,244,160,114
447,244,163,114
449,244,159,114
447,245,161,114
447,242,156,118
448,242,154,114
449,241,153,113
445,241,159,116
448,242,156,116
446,242,160,115
450,245,153,108
447,239,156,114
442,239,165,113
447,239,156,111
445,241,161,108
445,241,163,111
447,240,168,112
447,239,161,115
449,239,156,112
448,240,159,109
449,238,158,111
449,237,155,110
445,238,161,110
447,239,160,110
445,238,164,108
445,239,165,111
441,239,173,109
445,239,171,112
444,240,172,108
444,240,170,108
440,242,174,106
435,240,177,108
435,240,179,111
437,241,173,112
435,243,175,117
433,243,177,115
431,249,176,115
431,251,172,117
426,250,168,121
422,254,167,122
416,260,171,118
414,273,163,105
412,284,162,96
407,287,161,92
408,293,160,88
420,181,155,114
402,185,169,107
466,166,146,137
404,238,152,148
408,230,163,156
396,237,173,148
396,236,168,153
397,232,169,155
392,227,163,162
396,221,156,165
412,195,139,185
373,232,135,158
369,209,140,178
370,187,165,204
360,188,184,205
354,185,193,203
354,247,182,153
350,260,177,123
342,270,179,112
339,283,178,97
335,279,175,98
332,274,174,102
324,271,180,111
326,266,181,116
328,260,177,120
326,255,181,124
326,250,183,129
330,246,180,132
327,243,184,130
330,238,181,135
335,234,177,138
332,232,179,132
336,228,176,130
343,224,173,131
345,219,175,131
347,219,182,131
357,215,173,125
365,205,172,139
373,188,164,156
368,179,169,162
373,185,166,152
373,182,167,154
372,183,174,150
373,185,174,148
374,183,180,149
375,182,180,155
372,187,191,149
375,189,189,145
378,192,186,136
375,194,194,136
385,196,193,130
388,193,190,136
385,192,194,141
380,193,200,144
383,201,192,134
385,200,189,134
383,197,192,137
388,190,188,142
393,185,187,139
403,180,176,134
397,170,175,150
410,177,173,147
420,179,160,138
434,196,142,156
385,205,172,149
393,210,194,140
385,219,195,141
374,223,198,141
359,226,207,147
325,224,238,163
309,221,250,167
289,215,255,161
259,209,270,158
242,200,272,156
238,178,264,172
178,154,303,182
149,142,301,181
433,93,288,217
419,67,302,231
388,96,340,273
411,31,311,332
437,17,286,356
441,11,283,336
454,1,276,365
461,13,270,358
101,90,304,330
457,23,283,344
473,9,267,361
466,12,272,359
474,11,269,366
476,16,265,362
465,26,275,349
475,22,264,356
480,16,256,362
477,30,258,344
476,24,260,349
472,38,264,334
463,31,271,344
458,22,279,356
413,20,325,353
427,15,318,355
