341,162,29,86
335,157,35,87
327,157,41,86
320,156,49,85
316,147,54,95
312,144,56,97
307,140,61,99
306,139,61,103
302,135,58,108
297,135,66,106
291,131,67,108
297,151,71,90
310,154,60,90
319,187,52,76
324,170,50,80
311,163,57,79
308,158,60,86
324,188,53,68
315,178,53,64
316,185,56,59
324,190,48,55
320,186,50,58
326,190,45,51
325,191,50,51
320,193,52,47
330,187,44,55
331,193,44,48
320,176,50,58
325,175,48,64
333,174,44,65
337,175,48,64
341,175,53,64
329,167,43,76
336,163,38,79
346,176,31,83
346,158,30,87
350,177,29,76
343,175,40,76
348,174,41,70
331,173,50,68
331,173,50,68
341,160,55,80
341,160,55,80
341,160,55,80
326,164,64,72
334,161,52,68
332,153,50,74
325,143,55,88
325,135,49,95
333,132,46,96
325,131,56,109
314,129,64,112
312,126,61,121
305,124,73,121
309,138,66,110
312,163,62,85
312,169,58,76
324,181,53,68
318,191,55,53
323,191,50,51
332,193,43,47
324,194,47,47
334,195,41,40
336,194,40,45
340,194,36,45
344,193,32,44
345,194,31,45
342,193,35,45
343,194,32,45
345,198,33,42
346,201,31,39
346,203,31,36
347,193,29,40
346,193,30,45
346,193,29,46
347,193,29,48
346,194,30,47
346,193,30,46
344,194,32,45
345,193,32,46
346,194,31,44
346,194,30,44
347,193,29,43
347,194,29,44
347,196,31,43
345,196,31,42
347,195,30,41
346,194,31,44
349,196,30,43
347,199,29,42
338,198,35,42
347,191,35,46
347,185,42,52
344,181,50,56
342,167,59,66
355,152,52,69
352,153,55,75
352,153,57,75
352,153,57,75
348,159,62,69
348,159,62,69
348,159,62,69
348,159,62,69
348,159,62,69
348,159,62,69
348,159,62,69
356,157,58,67
365,157,49,66
365,157,49,66
372,157,45,61
372,157,45,61
372,157,45,61
372,157,45,61
372,157,45,61
372,157,45,61
372,157,45,61
372,157,45,61
372,157,45,61
348,200,46,55
346,203,40,49
347,212,40,38
349,212,38,37
350,212,37,37
349,212,40,38
351,214,40,36
354,214,39,36
355,216,39,36
354,216,41,36
356,217,40,37
349,217,48,37
355,217,42,37
354,218,41,37
355,219,43,39
350,221,42,37
386,185,34,42
389,179,32,47
393,177,29,46
388,183,35,58
387,177,35,64
384,177,38,69
382,177,39,70
350,196,40,68
352,210,38,57
347,216,39,50
345,223,39,42
348,228,38,37
350,230,36,36
350,234,35,33
391,193,37,38
394,193,32,40
395,189,29,46
394,185,29,53
395,185,31,53
393,185,35,53
391,184,39,56
398,185,34,52
393,185,37,53
396,184,37,54
391,183,42,57
395,183,41,59
397,183,41,60
399,185,41,54
400,186,43,55
404,187,44,51
406,187,43,52
407,187,45,53
411,187,38,52
413,188,33,50
411,194,38,47
414,192,37,47
417,191,33,45
413,199,35,40
411,193,37,44
409,191,38,43
410,191,36,48
410,190,33,51
410,190,33,52
406,192,36,51
404,192,37,53
405,194,33,56
402,193,32,56
401,193,30,55
401,192,27,55
399,192,29,57
398,192,29,56
394,190,32,56
392,187,34,55
390,183,35,58
389,177,35,61
384,177,40,63
376,174,46,65
372,173,49,68
367,173,53,70
365,176,54,66
369,175,51,67
380,178,44,64
374,178,48,66
366,177,56,66
365,178,58,64
359,176,59,65
362,176,59,64
371,173,55,67
377,172,50,70
375,170,54,61
377,169,56,51
389,169,46,44
391,170,47,45
390,171,48,44
393,173,43,42
394,174,39,42
390,176,41,39
383,177,46,43
377,178,49,46
374,177,48,46
368,173,48,48
368,176,44,45
371,181,40,38
368,193,38,30
377,203,37,31
384,204,33,33
375,198,35,31
374,191,34,31
376,193,29,30
372,187,28,32
379,183,24,29
382,184,21,25
382,182,20,19
382,182,18,16
382,182,18,16
382,168,14,20
385,167,15,25
389,168,15,27
391,171,18,29
394,170,18,30
394,167,19,32
392,174,21,26
395,183,17,24
395,183,17,24
395,183,17,24
395,183,17,24
395,183,17,24
395,183,17,24
395,183,17,24
395,183,17,24
395,183,17,24
395,183,17,24
395,183,17,24
360,199,15,23
348,175,19,22
348,175,19,22
348,175,19,22
348,175,19,22
352,178,15,20
352,178,15,20
352,178,15,20
352,178,15,20
352,178,15,20
352,178,15,20
352,178,15,20
352,178,15,20
376,169,21,21
370,177,23,18
365,181,23,22
362,185,21,20
361,188,18,17
361,188,18,17
361,188,18,17
361,188,18,17
361,188,18,17
361,188,18,17
361,188,18,17
361,188,18,17
361,188,18,17
361,188,18,17
361,188,18,17
361,188,18,17
361,188,18,17
361,188,18,17
361,188,18,17
361,188,18,17
361,188,18,17
361,188,18,17
361,188,18,17
361,188,18,17
361,188,18,17
361,188,18,17
361,188,18,17
361,188,18,17
361,188,18,17
361,188,18,17
399,210,20,20
399,210,20,20
399,210,20,20
399,210,20,20
399,210,20,20
399,210,20,20
399,210,20,20
399,210,20,20
399,210,20,20
399,210,20,20
399,210,20,20
399,210,20,20
399,210,20,20
399,210,20,20
399,210,20,20
399,210,20,20
399,210,20,20
436,208,23,22
436,208,23,22
436,208,23,22
436,208,23,22
436,208,23,22
469,200,24,25
467,195,20,24
461,196,19,29
459,196,25,32
459,153,24,36
443,127,30,31
431,133,34,25
421,131,37,27
412,139,34,32
408,140,30,36
406,125,34,39
392,133,40,47
387,130,39,56
381,130,41,60
378,134,43,55
371,138,44,48
369,136,44,47
367,143,45,44
367,142,46,42
367,145,43,37
363,145,40,32
360,139,42,37
355,135,45,39
356,135,44,36
355,138,46,38
353,136,46,38
366,136,34,37
368,137,35,40
371,137,32,44
374,135,30,40
378,141,26,35
376,140,27,40
380,138,25,36
381,138,24,33
379,139,26,33
378,142,23,32
368,137,30,34
364,134,32,36
366,134,30,31
365,137,30,32
365,137,29,32
367,138,29,29
367,139,31,30
369,141,34,31
368,142,37,33
376,149,34,30
380,150,31,33
381,150,36,30
391,145,32,34
399,142,32,34
406,147,35,32
412,153,35,38
416,151,39,38
414,152,46,32
416,157,52,27
427,162,50,35
428,154,54,43
431,158,51,43
434,165,52,43
433,180,53,60
444,174,41,66
448,178,36,61
445,180,37,62
445,180,37,62
455,151,30,70
456,150,29,80
455,134,31,90
453,145,32,95
442,166,42,82
445,168,39,75
453,162,31,81
454,169,30,73
445,187,38,70
451,174,37,67
437,188,47,69
455,173,35,71
455,173,35,71
457,165,35,76
460,165,33,78
457,173,36,80
458,163,34,81
456,165,37,86
451,185,44,73
451,187,43,65
453,187,38,56
453,187,37,55
452,191,37,50
453,193,36,48
453,192,37,50
452,192,36,51
450,192,38,52
452,193,36,51
452,191,35,52
449,191,38,54
450,191,36,50
451,190,36,53
452,189,35,52
451,188,35,53
453,187,32,50
456,187,32,51
452,187,34,50
454,188,33,50
452,187,35,50
454,188,33,49
454,187,32,51
455,188,31,49
454,188,33,51
453,188,34,53
452,187,34,53
454,188,32,49
453,188,35,51
453,188,34,48
451,189,36,50
453,190,35,47
452,190,36,48
452,189,37,49
453,188,35,49
453,189,35,48
454,187,33,53
451,188,36,52
452,187,36,53
452,187,35,50
450,188,37,52
452,188,35,49
451,188,36,51
453,188,33,48
452,188,34,53
452,188,35,50
453,188,34,50
454,187,33,49
452,188,35,50
453,187,34,51
453,188,34,48
453,188,34,50
454,188,34,46
451,188,36,48
454,188,32,48
452,188,34,51
453,188,33,47
453,188,34,50
454,188,32,49
453,188,35,51
453,187,34,50
452,188,33,49
454,188,33,50
452,188,35,51
453,188,34,51
453,187,35,49
453,188,33,49
454,189,33,47
452,188,35,52
453,187,35,51
452,187,34,51
453,188,34,48
451,188,36,51
454,188,34,48
452,187,36,50
454,188,35,52
452,187,34,53
453,188,34,50
454,187,32,50
453,189,34,45
453,188,34,50
454,187,34,52
451,187,36,52
453,188,34,50
453,188,34,47
451,188,36,52
453,186,35,54
454,187,34,52
455,187,32,52
454,187,33,50
453,187,34,53
452,187,35,53
454,188,32,48
452,187,35,52
453,188,34,52
453,188,34,50
452,188,35,49
451,188,35,50
454,188,34,50
454,187,33,50
452,187,34,51
453,189,34,50
454,187,32,52
454,187,33,52
453,188,32,50
454,188,34,47
453,188,34,47
452,188,35,51
453,187,33,52
454,187,32,51
453,188,32,50
454,187,33,48
452,188,33,48
454,188,33,48
452,187,34,52
454,188,32,50
453,188,33,49
453,188,34,51
454,187,31,50
455,188,31,45
451,188,35,49
453,188,34,49
452,188,34,52
454,187,32,50
451,187,34,49
453,188,33,46
452,188,34,50
453,187,32,48
453,188,32,51
454,188,32,48
453,187,33,52
455,187,31,50
452,187,34,49
453,186,33,51
453,188,34,49
453,188,33,48
452,188,34,48
453,188,33,45
452,188,34,50
453,188,34,51
452,187,34,53
454,188,32,52
454,188,31,49
452,188,35,50
453,187,33,52
453,188,33,48
454,188,32,53
454,188,32,51
453,188,34,48
452,188,34,49
454,188,33,51
453,188,34,52
454,187,33,50
453,187,31,49
454,187,32,49
452,187,33,51
454,186,32,51
452,188,34,52
454,188,34,50
453,188,32,47
452,188,33,50
454,187,33,49
451,187,34,51
452,188,34,48
452,189,34,45
452,188,35,52
453,187,33,50
452,187,33,51
453,187,33,50
453,188,31,48
452,188,34,50
454,188,32,49
455,188,32,49
452,188,34,50
453,187,33,52
455,188,32,48
453,188,32,49
452,187,34,51
452,188,35,50
454,189,33,46
453,189,35,47
453,190,36,47
453,190,36,48
452,188,37,51
455,189,36,49
453,189,38,50
454,191,39,50
452,194,41,48
454,194,39,47
453,192,38,47
454,190,32,51
452,187,31,53
454,186,28,50
454,186,29,52
454,186,27,50
454,186,26,53
453,183,28,57
454,184,22,56
451,184,27,56
454,184,22,57
451,185,27,55
452,181,28,57
454,178,25,61
454,173,27,66
453,181,30,60
454,182,28,55
453,186,33,49
453,187,31,46
453,187,29,49
454,187,29,49
453,187,27,52
454,186,28,48
454,187,26,48
454,187,27,48
454,187,24,50
457,188,29,51
453,187,33,50
453,188,32,49
454,185,29,52
454,188,29,47
455,184,28,52
455,186,28,50
454,186,29,49
453,183,29,54
454,182,27,54
454,178,26,60
455,176,27,63
456,171,25,70
457,169,25,71
455,174,29,65
455,168,31,72
454,179,35,62
453,180,39,59
454,180,35,59
452,186,36,53
453,187,32,49
453,187,31,50
454,187,29,46
454,187,28,49
454,186,25,49
454,186,28,49
454,185,32,52
454,187,31,50
454,187,29,48
454,187,30,47
455,187,27,46
454,186,27,47
453,184,29,54
453,180,26,60
453,174,26,67
454,172,28,71
455,168,27,74
455,169,26,73
455,168,27,72
455,169,28,71
456,170,29,70
456,165,32,75
454,173,35,69
456,168,36,74
456,164,37,78
452,181,37,62
453,187,34,54
453,187,31,50
454,186,28,50
454,186,34,51
453,187,34,51
454,188,32,51
453,187,31,52
454,187,29,47
454,187,28,48
454,184,29,53
454,182,29,58
454,180,28,59
452,176,30,65
454,172,27,69
455,169,25,74
456,167,26,75
456,168,26,74
457,165,25,78
455,167,29,73
456,162,30,78
455,171,32,70
456,165,34,75
457,168,33,72
454,165,38,77
456,158,36,84
455,166,39,76
455,164,38,77
456,162,38,80
457,157,36,85
456,151,38,91
459,153,32,91
456,145,33,92
456,147,30,95
456,148,28,93
454,153,30,89
455,160,28,84
454,149,30,92
454,163,27,79
453,168,28,72
454,170,27,72
454,169,28,72
455,169,28,71
456,167,27,73
454,168,29,72
455,167,29,73
455,162,31,78
455,156,32,85
455,152,35,91
456,141,37,101
457,144,37,101
457,133,36,108
458,142,37,107
458,131,37,117
461,132,33,116
455,132,37,112
454,132,37,109
454,135,35,106
457,139,30,102
455,147,31,91
456,148,27,91
455,152,29,90
454,140,29,94
455,140,29,96
455,139,31,100
455,143,29,96
454,145,30,98
454,135,29,102
456,146,29,95
456,142,28,95
455,148,31,93
457,145,32,96
455,136,33,104
457,145,34,98
455,133,38,109
459,131,36,111
458,137,37,115
456,131,39,111
457,135,38,115
458,130,37,120
455,129,41,118
455,132,39,110
454,131,38,110
455,132,35,106
456,133,31,104
456,137,30,105
456,134,28,100
455,135,28,102
456,133,29,104
456,137,28,97
454,132,32,106
454,133,30,105
456,133,30,108
454,134,31,105
456,133,30,109
456,132,31,109
456,137,32,105
457,133,34,105
457,145,35,99
456,136,36,107
456,131,38,109
456,130,39,114
456,132,37,109
457,130,37,114
456,131,36,109
456,131,38,112
457,131,35,114
458,133,32,107
456,133,32,109
455,132,32,109
456,134,28,104
456,133,31,110
455,133,31,105
455,136,30,103
456,134,30,106
455,133,30,109
455,136,30,103
456,139,27,97
457,137,29,101
456,138,30,104
456,135,30,105
456,132,32,109
457,135,32,105
457,133,33,106
457,131,36,113
456,133,36,109
457,131,37,115
456,131,40,113
456,131,38,114
456,132,38,108
455,133,39,108
455,130,37,115
456,132,34,110
455,133,34,105
456,132,32,110
457,132,28,109
457,132,29,111
456,135,29,104
453,134,30,108
455,133,29,106
456,134,29,102
455,136,28,98
456,135,30,102
456,134,27,106
456,137,31,104
456,137,31,101
455,138,32,104
455,131,33,109
455,133,35,109
456,131,36,111
455,131,37,115
457,132,36,111
455,133,38,108
455,133,38,108
456,132,39,111
457,132,36,107
456,134,35,107
454,135,38,107
456,133,34,108
455,136,32,103
455,138,32,100
454,136,32,100
455,135,30,103
455,136,31,105
455,132,30,109
456,133,28,106
456,134,27,102
456,134,28,105
455,133,30,108
457,134,28,108
456,136,29,105
454,132,32,109
457,134,32,109
456,131,33,111
455,134,32,108
455,134,36,106
456,133,35,109
458,133,34,113
456,133,37,108
456,132,38,109
457,131,36,113
456,129,36,112
458,130,32,111
457,133,33,107
454,134,34,109
455,133,31,111
455,135,31,103
456,131,30,109
456,131,30,112
456,134,30,108
456,133,29,106
457,131,28,112
456,132,28,110
457,131,30,111
456,133,30,107
456,136,31,103
456,134,32,106
455,131,33,110
456,133,32,108
455,133,35,109
456,133,34,112
454,135,37,108
456,136,36,105
455,135,37,104
455,133,39,109
455,133,38,109
455,133,38,112
455,133,35,109
455,133,35,106
456,132,33,109
455,133,31,108
455,133,30,105
456,135,30,103
455,133,30,106
456,133,29,107
455,133,32,106
456,134,30,104
455,134,30,105
457,136,30,101
457,134,29,105
456,136,29,103
456,135,31,102
456,136,32,104
455,136,31,105
456,136,32,106
455,132,33,106
456,133,34,110
456,134,36,105
457,134,35,106
456,133,36,109
455,134,37,109
456,133,35,107
456,134,34,106
455,133,34,108
455,133,34,106
455,136,32,103
456,135,31,104
457,133,28,105
455,134,29,105
455,135,29,100
455,133,31,105
456,133,30,108
456,131,29,109
456,132,28,106
454,134,31,107
455,135,32,103
456,136,30,105
455,133,32,109
455,132,31,111
456,133,33,109
456,135,33,102
455,130,34,112
456,131,36,113
456,131,33,111
456,131,34,112
456,130,35,112
456,131,35,111
456,131,33,111
455,132,35,111
456,133,32,107
455,134,33,109
456,131,31,109
455,133,32,107
456,132,30,108
456,133,29,107
457,133,29,110
456,132,29,106
457,135,30,103
455,133,30,108
455,132,32,110
455,135,32,104
457,132,27,109
457,132,29,110
457,132,29,113
456,130,32,113
456,133,33,110
455,133,33,108
456,135,33,104
456,133,33,107
456,132,33,110
456,132,35,110
456,131,35,111
456,130,35,114
456,131,34,111
456,133,34,107
457,132,32,109
456,133,32,107
456,133,32,110
456,134,31,107
456,133,28,104
455,133,31,105
457,133,30,108
457,132,30,109
456,133,31,106
456,133,31,108
456,133,29,105
457,132,29,108
456,134,30,106
456,134,31,104
456,133,31,107
456,136,32,103
456,135,32,107
456,131,32,109
457,133,32,107
457,132,33,106
457,131,33,111
456,132,35,110
456,131,35,110
457,132,33,106
456,133,33,104
457,132,32,106
456,133,32,107
456,135,32,102
456,137,31,102
454,136,32,103
456,132,30,109
455,131,32,110
456,133,30,110
458,132,26,108
455,131,31,112
456,133,30,109
456,131,31,110
455,132,31,111
456,133,31,106
456,133,31,109
456,131,31,111
455,133,32,110
456,133,33,110
456,130,33,113
455,130,35,112
456,130,33,114
455,134,35,107
456,133,33,108
456,133,34,110
456,133,34,108
455,133,33,104
456,133,32,109
455,131,33,111
456,134,32,105
456,132,31,110
456,131,31,110
456,130,30,114
456,130,31,113
456,134,30,103
455,133,30,107
455,132,32,111
455,135,32,108
456,135,30,104
456,134,31,105
456,133,31,107
455,133,32,108
456,135,31,103
455,133,33,108
456,132,34,106
456,132,33,104
455,134,35,108
455,133,35,105
456,133,33,104
456,134,33,102
456,134,33,106
457,136,33,101
455,137,33,102
454,134,34,102
456,135,32,102
455,139,32,97
456,135,31,106
457,132,28,111
457,134,30,107
456,134,29,105
455,133,30,110
457,131,31,112
456,132,30,111
456,133,30,108
456,134,30,109
456,133,31,109
455,134,33,110
455,132,34,111
458,137,29,103
457,134,29,107
457,132,33,111
456,133,33,109
456,136,33,106
458,134,31,106
459,132,30,112
457,134,31,109
459,132,29,110
458,130,30,113
458,130,29,112
462,130,24,115
459,133,27,109
456,134,29,108
455,134,30,108
455,133,32,112
455,132,31,113
458,134,27,106
458,132,28,110
456,133,29,111
458,131,28,113
455,133,30,110
453,134,34,109
455,137,30,103
454,136,32,108
455,134,31,109
457,134,30,108
459,133,30,111
458,133,29,108
457,135,31,107
458,132,30,113
457,132,31,110
459,134,30,110
460,133,28,113
458,133,30,110
457,131,31,112
457,132,32,111
457,131,33,113
457,136,31,105
457,135,29,105
456,135,31,108
456,133,30,113
457,132,28,114
454,135,32,109
455,134,31,108
457,135,28,106
453,132,32,111
455,132,30,111
456,134,28,109
456,137,32,106
457,136,29,104
456,137,31,104
457,133,31,109
457,134,31,107
456,138,32,101
455,136,33,104
456,135,33,107
455,136,33,104
456,135,34,108
449,142,40,99
449,135,40,106
451,138,38,105
450,134,39,113
454,136,33,108
454,135,32,107
452,134,36,107
457,132,31,114
452,133,32,107
455,134,31,108
455,134,31,110
454,133,30,107
455,133,31,107
454,131,31,111
454,130,31,109
453,132,32,109
455,132,32,110
455,133,31,110
458,135,31,107
457,134,30,106
456,133,32,110
457,135,32,107
456,132,33,108
456,132,33,108
458,135,31,103
458,133,30,108
457,135,31,104
458,131,31,113
455,134,34,105
456,134,32,105
456,136,32,104
456,133,31,108
456,134,31,105
455,134,31,107
456,132,31,106
456,132,32,111
456,132,30,110
455,133,31,110
456,133,31,111
456,135,29,103
457,133,30,110
457,134,30,111
456,132,31,111
456,130,30,114
456,135,32,110
455,135,31,104
455,131,33,110
448,134,40,108
453,133,36,107
451,133,38,110
451,133,38,113
453,135,37,107
454,133,33,110
453,133,36,110
451,134,37,111
452,132,35,112
451,132,38,113
452,132,35,114
453,132,33,111
457,135,31,108
454,133,31,106
455,133,31,106
455,135,31,105
456,135,28,106
457,132,29,109
456,134,31,104
455,130,31,111
457,133,29,110
458,134,31,107
456,133,32,108
457,134,31,103
457,136,32,102
457,135,32,105
457,137,32,103
456,134,33,105
458,134,31,108
456,134,32,105
456,137,32,106
458,136,30,106
459,135,28,107
457,134,29,108
458,134,29,110
458,132,28,111
453,135,33,107
455,133,31,110
453,135,31,108
456,139,28,101
455,136,31,108
455,137,29,103
452,134,34,110
455,135,32,108
452,135,33,106
454,133,33,110
456,133,28,111
456,133,30,112
452,132,34,111
454,133,33,112
457,132,30,109
455,133,30,106
456,134,32,109
453,133,34,108
453,133,37,112
452,133,37,107
453,132,36,111
452,132,37,113
445,132,42,99
443,134,43,100
449,132,40,103
456,134,33,107
456,134,30,102
452,133,36,105
457,131,28,109
455,133,31,110
455,135,30,101
457,132,30,108
455,132,30,111
457,134,30,106
458,133,28,109
456,132,30,111
455,135,32,104
456,135,31,102
455,134,32,104
456,133,32,108
457,137,31,103
455,135,32,101
458,135,30,106
457,131,31,110
457,134,32,107
458,133,31,112
456,131,34,109
456,135,32,105
459,137,27,103
457,135,30,107
457,133,31,113
456,133,32,107
458,137,29,103
456,135,29,106
457,132,30,109
457,134,28,107
456,134,30,109
455,133,32,110
456,133,30,109
456,134,31,105
458,134,28,109
456,133,31,109
456,132,32,110
456,132,31,109
456,134,31,106
456,132,31,111
456,134,32,104
457,136,32,100
457,133,31,105
455,133,33,109
457,131,32,113
457,132,32,108
457,133,33,106
456,133,32,111
456,131,32,110
456,134,32,108
456,135,31,102
456,137,32,101
456,137,29,101
456,136,28,100
457,135,28,106
456,134,30,108
457,133,29,110
457,133,29,106
455,134,31,107
457,136,30,101
456,136,29,102
456,134,31,104
455,134,33,106
456,135,32,105
455,136,34,103
456,135,32,104
456,134,34,108
456,136,33,104
456,137,33,102
456,137,33,102
455,133,33,108
457,132,31,107
455,132,34,110
457,130,31,112
456,132,32,110
457,131,30,113
455,132,33,111
457,132,30,110
455,135,31,106
456,132,31,107
456,136,30,102
455,134,30,107
454,134,30,106
457,133,31,110
456,137,30,101
455,136,32,103
456,131,31,111
456,131,30,112
456,134,32,107
457,130,31,109
456,135,31,106
456,136,33,103
456,132,33,109
456,133,34,109
456,133,34,108
456,134,33,110
457,134,32,107
455,136,33,105
455,133,34,108
455,133,33,106
456,135,31,102
454,132,33,110
456,134,32,106
455,132,30,103
454,133,33,107
455,135,31,106
455,134,32,107
456,132,31,112
456,133,29,106
455,133,31,107
455,133,33,107
456,133,31,109
456,134,32,108
456,132,30,111
457,132,30,108
456,132,32,106
456,133,31,107
456,134,33,106
455,132,33,112
456,132,34,112
457,130,34,112
457,132,33,107
457,132,33,107
457,133,32,106
456,134,32,107
456,133,31,107
457,134,31,107
457,131,31,110
457,132,30,111
456,132,31,106
456,135,31,106
457,132,29,107
456,132,31,108
456,133,30,108
457,133,30,110
456,134,31,107
457,132,30,111
456,132,30,109
456,131,32,114
456,132,32,109
457,129,31,113
457,131,32,115
458,132,30,110
457,133,32,108
455,137,34,103
457,135,31,105
458,131,30,110
457,134,31,107
456,132,32,109
456,132,31,109
457,135,32,106
457,132,32,107
456,133,32,109
456,131,32,109
456,132,31,108
456,133,30,105
457,138,29,99
455,138,30,102
457,133,30,105
455,136,31,102
456,137,30,96
456,137,30,102
455,133,32,108
456,135,29,105
456,132,31,109
457,133,30,107
456,134,31,107
456,135,32,105
456,135,31,108
457,132,31,108
457,135,32,105
457,130,32,112
457,134,32,106
457,135,31,104
457,134,31,107
457,132,30,108
456,134,32,106
456,135,31,103
456,132,32,110
456,135,32,106
455,132,31,110
456,132,31,111
456,131,30,112
456,131,30,113
455,135,31,107
456,133,31,107
457,134,29,105
454,135,33,107
456,135,33,106
456,133,31,106
456,134,30,103
456,134,32,107
455,133,34,108
455,132,34,109
456,133,33,106
457,132,32,107
457,135,31,106
455,132,33,111
456,133,32,109
455,134,34,105
455,136,32,101
456,135,33,105
456,135,32,104
455,133,32,106
456,134,31,103
455,135,32,105
456,135,29,98
456,134,30,103
455,135,32,103
456,133,30,109
454,136,33,104
456,135,29,103
457,132,31,110
456,131,31,112
456,135,31,102
456,133,32,106
456,133,32,108
456,135,32,104
456,134,33,107
456,130,33,109
457,131,33,111
456,134,32,106
456,136,33,101
454,137,34,105
455,136,35,105
455,135,33,105
456,133,33,111
456,132,32,108
455,132,34,108
456,133,33,111
456,134,31,104
454,134,31,107
457,134,30,106
456,132,30,111
455,132,32,111
455,133,31,107
455,135,31,103
456,136,29,101
456,135,30,105
456,132,31,110
454,135,32,106
456,133,34,109
456,134,33,105
456,137,32,101
456,132,32,107
455,136,33,103
455,136,34,103
456,135,33,107
455,134,33,106
456,134,34,105
457,134,31,105
456,131,34,109
455,134,34,105
456,134,32,105
457,136,31,101
456,137,31,101
456,135,31,102
456,132,31,107
455,131,30,111
454,133,33,111
456,133,32,107
456,133,30,111
455,133,31,107
456,135,30,101
455,133,30,108
456,132,32,110
455,133,32,109
456,131,32,112
457,134,32,106
456,135,31,107
457,131,32,113
456,132,32,111
456,133,32,108
456,133,33,109
459,134,30,105
456,134,33,106
455,136,33,104
454,138,33,105
457,135,29,107
457,135,29,109
457,136,29,107
458,134,28,110
460,132,24,113
456,133,30,112
454,132,30,111
453,131,30,117
454,130,32,123
453,134,32,108
456,138,30,101
456,133,29,107
460,136,27,106
457,134,28,108
457,134,30,107
458,134,31,109
458,130,30,111
457,134,31,108
457,136,32,103
458,133,30,107
457,132,32,108
457,131,32,112
457,134,32,108
458,133,30,109
458,132,30,108
458,131,29,107
457,132,30,107
455,132,34,110
457,134,31,106
456,131,32,111
458,132,29,113
458,132,27,110
457,131,30,111
458,133,28,105
457,135,28,103
457,134,30,106
458,133,29,107
457,133,30,108
456,131,31,110
457,132,30,112
457,132,29,111
457,134,31,105
456,134,32,105
455,134,33,107
456,132,32,109
456,133,33,108
456,133,33,107
456,135,33,105
457,132,32,108
456,136,32,105
456,136,32,101
457,134,32,107
456,133,32,107
456,133,32,107
457,134,29,108
458,132,29,111
456,132,31,108
455,132,31,110
456,131,30,110
457,132,28,113
457,132,29,111
457,131,29,112
456,131,30,113
456,133,30,112
455,133,31,110
456,132,31,111
457,130,32,113
457,133,31,111
456,132,32,110
457,136,31,105
456,132,31,111
458,133,31,106
457,136,32,102
457,130,30,113
457,132,32,112
456,131,33,113
457,133,32,108
459,133,28,109
457,132,30,110
457,131,31,110
457,133,30,110
456,131,32,111
457,130,31,114
458,131,29,113
456,133,31,110
457,131,31,111
458,132,28,113
457,131,30,112
457,131,29,112
458,133,29,109
457,132,30,109
457,132,30,109
457,134,30,106
456,132,32,111
456,134,32,109
457,133,31,106
456,135,32,105
457,135,32,105
456,132,32,110
458,134,30,105
457,133,30,106
456,132,33,110
457,134,31,107
456,130,32,110
457,134,31,104
456,133,30,109
456,133,30,109
456,132,30,113
457,130,30,110
456,134,30,105
456,133,32,105
456,131,31,110
456,133,31,110
457,130,31,111
456,131,32,111
456,133,32,108
456,134,31,105
455,131,33,110
457,135,30,100
455,134,33,103
456,134,33,104
456,134,33,106
455,132,35,111
456,131,35,109
456,131,33,107
456,132,33,107
457,132,32,110
455,133,32,108
456,135,32,105
456,136,32,102
457,134,32,107
456,134,31,108
456,134,31,107
456,132,31,111
456,134,31,105
456,134,31,107
456,134,30,108
456,132,31,110
456,133,31,109
457,134,30,107
456,135,32,107
456,132,31,108
457,136,33,106
456,136,32,104
455,139,33,100
456,135,31,104
456,133,33,107
456,134,33,108
457,131,32,111
456,137,32,102
455,131,35,112
456,131,32,110
456,134,33,107
457,133,31,110
457,134,29,108
458,130,29,112
456,134,32,107
456,137,31,102
457,133,29,108
457,133,29,110
457,133,30,110
457,134,29,104
457,132,29,110
457,134,29,107
457,133,29,109
457,134,29,105
457,133,30,108
457,132,31,108
457,134,30,106
456,134,33,107
457,133,31,108
456,134,33,105
457,133,31,110
457,133,31,107
456,132,33,109
456,132,34,108
457,133,32,110
457,130,32,110
457,132,31,105
457,138,30,101
458,134,31,105
457,133,31,109
457,134,31,107
456,135,30,103
455,135,30,106
457,134,30,109
457,133,29,109
454,134,31,106
455,134,32,105
456,133,30,107
455,134,30,106
456,135,31,105
457,129,27,113
457,122,25,122
457,122,25,122
457,122,25,122
457,122,25,122
457,122,25,122
457,122,25,122
457,122,25,122
457,122,25,122
457,122,25,122
457,122,25,122
457,122,25,122
457,122,25,122
457,122,25,122
457,122,25,122
457,122,25,122
457,122,25,122
457,122,25,122
457,122,25,122
457,122,25,122
457,122,25,122
457,122,25,122
457,122,25,122
457,122,25,122
457,122,25,122
457,122,25,122
457,122,25,122
457,122,25,122
457,122,25,122
457,122,25,122
457,122,25,122
457,122,25,122
457,122,25,122
457,122,25,122
457,122,25,122
457,122,25,122
457,122,25,122
457,122,25,122
457,122,25,122
457,122,25,122
457,122,25,122
457,122,25,122
457,122,25,122
457,122,25,122
457,122,25,122
457,122,25,122
457,122,25,122
457,122,25,122
457,122,25,122
457,122,25,122
457,122,25,122
457,122,25,122
457,122,25,122
457,122,25,122
457,122,25,122
457,122,25,122
457,122,25,122
457,122,25,122
457,122,25,122
457,122,25,122
457,122,25,122
457,122,25,122
457,122,25,122
457,122,25,122
457,122,25,122
457,122,25,122
457,122,25,122
457,122,25,122
457,122,25,122
457,122,25,122
457,122,25,122
457,122,25,122
457,122,25,122
457,122,25,122
457,122,25,122
457,122,25,122
457,122,25,122
457,122,25,122
457,122,25,122
457,122,25,122
457,122,25,122
457,122,25,122
457,122,25,122
457,122,25,122
457,122,25,122
457,122,25,122
457,122,25,122
457,122,25,122
457,122,25,122
457,122,25,122
457,122,25,122
457,122,25,122
457,122,25,122
457,122,25,122
457,122,25,122
457,122,25,122
457,122,25,122
457,122,25,122
457,122,25,122
457,122,25,122
457,122,25,122
457,122,25,122
457,122,25,122
457,122,25,122
457,122,25,122
457,122,25,122
457,122,25,122
457,122,25,122
457,122,25,122
457,122,25,122
457,122,25,122
457,122,25,122
457,122,25,122
464,127,26,129
462,131,26,128
458,131,30,124
455,131,32,111
458,132,29,111
457,132,31,111
458,129,29,113
457,132,30,112
457,131,30,114
457,132,28,112
457,133,31,110
456,132,30,110
457,132,29,110
457,131,29,111
458,132,29,112
457,133,29,108
456,131,32,112
456,134,32,106
456,134,31,106
457,134,32,106
457,134,31,106
457,133,31,107
457,134,32,106
456,135,33,107
456,131,33,110
456,131,34,111
458,131,30,113
457,133,32,109
457,135,31,102
456,136,32,103
457,132,31,108
457,133,30,106
457,137,30,100
456,135,29,105
458,133,28,110
457,134,29,107
456,134,30,106
456,131,31,110
456,132,30,114
457,132,31,109
457,133,29,110
457,134,29,107
457,135,31,108
456,129,32,111
457,132,31,110
457,135,31,104
456,131,33,111
456,131,33,112
457,130,32,112
456,130,34,113
457,132,32,108
456,133,32,109
457,133,31,110
457,132,31,111
458,132,29,112
457,131,31,109
458,133,30,110
458,131,29,113
457,134,29,109
457,134,30,106
457,132,31,112
456,132,32,109
457,133,31,108
458,132,29,111
457,134,29,107
457,133,31,110
457,131,31,112
457,133,30,106
457,133,31,107
456,136,33,105
457,136,31,105
457,133,32,108
458,134,31,106
457,133,31,109
456,134,33,108
458,135,29,104
457,134,32,108
457,135,31,108
457,135,31,106
459,136,27,103
457,133,30,108
457,135,30,106
457,133,30,107
457,135,30,105
456,132,30,109
457,132,31,111
458,134,28,107
456,136,29,105
457,134,29,106
457,132,29,111
458,132,28,110
458,131,28,113
458,130,28,112
457,131,31,110
457,135,30,106
457,135,30,106
457,133,30,108
457,132,32,108
456,136,33,105
457,132,31,108
457,134,32,103
456,137,32,101
457,133,33,108
457,132,31,109
456,134,31,105
459,132,27,108
458,131,29,110
457,131,29,111
457,133,31,106
456,133,32,108
458,134,27,107
458,133,28,108
459,134,26,108
459,135,26,107
457,133,28,110
457,133,30,104
457,131,30,109
457,133,29,107
457,138,29,100
458,134,28,106
457,134,30,106
456,138,32,102
457,133,31,107
457,134,31,108
457,130,31,109
456,133,33,107
457,134,32,107
457,137,31,101
457,137,31,102
458,137,31,101
456,135,32,103
456,132,32,109
457,133,30,109
457,130,31,113
458,134,30,106
457,132,30,110
458,133,29,109
457,134,30,105
457,133,31,109
457,133,30,110
456,134,30,107
456,134,31,107
456,132,31,110
458,133,30,110
457,135,30,104
457,134,30,107
457,132,31,110
457,132,31,109
457,132,32,110
457,133,32,109
455,136,33,106
456,134,31,108
457,134,31,106
458,134,29,107
458,132,31,109
457,134,31,106
457,134,31,109
457,136,30,105
457,133,29,108
457,132,29,112
457,133,30,110
457,134,30,106
458,134,28,108
457,130,29,113
457,131,30,113
457,134,30,108
458,132,27,109
457,133,29,110
457,133,30,107
457,132,30,109
456,134,30,107
456,134,32,108
457,133,30,107
457,130,31,111
456,132,32,111
458,133,32,109
457,133,32,109
458,132,31,113
457,132,33,110
457,133,32,108
456,134,32,105
455,133,33,109
456,133,33,108
456,135,32,105
458,132,29,108
457,131,30,114
455,131,31,112
456,129,31,113
456,131,31,111
456,131,31,111
456,131,31,111
456,131,31,111
456,131,31,111
456,131,31,111
456,131,31,111
456,131,31,111
456,131,31,111
456,131,31,111
355,150,41,105
357,158,45,98
365,159,47,95
365,159,47,95
336,160,55,91
336,160,55,91
330,159,45,89
330,159,45,89
414,145,60,89
416,151,76,94
410,138,55,101
411,136,57,113
418,122,64,117
407,138,78,113
400,138,87,106
406,125,85,100
397,136,97,116
396,137,98,123
399,138,99,111
399,134,94,117
396,134,105,119
396,140,94,141
397,143,95,153
395,148,95,141
395,147,97,131
396,153,100,115
396,157,95,112
398,158,88,105
397,162,70,91
397,158,74,93
398,158,75,95
402,159,74,100
404,163,74,97
412,166,67,93
427,167,81,89
443,174,72,81
433,164,75,78
425,166,78,66
448,158,85,77
413,154,87,64
404,149,85,71
401,146,81,83
399,143,81,88
389,143,89,96
389,137,91,100
378,137,101,103
372,133,104,106
377,125,105,114
382,127,112,117
374,135,125,109
350,132,139,106
353,127,135,127
348,126,133,150
351,126,117,161
345,132,117,145
341,133,116,125
338,139,113,125
335,144,110,121
338,147,106,107
341,147,100,114
346,150,86,111
347,156,83,100
351,156,75,93
358,163,64,84
361,169,55,80
360,174,52,77
360,174,52,77
324,185,42,62
349,264,52,60
323,194,42,50
323,193,38,49
319,188,37,42
277,200,41,42
274,199,46,45
274,194,44,49
273,191,55,51
320,213,57,52
319,218,54,53
314,212,54,51
309,220,55,57
291,194,61,52
306,204,46,54
307,200,37,46
307,200,37,46
307,200,37,46
307,200,37,46
307,200,37,46
307,200,37,46
268,210,27,46
259,206,25,47
259,206,25,47
259,206,25,47
259,206,25,47
259,206,25,47
259,206,25,47
259,206,25,47
259,206,25,47
259,206,25,47
332,198,29,47
327,193,32,52
325,192,35,55
324,191,37,53
328,193,31,51
328,193,32,51
327,194,33,52
324,193,35,51
322,193,39,52
324,193,37,51
324,193,36,51
322,194,38,51
323,194,38,50
323,193,37,53
324,192,36,53
326,190,34,54
326,194,33,53
322,194,37,50
323,192,37,52
323,193,37,52
325,191,35,52
327,194,33,52
322,194,37,48
322,194,37,52
324,193,36,49
323,194,36,53
325,193,35,52
323,192,36,50
324,193,35,54
324,191,36,53
322,195,38,52
326,192,34,50
324,194,35,53
325,192,35,52
325,192,35,54
325,191,34,51
327,192,32,52
323,191,37,53
325,194,35,50
326,192,35,52
327,191,32,52
327,194,31,49
325,192,33,52
322,194,38,50
327,193,33,51
323,193,37,52
324,193,36,52
323,193,38,52
325,192,36,52
326,192,33,52
325,193,34,52
327,192,32,49
325,193,34,53
325,191,35,50
325,194,35,50
325,192,33,53
323,191,36,50
323,195,37,50
322,192,38,53
324,192,36,51
327,193,32,51
324,193,35,52
323,193,38,51
324,193,36,52
325,193,34,52
321,187,37,59
342,180,34,64
342,180,34,64
342,180,34,64
342,180,34,64
342,180,34,64
329,191,30,57
324,193,34,51
324,194,35,51
325,193,34,51
324,194,35,50
325,192,36,52
326,194,33,52
327,192,33,51
323,193,38,52
323,191,37,54
325,193,36,51
324,191,37,54
327,193,32,51
323,193,36,53
322,192,39,52
324,194,36,50
323,193,39,51
327,192,35,52
324,192,36,53
324,195,36,51
324,193,37,51
324,192,37,52
324,192,36,53
324,193,36,51
325,195,34,52
324,193,36,52
325,194,34,51
324,193,36,54
325,193,34,51
327,194,32,53
326,192,35,51
328,194,32,51
329,194,31,52
327,193,33,52
327,194,34,52
324,193,40,55
336,196,49,54
449,146,41,50
449,149,37,47
449,148,35,48
456,154,31,45
458,149,27,50
456,150,29,49
457,147,28,53
459,149,26,49
460,148,25,54
459,148,24,55
459,149,25,53
459,150,25,50
460,151,25,53
460,146,23,55
458,147,26,59
458,147,26,55
457,147,27,60
457,148,26,55
455,147,27,52
452,149,30,50
456,145,29,55
458,147,26,51
458,150,25,53
456,149,28,54
458,150,28,51
458,149,27,56
457,147,27,57
458,149,27,52
458,148,27,54
456,147,29,52
457,147,28,53
460,147,24,46
458,152,27,48
455,148,29,50
454,149,30,45
456,149,29,49
455,150,30,48
457,145,27,54
458,144,27,56
458,148,26,53
458,148,26,50
460,148,23,43
459,149,24,45
460,150,23,50
460,147,25,47
458,149,25,52
459,148,25,48
462,148,23,46
463,150,22,49
462,149,23,44
458,155,27,48
460,149,26,51
460,148,25,49
460,148,25,47
462,147,24,48
462,145,23,48
460,149,25,55
460,147,25,56
460,148,25,50
460,148,25,48
460,148,25,45
460,151,25,43
461,148,23,45
462,148,22,45
460,152,24,47
460,149,24,44
461,149,23,44
461,153,22,47
459,148,25,47
460,148,25,47
460,149,25,45
461,149,23,43
462,149,23,43
461,148,23,44
463,147,22,45
463,148,22,44
465,148,20,43
462,149,22,43
464,148,21,43
461,152,23,41
462,151,23,41
462,149,22,44
462,148,22,44
462,148,23,45
463,147,22,45
460,149,24,45
462,150,22,43
461,149,24,44
461,147,23,46
460,149,23,45
460,149,24,45
461,149,23,43
461,150,23,43
461,149,22,43
461,149,22,42
462,150,22,43
461,150,23,42
461,149,24,44
461,148,24,46
461,149,24,45
