324,156,92,58
327,157,91,57
324,155,93,59
325,155,95,58
327,157,87,60
325,155,90,61
329,157,90,59
325,158,91,58
327,158,92,59
326,160,88,56
329,157,90,59
328,159,91,56
328,156,90,57
329,155,92,58
330,155,90,63
330,153,86,58
331,155,88,59
330,154,92,60
328,151,93,58
331,154,90,60
330,156,88,59
333,153,88,59
329,151,88,59
330,152,96,60
329,154,94,58
331,152,90,60
329,152,91,59
331,150,89,61
330,152,91,60
331,150,92,63
332,151,87,62
331,151,90,61
330,154,92,59
330,152,90,59
330,151,91,61
333,150,89,65
329,150,95,60
330,152,90,61
330,152,94,61
332,152,92,61
331,151,91,60
331,149,91,62
333,151,92,59
331,150,93,61
330,149,99,62
331,152,90,59
332,149,90,62
333,152,93,60
331,149,96,61
333,148,98,65
332,149,93,62
333,147,91,63
334,148,96,62
332,148,98,62
335,147,96,62
338,149,90,59
336,147,92,59
339,146,92,61
337,145,92,61
339,148,91,59
338,148,91,60
336,146,91,60
338,148,94,58
335,147,93,60
339,148,92,57
336,148,95,59
336,147,92,61
336,147,93,60
338,148,90,58
337,150,93,55
338,151,92,56
338,150,89,54
339,150,91,57
342,149,91,54
341,148,93,58
342,148,93,56
339,149,94,57
341,149,92,52
342,149,93,50
341,148,92,61
340,148,93,56
343,148,94,57
344,148,93,59
346,148,92,56
342,148,98,55
346,148,97,54
347,149,95,51
346,151,94,50
349,150,92,51
346,150,95,52
348,150,93,50
344,150,98,52
346,149,96,58
346,148,97,60
346,148,96,59
347,147,91,59
345,145,94,64
345,145,96,65
345,146,95,62
345,148,99,53
346,146,90,62
345,148,97,64
346,149,96,58
347,149,93,62
347,150,94,60
342,150,100,62
344,151,100,63
343,151,101,62
346,151,96,62
344,149,97,65
345,151,99,62
345,149,95,62
347,151,94,61
347,149,93,65
347,152,95,61
348,151,96,54
343,150,100,60
349,152,95,59
347,151,95,58
348,151,96,63
348,152,97,61
348,152,99,62
346,151,97,65
346,153,97,63
348,155,96,60
348,155,91,59
347,155,94,63
348,154,94,65
346,154,99,64
345,156,93,62
349,155,92,67
349,155,98,65
347,156,97,61
348,155,95,64
351,153,95,68
348,156,98,62
349,158,97,61
351,156,96,63
351,155,96,64
350,157,93,61
353,156,92,62
351,157,94,58
353,156,93,59
348,155,95,64
350,154,97,63
352,157,92,61
352,156,94,62
349,156,94,63
348,156,98,61
351,156,94,61
351,157,96,61
352,155,95,63
352,155,96,61
350,154,96,63
352,155,95,62
351,155,96,60
349,155,98,62
353,153,95,62
351,153,96,61
350,152,97,62
350,155,98,60
352,154,98,61
350,153,101,60
352,152,98,59
355,151,96,57
354,150,96,55
354,149,99,55
352,148,103,55
354,149,98,56
355,152,100,51
356,151,98,51
356,154,99,50
355,155,100,47
356,158,99,46
358,159,97,46
358,159,97,47
357,159,99,47
357,162,98,43
356,161,100,43
356,160,98,44
357,162,96,41
356,160,99,43
356,162,100,39
356,162,98,39
358,163,97,40
356,164,100,39
358,163,99,41
360,166,96,37
357,166,99,38
358,167,99,36
355,167,104,36
358,168,99,38
358,168,97,39
359,170,97,37
359,169,98,38
358,170,100,38
357,170,99,37
357,169,101,37
355,171,101,37
357,172,99,35
355,172,101,35
357,172,102,35
356,172,102,34
352,173,106,36
354,173,104,36
356,174,99,35
356,175,100,35
356,177,100,35
355,178,102,34
354,177,102,36
355,176,99,39
356,178,97,36
355,178,100,37
353,178,104,36
354,178,101,38
354,178,102,37
356,179,100,36
356,179,100,35
354,178,103,37
355,179,104,37
354,179,103,36
355,179,101,37
356,180,103,34
356,177,99,39
355,178,103,37
355,178,103,37
353,177,105,37
355,175,101,39
356,175,102,43
355,175,103,43
357,177,102,41
356,176,103,41
358,175,103,44
359,178,103,41
359,179,105,40
359,180,105,39
361,179,102,41
361,178,105,42
363,180,104,38
362,179,103,40
364,180,104,42
362,180,103,42
362,179,100,45
363,180,101,47
362,179,103,49
361,180,100,49
362,180,103,50
361,181,102,49
361,181,102,51
362,180,104,50
362,181,103,51
362,180,103,52
360,181,102,52
359,180,103,50
360,180,100,51
359,181,104,50
357,178,105,55
359,177,102,57
362,178,101,55
358,177,101,55
359,179,104,53
360,176,101,58
363,175,101,59
358,176,102,56
360,178,103,53
362,176,101,54
362,175,102,56
362,175,100,56
361,173,106,58
362,173,102,57
364,173,101,57
364,172,101,57
366,171,104,58
363,170,101,57
368,172,99,57
363,170,104,58
366,170,101,56
367,170,102,57
366,170,101,59
364,169,104,59
365,169,105,61
363,170,101,61
363,170,102,61
365,176,104,55
362,175,101,56
364,173,102,59
365,173,101,58
364,171,104,60
364,169,98,61
366,166,102,64
365,169,98,59
364,168,101,61
368,166,102,62
363,168,100,60
368,169,103,59
362,167,103,61
365,169,105,58
361,167,102,61
369,167,99,60
366,167,99,60
369,168,101,59
364,167,100,61
368,166,103,59
367,168,99,57
369,167,101,58
371,167,98,55
366,166,98,58
371,166,100,58
368,166,100,56
366,164,100,60
367,164,99,59
369,164,97,59
365,163,99,63
372,163,98,61
368,167,95,56
370,167,100,55
367,163,97,62
373,165,93,60
367,167,97,57
370,166,96,58
366,167,97,57
371,167,94,55
367,167,95,56
367,168,98,53
368,167,96,54
366,163,97,62
370,166,94,58
365,164,98,60
371,165,93,58
366,165,94,58
370,167,98,54
367,165,93,58
369,165,95,59
365,164,96,60
368,165,98,57
367,163,95,61
370,167,94,55
373,165,89,56
370,165,91,57
368,166,93,56
371,167,92,56
367,165,93,57
369,165,89,57
371,165,90,58
368,165,91,58
369,165,90,58
368,166,91,58
371,165,91,55
368,166,91,55
369,166,90,58
376,165,85,57
371,165,87,59
370,165,91,55
373,166,84,55
373,165,89,60
371,166,86,60
375,167,83,59
369,168,89,57
374,168,83,56
375,167,84,55
371,168,89,56
373,167,87,58
372,167,85,60
379,169,81,55
372,168,87,54
372,168,89,57
369,166,92,60
374,168,87,59
371,166,91,58
368,169,92,59
367,168,93,59
372,168,88,58
368,167,91,63
374,168,85,60
372,167,88,60
371,167,88,63
371,168,87,60
373,167,84,60
372,167,85,63
376,167,80,59
374,168,84,58
369,168,89,57
374,166,85,61
370,165,89,65
372,166,86,65
372,165,86,62
374,166,85,60
371,168,88,60
377,169,83,58
376,168,84,58
376,169,82,58
376,168,83,56
376,168,83,58
377,167,82,57
376,168,85,58
378,166,84,57
372,167,90,59
377,166,87,61
375,166,86,61
378,167,85,60
379,167,84,58
381,166,81,58
380,165,83,57
380,165,82,58
379,163,82,58
378,161,86,59
381,159,79,61
377,160,84,60
377,159,86,58
378,158,85,61
379,157,85,63
378,159,85,61
378,159,85,59
378,158,83,62
376,159,85,61
378,161,82,61
372,161,89,60
373,160,88,60
373,160,84,59
372,159,84,60
371,159,83,62
371,158,82,61
371,158,83,61
369,158,83,63
366,159,88,62
365,159,86,63
362,162,92,61
366,161,86,60
364,161,87,61
366,160,81,63
361,161,87,61
362,160,84,61
359,162,87,63
360,162,84,61
359,163,84,62
357,165,84,61
356,167,87,60
355,169,84,61
353,170,84,59
352,170,83,60
349,172,84,60
350,170,79,60
347,169,84,62
349,170,85,62
347,170,83,61
346,169,86,64
346,170,86,62
345,171,82,61
345,172,83,62
345,172,81,60
344,172,84,63
343,173,82,59
341,173,83,60
341,173,81,61
343,174,81,61
340,175,81,59
339,175,81,60
337,177,81,57
335,177,81,59
335,176,83,59
335,177,81,59
333,177,81,60
333,177,83,59
331,178,84,60
331,179,82,59
329,181,83,58
331,180,79,58
330,181,80,59
330,182,81,58
329,182,82,59
329,183,82,57
329,183,80,59
328,184,80,59
327,186,82,58
326,184,83,62
324,186,84,58
326,184,83,60
325,184,84,61
326,185,84,63
326,185,82,61
324,187,80,61
322,187,85,63
322,187,83,64
325,188,81,63
322,190,82,61
321,191,84,63
321,191,84,63
323,193,78,64
323,194,81,62
322,196,83,62
321,197,87,61
322,197,85,59
321,197,84,60
321,199,86,58
320,202,87,55
320,201,88,56
319,201,86,56
321,201,84,55
320,203,83,54
320,202,81,55
320,203,82,53
319,206,83,50
319,205,84,53
319,207,83,49
320,208,81,48
320,209,80,47
319,211,82,46
320,212,81,44
320,212,82,46
322,212,82,44
319,216,87,42
321,213,81,42
321,215,81,45
322,215,80,42
321,214,82,43
321,219,81,42
321,217,81,42
320,223,84,34
321,220,80,40
320,226,80,33
322,225,76,32
321,224,78,33
321,227,78,31
323,227,74,31
322,228,73,29
322,227,76,28
323,229,70,27
322,229,74,28
321,231,76,25
321,232,76,27
321,232,73,26
321,233,78,24
321,234,78,24
321,235,77,21
321,235,75,21
322,236,75,20
321,234,76,22
322,236,73,21
321,237,77,20
320,238,80,19
324,227,83,27
319,237,81,20
319,239,79,19
320,238,79,20
319,238,78,19
320,239,79,19
320,241,75,17
320,239,79,18
320,242,78,16
319,240,80,17
320,239,81,19
320,235,81,24
319,229,82,30
305,223,92,33
308,215,103,41
308,215,103,41
308,215,103,41
295,214,116,44
300,213,112,45
300,213,112,45
300,213,112,45
300,213,112,45
300,213,112,45
300,213,112,45
300,213,112,45
300,213,112,45
300,213,112,45
300,213,112,45
300,213,112,45
300,213,112,45
300,213,112,45
300,213,112,45
300,213,112,45
300,213,112,45
300,213,112,45
300,213,112,45
300,213,112,45
300,213,112,45
300,213,112,45
300,213,112,45
300,213,112,45
300,213,112,45
300,213,112,45
300,213,112,45
300,213,112,45
300,213,112,45
300,213,112,45
300,213,112,45
300,213,112,45
300,213,112,45
300,213,112,45
300,213,112,45
300,213,112,45
300,213,112,45
300,213,112,45
300,213,112,45
300,213,112,45
300,213,112,45
300,213,112,45
300,213,112,45
300,213,112,45
300,213,112,45
300,213,112,45
300,213,112,45
300,213,112,45
300,213,112,45
300,213,112,45
300,213,112,45
300,213,112,45
300,213,112,45
300,213,112,45
300,213,112,45
300,213,112,45
300,213,112,45
300,213,112,45
300,213,112,45
300,213,112,45
300,213,112,45
300,213,112,45
300,213,112,45
300,213,112,45
300,213,112,45
300,213,112,45
300,213,112,45
300,213,112,45
300,213,112,45
300,213,112,45
300,213,112,45
300,213,112,45
300,213,112,45
300,213,112,45
300,213,112,45
300,213,112,45
300,213,112,45
300,213,112,45
300,213,112,45
300,213,112,45
300,213,112,45
300,213,112,45
300,213,112,45
300,213,112,45
300,213,112,45
300,213,112,45
300,213,112,45
300,213,112,45
300,213,112,45
300,213,112,45
300,213,112,45
300,213,112,45
300,213,112,45
300,213,112,45
300,213,112,45
300,213,112,45
300,213,112,45
300,213,112,45
300,213,112,45
300,213,112,45
300,213,112,45
300,213,112,45
300,213,112,45
300,213,112,45
319,232,106,30
312,230,97,30
319,231,91,26
323,233,84,25
324,233,85,25
324,234,83,24
322,232,86,25
325,232,86,24
322,230,86,27
324,228,87,28
323,229,86,28
324,227,85,30
324,227,85,28
324,227,84,30
324,226,86,30
323,226,85,31
324,224,84,34
326,221,85,36
325,221,84,36
325,223,81,34
325,222,83,35
326,220,84,37
324,224,80,34
325,221,85,38
326,219,84,39
326,218,84,39
325,217,86,39
325,221,82,38
324,218,85,39
324,218,83,40
325,216,85,42
325,216,86,42
326,216,87,41
325,217,85,43
328,214,82,44
326,216,86,41
326,213,86,44
325,215,86,43
324,214,88,44
325,213,85,45
326,211,87,44
325,214,84,44
329,217,82,41
329,213,82,45
329,214,82,44
327,213,85,45
328,214,83,44
327,216,83,41
325,213,86,44
330,216,79,43
327,213,83,45
329,213,80,45
326,210,83,47
329,211,80,48
326,210,81,47
327,209,82,48
327,211,83,46
326,211,82,46
327,211,81,46
329,211,81,47
327,211,78,45
328,215,82,40
328,213,79,43
328,209,78,47
330,208,78,46
329,207,78,47
332,206,80,50
331,205,78,48
329,204,77,48
329,202,77,49
332,202,76,48
331,204,75,43
331,205,77,40
332,199,78,46
332,199,79,46
332,198,79,46
332,199,79,45
332,199,76,45
335,199,77,43
334,196,76,46
333,196,76,45
333,197,78,43
333,195,78,42
335,195,78,41
334,189,79,48
334,188,76,48
336,183,75,52
339,179,78,53
338,180,74,53
338,177,79,55
339,178,74,53
340,177,75,54
342,177,75,52
337,178,77,51
342,177,77,53
341,177,74,52
342,176,77,55
343,175,78,55
344,178,74,51
345,177,77,52
345,175,76,54
346,176,75,54
345,175,77,54
344,173,77,56
343,175,83,54
349,173,77,54
346,174,78,52
346,176,80,50
348,173,79,54
348,176,77,52
345,173,84,55
345,177,83,52
345,174,85,55
344,175,83,52
345,172,87,55
346,173,86,53
347,174,83,53
346,173,85,54
346,175,85,50
348,172,83,55
347,173,83,53
347,175,85,51
348,175,83,52
348,173,84,53
349,172,83,54
349,174,84,53
350,174,82,53
350,171,82,56
350,172,84,55
351,171,84,55
351,170,82,55
353,171,82,54
349,173,85,52
351,171,82,54
351,171,84,55
351,173,79,53
351,175,83,53
350,175,82,52
352,175,84,53
351,174,84,54
352,173,83,53
350,175,84,51
353,174,81,52
350,174,83,51
353,173,83,52
354,171,82,52
353,170,85,51
351,168,82,55
351,167,82,56
354,166,83,56
351,166,83,56
352,166,81,57
351,165,80,54
351,166,80,55
350,165,79,54
351,166,81,51
353,163,77,55
352,162,80,54
351,161,78,56
350,162,79,55
348,162,81,56
350,163,82,54
351,164,77,53
347,162,83,55
348,163,81,53
348,161,79,55
349,162,78,56
348,162,79,54
349,163,78,54
349,162,79,54
346,158,80,57
347,160,82,56
348,161,79,54
348,158,79,57
347,159,80,55
348,157,77,53
346,153,79,58
351,154,73,56
348,157,75,53
343,155,77,55
343,153,79,58
343,154,78,56
343,154,76,54
343,155,73,58
341,150,72,60
341,153,76,58
349,155,65,57
340,156,71,54
335,153,75,59
333,154,77,57
332,152,78,60
333,155,77,56
329,153,76,58
335,151,70,61
330,152,74,58
329,151,72,59
335,150,69,60
329,152,70,59
328,152,72,56
327,151,70,59
328,150,70,61
326,148,71,60
324,149,75,61
322,147,72,60
324,149,69,59
321,146,72,64
327,145,65,63
321,145,73,61
318,148,73,56
325,146,67,59
319,146,72,58
317,147,74,53
321,145,68,54
318,145,71,55
318,144,69,56
321,145,68,55
318,143,69,56
320,141,69,58
318,140,69,58
322,141,67,55
319,141,69,55
322,140,67,52
323,143,67,51
321,141,66,53
319,141,69,52
321,140,69,53
319,140,70,53
323,140,65,54
322,142,68,52
320,143,69,50
322,142,66,53
320,141,67,52
324,142,65,51
320,144,66,50
320,145,68,51
321,146,64,51
323,142,63,53
318,145,68,51
320,144,67,51
319,144,67,52
319,145,66,53
319,146,66,50
320,150,63,48
320,147,66,51
320,149,63,49
320,148,63,50
320,147,63,51
320,149,64,48
324,146,61,51
321,149,61,48
318,149,65,50
320,147,64,51
322,148,62,48
321,151,60,49
320,150,62,47
320,151,63,46
320,150,64,51
322,154,61,47
320,152,63,47
324,152,61,46
320,153,62,45
324,150,61,48
321,151,61,47
321,151,62,48
322,152,62,46
322,151,61,47
321,153,63,47
321,153,63,49
320,154,63,46
320,159,61,44
318,155,66,47
320,157,61,48
322,157,61,45
319,158,62,45
319,159,60,44
317,159,64,48
319,162,61,44
320,162,60,45
317,163,65,47
319,162,61,47
320,166,59,46
319,165,62,45
318,167,62,44
319,166,62,43
316,169,64,44
318,173,61,40
318,170,60,41
315,171,64,41
318,175,61,38
318,172,59,40
318,176,59,38
317,176,63,36
315,176,64,39
316,176,62,39
317,175,60,40
317,176,61,39
314,179,63,36
316,183,61,29
313,178,64,33
312,183,67,29
313,182,63,30
312,184,65,30
313,184,65,29
310,183,67,30
311,185,66,29
314,185,63,28
314,188,63,27
310,188,69,26
314,190,64,25
309,189,71,26
313,191,67,23
308,190,72,25
313,192,68,22
311,191,69,21
308,192,71,20
301,193,79,20
308,192,75,21
304,192,75,20
312,195,68,18
310,196,69,18
314,195,64,18
316,197,60,16
313,198,61,15
310,198,60,14
311,199,60,15
306,201,52,12
310,201,46,12
314,202,41,11
314,201,41,12
316,200,37,14
316,202,29,13
316,202,30,13
316,202,30,13
316,202,30,13
316,202,30,13
316,202,30,13
316,202,30,13
316,202,30,13
316,202,30,13
316,202,30,13
316,202,30,13
316,202,30,13
350,194,32,16
350,194,32,16
350,194,32,16
350,194,32,16
350,194,32,16
350,194,32,16
350,194,32,16
350,194,32,16
350,194,32,16
354,220,33,18
351,219,36,19
351,219,36,19
347,221,41,17
347,221,41,17
347,221,41,17
347,221,41,17
347,221,41,17
345,221,41,17
345,221,41,17
345,221,41,17
350,220,42,21
350,220,42,21
348,217,49,25
324,214,53,30
324,214,53,30
324,214,53,30
324,214,53,30
324,214,53,30
324,214,53,30
324,214,53,30
324,214,53,30
324,214,53,30
324,214,53,30
324,214,53,30
324,214,53,30
324,214,53,30
324,214,53,30
324,214,53,30
324,214,53,30
324,214,53,30
324,214,53,30
324,214,53,30
324,214,53,30
324,214,53,30
324,214,53,30
324,214,53,30
324,214,53,30
324,214,53,30
324,214,53,30
324,214,53,30
324,214,53,30
324,214,53,30
324,214,53,30
324,214,53,30
324,214,53,30
324,214,53,30
324,214,53,30
324,214,53,30
324,214,53,30
324,214,53,30
324,214,53,30
324,214,53,30
324,214,53,30
326,219,47,35
331,211,56,44
331,211,56,44
331,211,56,44
331,211,56,44
331,211,56,44
331,211,56,44
331,211,56,44
331,211,56,44
331,211,56,44
331,211,56,44
331,211,56,44
331,211,56,44
331,211,56,44
331,211,56,44
331,211,56,44
331,211,56,44
331,211,56,44
331,211,56,44
331,211,56,44
331,211,56,44
331,211,56,44
331,211,56,44
331,211,56,44
331,211,56,44
331,211,56,44
331,211,56,44
331,211,56,44
331,211,56,44
331,211,56,44
331,211,56,44
331,211,56,44
331,211,56,44
331,211,56,44
331,211,56,44
331,211,56,44
331,211,56,44
331,211,56,44
318,210,66,48
318,210,66,48
318,210,66,48
318,210,66,48
318,210,66,48
318,210,66,48
318,210,66,48
318,210,66,48
318,210,66,48
318,210,66,48
318,210,66,48
318,210,66,48
318,210,66,48
318,210,66,48
318,210,66,48
318,210,66,48
318,210,66,48
318,210,66,48
318,210,66,48
318,210,66,48
318,210,66,48
318,210,66,48
318,210,66,48
318,210,66,48
318,210,66,48
318,210,66,48
318,210,66,48
318,210,66,48
318,210,66,48
318,210,66,48
318,210,66,48
318,210,66,48
318,210,66,48
318,210,66,48
329,180,73,58
329,180,73,58
327,191,79,64
324,185,86,68
325,195,84,66
322,190,83,68
326,185,78,71
334,199,75,62
325,190,83,68
313,183,98,72
325,196,88,62
317,191,89,69
317,180,93,81
317,180,93,81
317,180,93,81
311,193,96,68
329,180,89,69
322,190,86,72
312,189,96,64
329,177,85,70
318,183,90,79
334,176,87,69
323,157,93,70
317,181,90,84
318,179,87,82
323,176,82,83
319,181,89,77
322,176,83,82
323,175,82,81
324,175,79,79
323,176,83,90
323,172,83,89
321,173,86,83
323,172,81,84
323,170,78,82
321,173,88,90
323,169,84,91
322,170,86,81
323,170,84,94
321,166,87,93
323,167,79,86
323,169,75,83
323,157,71,61
322,168,65,56
327,166,54,47
327,162,49,49
327,164,48,48
328,161,45,49
329,162,44,51
333,167,48,49
328,160,51,53
329,159,45,48
329,159,34,44
331,157,28,44
331,158,27,43
330,157,28,44
330,155,29,45
332,155,27,43
331,155,28,43
331,154,29,44
332,155,28,41
332,154,28,42
332,153,28,43
333,153,27,42
333,154,28,41
332,152,29,42
332,152,27,42
331,151,30,44
332,152,28,42
332,151,30,44
331,152,29,43
332,152,28,43
332,152,30,43
332,154,28,43
331,153,27,43
331,155,29,41
332,154,29,44
331,155,28,43
332,156,27,41
331,156,27,42
330,156,29,43
332,156,29,43
331,158,28,42
331,157,28,42
330,157,29,43
332,156,28,41
332,156,28,43
332,156,28,41
333,156,28,41
332,156,29,42
333,155,28,44
334,155,29,43
333,154,28,46
333,153,28,44
335,153,27,42
333,153,29,44
333,151,30,46
335,151,29,44
335,151,28,44
337,151,29,45
334,151,29,46
334,151,30,43
335,151,29,43
336,151,30,43
335,150,28,43
337,149,29,44
336,150,28,43
337,149,29,44
339,149,29,43
337,148,30,43
338,148,29,43
338,147,32,44
338,146,29,44
340,147,30,42
339,145,29,44
338,145,31,44
339,144,32,45
340,143,28,43
341,141,30,45
340,142,30,44
339,141,31,45
341,139,31,47
341,141,32,44
341,139,31,48
342,139,31,46
342,139,29,46
342,140,29,43
341,137,32,47
342,134,33,49
343,134,31,49
341,135,32,48
342,133,32,49
342,133,31,49
343,133,31,49
343,132,30,50
343,132,31,51
343,132,30,50
344,130,31,51
343,131,30,51
343,133,30,47
342,133,31,49
342,130,32,53
341,131,31,52
341,131,30,52
341,131,31,53
340,130,31,52
340,131,30,53
340,131,30,53
340,131,30,54
339,132,30,52
338,133,31,52
338,134,31,51
336,132,31,53
337,135,32,52
336,134,32,53
335,134,32,53
334,132,31,54
334,135,32,53
332,131,31,54
331,134,34,53
331,134,31,52
331,134,29,52
330,136,29,50
329,137,30,48
329,138,29,48
327,139,29,47
326,137,30,48
326,136,28,49
325,135,29,50
324,136,27,49
323,135,27,48
326,131,35,52
323,131,46,52
321,133,50,53
320,131,52,53
318,131,53,52
318,132,54,55
317,133,54,52
317,132,56,51
315,130,58,52
315,130,57,51
314,128,60,52
314,130,60,53
315,131,57,51
313,131,60,53
311,131,62,52
312,131,60,53
312,134,60,49
311,135,60,51
309,135,62,51
309,134,64,52
308,135,63,52
309,136,63,51
310,135,63,52
312,135,61,52
313,136,59,49
312,137,60,50
313,136,60,51
313,138,59,49
313,137,60,50
313,137,61,50
313,138,60,47
311,139,62,49
310,140,63,48
308,140,65,48
309,140,63,48
310,137,60,51
306,138,63,50
305,139,64,49
307,141,67,50
303,139,68,49
304,140,69,48
303,138,68,50
302,137,66,50
305,137,64,50
301,138,67,48
302,140,70,47
301,138,68,49
302,139,66,47
303,139,69,49
303,139,71,50
301,137,68,49
302,139,72,50
300,139,69,49
301,138,70,49
298,137,68,49
300,139,72,48
299,138,68,47
299,137,70,50
300,138,71,49
299,136,68,47
298,137,72,48
299,137,72,49
300,136,68,49
301,135,71,51
302,135,66,49
304,136,65,48
300,134,69,49
303,136,69,50
300,137,70,45
300,136,68,49
302,135,68,50
296,134,72,52
303,138,65,47
300,138,68,48
300,136,68,50
301,136,68,51
299,137,71,50
299,137,71,50
300,138,66,48
295,138,72,48
297,138,70,49
299,137,69,49
295,140,75,50
296,139,71,50
296,138,70,50
300,139,67,50
298,139,68,50
295,139,73,50
296,140,70,49
295,137,70,51
293,137,73,52
297,139,69,50
292,139,73,49
296,140,71,49
293,140,73,49
296,139,71,51
296,140,72,50
299,140,67,50
296,141,70,49
295,140,73,51
298,140,68,50
296,139,72,51
296,142,70,49
295,142,72,50
296,142,70,50
297,143,68,50
295,144,72,50
295,145,71,50
295,146,73,52
296,147,73,50
296,149,70,49
295,149,73,51
299,153,72,51
301,155,71,50
302,161,68,46
301,163,70,50
301,170,72,49
298,180,76,53
294,191,80,54
297,205,82,52
293,212,87,47
293,221,87,38
295,227,85,33
295,227,85,33
295,227,85,33
295,227,85,33
295,227,85,33
295,227,85,33
295,227,85,33
295,227,85,33
295,227,85,33
295,227,85,33
295,227,85,33
295,227,85,33
295,227,85,33
295,227,85,33
295,227,85,33
295,227,85,33
