331,285,60,35
330,286,62,35
329,285,64,36
327,285,69,36
327,285,69,35
331,285,64,34
332,284,64,34
330,286,69,37
330,285,70,35
332,285,68,36
331,286,73,33
331,286,72,33
334,286,69,34
335,284,67,35
334,285,72,35
337,283,70,36
341,286,65,32
345,286,59,33
344,286,60,36
345,285,59,34
346,286,56,36
347,285,56,34
347,285,58,35
347,287,58,34
347,285,56,34
348,285,56,33
346,285,58,35
347,286,57,34
345,285,60,34
346,285,60,35
346,286,62,33
346,285,63,32
344,285,66,34
344,285,66,34
344,285,66,34
345,286,65,35
345,284,64,38
345,283,65,35
347,284,61,35
344,282,66,35
348,282,61,39
348,282,59,35
350,284,58,35
350,283,58,36
352,281,53,37
352,281,52,39
352,280,54,37
352,282,55,39
352,281,60,37
351,280,62,36
353,281,62,35
353,281,62,35
352,280,65,37
350,282,69,37
351,280,68,37
353,280,67,35
354,280,67,36
351,282,71,36
348,280,75,38
354,279,72,37
357,282,67,35
352,281,71,37
349,281,77,36
353,282,71,35
354,281,70,35
356,280,66,36
358,282,63,35
355,282,67,35
354,280,67,34
353,281,71,37
354,280,67,37
355,280,66,37
355,280,67,37
356,279,68,36
355,280,70,37
354,280,70,38
354,280,68,36
355,281,70,37
357,280,64,38
358,279,59,37
357,280,63,36
358,279,59,37
359,281,57,38
357,280,58,36
359,280,55,37
359,279,56,36
360,280,59,36
361,280,54,36
360,279,56,36
360,279,56,37
360,277,55,38
360,278,53,38
362,279,52,35
363,278,50,35
361,279,52,36
365,279,47,34
365,277,46,36
364,276,47,37
364,276,46,39
366,277,43,38
369,276,40,38
375,276,35,39
372,276,38,37
369,275,41,40
374,273,36,40
377,275,32,39
379,272,30,39
378,273,31,36
379,273,30,39
378,272,29,37
379,273,32,35
378,273,36,34
378,273,37,34
380,274,36,34
381,274,34,33
382,274,35,32
382,274,32,30
382,274,28,31
383,274,27,30
384,273,27,31
382,275,28,31
384,274,29,31
383,275,29,32
382,275,31,35
381,275,33,35
381,275,33,33
381,275,34,31
378,275,37,32
378,275,37,32
381,275,34,31
379,275,35,31
381,275,31,30
380,274,32,31
380,275,32,31
383,275,28,31
383,274,29,31
383,275,27,32
383,273,27,32
383,274,27,31
383,274,29,32
384,274,26,31
383,273,26,31
382,273,28,33
381,273,28,36
382,272,27,35
381,272,27,34
379,272,28,32
380,272,27,31
380,272,24,33
379,272,26,33
378,271,27,32
376,271,30,33
375,270,30,33
375,270,28,34
378,268,25,34
377,268,25,34
376,268,27,34
375,267,27,35
377,267,24,36
376,267,25,35
375,266,27,36
374,266,30,36
374,266,29,33
373,265,31,34
372,265,35,34
372,265,37,34
370,264,38,34
370,264,37,33
371,263,31,34
370,263,29,33
371,263,28,34
370,262,30,32
371,260,30,34
368,261,31,32
371,259,30,32
369,261,29,33
371,259,28,34
371,259,29,32
371,260,30,31
370,259,35,32
368,259,38,30
367,259,40,30
366,258,36,31
365,258,38,30
364,258,43,30
360,255,45,33
361,255,40,33
361,255,40,32
360,256,39,32
362,254,39,33
362,256,35,33
362,256,33,32
364,254,33,32
365,253,30,34
366,251,27,35
366,249,28,37
366,247,28,38
366,247,28,38
365,244,30,41
366,242,29,41
365,241,28,44
365,241,29,43
367,240,27,44
367,239,26,45
368,239,25,46
367,238,26,46
369,238,23,46
369,236,23,47
368,236,23,48
369,236,23,48
368,236,23,48
370,237,22,49
369,237,23,48
369,236,24,49
370,237,23,51
370,235,23,52
370,236,22,51
370,235,23,51
369,235,25,52
370,236,23,50
370,235,24,50
370,233,24,51
370,235,24,51
371,233,24,51
371,232,25,51
371,233,25,51
371,231,24,52
371,231,25,53
371,231,24,55
373,231,22,54
372,232,22,52
372,233,22,53
373,234,22,52
373,232,22,52
373,231,23,50
375,232,21,49
376,232,22,49
375,234,23,50
377,233,23,50
377,234,24,50
376,235,29,49
376,234,30,49
377,235,29,46
377,236,29,45
380,236,24,46
381,238,24,46
381,238,25,45
383,239,24,46
384,240,24,44
384,242,26,44
384,243,27,40
386,244,27,39
386,246,30,37
385,246,35,36
383,250,40,35
383,250,42,34
385,251,39,32
384,254,40,30
384,255,41,29
384,257,42,26
384,258,41,26
385,258,41,25
384,259,44,25
383,259,43,25
384,259,41,25
383,259,43,24
384,259,41,24
384,259,43,25
384,259,43,25
384,259,41,25
385,260,42,26
387,261,40,24
387,260,43,25
388,260,42,25
390,260,40,24
389,261,42,25
391,261,41,25
391,262,40,23
390,261,42,24
391,260,42,25
390,262,43,24
390,260,42,27
390,260,41,27
391,260,42,26
392,261,40,26
392,260,40,27
393,259,40,29
394,260,38,27
395,259,37,29
395,260,37,28
396,260,37,30
396,260,37,29
396,259,38,29
395,259,37,30
396,258,34,29
397,259,34,30
395,259,36,29
397,259,32,31
397,259,30,30
396,260,30,30
397,259,28,29
397,259,27,29
397,259,27,28
398,259,27,29
398,260,25,28
398,260,25,28
399,260,25,28
399,260,25,29
399,261,24,26
398,261,26,28
399,261,27,29
399,262,25,28
399,262,25,28
399,262,27,29
400,263,24,28
400,262,24,31
401,263,24,32
400,262,22,31
401,262,24,34
400,261,24,33
402,261,24,34
402,262,24,34
404,263,22,34
403,262,22,35
402,264,23,33
402,263,24,34
402,262,24,35
401,265,26,33
402,264,23,33
403,265,24,34
402,264,24,36
402,264,29,34
403,265,30,34
403,265,31,34
403,265,34,34
402,266,34,33
402,265,34,34
402,267,28,32
402,266,26,34
402,267,24,34
402,266,22,34
403,266,24,35
402,266,24,37
403,267,24,36
403,267,22,36
403,266,25,38
403,265,25,39
402,266,26,39
403,267,25,37
401,268,28,37
402,267,28,37
403,268,28,37
403,267,29,36
403,270,29,34
405,268,26,36
407,271,25,35
407,270,23,36
406,270,26,37
405,269,31,38
405,270,33,36
405,271,37,36
405,272,37,35
406,272,35,36
406,272,34,36
407,272,34,36
407,271,31,38
408,270,26,39
408,270,27,40
410,271,26,40
409,270,26,39
410,270,26,40
411,272,27,41
412,271,24,40
410,271,28,39
411,272,27,40
412,271,28,39
414,271,25,40
415,274,28,39
414,273,26,37
415,272,27,39
416,274,28,39
417,275,29,38
417,276,32,38
417,275,36,37
417,276,39,37
418,276,31,38
418,276,32,38
419,278,30,39
419,276,29,38
420,276,29,41
422,276,28,41
422,276,30,42
422,277,32,43
422,277,33,43
423,275,32,46
424,277,33,44
427,279,30,44
429,280,30,44
430,281,30,43
432,281,29,43
432,282,30,43
433,282,31,44
434,282,30,43
435,283,30,44
435,282,31,43
435,282,32,44
437,283,34,46
437,283,37,45
438,284,37,47
440,284,36,49
441,282,34,49
442,283,30,48
444,283,28,50
444,283,31,50
446,282,29,50
444,284,32,47
446,285,32,49
446,283,32,49
444,286,34,45
446,286,35,48
447,285,37,48
447,286,39,48
447,286,38,46
446,286,41,45
445,287,43,44
443,285,44,44
443,287,45,43
440,285,47,42
438,285,51,42
438,285,54,46
438,288,54,43
434,288,63,41
431,288,65,42
429,287,70,44
426,288,69,42
423,290,67,39
419,289,70,39
417,288,69,40
419,287,66,42
422,288,64,40
422,288,63,40
425,286,63,38
421,286,71,39
421,287,69,39
419,287,71,37
419,288,71,36
416,287,70,38
412,287,71,38
409,287,71,36
403,287,75,34
403,286,70,35
402,287,67,35
400,285,63,35
398,286,59,36
398,284,55,36
399,286,51,34
398,287,50,33
398,286,48,33
392,287,51,31
392,286,51,34
392,285,51,35
391,285,53,33
389,284,57,36
387,284,59,34
384,285,64,32
385,284,67,31
384,283,74,32
383,282,65,31
381,282,66,32
383,282,55,31
384,281,51,33
384,281,51,32
383,281,49,32
380,281,49,31
382,279,47,34
380,279,48,34
383,278,42,34
381,279,41,31
380,278,42,31
380,277,43,31
378,277,44,33
376,276,48,32
376,276,45,34
379,275,43,33
376,275,46,31
374,274,48,32
376,273,47,33
375,274,50,33
373,273,52,35
371,275,55,35
370,274,60,33
367,275,63,34
367,274,65,34
369,273,66,35
368,274,69,34
373,274,62,32
375,273,58,35
378,272,51,36
379,272,50,35
383,272,46,34
382,272,49,36
381,272,49,35
381,271,51,36
381,273,51,35
382,273,50,34
380,274,54,35
380,273,54,36
380,272,55,36
379,273,50,35
378,273,48,37
378,272,46,37
378,273,47,36
377,272,46,38
376,272,48,38
377,272,47,37
378,274,47,36
377,273,47,35
377,274,49,35
379,272,47,35
376,274,50,35
377,274,52,35
376,273,52,34
377,273,49,36
377,274,51,34
376,274,51,35
375,274,51,35
378,274,52,36
375,273,55,35
377,274,53,36
379,272,50,36
378,273,49,35
379,273,47,36
379,274,46,34
375,274,50,34
377,273,48,34
376,273,50,33
375,274,49,33
375,274,48,30
370,275,52,28
370,275,53,30
370,273,53,29
372,274,52,32
371,273,53,31
371,274,51,32
373,272,50,32
374,273,49,32
376,273,46,33
376,272,45,32
376,273,44,33
377,273,43,32
379,272,41,32
376,275,42,31
377,273,42,31
377,273,43,34
379,274,42,32
377,273,41,32
378,273,42,32
378,274,41,34
376,272,44,32
379,273,41,33
378,273,41,33
379,273,42,33
378,274,43,33
380,273,44,34
378,274,48,33
377,274,50,32
376,277,53,32
376,275,46,32
376,278,45,33
373,277,45,32
372,277,44,31
370,276,46,30
371,277,44,32
369,277,48,34
367,278,46,33
368,277,49,36
366,276,48,38
368,275,46,38
365,275,48,37
367,276,48,37
365,278,52,35
363,278,57,36
364,277,61,35
361,279,64,35
363,278,57,36
361,278,58,36
360,278,56,36
360,277,55,38
358,276,56,38
356,277,57,40
356,276,53,39
354,278,53,40
353,277,53,40
353,277,54,38
355,278,52,40
354,278,49,37
354,281,51,36
355,279,53,36
356,280,53,38
356,278,55,37
358,279,58,37
359,279,57,35
357,279,64,35
359,280,65,36
360,281,59,33
359,280,63,33
359,281,65,33
359,280,60,33
359,280,60,35
360,279,56,36
361,279,49,35
361,279,50,34
362,281,47,33
361,280,47,33
362,279,46,33
364,279,43,35
363,278,43,35
363,279,43,35
363,277,44,36
364,278,42,36
363,278,47,37
364,276,46,38
364,277,46,35
364,279,48,35
361,277,51,36
362,280,54,36
361,278,54,36
360,276,52,36
361,280,49,37
361,276,48,35
361,277,46,36
360,278,44,35
359,278,45,35
358,280,48,36
360,279,47,35
359,278,47,34
359,279,46,37
358,278,50,34
356,277,54,37
357,278,57,37
356,279,63,36
355,279,69,34
354,279,68,34
355,279,72,34
355,279,70,35
356,279,67,35
358,278,63,35
359,277,56,38
358,277,61,36
358,279,58,37
358,276,56,36
359,279,51,38
359,277,49,38
356,276,51,36
355,278,51,37
358,278,50,39
357,276,49,39
357,278,49,37
355,276,51,38
358,278,49,37
356,278,51,36
356,277,55,38
358,276,54,37
358,277,57,38
358,278,57,38
358,277,63,38
359,278,61,38
360,278,55,38
361,278,56,39
362,277,51,39
362,278,50,41
361,277,53,38
361,279,49,39
361,277,48,39
362,278,46,39
360,278,46,38
359,279,48,39
360,278,47,39
360,278,45,39
358,277,48,41
358,279,47,37
360,278,45,39
361,279,47,41
358,279,49,39
359,279,51,39
359,279,52,38
359,279,55,38
357,280,56,36
360,280,56,36
359,280,62,36
357,280,65,38
358,280,64,37
357,280,68,38
359,280,59,38
359,280,58,38
361,279,53,38
361,280,53,37
362,280,49,38
363,279,51,38
364,279,51,39
363,279,50,38
364,279,48,38
363,279,49,40
364,278,47,38
363,279,49,36
364,279,46,38
363,279,46,35
364,279,43,37
365,279,41,34
361,279,44,36
361,281,47,34
359,279,49,34
361,280,49,35
359,278,51,33
360,278,50,35
359,278,52,34
360,279,55,36
361,278,52,37
361,277,54,36
361,279,59,34
362,277,50,37
362,277,54,35
363,279,49,36
363,277,46,36
364,278,44,35
362,280,45,35
362,279,46,33
359,279,48,34
361,279,47,34
361,278,45,35
359,280,48,34
360,277,47,36
365,278,45,37
365,277,42,36
368,279,41,36
368,278,42,38
369,278,44,35
368,279,45,35
369,280,45,36
369,278,47,35
368,280,49,35
367,279,52,35
367,280,52,35
366,279,52,33
367,280,50,36
368,278,48,35
368,280,46,35
368,278,49,35
368,279,45,36
367,279,48,37
367,278,47,36
367,279,45,37
366,279,44,35
366,279,43,38
368,277,41,38
369,279,40,40
367,278,39,39
369,278,41,39
366,277,40,39
369,278,41,39
370,277,38,41
370,277,38,38
368,277,41,38
370,277,39,39
370,277,37,38
370,277,38,39
370,277,38,39
369,277,39,39
369,277,40,40
368,279,42,39
371,278,39,36
370,280,40,37
369,278,42,38
368,280,43,37
368,279,43,38
366,280,48,38
367,279,42,36
366,279,44,38
365,280,44,38
366,280,41,34
366,280,41,36
367,280,38,38
370,281,36,39
371,280,36,39
373,281,33,39
373,280,34,40
372,278,36,43
375,281,35,43
377,279,34,44
378,280,36,45
379,280,36,43
380,282,38,40
383,283,37,41
384,283,34,39
385,283,35,40
386,285,33,39
387,283,33,40
389,285,33,38
390,288,34,36
391,288,35,39
390,287,37,42
387,287,42,42
387,286,45,42
384,286,51,46
381,288,57,43
384,286,57,46
387,288,55,48
388,288,56,48
392,287,54,50
395,289,55,49
397,290,55,48
401,291,54,46
399,291,58,47
405,292,55,46
413,293,49,47
419,295,43,50
419,293,48,49
419,292,51,52
425,293,47,51
426,293,51,52
427,293,54,53
422,295,64,55
423,295,67,53
420,294,75,56
424,297,75,52
423,295,80,51
424,295,81,55
440,297,70,48
448,300,62,51
448,296,66,50
455,299,62,48
459,300,61,44
458,303,66,46
463,304,64,48
468,305,62,49
468,306,65,54
469,308,68,55
472,308,69,61
472,310,73,60
469,311,75,63
473,312,77,69
479,314,74,66
489,315,73,67
488,319,75,63
497,317,72,67
503,319,73,63
508,322,73,64
514,321,70,61
518,325,75,64
524,327,74,64
523,328,79,61
527,327,85,71
530,327,86,69
534,326,87,72
536,328,95,73
540,327,93,75
543,327,94,74
549,330,94,72
552,335,95,68
557,342,92,60
564,342,91,63
567,342,94,70
569,341,100,87
576,349,105,81
577,346,116,85
576,351,122,80
585,350,131,81
590,351,139,84
596,354,123,78
598,354,126,79
601,353,135,80
604,356,145,78
602,364,153,70
609,369,155,61
627,383,140,50
630,389,144,41
588,365,139,56
631,375,133,55
630,376,139,54
632,372,133,57
632,372,133,57
632,372,133,57
632,372,133,57
632,372,133,57
632,372,133,57
632,372,133,57
632,372,133,57
632,372,133,57
632,372,133,57
632,372,133,57
632,372,133,57
632,372,133,57
632,372,133,57
632,372,133,57
632,372,133,57
632,372,133,57
632,372,133,57
632,372,133,57
632,372,133,57
632,372,133,57
540,220,112,62
564,220,89,53
584,220,73,53
605,218,66,52
620,219,58,53
625,216,65,53
639,216,62,52
639,216,62,52
655,214,70,56
672,214,65,59
691,223,60,60
691,220,72,68
685,218,81,71
691,220,73,70
701,222,68,70
701,222,68,70
701,222,68,70
701,222,68,70
701,222,68,70
701,222,68,70
701,222,68,70
701,222,68,70
701,222,68,70
701,222,68,70
701,222,68,70
633,355,83,71
633,355,83,71
633,355,83,71
633,355,83,71
633,355,83,71
633,355,83,71
633,355,83,71
633,355,83,71
633,355,83,71
633,355,83,71
633,355,83,71
633,355,83,71
633,355,83,71
633,355,83,71
633,355,83,71
633,355,83,71
633,355,83,71
633,355,83,71
633,355,83,71
633,355,83,71
633,355,83,71
633,355,83,71
633,355,83,71
633,355,83,71
633,355,83,71
633,355,83,71
633,355,83,71
633,355,83,71
633,355,83,71
633,355,83,71
633,355,83,71
633,355,83,71
633,355,83,71
633,355,83,71
633,355,83,71
633,355,83,71
633,355,83,71
633,355,83,71
633,355,83,71
633,355,83,71
633,355,83,71
633,355,83,71
633,355,83,71
633,355,83,71
633,355,83,71
633,355,83,71
633,355,83,71
633,355,83,71
633,355,83,71
633,355,83,71
633,355,83,71
633,355,83,71
633,355,83,71
633,355,83,71
633,355,83,71
633,355,83,71
633,355,83,71
633,355,83,71
633,355,83,71
633,355,83,71
633,355,83,71
633,355,83,71
633,355,83,71
633,355,83,71
633,355,83,71
633,355,83,71
633,355,83,71
633,355,83,71
633,355,83,71
633,355,83,71
633,355,83,71
633,355,83,71
633,355,83,71
633,355,83,71
633,355,83,71
633,355,83,71
633,355,83,71
633,355,83,71
633,355,83,71
633,355,83,71
633,355,83,71
633,355,83,71
633,355,83,71
633,355,83,71
633,355,83,71
633,355,83,71
633,355,83,71
633,355,83,71
633,355,83,71
633,355,83,71
633,355,83,71
633,355,83,71
633,355,83,71
633,355,83,71
633,355,83,71
633,355,83,71
633,355,83,71
633,355,83,71
633,355,83,71
633,355,83,71
633,355,83,71
633,355,83,71
633,355,83,71
633,355,83,71
633,355,83,71
633,355,83,71
633,355,83,71
633,355,83,71
633,355,83,71
633,355,83,71
633,355,83,71
633,355,83,71
633,355,83,71
633,355,83,71
633,355,83,71
633,355,83,71
633,355,83,71
633,355,83,71
633,355,83,71
633,355,83,71
633,355,83,71
633,355,83,71
633,355,83,71
633,355,83,71
633,355,83,71
633,355,83,71
633,355,83,71
633,355,83,71
633,355,83,71
633,355,83,71
