182,54,117,170
179,46,114,181
175,41,112,190
170,43,113,190
169,45,112,188
165,44,111,189
166,50,115,181
161,53,113,179
157,48,122,187
156,52,117,185
157,52,116,185
153,55,116,182
151,51,118,183
150,52,119,184
152,49,116,191
150,51,118,188
150,52,116,188
149,47,120,195
149,51,115,190
147,68,121,170
153,60,115,177
154,58,115,183
152,60,116,183
149,66,117,176
152,58,120,183
155,62,118,181
150,59,121,185
151,61,117,180
155,59,119,182
150,65,123,175
153,63,123,181
151,63,122,180
151,69,119,170
154,69,113,168
155,62,118,179
151,67,118,170
150,63,118,176
147,68,119,167
153,61,116,178
156,71,112,160
151,67,113,164
151,73,116,157
153,63,109,171
154,70,109,162
155,65,110,167
151,77,111,151
150,72,115,159
155,73,108,157
159,76,106,151
159,73,101,156
161,71,107,159
161,81,103,145
164,74,109,154
168,72,105,156
165,73,110,157
171,66,106,168
172,79,109,153
178,76,102,156
180,79,101,150
184,78,98,154
185,85,98,147
187,80,97,155
188,80,100,155
191,81,96,152
192,81,97,155
192,81,99,156
192,81,98,153
193,86,96,150
194,92,96,141
194,88,96,147
196,82,94,156
197,85,95,155
198,80,93,161
201,79,90,161
201,77,93,161
198,87,95,153
201,85,91,154
201,83,88,156
199,80,93,155
200,78,88,154
196,75,91,157
200,72,85,158
196,76,87,155
196,76,88,154
191,77,93,153
196,73,87,156
196,76,87,155
194,82,88,147
193,80,90,152
191,80,91,152
192,83,92,147
193,83,88,148
189,82,93,149
186,82,95,147
183,77,96,153
182,73,97,156
182,70,98,159
180,71,97,157
174,72,105,155
175,69,103,159
180,68,99,157
177,74,100,152
177,68,99,158
174,71,100,154
175,69,102,155
172,69,103,157
172,71,98,154
173,68,98,155
170,73,102,148
169,66,103,157
169,71,104,152
166,70,102,155
170,71,96,151
172,71,97,153
167,73,99,151
169,68,100,160
171,71,98,153
167,77,102,148
167,71,99,155
170,74,95,153
164,75,100,152
165,79,95,149
167,76,92,152
166,75,93,152
164,80,93,148
166,83,93,143
169,78,85,152
170,75,85,161
173,78,80,153
173,80,82,155
171,80,85,150
173,81,83,149
174,82,84,147
178,84,75,150
176,79,83,154
177,81,79,151
177,85,82,144
178,86,79,146
177,82,79,153
177,80,82,156
177,77,83,159
177,72,82,167
177,72,84,168
177,75,81,159
179,76,79,159
180,71,79,164
179,71,78,166
181,73,79,166
177,74,80,163
179,75,81,164
178,76,80,162
178,76,78,163
181,70,78,172
179,59,79,186
178,65,82,184
178,58,81,194
178,65,82,183
181,75,80,171
180,81,77,161
181,81,79,162
177,82,82,160
179,87,81,153
178,88,81,149
176,85,83,154
177,80,83,164
173,84,88,154
172,80,87,161
172,82,89,160
170,79,91,161
171,79,88,160
170,81,92,157
169,84,92,151
170,88,90,144
169,81,91,155
169,85,91,152
170,86,89,149
166,86,97,150
166,91,98,145
166,92,101,144
169,93,98,142
170,93,97,142
169,96,101,138
172,95,96,141
170,93,98,148
171,92,96,146
171,93,97,147
172,91,97,150
173,92,98,152
173,99,97,140
171,95,100,146
175,97,96,145
173,96,97,146
174,95,100,148
176,98,91,146
176,97,91,143
174,96,97,147
177,93,93,149
177,95,90,147
176,100,96,140
177,99,92,142
176,99,95,144
177,97,98,147
178,97,94,146
180,101,93,142
180,99,96,144
182,99,95,144
183,98,93,147
185,102,93,142
186,101,92,145
187,106,93,138
192,103,90,143
194,110,91,133
196,111,93,133
199,108,92,137
198,106,95,140
200,107,99,140
202,106,95,141
204,109,97,139
208,107,91,143
210,107,94,141
210,108,97,138
212,109,97,137
215,110,96,136
214,108,100,139
217,108,98,138
221,107,96,142
222,108,96,140
225,109,97,140
223,110,105,136
225,114,105,132
228,110,100,139
232,107,99,146
237,105,95,147
242,107,95,142
246,101,91,150
250,102,92,149
252,102,94,151
258,104,88,144
260,102,93,150
262,104,91,151
268,96,87,155
269,101,88,150
270,103,88,147
273,99,89,154
275,107,85,141
276,110,89,137
273,111,96,139
278,110,91,139
277,114,96,133
280,113,95,135
282,112,94,134
281,109,98,140
286,105,92,145
288,106,93,143
289,106,95,143
292,104,94,145
293,109,97,138
297,106,98,144
302,106,94,143
306,105,92,143
311,105,91,141
316,105,91,143
318,103,91,147
321,105,93,144
324,103,90,146
326,108,92,139
328,105,94,144
332,106,95,144
333,107,95,142
337,108,94,142
336,109,99,139
339,109,101,142
345,109,96,140
346,106,97,143
348,108,96,141
349,108,98,140
350,107,99,141
353,111,99,133
355,107,98,140
354,107,100,141
357,106,99,144
362,111,98,134
363,108,97,140
363,110,100,138
367,110,97,139
368,109,97,140
370,111,97,138
371,111,98,138
373,110,100,141
375,106,99,146
377,110,101,140
376,111,100,138
381,110,99,140
385,113,94,136
385,114,95,135
386,112,97,139
384,110,102,142
386,111,101,142
387,112,104,140
389,114,99,137
389,114,103,137
390,113,99,138
389,114,102,139
392,114,98,138
395,113,94,139
394,115,98,139
394,115,97,142
395,113,99,142
396,114,96,141
395,117,98,139
394,117,98,137
397,118,97,136
396,121,97,134
399,119,94,137
398,117,96,138
399,123,98,132
399,125,95,129
399,121,96,136
398,123,100,132
400,120,95,137
400,118,95,137
402,119,91,135
401,120,96,134
402,118,97,135
403,115,92,137
404,115,92,137
405,112,89,142
405,113,89,137
403,112,92,140
402,112,93,140
403,113,90,139
401,114,94,138
405,113,88,139
405,110,87,143
405,108,85,149
403,113,90,136
403,112,88,139
404,112,87,137
404,112,86,143
399,115,93,134
402,116,85,129
401,114,90,142
398,115,93,136
392,117,100,131
394,117,99,131
395,117,94,134
393,118,99,134
392,113,98,148
391,112,100,150
389,112,103,149
390,114,101,149
392,116,96,145
388,115,104,147
389,114,103,146
386,116,107,146
384,122,109,135
388,119,103,139
384,120,111,139
386,125,106,131
388,120,103,138
384,120,107,139
384,120,109,139
383,121,112,136
383,120,110,138
387,118,105,138
383,119,106,141
383,121,111,134
387,122,102,134
385,121,101,135
382,120,107,138
382,121,105,135
381,119,111,133
382,123,107,132
378,123,115,131
379,123,112,131
379,127,113,124
383,119,108,133
383,122,103,131
384,123,106,130
382,126,110,125
382,122,110,126
382,123,110,129
382,123,110,123
383,123,109,124
382,123,110,124
383,124,110,121
387,124,104,123
384,122,110,123
390,121,102,121
388,123,103,121
383,119,111,127
386,119,107,123
386,119,108,125
386,119,109,127
390,119,103,125
385,121,112,124
388,121,103,118
383,124,114,122
387,123,105,118
382,127,116,117
386,124,106,118
384,124,112,118
382,127,115,114
380,129,119,112
382,128,113,114
380,131,118,110
379,129,119,113
382,133,109,112
381,133,112,109
380,137,112,107
377,137,115,107
377,139,113,106
376,137,113,106
374,138,113,108
374,136,111,110
375,136,108,109
374,137,105,108
372,137,106,108
367,138,113,108
369,137,108,107
367,137,109,109
364,137,114,109
366,138,106,110
362,137,114,110
360,138,117,108
360,136,114,111
360,139,112,105
358,136,115,107
359,136,110,109
359,137,110,107
355,137,114,108
354,137,116,106
355,140,109,107
358,138,102,104
355,136,106,108
352,138,108,107
352,136,107,108
351,136,108,108
349,136,108,109
348,138,107,106
349,140,102,103
347,138,104,104
347,139,103,105
345,139,106,104
345,140,102,103
343,139,104,105
341,140,103,104
341,139,99,104
337,140,105,104
337,140,103,103
335,140,105,102
333,141,108,103
330,141,110,102
332,140,102,103
330,141,106,103
327,141,108,102
324,141,111,104
321,144,112,98
322,144,110,99
323,143,106,100
321,144,109,100
319,144,110,100
318,145,111,100
318,145,108,100
319,144,105,102
319,146,104,101
319,147,104,102
320,147,102,103
317,147,106,104
319,148,102,103
316,150,105,102
317,151,105,101
319,150,102,103
318,148,103,108
318,149,102,105
321,148,97,107
322,147,97,112
319,149,101,107
320,148,100,107
317,148,104,108
321,145,99,111
319,144,102,112
318,142,103,114
320,142,100,114
322,141,98,114
320,141,98,116
321,140,102,118
323,138,95,117
324,139,96,117
323,140,97,117
323,137,97,119
322,136,99,121
325,133,96,122
322,133,101,125
323,135,99,122
323,135,98,122
325,135,97,121
324,132,94,127
324,133,97,125
326,131,94,123
324,132,95,125
322,132,100,123
326,131,91,125
324,132,95,126
322,133,100,124
322,130,101,127
323,129,100,128
324,130,99,125
323,131,99,127
324,130,99,129
322,131,104,125
328,130,93,124
325,130,98,127
331,128,89,130
326,130,93,126
329,128,91,129
327,130,93,127
329,129,90,128
328,130,93,127
329,127,91,130
330,127,91,130
330,128,92,129
331,127,91,130
330,126,93,130
331,126,90,129
332,131,91,121
330,129,91,127
333,129,91,126
333,127,90,126
329,128,94,130
331,127,94,131
334,129,89,123
332,133,93,124
334,126,90,130
330,132,94,124
335,129,85,126
330,134,93,121
332,130,93,125
331,131,94,127
333,129,91,129
330,128,92,130
331,130,92,128
328,128,98,129
331,127,91,131
331,128,90,129
330,129,92,127
329,130,94,128
328,128,97,129
326,130,95,126
327,131,96,124
327,128,99,126
334,129,87,125
333,126,88,129
327,129,99,125
326,130,98,124
331,128,95,123
331,129,91,125
330,127,92,129
330,127,93,128
330,128,93,126
330,125,91,131
329,127,94,128
327,128,94,125
335,124,85,129
330,127,90,125
328,126,93,126
328,125,91,128
329,126,90,125
328,125,90,127
328,125,91,129
325,127,94,127
325,126,94,125
323,124,93,129
333,125,82,126
335,124,77,127
329,125,84,131
324,125,93,129
333,125,81,128
327,126,88,126
330,125,82,126
324,125,90,123
333,123,79,126
326,123,88,131
337,120,74,132
325,124,89,126
329,124,84,127
324,124,90,126
327,124,87,126
326,125,86,122
328,124,83,127
327,122,84,128
330,124,81,123
321,123,90,126
336,122,74,129
333,124,75,127
337,124,70,126
325,124,84,127
324,126,86,124
320,125,91,124
318,128,94,123
329,129,82,123
318,126,94,128
329,130,81,125
320,129,92,123
317,125,95,127
324,131,87,121
318,129,92,120
318,131,93,118
325,130,83,122
315,126,93,129
316,129,93,126
316,127,92,130
315,129,92,128
315,131,89,118
313,133,92,114
312,133,93,118
313,132,93,122
311,133,92,121
312,134,92,115
311,134,92,114
312,135,91,115
313,133,89,119
311,133,90,116
310,134,90,115
310,133,90,118
309,134,90,117
311,133,89,116
309,135,88,115
309,134,88,116
307,134,89,117
308,132,87,125
307,133,90,124
307,133,86,126
308,135,86,122
306,134,87,122
308,132,86,124
305,135,84,119
306,133,84,124
306,132,84,124
305,133,84,124
307,130,81,127
307,130,80,125
308,130,79,125
309,131,79,121
307,131,80,118
308,133,82,123
308,132,81,117
312,134,78,108
310,132,81,123
311,131,81,125
313,133,81,122
314,134,77,114
314,134,80,118
318,132,78,123
319,134,79,126
319,135,78,123
322,134,75,121
321,135,77,114
323,134,76,124
323,135,74,114
322,134,76,124
327,133,71,127
326,136,71,124
327,135,71,118
325,134,74,127
326,136,72,116
327,135,74,109
327,136,70,105
327,135,72,105
328,135,71,105
329,136,70,101
329,136,71,110
328,135,71,110
327,135,72,109
328,134,72,116
331,134,66,111
328,133,73,125
332,131,67,118
332,132,66,117
330,133,69,109
333,133,65,103
331,133,68,109
330,133,67,101
332,133,65,102
330,132,68,105
331,132,68,104
330,132,68,106
331,132,68,103
333,133,66,102
332,133,67,102
331,133,70,104
331,134,72,101
331,134,72,100
331,134,73,100
331,135,74,100
332,134,73,102
332,135,73,103
332,135,74,104
331,135,77,104
332,133,76,108
332,133,76,117
334,133,75,120
332,132,80,133
332,130,80,134
330,132,86,130
331,131,84,134
330,132,83,132
330,134,83,130
328,132,86,132
330,131,82,134
326,133,88,131
327,132,86,134
327,132,85,131
326,132,87,129
325,132,87,130
325,133,87,130
325,132,88,132
324,132,89,133
323,132,91,133
324,134,90,129
323,134,91,129
323,135,89,128
324,133,87,130
323,135,88,127
324,135,87,128
323,135,88,127
322,135,89,127
322,135,89,127
323,134,87,128
324,134,87,128
322,133,89,127
322,136,89,124
323,136,86,124
324,136,86,125
322,135,93,124
323,133,88,129
324,135,86,128
322,136,89,125
322,140,90,121
321,138,90,125
319,137,91,127
318,136,95,131
320,136,92,127
320,140,89,126
321,140,86,125
319,142,90,124
319,141,88,126
317,141,90,126
317,142,89,125
317,141,91,128
316,141,89,131
315,143,90,124
316,139,88,132
316,144,87,125
315,141,88,129
315,144,88,126
312,142,94,126
311,144,93,125
312,142,90,127
312,141,91,128
310,139,94,131
314,141,89,128
313,142,91,126
313,139,89,133
313,141,89,129
312,140,94,128
313,140,90,128
313,141,94,128
314,142,91,127
317,139,88,133
316,142,92,126
314,139,96,130
313,140,99,128
317,141,92,125
320,139,90,128
320,139,86,126
318,139,91,125
317,136,97,128
318,136,95,129
318,133,98,129
322,134,93,129
319,135,94,125
321,133,97,129
323,135,95,126
322,130,96,134
326,133,95,131
327,132,93,131
331,135,90,127
329,135,95,128
330,134,94,129
331,136,94,127
334,134,92,131
336,132,90,135
340,137,88,128
339,138,87,129
341,135,85,135
339,138,89,131
338,147,91,122
341,143,88,128
341,143,91,129
344,142,86,132
344,144,87,127
344,141,87,133
341,139,89,138
342,143,87,132
342,141,88,135
340,143,87,132
338,143,89,134
337,146,90,131
337,143,89,135
334,143,90,136
334,142,90,137
333,146,87,131
331,147,89,129
332,147,86,131
333,147,82,132
335,147,77,132
331,149,83,131
327,148,85,130
323,143,87,139
322,144,86,138
324,145,83,136
320,148,87,132
324,145,81,135
319,145,84,134
318,146,82,135
317,147,82,134
315,148,82,133
312,149,84,130
312,149,83,132
310,152,81,127
311,146,80,132
309,148,80,130
306,149,82,130
305,148,82,129
301,145,83,134
301,148,81,130
297,147,85,132
296,150,84,129
295,147,84,132
294,150,84,129
293,148,82,133
289,147,86,134
290,144,84,135
287,147,85,134
287,149,83,130
286,149,81,126
287,149,82,126
285,150,84,126
288,148,78,130
285,149,81,127
284,149,82,128
284,151,82,127
283,150,83,129
282,150,81,130
282,150,83,129
279,150,85,132
282,149,78,132
280,152,83,126
277,151,82,130
277,152,83,128
276,152,83,129
274,153,84,127
275,153,83,127
272,153,86,124
270,153,86,126
272,154,82,124
272,153,80,124
272,153,78,123
266,153,86,123
265,152,85,127
266,153,81,123
262,154,81,123
263,154,80,122
261,154,79,121
258,156,83,120
257,156,83,119
255,156,81,120
252,157,84,119
253,156,79,122
250,155,81,120
249,156,79,121
248,153,79,127
243,152,84,131
241,157,83,119
240,156,79,121
238,154,82,124
234,155,83,123
235,155,81,123
229,154,86,122
229,157,81,119
229,157,80,117
226,156,80,120
224,156,80,120
222,157,82,120
222,156,76,121
219,155,79,122
218,158,80,117
217,157,76,117
216,158,77,116
214,155,79,121
210,157,79,122
211,157,79,120
213,156,75,121
211,157,79,122
207,157,82,123
207,157,84,124
208,158,84,123
211,158,81,121
212,161,81,118
214,162,81,117
216,159,82,120
220,155,78,126
217,162,86,118
224,161,80,116
225,160,82,118
231,161,79,118
234,158,80,120
236,158,80,121
236,165,84,114
235,161,89,119
239,162,86,115
245,157,83,123
245,159,86,120
251,158,82,121
257,160,78,118
261,158,75,121
258,159,82,121
262,161,80,119
264,163,80,115
266,161,81,119
269,162,80,118
272,162,78,119
274,162,80,118
271,165,84,118
274,163,83,120
276,166,84,117
278,168,83,116
279,164,84,121
282,167,84,117
285,167,84,117
288,171,83,111
292,169,83,113
294,166,82,119
297,167,82,116
301,166,81,115
304,167,82,113
308,165,81,112
315,163,77,113
319,163,75,113
322,161,75,114
326,160,73,112
328,160,76,111
331,157,76,112
333,156,79,113
338,153,74,113
338,152,78,112
340,149,80,114
338,148,84,113
344,146,79,113
346,144,80,113
347,143,80,111
348,143,84,110
351,140,81,111
353,137,82,114
357,135,77,113
357,133,80,116
355,133,84,113
356,131,85,112
354,128,87,114
357,126,87,112
362,125,80,109
367,120,78,112
363,119,86,113
366,119,81,111
365,122,85,108
367,121,84,108
372,120,81,109
375,119,79,110
372,120,85,112
377,118,82,115
378,120,82,114
382,119,82,117
386,121,82,116
386,128,82,110
390,130,83,111
394,126,80,115
399,129,80,112
403,128,78,113
405,130,76,111
410,130,74,112
413,132,75,109
415,132,77,110
417,132,76,111
419,131,77,113
425,134,76,110
429,133,73,114
430,136,77,112
433,133,77,118
434,135,80,118
436,140,80,112
442,132,76,120
442,138,77,115
446,136,74,118
447,139,75,113
447,140,78,113
449,140,77,113
453,140,75,114
455,135,74,121
457,139,74,116
457,137,76,118
458,138,76,117
460,140,75,115
461,137,75,118
463,138,74,117
461,141,77,113
461,138,80,117
462,140,80,114
464,138,77,117
466,138,76,117
468,141,76,115
468,141,78,115
465,141,82,116
470,142,76,114
471,142,78,115
471,138,79,121
472,138,79,119
474,139,77,118
474,140,78,114
475,138,79,117
475,141,81,110
476,139,79,114
476,138,82,114
478,139,80,111
479,140,78,113
477,140,81,113
477,142,80,111
478,138,77,119
479,144,76,110
477,141,77,113
478,146,74,107
477,138,76,117
479,141,73,117
478,147,75,107
477,144,74,110
476,148,75,106
474,147,78,108
472,148,80,108
472,152,80,101
471,152,81,103
473,152,76,102
473,150,76,104
475,154,72,98
471,152,75,100
472,151,76,103
469,150,78,103
473,152,71,100
473,151,69,101
470,149,73,106
470,148,75,103
470,151,72,101
470,152,73,99
471,151,70,101
471,151,69,101
469,151,74,101
468,152,72,102
469,152,71,98
468,152,71,100
467,151,71,100
468,149,70,105
467,152,70,102
467,152,70,100
463,153,74,100
466,152,69,102
462,154,73,99
464,152,71,99
462,152,72,101
462,151,71,101
464,153,70,100
460,151,72,100
462,150,71,105
459,149,73,107
461,150,71,101
461,151,71,102
460,152,70,99
461,153,72,98
460,150,71,103
460,156,72,95
459,153,72,98
461,152,70,99
460,151,71,99
460,151,71,100
456,152,75,98
456,150,73,101
458,151,70,98
455,151,70,100
455,149,73,103
455,152,72,101
453,155,71,97
453,151,72,101
453,152,71,100
453,158,72,95
452,155,72,99
450,153,72,100
449,154,75,100
452,153,73,102
451,154,72,99
449,152,73,104
449,154,73,101
448,154,71,101
450,153,71,102
448,155,71,100
446,154,71,100
447,153,70,102
447,151,68,106
447,154,70,101
447,155,68,100
445,155,68,101
442,154,71,103
441,153,70,106
445,152,68,105
441,152,67,105
443,151,70,108
440,153,68,104
441,154,71,102
442,151,67,107
441,155,67,100
442,154,69,102
440,154,70,100
440,157,67,98
440,156,64,101
441,157,65,98
441,156,63,99
440,157,65,101
442,157,61,100
442,157,62,100
442,157,64,100
442,155,64,104
443,154,60,104
443,155,63,104
443,155,62,104
443,157,62,101
443,157,61,99
444,157,62,104
444,159,62,101
446,158,58,100
448,158,57,101
447,159,59,101
449,159,59,101
448,158,59,106
451,158,55,104
452,159,56,104
452,159,56,104
455,158,54,106
454,161,55,100
455,159,55,107
456,159,56,106
457,159,55,105
456,160,57,106
457,160,57,105
458,161,57,103
460,160,55,104
461,160,56,106
460,160,56,105
460,160,58,105
461,160,55,104
461,159,58,105
462,160,55,104
461,157,57,109
460,161,57,103
461,160,56,104
462,159,54,104
461,156,55,110
458,160,58,102
457,159,58,101
457,157,56,107
455,157,60,106
454,159,59,103
453,159,57,103
451,158,58,103
449,158,60,104
449,158,59,101
446,156,60,104
446,157,58,101
445,155,59,105
445,156,58,102
444,156,58,100
441,156,61,102
440,155,62,102
440,155,61,100
439,155,63,100
438,154,63,101
438,153,65,99
440,152,63,101
441,152,63,101
440,153,63,101
441,153,64,102
442,153,63,101
440,155,65,98
441,152,66,105
443,152,64,105
444,154,63,99
444,156,63,97
445,155,64,101
444,154,64,101
444,153,62,103
447,152,64,104
445,153,64,104
445,154,66,102
447,154,64,101
445,156,68,98
446,155,66,101
445,157,67,99
445,158,69,97
445,157,67,102
448,157,64,99
445,158,68,99
444,157,70,101
441,157,73,102
442,153,75,108
442,157,72,102
443,159,70,98
441,157,73,102
439,155,75,103
440,156,73,100
438,154,76,102
438,155,72,101
436,152,72,103
437,155,71,97
436,153,71,99
436,154,70,99
435,152,67,100
433,151,71,101
431,148,70,104
434,150,64,100
430,151,69,99
429,151,72,99
429,149,69,100
430,149,66,99
429,148,66,99
428,147,70,100
426,148,70,99
426,147,68,97
425,149,69,96
425,147,68,95
426,147,67,98
426,146,65,99
424,147,70,98
424,148,68,98
426,145,63,99
425,147,65,99
425,147,66,100
425,149,65,97
425,150,65,95
426,150,63,94
427,150,63,94
428,149,61,96
428,149,62,93
428,148,62,96
428,148,62,96
427,148,62,97
430,147,60,97
427,147,62,98
428,147,60,99
427,148,63,96
425,147,63,97
425,147,63,100
421,146,68,101
433,150,53,98
428,147,57,99
425,148,60,99
419,147,67,98
422,149,65,96
418,148,68,97
414,146,71,100
416,145,70,102
412,149,72,90
413,149,72,91
413,145,71,99
412,146,70,97
416,146,68,97
414,145,70,100
413,144,67,101
414,144,66,99
416,145,64,96
415,144,62,97
417,143,63,98
416,143,61,100
420,144,57,98
419,144,56,104
420,145,58,99
421,145,57,100
421,146,54,100
422,147,53,89
421,147,53,88
421,147,54,89
421,147,55,86
420,147,60,100
420,146,59,100
423,147,56,99
421,146,59,102
420,147,60,98
421,148,60,97
420,148,62,100
421,147,62,100
423,148,59,97
422,147,62,102
422,148,60,101
421,148,64,96
421,148,64,101
421,147,63,101
422,144,62,105
419,145,66,105
421,146,65,102
420,145,65,104
420,145,67,105
421,144,65,104
422,144,63,107
421,147,65,102
419,147,67,103
417,148,68,103
416,149,69,102
415,153,72,98
414,152,69,101
415,153,69,100
414,155,69,101
412,154,69,103
410,158,71,99
409,157,71,100
409,161,69,98
408,160,70,101
406,165,72,98
404,164,69,99
402,168,71,97
399,168,71,99
398,171,67,98
396,172,71,99
394,174,66,99
391,176,69,99
387,176,70,107
385,180,72,102
383,180,68,103
380,181,67,104
374,183,69,102
373,182,72,105
367,184,74,107
367,182,68,111
359,188,70,104
355,188,71,105
351,189,67,104
345,190,71,106
341,194,73,101
335,193,74,104
329,195,74,104
324,193,73,106
318,191,77,112
312,194,79,111
305,191,81,117
301,196,79,116
297,198,79,117
290,202,83,119
283,211,87,116
277,214,87,124
272,217,86,134
266,227,86,129
262,233,86,125
257,238,90,123
253,249,91,119
252,259,87,97
246,281,96,76
246,281,96,76
246,281,96,76
246,281,96,76
246,281,96,76
246,281,96,76
246,281,96,76
246,281,96,76
246,281,96,76
246,281,96,76
246,281,96,76
246,281,96,76
246,281,96,76
246,281,96,76
