161,226,55,81
158,223,54,84
156,222,57,84
155,220,57,85
155,217,56,88
155,218,59,82
155,216,57,84
156,215,58,85
156,214,60,85
156,213,59,88
158,211,59,89
158,211,57,92
159,210,60,90
161,211,60,90
162,209,61,91
164,209,61,90
166,209,62,89
168,205,63,91
172,207,63,89
175,203,61,92
179,204,64,93
181,201,68,92
185,199,67,93
191,199,63,91
195,196,61,92
201,194,58,86
207,189,56,86
213,186,55,82
219,185,56,79
225,186,55,77
231,185,56,81
239,187,55,76
247,188,55,70
254,188,57,72
263,188,56,70
274,187,53,74
283,186,53,77
291,186,53,78
298,187,54,81
303,188,54,86
307,189,52,89
304,189,54,94
301,192,54,95
294,198,53,92
286,203,50,87
277,212,50,78
266,214,55,78
259,215,54,78
254,211,54,80
254,210,48,80
254,209,47,83
253,211,48,82
254,214,52,79
259,223,50,68
264,230,50,62
272,235,45,74
277,241,48,85
283,253,50,79
288,263,50,76
292,269,48,72
291,270,49,75
287,269,52,77
279,269,54,75
269,264,56,76
255,262,59,81
240,260,61,84
221,260,66,84
203,257,67,93
188,253,73,97
169,248,85,101
165,235,67,90
157,230,75,78
159,221,70,79
159,211,73,77
164,203,81,73
176,196,79,80
191,191,72,80
212,193,67,77
231,198,62,67
251,198,56,76
267,199,56,76
286,197,53,65
303,191,52,63
317,181,47,69
326,172,47,64
332,159,48,68
334,150,46,66
336,142,44,63
334,136,45,59
329,133,47,56
321,132,48,53
310,132,51,57
297,135,54,61
282,141,52,62
263,146,54,60
240,148,55,63
209,146,63,69
183,141,60,69
155,133,66,72
130,118,64,65
108,105,70,75
91,89,64,92
74,85,68,94
70,76,65,102
62,71,72,99
56,74,80,81
64,73,75,87
86,70,60,90
98,75,61,71
115,80,61,73
129,83,59,75
152,85,55,72
169,89,49,70
185,93,46,66
199,94,59,72
209,91,55,88
224,89,43,73
231,86,43,70
233,84,42,67
232,82,44,69
230,81,43,62
221,82,47,53
213,85,47,57
202,88,53,57
186,93,51,57
171,97,48,63
151,100,49,60
130,97,57,65
121,95,52,80
110,93,44,84
105,90,42,80
96,91,50,85
95,89,46,87
95,88,44,89
97,85,40,93
99,88,37,91
95,89,42,87
96,94,49,82
106,96,45,79
122,98,48,81
134,91,55,82
147,98,49,75
168,102,46,59
183,99,47,63
201,101,56,67
218,102,48,78
238,101,42,73
253,98,42,73
265,95,42,73
280,92,37,74
289,86,38,67
302,80,32,58
298,76,37,55
298,71,38,54
295,68,39,51
290,64,38,50
284,63,37,48
275,63,37,47
265,65,40,48
254,68,42,51
247,70,40,51
241,71,37,51
231,73,40,50
224,74,41,56
221,75,38,54
221,76,38,55
222,77,37,54
227,78,35,60
234,81,36,57
241,84,35,60
249,89,33,58
254,93,37,53
262,95,36,51
272,95,32,47
280,94,32,45
288,90,31,45
293,82,30,50
295,75,30,49
297,68,30,50
295,59,30,50
293,49,28,53
287,44,29,48
280,35,31,51
272,31,31,48
262,25,32,51
251,22,31,52
242,26,31,56
230,25,33,60
217,28,36,69
208,34,35,71
196,40,47,73
191,50,37,70
189,56,34,70
189,64,33,71
189,72,34,72
195,81,33,66
200,92,34,57
210,101,42,57
218,116,48,61
230,120,40,65
246,129,33,75
261,132,31,87
276,138,31,84
289,143,27,82
300,145,27,82
308,148,28,76
315,148,27,74
321,149,23,68
323,149,24,65
324,150,25,64
324,151,24,63
323,152,23,66
318,152,24,65
314,152,23,73
308,151,22,77
299,151,25,74
291,147,25,79
282,145,27,79
275,141,27,79
267,137,30,77
262,133,29,73
259,130,28,67
255,128,28,61
254,125,28,62
255,122,27,60
257,120,27,59
261,117,24,65
266,116,23,68
270,116,23,73
277,117,21,71
283,115,21,73
288,116,20,71
293,117,20,67
296,114,20,70
298,114,20,66
298,111,21,66
297,108,22,67
296,106,21,68
290,104,23,69
285,103,23,73
278,104,24,72
270,104,26,72
263,104,24,72
257,103,24,71
247,103,30,72
241,103,29,78
235,103,31,79
226,107,37,73
219,109,46,71
216,109,50,73
216,109,48,75
214,111,52,72
216,111,51,72
217,111,48,72
217,112,50,74
219,113,48,70
218,112,48,72
224,116,42,65
232,119,38,59
240,122,36,64
247,126,37,68
260,128,31,77
269,135,29,84
279,142,30,84
289,150,29,84
298,161,28,81
303,169,31,76
308,177,35,72
314,185,29,71
317,192,28,64
318,200,28,68
318,208,27,71
315,217,27,64
309,227,31,60
302,239,31,57
294,247,33,60
282,255,39,63
269,263,41,60
255,268,44,64
241,273,49,65
232,274,48,74
221,275,48,75
215,271,47,84
210,268,48,83
207,266,50,73
205,260,52,75
206,255,51,69
208,245,50,77
211,234,45,87
213,221,45,83
213,211,41,70
217,198,34,61
214,188,37,55
213,177,40,49
211,165,38,46
208,148,35,49
205,136,35,47
204,130,29,49
198,123,32,57
192,122,32,56
186,122,33,59
179,122,37,56
172,120,39,58
166,117,38,59
161,111,36,56
154,107,39,51
150,102,38,48
148,96,37,50
146,90,36,50
144,85,36,49
144,80,36,49
145,76,35,50
147,73,33,53
149,70,32,54
151,69,31,51
152,70,32,46
156,70,28,41
158,69,28,46
160,68,29,46
161,68,28,43
163,67,26,43
163,67,27,42
164,67,25,42
164,68,26,42
163,67,27,45
161,67,27,43
160,66,27,41
157,63,26,44
155,59,27,44
152,54,27,44
150,49,27,43
147,44,28,45
144,40,29,45
141,37,30,48
139,36,32,51
138,37,33,51
140,40,31,52
142,45,31,55
144,50,32,55
148,58,33,49
153,68,36,46
161,74,37,44
172,78,39,44
183,82,33,45
191,84,32,46
203,86,35,45
209,87,42,48
217,90,38,43
223,91,33,43
228,91,30,43
231,89,30,46
232,88,29,44
229,88,28,43
225,86,32,43
214,86,41,40
206,87,44,43
191,86,42,44
180,86,39,44
165,84,45,45
152,79,40,45
139,72,39,50
128,67,40,47
119,60,37,51
111,57,38,47
103,53,41,45
98,52,45,43
99,53,44,38
109,55,39,42
115,58,38,44
125,65,37,46
134,71,43,49
148,76,43,45
165,84,41,44
180,87,40,46
200,92,41,41
198,93,49,38
213,91,42,43
213,90,43,47
230,93,36,42
245,92,33,46
251,88,35,53
255,84,35,60
258,82,36,61
258,81,37,60
258,82,36,58
256,84,36,64
251,87,37,67
246,91,32,58
229,93,34,56
212,96,43,52
191,99,40,43
173,97,40,46
151,94,42,43
128,88,47,44
113,83,43,50
92,71,47,61
85,67,46,61
80,66,45,56
78,64,42,52
79,63,41,53
82,63,42,55
82,63,47,57
90,68,48,59
103,76,46,54
125,81,41,57
137,88,42,51
158,93,39,52
177,98,36,45
194,102,36,43
210,102,45,38
225,97,36,44
234,94,38,42
246,91,32,41
250,85,33,47
252,77,32,56
251,72,32,61
250,71,31,57
242,71,35,50
238,71,32,53
221,72,38,50
209,74,43,43
189,72,50,49
170,69,44,50
149,62,47,51
131,56,44,52
112,49,46,54
96,41,42,54
81,33,48,57
75,26,43,57
70,21,41,59
67,21,41,57
63,22,45,57
68,26,43,58
76,33,43,57
81,44,53,58
96,53,49,56
120,63,45,53
144,74,43,55
163,84,49,52
183,91,49,49
207,97,48,44
225,102,41,40
250,103,32,43
257,100,36,49
262,98,38,57
266,93,37,63
268,91,35,61
265,91,37,59
257,92,42,64
253,95,38,65
246,97,35,62
226,103,40,60
205,108,53,58
180,111,50,47
156,112,56,43
129,107,59,47
109,98,51,53
88,90,56,53
72,77,62,59
64,68,50,60
45,60,59,59
39,53,61,56
39,48,60,58
52,50,50,57
59,52,50,55
71,56,48,55
82,62,50,57
93,72,50,58
115,81,46,60
132,89,51,56
156,97,54,54
178,101,48,44
198,102,58,41
211,101,51,42
230,96,46,44
245,91,39,46
253,85,36,44
255,80,36,46
253,76,37,52
248,76,40,50
242,75,40,50
232,79,43,49
217,82,43,54
199,86,51,51
179,89,45,50
157,89,48,52
131,86,51,59
112,81,48,61
87,71,54,70
75,64,57,66
65,57,50,60
59,49,47,61
60,43,41,61
63,40,42,59
71,40,41,55
76,40,48,55
83,47,53,53
80,44,57,61
100,50,53,62
103,51,50,60
124,59,50,60
146,69,49,57
171,78,47,55
195,82,57,58
219,87,51,54
246,89,46,61
261,86,47,60
279,83,43,47
291,78,40,40
295,71,41,40
300,66,37,44
298,64,39,39
293,61,39,38
282,63,44,41
271,68,44,43
258,73,42,48
244,80,42,42
215,82,48,46
188,80,56,49
161,75,55,54
132,70,59,54
113,59,52,59
93,49,52,60
80,42,54,59
74,35,52,55
74,31,40,58
76,29,37,56
77,30,38,56
81,36,43,53
84,44,50,60
97,53,47,61
118,66,47,54
132,79,55,53
159,95,54,47
182,103,49,45
209,108,48,46
229,112,47,43
253,113,41,47
266,111,42,45
276,111,43,47
288,112,37,42
294,115,36,39
297,124,33,36
295,134,34,37
291,148,37,41
285,166,39,44
278,189,39,48
263,208,42,46
241,217,46,44
213,222,52,45
191,222,55,48
162,217,58,48
136,211,63,55
119,198,63,54
101,200,63,44
91,189,62,51
74,191,58,42
65,189,56,46
65,189,54,51
69,193,52,48
75,199,51,60
83,211,54,50
101,229,53,45
113,242,59,44
134,265,66,51
150,273,66,60
183,274,77,71
209,279,69,63
246,277,58,66
269,270,56,56
291,261,51,59
309,250,43,52
321,236,42,51
328,223,40,52
333,213,36,46
332,207,36,46
329,203,39,48
323,202,40,51
318,204,42,43
312,215,42,46
303,224,41,54
292,236,41,59
275,254,45,60
257,264,44,58
227,267,54,69
204,271,52,79
174,275,52,77
152,274,64,72
126,269,76,74
116,267,61,66
101,264,61,60
93,253,61,62
86,256,67,48
88,252,64,45
94,251,64,45
110,256,54,40
124,262,52,43
141,269,56,49
154,276,63,53
175,268,62,67
205,268,59,74
214,268,66,82
250,268,48,78
267,266,45,81
283,264,43,72
297,264,39,66
307,261,35,67
312,259,34,66
315,258,31,68
313,259,32,64
308,261,35,64
299,264,38,63
289,270,39,55
275,278,43,53
258,286,46,54
236,289,52,62
212,290,51,66
184,292,60,67
184,295,70,62
154,297,72,58
154,299,73,55
127,294,86,60
110,285,71,71
90,275,69,72
74,264,65,79
65,255,64,73
56,251,63,68
52,247,60,70
47,249,67,66
54,252,60,59
59,257,71,59
72,268,63,59
85,278,71,60
110,287,61,51
125,293,69,53
151,298,72,55
175,299,62,51
202,292,59,58
215,286,61,60
242,277,51,68
260,266,43,77
272,258,47,74
281,247,41,85
290,242,34,75
294,236,35,74
295,235,34,58
294,236,34,54
289,239,37,52
282,246,40,47
270,253,43,49
259,261,43,53
242,268,45,59
210,276,56,67
188,278,70,77
151,284,77,69
127,283,85,66
107,281,70,67
77,272,76,70
62,258,70,72
46,245,67,70
36,238,66,67
27,230,65,70
22,223,68,73
26,221,64,74
31,219,62,78
45,221,58,76
58,227,55,72
70,236,62,63
86,244,67,53
112,252,60,63
130,255,63,58
148,251,67,67
178,243,54,68
201,239,56,66
210,231,54,63
234,224,44,71
252,216,37,70
256,208,42,74
260,202,42,81
266,198,38,81
265,195,40,76
257,194,47,65
255,196,44,61
248,198,43,59
229,199,49,53
210,199,49,51
188,195,58,48
159,189,62,46
132,182,69,55
113,167,64,58
92,150,61,67
72,137,62,57
72,137,62,57
72,137,62,57
72,137,62,57
37,83,54,64
38,71,54,64
40,67,55,59
49,64,53,68
62,65,49,64
72,64,60,69
81,71,56,69
93,80,58,69
118,89,58,62
132,97,62,53
158,104,55,46
180,106,46,47
197,107,55,39
213,102,46,45
232,96,39,49
243,89,39,56
251,83,38,58
258,76,37,64
262,71,36,69
265,68,35,63
266,65,35,58
260,63,39,57
256,62,38,62
249,63,39,62
240,64,37,51
226,67,40,42
210,67,44,49
191,69,53,47
179,67,46,50
161,64,46,59
145,61,49,61
132,61,45,60
119,61,44,57
107,60,43,62
97,60,45,64
90,65,49,54
89,69,47,53
92,73,43,54
91,78,50,61
99,84,50,62
112,90,42,58
127,97,49,52
148,106,40,43
167,109,44,47
190,114,36,49
190,115,38,49
211,116,50,51
210,117,53,54
220,115,56,64
250,112,45,64
269,106,46,70
289,97,41,74
305,89,40,75
315,79,42,75
322,71,45,75
328,65,46,71
331,63,47,66
330,62,48,60
326,64,49,46
314,65,56,49
301,71,55,47
279,76,57,52
249,84,62,56
225,87,58,63
188,91,70,70
155,100,61,60
129,106,62,49
111,107,58,46
94,108,55,44
76,110,61,52
75,111,60,53
84,108,52,60
94,106,43,65
99,105,46,72
109,107,46,69
131,109,37,67
140,118,39,61
154,121,42,57
170,126,43,55
185,133,35,50
201,136,32,47
214,138,28,44
231,149,39,44
242,148,37,49
247,145,42,54
250,143,46,55
257,138,41,55
257,134,41,54
253,129,42,51
243,123,47,57
231,118,52,64
212,114,58,68
197,105,63,74
183,103,67,76
163,106,58,77
144,106,71,75
135,103,58,78
135,102,41,76
132,103,46,75
131,105,50,73
134,106,46,71
140,107,38,70
152,108,30,70
165,111,24,67
176,117,26,65
188,120,36,63
200,124,35,57
212,127,38,53
219,128,50,53
221,133,50,49
237,136,41,48
245,138,38,52
248,139,38,54
249,138,38,57
248,137,39,55
243,135,44,60
235,130,46,66
222,127,48,60
211,122,56,60
194,118,71,60
179,113,78,68
164,110,61,68
151,110,63,70
137,110,67,67
129,115,66,63
128,120,58,60
127,130,53,71
126,137,53,79
127,153,55,70
128,166,64,76
130,177,68,71
149,187,54,68
166,199,44,54
177,207,46,57
192,211,42,58
202,214,46,57
215,218,41,48
228,218,36,48
239,219,34,52
247,219,35,54
250,215,36,63
257,215,32,66
259,213,33,69
261,213,31,75
261,216,32,69
257,217,34,73
253,222,36,60
245,227,38,55
236,232,37,56
226,236,37,56
212,238,44,58
203,242,43,55
192,243,40,62
181,244,42,57
173,242,43,54
167,238,45,57
165,234,43,56
163,230,47,57
163,227,46,55
166,225,45,51
172,224,45,49
177,224,44,50
185,226,43,50
194,228,41,56
202,229,46,58
210,231,46,58
210,230,46,59
221,234,40,57
222,233,39,60
231,235,39,56
240,237,39,55
245,235,40,57
249,233,39,61
251,233,38,60
247,233,42,58
239,233,46,59
229,233,50,67
216,237,52,74
203,243,57,84
188,248,68,82
166,256,61,82
143,266,74,76
125,274,83,71
113,281,83,74
103,284,67,75
97,287,64,70
96,289,61,64
97,286,62,68
112,283,57,70
124,281,59,72
140,285,58,71
153,291,61,67
174,294,60,66
194,298,63,59
220,303,56,47
247,301,51,54
268,298,52,51
292,291,48,58
316,284,43,50
336,278,39,43
353,267,43,47
366,259,35,48
366,259,35,48
366,259,35,48
366,259,35,48
366,259,35,48
366,259,35,48
366,259,35,48
366,259,35,48
366,259,35,48
366,259,35,48
366,259,35,48
366,259,35,48
363,295,40,52
336,304,50,54
300,314,60,56
262,320,64,56
222,324,66,48
175,318,69,47
121,304,83,47
69,284,88,61
31,256,89,72
0,233,78,73
-32,211,78,68
-32,211,78,68
-32,211,78,68
-32,211,78,68
-32,211,78,68
-32,211,78,68
-32,211,78,68
-32,211,78,68
-32,211,78,68
-32,211,78,68
-32,211,78,68
-32,211,78,68
-20,188,64,71
-1,229,67,66
33,254,77,77
74,291,83,70
117,314,88,66
165,321,74,68
165,321,74,68
257,320,60,66
293,308,50,51
320,291,49,53
342,275,42,50
361,259,36,53
369,247,31,46
369,247,31,46
369,247,31,46
369,247,31,46
369,247,31,46
369,247,31,46
369,247,31,46
369,247,31,46
369,247,31,46
369,247,31,46
369,272,28,46
352,290,33,43
331,308,39,48
296,331,41,45
266,339,48,41
266,339,48,41
173,342,56,37
120,327,61,41
85,309,70,48
49,273,73,57
23,238,69,62
-2,210,68,60
-8,176,60,57
-26,156,58,46
-24,137,68,44
-24,137,68,44
-24,137,68,44
-24,137,68,44
-24,137,68,44
-24,137,68,44
-41,156,62,39
-17,180,56,48
0,200,66,59
34,219,72,59
70,233,67,56
116,244,67,54
141,243,71,68
183,239,70,54
204,234,63,50
235,223,55,51
254,212,48,59
254,211,48,67
268,201,43,64
268,202,44,55
278,194,40,54
285,189,37,55
288,185,37,54
289,187,36,52
287,190,36,57
283,197,38,54
276,210,40,46
264,224,45,53
254,238,45,55
236,255,47,64
205,272,56,70
178,290,60,67
147,300,66,59
117,301,72,58
85,296,74,64
62,284,75,67
39,280,81,60
23,265,70,63
19,255,60,59
9,254,67,60
6,249,67,64
7,245,67,71
15,246,63,76
27,248,60,82
44,252,58,75
64,261,66,85
80,268,68,82
114,273,57,78
133,273,62,69
144,272,70,84
183,269,78,76
202,267,63,75
206,261,69,89
219,259,72,89
252,258,68,72
258,258,65,58
264,260,60,49
271,261,49,55
271,262,47,58
267,263,49,62
258,268,47,60
249,272,44,62
234,273,45,59
217,275,45,61
202,272,53,66
185,270,47,65
171,270,47,59
162,262,48,64
149,258,54,64
146,254,48,58
147,247,39,55
147,240,37,55
150,236,33,52
153,231,33,55
156,226,45,50
162,226,41,42
168,222,38,45
176,218,34,50
184,215,32,54
191,211,29,58
197,207,30,52
200,206,31,52
205,204,31,46
208,202,32,43
210,200,31,44
210,198,31,45
207,195,34,44
203,194,34,46
198,194,34,44
192,194,34,44
185,194,34,45
178,194,35,46
167,195,37,48
160,196,39,47
154,197,41,45
149,199,43,45
146,201,40,50
145,203,37,48
145,207,37,39
147,208,39,40
150,211,40,40
153,213,44,37
160,215,41,38
172,216,36,39
184,217,34,44
195,216,33,50
202,217,37,46
214,215,34,41
223,213,30,40
230,211,30,41
233,206,33,45
235,205,32,46
236,204,33,43
232,203,35,42
226,206,37,38
218,208,36,43
207,210,41,42
195,213,41,43
179,215,43,49
162,216,45,52
145,214,53,48
129,212,53,51
118,209,48,49
108,208,53,42
100,205,52,40
94,205,58,37
95,207,53,30
99,207,51,32
105,210,50,39
115,213,48,47
127,219,45,52
142,225,47,46
156,227,50,44
172,228,43,45
193,229,39,43
204,225,44,46
219,222,36,43
231,218,36,42
231,217,36,43
239,213,36,46
239,212,35,46
247,208,34,48
247,208,34,48
249,204,33,53
250,202,33,57
248,203,34,51
246,206,33,51
236,210,39,45
228,216,37,44
214,220,39,43
198,223,47,45
181,225,42,44
160,224,49,44
142,220,51,49
124,215,50,51
105,210,58,45
94,203,59,43
82,196,56,41
77,190,50,45
73,188,54,48
74,189,54,41
75,186,56,44
87,197,54,43
100,203,57,45
114,210,51,45
129,217,56,47
148,221,58,46
168,221,49,47
192,223,45,45
204,221,48,45
224,220,40,41
237,217,38,41
248,211,36,46
254,207,34,47
256,203,32,50
257,199,31,55
249,196,36,54
244,195,36,47
229,193,40,40
214,186,39,40
198,179,42,40
177,168,45,45
157,154,43,51
130,138,53,61
130,138,53,61
130,138,53,61
86,88,50,50
77,73,55,53
69,61,47,51
64,51,45,49
62,43,45,50
62,39,47,50
71,36,43,54
77,36,44,55
86,40,44,55
99,46,43,51
114,52,43,55
131,59,43,55
148,67,44,47
166,74,45,42
185,76,37,44
197,78,45,40
209,77,41,42
218,75,37,41
226,72,32,42
231,67,27,47
232,65,26,48
226,64,30,46
215,67,38,41
208,68,38,41
196,70,45,44
184,72,38,44
168,71,41,46
150,67,42,46
132,64,43,46
117,58,41,51
99,53,45,51
83,50,51,49
79,49,47,46
78,46,39,52
76,46,38,51
76,49,39,50
77,54,47,51
86,61,44,53
95,70,49,55
111,85,49,56
131,94,47,53
153,104,44,49
177,111,37,44
196,116,37,46
214,120,46,46
228,122,41,56
242,122,40,58
257,124,33,57
262,128,37,56
270,132,35,54
274,141,36,49
276,152,34,45
277,166,33,44
273,181,33,49
264,194,38,52
254,206,38,53
237,219,42,57
217,227,44,57
201,233,48,52
182,236,48,51
169,236,44,52
155,235,47,51
142,235,47,55
132,234,50,57
130,236,46,55
129,237,46,54
132,239,45,54
138,243,45,52
146,247,44,50
154,247,54,49
168,242,44,55
179,239,41,56
191,232,40,57
202,224,42,53
207,214,43,55
206,214,45,53
214,202,40,51
217,202,36,51
220,191,34,51
220,179,34,49
217,166,35,50
214,151,33,53
205,137,35,49
195,124,35,57
195,124,36,57
195,124,36,57
195,124,36,57
195,124,36,57
195,124,36,57
195,124,36,57
195,124,36,57
121,24,36,47
130,26,35,46
138,32,34,47
148,38,32,47
157,45,34,44
165,51,34,46
173,58,33,48
181,65,31,53
187,73,30,53
190,82,29,49
193,91,29,50
195,102,29,54
195,111,28,54
194,123,30,59
192,131,31,55
189,145,33,55
187,154,35,53
185,165,37,52
184,174,34,52
183,185,33,49
182,193,36,51
184,203,33,57
185,213,35,58
187,222,35,60
190,232,34,61
193,240,35,64
198,250,33,57
202,258,33,53
207,263,34,52
210,267,35,52
211,269,43,50
214,272,43,48
220,273,37,45
221,268,38,52
223,265,35,54
223,261,37,56
222,256,35,61
221,247,33,62
216,240,37,53
211,231,38,51
206,219,35,53
200,207,35,53
195,193,35,56
189,180,36,56
181,166,38,58
174,149,36,56
169,135,35,53
163,121,35,58
158,107,36,52
154,94,35,53
150,81,34,55
147,69,33,56
143,57,33,57
142,48,31,54
142,42,31,52
140,36,32,51
140,32,34,48
140,29,34,48
142,28,34,45
145,26,31,54
147,25,31,56
150,29,30,53
153,33,31,53
156,39,30,48
160,44,29,45
162,51,30,46
165,58,28,46
168,67,28,49
170,77,27,49
172,86,27,51
174,99,28,48
175,110,27,48
175,122,29,46
175,133,29,50
175,144,30,53
175,154,31,54
176,166,31,56
176,175,32,56
176,186,31,59
177,197,31,55
177,209,32,60
178,221,34,60
178,232,34,59
180,242,33,59
183,252,32,60
185,260,31,60
188,268,33,61
191,273,33,66
194,278,32,62
197,280,31,60
200,278,30,62
201,273,30,62
204,269,30,57
206,263,28,55
206,255,30,50
206,245,30,49
206,233,31,52
206,234,31,50
203,221,32,51
204,221,32,49
200,208,34,49
198,195,34,52
196,178,34,55
193,164,33,52
187,143,36,55
182,125,35,58
179,108,34,52
174,94,35,51
170,78,32,53
165,63,34,57
160,51,37,58
156,40,37,56
154,34,34,52
151,26,36,60
149,21,39,61
150,18,37,63
152,18,37,60
155,21,36,57
159,22,33,60
162,27,33,60
165,36,30,55
169,45,30,52
171,55,30,50
174,68,31,45
176,79,35,48
178,90,33,50
182,102,32,46
186,115,28,47
189,126,28,56
190,144,30,56
191,160,31,50
193,171,32,55
195,186,32,52
198,200,32,51
201,212,33,55
204,223,34,56
207,232,35,56
209,242,36,54
210,252,42,60
211,259,45,65
211,267,46,69
211,277,46,64
214,284,43,61
216,292,42,59
216,300,43,52
213,302,46,53
214,306,44,52
213,309,46,50
214,314,44,46
213,319,48,42
217,323,43,36
222,325,40,37
227,324,38,40
231,322,41,44
238,320,39,45
247,317,38,45
256,313,37,46
264,303,36,52
272,294,34,53
278,285,34,51
283,275,33,52
288,269,31,49
289,264,32,43
289,259,30,41
288,257,29,39
283,257,32,38
277,258,33,37
268,262,35,39
255,264,39,42
240,266,42,45
224,271,45,43
203,270,52,49
184,265,50,55
158,261,59,60
139,252,66,66
127,239,60,62
119,228,52,60
108,219,56,56
101,212,59,57
99,208,60,55
105,208,53,47
110,210,52,39
118,216,52,49
129,222,53,62
144,230,60,54
158,241,58,50
182,242,56,52
203,247,55,49
224,244,53,49
249,239,44,46
262,234,43,46
275,227,41,53
286,218,37,64
290,212,37,73
297,209,33,75
299,209,31,78
298,211,31,77
291,214,37,77
283,221,41,69
273,231,42,67
259,240,43,79
239,248,48,71
212,255,55,66
194,255,64,63
165,254,66,54
146,248,67,58
129,240,63,54
122,231,54,51
111,224,56,56
109,220,52,56
107,220,52,48
107,223,53,38
111,229,49,39
117,235,51,45
129,247,53,53
142,257,56,64
151,263,65,69
181,268,56,63
183,269,54,67
207,269,53,72
206,270,55,73
225,270,54,70
252,266,46,66
268,259,47,67
281,251,43,75
292,244,37,74
304,239,31,71
305,236,34,63
307,235,34,56
305,237,34,54
300,240,36,49
293,247,37,46
280,252,43,50
265,258,45,57
243,265,50,51
219,265,52,58
194,268,62,50
168,265,59,48
140,258,70,56
126,248,62,63
119,236,51,66
108,230,50,57
100,228,47,45
97,225,46,35
96,226,46,35
101,232,45,34
109,239,45,35
117,246,49,38
129,259,55,38
142,270,63,47
161,280,59,52
184,291,59,51
208,299,55,55
232,308,53,50
258,317,46,45
279,324,47,47
300,328,44,47
320,331,43,45
338,331,40,49
354,328,39,50
368,323,39,51
380,316,30,52
380,316,30,52
380,316,30,52
380,316,30,52
380,316,30,52
380,316,30,52
380,316,30,52
380,316,30,52
380,316,30,52
380,316,30,52
380,316,30,52
380,316,30,52
380,316,30,52
380,316,30,52
380,316,30,52
367,293,35,52
346,305,40,53
320,320,47,55
290,335,55,45
259,351,59,39
259,351,59,39
187,334,64,42
152,304,73,53
125,286,73,47
105,253,63,42
81,220,63,47
59,180,69,56
41,147,72,65
41,147,72,65
27,107,69,72
22,98,64,61
16,94,66,65
14,98,70,60
28,110,64,73
28,110,64,73
52,161,68,69
71,202,67,61
108,238,60,56
128,268,72,60
148,291,82,67
187,311,74,70
73,324,75,59
73,324,75,59
73,324,75,59
73,324,75,59
199,322,71,61
343,313,59,63
364,305,49,55
364,305,49,55
364,305,49,55
364,305,49,55
364,305,49,55
364,305,49,55
364,305,49,55
364,305,49,55
364,305,49,55
364,305,49,55
364,305,49,55
364,305,49,55
364,305,49,55
364,305,49,55
362,316,38,52
357,321,36,47
310,332,46,48
275,349,51,40
231,351,60,35
180,334,73,42
148,315,72,42
121,293,64,51
94,267,60,45
72,236,57,48
52,213,60,54
36,191,59,49
30,174,53,48
25,161,49,54
18,155,53,52
20,154,53,50
23,155,57,53
34,157,63,54
35,156,61,63
51,169,67,70
50,170,70,68
69,182,67,62
91,191,78,68
121,209,78,66
146,219,66,51
172,225,59,51
198,230,57,55
212,235,53,51
235,239,47,55
255,249,40,51
266,255,43,52
278,262,41,51
288,267,36,49
295,270,32,49
302,274,30,46
307,275,29,44
311,277,27,43
314,277,27,43
316,276,27,43
319,276,27,43
321,277,25,41
323,277,24,40
324,278,24,39
326,278,24,39
326,279,25,39
328,278,25,39
330,279,25,36
332,280,25,36
335,280,25,36
338,279,25,37
341,279,27,38
344,281,27,36
349,280,26,38
353,280,27,39
359,281,29,41
363,282,29,39
370,284,23,37
374,284,21,36
378,284,17,35
378,284,17,35
378,284,17,35
378,284,17,35
378,284,17,35
378,284,17,35
378,284,17,35
378,284,17,35
378,284,17,35
378,284,17,35
378,284,17,35
378,284,17,35
378,284,17,35
378,284,17,35
378,284,17,35
378,284,17,35
378,284,17,35
378,284,17,35
378,284,17,35
378,284,17,35
378,284,17,35
378,284,17,35
378,284,17,35
378,284,17,35
378,284,17,35
378,284,17,35
378,284,17,35
378,284,17,35
378,284,17,35
378,284,17,35
378,284,17,35
378,284,17,35
386,305,15,33
383,307,18,32
376,309,24,31
370,309,28,35
364,308,27,42
358,307,28,46
352,307,28,45
346,306,31,43
340,304,29,39
333,302,29,38
324,300,32,39
316,299,31,41
306,299,33,41
296,298,33,42
283,295,38,46
269,292,41,46
259,287,41,51
246,280,42,55
232,276,46,51
220,270,44,54
207,263,53,59
196,259,60,60
189,253,51,60
186,250,49,56
187,248,46,54
186,245,48,56
190,244,48,55
199,242,46,54
207,239,46,52
215,235,42,58
227,232,38,49
235,226,37,49
242,220,38,55
249,216,34,61
251,213,33,65
252,212,33,68
252,214,31,69
251,215,32,69
246,219,35,66
239,223,37,57
234,227,33,56
223,231,35,56
212,235,43,52
203,238,44,52
194,240,40,55
186,243,41,58
177,246,42,55
169,247,45,54
165,248,47,53
165,247,47,54
165,244,48,56
164,244,48,58
168,241,48,54
177,238,47,50
188,234,46,53
199,234,53,57
211,232,46,64
225,237,47,56
239,237,45,59
254,237,45,59
265,235,45,58
275,233,44,62
283,231,41,60
287,226,40,63
287,221,41,66
284,221,43,65
278,220,45,66
266,222,51,67
256,222,54,68
247,228,47,71
231,234,50,74
214,238,50,79
204,236,52,82
191,236,60,77
177,232,47,75
169,228,43,73
162,224,46,72
158,221,47,62
151,220,55,58
150,221,53,57
148,222,58,50
151,227,57,48
158,231,51,51
165,233,53,61
181,236,47,61
200,238,53,72
220,231,47,85
240,229,53,79
259,219,55,75
280,210,53,73
296,198,58,73
307,187,61,74
318,179,67,65
323,171,68,69
328,171,61,59
329,174,59,61
325,179,59,65
316,188,56,66
305,198,57,79
287,209,55,80
269,220,52,74
252,233,48,65
229,235,50,72
209,238,47,81
194,238,50,80
178,235,41,82
166,232,48,80
161,228,46,74
156,224,49,65
155,223,48,55
153,227,54,46
154,227,54,48
158,232,51,48
164,236,46,56
172,241,46,62
185,248,45,60
197,250,49,67
209,251,48,69
222,251,43,69
236,250,44,66
249,250,41,60
259,246,40,58
264,244,41,56
270,245,40,50
275,246,38,54
277,248,38,52
275,249,36,52
273,250,34,48
269,251,34,45
262,249,35,44
256,248,34,46
251,246,31,49
243,246,33,48
235,245,34,48
227,243,34,51
220,244,36,48
212,244,39,44
208,242,36,45
203,241,35,44
197,238,35,47
193,234,35,48
189,230,35,52
187,227,34,49
185,225,34,48
184,224,34,46
184,222,34,47
185,220,34,50
188,219,35,51
190,219,34,47
194,218,34,52
199,218,33,52
203,219,34,51
204,220,40,48
209,222,40,47
215,226,39,45
221,225,36,48
228,228,33,47
234,229,32,48
239,230,30,46
244,231,29,44
247,231,31,45
249,232,30,43
250,231,29,46
250,231,28,44
248,229,28,48
244,228,29,51
237,230,31,42
230,228,32,42
220,224,35,43
210,219,39,45
200,214,42,46
200,213,42,51
191,206,39,52
192,207,39,48
180,199,40,52
169,192,44,50
160,183,44,48
155,172,41,53
147,163,45,59
145,155,41,54
143,142,38,54
143,131,36,48
145,121,35,56
148,112,33,52
152,101,32,52
156,93,34,49
159,86,31,46
162,77,30,51
166,71,30,50
169,67,29,47
171,60,29,48
173,58,29,47
174,55,28,48
174,55,28,46
174,54,28,48
174,55,28,50
173,56,28,49
172,58,28,49
171,61,28,49
171,65,29,43
171,66,29,44
172,68,28,41
174,68,29,42
176,67,29,44
179,66,29,48
181,66,29,46
185,64,27,45
187,63,28,46
190,61,28,49
193,61,28,46
194,58,28,51
195,60,28,43
193,58,28,44
188,58,32,44
183,57,32,47
177,58,33,44
171,55,31,50
162,54,32,48
152,53,34,46
144,51,33,44
136,47,34,49
129,43,34,49
121,41,36,48
114,40,40,49
111,41,42,45
111,43,42,43
113,45,41,44
123,49,37,47
129,56,37,48
140,62,39,42
149,69,39,39
163,75,41,38
175,79,41,42
189,81,40,42
204,84,48,40
215,82,41,43
229,80,34,44
240,74,32,47
244,69,31,54
245,62,33,55
244,57,34,59
242,55,34,58
242,52,32,60
240,50,28,61
230,51,30,50
214,54,35,42
200,55,42,38
181,54,46,41
159,49,45,43
138,41,43,50
117,34,44,48
96,25,41,47
76,12,46,51
65,6,42,48
49,0,49,46
41,-1,49,42
36,0,51,40
40,0,47,43
42,3,48,45
48,11,49,49
64,23,47,48
80,34,49,49
97,48,48,54
124,58,43,56
144,70,46,50
167,78,48,48
188,83,49,44
206,87,48,42
217,87,44,42
237,87,38,38
246,84,34,39
252,80,33,39
254,77,30,44
252,73,31,51
249,73,33,53
245,75,34,51
242,78,30,48
228,84,33,50
215,91,37,46
196,99,39,46
177,105,45,45
160,111,39,46
138,114,44,41
125,116,40,41
101,117,48,37
92,118,43,44
79,121,52,40
71,125,44,47
67,131,43,43
65,139,45,52
71,147,44,55
75,163,49,50
77,161,46,56
87,177,53,57
88,181,52,45
108,194,58,47
103,192,68,51
125,204,57,53
145,216,61,51
171,220,54,56
198,227,51,50
212,231,50,46
236,231,45,46
254,229,38,49
261,225,39,54
270,219,36,62
275,216,34,63
276,213,30,64
270,212,36,65
259,215,41,62
253,216,40,63
247,218,36,63
227,224,42,55
206,230,49,55
189,236,47,50
165,240,50,48
142,238,56,50
128,234,50,57
112,231,54,54
98,224,52,42
88,223,49,34
77,219,53,37
79,214,48,37
80,216,48,35
78,224,54,37
91,226,49,34
104,235,50,38
121,242,49,45
134,247,57,47
151,252,63,48
176,255,54,43
201,253,54,42
217,249,48,43
241,241,42,49
255,234,38,48
265,227,36,51
273,220,35,58
277,216,34,60
280,212,31,58
278,211,35,54
274,213,34,54
266,215,36,61
255,219,38,62
242,224,40,57
223,230,40,45
198,231,49,49
170,229,52,43
141,223,64,44
116,209,59,49
96,189,72,53
71,172,57,55
55,153,55,53
35,137,66,51
32,118,56,59
34,99,44,62
33,84,51,69
30,74,51,63
37,63,48,60
40,57,52,57
44,55,58,59
69,53,59,54
82,52,54,56
106,54,46,49
129,53,46,54
148,55,49,55
172,63,46,45
192,63,50,46
209,61,46,52
227,61,41,45
241,58,36,47
245,54,37,48
247,49,38,58
249,45,37,59
247,46,37,52
244,47,37,56
241,49,33,57
236,53,30,60
218,60,38,55
209,69,33,45
188,71,38,49
167,73,44,45
147,70,44,43
130,67,41,49
107,62,46,43
91,55,45,43
80,47,46,44
73,41,40,42
63,38,44,40
63,35,42,39
65,36,43,39
73,37,40,41
79,40,48,47
92,48,45,46
111,59,45,45
131,67,46,49
152,77,51,41
176,85,42,45
196,91,48,42
214,91,43,44
227,96,46,40
247,98,43,44
257,98,38,49
267,100,37,57
276,105,34,53
283,112,30,54
286,122,29,54
284,135,32,43
279,155,33,37
266,162,39,44
249,174,44,45
221,187,52,36
194,190,55,40
161,188,60,42
133,187,65,40
97,174,62,31
99,174,58,31
62,157,61,40
60,152,63,51
33,134,68,55
17,116,57,62
1,96,51,55
-4,88,48,45
-6,78,49,51
-13,77,55,52
-13,77,55,52
-13,77,55,52
-3,103,45,52
0,125,51,49
17,148,61,55
47,175,63,61
73,203,63,60
101,224,74,53
134,238,76,51
170,241,61,57
203,245,53,48
223,242,51,48
245,236,44,54
257,230,40,56
264,225,39,63
268,220,36,68
267,217,39,67
264,219,38,66
258,221,40,70
253,226,40,63
240,233,42,58
223,238,43,53
203,240,49,53
182,236,49,58
157,230,55,57
138,219,58,53
118,201,57,58
103,182,56,57
90,163,56,53
80,145,55,52
78,117,53,58
77,100,55,51
67,80,52,53
73,61,46,57
78,45,40,58
81,30,38,63
82,19,40,60
83,11,42,56
88,5,41,52
96,2,36,52
101,1,36,48
106,1,34,50
112,2,32,56
117,8,33,53
123,18,31,52
128,30,31,54
132,46,33,54
136,64,34,57
141,83,35,57
147,103,32,55
153,126,34,58
157,148,37,65
161,170,37,62
161,171,37,61
192,165,32,57
185,134,34,51
179,113,34,47
172,90,33,46
164,67,33,48
154,48,36,40
145,28,35,40
134,9,39,45
126,0,37,42
126,0,37,42
126,0,37,42
126,0,37,42
126,0,37,42
126,0,37,42
126,0,37,42
126,0,37,42
79,-15,33,41
71,1,40,41
71,16,40,47
76,39,38,51
82,60,38,55
88,84,46,61
97,120,45,69
107,148,53,59
120,174,53,67
139,194,46,64
156,219,48,67
170,245,42,62
183,266,41,66
194,284,41,64
204,299,43,60
211,311,46,62
217,321,47,53
229,319,40,58
236,312,42,52
245,301,41,54
257,283,37,59
265,260,36,63
273,236,34,61
280,217,33,60
283,195,33,55
284,173,33,52
285,156,30,50
284,140,30,47
280,124,32,46
276,112,30,44
268,101,33,44
259,91,37,46
258,92,38,47
248,86,40,48
248,84,39,51
242,80,35,55
225,73,39,54
206,69,40,46
187,66,47,47
162,63,51,50
139,62,57,51
111,64,55,53
83,66,56,64
61,68,71,62
23,71,66,66
1,74,82,66
-5,81,70,49
-21,85,67,45
-12,87,56,47
-12,87,56,47
-12,87,56,47
-5,130,46,39
1,139,53,44
15,150,61,49
36,164,66,51
62,173,64,55
89,181,82,56
112,184,63,58
131,186,64,63
149,185,54,71
172,188,48,64
188,190,46,55
195,189,51,62
212,192,38,51
222,194,35,50
230,197,35,54
236,199,38,54
240,204,38,55
244,208,36,53
246,215,35,50
245,218,34,56
243,223,32,53
240,227,33,54
233,230,35,58
225,234,36,58
218,238,39,56
211,243,40,51
206,246,38,49
201,249,36,47
198,248,36,49
197,248,35,45
198,247,33,45
199,244,33,45
203,242,31,44
205,240,30,42
207,236,30,46
207,236,32,44
209,236,29,43
208,237,30,43
205,237,31,46
203,238,32,46
197,239,32,44
188,240,35,48
179,240,35,52
167,239,41,50
154,238,44,48
142,236,45,54
128,232,46,54
116,230,48,52
104,228,51,50
94,226,52,46
87,223,50,49
85,224,48,41
85,224,47,43
86,225,51,39
95,225,51,40
103,232,55,42
119,234,51,47
132,240,54,48
147,244,61,47
167,244,53,56
191,243,45,53
204,242,52,48
221,238,46,45
236,232,41,47
249,223,38,53
253,215,37,63
257,210,37,67
257,207,38,59
257,207,35,51
253,209,35,50
246,214,38,43
232,220,44,42
217,224,46,47
199,227,51,53
180,232,49,55
149,238,61,52
126,236,60,58
111,235,52,56
90,231,53,51
67,222,56,60
52,215,56,62
40,212,55,56
28,208,60,57
23,205,61,63
29,204,56,65
38,209,55,58
50,212,52,62
61,217,56,60
76,224,57,55
96,229,56,47
123,232,49,52
136,231,56,53
156,228,54,45
176,224,51,45
195,216,46,52
202,211,50,57
215,207,43,46
223,203,38,38
226,200,39,36
228,198,37,38
226,198,37,40
222,200,36,45
220,200,38,46
213,202,38,47
212,202,39,45
199,203,46,49
190,206,43,47
176,205,43,46
160,205,45,43
148,201,50,50
135,197,49,54
123,194,49,56
114,192,49,55
109,189,47,49
105,184,45,47
104,182,43,45
105,180,41,43
107,177,40,44
110,175,40,43
116,173,37,44
122,170,36,45
127,169,38,43
133,167,39,46
141,164,35,46
145,163,34,45
150,160,34,49
154,159,34,48
158,157,33,49
159,156,33,48
160,156,33,48
160,154,32,49
159,153,32,50
158,152,31,49
156,152,31,49
155,152,31,48
153,151,31,51
151,151,32,50
150,153,32,48
149,155,32,47
150,156,32,49
149,158,32,47
149,162,32,42
150,165,31,40
149,166,30,43
149,169,30,40
149,171,29,38
147,171,30,40
146,173,29,39
145,173,29,38
144,174,28,38
143,175,30,37
141,177,30,38
140,177,30,40
139,178,30,41
139,178,30,40
139,179,32,39
139,178,31,40
140,179,31,40
141,179,31,43
140,178,35,42
142,177,33,44
144,175,32,47
143,176,35,42
145,176,34,39
146,175,32,40
146,175,31,38
146,175,29,37
147,175,29,36
148,175,29,35
148,175,28,35
148,174,28,38
147,175,29,37
146,176,30,37
146,176,29,38
144,176,29,38
143,177,27,36
142,177,27,40
140,176,26,44
138,176,28,44
138,176,26,44
136,176,29,44
135,176,30,45
136,177,29,43
137,177,27,45
137,177,27,43
137,178,28,43
137,177,29,45
138,177,26,45
138,177,28,44
139,178,26,45
139,179,26,44
138,180,28,43
138,180,27,45
139,182,27,43
139,181,26,46
139,183,26,45
139,185,27,44
138,186,29,44
141,189,28,45
141,193,28,40
140,197,32,45
132,200,41,48
129,205,45,47
131,209,43,46
132,213,43,48
133,217,44,46
134,220,44,48
136,225,44,43
138,228,42,42
150,231,33,42
153,234,30,42
155,237,30,42
156,239,30,42
157,241,29,41
158,242,30,43
159,243,28,43
159,246,29,42
159,248,30,44
159,250,29,46
158,253,30,45
158,256,30,46
157,259,34,45
157,264,32,42
158,266,34,43
158,266,33,45
159,268,35,46
159,267,34,47
161,268,35,50
163,269,35,51
166,270,37,52
168,270,35,51
172,270,34,51
176,270,32,52
179,270,32,51
182,269,31,52
184,269,32,50
187,269,31,50
189,269,28,49
189,269,30,47
189,269,28,47
187,269,30,47
185,269,30,47
183,270,30,46
180,269,31,48
176,269,32,47
174,269,32,48
170,270,35,50
166,268,36,56
163,270,38,52
161,272,37,48
159,273,35,49
158,274,36,49
156,273,38,50
156,274,37,48
156,274,36,46
158,272,36,50
158,270,38,51
160,268,38,51
162,266,36,54
164,264,37,55
166,263,36,53
167,261,37,55
169,261,36,53
169,262,37,52
168,262,37,48
168,263,37,48
167,263,37,46
165,264,37,45
163,263,35,46
161,263,35,47
159,263,35,45
156,263,36,44
153,263,36,43
151,263,36,45
149,262,33,47
147,265,35,43
144,264,36,47
143,266,37,47
143,267,37,51
142,270,39,52
144,272,38,51
145,274,39,48
148,276,39,49
152,277,40,49
158,277,40,48
164,277,39,49
170,276,39,50
177,274,34,51
184,273,34,46
189,271,31,44
193,270,30,45
196,268,29,45
197,266,28,47
196,264,29,49
193,264,31,47
190,264,31,49
185,264,32,50
179,268,36,46
171,268,35,49
163,270,37,52
155,271,39,51
145,274,43,50
139,274,43,52
135,274,41,51
128,275,42,46
125,274,41,49
126,276,40,45
125,275,41,49
127,276,42,47
132,278,44,48
138,279,44,47
145,280,43,44
155,280,44,46
163,279,42,45
173,276,36,48
183,275,35,47
191,273,32,44
196,270,32,44
200,269,31,42
203,264,32,50
204,264,31,51
204,263,29,54
201,264,30,52
198,267,30,54
194,271,30,53
185,275,32,54
177,279,35,53
168,282,39,51
160,285,42,48
152,286,41,49
146,286,42,52
143,286,40,54
141,287,39,51
140,288,40,50
141,288,40,50
144,289,41,49
147,289,44,46
156,287,41,48
163,286,40,46
171,282,36,49
179,277,32,54
187,271,30,54
190,268,32,50
194,265,30,48
197,262,30,47
197,263,30,46
198,260,28,48
198,260,28,49
196,259,29,50
194,262,29,46
190,264,31,46
185,265,32,51
178,268,35,49
172,270,37,53
166,271,39,53
162,274,39,50
159,275,38,49
157,276,36,46
156,275,35,46
156,272,36,46
156,268,37,47
157,263,35,46
159,259,34,43
158,254,37,46
157,252,35,43
157,251,33,43
155,251,32,45
153,255,33,44
151,256,34,47
149,259,35,45
148,260,38,47
148,261,40,51
152,262,40,53
157,263,38,52
162,264,43,45
169,261,40,52
177,258,34,52
183,254,35,55
188,248,33,60
191,245,34,54
193,243,32,54
194,245,31,49
194,247,28,55
192,251,30,54
192,251,30,54
192,249,28,56
190,247,29,61
187,245,31,64
184,240,32,71
179,238,33,65
174,236,34,62
166,236,39,52
158,236,43,51
151,237,39,50
144,237,39,50
135,238,39,51
127,237,42,52
123,236,41,52
120,233,40,54
118,234,39,51
117,231,40,55
119,229,40,56
123,226,40,58
129,222,41,52
136,217,42,45
143,210,37,48
149,204,37,53
158,202,36,55
163,199,35,53
167,199,36,48
173,200,33,48
176,202,32,46
177,201,32,49
175,201,32,50
170,199,34,51
164,200,38,51
156,203,40,54
150,207,39,54
141,210,40,53
129,212,44,54
116,214,49,53
103,212,53,55
95,209,52,58
90,205,51,63
87,204,52,62
82,204,55,60
83,206,51,63
82,211,56,60
86,216,60,56
99,219,57,57
114,221,55,57
131,221,50,71
146,219,52,77
163,219,51,73
180,215,49,70
195,206,52,67
210,199,44,69
224,194,47,58
237,186,50,58
251,180,52,67
263,172,58,77
276,165,69,78
294,158,75,88
318,150,84,88
345,142,92,87
379,129,101,101
416,123,96,92
448,119,114,77
471,111,109,78
480,116,109,80
482,126,113,87
475,146,115,102
472,176,100,103
462,199,95,116
444,218,91,115
419,222,108,120
405,220,102,129
385,214,91,119
385,212,75,111
373,211,78,101
364,206,77,106
361,201,72,114
357,201,72,116
355,202,73,108
354,199,72,108
356,195,70,119
356,193,73,117
356,192,71,122
360,193,76,116
358,193,76,118
362,194,82,110
371,196,83,100
379,197,89,95
397,203,89,90
414,203,85,99
429,202,87,98
450,200,85,103
462,201,88,102
472,199,82,97
473,195,86,99
463,189,92,105
453,190,86,106
431,192,95,113
409,202,98,113
389,212,93,110
363,219,89,123
340,229,82,113
316,237,93,103
293,242,83,95
275,245,85,92
263,243,75,102
256,245,71,100
250,248,72,99
253,253,70,105
255,263,75,95
263,273,82,85
284,293,87,79
308,306,77,80
331,317,84,68
364,336,79,68
392,344,72,56
424,352,64,45
449,353,67,39
470,340,67,37
491,338,66,33
503,333,67,31
505,317,72,38
515,315,67,44
517,302,64,54
512,292,64,65
499,281,71,76
488,282,71,70
470,280,70,71
447,278,75,74
421,277,79,76
400,277,73,76
371,280,78,73
336,275,88,79
306,272,82,82
273,270,90,85
240,271,88,84
200,271,98,86
165,268,97,95
142,272,91,91
103,276,103,78
76,280,97,82
68,283,93,78
42,279,112,82
17,300,115,88
16,300,110,87
14,302,115,96
18,304,110,100
29,298,127,103
39,326,128,101
56,322,122,107
56,322,122,107
56,322,122,107
56,322,122,107
56,322,122,107
56,322,122,107
56,322,122,107
56,322,122,107
56,322,122,107
56,322,122,107
56,322,122,107
56,322,122,107
56,322,122,107
56,322,122,107
56,322,122,107
56,322,122,107
56,322,122,107
277,353,110,95
262,351,99,96
249,343,89,93
231,336,87,101
215,331,86,95
195,323,90,95
183,317,85,84
167,316,91,73
159,315,88,65
150,311,85,70
145,312,86,53
141,316,89,61
142,317,88,53
145,324,87,58
155,330,80,70
165,322,85,75
170,357,76,56
186,329,78,63
186,329,78,63
186,329,78,63
186,329,78,63
186,329,78,63
186,329,78,63
186,329,78,63
