284,156,113,111
291,155,106,110
290,154,106,112
295,157,98,113
293,155,102,113
295,152,93,116
293,158,97,107
296,154,86,110
296,155,84,114
295,153,75,109
295,157,74,107
295,151,67,108
295,151,57,107
297,152,62,102
296,155,50,100
300,154,46,100
301,166,39,88
300,183,40,69
304,185,36,65
304,185,36,65
304,185,36,65
304,185,36,65
304,185,36,65
304,185,36,65
304,185,36,65
304,185,36,65
304,185,36,65
304,185,36,65
304,185,36,65
304,185,36,65
304,185,36,65
304,185,36,65
304,185,36,65
304,185,36,65
304,185,36,65
304,185,36,65
209,87,28,62
209,99,27,50
209,102,27,44
208,104,26,42
209,104,25,43
208,104,25,41
208,103,25,43
208,105,25,41
210,105,24,41
210,104,23,42
210,104,25,41
208,102,26,44
210,103,24,43
209,102,25,44
209,103,25,42
211,104,23,42
209,102,24,44
208,102,25,45
210,103,24,42
208,102,25,43
209,104,24,43
208,105,24,42
210,103,24,43
210,106,24,40
210,103,23,42
209,104,24,42
209,104,25,42
208,106,25,41
210,107,25,40
210,104,25,43
209,104,24,43
209,103,25,42
208,104,24,42
209,104,24,42
210,104,25,43
210,103,25,44
209,105,25,43
209,104,25,42
207,103,27,43
208,104,26,44
209,104,25,43
207,106,24,43
208,104,23,43
202,102,23,42
203,102,28,44
198,101,34,44
191,101,41,46
169,94,45,51
167,96,54,58
166,94,66,65
166,95,75,76
159,94,80,96
159,95,80,102
156,109,79,91
156,109,79,91
152,113,84,85
152,115,87,80
163,104,83,88
166,105,79,85
176,99,73,88
178,96,74,86
185,97,74,79
186,101,73,75
192,112,71,70
194,110,72,72
196,113,77,74
200,114,71,71
205,105,73,78
206,104,72,78
208,104,70,76
207,107,71,71
209,107,71,72
211,107,73,70
208,112,73,68
210,114,69,66
214,116,62,74
218,119,59,71
218,121,58,74
221,124,58,66
215,119,57,67
215,118,58,69
212,109,57,75
209,106,54,78
202,105,50,77
206,102,45,74
188,102,46,77
187,100,48,79
169,106,48,76
167,109,44,70
144,107,47,75
140,106,46,71
118,112,51,80
116,116,49,71
92,126,58,76
91,118,60,85
68,126,64,84
63,128,66,81
53,136,69,77
51,136,72,75
52,141,66,78
55,142,64,80
70,145,53,82
71,146,52,81
84,154,53,76
91,160,51,72
110,165,52,69
103,167,58,64
140,175,44,73
144,174,46,80
144,174,46,80
144,174,46,80
144,174,46,80
203,88,40,78
204,86,32,83
211,89,28,79
210,91,26,71
207,92,27,57
209,101,25,46
209,101,26,45
207,103,27,43
207,104,27,41
210,105,26,41
210,104,26,42
209,105,25,42
208,103,27,42
209,104,24,42
209,104,23,41
208,103,26,42
208,104,26,41
209,105,26,41
209,105,25,41
209,104,24,43
207,103,26,43
210,104,24,42
209,105,24,43
208,104,25,42
209,103,24,44
210,105,25,41
208,103,24,43
210,102,24,44
209,104,25,43
210,103,25,43
208,103,26,45
208,104,25,42
210,103,25,44
208,103,25,42
210,102,25,44
209,102,26,44
208,104,25,41
207,103,26,43
209,102,25,45
208,104,26,43
208,104,26,41
208,105,26,42
209,104,26,42
209,104,25,42
210,103,24,43
209,104,26,43
208,104,25,42
211,103,23,44
211,102,23,43
210,102,25,44
208,104,25,42
209,103,24,41
209,104,25,40
209,104,26,39
208,104,26,40
209,104,27,40
211,104,22,44
210,103,23,43
210,103,24,42
210,105,24,42
209,104,24,41
210,103,25,41
210,105,25,40
208,104,25,41
209,104,26,44
211,103,24,43
209,102,24,43
209,105,24,41
209,104,26,41
209,105,26,41
209,103,25,42
208,105,25,42
209,105,25,41
208,105,24,42
208,103,25,42
209,105,25,42
207,104,26,42
208,104,26,43
209,102,24,43
210,104,24,42
208,104,24,43
209,103,25,42
209,102,25,45
208,103,27,44
209,102,26,45
210,102,24,43
209,102,24,45
209,103,25,44
208,102,25,44
208,102,24,44
209,104,24,43
209,105,24,40
208,105,26,41
209,106,24,41
209,102,24,44
209,104,24,44
208,104,24,43
209,101,25,45
208,103,24,43
209,105,24,42
209,106,23,41
208,103,24,41
209,105,25,40
209,106,24,40
209,104,24,42
210,104,25,42
209,105,24,42
209,104,24,43
210,103,24,43
209,103,25,44
209,104,26,43
207,103,26,42
210,104,24,41
210,105,23,40
208,101,26,44
209,101,25,44
209,104,25,42
209,102,23,44
210,103,24,43
209,103,25,42
208,103,25,42
209,105,24,41
209,106,24,40
210,104,24,41
209,105,24,41
209,104,26,42
208,102,25,43
207,105,27,41
208,104,25,42
210,103,23,42
209,104,24,42
209,104,24,42
210,104,25,41
210,104,25,40
209,105,23,41
209,104,25,43
209,103,24,42
208,104,25,42
211,104,25,43
210,104,24,42
209,104,25,42
208,103,25,42
211,103,24,43
210,105,25,42
209,102,25,45
209,102,26,44
208,103,25,43
208,103,25,43
208,105,25,41
209,102,25,44
208,103,25,44
207,103,25,43
209,103,24,43
208,105,25,42
209,104,24,43
209,104,25,44
210,103,25,42
210,102,25,43
208,103,24,41
209,105,25,42
209,103,25,44
208,102,25,45
208,102,25,45
210,103,26,44
208,103,27,44
208,101,26,46
208,103,25,43
208,104,25,41
207,103,26,42
207,103,26,42
209,102,24,43
210,105,24,40
210,105,25,41
208,103,24,43
209,102,25,43
210,103,24,43
210,104,24,42
209,105,24,42
210,103,25,43
209,104,25,41
208,105,25,41
210,105,24,42
209,103,24,44
208,104,25,43
210,103,25,44
208,104,25,43
208,102,26,44
209,105,25,42
209,104,24,41
209,104,24,42
209,103,24,43
210,104,24,43
210,104,24,43
209,102,24,44
210,104,24,42
209,105,25,42
208,105,26,41
211,103,25,45
209,103,24,44
209,105,25,42
208,105,25,41
207,104,26,43
208,104,25,41
208,105,26,41
209,103,26,43
209,105,24,41
209,105,25,42
210,102,24,43
209,103,25,42
209,101,24,46
210,103,24,43
210,104,24,41
210,104,23,42
209,105,24,43
210,102,25,44
207,105,26,40
208,104,26,42
208,103,27,43
209,104,25,43
210,104,24,43
209,103,25,43
209,104,25,43
210,103,24,42
209,102,25,44
209,102,24,43
208,103,25,43
208,105,25,42
211,105,25,42
208,104,25,43
209,104,25,42
209,103,25,44
209,103,24,44
209,104,24,42
209,103,24,42
209,104,25,42
210,104,24,42
209,105,25,41
210,105,25,42
209,103,25,44
208,102,25,44
207,104,25,43
208,103,24,43
209,103,26,43
209,103,25,44
208,103,24,42
211,104,24,42
209,105,24,41
208,105,25,43
209,103,24,42
210,103,23,44
209,105,25,40
210,103,24,41
209,102,25,43
207,104,26,43
209,104,24,42
208,104,25,43
209,106,24,41
208,106,26,40
209,106,24,41
210,104,24,43
210,104,24,42
208,103,25,42
209,103,24,43
208,103,25,43
208,104,26,41
208,104,24,42
208,103,25,43
210,103,26,43
210,103,24,43
210,104,23,41
209,103,25,42
210,104,26,42
209,103,24,42
208,105,24,39
209,105,25,40
208,104,25,41
209,103,25,42
211,103,24,44
210,104,24,42
208,104,24,42
209,104,24,42
208,104,26,41
208,104,25,41
209,105,24,41
208,106,26,41
210,105,25,42
210,103,24,43
209,105,24,41
208,104,25,42
209,105,26,41
209,104,26,42
208,104,25,43
209,103,24,43
209,105,25,41
210,103,25,44
209,101,25,44
210,104,24,43
209,102,24,43
208,103,25,41
209,103,26,43
208,104,26,42
208,105,24,42
210,102,24,42
208,104,24,42
209,103,25,42
209,104,25,42
209,103,26,43
209,102,25,45
209,105,25,41
209,105,24,40
209,105,24,41
209,102,25,42
210,102,24,42
209,104,24,42
208,103,25,43
209,103,24,44
208,104,25,41
209,105,25,40
209,104,25,42
210,104,23,43
209,104,25,43
210,104,24,42
209,102,24,43
209,104,25,43
209,105,24,42
209,105,24,43
208,104,25,42
208,104,27,43
209,105,25,41
210,106,24,39
209,106,25,41
209,103,24,42
210,102,23,43
208,105,26,41
211,104,25,43
209,105,24,41
208,105,25,40
208,103,24,42
209,103,25,42
209,104,24,42
209,105,25,42
209,102,25,44
208,102,25,44
208,103,27,44
209,102,25,45
209,102,26,43
209,104,24,42
210,104,25,42
209,105,24,40
209,104,24,42
209,104,25,42
210,102,24,44
209,103,25,43
208,103,25,43
209,103,24,42
208,105,25,41
209,102,25,44
208,104,25,41
211,103,23,45
211,102,23,43
210,104,25,41
208,104,24,42
209,104,24,42
209,105,24,41
209,105,25,42
209,103,25,43
208,103,24,43
211,103,24,44
209,104,27,43
208,103,26,43
207,103,26,43
209,103,26,44
209,105,24,42
210,104,23,43
210,104,24,42
209,102,25,44
209,104,26,43
209,102,24,43
208,103,25,43
209,104,25,42
210,104,24,43
209,104,24,41
208,105,24,41
210,104,24,42
210,105,24,40
209,104,25,42
208,104,25,43
209,106,25,41
208,103,25,43
209,103,23,43
209,103,24,43
207,103,26,42
210,103,24,42
209,104,25,42
210,104,24,43
207,103,25,41
209,104,25,42
211,105,24,41
210,104,24,42
209,104,24,42
209,105,24,42
210,104,23,43
209,104,24,43
211,101,24,45
210,101,25,44
209,104,25,43
207,102,26,43
210,103,26,43
208,104,24,43
209,104,24,41
208,103,24,42
208,103,25,41
207,104,27,41
210,103,22,44
210,103,24,42
209,103,25,43
207,104,26,44
207,105,26,42
210,104,26,42
209,103,24,42
208,105,25,41
208,103,25,43
209,104,25,43
209,102,26,44
209,102,25,44
208,103,25,43
208,103,25,43
209,104,24,42
210,105,23,42
209,106,25,42
209,105,24,42
210,104,24,45
210,104,24,42
209,101,24,45
209,104,24,43
210,103,24,43
209,103,25,43
209,103,25,42
209,104,25,42
209,105,25,42
209,104,25,42
209,103,24,43
210,105,24,41
208,103,26,41
209,103,26,42
209,102,25,44
208,103,25,43
210,105,24,41
211,105,24,41
209,104,24,42
208,103,25,43
209,104,25,42
209,103,25,43
208,102,26,45
209,104,26,43
209,103,24,43
211,103,24,44
209,101,26,45
207,103,27,44
207,102,26,44
208,104,26,42
210,105,24,42
210,102,23,43
210,104,23,42
210,104,25,41
209,104,24,42
208,104,25,41
211,104,24,41
209,104,25,42
209,104,25,40
209,105,25,40
209,104,25,41
209,103,25,42
209,105,25,42
208,105,25,42
210,104,25,42
209,102,25,44
208,103,25,42
207,103,26,42
208,103,25,42
210,104,26,43
209,103,24,45
210,103,26,44
209,103,25,44
209,104,24,42
208,104,24,43
208,104,26,43
208,103,25,43
209,105,25,42
208,103,25,44
208,104,25,43
209,105,26,42
209,105,25,42
209,105,24,42
207,103,27,43
209,103,24,44
207,103,26,39
209,112,24,33
209,114,25,32
209,106,26,39
210,106,24,41
208,105,24,41
208,104,25,42
209,105,25,41
210,104,24,42
209,103,25,43
209,102,25,45
210,103,24,44
209,103,25,43
207,103,25,41
209,105,24,40
208,104,26,41
208,103,25,44
210,104,24,42
210,103,23,45
212,103,22,43
211,102,22,44
210,103,25,43
209,103,24,41
209,105,25,41
209,105,25,41
207,103,25,43
210,102,25,44
209,102,26,43
209,103,24,43
209,105,25,42
210,105,24,40
209,103,24,43
210,105,25,42
210,102,24,42
209,104,24,43
209,103,26,42
209,104,26,42
209,104,24,43
209,105,24,42
209,104,25,41
209,105,25,42
209,103,25,42
209,103,24,43
209,104,24,42
209,104,25,41
209,105,24,41
208,104,26,42
207,104,26,42
209,103,25,42
208,103,26,45
209,103,25,42
209,103,26,42
205,102,30,38
206,100,27,32
209,106,23,40
208,104,25,42
209,104,25,41
208,104,24,41
210,105,24,41
209,106,24,40
209,104,24,42
209,102,24,45
210,103,24,44
209,104,25,43
209,104,23,43
208,105,25,42
208,104,26,42
209,103,23,41
209,104,25,41
208,101,25,43
209,102,24,43
208,102,25,45
208,102,25,45
209,104,24,43
209,104,24,43
209,104,24,41
210,104,24,42
209,103,23,44
210,102,25,44
209,103,26,43
209,104,25,42
208,104,24,42
209,102,24,44
209,104,25,43
209,104,24,42
209,103,26,43
208,104,25,43
209,104,25,43
211,103,23,43
210,104,24,42
210,105,24,40
211,105,23,40
209,103,26,43
209,105,24,42
208,104,25,42
209,104,26,42
208,104,25,42
208,103,25,42
210,105,24,41
209,104,24,41
209,106,25,40
210,104,23,43
209,104,25,41
209,105,24,42
209,102,24,42
208,103,24,41
209,103,25,41
209,103,24,41
208,103,26,44
210,103,24,44
209,103,26,44
210,106,24,42
210,104,26,43
209,104,24,43
209,104,25,43
209,105,23,41
208,106,26,41
208,106,27,41
208,106,25,41
209,106,25,40
208,104,23,43
207,104,25,45
209,104,27,42
207,104,26,41
209,104,27,41
208,104,26,41
208,105,25,41
210,103,24,43
209,103,26,43
209,104,24,43
209,103,24,44
209,103,25,43
209,103,25,43
209,104,26,42
209,103,25,43
209,104,25,43
207,105,26,40
208,102,24,45
209,102,24,45
210,103,24,44
210,103,25,42
209,102,24,42
209,103,25,40
209,104,25,42
209,105,26,41
208,105,25,42
209,104,26,42
209,105,26,41
209,104,26,42
208,104,26,42
209,105,25,42
209,105,26,42
208,102,24,43
210,101,24,45
209,102,25,43
207,103,26,42
208,103,27,44
210,103,24,44
209,104,25,42
210,104,24,42
209,102,26,43
208,103,26,41
207,103,27,42
210,103,24,41
208,104,25,40
209,104,25,41
208,103,25,41
209,102,26,43
209,103,22,44
211,105,20,44
212,104,19,43
209,104,21,43
210,103,21,43
210,101,21,45
210,102,21,44
210,100,21,48
210,103,22,45
209,101,23,46
211,102,20,45
210,101,21,45
209,102,22,44
209,103,22,44
209,105,22,42
209,106,24,41
209,105,24,40
210,102,25,43
209,104,24,41
209,104,24,39
209,103,25,43
209,104,24,43
209,103,24,42
210,104,25,43
209,103,25,43
209,105,24,41
210,105,24,42
209,105,26,42
209,105,24,41
209,106,27,41
209,105,24,40
208,104,25,42
209,103,25,43
209,104,24,42
208,105,25,42
208,106,26,40
209,105,27,41
208,103,26,42
209,102,25,44
209,102,24,45
209,106,24,42
209,105,23,42
208,106,25,41
209,103,22,42
208,104,22,43
209,106,18,39
210,105,18,41
209,104,17,40
208,109,16,36
210,106,16,39
209,105,16,39
209,108,17,37
210,110,15,35
210,110,16,35
210,112,19,35
208,109,20,38
210,105,19,40
210,104,19,40
211,106,19,40
209,105,21,43
211,103,19,44
211,104,20,44
209,102,19,44
209,101,19,44
209,102,18,45
210,102,22,43
208,103,25,39
207,104,27,40
208,105,28,41
208,105,26,41
208,103,25,42
208,103,26,40
208,104,24,41
209,103,25,42
209,104,25,41
208,104,26,42
207,105,27,42
210,105,23,41
209,104,24,41
209,102,25,44
209,106,26,42
209,103,24,42
209,104,25,42
208,104,24,41
209,102,25,44
209,102,24,44
208,102,25,44
210,104,24,41
209,105,24,43
209,104,24,43
210,104,23,42
209,103,26,44
208,102,25,43
207,103,25,43
209,105,25,42
208,106,25,41
210,103,24,44
209,103,25,44
210,104,24,42
211,103,24,44
210,104,24,41
211,104,23,42
208,104,25,42
210,104,25,42
210,102,26,43
209,103,24,43
209,104,25,43
208,104,27,44
210,102,24,45
210,105,25,42
210,105,22,40
211,104,24,39
207,104,25,38
208,105,26,37
209,103,23,37
209,102,23,45
211,102,19,47
211,102,20,45
211,103,20,45
210,102,19,43
212,103,19,45
210,104,23,42
208,107,26,39
210,105,25,42
208,105,24,41
209,103,25,43
208,103,25,43
208,104,26,41
209,105,25,41
209,104,24,41
208,103,24,43
210,102,25,43
210,105,23,41
209,104,26,43
208,102,26,44
208,103,26,43
207,103,26,43
210,104,23,42
208,104,25,42
210,103,25,43
208,105,24,41
210,104,25,43
210,105,25,42
210,104,25,42
209,104,25,42
209,103,23,43
210,105,24,41
210,104,24,42
209,106,25,39
208,104,26,41
208,104,25,43
209,103,25,43
209,103,26,43
210,101,26,45
210,103,24,43
209,102,25,44
208,102,26,44
208,104,25,42
209,104,25,41
209,104,24,40
209,105,25,41
210,103,25,43
209,105,24,40
209,105,25,42
209,105,26,42
209,102,26,43
209,105,26,41
209,102,25,45
209,104,26,41
210,104,24,39
210,103,24,41
209,104,25,43
209,103,24,43
209,104,24,43
210,102,22,43
208,103,24,42
208,105,23,41
209,104,24,42
210,105,24,41
209,103,23,42
209,103,25,43
209,103,25,44
208,103,24,42
210,104,24,44
210,102,24,41
209,103,24,41
212,107,23,45
211,106,22,47
213,105,23,41
210,104,26,44
210,99,30,47
207,103,25,45
209,104,23,42
210,103,25,44
208,104,26,44
209,104,24,42
209,104,25,43
210,104,23,40
210,105,24,40
208,104,25,42
209,103,26,43
209,103,25,41
210,102,23,43
208,103,26,43
210,104,25,42
209,104,25,41
208,105,25,42
208,104,27,41
210,101,26,46
209,103,24,43
209,105,25,41
210,106,23,42
210,105,24,42
208,105,25,41
208,102,24,42
209,104,23,43
207,104,26,43
209,104,24,40
207,104,26,39
208,103,26,40
208,102,26,41
210,102,25,41
209,100,24,44
210,104,25,40
210,103,26,40
208,104,26,41
208,104,25,40
210,105,24,39
209,104,25,39
209,104,25,40
210,104,25,41
209,106,24,39
209,104,25,41
209,104,25,40
208,105,26,40
209,106,24,40
210,103,22,41
210,103,25,43
210,103,24,44
209,102,24,44
209,102,24,44
208,104,26,41
208,105,24,41
209,104,26,43
210,105,25,43
209,104,25,44
208,103,26,44
209,103,24,43
209,105,24,41
208,105,25,42
207,103,25,43
209,104,26,42
208,105,25,43
208,104,26,43
208,105,26,42
209,105,25,41
209,105,24,42
208,104,25,43
208,106,26,40
208,104,24,41
210,103,24,43
210,103,24,43
209,103,25,43
209,103,27,43
209,103,24,43
208,104,25,42
209,104,24,44
209,104,24,43
209,104,25,43
207,103,25,43
207,104,24,43
210,103,24,43
209,104,25,42
209,103,25,42
209,104,25,41
209,103,25,44
209,104,24,40
208,104,25,42
208,105,26,41
208,103,24,41
208,104,26,42
207,104,26,41
210,103,26,42
209,103,25,41
209,103,25,41
207,103,25,40
208,103,24,41
207,102,24,42
208,105,24,41
209,105,24,42
210,105,23,43
208,105,25,42
210,103,23,42
208,106,25,39
209,105,23,40
210,106,22,39
209,104,23,41
209,104,24,41
208,104,25,42
209,104,22,41
210,102,21,45
208,102,22,46
210,103,23,43
209,105,23,42
208,103,24,44
209,106,24,42
209,105,25,41
210,109,24,38
209,108,25,38
209,109,25,37
209,111,25,36
210,109,23,38
209,108,24,40
206,101,27,44
202,101,26,45
202,103,28,43
202,103,28,43
202,103,28,43
208,104,29,46
209,106,32,56
209,102,32,60
209,98,31,49
208,102,26,45
209,102,24,44
209,103,24,44
209,103,25,42
210,105,24,40
207,105,25,40
209,103,25,42
209,103,25,43
209,103,24,45
209,102,25,44
208,104,26,41
208,104,26,43
209,104,24,44
209,105,24,43
209,102,25,42
210,103,24,44
210,102,23,44
208,104,25,44
211,101,24,45
208,105,25,42
209,105,25,41
209,104,25,43
208,104,24,42
209,103,24,43
210,104,24,42
209,103,25,43
210,104,24,43
208,104,24,43
209,103,25,43
208,103,26,42
210,103,25,43
209,104,24,41
211,104,24,42
209,105,24,42
211,103,24,43
210,105,24,41
209,105,23,42
210,104,24,42
209,103,25,41
209,104,24,41
209,104,25,42
209,104,25,43
209,103,26,43
208,103,26,44
209,105,26,41
209,103,24,40
210,102,25,41
210,98,24,35
214,111,20,38
216,107,18,42
191,106,27,42
190,101,38,45
187,99,46,44
184,97,49,43
184,100,48,42
186,98,55,45
190,95,51,47
199,92,53,47
199,92,53,47
211,92,57,48
204,91,65,53
198,98,73,47
199,106,85,40
181,107,72,38
192,106,68,42
191,105,59,43
193,101,43,46
205,103,37,46
209,103,27,43
208,100,25,45
208,105,25,42
208,105,26,41
210,104,25,42
210,104,25,42
209,103,25,43
207,104,26,41
210,103,24,43
209,104,25,43
210,103,25,43
210,103,24,43
210,104,24,43
209,105,24,41
209,103,24,42
209,103,25,42
210,102,24,44
208,102,26,43
208,104,24,41
209,104,25,43
209,103,25,45
207,101,25,45
209,103,25,44
208,102,24,46
210,102,24,45
210,103,24,43
209,104,24,42
208,104,25,42
209,105,24,41
209,104,25,41
209,106,26,41
207,103,26,43
209,104,25,43
208,105,26,41
209,106,24,40
210,105,25,41
210,104,23,42
210,105,24,41
209,105,25,42
207,103,25,42
209,104,24,40
211,106,24,40
210,104,24,43
208,103,25,44
211,102,23,44
209,102,24,43
210,103,24,42
209,103,23,42
211,103,23,43
210,104,25,43
209,103,24,43
209,104,25,42
208,104,25,43
210,103,25,43
209,104,26,43
209,104,26,42
208,104,26,41
208,105,25,42
207,105,26,40
208,103,25,43
208,103,24,43
210,106,25,40
209,104,24,41
210,105,24,42
210,105,25,43
208,104,25,42
209,103,25,42
208,104,26,41
209,104,26,41
210,104,23,42
210,103,25,43
209,104,24,43
209,104,24,43
208,104,25,42
209,105,25,41
209,105,26,42
209,105,25,41
209,103,25,43
207,100,25,45
210,104,25,43
209,102,25,43
208,101,25,45
209,104,24,42
208,105,25,41
210,105,25,40
210,105,24,41
209,103,25,43
208,105,24,41
209,104,24,42
211,102,24,44
210,104,26,41
210,103,24,42
211,104,24,43
209,102,26,43
209,104,24,42
209,104,25,42
208,104,26,42
208,103,25,42
208,103,25,41
211,104,25,42
209,103,24,44
209,104,24,41
209,103,25,42
208,104,25,42
209,103,25,43
208,103,24,43
208,103,25,42
210,105,25,43
209,105,24,41
207,103,24,41
210,103,24,43
209,104,25,41
208,104,28,40
206,105,28,39
206,105,28,39
206,105,28,39
212,105,24,40
212,105,24,40
207,101,26,44
205,101,27,44
210,102,22,44
211,103,23,43
210,102,24,45
209,102,25,45
208,102,25,45
208,105,25,41
210,103,25,42
209,102,25,44
208,103,26,42
210,103,23,43
210,104,23,42
209,103,25,44
208,105,24,41
208,104,27,42
207,103,25,43
209,103,25,43
208,103,25,44
210,103,24,42
208,104,25,44
209,104,24,45
207,103,26,42
211,104,24,41
209,103,24,42
208,104,25,42
209,105,24,42
209,103,25,43
209,104,25,43
209,103,26,43
209,103,25,43
208,102,25,44
209,103,25,43
210,104,24,43
209,105,25,42
209,103,25,43
208,102,25,43
211,104,24,41
210,105,24,40
210,104,24,42
208,102,25,43
212,98,23,31
214,101,19,25
214,101,19,25
214,101,19,25
214,101,19,25
214,101,19,25
214,101,19,25
214,101,19,25
213,100,20,26
213,102,21,23
212,103,22,23
212,105,23,26
211,107,21,35
209,105,24,40
208,104,25,41
207,104,27,41
209,104,25,42
209,105,25,43
209,104,25,43
208,104,25,42
210,103,24,42
209,105,24,42
210,104,24,43
209,104,24,43
209,103,25,43
208,102,27,44
209,104,26,42
208,103,25,42
209,104,24,41
210,103,25,43
208,103,24,43
211,104,23,42
210,106,24,41
210,103,24,42
210,103,24,43
208,103,24,44
211,101,24,46
210,104,24,43
212,106,24,43
211,107,23,40
210,102,23,43
210,102,24,45
210,104,24,42
209,105,25,42
207,104,25,42
208,102,25,44
208,103,25,43
208,104,25,44
209,103,25,43
209,104,26,43
208,104,27,41
210,105,24,41
210,104,24,43
210,103,22,47
210,103,21,46
209,105,24,39
209,102,26,42
209,105,24,42
208,104,26,42
210,106,25,40
209,103,24,42
209,102,26,44
208,104,25,42
207,104,26,41
207,104,25,40
209,103,24,43
209,104,24,42
209,103,24,44
207,103,26,43
210,102,25,44
211,102,24,44
209,103,25,44
210,103,24,43
209,104,25,43
207,105,26,42
208,105,25,42
209,103,25,44
208,104,24,42
211,103,24,43
208,104,25,43
207,101,26,42
211,104,24,42
211,104,22,43
211,104,23,42
210,102,24,44
210,102,24,45
208,103,24,42
209,105,23,40
208,103,26,43
210,103,25,44
209,102,24,44
211,104,23,44
209,103,26,43
209,104,25,42
209,104,25,43
209,105,25,41
209,101,23,43
208,102,25,43
207,102,25,43
210,104,25,42
210,105,25,42
211,105,23,41
208,103,24,42
211,104,22,42
210,106,25,41
209,105,25,43
208,105,26,42
209,102,24,42
209,103,25,43
208,105,24,41
209,106,25,40
208,105,26,41
207,103,26,43
210,104,24,41
209,103,25,44
209,103,24,44
210,102,25,45
210,103,25,44
209,102,24,43
210,101,25,45
210,102,24,45
209,103,24,43
208,104,25,43
209,103,24,45
209,104,24,43
209,103,24,43
208,105,25,42
209,103,25,43
209,104,24,43
208,104,25,42
210,102,24,43
210,104,24,42
209,103,24,42
210,104,24,41
208,104,24,41
208,102,25,41
209,107,34,41
206,98,40,41
207,106,29,39
211,106,23,40
211,108,23,39
210,105,24,41
210,104,23,41
208,104,25,42
210,104,23,42
208,105,25,42
210,105,23,40
209,105,24,42
209,103,24,45
209,101,21,44
209,101,16,43
211,102,20,47
212,104,25,46
208,104,29,53
209,102,30,49
208,100,27,45
207,104,26,41
209,104,25,42
209,105,25,40
209,105,25,41
208,103,26,42
208,105,25,41
208,103,26,41
209,103,26,43
208,102,25,44
209,105,23,41
210,106,23,41
209,102,24,44
210,103,23,43
210,104,24,42
209,106,25,40
209,106,26,40
208,101,25,44
207,104,25,41
208,104,27,41
209,105,25,40
209,104,26,40
209,104,24,42
209,103,25,42
208,104,25,43
210,104,24,42
209,103,25,43
211,104,24,43
209,103,25,43
209,104,24,40
211,104,24,41
210,104,24,40
209,104,23,41
211,103,24,43
208,105,27,41
209,104,24,42
207,103,25,42
209,104,25,43
208,103,24,45
210,103,24,42
208,104,25,42
208,104,26,44
208,103,25,44
208,104,26,42
210,106,23,41
210,104,24,43
207,104,27,43
208,103,25,44
210,103,24,43
210,104,23,41
210,103,24,41
209,104,26,42
210,105,25,42
208,104,25,41
209,105,25,41
209,104,25,42
209,104,25,41
210,103,24,43
209,104,24,42
209,105,24,43
208,103,24,43
210,104,24,43
209,104,24,40
209,105,24,41
210,104,25,41
209,104,24,42
209,104,24,41
209,104,25,42
208,104,26,41
208,105,25,42
211,104,23,44
210,101,23,45
209,103,25,43
210,103,24,43
209,103,24,45
211,104,23,41
210,104,23,42
210,103,24,42
209,103,24,44
210,104,23,40
210,105,24,41
208,104,25,43
208,105,25,42
211,105,24,42
210,104,24,44
208,102,25,43
209,102,24,43
208,102,25,44
210,104,24,42
209,105,24,41
209,104,26,43
208,103,25,43
209,105,24,40
209,104,25,42
208,105,24,43
211,106,23,39
211,104,23,41
211,105,24,40
210,104,24,41
210,104,23,41
209,103,22,41
210,105,21,41
208,103,21,44
210,103,19,43
208,103,22,43
210,103,19,44
209,103,20,42
210,103,20,43
210,102,19,45
211,103,19,45
209,103,23,45
211,99,24,45
210,104,23,42
210,105,25,38
211,104,24,37
209,104,24,39
210,103,24,39
209,104,26,38
211,102,23,39
210,106,24,38
210,106,22,41
208,104,22,42
211,104,20,39
210,102,21,42
210,104,23,42
209,102,23,42
210,103,22,43
209,103,22,43
209,103,24,43
209,105,25,42
207,106,26,41
208,104,25,45
210,103,24,41
208,103,25,41
209,104,27,42
209,101,26,44
208,102,25,43
209,103,25,42
208,101,27,44
209,103,26,42
208,104,26,42
208,103,26,42
208,105,26,41
209,104,25,42
209,102,25,43
209,104,25,42
209,104,24,41
210,104,24,40
210,105,24,42
209,104,24,40
210,103,23,41
209,104,25,42
209,105,25,40
207,104,26,41
209,104,25,41
209,104,24,41
209,103,24,44
209,102,24,45
208,106,25,40
209,104,24,43
209,106,25,40
210,105,23,40
209,103,26,41
208,104,26,40
207,103,25,40
209,104,24,41
209,105,24,40
208,103,24,43
208,104,24,41
210,104,24,42
209,103,22,42
208,104,24,41
209,104,24,42
209,104,24,42
209,103,25,42
208,105,25,40
209,105,25,41
208,105,26,41
209,105,25,42
208,105,26,42
210,105,22,44
209,105,23,42
209,103,26,43
209,104,25,43
208,103,25,43
207,102,25,45
207,102,26,44
210,102,25,45
208,104,25,42
207,103,25,42
210,104,25,40
208,103,24,42
211,103,24,44
209,102,24,44
209,103,25,42
209,104,24,41
209,105,26,41
209,104,23,41
208,104,24,41
208,104,25,41
209,104,25,42
208,105,24,44
211,105,24,43
209,103,25,43
210,106,23,39
208,104,24,43
209,101,24,44
211,101,24,45
208,103,25,43
210,103,25,41
209,104,25,42
209,103,25,43
208,104,26,43
208,102,25,44
209,104,25,43
208,105,26,42
209,104,25,41
209,105,25,40
210,105,24,42
209,105,25,42
208,103,25,44
210,103,25,43
209,102,24,45
209,104,24,44
210,103,23,43
210,104,25,42
208,105,24,42
209,104,25,42
209,105,26,43
209,105,25,42
209,104,24,41
211,103,24,43
209,105,25,41
208,105,25,41
208,102,24,45
210,102,24,44
209,102,24,44
210,106,23,41
209,105,26,41
209,103,27,43
208,103,26,44
210,103,25,44
208,104,25,43
207,105,25,41
209,103,24,43
208,104,26,43
210,103,24,42
209,103,24,42
208,103,24,44
210,103,25,44
209,102,24,43
208,104,26,42
207,103,27,43
206,102,26,44
209,102,25,43
209,103,25,43
210,104,24,43
209,103,24,44
210,103,25,43
208,103,26,44
208,103,25,44
210,105,24,42
208,103,25,43
209,103,25,43
210,104,24,42
210,104,24,42
209,105,24,42
208,103,25,42
211,103,24,42
210,102,24,43
209,103,25,43
210,104,24,40
208,104,23,41
208,104,26,42
208,104,25,42
210,104,23,41
210,103,26,43
209,102,25,44
208,104,26,42
208,104,25,41
207,102,25,41
208,102,25,42
209,104,25,41
209,104,26,40
210,104,24,41
209,105,24,41
208,105,25,42
209,102,26,45
208,104,27,43
208,103,26,42
208,102,25,43
209,102,24,43
209,104,26,44
208,102,25,45
209,102,25,43
208,103,24,42
208,105,25,41
209,105,25,42
210,104,23,41
208,104,24,42
209,104,25,42
208,104,24,42
209,103,26,42
211,104,24,43
209,104,25,41
207,104,27,42
208,105,25,41
208,106,24,40
209,105,26,41
209,103,25,43
209,103,24,44
207,103,26,43
209,103,24,44
209,103,25,42
208,104,25,41
207,105,27,42
210,103,23,41
209,103,25,42
209,103,24,42
210,104,23,42
209,104,24,42
209,105,25,42
209,102,24,43
209,104,24,43
208,102,24,42
210,104,23,42
208,103,24,43
208,104,24,43
209,103,25,44
209,104,25,43
209,105,25,42
209,105,24,42
210,104,24,42
208,104,25,41
210,105,25,42
208,104,25,42
209,105,25,43
210,104,24,42
210,101,23,45
210,103,24,42
209,105,24,41
209,105,24,41
210,104,24,42
209,105,25,41
209,103,24,42
209,103,25,42
210,105,24,41
209,104,25,42
207,104,27,42
210,104,25,42
209,103,24,43
208,103,26,43
208,104,26,41
208,104,25,43
211,103,24,43
209,103,25,45
209,104,25,42
208,103,25,44
207,104,25,43
208,103,25,42
210,105,23,42
209,103,24,43
210,104,25,42
209,104,25,42
209,102,24,43
208,106,26,41
210,105,25,43
210,103,24,45
208,104,24,41
208,105,25,41
210,103,24,43
208,104,25,42
210,104,25,43
209,104,23,41
210,104,25,42
210,104,24,43
209,104,23,42
209,105,25,41
209,104,25,42
210,104,24,43
209,102,24,44
209,104,25,44
211,104,23,43
213,103,22,44
211,102,21,44
210,102,23,44
212,102,22,47
210,102,22,47
213,101,21,47
213,103,22,43
210,105,25,42
208,104,26,42
208,105,25,42
208,104,25,42
210,104,24,42
209,103,24,41
208,104,26,41
210,104,25,43
210,104,23,43
209,103,24,43
210,104,25,44
209,101,26,45
209,103,25,43
208,106,25,41
210,103,23,43
209,105,25,41
209,103,24,43
209,103,24,43
209,104,24,43
208,102,25,44
209,104,24,43
209,102,25,44
207,101,26,46
210,105,26,43
209,102,25,43
210,103,24,44
208,103,25,43
209,104,25,42
208,103,25,43
210,104,24,43
210,103,24,42
208,105,25,41
208,103,26,40
209,105,27,41
207,100,29,36
205,101,30,31
205,101,30,31
205,101,30,31
211,100,27,31
213,101,24,29
210,107,24,35
209,103,26,40
209,104,24,40
211,103,24,43
210,102,24,43
210,102,24,43
209,104,23,42
210,103,24,42
208,103,25,42
208,103,26,44
208,103,25,41
210,104,24,43
209,104,24,42
210,105,24,42
209,104,23,41
210,105,24,43
208,103,25,43
209,104,24,42
210,105,24,41
210,103,24,42
208,103,25,42
208,103,25,42
209,104,26,43
209,103,25,44
208,103,24,43
209,105,25,42
209,103,24,42
210,104,24,40
209,104,25,41
208,104,24,42
210,102,25,44
209,103,25,43
209,104,25,42
208,102,25,43
209,104,25,44
209,105,24,43
208,102,25,43
210,102,24,42
209,104,24,41
209,104,24,43
209,105,24,42
209,105,26,41
209,104,24,42
208,103,26,42
209,104,24,42
210,102,25,44
210,103,25,42
209,104,24,42
209,104,24,42
208,105,25,41
211,103,24,42
209,103,24,43
210,105,24,42
210,104,24,42
