65,102,145,107
71,102,145,113
69,105,143,103
67,99,150,118
64,104,154,114
68,101,154,106
65,101,155,113
72,102,154,114
64,103,164,108
61,102,172,110
70,103,167,108
75,104,163,111
86,103,158,101
86,101,158,99
97,103,151,95
91,100,165,105
93,101,165,100
96,97,169,104
99,98,177,96
117,91,164,102
121,91,170,99
125,87,173,98
128,89,178,93
140,86,166,91
141,88,168,96
157,93,161,92
157,99,164,95
161,100,164,95
167,105,164,98
174,115,159,94
179,120,155,97
181,127,154,97
179,138,149,89
181,148,144,87
183,152,144,93
177,161,140,87
184,167,138,87
180,173,138,86
180,181,139,85
193,182,123,84
196,189,121,86
189,193,122,86
191,192,123,94
189,194,126,100
185,198,130,104
170,201,142,103
184,205,131,101
187,203,122,106
189,208,124,107
183,209,126,107
191,208,118,116
184,206,124,115
181,207,127,123
167,208,136,119
160,210,147,125
158,209,144,134
156,213,143,134
165,212,135,135
157,214,143,135
151,213,151,138
164,214,134,134
164,210,141,139
152,215,151,136
154,213,145,134
153,208,153,139
162,210,145,142
153,204,150,138
164,202,142,138
164,189,142,143
164,182,144,143
175,172,137,142
194,166,120,140
184,164,127,138
202,155,111,142
208,151,105,137
206,146,114,142
207,144,121,136
206,140,117,134
218,139,104,130
221,139,100,130
222,147,100,113
226,146,97,105
232,151,96,95
236,156,102,100
243,159,99,89
247,157,100,89
252,154,101,87
254,151,104,85
259,141,99,88
262,137,101,89
268,130,97,88
272,122,94,90
275,117,93,90
274,111,94,87
274,101,96,92
272,95,97,91
273,85,95,89
275,77,92,94
272,69,92,94
273,64,92,91
274,57,88,96
267,53,92,93
268,53,89,89
268,51,85,91
265,52,84,94
258,53,87,96
257,51,87,102
253,46,92,109
251,44,99,115
252,40,98,121
254,38,104,125
246,32,117,131
250,33,115,137
249,32,120,144
248,31,122,146
248,34,125,150
249,35,124,151
242,39,133,159
248,43,131,154
249,36,127,160
259,38,118,159
254,39,124,152
254,38,123,155
259,31,120,155
269,34,110,145
275,25,100,152
275,23,93,154
272,15,88,158
267,17,94,163
261,16,101,163
252,16,122,170
248,13,128,179
248,14,136,171
244,17,141,172
229,11,156,180
199,20,183,180
195,19,190,181
202,24,184,172
206,20,174,180
220,20,163,176
224,20,160,176
227,17,155,182
230,22,148,170
233,18,147,172
234,20,146,170
235,20,151,160
236,23,146,162
235,21,148,167
237,21,150,165
243,27,149,170
242,24,152,167
241,23,154,170
239,22,158,164
242,22,158,162
233,17,170,178
248,16,158,169
233,19,169,163
253,15,155,173
245,17,162,171
267,15,143,176
271,13,141,176
283,11,124,172
285,10,121,172
296,12,115,171
304,12,101,166
307,10,100,172
315,15,88,165
319,18,83,156
320,18,82,154
318,25,83,148
319,27,82,140
312,38,83,115
307,44,87,114
304,53,95,104
292,61,103,103
285,66,106,107
297,59,99,119
285,56,102,121
276,56,106,136
272,58,107,157
268,69,107,160
264,69,106,160
261,75,117,165
252,84,123,159
245,87,136,158
245,89,134,159
221,102,147,159
218,96,149,155
207,101,158,161
207,101,154,160
197,99,161,165
182,89,174,174
167,83,181,182
175,87,178,179
173,85,171,180
173,87,173,183
169,86,172,175
171,85,168,179
165,76,179,188
166,78,176,182
169,74,170,192
164,74,177,182
166,75,179,174
175,72,175,178
170,63,184,192
180,74,178,175
172,68,192,179
182,71,181,172
172,63,191,171
168,56,190,170
173,57,192,159
178,57,186,159
178,47,185,167
177,43,184,168
176,40,183,165
172,37,180,156
169,35,183,157
168,28,188,160
162,28,180,159
166,24,177,166
167,19,180,166
166,19,178,166
161,11,174,172
169,14,169,172
169,11,168,175
178,13,160,162
170,2,159,177
176,7,155,171
187,0,145,171
186,7,145,162
192,2,147,164
207,5,134,155
227,2,117,151
218,3,123,151
232,2,110,155
240,5,100,151
243,7,100,153
248,10,95,146
250,12,81,144
250,13,81,139
250,13,81,134
246,15,89,136
242,16,96,144
244,24,98,138
240,27,100,135
241,30,106,135
232,40,82,120
291,36,64,106
318,38,41,91
319,46,40,86
325,50,38,91
330,54,36,96
332,58,35,98
336,65,35,92
343,69,29,97
343,75,34,99
344,81,36,98
337,82,46,99
336,87,36,97
345,92,36,95
343,90,33,99
347,95,30,97
349,94,30,98
347,94,31,96
349,95,26,95
346,93,25,93
351,93,19,88
348,92,21,88
342,89,21,88
334,86,28,90
334,88,24,87
333,91,21,88
334,92,20,87
335,96,21,85
335,96,18,85
335,96,18,85
310,106,26,82
300,104,37,81
300,98,37,88
289,93,42,94
278,88,37,100
282,89,42,104
289,91,43,106
294,94,44,99
303,97,44,100
307,100,42,99
314,102,41,98
321,102,38,97
327,106,35,97
333,108,32,98
334,110,33,98
340,108,31,93
339,109,33,96
348,107,25,97
347,106,24,96
351,102,24,95
350,101,22,95
354,102,20,94
354,100,20,96
355,100,18,94
352,102,22,96
345,102,25,93
347,103,20,92
353,101,21,96
346,101,21,97
350,105,20,95
350,106,20,93
348,106,19,91
342,105,21,92
344,105,20,92
340,101,20,95
336,100,20,97
332,106,18,87
332,106,20,90
320,106,18,87
312,107,18,89
305,107,19,88
300,110,16,87
280,107,22,85
264,108,29,90
281,138,28,94
275,138,34,90
248,78,39,95
255,85,39,106
262,81,38,107
269,73,38,112
276,70,38,103
275,63,45,103
276,58,52,112
275,50,61,116
273,47,72,120
261,40,88,134
247,41,105,140
229,41,126,156
212,37,146,157
230,34,129,165
216,33,143,168
238,33,126,162
236,31,121,161
228,32,132,175
221,32,135,171
235,31,123,158
217,30,140,161
220,35,132,164
225,33,128,158
223,31,126,155
233,38,117,143
234,31,104,157
229,34,108,154
234,32,93,151
230,36,95,152
226,37,105,152
223,35,108,151
219,35,117,151
217,33,120,154
216,34,121,158
212,34,126,158
212,35,132,153
215,37,130,152
213,34,136,163
209,39,144,152
204,37,151,149
202,40,152,153
199,38,160,157
204,39,161,160
186,40,167,154
193,41,169,156
178,43,168,151
184,46,173,149
180,49,172,145
175,50,168,149
173,57,171,146
172,62,167,136
168,62,167,147
172,65,161,138
176,67,150,135
173,71,157,138
173,77,152,126
169,78,156,128
171,80,151,133
171,80,151,133
162,85,152,120
155,87,159,128
159,88,148,126
158,95,135,108
156,93,124,104
141,97,132,96
133,101,137,87
135,110,136,77
141,116,140,75
142,119,134,70
162,123,118,61
164,133,106,48
164,136,107,51
165,137,111,50
164,134,107,56
169,134,108,55
154,135,117,53
153,134,117,46
167,142,112,46
167,139,113,43
171,137,111,39
174,136,103,35
179,131,92,35
182,123,79,41
189,118,75,40
195,117,79,33
194,114,79,34
199,109,77,35
200,112,74,34
200,112,76,34
201,112,77,37
205,117,77,34
205,122,79,34
206,124,77,35
207,125,78,34
210,125,73,35
200,125,80,36
161,111,76,47
202,112,77,43
204,108,76,40
200,104,80,37
199,100,83,36
151,100,89,44
193,96,97,42
169,96,91,43
172,95,93,45
175,93,94,45
179,90,95,51
181,88,108,54
184,84,117,62
187,86,114,62
190,79,119,73
192,81,120,73
191,78,125,72
194,79,120,79
195,76,110,80
194,76,119,84
197,74,106,89
197,74,110,88
197,75,109,93
200,76,105,99
196,74,107,91
195,74,110,93
193,74,113,92
193,74,111,90
197,72,109,94
189,73,118,84
193,71,117,79
189,69,121,80
192,68,117,76
188,70,120,78
188,67,118,75
189,65,115,80
190,69,113,75
189,67,116,74
186,69,117,74
185,70,118,71
186,70,119,72
183,72,119,69
185,69,118,69
181,73,126,65
181,68,124,64
176,74,128,58
176,75,131,61
174,75,132,59
173,74,127,61
170,74,130,62
171,78,129,60
169,78,128,61
168,75,129,66
172,74,126,68
174,75,118,65
176,74,118,64
175,75,117,63
177,76,115,62
179,73,110,65
180,72,114,65
180,74,113,64
185,73,113,67
188,73,114,69
191,73,108,68
196,72,115,72
196,72,111,72
195,72,109,77
197,70,120,82
199,68,117,87
204,70,115,89
201,68,112,89
204,69,117,85
203,70,118,85
201,68,123,82
202,67,123,81
203,68,123,75
202,68,123,74
200,67,126,77
202,69,126,73
197,69,128,75
202,71,142,73
194,65,152,83
194,68,162,70
194,67,164,71
190,69,167,62
187,68,168,68
190,70,171,57
188,69,167,61
176,66,150,66
184,65,148,71
179,64,122,80
182,66,116,71
181,65,105,71
178,69,110,70
177,68,114,69
173,72,122,63
170,72,125,66
168,75,129,61
164,78,130,62
161,82,129,60
159,88,126,55
157,93,135,54
153,98,139,50
152,104,147,46
152,104,150,46
152,106,155,45
147,107,140,45
149,108,121,46
155,108,124,46
156,107,123,52
157,106,129,56
160,106,125,54
162,104,121,51
171,111,114,41
171,107,113,48
177,109,104,45
179,109,109,44
178,111,110,41
180,111,109,43
182,113,106,34
182,112,103,32
214,103,101,37
225,100,111,34
197,91,125,42
183,86,144,50
184,91,159,53
183,86,159,63
188,72,170,73
192,74,194,75
182,72,205,82
187,69,204,90
194,63,193,95
181,67,205,93
186,64,200,97
171,68,213,95
170,62,220,96
172,64,217,92
165,68,225,87
159,66,225,83
159,67,232,85
160,67,228,76
159,69,232,80
158,77,227,68
164,95,227,53
156,102,228,42
138,100,245,52
152,99,230,65
158,94,218,76
164,92,207,75
177,89,192,81
186,86,175,69
189,90,169,65
197,96,158,54
198,95,158,63
198,98,155,68
183,105,142,64
181,105,145,66
169,121,143,81
183,108,150,65
182,106,158,71
184,111,151,66
184,114,150,63
174,113,159,73
168,114,161,76
164,114,165,74
167,114,166,68
162,111,169,68
170,109,164,59
157,112,184,61
154,108,180,60
156,108,181,54
150,106,181,54
151,102,187,58
150,100,182,58
154,99,186,60
157,95,180,58
159,94,180,62
154,92,182,60
153,80,183,75
152,73,177,80
155,68,177,84
155,70,181,78
157,65,179,85
157,63,175,86
157,60,180,92
166,61,171,92
159,65,172,92
158,61,177,93
189,63,144,95
187,64,144,98
187,66,147,95
188,64,147,100
185,63,153,99
177,64,164,101
171,65,175,101
164,69,181,95
176,65,178,100
184,74,176,87
192,64,168,104
186,67,176,96
192,67,181,98
165,68,207,97
162,69,223,104
157,65,223,115
166,63,227,116
190,63,219,119
183,58,219,120
208,53,200,123
196,52,213,131
191,47,221,135
191,44,221,135
179,44,232,138
184,43,231,148
174,43,236,143
168,43,243,141
162,41,240,145
160,38,237,147
153,41,245,149
158,41,242,149
151,39,252,158
144,34,252,159
145,45,264,142
136,48,280,143
136,50,281,134
136,50,278,145
128,55,286,130
127,56,292,125
129,60,291,119
124,58,296,124
126,63,289,112
119,62,297,113
107,62,301,117
120,74,296,107
117,84,287,102
109,99,280,83
112,101,273,74
98,90,297,83
106,91,295,83
103,86,291,82
116,83,268,94
110,78,273,104
112,79,280,98
113,75,279,104
112,65,272,118
110,55,269,129
112,65,274,119
112,71,269,112
111,69,266,110
108,58,260,110
109,64,263,112
109,63,254,118
110,62,238,121
105,60,241,125
107,60,229,131
111,63,230,130
110,57,230,141
111,61,230,131
115,60,231,132
109,59,237,137
110,63,247,144
111,63,246,139
109,58,246,143
117,63,248,141
111,63,256,144
115,63,252,142
109,60,254,146
114,66,252,140
105,63,258,148
113,62,247,149
109,61,248,153
115,65,234,152
116,65,235,150
112,62,229,152
114,56,236,156
115,59,230,160
111,60,243,161
113,65,249,157
112,65,245,157
106,67,248,159
112,67,245,158
115,73,245,155
117,69,249,160
112,65,254,163
112,75,250,155
110,68,249,156
117,75,241,153
107,68,253,163
111,68,246,166
110,68,238,162
116,70,231,165
116,78,229,157
98,70,239,165
106,68,235,168
103,72,231,171
106,72,223,173
101,71,224,179
104,72,218,175
117,71,198,173
114,74,210,170
106,70,222,171
113,70,224,167
112,71,222,172
127,75,213,166
118,69,225,163
108,69,235,162
109,68,237,168
106,67,242,163
100,66,245,159
111,64,241,160
110,69,241,161
107,66,245,163
113,68,231,164
113,66,229,166
113,69,229,159
116,66,220,166
111,66,212,164
116,66,209,162
115,67,213,164
118,66,210,167
118,70,200,159
121,71,202,159
114,68,206,160
121,69,195,154
117,66,193,155
119,65,198,157
112,61,206,154
116,62,196,151
121,63,196,157
118,64,193,153
112,63,199,155
110,63,203,155
109,60,208,159
108,60,217,169
109,57,216,165
106,54,219,165
109,60,219,159
106,61,211,159
107,62,217,159
107,58,217,166
113,64,207,162
105,60,209,172
113,62,199,167
113,63,200,163
110,61,192,165
112,58,201,167
112,62,190,165
112,59,196,173
112,61,195,171
111,64,200,173
107,66,200,170
113,63,196,169
110,62,208,171
114,62,192,171
109,65,209,172
114,63,202,169
114,65,207,165
111,62,214,163
109,67,218,157
112,66,233,158
115,66,231,160
114,66,240,157
116,62,236,159
121,72,240,153
116,66,232,151
126,64,230,162
124,64,226,157
128,61,231,163
131,73,235,142
137,60,232,158
131,85,233,135
111,117,255,101
124,116,262,104
105,130,274,88
117,117,270,111
111,117,255,106
111,113,256,131
113,103,252,127
109,116,248,135
121,87,233,157
125,82,228,171
123,92,224,166
140,63,204,197
138,87,198,175
146,98,189,168
134,107,187,162
143,100,166,169
145,104,154,162
149,99,148,165
150,86,144,170
147,80,142,165
155,79,138,169
162,74,128,164
159,72,133,164
156,68,140,157
153,65,144,163
153,59,157,161
153,55,166,156
149,50,177,160
141,45,195,167
139,44,197,173
142,41,191,165
137,42,191,163
127,47,202,166
125,63,205,150
114,76,213,138
111,101,225,123
105,106,230,128
110,107,228,139
101,107,242,154
103,106,237,166
95,87,250,189
100,89,242,181
101,86,242,195
99,102,245,185
109,116,248,205
101,99,245,242
96,116,258,236
104,103,249,234
90,110,267,233
93,118,244,237
89,120,186,202
90,126,187,232
97,132,187,233
94,144,188,208
93,149,191,204
86,149,201,204
75,169,219,183
75,169,218,189
79,177,211,176
72,178,226,183
79,178,216,175
81,186,213,169
87,184,207,175
72,188,224,174
76,188,213,174
77,185,210,174
80,183,213,172
84,186,211,173
94,184,198,176
95,180,193,179
101,179,183,184
83,175,195,181
72,177,204,181
75,179,194,176
74,180,196,168
65,182,201,166
59,184,198,171
68,189,200,166
84,191,174,163
91,195,162,155
106,198,140,139
105,201,139,150
145,204,96,150
148,206,92,152
151,205,85,149
