165,119,164,115
166,121,166,118
167,117,163,118
167,118,167,124
166,121,163,117
162,119,171,120
164,127,170,115
164,124,167,114
168,128,159,111
164,127,161,118
164,126,159,109
162,131,164,115
162,132,168,111
163,131,163,111
170,139,153,107
169,137,150,111
166,139,159,109
166,135,159,110
170,141,150,107
164,140,152,106
161,137,156,105
158,139,157,102
154,143,158,103
150,138,159,107
145,135,163,104
144,140,164,107
145,133,154,104
145,141,157,103
143,136,150,96
139,142,154,99
140,142,153,94
141,144,151,96
141,143,148,91
136,143,155,97
139,142,149,98
134,141,155,95
137,144,152,94
138,140,145,96
135,144,155,91
136,143,152,90
139,145,148,93
138,144,156,85
139,144,148,92
138,145,152,91
140,146,151,90
139,146,149,90
139,145,147,89
139,143,151,92
138,141,156,92
142,144,153,90
143,142,150,89
145,143,149,90
147,139,150,93
148,138,149,90
148,137,159,99
149,133,160,93
155,139,148,92
158,136,148,92
159,138,149,93
157,134,149,90
160,139,153,89
162,137,148,92
165,141,144,89
166,136,143,89
166,139,149,89
168,140,149,89
170,140,149,86
171,137,147,90
174,140,141,91
175,142,146,85
176,140,148,86
178,141,144,89
178,139,143,85
180,141,142,87
179,137,143,87
181,140,138,86
179,135,141,91
179,137,146,93
178,135,145,88
181,139,142,94
181,137,136,88
181,138,137,87
182,140,141,92
179,135,144,89
176,139,149,91
178,137,136,88
177,141,137,89
175,144,137,86
175,147,136,88
174,144,135,87
171,143,136,93
170,145,135,91
171,144,134,95
169,142,143,96
166,141,143,95
170,143,138,98
168,143,140,93
170,140,140,99
167,138,143,98
170,137,145,102
169,138,143,101
171,137,142,101
171,136,145,101
173,133,140,103
178,131,141,107
175,129,144,106
177,130,141,106
176,128,148,109
179,129,144,107
180,130,140,108
179,128,144,108
179,131,143,103
176,128,150,107
178,127,146,109
176,128,142,106
171,128,153,106
173,127,150,106
177,128,139,109
173,124,148,111
174,125,144,108
177,128,139,109
176,126,137,110
176,123,138,108
174,125,142,112
176,125,133,107
169,125,150,112
173,123,144,110
175,123,136,114
170,121,150,110
175,125,138,110
174,124,145,112
183,123,130,111
184,120,127,113
188,126,121,113
182,123,133,110
186,124,127,114
185,121,127,111
186,125,126,113
185,124,127,112
183,125,131,112
186,123,127,113
188,123,126,116
188,124,123,115
183,125,130,113
183,123,129,115
184,125,125,115
181,123,130,115
192,126,116,119
195,125,106,112
196,125,111,119
195,124,111,118
191,125,113,117
182,127,126,118
189,126,117,114
181,128,130,119
193,124,117,117
183,126,126,117
198,122,107,116
187,124,121,114
183,127,126,116
193,122,117,115
189,127,118,114
188,124,117,114
192,127,116,108
185,126,121,105
197,126,111,100
195,127,106,109
190,127,120,99
193,127,112,106
194,126,115,107
198,125,108,109
199,126,108,105
197,128,113,105
200,128,108,104
195,128,113,106
197,128,113,102
194,130,115,103
192,130,117,102
195,131,112,100
199,131,107,101
193,130,116,103
194,131,117,105
198,133,106,104
192,131,113,108
195,131,111,106
196,132,104,104
198,133,102,101
195,133,110,104
189,132,115,102
187,134,116,106
188,131,116,108
192,132,109,104
193,133,104,107
185,131,111,109
191,132,114,107
183,130,115,111
177,130,122,111
180,128,118,110
187,130,112,110
180,129,115,109
183,127,112,111
191,131,104,112
180,129,116,111
182,131,117,111
183,130,115,109
176,131,124,109
171,128,132,109
170,128,134,113
167,126,138,115
165,127,141,115
165,127,138,114
164,126,144,113
165,129,140,111
167,129,134,111
162,129,143,113
162,128,144,111
163,128,141,112
161,130,143,110
158,128,151,110
154,125,151,115
155,127,149,111
154,134,152,109
151,136,152,101
152,140,153,103
152,143,146,92
149,146,154,99
151,145,153,94
149,148,157,94
147,145,157,90
147,146,155,92
146,145,154,91
144,140,158,99
147,143,154,94
151,141,149,96
144,139,158,98
143,138,157,100
146,138,147,101
143,140,156,101
145,135,156,108
139,139,163,101
141,137,155,103
144,141,155,102
143,140,152,99
140,145,161,95
142,142,158,99
144,140,153,100
144,140,159,102
143,139,153,101
142,140,158,101
143,141,151,100
142,138,152,102
143,139,153,106
144,140,153,104
143,139,156,105
142,137,152,107
146,146,154,98
143,142,157,105
142,142,156,104
148,141,149,107
148,139,149,109
148,141,156,108
148,140,150,108
151,146,151,101
150,142,148,107
153,141,151,108
156,142,145,106
155,142,144,109
156,145,143,104
157,144,144,106
153,144,150,104
157,148,149,101
153,145,150,109
154,145,151,102
154,148,149,102
157,148,149,101
155,147,147,104
154,149,150,98
153,148,146,102
157,146,147,103
157,149,145,100
154,145,145,103
156,151,148,97
159,150,142,98
159,147,145,95
158,146,143,98
161,149,144,96
159,147,145,97
158,147,148,96
159,150,146,96
159,151,148,93
158,151,149,94
158,152,146,93
159,152,146,91
159,149,146,98
161,151,142,99
158,152,144,93
159,152,146,95
158,153,148,90
158,154,143,91
160,155,145,88
160,155,140,88
159,156,144,88
157,154,138,91
154,157,142,89
151,158,144,84
153,159,140,83
157,161,137,81
151,162,137,80
153,159,138,86
147,158,142,81
151,161,140,80
148,162,141,80
148,161,139,82
145,162,137,78
146,164,135,77
141,163,140,78
141,166,139,74
139,170,139,69
137,170,139,68
136,170,151,70
134,167,150,73
132,169,143,70
131,173,147,69
130,174,158,66
128,172,153,68
127,173,160,68
128,175,157,65
125,178,160,63
123,177,161,60
122,177,161,62
120,176,175,63
121,173,168,63
122,175,167,64
121,177,166,59
118,173,174,64
120,177,166,57
117,175,171,58
117,176,174,57
119,174,174,58
117,173,170,59
116,171,174,62
117,169,171,64
119,170,167,63
120,169,162,65
118,171,167,64
117,168,170,62
119,165,165,64
116,164,167,63
114,162,172,64
115,160,171,69
116,162,167,67
116,162,163,64
114,161,169,66
117,159,160,70
120,158,145,68
117,160,151,64
116,156,163,72
116,159,158,68
112,158,163,68
117,157,153,72
118,157,149,70
117,152,146,75
116,154,158,73
115,150,160,78
116,151,168,79
114,150,166,79
117,149,157,80
117,148,151,83
118,149,150,79
119,147,152,84
119,148,152,85
122,148,149,83
121,147,147,85
120,144,150,86
121,144,146,90
121,146,149,86
122,144,151,90
123,147,150,87
122,145,145,87
125,142,146,93
124,146,146,85
126,142,142,94
127,146,142,87
127,143,140,91
128,145,142,87
127,144,145,95
129,147,142,87
132,144,138,90
134,142,136,94
130,142,150,94
133,142,147,91
134,141,143,93
135,139,143,93
137,141,142,91
139,140,144,98
140,138,142,96
142,139,134,89
144,144,138,91
142,140,137,93
145,146,132,85
146,145,133,93
144,149,131,85
148,149,134,87
147,148,133,85
150,153,136,88
151,151,133,86
155,148,130,90
156,153,135,85
158,152,133,85
161,153,132,89
162,151,138,89
167,154,135,84
170,156,134,85
172,155,136,82
175,158,134,89
179,154,129,88
179,154,133,87
182,159,133,87
186,156,131,82
185,158,132,87
187,156,137,86
194,157,131,88
196,155,131,84
198,160,132,84
204,159,129,83
206,159,131,83
212,158,128,82
214,162,133,84
217,161,129,78
220,162,134,83
222,158,133,86
219,164,141,78
222,162,137,80
227,161,135,80
226,161,136,78
227,160,137,78
228,159,135,79
233,154,134,84
234,152,133,86
238,154,134,84
242,155,130,84
239,156,131,83
247,158,128,78
249,158,127,81
247,154,131,86
249,158,132,84
253,158,130,81
258,161,130,78
257,158,127,77
257,159,130,80
263,159,125,80
267,160,125,76
268,161,127,78
272,164,125,74
273,161,125,76
275,164,126,77
281,162,122,75
282,163,127,76
285,163,128,73
289,162,121,73
286,164,129,74
288,162,127,75
293,162,124,76
293,162,125,76
295,162,123,76
295,163,124,74
297,163,122,75
299,162,117,80
296,162,123,78
295,166,125,74
297,165,124,77
297,166,125,75
299,166,121,79
299,168,121,76
297,168,124,76
299,167,126,78
300,169,125,76
301,167,127,79
301,168,129,80
305,168,124,81
308,169,122,80
308,170,125,78
308,171,127,75
310,170,127,77
318,167,126,83
313,167,127,80
322,165,128,83
329,168,124,80
333,170,120,79
332,172,127,77
340,172,121,76
342,176,121,80
350,177,115,73
351,178,117,75
355,175,115,76
356,181,118,74
360,178,115,74
362,179,116,73
364,181,118,74
364,179,123,74
369,181,118,74
371,184,122,73
373,182,118,72
376,186,118,70
379,186,119,70
380,185,125,69
383,185,129,72
388,186,128,71
388,187,130,69
392,185,129,71
396,184,129,71
395,184,130,69
393,183,137,70
399,182,127,71
399,182,134,70
399,180,136,70
405,181,127,70
402,181,133,69
408,180,125,70
408,179,129,71
414,182,119,69
409,178,129,73
412,181,125,69
413,182,123,67
412,182,127,72
412,183,129,70
414,184,132,70
412,184,133,68
420,183,121,68
420,183,125,70
418,185,129,65
420,184,131,65
428,183,122,68
426,182,126,66
431,182,125,70
434,185,121,70
429,185,130,69
431,186,133,69
435,185,124,68
436,187,127,67
438,185,128,68
438,187,132,68
439,185,133,71
442,184,130,68
444,185,128,68
446,188,130,68
437,185,142,68
444,183,135,68
446,187,135,71
450,186,131,67
442,186,140,67
449,189,134,66
454,185,126,69
450,187,133,67
451,188,132,66
443,186,142,69
451,185,132,68
449,184,135,66
454,187,130,67
450,185,135,68
456,185,132,69
452,183,134,70
452,183,133,70
453,183,133,69
453,182,134,71
453,181,134,72
452,180,134,73
454,180,132,73
448,179,141,74
453,179,137,72
455,177,130,75
454,177,135,74
455,175,132,76
454,173,135,77
455,171,134,80
451,172,138,79
455,168,134,82
453,165,134,88
455,164,133,90
451,165,139,84
455,159,130,96
456,159,130,93
451,156,137,95
454,151,128,99
452,150,131,99
452,148,131,100
448,144,135,106
449,141,131,109
448,141,131,107
444,141,135,103
447,143,128,104
445,141,129,102
443,140,131,104
444,138,130,105
447,138,124,107
444,138,129,108
445,133,126,111
446,135,124,111
443,133,125,113
442,134,126,113
438,127,127,115
439,132,129,113
439,130,131,109
444,130,121,112
439,133,129,113
440,131,126,110
439,131,129,109
442,131,125,115
443,133,120,108
443,131,121,109
445,132,115,109
437,127,125,113
443,131,119,114
441,132,120,112
441,131,117,110
443,132,114,111
441,132,111,108
445,134,110,111
442,133,112,114
442,135,117,110
441,136,112,109
444,137,108,109
442,135,109,117
440,133,112,117
437,134,112,113
443,134,108,114
443,135,104,112
445,134,105,116
444,134,104,114
440,134,108,116
442,134,104,115
441,135,106,114
443,134,103,112
443,134,103,115
441,133,104,114
445,133,95,115
444,132,96,114
440,133,101,112
442,132,95,111
439,133,96,112
441,133,89,112
442,132,87,108
445,130,79,111
443,128,80,110
441,130,80,111
442,128,75,110
444,130,72,111
444,129,70,107
443,131,76,107
441,129,76,108
443,131,73,109
444,128,70,107
442,126,73,111
444,128,71,111
444,129,72,110
442,128,73,112
443,126,70,109
442,129,71,108
441,124,72,108
441,127,70,109
442,127,72,112
441,129,71,111
439,127,76,110
440,127,75,109
440,129,72,110
440,129,74,109
442,128,70,114
441,127,69,109
443,127,69,109
443,130,70,111
443,125,70,110
444,125,68,113
442,124,70,110
440,123,71,114
438,124,73,117
434,126,79,109
436,124,79,112
440,128,72,109
441,124,71,108
439,128,74,113
438,125,77,110
434,126,83,109
431,127,88,112
434,126,80,108
433,125,81,109
433,124,82,115
431,126,87,111
429,123,89,108
434,127,80,110
433,124,80,109
434,123,81,111
430,122,88,110
424,126,100,115
423,123,101,111
427,127,88,107
424,124,101,110
421,127,105,109
421,121,98,107
424,122,98,120
420,123,99,115
415,123,111,114
417,128,108,114
420,125,102,107
419,127,104,115
418,120,108,111
423,127,96,112
419,127,102,108
420,126,100,110
414,130,111,111
414,125,113,109
412,129,116,105
415,131,111,107
412,126,118,110
413,129,115,110
409,129,120,107
410,127,120,110
412,126,116,111
412,131,116,106
411,126,119,107
411,126,120,105
405,129,128,108
409,125,122,107
408,132,122,102
405,129,127,108
401,127,132,107
404,126,130,111
405,129,127,104
406,134,127,102
402,134,130,100
396,132,139,105
408,132,123,105
401,138,129,95
400,135,132,100
402,139,132,98
402,137,131,98
401,135,132,102
399,141,132,95
399,142,134,94
397,144,130,96
398,145,131,91
398,145,129,95
398,145,130,93
398,146,129,91
393,144,133,94
397,150,130,92
394,149,133,84
392,151,133,89
394,151,130,82
393,153,127,88
390,149,127,89
396,156,121,81
393,153,121,83
391,157,122,82
391,155,123,81
389,156,125,78
388,155,123,81
394,153,117,82
389,157,117,81
388,157,119,80
393,155,109,80
391,161,111,77
387,160,115,76
388,158,115,77
388,159,114,80
389,160,110,74
388,158,111,78
385,160,115,74
383,158,116,80
388,158,112,74
387,157,109,81
390,160,102,75
386,162,110,72
386,162,109,72
387,163,106,73
384,161,108,74
380,162,111,75
381,162,110,69
378,161,111,75
375,158,112,73
374,162,110,75
377,165,104,68
373,165,107,71
369,166,110,68
369,168,107,66
367,163,107,72
366,165,107,70
360,166,110,69
363,165,103,71
354,166,111,69
358,168,103,65
354,167,104,69
350,166,106,68
350,166,105,68
347,164,105,69
342,162,107,74
339,163,108,70
336,167,107,66
337,165,103,68
335,163,105,70
335,166,103,67
329,165,105,69
322,166,110,67
325,165,102,69
322,166,101,66
319,164,100,68
312,166,106,66
313,167,102,66
310,163,104,70
309,164,103,70
306,166,101,66
306,162,100,71
302,165,99,68
300,167,99,66
296,162,98,70
295,165,99,67
290,166,103,66
290,167,92,64
285,163,100,68
278,165,105,66
279,161,96,69
271,164,97,65
265,167,99,64
267,163,89,64
264,164,89,64
260,162,93,66
257,164,92,64
259,164,87,63
257,164,88,64
256,161,82,64
253,163,82,65
249,160,85,65
246,163,89,62
246,165,86,60
246,162,81,63
241,164,82,61
239,163,83,62
232,159,88,66
224,162,96,65
222,162,95,65
222,164,94,63
219,159,100,68
220,160,89,68
219,159,84,68
217,160,87,67
215,160,91,68
215,163,83,66
214,157,81,69
213,162,83,66
212,163,80,65
210,161,82,66
209,166,78,66
204,163,81,63
203,166,80,63
200,162,82,63
198,166,81,64
198,162,78,66
194,167,80,67
195,164,74,66
192,166,73,64
189,166,77,63
187,165,77,66
183,166,79,65
183,165,71,64
179,165,77,65
177,166,81,65
176,167,71,67
173,166,75,63
172,165,71,64
170,166,72,65
168,166,76,67
167,167,73,64
167,166,69,62
163,167,75,63
161,164,72,63
160,168,69,61
157,166,70,61
156,166,66,62
154,166,67,61
152,166,69,60
149,164,70,61
148,166,77,60
147,166,76,61
144,162,75,61
142,162,76,60
138,162,79,60
136,161,84,61
136,161,75,60
135,160,73,59
132,158,73,62
131,158,74,61
131,157,73,62
128,156,75,64
127,154,69,62
124,157,72,62
121,157,71,62
120,155,71,62
119,158,66,57
114,158,67,60
112,159,63,59
110,160,59,58
108,159,60,60
106,158,58,63
104,159,54,60
103,158,56,64
98,158,62,63
99,159,54,63
97,155,56,64
97,153,54,62
96,153,55,61
94,153,57,62
96,152,53,62
96,154,52,61
93,154,56,61
91,153,55,60
92,154,56,58
92,156,55,61
92,152,51,59
91,154,49,58
92,154,49,60
92,153,45,57
91,152,48,60
92,154,43,60
91,153,43,60
90,153,50,59
90,154,42,58
91,154,38,59
91,154,37,59
95,155,31,59
92,154,37,59
93,155,30,60
93,155,29,59
94,155,25,58
93,155,24,59
92,155,23,60
89,156,22,60
87,156,23,60
85,158,24,61
82,158,30,62
80,157,32,60
75,158,37,58
72,157,41,60
66,157,49,63
63,155,49,62
64,158,48,62
59,154,53,64
55,158,59,62
56,156,57,63
52,156,59,58
47,155,66,62
46,155,67,59
42,154,70,60
35,153,76,60
36,155,75,62
31,153,80,56
31,152,79,61
26,147,84,61
24,152,88,60
21,149,91,57
24,150,88,61
26,148,85,60
23,146,87,59
24,150,89,59
22,147,89,60
24,149,90,61
24,147,89,57
23,145,90,57
25,149,91,59
23,147,93,58
25,152,94,60
27,148,91,59
29,151,91,58
30,147,92,56
30,151,92,57
31,150,92,59
31,151,92,55
32,154,96,58
34,151,91,57
34,150,91,56
33,153,96,60
32,149,96,59
34,148,93,59
36,145,92,60
36,147,91,61
35,147,95,57
35,150,99,59
34,148,100,56
35,147,99,57
34,145,103,58
38,146,96,58
38,147,96,56
36,146,101,58
40,145,93,57
39,145,100,59
39,144,99,58
38,143,102,58
40,147,105,59
42,145,103,59
41,147,105,59
43,147,99,56
43,146,101,58
42,145,104,59
42,146,109,58
42,146,106,58
43,146,104,59
42,145,107,60
44,144,105,58
47,145,100,59
48,145,104,60
45,145,108,59
49,145,102,59
48,146,103,59
49,146,104,59
50,146,103,59
53,146,101,59
53,146,103,58
51,147,103,58
55,145,102,57
53,144,103,57
53,145,103,60
57,145,99,57
55,143,99,56
56,146,102,59
59,146,100,57
57,146,101,59
58,147,103,58
56,147,107,58
59,147,102,58
59,148,100,57
58,147,102,58
58,146,100,59
58,147,103,59
55,146,108,59
57,145,108,61
56,145,106,60
56,144,103,60
53,143,106,62
56,146,104,61
55,143,105,63
56,144,105,64
56,142,105,67
53,141,109,66
54,140,109,70
53,141,107,67
54,140,110,73
54,141,109,73
55,137,111,78
55,140,108,76
54,138,111,79
55,140,110,79
55,138,110,81
55,138,108,83
54,138,114,80
56,139,111,83
56,139,111,83
56,138,110,86
59,139,107,88
57,139,113,89
58,140,109,89
59,139,109,93
59,140,109,92
58,139,112,96
58,141,112,92
58,141,115,93
60,140,110,95
63,139,109,97
64,139,107,97
64,140,106,98
65,139,106,99
66,144,105,96
70,142,102,100
71,142,100,98
71,142,103,100
73,144,99,98
75,145,97,98
75,146,97,98
78,145,93,99
82,146,87,100
83,145,87,100
84,142,86,101
85,150,84,97
87,147,84,97
90,151,83,98
93,151,79,94
95,149,77,102
103,158,66,89
109,154,62,95
113,159,59,94
116,162,58,90
119,165,57,91
117,166,63,89
117,171,70,89
117,175,73,92
120,179,72,90
123,184,71,85
124,188,76,89
123,193,77,86
124,199,78,88
125,203,78,94
128,211,73,93
130,220,73,92
131,226,73,95
135,235,67,94
136,238,69,101
142,243,63,99
143,249,66,101
145,254,65,105
151,256,65,100
155,259,65,103
156,261,69,100
164,267,66,95
168,266,70,94
180,266,64,96
189,264,60,98
195,261,67,97
203,255,66,104
215,253,62,107
222,249,62,109
231,244,54,115
231,244,54,115
231,244,54,115
231,244,54,115
231,244,54,115
262,249,50,111
268,252,33,100
257,249,33,93
253,255,41,104
247,250,46,111
244,243,54,118
