65,102,145,107
75,101,140,113
75,102,144,113
76,102,144,116
75,102,148,109
71,102,155,111
71,101,158,111
74,102,158,102
75,103,161,103
75,100,167,105
77,104,167,102
77,100,169,107
73,100,181,106
82,100,172,104
81,100,174,103
89,97,173,102
94,99,176,97
100,96,176,97
103,91,177,105
113,89,178,107
119,87,179,111
116,85,192,103
133,84,183,105
146,85,171,100
146,89,178,97
151,92,177,103
162,96,164,97
164,103,161,101
170,106,154,101
173,115,158,102
178,123,153,98
180,129,153,98
176,136,155,101
171,144,159,101
169,151,160,102
167,158,160,93
158,164,170,96
160,169,163,94
162,177,157,93
161,178,156,98
157,183,157,98
157,181,156,110
159,188,156,101
154,189,162,106
163,199,152,102
173,197,141,107
182,200,129,107
186,201,125,106
187,202,123,110
161,199,142,123
173,204,135,121
174,207,131,124
180,203,128,124
170,205,138,125
177,209,133,128
192,214,113,134
159,191,133,123
56,147,125,101
57,168,110,79
162,210,101,90
162,211,97,101
168,213,88,88
169,213,82,92
164,210,90,93
160,208,102,83
161,208,98,59
156,206,108,53
148,205,115,41
79,165,94,56
74,165,83,59
76,166,73,58
80,164,66,65
84,164,63,65
90,162,60,76
93,161,62,69
89,161,64,70
87,161,69,80
89,159,62,78
146,164,76,77
146,159,87,96
152,162,87,103
229,161,70,94
236,157,81,97
236,162,100,85
243,167,96,74
255,158,87,79
258,152,90,82
261,148,92,82
264,143,94,82
268,138,97,85
271,130,94,86
276,124,91,88
273,117,95,87
275,108,93,88
279,100,93,90
277,93,92,88
280,84,86,88
277,77,92,87
278,69,93,91
278,63,86,91
279,58,84,93
273,53,87,93
277,52,76,89
270,51,82,94
264,55,84,89
259,58,79,88
260,54,74,96
257,60,84,95
257,63,84,97
257,57,83,109
257,51,87,118
257,42,91,129
256,35,94,144
259,35,90,149
259,29,92,159
253,36,106,151
248,37,126,153
248,38,130,162
251,42,125,161
254,42,124,160
254,40,123,160
255,39,116,165
258,38,114,163
256,34,124,165
260,31,107,162
258,26,109,164
265,19,95,170
268,22,94,158
270,18,88,166
273,15,92,171
268,11,98,173
259,13,106,175
258,13,111,185
254,15,118,175
251,15,121,178
245,20,127,175
244,17,127,177
236,18,137,177
229,21,150,179
225,25,153,165
228,25,148,167
231,23,143,169
230,21,146,170
234,26,142,163
235,24,143,162
239,24,141,168
240,23,137,167
239,26,142,166
241,27,142,170
243,26,138,168
245,27,145,168
248,30,141,168
251,23,140,173
264,21,132,169
260,22,140,166
266,22,137,164
269,21,135,171
271,15,132,179
275,14,125,175
276,18,129,174
284,15,118,173
291,16,111,177
303,12,89,182
308,11,87,176
312,11,84,179
318,11,86,169
326,11,64,165
327,17,70,154
319,2,68,141
321,21,51,114
321,29,41,102
317,35,38,104
313,42,40,103
305,52,48,104
298,62,57,109
289,73,68,105
283,87,76,106
278,71,87,118
274,55,85,132
271,59,95,144
275,65,82,145
272,85,95,143
268,81,109,163
262,84,103,166
255,92,119,163
259,96,107,161
254,101,109,159
240,98,124,162
238,98,121,165
234,101,118,167
228,101,125,168
204,99,145,167
208,95,136,174
213,96,130,179
212,101,127,171
210,99,126,172
200,99,137,172
202,95,135,169
194,93,145,176
179,97,162,168
192,97,149,165
177,94,171,165
195,86,150,170
175,80,175,176
185,72,166,180
177,75,181,178
180,80,178,166
178,75,184,161
172,68,183,171
181,63,173,165
182,65,179,156
178,61,172,158
187,54,165,159
173,50,187,155
176,50,179,153
169,44,183,156
176,44,175,148
168,41,178,155
178,37,161,153
173,33,169,160
174,22,159,172
170,23,163,170
171,20,160,168
172,17,155,171
174,15,151,166
171,14,154,170
176,9,148,182
191,12,142,150
182,11,151,166
175,13,160,170
178,14,153,165
189,17,148,155
195,11,147,151
208,24,128,152
231,18,107,149
234,6,102,150
235,8,100,161
253,10,82,144
257,7,80,145
261,10,74,124
267,14,68,130
275,15,63,123
264,19,70,129
278,21,64,116
287,26,56,101
302,29,48,91
303,32,48,97
306,36,46,97
305,41,51,101
301,45,58,102
254,55,69,110
256,56,77,109
260,56,95,112
250,63,119,105
232,65,142,103
219,68,154,102
192,63,178,114
182,61,186,120
187,68,192,110
177,72,195,111
186,68,192,118
185,62,188,124
191,66,177,118
188,67,180,116
186,72,186,109
185,71,184,111
186,71,181,110
189,69,176,108
197,71,161,103
193,74,165,105
203,75,154,102
184,71,170,107
180,70,175,112
175,69,177,120
176,67,175,126
169,70,180,123
173,68,173,124
176,71,166,123
210,84,130,109
260,88,89,104
268,85,69,108
281,81,57,113
286,89,47,109
296,92,40,104
305,95,38,105
303,95,45,107
309,94,43,107
320,98,38,104
329,102,32,102
331,105,32,102
314,105,43,103
333,105,40,101
333,105,40,99
331,105,46,98
330,105,46,96
325,102,51,93
320,101,57,96
320,101,38,94
327,100,47,94
302,102,53,96
234,48,67,94
262,104,68,93
281,100,79,93
231,105,90,86
222,104,109,86
211,102,135,91
193,100,165,93
187,96,175,96
186,95,179,100
191,94,167,99
193,97,160,96
193,97,157,97
197,101,151,94
197,100,146,99
193,100,148,97
193,99,141,97
197,81,127,118
197,72,118,133
200,74,97,129
196,73,84,131
202,70,77,130
220,72,62,125
242,71,44,127
242,59,53,132
241,68,63,120
243,71,72,110
247,65,71,110
252,64,75,106
248,57,83,115
242,53,93,128
244,51,103,137
232,47,126,146
225,44,129,145
230,40,127,142
230,36,134,152
231,36,130,165
233,34,119,160
233,34,122,152
241,31,100,163
240,36,102,161
236,30,117,176
239,34,105,186
230,31,108,185
228,36,113,175
228,35,116,173
233,36,105,163
231,37,109,162
237,38,81,161
235,36,98,163
233,36,103,159
233,37,97,157
229,39,93,153
232,36,90,154
230,38,92,149
227,38,102,150
224,40,101,151
223,38,106,150
222,41,111,151
224,38,105,152
217,43,125,150
208,41,137,152
207,39,139,151
199,45,149,142
197,42,151,149
190,46,157,143
183,49,170,141
184,50,165,144
180,49,166,140
181,52,162,138
176,53,158,134
173,55,166,134
175,56,160,133
171,58,162,129
170,65,168,128
173,66,144,128
171,72,146,120
175,77,141,102
174,78,153,80
175,82,154,76
173,84,157,75
170,88,152,74
165,89,145,82
162,89,132,72
171,109,149,97
159,100,156,106
160,110,149,93
160,114,157,87
159,117,163,64
165,117,147,57
165,123,151,58
164,126,154,62
164,127,154,56
161,132,143,52
163,133,144,52
164,136,134,50
166,132,143,58
168,129,136,61
175,118,128,73
173,112,134,80
177,101,130,89
172,130,137,77
169,132,148,62
167,124,145,57
158,121,148,50
159,118,150,47
155,116,140,44
187,134,147,54
178,125,159,54
174,116,161,62
164,106,167,58
174,118,179,76
157,103,191,96
166,103,173,103
172,84,148,128
170,85,154,128
173,92,153,100
174,94,139,88
174,106,114,60
193,128,127,66
209,85,127,76
193,97,131,88
177,97,129,71
172,98,131,61
188,83,130,71
179,92,139,75
173,94,145,61
176,93,124,48
181,93,112,45
219,86,106,52
186,87,102,55
189,85,109,59
191,82,109,64
190,81,116,69
194,82,118,70
197,81,117,71
197,81,127,75
198,83,133,75
195,77,145,82
198,81,146,78
196,75,148,87
198,76,153,87
197,81,166,82
191,77,169,89
192,77,173,90
193,73,171,97
193,77,175,95
190,78,177,92
185,74,189,94
188,73,188,93
182,74,195,86
185,78,195,77
190,79,199,69
182,79,201,65
179,71,177,77
194,73,160,67
189,74,167,66
188,75,170,64
185,78,176,59
185,76,176,62
186,79,181,61
186,84,192,53
183,86,196,51
182,86,200,48
186,90,198,43
182,87,207,45
175,86,220,48
169,87,229,47
168,88,230,47
163,85,236,50
168,86,232,49
167,82,233,57
168,79,223,60
170,84,225,55
165,78,229,60
166,81,228,58
170,85,225,53
181,94,212,44
179,91,217,47
178,91,216,48
182,88,210,53
178,76,209,69
184,80,205,70
188,80,201,68
182,78,207,72
187,77,193,79
193,77,178,82
195,80,179,77
185,69,148,93
200,70,123,88
205,69,116,85
203,67,119,84
204,68,117,85
209,68,115,82
211,69,118,76
219,78,112,70
222,82,111,63
227,84,109,59
224,79,116,64
228,77,112,64
228,79,116,61
233,82,116,55
238,83,119,44
243,85,113,39
249,86,105,37
251,87,107,37
256,87,104,39
259,90,102,38
260,90,105,40
263,90,107,37
266,90,109,38
271,89,101,37
280,88,99,41
286,89,102,39
290,90,89,39
289,92,84,39
307,94,81,37
309,90,70,40
318,91,75,39
313,89,80,35
310,89,77,35
323,90,69,34
325,89,71,34
311,88,73,34
311,85,64,38
311,83,63,42
310,85,67,41
309,87,71,43
302,87,78,44
299,87,88,42
299,87,89,45
292,86,98,46
282,86,110,49
278,84,114,52
262,86,131,53
252,88,143,53
247,87,150,57
250,89,153,54
243,98,157,46
244,102,161,39
239,101,167,38
225,98,175,41
221,91,188,50
210,80,192,63
219,88,183,56
215,78,185,68
212,80,183,67
190,81,206,69
189,79,203,74
180,78,214,80
184,72,204,86
181,74,207,84
175,73,210,85
167,78,225,79
172,76,221,80
167,74,228,90
158,79,234,80
159,77,236,83
158,83,240,77
160,80,235,75
157,89,232,66
160,96,230,51
184,101,207,41
197,102,189,39
208,102,173,39
223,100,157,37
216,97,156,43
217,93,156,51
201,87,145,60
211,91,146,56
190,109,120,65
200,107,108,63
222,100,96,56
218,104,98,63
217,101,107,62
220,105,104,63
222,103,103,68
223,105,100,70
224,110,105,66
224,111,104,62
225,114,103,63
223,116,107,57
224,115,103,53
223,113,103,56
224,114,102,53
222,112,108,51
224,113,110,48
226,112,109,45
228,110,104,44
226,109,105,42
227,107,102,40
225,105,116,36
226,102,107,38
226,100,103,37
226,98,104,37
225,94,108,40
228,89,103,42
229,88,104,41
231,84,102,48
229,76,104,55
229,69,111,60
228,69,108,61
221,68,113,70
217,63,115,86
206,63,123,91
199,62,127,97
190,65,142,96
190,65,138,90
193,67,136,94
186,67,151,92
184,68,153,95
191,70,153,104
185,67,158,100
189,67,155,107
197,75,150,96
191,71,155,95
192,73,158,98
203,75,161,91
195,69,177,95
202,72,165,97
200,69,180,99
219,67,167,105
228,68,168,98
228,64,170,112
221,63,178,116
225,59,188,117
207,58,202,120
187,53,229,126
174,53,243,127
191,53,227,121
170,54,238,130
170,51,247,130
166,52,246,125
162,48,253,131
161,50,243,138
177,41,220,141
225,39,178,138
254,39,144,138
273,36,125,135
271,39,123,129
274,42,129,120
268,47,140,117
262,49,149,115
259,49,156,121
258,52,158,115
252,56,164,111
255,61,164,107
256,70,165,88
249,73,178,93
246,76,175,86
233,82,183,81
239,89,177,74
212,106,167,64
209,103,158,68
210,100,148,70
218,96,141,67
239,90,136,69
218,92,152,72
226,81,166,57
236,93,158,40
259,93,138,37
263,96,135,33
266,94,129,34
202,94,124,40
204,94,120,43
204,99,121,55
204,94,114,67
212,94,106,68
213,100,102,68
220,95,107,74
215,87,120,89
225,71,107,108
232,69,97,107
226,74,107,109
213,107,128,84
225,105,124,87
225,127,115,72
246,143,110,55
262,154,92,44
263,158,98,43
248,100,88,53
228,101,85,66
244,97,85,67
220,91,91,88
208,87,107,111
220,69,113,134
207,66,129,144
212,68,128,143
213,69,119,137
214,70,120,140
213,68,122,141
212,68,130,140
212,71,135,143
208,69,144,143
212,73,136,139
217,72,134,144
222,77,130,141
237,77,114,139
209,78,134,140
212,83,153,135
183,77,159,143
169,71,189,148
161,70,188,156
131,76,216,149
108,71,241,157
106,66,241,161
113,77,233,152
108,73,239,156
105,71,237,162
110,72,228,164
113,72,219,169
113,74,218,170
114,74,213,175
115,76,202,172
123,78,193,173
135,86,176,166
120,77,197,171
112,80,202,171
122,82,196,167
117,71,206,177
118,81,210,166
120,81,212,164
115,78,223,163
119,71,221,171
111,70,235,167
114,74,237,161
113,75,237,165
116,69,235,173
117,78,230,163
113,75,231,165
113,71,231,173
115,70,229,169
113,70,220,170
115,70,222,172
113,69,228,171
108,66,230,177
112,66,216,179
120,67,207,180
123,70,208,172
117,69,209,169
124,69,194,167
121,63,202,173
124,67,196,163
122,68,200,164
120,65,191,163
112,66,204,160
114,68,209,156
122,66,190,160
114,62,210,159
117,64,205,163
114,62,211,164
114,65,213,163
110,63,217,165
109,61,218,161
107,61,208,169
109,61,215,168
107,62,220,162
110,58,210,169
112,59,206,166
106,60,213,171
109,59,206,174
107,61,212,173
107,60,176,181
116,60,183,178
108,61,187,180
109,56,190,195
112,61,184,183
114,59,180,180
108,58,191,183
105,62,197,177
108,62,197,178
106,66,207,173
109,62,210,174
113,66,206,174
111,66,206,170
113,72,217,165
112,65,222,166
118,66,221,158
116,62,223,168
117,64,231,160
118,63,228,173
119,64,242,167
122,74,242,158
118,75,247,151
117,82,244,141
125,95,241,127
118,104,255,115
120,110,255,104
123,115,255,104
122,119,258,99
119,124,265,95
120,122,265,100
123,116,257,111
124,118,254,117
113,117,263,132
118,118,249,126
117,120,252,136
119,108,235,145
117,78,235,183
147,65,203,204
134,74,205,196
153,71,180,198
155,68,173,203
153,68,167,204
155,77,155,200
154,68,152,205
161,69,128,204
153,88,152,181
156,86,149,176
161,79,141,181
159,75,142,174
159,73,139,175
160,72,139,166
157,66,154,164
155,59,161,179
155,57,159,170
147,52,183,179
157,47,163,184
154,43,172,191
137,46,185,198
138,49,196,172
130,59,200,169
125,65,209,161
122,71,211,156
119,75,219,158
112,72,231,169
120,65,225,195
114,66,239,190
107,66,234,197
104,83,238,184
131,74,214,203
103,92,242,182
119,66,227,218
115,87,235,220
107,104,250,201
103,94,253,231
104,102,262,240
101,96,265,253
99,113,275,239
112,118,264,223
108,134,288,220
98,138,287,228
94,138,321,216
98,143,320,213
98,155,337,199
85,160,344,190
43,115,286,189
63,151,254,163
84,171,216,184
85,175,219,171
85,184,212,171
100,177,192,130
96,187,199,116
94,184,201,143
85,181,214,171
88,167,214,161
89,182,209,175
82,174,213,179
87,158,208,154
83,180,214,174
82,153,209,194
90,167,195,184
84,174,195,179
83,173,188,180
79,175,200,176
88,180,178,173
85,187,181,166
81,188,181,169
90,191,169,161
83,198,163,150
90,199,160,146
78,203,170,154
86,199,153,151
90,201,146,146
