96,128,247,131
103,120,247,130
102,112,243,127
106,105,241,126
110,98,241,129
110,94,245,130
112,92,236,127
113,90,244,122
114,90,237,128
122,82,223,133
125,89,217,127
122,84,209,131
123,84,209,132
126,86,200,131
126,87,204,129
116,97,203,121
119,95,201,119
103,95,210,131
95,98,221,125
91,101,222,126
82,102,227,126
70,104,237,132
61,111,251,129
56,111,256,132
50,110,253,135
39,113,247,137
42,106,264,139
33,104,263,148
31,103,264,146
29,100,265,155
36,99,255,152
34,89,277,159
40,88,246,157
43,93,234,153
50,90,240,147
54,88,225,149
60,84,214,158
64,83,202,162
76,88,203,159
89,90,202,151
91,84,194,156
97,84,185,155
101,86,175,148
108,85,164,150
127,80,145,148
147,80,125,155
155,78,107,155
152,78,94,145
192,79,78,143
207,84,70,140
205,84,84,146
197,92,96,138
193,100,112,134
190,98,116,144
189,106,122,140
184,108,133,141
176,115,143,135
170,122,141,127
163,129,150,120
157,131,145,119
148,136,165,116
143,134,180,122
138,133,192,128
135,129,198,127
125,136,211,124
117,136,223,127
119,140,220,131
115,136,227,132
114,144,228,126
111,146,233,122
110,143,235,128
110,142,231,128
115,146,233,130
109,135,231,140
114,135,236,153
113,128,228,158
114,123,231,167
111,124,230,167
112,132,221,165
108,136,222,159
109,145,211,150
112,142,208,151
123,152,186,139
128,149,185,140
130,142,165,146
130,138,173,146
135,123,159,166
136,136,155,156
141,141,140,143
149,141,144,152
155,131,148,167
161,129,144,174
171,143,138,174
180,136,136,168
186,149,128,169
178,145,142,161
170,134,150,173
165,138,121,161
157,140,141,155
152,137,150,154
149,125,159,165
146,152,142,133
137,160,154,123
142,158,146,126
132,162,160,122
128,160,179,125
125,165,177,119
128,164,185,122
126,164,189,123
126,162,196,127
121,163,209,127
115,171,213,122
113,167,220,126
114,168,221,128
111,168,232,129
107,169,233,137
105,168,239,131
107,169,252,129
106,169,240,134
111,169,239,139
109,176,236,132
110,180,241,135
114,178,232,136
121,184,223,136
114,182,233,138
123,185,220,145
127,187,213,147
127,187,223,155
130,183,199,164
139,184,197,168
145,177,183,176
157,185,161,166
165,185,153,171
171,159,141,197
180,146,130,199
185,132,122,235
190,125,135,236
191,129,125,231
195,132,99,230
202,126,98,231
207,142,92,212
203,138,102,218
189,140,123,216
186,154,130,199
176,159,138,196
168,176,155,178
159,182,160,175
145,199,175,145
141,203,181,126
135,204,182,128
128,204,196,123
120,204,196,116
111,207,212,117
109,205,220,112
100,205,226,117
97,205,224,119
97,207,222,127
91,206,232,123
88,203,233,130
84,208,231,127
85,207,238,123
84,206,231,130
76,206,243,134
82,205,235,131
74,210,245,136
79,209,236,136
79,217,223,130
80,215,237,139
80,219,217,128
84,210,187,139
91,217,188,138
94,216,181,139
102,209,173,141
106,209,160,144
108,209,152,142
110,206,157,143
113,204,151,146
114,206,160,146
116,203,149,140
114,199,164,147
112,197,174,141
113,198,181,131
115,192,190,128
110,190,194,132
104,182,217,137
103,181,220,129
102,180,231,122
94,172,243,122
96,167,245,121
98,164,234,116
94,164,235,110
93,159,239,111
89,160,253,106
82,156,260,107
87,157,245,104
84,158,264,98
79,154,270,96
77,162,279,84
79,153,282,89
83,162,277,71
81,152,276,83
91,164,269,66
90,165,275,60
96,166,266,61
104,170,255,61
102,167,261,62
111,167,249,64
105,169,261,62
107,167,263,65
118,167,253,63
128,170,244,63
129,169,241,63
127,167,240,65
122,166,245,64
127,170,237,66
126,172,239,62
126,172,237,65
124,172,240,61
122,171,244,62
114,171,252,62
118,169,250,63
125,169,240,64
112,164,253,69
112,163,252,69
115,159,243,68
104,155,256,67
98,157,274,65
101,151,268,69
99,150,271,64
100,150,273,70
97,145,279,70
94,145,281,71
94,135,276,83
97,130,275,87
96,125,275,89
97,121,273,93
99,119,269,97
99,118,275,98
98,118,271,100
97,119,267,95
103,114,260,104
100,114,257,104
102,112,256,105
101,114,253,102
97,112,259,106
99,109,252,108
105,105,241,110
105,102,238,115
106,99,234,123
101,99,231,127
103,101,237,127
105,99,222,125
104,103,216,129
102,109,213,131
99,108,220,128
100,110,214,125
91,113,228,126
88,115,229,125
90,114,226,125
88,115,216,128
84,115,227,133
84,114,223,126
82,118,229,130
81,120,234,131
86,116,207,129
83,120,228,131
82,120,222,128
80,120,230,130
82,118,225,137
80,118,229,136
78,123,230,134
78,122,235,141
80,128,232,141
86,128,217,147
78,129,238,153
70,134,256,149
77,139,241,149
75,138,245,157
77,145,243,156
77,152,240,155
80,158,236,147
79,159,240,146
81,161,239,139
76,158,248,150
77,158,245,144
76,160,245,143
77,160,250,145
71,162,249,141
76,160,251,140
73,159,249,143
70,162,257,142
71,165,252,137
69,163,257,144
68,160,249,147
73,161,249,144
68,167,251,140
74,163,248,140
76,166,244,141
76,161,244,143
82,165,243,142
72,166,247,139
88,163,247,133
85,165,246,139
83,165,249,134
92,161,250,139
87,164,250,127
89,157,261,117
95,159,260,104
122,134,259,126
96,118,273,163
97,143,259,157
101,140,258,165
104,126,256,179
105,131,253,164
108,157,248,137
111,160,258,134
113,162,261,125
119,158,248,127
121,155,247,133
125,154,246,139
128,152,241,132
127,156,237,121
129,156,243,132
129,153,239,137
131,154,236,138
138,150,232,145
140,157,217,142
140,156,218,151
143,153,217,158
140,156,216,155
133,156,225,154
130,153,229,160
128,151,234,165
125,153,224,162
122,154,244,168
117,147,243,173
111,147,260,172
113,149,246,172
110,138,260,181
106,143,264,181
108,137,261,186
106,140,265,170
100,148,261,170
102,140,259,171
101,142,261,167
97,142,260,164
95,137,265,157
91,132,276,167
99,129,267,163
95,133,267,156
96,131,249,154
94,135,244,146
95,137,236,144
98,137,229,140
97,130,222,151
99,137,217,141
101,135,212,141
104,138,199,139
107,131,205,143
110,135,191,143
112,138,186,138
113,130,189,151
114,132,198,152
123,132,178,152
123,134,181,155
126,138,175,146
133,136,165,152
133,134,163,157
136,136,165,151
142,139,159,151
150,136,146,159
154,135,141,162
160,139,136,156
163,137,138,160
166,132,141,161
173,140,127,153
175,135,135,157
176,131,142,163
180,125,147,175
179,119,174,185
182,116,161,187
184,118,143,183
184,118,138,185
186,115,132,190
185,122,129,184
188,120,123,187
189,120,125,183
190,118,129,186
193,118,121,181
189,119,133,178
192,125,133,181
191,127,134,183
195,133,140,172
196,124,138,180
191,115,147,188
192,109,149,196
188,102,154,197
190,103,158,202
186,98,156,203
188,100,155,205
183,107,164,196
186,109,142,189
184,153,162,166
179,140,146,164
178,132,170,161
166,132,179,167
171,154,185,144
164,164,188,133
161,168,187,125
154,162,193,128
141,171,201,122
141,143,192,138
128,170,206,115
122,166,209,112
119,144,208,127
116,166,212,107
111,148,202,118
112,121,197,131
110,122,198,130
107,123,203,120
104,156,202,103
100,148,209,100
101,153,206,98
99,173,214,78
95,174,215,69
93,172,215,74
88,170,224,73
90,168,220,79
93,167,226,71
92,163,222,79
96,160,214,82
99,149,205,98
101,146,184,99
106,143,171,109
111,140,172,122
111,147,175,119
113,152,183,118
115,156,195,120
130,153,166,121
136,156,156,123
145,153,148,129
149,155,143,133
149,157,143,133
148,155,158,129
149,154,155,141
152,153,158,137
152,151,157,138
148,157,166,136
150,149,168,146
148,144,184,156
152,149,173,145
149,149,168,141
149,151,174,137
149,153,178,134
144,154,196,140
142,157,203,130
140,158,207,129
137,160,219,120
131,161,220,110
131,162,221,110
127,162,222,104
123,164,227,96
128,158,225,96
120,163,227,85
121,160,232,84
123,160,228,81
119,158,234,76
122,156,234,78
120,153,234,77
119,161,230,69
125,154,227,74
126,149,231,82
121,151,232,79
120,154,236,77
125,148,229,83
120,144,229,86
122,145,225,87
115,142,231,91
117,147,229,87
126,144,218,86
122,141,220,90
125,142,217,91
127,145,218,85
127,144,216,88
126,145,213,85
126,144,216,87
128,143,214,82
124,140,218,93
132,139,208,89
132,139,209,88
133,137,203,93
136,127,199,104
131,124,204,108
129,127,208,107
128,124,205,109
133,118,197,112
130,122,190,109
132,119,191,116
130,116,190,121
127,114,190,134
132,112,185,138
135,118,191,136
127,117,190,140
130,115,190,147
140,117,186,148
138,123,179,143
139,130,184,137
142,143,172,125
144,130,176,134
149,136,159,131
154,135,167,131
152,132,167,135
157,130,155,135
158,134,144,132
156,132,156,127
154,132,158,126
153,133,155,124
152,133,171,126
154,136,149,126
151,134,176,125
150,131,177,128
147,134,187,125
146,133,190,125
145,129,193,129
146,129,196,131
146,127,197,132
141,130,197,127
141,130,197,130
140,133,199,125
142,130,193,133
138,129,195,134
141,127,190,132
138,126,192,134
140,128,186,131
137,127,192,135
136,131,190,131
134,128,196,128
133,126,202,131
133,127,204,131
135,124,204,132
134,126,206,131
134,126,205,133
136,130,207,125
134,133,208,113
128,159,218,86
115,167,233,89
115,170,227,88
110,172,232,89
113,175,226,87
110,182,226,80
107,187,230,66
107,197,227,57
109,200,228,50
110,198,226,52
110,200,228,51
116,201,222,50
142,201,199,52
110,189,223,61
134,187,206,61
124,184,200,56
113,179,217,60
105,175,211,60
105,174,204,60
106,167,188,62
115,166,200,69
114,162,190,68
123,158,193,77
118,152,203,96
125,151,197,116
133,139,184,135
134,129,188,148
141,122,188,154
148,130,169,148
152,125,167,153
155,123,164,158
159,136,151,141
160,134,135,147
159,129,134,155
162,126,135,159
160,122,143,162
162,128,141,153
156,125,150,157
149,119,168,166
150,118,176,171
147,117,178,175
146,115,180,171
145,115,178,169
136,115,192,165
138,115,192,169
137,118,190,155
133,118,193,155
129,116,195,160
124,120,200,155
121,122,198,148
129,124,185,142
131,129,177,131
132,126,180,132
134,127,185,135
129,127,189,144
134,132,171,145
135,128,173,148
130,131,186,147
133,128,182,140
143,127,174,146
145,124,176,149
149,132,169,142
149,125,166,151
155,122,163,158
162,115,160,170
161,126,150,168
163,118,156,175
168,117,145,181
169,116,150,189
171,115,152,193
172,115,151,195
169,117,150,225
166,118,159,223
171,118,148,181
171,117,154,184
170,117,158,187
164,117,165,180
169,113,160,186
168,112,161,188
169,115,158,184
169,114,159,182
173,113,157,188
171,116,160,182
162,113,171,177
163,110,173,180
155,134,192,155
154,153,207,133
161,175,185,113
159,183,190,101
152,185,202,101
155,189,197,101
156,191,200,100
154,195,210,107
154,201,209,102
150,201,205,93
148,202,209,106
152,204,203,109
152,211,205,113
156,211,198,121
157,213,201,137
156,217,203,139
155,223,205,127
159,224,205,129
155,229,206,114
160,236,205,120
160,233,212,115
161,235,213,120
164,237,214,116
170,241,214,115
176,237,213,113
167,231,222,121
177,222,223,126
169,209,236,118
172,199,247,129
171,176,254,145
164,144,261,170
168,121,254,196
163,97,248,197
177,86,216,188
205,55,169,212
198,49,158,217
182,48,155,220
175,46,152,219
165,51,148,205
158,60,149,197
146,75,145,190
139,86,155,197
132,105,159,176
115,112,175,189
102,132,190,182
97,159,181,166
92,196,183,140
95,223,162,124
93,237,157,120
83,236,159,122
75,241,171,119
61,234,184,127
55,237,190,123
51,245,193,115
50,249,186,107
51,251,191,110
53,257,204,101
54,258,217,96
62,271,218,90
72,269,219,88
92,274,224,88
105,276,223,86
136,292,210,66
147,290,215,70
160,281,211,75
164,266,225,87
170,252,231,103
166,234,255,124
162,225,262,127
166,212,263,140
167,203,263,148
169,202,269,145
174,202,258,132
177,203,242,136
169,204,251,120
166,203,246,123
162,204,242,125
146,203,238,131
134,202,245,132
118,200,250,131
106,186,246,154
94,190,252,146
82,183,253,159
73,182,260,160
65,180,257,165
63,180,256,161
55,173,256,172
52,170,267,173
47,172,267,175
53,168,256,175
44,168,276,177
46,173,260,175
48,169,263,169
52,165,261,176
54,168,255,168
59,162,249,175
67,153,248,181
70,164,217,163
77,156,216,167
81,142,219,189
86,135,222,196
91,116,237,221
101,116,215,219
105,122,214,215
111,124,206,211
121,121,181,221
121,116,178,216
129,115,190,220
134,122,169,231
146,116,159,232
153,113,148,233
155,108,144,237
164,111,127,237
161,107,149,250
172,93,129,265
170,75,132,259
169,107,135,246
157,100,137,220
171,107,114,226
158,101,121,192
187,107,115,205
160,85,147,221
153,104,155,216
176,109,117,234
166,99,131,207
172,112,124,215
181,115,121,239
173,111,140,240
150,100,160,220
164,112,146,249
166,104,153,254
169,100,147,262
182,103,135,236
189,110,135,242
187,110,137,228
190,111,142,204
192,115,147,198
197,111,145,195
193,113,149,188
194,116,155,187
192,112,167,188
195,116,160,180
190,111,165,188
191,119,169,173
180,116,179,184
173,123,184,172
170,120,197,173
158,122,212,167
149,131,225,162
148,129,234,168
142,128,244,173
143,136,237,166
148,134,244,177
142,139,245,179
144,139,248,171
145,137,252,171
157,139,243,177
157,133,235,212
164,127,231,218
163,131,236,213
167,140,224,201
171,144,230,202
173,136,233,205
164,155,239,186
173,140,235,203
173,162,249,172
180,161,231,185
176,163,240,182
177,167,239,178
179,170,233,175
177,172,226,171
172,175,229,170
167,180,236,157
166,182,235,159
164,181,232,162
160,180,235,160
154,188,235,157
149,189,233,162
146,188,225,159
141,188,223,159
142,201,210,150
138,201,217,131
138,200,212,139
133,203,209,144
130,201,210,141
123,202,211,148
116,195,217,154
112,196,215,157
110,191,202,160
100,184,215,164
102,179,222,176
94,184,218,168
101,185,204,171
103,184,192,162
104,180,198,178
113,182,180,165
115,179,181,175
128,171,171,184
139,152,178,203
155,119,166,235
165,115,153,241
170,110,148,248
169,108,148,245
160,108,152,253
147,106,169,244
141,107,176,240
121,120,204,230
107,154,198,190
99,169,206,172
95,165,213,163
93,161,223,170
89,162,222,162
79,153,237,173
84,152,238,181
81,144,242,181
79,133,249,207
73,142,258,180
77,139,252,192
73,126,258,203
73,130,255,197
74,126,258,208
75,113,249,209
85,117,232,214
86,114,213,203
87,108,225,215
92,115,208,218
91,108,219,224
95,113,216,232
95,114,213,227
104,108,210,232
102,107,222,236
104,106,213,229
108,110,216,235
114,106,216,236
116,113,201,230
122,103,210,233
124,112,196,226
131,105,197,240
128,108,205,201
139,113,196,193
141,106,195,227
147,111,188,219
150,106,182,235
153,108,182,239
165,111,165,238
176,111,148,242
177,109,151,240
177,113,163,240
181,112,167,239
184,113,165,235
190,134,161,224
191,126,159,229
193,120,161,219
190,121,161,233
193,114,156,229
192,119,155,233
191,117,149,238
189,116,155,245
187,122,156,238
187,110,152,235
192,113,132,243
197,115,161,247
190,114,155,237
192,117,154,238
190,117,188,224
185,122,197,198
183,119,231,178
184,123,226,156
182,121,242,157
183,122,238,148
185,124,235,146
184,119,252,148
185,127,253,139
188,133,259,129
193,136,256,125
211,143,241,115
207,145,246,111
212,143,246,113
214,142,250,112
216,143,250,108
225,144,239,107
222,141,241,108
221,144,247,102
216,142,253,101
221,144,252,97
229,138,237,100
236,138,228,98
233,132,224,100
230,129,231,102
227,117,243,112
225,115,243,113
222,114,244,113
204,108,266,110
203,106,261,116
212,105,242,118
209,100,241,121
219,98,226,128
220,100,215,125
219,98,211,123
216,100,217,126
219,97,215,125
217,103,213,119
214,103,215,114
216,107,211,115
213,101,223,124
213,103,216,124
211,103,218,125
207,102,216,123
206,106,212,123
206,101,218,124
209,107,205,120
201,107,206,123
206,107,206,120
202,114,202,113
198,111,204,122
190,118,208,117
186,110,206,131
180,102,208,135
175,116,204,132
181,110,201,135
173,120,196,134
174,115,196,131
170,115,191,135
168,118,184,135
161,116,196,136
158,120,193,135
153,118,204,133
144,120,207,132
142,115,211,132
132,118,221,126
131,116,223,117
126,113,229,119
121,113,231,116
113,106,251,152
115,106,245,144
109,102,249,151
154,107,241,134
98,96,260,147
94,92,257,138
94,82,252,132
90,68,253,137
84,59,260,155
80,46,262,157
72,42,274,165
72,43,265,167
68,34,278,178
67,27,271,192
66,28,274,195
63,25,263,196
62,22,272,197
54,19,276,201
57,16,276,207
50,15,288,200
47,19,289,209
49,16,287,209
46,21,293,211
44,25,295,204
43,34,295,193
37,39,295,195
39,53,296,176
32,60,299,176
36,67,296,174
33,75,296,169
36,86,307,166
30,91,309,160
31,99,299,162
42,100,304,164
36,109,291,153
53,117,294,135
57,116,286,143
57,117,302,147
68,116,276,157
74,118,282,153
71,124,283,153
76,121,281,154
83,116,279,157
87,117,285,159
94,118,285,160
100,119,273,152
104,118,275,158
103,115,291,153
104,118,293,155
103,115,293,161
107,114,290,157
110,113,287,163
105,107,293,163
105,113,286,164
112,108,280,161
113,111,291,160
112,105,295,162
109,107,287,166
108,104,298,164
103,99,301,170
98,102,295,168
94,100,303,169
87,99,308,173
83,97,317,174
77,101,320,172
73,103,324,177
75,92,305,194
72,92,321,206
63,84,329,218
55,82,329,229
54,78,317,240
52,76,324,237
46,71,326,243
49,75,309,239
57,61,274,254
66,53,247,271
67,44,238,273
68,41,237,281
73,27,229,294
74,41,211,286
83,51,186,273
93,41,148,278
93,25,148,295
90,49,157,269
100,34,139,286
105,27,129,289
97,36,146,285
100,26,143,288
92,28,166,293
88,26,182,300
80,19,210,309
79,25,223,293
69,22,245,297
61,31,254,285
69,19,252,300
60,26,265,286
64,23,266,291
68,27,259,272
73,29,254,254
66,37,256,259
62,31,265,255
69,49,233,229
71,59,223,220
77,66,208,205
81,72,207,201
84,71,199,195
86,74,191,192
86,81,183,172
84,93,200,165
82,91,226,171
79,99,229,164
78,99,233,162
73,106,241,161
73,106,246,164
69,111,260,163
70,108,262,165
72,112,259,164
70,111,258,159
64,115,268,164
58,109,278,163
56,109,285,165
55,115,286,159
51,116,286,155
44,110,289,162
46,109,289,162
38,112,294,155
31,114,307,149
25,113,318,143
14,114,323,136
6,111,335,134
0,115,342,124
0,111,340,122
-2,116,336,106
3,106,314,101
3,100,302,104
-1,102,304,98
3,100,288,99
-1,104,294,95
2,101,280,98
3,106,283,98
0,108,279,93
2,106,283,109
0,113,289,109
-4,106,298,122
2,108,294,130
1,105,293,141
0,102,303,146
-3,103,296,144
0,109,303,143
0,104,304,148
-2,98,294,150
5,97,302,146
8,96,335,143
9,95,365,145
14,90,367,150
18,91,354,151
31,93,343,148
37,91,340,150
44,91,336,159
50,91,335,160
62,95,320,169
66,96,319,164
75,103,310,163
76,102,293,170
79,107,282,164
84,110,259,164
92,114,233,156
95,113,238,157
99,110,248,160
108,106,209,163
111,107,211,153
116,108,208,154
116,106,208,149
116,107,205,145
119,107,188,142
121,107,195,138
122,102,196,147
125,97,192,148
128,96,181,153
129,106,173,145
128,95,183,160
122,106,191,155
121,110,190,156
119,107,197,164
115,109,200,162
113,119,204,155
114,112,200,156
109,120,206,148
104,122,208,145
98,115,223,152
97,115,215,158
99,122,216,140
101,126,220,137
104,127,216,140
107,132,215,131
107,130,218,136
109,123,215,146
111,126,218,145
112,129,214,140
119,127,207,139
123,133,206,127
121,133,204,131
131,135,198,125
132,137,193,127
133,135,198,130
133,145,197,123
132,146,202,127
132,154,204,114
137,153,196,118
136,155,194,116
139,162,189,106
142,156,188,111
139,156,194,112
138,153,197,114
138,147,198,118
142,151,194,110
145,147,189,108
150,145,188,109
149,143,194,112
152,142,188,111
162,142,180,108
170,141,177,107
176,144,175,101
181,144,173,100
189,142,171,97
194,142,168,95
199,141,167,94
200,139,170,92
207,138,162,91
206,136,163,93
211,138,163,90
206,136,168,88
211,136,167,93
216,132,164,89
216,133,161,94
216,134,159,93
213,132,166,93
208,137,172,89
206,132,175,95
198,138,184,94
201,133,178,98
204,138,174,87
199,139,180,94
203,137,177,93
200,136,183,94
196,135,190,98
199,138,185,95
217,137,173,95
204,136,186,96
215,133,181,101
205,136,191,99
243,136,159,101
251,137,150,95
272,136,135,98
280,138,126,100
287,137,118,94
296,142,111,97
298,142,105,93
301,150,106,86
301,149,102,81
300,153,98,85
296,149,102,87
297,150,98,85
295,148,98,88
296,147,93,90
297,150,88,85
299,150,81,84
301,146,81,90
303,145,82,92
303,145,79,92
301,144,83,97
302,142,83,96
301,144,78,96
301,142,74,100
300,144,74,93
301,143,71,92
301,143,70,97
304,141,75,97
309,142,72,96
307,138,68,109
303,140,75,104
304,140,71,109
301,141,80,109
301,139,82,111
302,138,77,110
299,143,84,106
298,139,88,109
299,141,84,100
299,139,84,105
295,148,88,89
284,148,101,91
276,148,105,92
273,149,107,90
262,156,119,83
261,159,123,83
257,157,128,84
252,160,132,84
249,158,139,84
244,158,146,84
234,163,156,84
234,163,153,85
228,163,159,87
229,164,163,85
232,170,158,78
222,169,166,85
231,166,160,81
224,166,169,88
231,165,164,85
230,168,161,82
238,164,162,87
234,166,164,89
240,166,156,90
243,164,152,89
247,166,150,91
242,164,152,91
243,163,146,94
251,165,139,95
248,163,138,97
241,164,141,100
244,167,137,94
243,168,131,95
234,164,135,97
265,163,110,101
269,167,93,99
275,165,81,100
280,170,70,96
290,170,65,102
295,173,54,100
301,176,41,102
305,176,33,99
308,179,35,99
306,178,42,98
304,176,52,100
304,176,59,98
303,176,64,97
299,174,73,99
295,177,79,93
292,176,85,93
287,176,92,90
285,177,94,88
280,180,90,84
279,182,93,84
276,180,98,83
271,182,107,84
263,179,124,92
260,180,128,89
254,179,138,88
254,180,143,92
244,180,154,85
247,176,148,89
241,175,156,86
240,176,157,84
234,174,160,89
239,171,156,86
228,165,170,88
222,159,174,91
224,156,171,94
221,154,174,89
223,155,172,90
222,146,174,91
228,147,168,84
222,143,174,89
221,140,172,88
218,136,179,92
222,144,170,83
223,139,170,87
223,137,174,88
218,137,178,86
221,143,177,81
220,139,175,86
227,141,167,83
220,143,175,79
217,141,182,83
224,147,177,75
222,143,176,80
222,140,177,82
218,145,183,79
220,142,184,80
221,147,183,74
225,144,178,79
225,149,181,74
220,148,187,74
227,153,183,69
221,151,189,69
218,151,193,70
199,154,212,62
200,153,213,58
221,151,191,60
220,152,190,59
223,151,188,55
223,153,191,58
215,153,195,54
219,154,191,51
220,153,191,50
222,155,190,46
232,156,179,42
237,158,176,41
241,158,170,39
240,160,170,38
235,159,175,36
237,160,171,34
242,161,166,32
240,160,167,33
242,160,164,32
240,159,161,32
242,158,163,33
240,154,161,36
239,156,165,34
240,154,161,35
241,152,160,36
240,152,161,35
239,151,161,35
237,152,162,34
238,147,153,40
241,140,158,50
240,137,170,57
237,131,176,65
236,133,183,64
239,130,179,71
238,130,177,78
242,128,176,82
242,128,172,92
247,131,168,90
246,135,167,92
242,139,175,90
247,145,167,89
244,142,167,91
243,140,169,90
244,139,164,91
244,138,166,91
244,135,163,90
248,133,158,92
250,133,152,89
250,136,161,86
250,138,154,87
254,139,155,85
245,142,166,84
249,143,160,83
250,143,161,85
250,146,158,84
254,147,153,84
253,150,156,79
246,151,167,78
249,151,164,75
246,153,166,73
245,154,169,71
251,156,169,69
250,157,165,66
253,159,167,67
252,163,169,61
251,163,175,60
252,169,175,57
254,171,171,49
252,176,175,44
255,179,172,41
253,182,172,37
254,185,174,33
253,187,175,34
249,190,180,34
250,193,177,35
251,195,176,32
250,197,177,32
251,199,177,34
257,201,174,32
254,196,172,41
255,198,168,42
254,194,168,49
253,193,170,52
255,192,167,53
252,194,168,54
251,195,170,55
248,189,174,63
250,191,170,64
255,190,169,67
245,184,175,75
250,182,170,77
246,176,175,92
251,170,164,95
251,172,169,92
246,169,174,97
249,168,168,97
252,166,168,104
254,168,165,101
240,160,180,115
233,165,187,108
231,162,183,110
233,156,180,117
228,159,183,120
224,163,183,113
222,159,183,120
223,160,179,123
222,166,179,119
214,161,183,130
215,166,180,127
209,164,187,139
210,165,186,142
209,168,178,141
209,167,177,144
207,171,175,147
204,172,171,148
205,175,163,145
205,175,165,147
204,177,157,145
205,179,155,153
204,182,151,156
204,180,142,138
205,175,152,148
203,179,144,145
203,177,137,177
202,157,130,165
202,173,138,169
204,179,133,161
202,171,142,146
201,177,141,136
202,175,145,139
200,179,146,134
200,177,155,137
201,178,141,141
206,175,138,153
200,174,149,161
204,170,135,182
203,148,140,185
204,162,143,192
206,166,134,189
201,135,147,207
204,151,138,201
205,163,142,193
203,139,146,181
203,149,153,190
201,156,157,182
197,146,167,168
201,150,161,138
202,138,153,133
199,147,163,127
201,135,158,136
198,137,161,132
198,128,146,124
198,130,151,131
204,125,135,134
198,125,145,129
198,124,148,127
200,122,133,125
197,125,145,117
200,129,139,109
198,128,135,110
201,126,138,113
201,123,136,114
201,120,135,112
202,148,124,90
212,159,113,76
226,164,98,74
224,171,106,73
232,177,99,73
231,185,103,68
231,188,106,71
231,185,110,74
234,189,109,68
242,182,102,86
239,185,109,84
238,182,106,93
238,182,104,95
237,185,108,100
237,188,108,99
237,184,110,109
233,180,110,116
221,180,123,127
211,189,137,126
208,187,150,128
209,186,150,129
209,183,151,138
212,185,147,137
212,187,153,134
212,184,158,138
215,185,156,137
210,179,160,146
213,178,164,147
211,179,166,148
211,176,169,156
211,175,164,164
212,176,168,148
206,182,183,143
209,178,174,146
207,181,183,138
207,178,189,144
208,177,183,138
208,175,188,141
209,172,192,142
209,173,192,137
211,175,194,138
209,171,191,140
210,169,194,138
214,168,186,134
208,166,194,136
211,162,189,139
212,159,183,138
215,161,174,126
211,155,177,133
214,152,166,127
209,145,173,136
208,147,170,129
209,140,168,139
210,143,165,134
209,134,165,139
208,138,163,129
211,144,155,119
211,142,158,117
210,138,156,125
206,135,155,124
202,127,160,135
204,123,155,133
203,120,153,132
217,145,135,112
220,153,129,108
227,154,119,107
237,159,109,101
245,165,100,96
241,170,99,92
255,169,87,94
264,168,77,90
271,165,68,95
275,165,63,92
279,166,53,90
286,161,43,91
295,160,33,88
293,160,41,91
290,165,48,88
291,173,56,93
287,171,57,110
287,172,62,122
288,170,55,123
290,168,52,125
290,165,55,127
288,164,61,126
287,162,67,129
283,158,58,131
280,159,58,127
278,153,71,133
278,144,86,139
269,141,106,135
257,132,124,146
246,129,143,136
221,125,162,135
211,118,177,140
213,113,172,142
212,111,173,138
209,107,178,138
209,105,170,137
243,109,141,133
238,100,142,140
228,103,152,134
210,106,170,127
243,101,144,134
234,102,151,138
213,102,170,138
225,105,188,129
210,94,171,140
257,91,157,143
276,96,113,140
281,92,97,144
279,93,94,143
282,93,90,144
277,96,101,140
279,95,98,140
288,96,86,138
291,95,83,138
291,94,84,136
291,96,83,137
293,94,79,135
296,96,77,136
296,90,62,139
297,89,56,140
307,88,46,139
278,133,55,123
281,104,42,127
312,82,30,143
290,119,35,133
283,119,34,111
280,130,25,97
290,141,22,85
290,142,25,83
292,142,27,84
296,149,27,76
298,165,28,64
297,165,33,65
295,175,39,56
302,183,42,47
297,185,48,49
298,179,50,53
296,185,51,51
316,179,45,50
285,167,45,55
269,155,42,48
268,157,43,45
279,164,38,52
327,153,46,61
262,158,52,52
259,158,53,53
254,158,54,50
260,157,62,53
243,161,51,42
285,155,48,52
282,165,50,53
269,159,55,57
254,157,67,64
239,158,79,65
236,157,77,62
236,173,71,47
236,178,67,40
229,174,69,47
232,183,58,52
236,182,53,47
238,182,45,47
240,181,40,50
245,191,38,43
243,192,47,42
246,197,55,42
216,235,58,50
215,225,61,55
230,236,68,70
226,232,78,80
250,227,98,87
260,216,108,90
255,206,133,85
239,189,161,97
242,175,167,106
251,154,173,120
273,140,158,138
279,130,165,144
297,130,148,149
302,129,146,156
305,135,139,154
302,145,143,157
300,154,147,159
294,170,148,148
279,183,152,141
275,204,145,122
236,218,163,121
212,220,176,119
204,219,170,130
196,211,182,141
187,200,196,149
164,220,156,135
155,238,147,120
148,236,132,118
142,237,133,115
141,236,131,119
141,234,136,119
144,240,144,115
152,242,131,114
164,250,145,103
180,245,148,112
200,232,162,126
213,231,173,126
231,232,181,104
226,210,203,99
269,170,181,119
297,125,167,141
314,89,159,146
334,49,133,176
349,24,111,164
352,1,99,168
349,3,98,150
350,7,104,140
348,10,111,134
328,5,116,143
303,0,135,151
285,4,142,156
286,8,137,165
280,25,124,162
279,44,93,167
276,55,70,191
274,95,59,177
267,124,41,182
249,156,47,177
212,201,67,167
187,210,67,153
172,225,74,131
163,226,86,136
161,225,81,132
160,224,87,136
165,221,75,135
171,222,64,140
175,220,57,126
177,227,58,122
187,234,41,124
191,240,34,115
196,247,28,110
195,279,34,97
195,280,35,79
195,293,34,63
193,296,43,59
189,293,52,63
187,297,48,62
200,286,40,71
209,287,42,70
219,283,42,71
238,292,42,67
256,239,37,78
194,271,43,65
208,254,48,68
197,250,60,68
193,253,74,58
203,250,87,64
197,243,89,68
193,256,101,85
186,245,122,98
172,241,147,113
160,240,176,117
134,244,199,114
133,252,203,107
136,254,192,104
133,251,204,106
134,251,201,107
112,241,224,118
134,110,200,119
137,111,195,108
138,112,191,107
174,227,160,125
173,219,145,136
168,223,151,126
158,226,164,117
156,228,175,109
152,226,187,113
149,227,204,120
149,226,211,119
146,220,229,130
152,218,223,129
156,215,227,122
165,205,223,146
167,203,230,125
166,198,231,115
159,185,241,125
166,180,241,125
172,176,240,127
165,161,252,130
161,149,265,145
158,135,274,150
160,125,285,154
151,120,285,155
139,112,302,162
119,120,307,168
114,129,306,165
109,144,299,163
87,154,315,175
66,179,329,168
44,203,355,143
21,223,364,135
5,242,350,116
30,240,380,112
30,240,380,112
11,128,324,164
13,114,284,209
15,106,250,251
14,102,248,254
7,111,258,236
14,108,234,244
13,120,231,234
14,121,237,236
9,125,261,232
7,138,264,204
11,138,275,209
6,136,289,213
6,128,301,224
7,118,312,240
7,126,326,225
3,117,343,227
1,102,335,239
8,103,324,254
28,110,304,247
35,123,285,235
17,123,294,239
17,123,271,233
15,135,253,232
3,154,242,212
215,212,224,149
191,219,246,119
174,221,258,95
146,222,285,92
120,218,313,97
138,218,304,108
161,224,276,89
154,219,279,106
183,220,257,96
169,223,262,99
165,222,255,94
157,221,269,97
134,218,301,101
172,220,270,111
153,221,283,99
114,220,320,89
136,220,308,102
155,218,286,112
186,214,257,136
193,222,245,110
189,220,243,108
188,222,235,98
188,221,242,99
185,223,247,97
169,221,267,100
195,221,241,108
197,224,238,91
192,223,242,94
190,220,239,101
196,222,242,97
187,223,246,96
