400,179,58,54
397,179,58,55
396,179,58,56
395,179,57,56
392,181,55,54
392,180,54,56
391,181,54,55
388,183,54,54
385,182,54,56
384,181,50,56
382,179,52,57
377,178,55,58
376,175,55,55
374,171,50,52
370,167,53,51
370,162,51,50
368,158,51,50
366,155,51,51
366,152,50,50
365,152,50,51
363,154,52,50
362,156,55,52
362,158,56,52
365,160,56,54
366,161,55,54
369,164,56,53
371,167,56,53
373,170,60,55
378,173,57,51
384,176,55,51
388,178,55,49
393,181,52,50
396,184,54,50
399,186,50,49
403,188,49,47
405,188,50,48
407,187,50,48
408,185,45,47
404,177,54,53
403,174,55,53
403,172,53,51
402,170,49,50
401,169,51,48
400,169,49,47
400,170,45,45
397,171,49,47
399,174,46,46
398,175,47,48
400,178,48,51
401,183,47,51
398,185,51,51
398,188,54,51
402,192,52,50
403,191,51,51
406,190,51,53
407,191,52,52
410,193,51,51
411,193,55,53
415,191,58,54
421,191,58,55
426,191,61,53
432,193,64,53
440,194,66,56
451,197,64,55
462,196,62,60
472,198,61,56
478,198,64,55
484,197,67,55
492,198,66,53
500,195,66,56
502,194,69,55
508,194,67,55
509,195,68,53
509,193,66,56
506,195,67,53
502,197,67,52
498,197,59,50
490,200,52,48
483,202,50,47
474,202,50,45
466,206,46,40
451,205,48,42
439,205,46,45
428,203,46,45
418,201,45,49
408,199,44,46
398,199,45,47
395,199,41,42
389,199,37,42
386,200,37,39
381,201,36,39
381,199,38,40
381,198,39,46
385,199,39,43
389,197,44,42
395,197,48,43
406,196,47,47
416,195,47,48
428,198,55,49
441,199,59,54
464,200,54,51
478,200,57,51
494,198,63,53
509,194,69,57
527,189,66,58
542,183,68,58
558,180,63,56
568,172,63,59
573,166,63,64
577,163,59,62
580,163,58,61
576,162,57,62
576,164,58,61
567,169,62,62
559,173,65,66
546,183,63,63
531,191,66,65
512,201,66,62
489,209,71,63
473,219,62,55
443,224,69,54
421,229,63,52
404,231,57,49
389,228,50,54
371,229,45,48
353,227,43,47
339,225,39,44
329,218,40,44
311,213,50,46
303,210,47,40
297,206,45,41
294,205,41,39
292,202,39,41
291,204,40,40
293,206,41,40
295,209,42,42
301,214,45,41
307,217,50,43
316,226,49,39
331,228,45,44
346,233,39,42
365,237,32,44
383,238,30,40
398,238,34,43
412,238,41,42
422,237,48,46
437,234,53,48
452,231,57,47
470,226,48,45
483,221,49,46
491,216,50,44
498,212,48,45
502,207,48,46
505,205,50,44
504,203,49,44
502,202,49,47
498,204,48,47
489,209,49,45
481,212,48,46
469,217,55,46
453,224,55,45
436,230,54,45
421,235,49,44
404,238,51,43
395,238,42,44
378,240,36,38
359,241,36,42
342,238,39,41
325,227,42,45
308,220,46,46
296,214,50,45
288,204,44,51
283,198,41,48
280,193,39,48
279,191,40,49
278,189,37,47
276,189,41,47
276,187,38,46
277,186,41,48
280,188,40,46
285,190,39,49
292,194,39,49
298,199,48,51
307,205,48,50
325,216,42,44
341,225,38,43
357,229,39,43
379,234,42,40
394,234,46,39
401,234,56,42
419,231,64,45
436,231,71,44
451,233,74,41
476,231,65,39
494,230,61,41
511,233,63,45
530,241,60,47
546,248,55,54
565,261,52,60
577,277,39,50
584,289,34,49
587,307,29,45
603,314,25,40
603,314,25,40
603,314,25,40
603,314,25,40
603,314,25,40
603,314,25,40
603,314,25,40
603,314,25,40
603,314,25,40
603,314,25,40
603,314,25,40
603,314,25,40
603,314,25,40
591,303,19,41
585,296,21,45
577,292,27,44
568,289,31,45
557,286,39,44
545,279,47,46
531,276,57,45
513,272,64,48
498,270,65,46
479,269,65,44
453,266,68,43
431,263,67,43
410,256,63,48
402,248,51,48
390,238,39,52
369,235,35,50
349,224,37,49
331,212,41,46
302,202,52,42
290,189,53,47
282,178,52,47
274,168,54,47
271,162,51,48
269,155,51,49
271,151,49,50
273,151,51,49
280,151,48,47
290,155,44,47
298,162,46,45
311,169,45,40
329,176,43,39
353,217,38,29
362,192,42,35
376,190,46,43
393,190,52,48
415,186,47,54
431,182,50,55
449,174,49,50
462,165,50,54
470,159,53,50
475,152,57,47
479,146,56,44
483,141,56,42
482,136,54,42
484,132,52,41
481,130,52,42
476,128,53,44
471,129,52,41
462,130,53,41
452,133,51,40
438,136,49,40
426,138,48,39
412,140,45,40
400,140,43,40
386,137,42,41
371,134,42,39
361,128,43,41
350,121,43,41
342,110,44,44
335,101,44,44
331,95,46,43
328,88,44,43
326,83,44,43
329,79,41,45
331,77,40,43
335,75,39,44
338,76,40,43
343,77,41,42
351,80,40,41
362,83,41,40
373,85,40,38
387,87,40,39
400,89,41,37
410,90,44,42
423,90,46,41
431,85,57,44
449,81,56,46
459,72,52,50
468,66,49,48
472,60,52,46
479,55,49,43
479,52,51,46
481,47,52,44
482,47,50,43
482,42,52,47
480,38,53,50
476,36,52,54
473,36,52,55
467,40,51,55
456,43,59,58
448,49,55,57
433,54,59,55
420,59,59,55
407,65,59,47
393,71,50,42
382,72,49,41
372,74,47,39
363,75,48,40
356,75,48,40
350,74,47,39
348,75,44,38
346,74,44,38
346,72,42,39
350,71,41,40
354,70,40,43
361,70,41,46
367,72,42,48
373,78,42,47
381,81,44,47
389,87,44,46
398,96,48,43
408,106,53,42
422,119,49,37
437,126,47,40
453,132,46,40
468,137,41,38
479,142,43,37
485,144,49,42
494,147,50,43
499,150,51,47
499,153,55,49
500,159,57,48
498,163,59,50
494,171,61,49
491,179,61,47
485,188,60,47
476,197,63,50
467,207,61,54
453,222,55,49
439,234,58,51
427,243,59,53
417,252,56,52
409,258,54,52
401,262,50,49
391,262,52,49
386,262,50,48
378,261,53,46
373,262,57,46
374,261,52,46
376,262,50,46
378,264,51,47
382,266,50,47
389,270,46,43
398,272,47,42
407,274,48,43
419,275,50,43
431,275,56,41
444,273,62,40
473,266,50,47
485,260,54,49
496,252,59,51
511,245,60,50
524,236,56,48
534,227,53,47
541,218,52,46
549,211,46,44
556,204,43,43
555,198,46,42
553,196,49,42
552,192,49,48
549,193,49,50
544,197,51,50
535,200,53,53
523,206,57,54
507,214,63,51
491,219,60,53
474,224,59,51
458,228,55,50
431,230,58,51
412,230,51,47
397,221,42,54
380,213,40,52
360,204,41,52
343,193,39,52
324,177,45,52
315,167,45,52
306,157,43,51
302,148,42,50
300,141,41,49
297,137,38,49
298,134,39,49
297,135,40,47
300,139,40,45
302,145,43,42
308,153,43,41
317,163,43,40
329,173,43,36
345,189,43,42
367,195,45,41
378,200,46,47
395,205,52,49
417,208,42,44
433,210,47,45
445,207,57,48
469,200,52,45
481,193,52,44
494,185,49,45
497,175,52,47
504,170,50,45
510,165,48,44
509,162,46,42
510,159,46,42
508,158,49,42
506,160,48,42
507,159,47,43
500,162,50,48
494,166,52,51
483,176,54,52
471,183,57,52
460,193,58,54
435,205,65,55
418,218,57,51
400,219,56,55
386,224,52,50
365,229,45,44
348,226,42,48
337,225,33,39
312,217,38,39
301,209,38,40
292,203,38,41
287,196,42,43
281,191,45,44
278,187,46,45
278,184,45,48
279,185,47,47
281,186,48,49
284,190,46,47
289,199,53,44
298,207,55,44
310,215,59,45
331,224,50,45
349,232,47,47
368,239,40,48
390,242,37,50
407,241,45,55
417,245,49,53
429,246,63,53
443,244,67,51
455,242,69,50
472,238,62,47
482,233,61,45
489,229,56,45
493,226,56,43
497,221,53,42
495,217,55,45
493,216,51,43
489,215,49,45
484,216,45,44
476,218,44,44
469,222,41,42
451,225,45,43
435,229,49,46
420,235,49,43
404,236,49,43
394,236,40,45
377,238,36,40
358,234,36,42
340,231,39,40
317,224,45,39
300,215,50,42
288,208,50,47
282,199,45,50
274,195,43,49
270,188,43,53
269,185,41,52
268,184,42,51
270,184,42,53
272,185,43,50
277,191,44,49
284,196,42,51
291,202,41,54
304,209,44,53
315,222,55,46
339,230,44,47
359,234,41,49
379,237,39,44
399,237,39,42
410,234,47,46
420,232,52,46
434,223,59,52
447,217,62,49
464,208,52,53
471,202,54,52
475,197,53,50
480,191,53,50
480,188,52,50
477,187,55,46
475,186,51,46
472,189,49,43
466,194,45,42
453,199,52,43
438,206,53,43
425,211,46,48
409,214,51,54
394,217,47,50
374,218,47,54
353,222,43,51
334,217,43,46
299,207,44,43
282,193,50,45
267,177,59,48
257,161,56,46
247,144,55,48
243,132,53,47
237,118,53,47
237,108,51,46
236,99,52,49
240,92,48,48
242,89,49,45
246,88,52,44
252,90,51,44
260,94,49,43
271,97,47,47
286,102,45,44
301,105,44,44
319,109,41,43
340,111,42,41
357,111,47,42
372,107,47,39
388,100,52,38
407,92,48,39
421,79,48,43
436,69,44,46
448,58,44,45
450,59,42,40
456,50,42,43
458,49,43,44
463,41,46,43
469,35,45,49
470,31,47,52
471,30,50,52
470,30,51,53
467,32,52,55
466,38,50,51
461,44,51,50
450,51,55,49
439,58,57,44
421,62,61,45
405,63,64,46
385,62,59,47
373,60,50,47
358,57,49,51
343,54,51,50
330,48,47,50
318,42,49,50
312,38,46,50
304,36,46,47
301,33,46,48
299,32,46,46
301,30,46,48
303,30,46,49
309,31,44,51
320,35,43,52
328,38,43,55
340,46,45,53
353,53,47,54
366,59,50,55
382,65,50,51
402,70,47,45
420,71,46,44
436,69,49,47
453,65,48,51
462,58,51,56
472,51,50,54
478,45,52,55
484,40,52,57
486,36,52,56
488,34,49,53
484,34,50,53
483,35,48,51
476,37,50,52
467,42,52,52
457,48,54,50
445,55,51,49
426,64,52,45
411,71,49,45
391,75,48,43
374,78,44,44
358,78,47,44
342,80,44,40
330,80,42,37
320,79,39,36
310,77,40,37
301,75,44,37
297,72,41,39
294,70,44,39
295,68,45,40
297,64,45,43
303,67,44,42
307,70,43,42
312,75,44,44
321,86,42,38
332,96,37,39
342,108,38,38
351,123,41,37
360,135,49,43
374,149,51,39
388,168,57,38
404,176,53,47
419,184,49,51
432,191,56,54
447,200,54,57
465,207,48,59
473,215,53,61
483,223,57,62
493,231,57,62
502,239,57,62
507,245,57,69
513,255,58,69
515,265,57,71
514,275,60,70
513,285,64,65
506,295,67,55
501,302,66,46
492,303,69,45
483,305,68,42
474,306,66,39
463,302,66,41
454,297,65,44
438,290,69,50
428,283,69,53
419,274,69,54
416,263,60,56
411,255,56,54
405,249,55,50
401,243,54,51
398,240,51,51
392,238,49,52
387,237,48,50
382,236,49,50
377,236,48,53
375,237,46,51
374,238,40,45
374,237,37,45
369,236,41,46
368,235,41,49
368,235,40,48
365,234,41,47
365,234,43,47
365,234,43,48
366,235,44,46
365,234,47,48
364,230,51,51
367,228,51,50
371,223,48,50
372,218,49,51
371,214,50,54
375,210,48,57
373,207,49,60
373,203,50,57
375,199,50,58
372,189,49,70
373,188,51,70
376,188,47,65
379,187,42,69
381,185,42,69
378,187,43,64
380,187,42,63
381,187,37,56
379,192,35,47
379,197,37,42
377,196,39,42
375,196,38,42
371,192,40,45
366,193,40,42
360,190,42,42
353,187,44,45
346,184,43,47
341,182,42,48
330,179,46,47
322,177,47,46
315,177,48,44
309,175,46,45
304,176,47,46
299,177,48,46
295,181,44,43
294,185,39,41
291,186,41,43
293,189,40,44
295,193,40,43
299,197,39,42
306,202,42,42
313,209,52,42
325,215,49,40
341,220,42,43
355,225,40,46
369,226,41,47
383,227,45,51
398,228,47,51
408,228,52,48
423,226,49,51
436,222,52,51
449,219,48,50
461,215,45,50
469,211,45,50
474,208,46,50
475,207,47,50
477,205,49,52
478,206,50,53
475,210,53,54
472,215,51,55
469,222,52,58
465,228,52,58
449,240,61,58
435,247,68,57
427,253,63,58
420,258,59,58
410,264,58,54
402,267,53,52
395,268,49,47
386,265,47,51
377,262,48,50
372,259,44,49
368,257,42,48
366,253,38,49
364,254,37,47
363,254,36,47
359,251,40,47
357,249,42,47
359,245,40,50
357,244,42,47
359,241,41,47
360,240,40,46
364,239,39,47
366,239,39,46
370,241,37,47
375,245,35,43
376,246,41,45
379,251,41,43
382,253,42,46
385,253,45,48
390,252,45,49
393,252,47,49
397,249,50,50
399,242,56,55
401,236,60,54
407,226,59,55
405,210,61,63
404,190,64,67
405,176,64,67
405,165,63,65
400,153,70,66
398,142,66,65
395,136,66,65
391,133,66,63
386,135,71,61
382,137,68,65
378,152,66,60
373,164,68,60
370,174,62,65
370,184,55,68
369,194,52,72
365,210,53,73
365,220,45,63
366,224,40,57
362,225,42,44
366,225,36,43
367,219,34,45
369,211,33,47
366,203,36,47
364,194,36,49
366,184,35,52
367,178,37,52
369,173,34,54
371,172,35,51
373,171,37,48
375,173,38,49
375,175,37,51
376,176,39,54
377,177,39,59
380,184,39,59
383,194,42,53
385,205,46,51
389,213,46,51
392,223,51,53
397,234,56,49
399,237,59,52
402,238,64,57
404,234,67,63
411,228,67,63
412,218,65,66
412,203,71,70
413,188,73,68
414,170,72,69
412,155,76,71
407,139,81,71
407,128,79,72
406,122,81,72
402,118,81,75
400,118,79,80
397,123,77,76
393,130,78,76
391,146,71,71
388,162,66,66
386,176,65,66
385,189,61,66
384,204,57,64
384,207,55,74
383,215,51,68
380,218,49,63
379,219,47,60
380,217,45,54
380,214,44,53
379,204,46,55
378,197,45,56
377,190,45,51
378,185,44,53
378,178,41,49
379,174,40,55
380,172,38,54
380,170,42,53
381,172,41,47
382,174,43,49
384,178,43,59
380,183,49,60
387,189,47,60
387,200,48,55
389,207,49,53
392,216,51,54
391,221,55,56
390,221,61,60
392,219,60,60
392,216,64,62
395,210,63,60
393,202,63,58
390,188,59,60
391,174,58,61
389,162,60,61
389,149,60,64
389,140,64,63
387,134,66,67
387,130,67,61
387,132,67,67
389,137,63,64
387,147,62,68
389,157,62,72
389,173,64,70
392,188,56,72
393,207,58,65
395,221,54,64
394,231,53,62
395,237,50,60
396,237,46,59
394,233,45,62
394,227,43,58
394,219,43,61
393,210,40,57
392,201,37,53
392,188,35,55
390,183,39,54
390,176,38,50
390,173,36,49
390,170,39,46
390,169,38,45
390,171,36,44
389,174,39,45
388,181,40,45
390,188,39,49
392,199,40,47
393,209,41,49
396,223,43,48
397,238,50,48
401,246,53,58
402,259,61,63
403,264,68,66
410,268,66,62
412,262,74,62
417,252,80,60
419,230,83,69
422,208,85,72
420,187,82,77
421,165,84,79
420,151,82,76
419,138,79,73
418,127,76,74
417,122,75,74
416,120,74,77
413,126,72,74
410,139,74,67
408,151,71,67
404,168,73,66
402,188,66,63
403,206,59,63
401,220,54,62
401,235,52,53
397,238,50,55
395,236,46,53
391,227,46,53
388,217,45,53
389,216,43,49
386,207,43,48
385,204,44,50
382,190,46,53
381,181,46,54
379,174,47,49
381,166,44,51
381,159,42,51
383,154,42,48
382,152,45,43
384,153,43,43
384,156,44,48
386,163,43,49
388,172,44,53
387,184,44,54
392,204,39,47
394,218,39,51
397,230,41,48
398,235,42,47
397,232,47,50
404,214,42,56
406,196,41,50
401,171,44,46
418,163,36,40
384,204,33,33
385,191,27,33
381,185,27,32
381,185,27,32
381,185,27,32
381,185,27,32
381,185,27,32
381,185,27,32
381,185,27,32
412,184,24,29
412,184,24,29
412,184,24,29
412,184,24,29
412,184,24,29
359,127,29,30
356,157,29,31
369,184,29,36
384,219,30,34
409,251,38,34
429,275,38,39
447,286,47,42
470,282,61,55
487,271,69,61
502,249,79,72
512,217,91,81
520,185,95,90
527,151,98,96
524,116,105,105
524,88,108,102
514,67,112,99
507,54,115,91
495,43,122,89
490,39,115,85
481,42,115,84
473,49,110,89
464,67,109,90
456,90,113,97
451,121,105,98
441,160,103,100
436,193,97,94
427,229,92,83
416,249,90,84
414,265,76,69
408,267,67,63
404,261,62,57
402,245,55,52
400,236,52,47
399,216,43,46
395,198,42,46
392,183,43,46
391,171,42,43
390,154,40,44
390,144,38,40
388,135,43,42
388,129,43,41
388,126,45,43
388,126,45,43
389,129,42,43
391,137,41,43
394,147,38,42
396,160,37,43
397,175,40,45
396,187,45,50
400,204,48,55
406,221,49,58
410,235,55,60
415,245,59,63
420,247,65,65
420,244,76,66
423,230,70,69
423,210,68,67
419,174,69,74
416,139,70,78
432,105,87,89
414,73,103,92
408,49,110,94
405,26,105,95
400,15,108,93
398,8,107,94
393,6,107,97
389,13,102,98
390,35,100,89
388,52,99,91
388,76,94,93
390,110,91,87
388,149,88,76
387,178,81,72
391,198,67,75
395,220,59,63
393,229,56,57
392,230,49,54
390,225,41,49
387,217,43,48
385,199,42,51
383,187,42,49
380,173,44,47
379,160,43,46
379,158,44,48
378,149,44,48
378,147,44,51
375,136,44,42
375,132,47,40
373,129,47,40
372,125,47,43
373,127,46,44
373,134,44,41
376,140,41,44
375,150,45,49
378,169,45,60
382,185,43,52
378,187,52,49
378,183,57,53
379,176,55,54
378,158,53,59
376,124,49,49
371,87,57,55
365,55,61,62
360,31,60,61
356,14,64,60
355,9,61,54
358,12,52,47
359,22,48,46
361,37,39,48
364,59,41,52
367,83,40,55
375,110,45,62
389,141,38,62
392,172,46,64
405,187,55,69
415,212,62,73
431,229,63,63
441,226,63,62
442,212,65,64
438,186,62,63
434,158,64,67
428,131,77,70
419,110,85,74
408,91,87,74
401,78,85,77
395,69,79,74
388,67,75,70
383,71,71,70
378,81,65,65
373,94,61,67
365,109,60,65
361,131,62,58
360,155,58,59
362,176,59,57
367,190,53,55
373,204,49,48
382,206,42,48
386,205,43,45
389,195,42,46
392,180,43,51
395,171,43,51
397,156,41,41
398,143,45,39
400,135,48,41
401,128,51,38
402,123,50,41
404,122,49,40
405,122,49,43
406,126,53,41
408,132,49,41
409,144,48,41
410,156,48,43
409,171,52,45
410,184,51,50
409,198,52,53
408,213,55,56
407,219,53,56
404,219,56,56
402,213,56,59
403,193,55,63
397,177,62,59
393,146,66,65
391,124,68,64
387,97,67,66
376,73,78,70
373,53,80,75
373,41,79,73
369,36,78,71
367,33,81,76
368,38,80,75
363,48,79,81
366,66,79,76
368,87,75,80
373,112,72,72
377,146,62,65
381,170,61,61
389,183,64,63
397,200,58,54
400,208,60,55
406,213,59,54
409,215,58,56
416,213,60,54
421,210,61,51
427,206,59,50
432,203,60,45
435,200,62,44
440,198,58,45
444,198,53,42
447,197,53,45
446,196,54,48
442,195,54,49
435,193,57,51
427,190,58,52
419,185,50,52
401,178,55,53
389,169,55,45
378,155,44,49
361,138,49,47
347,123,50,50
331,106,51,51
319,90,52,46
311,78,49,43
302,68,52,41
296,59,52,41
290,54,50,42
289,54,49,40
286,53,49,40
285,52,50,41
284,51,49,41
286,50,48,45
290,52,46,44
294,59,48,41
299,65,49,45
310,74,49,41
319,81,50,39
332,88,54,37
354,93,53,38
368,97,52,36
391,95,57,37
407,94,60,38
427,87,58,39
446,77,57,46
466,65,49,50
476,55,49,51
485,45,48,52
489,37,49,55
490,30,51,57
492,25,49,54
491,25,48,54
486,25,55,58
482,30,54,62
474,40,58,62
464,49,58,64
452,60,58,65
429,72,63,63
406,86,67,56
384,91,59,54
363,94,54,55
343,95,54,49
328,95,50,43
314,95,46,39
300,89,50,39
291,84,50,41
286,79,50,42
285,75,48,43
286,73,48,42
286,71,49,45
289,72,49,45
293,74,49,44
300,80,52,42
309,85,52,42
321,92,49,39
332,97,52,41
345,104,51,39
362,106,51,42
381,107,49,43
399,106,53,43
417,103,55,43
434,96,52,42
450,89,54,41
460,77,51,44
467,67,52,43
473,58,51,44
475,52,53,44
477,47,53,45
475,45,50,46
473,45,51,45
468,45,50,51
458,48,52,51
448,54,53,55
434,58,56,55
418,66,54,52
398,71,57,49
380,71,53,48
363,70,50,48
350,68,45,42
333,64,45,43
320,57,41,42
306,48,43,45
297,39,45,46
293,31,44,48
288,25,46,49
287,22,47,50
287,19,47,50
290,18,48,50
293,18,49,52
297,19,51,51
305,25,52,52
315,35,52,48
328,41,50,48
339,51,51,45
353,58,52,45
372,64,50,45
389,68,52,43
411,67,45,47
425,65,51,49
444,59,49,51
455,55,49,52
463,49,51,51
468,44,55,50
470,39,59,48
473,36,59,46
473,34,61,47
473,35,59,47
470,35,60,51
463,39,61,51
457,46,60,51
443,54,64,49
428,61,68,50
415,68,63,50
396,77,58,44
377,81,59,44
362,82,56,45
347,81,50,45
330,78,50,47
317,74,47,46
307,68,44,49
296,62,45,50
292,58,42,50
287,53,43,53
284,52,42,53
285,51,46,56
286,53,45,55
291,56,44,55
295,61,46,56
304,68,49,55
306,70,52,54
316,75,50,51
320,78,51,50
330,84,57,49
342,90,65,48
361,96,59,45
378,99,57,39
399,99,62,39
418,96,58,40
432,91,54,42
451,86,47,40
461,78,47,42
468,72,48,45
471,64,51,51
476,60,50,50
476,57,51,51
473,55,52,53
469,55,54,57
467,59,49,55
461,64,50,56
454,73,48,51
442,78,49,50
425,90,49,41
411,96,46,39
391,99,49,41
373,100,46,42
357,98,47,45
338,96,49,43
324,92,50,44
313,85,48,47
301,78,51,48
295,73,48,50
292,68,47,51
289,65,47,51
290,63,46,48
292,63,47,50
293,66,48,50
297,70,51,49
308,77,46,48
318,86,45,47
329,93,44,45
341,99,50,49
362,110,45,42
378,114,44,44
398,117,44,43
413,119,53,40
428,114,53,42
442,110,53,41
456,103,51,45
464,96,53,46
469,89,56,51
475,84,53,49
476,81,56,50
475,78,58,51
475,76,58,53
473,78,56,52
467,81,58,55
460,88,56,51
451,94,56,48
439,101,56,49
425,109,54,45
409,116,52,46
395,120,48,42
379,120,44,43
365,117,42,44
347,116,46,40
334,111,45,40
322,108,45,40
314,104,42,41
305,102,45,39
297,101,46,40
294,101,45,42
291,104,45,42
289,110,44,40
287,119,44,39
289,128,45,42
290,140,42,41
295,152,40,41
299,164,46,45
307,174,44,48
314,187,46,44
330,200,43,46
343,215,43,45
360,225,37,46
374,238,37,42
389,248,37,45
399,258,44,46
410,270,55,51
422,283,60,48
436,293,63,45
451,302,63,41
472,308,63,36
485,315,63,34
499,319,64,32
512,322,69,29
523,322,71,30
535,324,77,33
548,325,78,31
560,326,74,32
569,325,69,33
577,324,62,32
583,322,49,35
587,319,41,37
584,312,45,43
579,308,47,46
572,302,56,53
566,296,68,55
550,294,76,56
526,293,85,56
505,296,85,53
482,295,83,50
451,295,83,46
421,291,86,45
390,286,81,45
370,279,70,45
339,270,62,42
328,259,63,47
288,243,63,51
267,228,55,56
252,215,49,52
239,201,45,46
230,188,42,52
228,187,43,44
221,176,40,47
221,175,41,44
216,163,40,45
213,154,37,42
214,148,37,40
214,143,37,41
214,142,38,36
216,141,36,37
220,143,40,39
224,147,40,40
231,155,41,41
239,163,43,45
249,174,46,48
261,188,48,50
275,201,54,54
293,221,61,46
329,240,56,45
359,255,49,41
396,265,45,44
418,274,57,46
453,280,66,48
484,283,80,51
517,284,90,53
553,280,84,59
584,279,66,57
609,277,59,57
609,277,59,57
609,277,59,57
609,277,59,57
609,277,59,57
609,277,59,57
609,277,59,57
609,277,59,57
609,277,59,57
609,277,59,57
609,277,59,57
609,277,59,57
609,277,59,57
609,277,59,57
609,277,59,57
609,277,59,57
609,277,59,57
611,295,45,59
581,296,55,59
563,298,69,57
508,299,78,51
471,294,78,49
422,287,80,49
392,280,75,51
357,275,77,46
338,284,78,36
309,249,63,42
289,234,62,48
274,217,53,53
264,204,50,51
254,193,49,49
247,185,45,45
243,177,42,43
240,171,40,40
239,166,39,39
240,164,42,40
243,164,43,44
245,166,42,53
251,170,40,54
256,177,42,57
265,187,42,56
273,196,49,60
285,211,52,58
301,227,62,51
332,248,50,49
353,264,45,46
375,278,54,48
396,289,63,43
422,295,66,40
458,306,72,36
493,312,82,35
525,317,84,35
559,323,79,35
577,323,74,34
577,323,74,34
577,323,74,34
577,323,74,34
577,323,74,34
577,323,74,34
577,323,74,34
577,323,74,34
577,323,74,34
577,323,74,34
577,323,74,34
577,323,74,34
577,323,74,34
577,323,74,34
577,323,74,34
577,323,74,34
577,323,74,34
577,323,74,34
577,323,74,34
598,288,66,48
580,290,57,53
552,292,68,54
509,292,81,53
470,288,80,54
430,283,79,54
386,279,84,50
350,277,81,44
322,261,75,51
290,246,65,57
269,238,62,56
250,228,58,56
236,220,53,55
224,214,54,50
211,208,57,41
206,203,57,40
205,199,49,43
205,197,48,40
207,196,49,39
208,196,50,40
213,199,48,43
219,203,50,40
228,210,49,38
240,217,49,43
243,220,48,43
251,226,51,47
253,228,53,47
278,238,47,45
288,248,59,47
310,260,65,39
342,266,58,45
375,270,60,47
402,266,66,56
430,268,77,53
467,264,69,57
495,259,68,56
514,250,74,58
537,243,73,56
557,234,71,52
571,225,63,52
577,219,57,47
579,214,58,44
576,210,60,45
569,210,65,47
556,213,67,49
541,219,69,51
524,230,65,47
500,237,66,51
476,243,69,55
436,249,81,54
406,257,74,51
390,257,66,50
351,259,63,50
332,258,50,47
302,254,50,42
279,245,52,44
260,236,54,45
248,224,51,48
233,212,54,51
222,202,54,45
216,192,52,51
212,185,50,52
209,180,48,50
208,178,44,48
207,176,45,49
209,177,45,49
211,180,44,50
213,187,47,51
220,196,47,48
225,206,51,50
241,218,47,51
251,232,55,48
267,242,59,50
288,257,62,46
311,268,66,46
342,281,69,43
370,285,64,43
403,289,65,46
431,291,70,47
468,286,65,53
492,280,68,52
515,271,73,54
542,259,64,57
556,244,71,62
571,235,64,59
581,223,58,60
586,211,53,61
592,205,47,59
594,199,45,61
593,195,45,62
589,200,46,62
578,203,56,65
569,206,66,70
546,216,83,64
522,228,86,61
495,239,84,62
473,245,77,64
437,259,76,56
400,264,72,58
360,270,76,53
335,270,65,49
304,265,68,46
275,254,60,56
260,245,57,53
248,234,50,52
229,221,52,48
216,211,54,43
208,204,49,39
199,197,51,45
196,193,47,46
194,189,47,49
191,187,51,50
