265,141,57,120
260,143,61,116
261,140,58,120
261,140,57,119
257,142,60,116
254,139,62,117
253,137,61,117
251,136,60,113
247,136,61,116
243,132,65,117
239,132,67,118
239,128,62,117
232,132,64,116
232,129,60,118
229,131,63,114
224,130,64,114
227,126,59,114
223,124,63,117
221,122,64,113
218,119,64,116
219,119,61,118
220,117,60,117
216,116,65,115
213,117,64,114
215,112,61,117
211,111,60,118
209,110,60,119
206,109,60,121
204,108,61,117
199,106,62,119
198,105,59,117
191,105,62,119
190,106,62,115
185,103,63,118
182,105,66,116
179,101,63,116
179,101,62,117
180,101,63,115
176,99,67,120
183,102,59,112
183,101,57,109
179,101,62,103
180,97,61,110
181,97,65,110
183,104,59,105
186,95,59,115
189,96,57,111
187,96,58,114
188,95,64,112
193,98,59,110
197,94,57,109
200,96,59,110
202,94,62,114
209,96,55,107
206,96,64,112
209,96,62,111
212,95,61,107
214,94,63,113
217,92,63,110
220,97,65,111
222,96,64,107
227,98,63,111
235,98,55,104
235,97,58,111
237,97,61,112
242,99,57,113
246,99,53,114
246,98,57,112
250,97,54,114
252,96,54,111
255,94,56,111
255,93,57,113
257,93,55,114
262,95,55,107
264,89,53,113
265,89,55,111
267,88,51,112
277,87,45,109
277,89,47,106
278,88,49,106
282,87,45,99
284,84,44,102
288,84,43,101
288,86,44,99
289,82,45,104
290,82,45,104
288,87,47,98
291,88,44,97
290,86,42,100
291,90,41,96
287,97,47,89
291,90,38,99
289,85,40,103
294,82,36,104
293,85,39,104
293,88,36,93
292,90,38,101
295,76,42,106
295,60,59,101
286,59,81,111
287,59,87,111
287,60,91,101
285,58,84,110
283,59,90,112
287,59,87,101
283,59,79,113
285,61,83,125
285,60,63,133
282,59,67,124
282,58,67,132
281,57,70,138
278,59,72,131
274,58,76,139
275,58,73,132
277,58,67,118
274,59,67,116
271,60,72,110
270,61,73,102
268,60,68,83
320,91,77,90
319,91,78,86
266,60,70,79
338,94,72,89
337,93,75,84
331,89,88,93
264,59,67,82
339,89,84,92
334,87,86,90
334,87,89,89
341,89,78,86
342,89,71,93
348,87,62,93
346,86,66,93
349,85,58,96
348,86,56,93
348,85,56,94
347,83,48,96
349,79,40,97
348,83,47,96
347,80,51,92
347,79,51,97
347,78,52,94
352,75,47,95
354,70,45,98
358,68,41,97
359,66,40,96
358,66,40,96
359,65,40,97
360,65,39,96
359,67,40,96
360,65,38,96
359,67,38,95
359,65,40,95
357,65,42,95
356,65,43,95
357,65,41,95
358,64,40,98
358,68,40,95
358,67,39,96
359,68,38,96
357,65,39,99
355,69,42,100
359,69,41,97
360,68,39,91
360,70,40,95
359,68,43,97
361,69,41,95
361,71,42,96
361,70,43,96
363,72,41,96
362,73,43,94
361,73,44,96
361,71,44,99
362,74,43,97
360,72,44,98
360,71,45,99
359,74,48,96
360,76,48,97
359,75,48,97
359,73,49,98
360,72,48,99
360,74,50,97
360,76,53,98
361,73,48,95
359,74,51,96
358,74,53,97
359,74,52,98
359,75,53,97
359,72,52,97
359,74,55,100
359,73,52,96
359,75,52,99
360,75,53,99
359,74,50,98
358,78,51,96
355,76,51,100
356,78,52,101
354,80,54,98
352,79,53,99
352,84,51,96
350,82,56,100
351,83,55,101
352,85,55,98
355,85,51,100
354,83,52,99
353,84,52,100
355,83,50,99
359,85,47,98
356,85,53,100
352,87,54,102
353,89,54,100
356,88,51,101
356,88,51,100
356,88,51,99
354,88,53,101
356,88,50,102
351,88,56,101
353,89,53,98
351,88,56,101
352,88,53,101
345,88,59,104
344,92,61,97
348,91,59,97
348,92,58,97
340,91,65,98
340,91,67,97
334,90,70,94
337,89,67,99
344,90,57,103
333,90,70,98
340,89,62,99
343,89,59,95
335,88,69,92
341,87,62,98
334,88,67,99
335,88,68,98
335,85,65,96
339,84,61,100
330,82,69,103
328,83,73,94
336,84,65,90
334,81,65,101
335,82,64,97
337,82,62,95
340,82,59,98
333,81,64,103
327,81,71,96
332,80,68,97
330,80,69,93
331,78,70,98
332,78,68,97
334,78,66,96
335,79,67,106
329,80,72,122
327,80,78,133
330,79,71,140
332,79,68,131
330,78,70,142
330,78,73,141
331,80,70,137
333,79,67,138
336,75,65,146
332,70,68,151
331,66,69,156
332,66,68,153
329,62,71,160
332,63,68,164
334,64,66,163
339,64,58,159
338,66,62,161
341,69,63,155
345,75,62,150
338,76,77,151
333,76,91,147
331,80,97,143
330,85,102,135
346,81,86,114
354,80,71,103
358,81,60,109
359,78,65,116
358,75,63,119
358,77,61,119
359,77,56,122
358,78,59,121
358,79,59,123
359,79,59,121
360,79,60,122
358,79,59,124
362,76,56,128
361,76,56,125
359,78,60,126
360,76,58,124
359,78,58,124
362,77,56,125
361,76,57,124
360,78,59,129
363,76,55,127
364,76,53,129
364,77,55,128
362,75,56,131
362,78,56,130
362,80,58,125
360,77,60,130
362,75,57,131
361,73,59,129
359,70,63,132
358,75,65,132
359,72,64,137
362,69,61,136
361,73,60,132
360,73,61,131
359,73,62,135
360,72,59,132
360,72,58,137
361,71,55,137
360,72,60,135
360,71,58,136
357,73,65,135
359,74,62,143
359,70,58,145
359,72,60,142
362,72,58,140
360,70,62,143
362,71,62,143
363,69,61,144
364,69,62,142
367,73,58,141
366,68,59,147
369,69,57,150
368,70,58,146
367,67,59,141
366,68,46,141
374,69,52,142
373,68,55,135
371,68,56,142
374,70,55,140
372,66,58,136
372,68,50,135
378,70,50,142
374,66,57,138
374,70,55,135
379,69,51,136
378,65,46,143
382,65,51,133
380,64,42,132
383,65,47,111
384,65,45,110
385,66,46,108
385,67,42,103
386,64,45,108
384,66,44,106
384,65,43,110
384,66,43,105
387,66,43,104
388,65,44,111
389,68,44,108
389,66,42,112
389,66,45,111
389,68,42,108
391,68,42,106
390,66,43,113
391,69,40,108
392,68,38,103
393,69,45,109
392,71,41,103
392,72,40,107
394,71,42,114
396,72,43,113
397,69,42,113
396,73,45,117
397,72,44,116
398,71,43,121
401,73,43,115
399,74,44,120
401,72,44,124
403,73,43,118
403,77,44,112
405,76,42,114
405,77,44,114
407,76,46,116
407,81,46,112
409,77,45,115
409,78,47,113
410,79,47,114
412,82,46,110
411,83,47,112
413,82,47,114
412,83,47,113
412,82,48,113
412,85,48,112
413,83,45,115
413,85,48,112
413,84,48,113
412,87,47,111
411,85,47,112
409,85,50,112
408,87,49,112
408,89,48,109
408,90,49,111
407,89,49,110
407,89,48,112
405,88,49,113
407,88,48,111
407,90,49,111
405,86,49,116
405,87,47,116
402,90,50,111
403,89,48,114
402,89,49,114
402,89,48,112
399,88,48,115
396,90,49,114
396,87,48,116
395,91,48,110
395,91,47,115
392,90,49,112
391,92,50,113
392,93,47,115
387,94,50,113
385,90,52,115
384,92,50,114
383,92,51,112
383,93,52,111
382,93,49,115
383,90,47,115
381,93,51,110
379,92,52,114
377,92,51,114
375,96,54,108
375,95,49,116
375,94,48,113
372,93,49,114
371,95,47,112
367,95,51,114
365,90,49,116
364,95,47,114
360,95,49,113
357,95,48,111
354,95,52,116
352,96,52,115
350,94,52,112
348,97,51,115
347,97,52,109
345,98,51,113
342,98,53,110
338,97,55,116
338,97,52,110
334,98,54,112
333,100,53,107
330,97,54,111
326,97,52,108
323,97,53,114
319,97,55,112
319,97,53,116
314,94,51,112
313,98,51,113
312,97,50,114
305,96,53,108
301,98,53,110
301,96,52,107
295,95,55,114
295,96,55,116
292,95,49,110
289,97,51,111
288,96,51,117
281,96,52,116
280,97,49,109
277,97,51,115
275,99,49,108
271,97,51,116
270,97,46,109
266,99,51,109
259,97,56,119
257,99,53,114
254,99,54,114
253,99,52,115
251,99,53,118
247,100,57,119
245,100,56,117
243,100,55,112
242,100,52,113
239,99,54,115
238,100,53,116
237,99,50,117
234,98,52,115
233,100,48,108
233,100,47,104
232,99,44,107
232,99,44,102
228,101,45,104
228,99,45,102
225,99,49,103
228,98,44,105
225,98,45,105
224,99,44,103
224,100,45,101
224,100,43,102
224,97,46,100
219,103,53,96
220,99,53,100
220,103,53,94
221,103,47,92
224,117,48,81
221,109,49,93
224,116,47,84
225,113,44,83
223,112,43,83
224,118,41,82
224,115,39,82
223,114,42,86
225,114,43,83
224,121,43,78
224,126,46,74
224,127,45,72
225,132,45,68
220,116,52,83
218,109,52,92
213,105,58,94
217,105,57,96
216,103,57,95
215,99,61,103
217,106,59,95
215,103,59,99
220,103,57,96
215,89,67,106
217,103,59,100
217,106,61,97
210,107,59,90
213,106,42,82
207,99,47,88
202,100,48,82
193,103,52,80
184,105,60,77
181,102,59,78
179,102,55,76
177,102,52,76
177,104,52,73
173,103,54,74
172,100,50,74
172,100,48,73
165,101,52,73
164,99,48,74
161,100,46,74
162,100,46,76
161,97,44,78
157,99,44,75
155,98,42,78
154,97,45,80
152,98,46,78
149,97,41,76
147,98,36,77
145,98,35,76
143,97,35,76
140,97,34,75
135,99,37,78
135,96,32,77
130,99,31,79
126,101,33,79
124,100,34,79
119,102,33,78
116,106,33,77
112,104,35,79
110,106,32,76
109,108,32,77
104,108,33,78
102,109,32,76
98,109,31,76
95,108,35,80
92,109,31,75
90,111,34,76
87,113,32,75
86,112,32,76
82,115,32,76
80,113,32,76
78,114,31,75
77,115,28,74
74,115,31,75
71,116,32,74
70,118,29,75
67,117,29,73
66,119,31,74
64,120,28,75
64,119,28,75
63,122,29,73
62,120,28,75
61,121,26,75
59,122,29,73
58,122,30,75
58,124,30,74
58,122,29,75
58,121,30,76
58,122,30,77
59,121,29,76
60,121,28,77
60,123,30,76
61,123,29,75
63,122,28,76
63,121,31,78
65,122,31,76
68,122,30,74
69,119,30,77
73,119,31,76
74,119,32,74
77,119,30,76
81,119,29,76
83,119,31,78
85,119,30,77
87,117,29,78
90,117,29,79
91,119,32,78
95,118,29,78
95,117,30,78
98,116,30,78
99,116,31,77
102,115,30,78
105,114,29,77
108,115,29,76
111,114,29,76
115,111,31,77
119,111,29,77
123,111,28,75
128,108,33,75
133,108,30,77
137,107,30,75
142,107,27,74
147,107,28,75
152,106,29,73
155,104,28,76
160,103,27,77
163,104,28,76
166,102,28,74
171,105,29,74
173,103,31,74
176,103,31,75
181,103,29,75
186,102,29,75
188,103,29,75
193,105,30,74
196,105,28,75
199,107,29,77
201,105,31,74
205,105,28,77
207,107,29,75
209,107,32,74
212,109,29,74
214,108,29,74
217,108,30,76
218,106,31,77
221,109,30,75
224,109,30,75
226,110,30,77
229,112,29,77
229,110,31,77
231,111,30,76
234,113,29,77
235,110,30,77
238,112,31,78
240,111,31,77
242,111,30,78
244,111,31,78
246,111,30,78
246,111,33,76
248,109,32,79
251,109,32,77
254,110,30,78
255,111,32,79
257,110,34,78
262,112,31,77
262,110,31,80
266,112,31,78
268,111,31,79
271,113,32,78
273,113,33,78
276,114,33,77
278,114,34,79
283,114,33,78
285,113,33,81
287,114,35,78
290,114,35,80
293,113,34,81
296,115,34,80
298,115,34,80
300,116,33,79
302,113,33,81
305,115,32,79
307,115,31,80
309,113,32,79
311,114,35,81
312,113,35,81
315,111,33,81
318,113,33,81
319,112,33,79
321,113,32,79
322,111,32,80
325,110,34,79
327,108,32,79
329,108,32,81
330,108,33,79
332,109,34,81
335,109,33,79
338,106,33,80
338,107,34,79
340,106,33,81
342,107,33,79
345,106,33,78
348,106,32,79
350,107,34,79
353,105,33,78
355,106,32,81
357,106,34,79
361,106,33,80
364,108,32,77
366,105,33,79
370,104,33,79
373,105,33,79
376,105,33,77
379,103,34,77
380,104,36,77
384,103,36,77
387,102,35,78
386,100,37,79
389,100,40,78
392,98,39,78
395,99,34,77
395,97,34,77
397,99,40,75
399,98,44,76
401,97,40,75
403,97,43,77
405,96,45,75
408,97,38,75
411,97,35,76
413,97,35,75
415,95,32,70
416,96,35,75
418,96,39,76
420,96,38,74
422,98,37,75
423,99,37,74
425,98,39,75
427,98,37,74
429,99,36,75
430,98,35,73
432,99,35,74
434,100,36,73
435,100,35,72
436,98,34,72
435,98,36,73
435,100,38,71
438,99,35,71
437,100,40,73
439,98,40,72
438,99,43,73
440,98,45,74
440,102,45,73
442,102,45,71
440,104,47,69
440,106,49,66
439,106,51,68
435,105,58,68
439,103,55,70
433,105,61,69
433,106,62,69
431,105,64,70
429,107,67,67
428,107,66,67
424,105,70,70
424,106,72,68
421,105,79,69
419,97,80,76
418,100,82,74
413,89,89,84
415,81,90,94
415,76,83,98
414,79,83,100
411,78,86,98
411,78,83,99
409,78,82,103
411,78,80,101
408,77,78,102
408,79,79,99
406,76,80,102
405,80,83,97
405,77,82,100
404,78,83,100
403,77,83,100
403,79,86,98
405,78,82,101
403,80,85,99
405,79,86,100
406,78,82,104
406,77,80,103
407,76,81,103
407,77,81,103
404,76,85,100
411,77,80,102
404,77,83,103
404,79,88,98
406,77,85,102
402,79,88,99
402,79,89,101
405,77,87,102
404,80,88,99
405,76,86,103
404,76,87,102
401,80,92,99
404,80,91,99
402,78,92,101
403,78,91,100
404,77,89,99
405,78,90,103
402,77,92,98
404,79,91,99
405,78,91,98
407,76,89,102
406,78,90,99
405,77,93,103
404,76,95,103
405,79,93,96
404,77,95,96
404,78,94,99
405,79,94,100
403,80,94,94
407,78,92,96
403,80,93,95
405,79,93,98
403,77,94,96
404,78,92,95
404,78,91,96
404,78,94,98
405,77,92,99
402,79,94,98
402,77,96,99
403,78,94,99
402,78,94,98
401,76,96,103
405,78,92,99
408,75,91,103
406,79,93,95
403,79,95,97
402,78,99,100
403,78,97,98
400,76,98,98
405,81,98,96
402,80,99,96
407,79,96,96
409,79,92,96
406,78,94,96
408,78,96,97
408,78,94,97
409,79,94,98
406,78,97,97
409,78,94,98
409,78,95,100
411,81,94,97
411,77,93,100
410,80,98,97
407,79,99,98
410,81,94,94
411,78,93,100
412,78,93,99
411,80,94,94
413,79,93,101
409,78,100,98
411,76,96,100
415,77,94,99
409,79,95,101
418,81,89,98
414,77,90,104
412,76,93,102
413,80,94,100
411,78,95,101
411,77,93,100
412,79,93,99
410,79,92,97
415,79,90,102
420,79,84,99
420,77,83,99
416,79,86,98
413,78,91,98
412,77,94,104
413,79,92,102
419,78,79,101
422,78,81,102
420,76,78,98
431,79,67,95
429,78,70,98
436,79,63,96
439,77,58,97
441,76,57,98
440,76,57,98
437,75,61,102
441,75,58,97
443,77,56,96
441,76,58,94
442,76,57,92
443,76,56,93
443,76,57,94
440,76,60,95
441,76,56,94
440,76,59,95
440,75,58,94
443,76,58,92
442,74,58,99
443,74,56,97
441,75,57,98
441,75,57,99
442,74,58,100
444,72,57,99
444,75,56,95
441,76,59,99
442,74,58,102
443,75,58,103
444,73,59,104
441,73,59,102
443,74,56,102
443,76,57,103
441,75,58,105
442,74,61,103
445,75,58,101
441,75,59,102
446,77,55,101
441,74,60,102
443,78,59,101
445,75,56,102
445,74,55,103
445,74,56,102
445,79,55,98
445,74,57,101
441,76,63,100
445,76,59,101
444,75,59,101
446,75,56,100
444,74,58,97
446,76,57,94
444,77,55,93
446,75,55,95
445,74,56,94
447,73,58,91
447,75,56,91
446,73,56,95
447,74,59,91
447,75,57,88
445,76,60,89
446,78,59,89
445,76,59,90
446,76,60,90
445,76,61,86
445,77,60,84
448,77,58,82
446,77,57,81
444,76,58,85
442,76,61,86
445,76,60,84
444,76,58,83
446,78,59,85
445,78,58,85
445,77,59,85
444,77,56,85
443,79,59,84
443,77,58,86
444,78,60,86
443,79,59,87
445,78,53,78
444,77,52,75
442,79,60,85
441,78,57,82
442,79,58,81
444,77,58,86
444,79,58,84
444,79,60,85
444,80,57,86
443,78,58,86
444,78,58,85
443,79,60,86
444,76,61,87
442,78,57,85
444,78,59,83
441,80,59,80
442,77,60,86
442,79,64,88
441,78,63,88
443,79,62,88
443,78,63,88
442,78,63,92
442,79,62,86
442,78,64,88
441,78,64,90
442,79,63,86
443,78,62,85
444,78,62,85
442,80,61,81
443,80,63,82
441,78,64,83
441,78,64,83
442,79,62,82
443,79,59,78
442,79,63,78
442,78,64,76
444,78,56,69
443,80,58,73
442,79,59,74
441,80,61,75
442,78,57,74
441,79,54,67
443,80,60,73
442,79,56,70
442,80,56,67
442,80,57,69
444,79,57,70
445,80,54,63
443,80,59,70
444,80,55,68
443,81,61,71
445,78,58,63
443,79,59,68
447,78,57,69
447,79,58,76
446,79,57,72
449,78,53,69
448,80,56,68
449,78,55,72
448,78,53,74
449,81,55,73
447,79,59,75
448,78,58,75
447,79,57,74
449,78,57,74
450,80,53,71
451,79,54,72
451,79,54,71
451,78,53,72
452,77,52,73
450,77,54,76
450,78,56,73
450,79,55,68
450,78,56,71
451,77,56,74
451,78,54,70
453,78,54,73
451,79,55,70
452,78,52,72
451,79,54,72
450,80,54,71
451,78,54,70
450,79,53,70
449,79,55,70
448,80,53,69
449,81,54,68
449,78,52,66
451,81,52,67
451,79,52,66
448,79,54,70
446,79,54,68
448,79,54,71
446,79,57,70
449,80,52,64
449,83,53,65
449,79,52,69
448,81,53,67
447,80,53,68
448,79,53,65
448,81,51,66
450,79,51,65
449,79,50,67
448,80,49,69
447,80,48,66
448,79,50,66
448,79,48,66
447,80,48,67
448,80,50,62
448,80,49,66
446,82,51,62
447,80,50,65
446,80,49,66
448,79,48,67
447,79,48,65
447,79,50,66
448,79,51,69
443,81,52,66
445,80,50,64
444,80,50,66
444,81,52,66
444,81,52,63
444,81,50,66
444,83,51,62
445,83,52,65
444,80,52,66
444,81,54,68
443,81,52,67
444,82,50,62
444,80,47,64
444,81,47,63
443,82,52,61
443,81,53,62
445,80,54,64
444,82,51,61
444,81,51,61
444,81,50,63
442,82,53,60
443,81,53,62
445,81,52,65
443,79,51,66
444,81,54,65
443,79,51,64
445,81,53,63
447,82,49,66
445,80,48,64
446,81,50,63
447,80,51,65
446,82,52,63
446,80,52,61
447,83,52,60
446,81,51,61
449,82,47,58
446,83,51,57
447,82,52,56
445,83,53,55
447,82,48,54
448,81,48,58
446,82,50,53
447,81,51,62
446,82,50,56
448,82,47,55
448,82,50,67
446,81,53,63
446,83,52,53
448,82,48,49
446,83,47,47
449,80,46,58
448,81,48,64
447,82,54,67
447,80,51,58
447,82,54,62
447,83,60,72
447,81,56,70
446,81,59,75
446,80,62,76
447,80,62,79
446,82,53,69
446,81,51,65
446,80,58,69
445,80,52,67
447,81,53,66
447,81,59,73
447,81,60,76
447,81,53,67
445,80,53,65
446,81,54,65
447,80,52,65
447,81,50,59
448,81,48,64
447,81,50,52
446,82,49,51
449,83,49,51
448,81,46,53
448,83,48,58
447,82,48,60
447,81,48,62
447,80,48,64
447,81,49,61
449,82,47,64
447,81,48,61
447,81,48,63
447,81,48,64
446,82,50,63
446,82,50,65
446,83,48,63
445,82,50,64
446,83,47,64
446,81,49,66
445,83,51,62
446,85,52,62
444,82,51,66
446,82,52,60
446,83,51,64
445,83,51,64
445,82,55,66
443,81,54,66
444,82,54,68
444,81,55,66
443,81,53,65
444,79,51,67
441,80,51,68
439,79,54,68
439,81,51,68
438,81,53,69
434,82,56,67
434,82,54,67
429,82,54,66
426,84,56,61
422,80,57,63
418,79,53,60
417,79,49,61
413,80,50,57
409,79,53,56
404,78,53,59
401,79,50,58
398,78,49,62
397,78,48,62
392,77,51,63
390,74,53,67
386,76,53,68
385,75,53,65
381,75,54,66
381,74,51,69
381,74,49,68
378,74,50,70
377,74,54,68
376,72,52,66
374,73,51,67
374,73,52,63
375,72,51,68
372,73,54,66
375,74,52,68
374,71,51,69
374,72,53,68
374,70,53,66
374,72,59,67
376,71,56,67
377,69,58,72
377,68,54,75
379,70,52,70
378,71,53,66
376,68,55,68
378,66,66,77
376,67,70,82
374,66,70,94
376,66,62,95
376,67,62,98
374,66,59,91
374,68,65,79
375,67,68,82
375,70,72,87
373,69,74,93
375,66,76,96
376,66,73,94
376,64,80,95
378,61,83,102
378,60,93,102
384,64,86,96
387,61,92,103
392,65,98,101
397,65,108,101
400,67,114,101
411,69,114,105
418,80,125,100
438,83,127,102
454,86,128,103
463,86,143,106
476,87,151,118
490,95,140,111
506,92,130,120
