274,214,77,125
270,219,75,118
272,225,77,113
272,219,76,118
274,217,78,119
275,212,76,125
275,214,75,125
268,210,75,127
271,210,75,127
272,220,77,124
272,218,75,117
268,210,74,120
273,212,70,127
273,208,71,130
273,211,74,123
273,213,80,123
271,218,75,120
275,211,78,125
274,220,76,116
274,231,77,107
271,220,77,116
272,218,76,118
273,220,73,112
275,215,74,123
274,217,73,124
273,220,73,120
276,220,77,120
273,215,79,122
275,213,80,121
270,215,88,119
273,217,97,125
270,210,102,128
270,210,108,125
282,209,108,126
289,211,114,120
299,209,111,118
308,209,103,118
317,207,98,114
328,199,98,120
334,195,96,113
337,188,92,111
333,181,88,116
337,180,91,111
338,172,82,111
334,167,81,104
240,193,83,108
239,183,89,118
241,182,87,111
254,193,78,105
255,204,79,96
256,213,87,94
255,203,89,100
256,198,85,101
262,212,82,94
261,201,84,106
269,209,77,99
270,206,74,104
274,211,71,102
276,215,68,96
273,224,70,86
275,223,68,87
272,221,72,91
273,218,69,90
273,215,70,93
273,211,72,94
272,217,72,89
270,214,70,91
272,212,69,93
271,218,70,87
272,207,68,98
271,210,69,96
272,216,70,91
273,220,70,87
273,219,69,87
273,224,68,83
275,216,68,91
272,206,69,98
271,215,73,92
269,219,72,85
270,221,71,86
272,224,71,81
274,223,70,82
277,223,68,81
274,218,68,88
280,211,74,97
275,213,79,92
279,212,79,94
287,220,81,94
288,213,83,98
296,215,81,99
301,214,87,99
304,226,85,92
304,230,77,89
303,241,79,81
302,242,76,83
301,246,76,82
302,247,76,81
304,250,75,81
299,242,78,88
299,245,75,87
302,242,78,87
299,238,73,96
298,233,78,97
300,223,78,107
302,218,77,114
299,226,74,106
301,225,78,112
300,214,80,120
302,208,77,127
301,206,78,129
299,204,80,127
300,211,77,124
302,204,77,132
303,205,79,132
298,203,83,131
301,203,81,132
301,208,79,124
301,208,76,126
304,205,78,133
299,204,78,132
298,201,78,129
298,212,77,120
298,218,76,111
301,226,78,106
301,216,73,112
301,221,77,114
302,215,72,112
298,205,77,125
296,204,82,126
297,203,82,129
298,213,84,117
293,204,88,124
297,207,79,124
293,206,88,125
298,206,83,128
291,194,87,137
293,193,88,141
286,188,95,147
287,190,93,142
288,191,92,144
291,192,84,141
292,196,86,138
293,197,84,131
293,199,86,132
292,202,86,132
288,199,91,132
292,199,86,136
292,195,84,137
293,197,84,137
291,202,86,132
288,193,92,137
291,198,88,135
291,192,89,145
287,196,90,138
283,195,96,138
287,195,93,137
289,184,88,151
290,194,85,140
291,192,90,140
297,188,77,146
296,200,82,134
293,200,91,135
293,185,82,147
297,193,82,143
303,191,74,142
303,210,80,124
305,201,75,132
303,209,78,124
302,207,72,124
300,209,79,125
297,209,79,119
296,213,81,116
295,219,80,108
301,221,75,109
299,222,77,109
298,220,79,109
300,220,80,110
300,218,79,116
303,222,79,106
301,225,73,106
300,222,74,108
303,216,72,115
301,224,78,107
301,215,77,118
303,212,77,121
303,219,73,111
302,218,75,110
305,211,71,122
302,213,76,117
302,213,73,118
297,212,81,119
301,210,74,119
303,211,73,118
297,208,79,125
302,215,76,119
304,219,72,112
298,215,77,117
304,214,72,116
296,223,76,106
300,219,78,111
298,215,79,116
302,216,72,116
304,209,71,120
299,213,75,116
302,212,74,120
295,216,80,115
300,215,78,118
302,214,76,117
298,204,80,128
302,208,74,120
301,212,77,118
301,216,77,118
303,216,73,115
301,225,79,104
301,222,77,111
306,216,76,116
300,213,83,118
299,211,74,116
299,212,78,119
300,200,77,128
302,213,77,120
301,219,76,110
300,216,74,114
302,211,75,120
300,208,79,123
301,215,74,113
295,214,82,119
301,206,82,129
295,193,82,140
297,202,78,135
294,197,82,135
299,199,78,134
299,203,79,131
299,197,80,137
301,192,76,144
301,204,78,133
304,204,76,131
296,206,81,128
300,194,78,137
298,200,79,132
302,200,74,136
301,200,78,134
303,194,78,141
292,194,88,140
299,189,77,144
294,188,87,150
298,192,77,139
295,188,89,146
296,189,83,144
299,196,82,140
304,201,74,134
304,209,72,125
296,201,83,134
298,198,79,134
299,203,79,129
300,207,80,127
301,201,75,133
302,208,73,128
302,208,73,123
300,210,80,124
303,211,76,126
299,208,80,127
304,215,73,119
299,207,81,122
301,216,76,114
298,212,81,121
304,216,76,115
298,213,79,120
304,209,72,125
303,214,79,120
295,202,84,129
298,216,85,114
303,214,74,120
303,212,75,119
299,212,79,116
305,219,76,112
301,215,81,118
299,203,78,129
301,216,76,114
301,213,76,118
297,211,81,122
302,210,74,119
300,204,79,132
299,200,79,134
296,209,82,121
301,203,79,130
300,208,79,124
298,212,75,119
302,209,76,124
299,206,77,126
303,213,78,118
301,213,75,116
298,212,80,118
298,210,77,117
299,219,78,112
297,212,81,122
304,208,75,121
299,211,80,119
300,207,70,127
300,198,77,142
300,199,76,137
297,197,81,135
297,207,81,128
302,204,74,133
305,209,69,123
298,207,79,128
301,209,73,126
301,209,73,122
299,210,76,122
298,209,80,118
298,201,80,129
303,204,77,130
302,199,76,137
299,201,74,128
303,209,73,121
302,208,77,127
304,209,78,127
304,207,78,128
297,200,82,132
301,207,75,126
303,211,77,119
298,220,79,114
303,213,77,119
302,213,75,121
299,215,79,116
302,216,74,119
301,212,78,118
296,209,79,122
300,209,78,121
300,207,79,125
299,209,78,121
301,212,73,119
302,209,74,124
299,211,78,122
305,211,77,123
299,213,78,120
300,219,77,114
301,209,75,118
301,217,73,115
300,216,73,110
301,215,78,116
299,227,79,105
302,218,78,116
299,219,76,110
300,219,75,109
301,210,75,119
300,218,78,115
305,223,71,109
299,228,75,102
298,241,76,90
298,240,77,89
299,243,81,89
299,243,80,88
298,239,76,91
298,244,76,86
298,236,77,95
299,239,72,91
302,245,71,83
301,247,75,84
302,238,76,93
302,236,74,96
299,234,73,98
302,231,77,99
298,226,77,104
300,213,79,118
300,212,83,117
300,219,77,108
299,225,78,105
299,215,83,113
300,215,76,118
297,212,80,120
302,216,78,112
301,215,75,116
300,214,73,113
298,212,77,118
298,204,82,131
300,208,80,125
304,216,81,117
300,220,79,111
299,219,80,113
296,207,77,122
303,208,73,124
301,196,77,135
299,202,80,133
304,212,72,120
300,205,76,127
297,215,78,116
298,206,83,126
304,214,76,119
302,213,71,121
300,206,66,124
301,214,67,118
303,215,70,115
302,209,81,122
298,199,93,123
294,202,115,105
274,208,118,105
274,208,118,105
274,208,118,105
274,208,118,105
247,190,123,96
251,186,121,103
260,186,113,100
245,187,127,98
251,188,125,96
248,187,120,98
250,188,129,99
246,190,124,99
253,186,121,101
250,190,123,97
246,187,129,105
252,186,125,104
243,189,131,99
247,189,128,100
246,190,127,100
248,188,128,102
246,186,125,104
250,188,125,100
248,190,124,99
250,188,123,100
248,188,122,100
250,187,125,100
247,187,123,103
251,187,123,100
249,186,120,103
248,188,129,103
245,189,127,101
248,187,130,102
245,185,129,104
247,187,127,103
244,188,130,103
256,189,119,99
250,186,122,101
245,188,125,100
245,187,127,102
246,186,128,101
248,186,125,104
248,187,125,103
245,189,127,101
246,187,125,103
246,188,130,100
243,187,129,103
255,186,119,99
245,186,124,104
251,186,121,100
246,189,122,98
252,189,114,102
247,190,118,102
246,189,125,98
247,188,122,102
246,188,125,101
248,189,128,100
244,188,126,99
250,186,123,110
249,190,116,100
250,191,106,96
249,191,106,108
294,199,99,134
300,199,88,139
294,193,91,142
297,195,82,140
294,181,77,157
290,173,78,166
289,178,78,164
285,168,82,170
282,176,86,164
280,176,90,157
274,173,98,161
274,173,101,159
269,174,106,156
267,175,105,159
263,170,111,163
254,173,116,154
253,174,120,153
254,172,118,160
253,173,113,157
253,175,107,155
252,177,87,150
254,184,75,142
253,196,71,127
257,203,68,118
260,200,69,120
260,205,65,116
258,199,66,122
258,203,69,118
254,196,68,127
254,198,74,127
254,184,68,136
254,191,74,140
253,179,69,146
255,179,73,148
252,178,70,146
257,191,69,135
255,199,69,122
259,201,70,122
257,187,71,137
257,195,70,130
260,194,71,126
255,200,74,122
260,209,68,111
256,201,72,119
260,206,71,120
257,203,71,120
256,196,67,122
259,198,68,123
257,198,72,122
258,204,70,122
260,193,68,125
261,198,66,124
257,197,70,126
256,200,75,118
258,200,70,120
252,200,69,119
258,202,75,122
255,199,69,123
257,204,67,116
256,199,70,119
258,204,74,117
256,202,73,114
256,200,74,122
255,197,73,119
253,193,73,127
254,200,70,117
259,198,71,121
257,195,72,122
257,196,73,124
252,191,73,131
256,204,72,116
256,198,70,117
260,203,71,120
256,195,71,130
260,202,67,123
257,196,74,130
252,195,77,131
254,195,69,128
255,196,70,126
255,194,73,128
255,194,75,128
256,191,69,125
256,198,69,119
258,198,68,122
256,199,69,119
259,204,66,117
259,205,70,115
260,202,72,123
260,207,70,115
255,205,71,113
258,198,71,123
258,205,69,117
261,197,69,122
260,211,70,110
258,207,71,115
256,200,67,117
261,209,71,116
261,205,72,121
254,201,72,123
261,197,68,120
262,204,68,121
259,199,68,124
260,203,67,118
260,204,67,115
258,205,68,114
261,202,70,124
261,202,70,122
256,207,68,113
258,198,69,124
260,201,67,120
262,203,68,118
262,208,68,110
255,203,69,117
260,207,68,112
259,205,68,112
259,202,67,116
261,199,68,125
262,204,69,119
259,200,71,122
260,197,67,124
258,200,66,118
263,203,69,120
260,206,66,113
255,202,69,114
257,200,65,121
259,203,72,120
260,199,69,122
261,199,69,124
257,197,68,126
260,197,69,122
258,198,71,125
260,193,68,127
261,200,65,120
259,201,67,120
258,201,67,115
257,203,69,116
261,202,69,119
261,198,67,126
258,196,66,127
258,202,66,117
261,200,65,122
258,200,69,123
260,196,72,128
261,200,69,124
260,202,67,115
257,205,68,120
255,206,74,117
262,204,67,116
258,205,69,118
262,203,69,117
259,201,68,121
255,197,67,119
259,199,67,124
255,190,68,134
257,198,69,122
260,201,69,121
258,204,72,119
258,202,67,118
261,202,66,118
260,205,70,120
258,208,71,115
256,200,67,120
261,196,69,123
255,202,66,116
260,201,71,122
255,197,68,119
260,200,65,122
256,204,69,113
262,201,66,121
257,201,69,113
260,207,72,117
253,210,73,112
263,206,68,114
256,202,73,118
255,198,71,117
260,204,72,116
256,201,71,119
258,203,66,116
260,206,68,118
262,199,71,120
262,204,72,118
252,202,71,118
256,194,70,128
256,195,68,125
261,197,66,126
260,191,64,132
258,194,67,127
258,201,67,117
254,193,69,127
259,196,68,122
259,201,67,120
259,201,67,121
258,192,66,127
259,199,70,123
258,198,68,123
256,199,71,120
259,195,68,122
261,194,70,132
261,194,66,128
259,203,69,113
260,216,67,103
257,209,68,112
258,199,72,118
261,194,76,124
268,197,80,118
263,191,84,129
273,191,87,116
280,199,81,110
294,193,80,111
300,188,84,120
299,186,91,117
298,184,93,118
295,179,106,128
206,176,95,127
214,175,84,135
224,189,74,127
228,197,70,133
322,175,93,128
224,196,80,140
332,179,83,131
329,180,87,121
328,180,93,121
324,174,86,117
325,177,90,115
318,180,89,116
316,176,91,121
222,206,75,130
311,164,81,126
312,165,84,128
314,168,85,126
311,179,85,122
313,171,83,129
318,171,74,124
320,165,69,121
320,175,73,115
317,173,73,121
320,169,70,118
310,170,75,118
310,177,77,115
305,184,77,106
300,188,76,103
294,185,77,109
290,189,76,111
289,185,75,112
287,189,80,111
287,192,78,105
290,191,76,112
288,188,80,111
291,184,81,117
288,179,78,118
290,185,83,115
297,187,78,114
304,185,74,109
307,175,70,107
309,171,74,112
311,172,72,102
313,158,68,108
310,158,70,104
311,159,69,96
307,151,69,104
313,150,62,102
306,139,63,109
306,139,63,109
306,139,63,109
306,139,63,109
306,139,63,109
306,139,63,109
306,139,63,109
261,130,60,95
310,27,68,110
310,27,68,110
310,27,68,110
310,27,68,110
310,27,68,110
310,27,68,110
310,27,68,110
310,27,68,110
310,27,68,110
310,27,68,110
310,27,68,110
310,27,68,110
310,27,68,110
310,27,68,110
310,27,68,110
310,27,68,110
310,27,68,110
310,27,68,110
310,27,68,110
310,27,68,110
310,27,68,110
310,27,68,110
310,27,68,110
339,156,70,98
333,168,79,96
332,167,82,101
328,172,86,99
326,177,84,104
327,184,91,110
324,190,86,112
323,202,80,95
318,201,81,98
316,202,83,99
317,207,77,95
319,208,82,95
316,201,76,101
321,201,76,102
315,214,80,92
309,216,81,94
301,218,87,94
301,211,80,103
298,215,81,103
298,212,78,107
298,211,72,106
299,211,72,109
297,208,70,113
296,220,73,101
299,219,72,104
299,213,69,115
292,206,73,115
296,217,67,103
289,234,75,89
295,233,70,94
293,231,70,92
296,234,69,88
292,233,71,86
296,229,71,92
296,232,70,90
295,231,72,91
293,224,73,96
291,230,74,88
292,233,72,87
295,232,74,91
290,228,79,94
293,232,73,90
295,234,73,89
292,226,71,92
296,228,68,91
296,232,73,91
296,233,72,92
297,229,67,90
292,231,69,87
288,227,71,87
289,227,70,84
285,218,71,87
283,221,67,81
281,215,68,86
280,214,64,81
280,202,61,91
279,205,61,87
279,206,55,82
277,200,54,84
279,201,53,88
280,203,52,84
276,197,54,92
280,203,51,84
277,197,55,92
328,199,53,84
324,200,56,84
324,200,56,84
338,183,54,96
250,207,65,99
249,223,75,109
249,223,75,109
249,223,75,109
250,210,81,116
258,199,88,121
258,199,88,121
258,199,88,121
258,199,88,121
217,228,73,111
217,230,76,112
222,235,75,105
231,234,78,110
233,235,79,112
242,233,77,116
254,238,78,113
267,244,73,111
278,247,74,109
278,247,73,107
280,248,74,104
286,249,75,108
286,251,77,105
291,256,72,101
289,247,74,106
293,245,72,107
291,241,74,112
292,240,71,108
293,239,76,111
295,244,70,106
290,240,76,108
298,241,71,112
296,237,69,114
295,239,70,112
294,238,68,111
296,238,67,109
298,239,69,112
296,241,68,105
298,237,69,115
297,240,68,108
296,235,71,115
297,237,71,111
297,235,73,117
297,233,74,116
296,234,72,115
298,235,73,113
295,237,74,113
296,238,74,110
297,237,73,111
295,240,73,109
295,237,76,110
297,238,72,110
294,236,76,113
296,238,75,111
294,236,77,110
296,237,73,112
295,236,74,113
298,237,76,109
295,234,75,111
296,235,72,112
296,237,71,112
295,235,76,110
297,236,76,109
297,236,75,111
296,238,74,109
296,234,76,111
296,236,75,110
297,237,72,108
296,237,74,111
297,236,72,116
295,237,75,108
297,238,71,110
298,236,73,111
296,236,76,111
295,236,78,111
296,236,78,108
294,234,80,115
296,235,77,113
295,236,76,108
295,237,73,109
296,237,79,110
295,237,74,109
297,235,72,113
296,236,75,110
297,227,78,120
294,231,81,116
294,231,76,116
295,235,76,113
297,236,72,115
294,243,76,105
298,249,66,100
295,248,74,99
296,248,72,100
297,249,72,97
295,245,71,106
297,245,71,101
300,244,68,105
299,236,71,108
298,232,76,116
300,223,80,123
301,235,74,112
300,233,71,115
301,235,74,113
301,234,71,114
300,232,73,118
299,232,75,115
298,234,77,112
301,236,70,112
300,235,68,110
302,235,67,116
298,238,64,108
299,242,68,104
298,241,64,111
294,235,67,113
298,242,73,109
297,243,80,105
303,235,78,104
306,225,85,109
314,216,84,115
323,203,77,117
331,198,74,111
337,187,67,107
335,181,66,110
334,176,63,113
250,210,61,102
250,207,60,104
249,209,61,100
252,211,61,100
252,207,61,106
252,204,61,107
251,209,61,104
253,204,64,109
251,198,63,115
251,200,66,113
251,196,86,118
249,189,91,124
248,177,90,136
248,173,93,138
244,168,98,141
251,167,89,149
248,160,90,156
244,156,87,159
247,159,84,157
249,159,84,157
249,154,80,160
251,154,75,157
250,164,78,155
249,153,68,163
246,166,72,142
247,176,68,134
242,200,76,115
235,206,65,111
231,197,64,119
228,202,74,113
224,196,75,117
222,201,80,124
223,209,72,112
228,214,82,116
234,216,83,121
245,219,81,125
256,218,72,130
274,224,65,128
286,225,65,128
288,224,64,130
293,228,69,123
305,233,59,119
308,230,66,122
311,227,72,121
309,229,71,119
317,220,69,126
324,224,71,117
328,213,74,126
333,212,67,121
332,207,67,126
335,204,66,121
338,201,65,115
339,199,61,115
337,199,62,118
324,191,72,116
323,191,71,113
327,191,62,114
319,189,68,118
312,175,69,114
308,173,72,117
310,177,67,112
308,171,65,120
310,162,57,118
258,179,61,119
310,166,54,113
311,168,48,105
310,170,46,105
286,177,54,110
273,176,64,113
295,171,57,115
294,173,59,110
306,169,48,107
305,163,48,113
305,164,48,106
307,162,48,109
308,164,47,111
307,170,43,108
302,191,40,98
267,180,51,104
268,183,59,112
261,179,64,126
256,175,70,127
254,180,71,127
252,169,62,137
251,176,60,133
253,183,55,130
283,182,62,124
257,189,86,119
258,189,90,115
256,187,87,117
256,185,94,122
252,192,91,120
252,189,95,118
252,195,86,118
252,193,66,123
253,202,66,117
250,210,69,114
253,214,66,115
251,216,70,118
248,219,67,116
248,221,72,112
250,218,69,121
247,220,71,120
250,222,67,115
247,218,67,117
249,218,65,121
247,216,69,118
243,215,69,119
244,215,72,112
247,218,67,110
245,216,71,112
243,215,69,118
243,215,71,123
243,215,68,119
242,215,72,118
242,214,72,116
244,215,72,115
243,215,68,119
244,215,71,127
244,213,71,122
243,214,68,114
243,218,67,112
244,217,65,119
242,216,67,120
246,213,67,122
244,212,68,123
241,214,66,125
245,215,61,117
245,222,65,112
246,216,65,122
246,214,66,126
247,216,66,116
246,216,64,118
244,217,64,121
245,215,64,124
246,219,67,118
242,217,63,118
243,216,65,123
244,215,62,121
242,211,64,127
245,216,66,120
244,216,66,117
245,216,66,116
244,217,67,118
244,217,65,121
243,215,65,127
244,215,63,122
244,218,63,118
244,217,61,115
244,220,61,107
245,218,63,108
247,221,63,109
248,218,63,121
246,215,65,116
245,218,65,115
244,216,63,122
245,217,62,119
244,216,72,121
243,217,61,119
245,216,63,119
244,217,65,115
246,219,64,120
244,216,65,122
244,220,62,108
245,215,71,118
245,216,70,121
245,216,66,119
244,216,65,118
247,220,64,117
243,213,66,129
243,216,65,121
244,217,64,121
245,216,71,121
244,215,65,123
245,217,63,124
245,217,65,119
245,216,67,118
244,217,66,121
245,219,64,121
243,213,69,121
244,215,81,127
241,215,74,119
244,216,65,121
244,216,63,124
244,213,72,127
245,215,69,119
246,216,69,121
244,213,68,121
241,217,72,122
243,219,68,112
243,219,64,114
244,214,72,118
247,219,65,121
245,212,66,124
242,212,69,126
244,215,70,123
243,214,66,123
244,216,64,121
244,216,67,121
244,216,64,125
245,218,60,121
244,217,62,118
244,214,64,124
246,218,62,122
246,218,61,121
245,218,64,112
246,218,62,117
244,219,63,118
243,219,63,123
246,218,63,122
247,218,64,122
247,218,68,116
244,211,81,125
244,215,76,118
245,215,77,118
244,215,74,120
244,214,70,121
243,218,71,115
244,216,72,122
243,217,70,114
244,216,71,117
245,214,71,119
244,216,70,124
245,216,67,119
243,216,70,121
246,214,70,122
244,213,71,121
243,216,70,119
242,218,71,116
242,218,68,117
243,215,68,113
246,220,66,117
245,217,68,112
244,217,67,119
243,218,67,116
243,217,67,117
243,214,65,121
245,217,70,116
245,215,69,124
241,214,69,114
243,220,67,117
245,217,67,118
246,215,67,121
245,216,69,122
246,218,65,115
243,216,67,120
247,218,66,120
246,216,63,125
245,217,66,124
243,213,68,116
244,217,70,111
245,217,70,105
246,216,68,99
244,218,67,103
244,215,75,103
237,217,69,105
234,216,68,104
230,217,69,107
225,217,64,106
220,215,66,110
215,216,67,119
210,214,67,110
205,217,68,112
199,213,68,108
196,218,67,104
195,211,65,105
193,212,65,105
193,210,66,107
193,214,66,102
191,216,66,108
195,213,63,115
191,206,65,121
194,208,65,116
196,207,65,124
193,204,68,118
193,211,66,116
192,207,65,117
194,214,66,115
193,209,68,118
194,207,66,117
196,209,64,119
195,204,67,125
193,202,69,127
194,205,67,123
193,203,68,127
193,207,68,119
192,204,67,124
194,208,66,122
193,205,66,123
194,209,66,122
192,207,66,117
191,208,67,121
192,207,67,124
190,205,66,122
192,206,66,124
192,203,65,125
194,198,66,131
191,203,67,123
192,202,67,125
194,206,65,121
195,203,66,127
192,207,67,123
195,206,62,119
194,207,67,118
194,209,66,122
192,203,67,127
190,205,68,128
195,206,67,122
193,205,67,121
192,210,67,117
194,205,66,126
191,201,70,131
191,204,69,122
192,206,67,120
195,209,68,125
193,205,67,118
193,210,65,117
196,212,65,114
193,212,64,108
195,206,66,119
194,207,64,124
192,205,69,124
193,201,66,125
193,200,66,128
191,201,67,130
194,203,68,125
192,203,68,125
195,202,69,127
194,205,67,121
193,203,64,126
194,203,68,128
194,196,66,131
191,205,68,122
190,201,67,128
194,204,65,125
194,204,64,127
193,202,65,129
194,206,67,123
195,201,64,128
191,201,65,128
190,206,67,123
194,203,64,125
192,208,66,120
194,205,63,127
194,205,63,120
195,201,68,128
193,206,69,123
195,203,64,123
192,208,65,118
194,205,66,122
192,204,65,125
192,206,67,118
193,206,66,122
194,203,64,126
194,200,65,131
191,203,69,131
191,201,71,124
192,206,67,116
194,212,66,112
190,210,65,103
194,204,66,114
195,207,65,107
194,208,66,108
195,210,64,109
188,206,67,110
185,200,68,120
184,194,65,119
182,188,65,124
179,185,65,121
180,182,64,115
180,180,62,112
181,182,62,103
181,177,62,104
180,174,59,102
179,172,61,100
179,172,61,103
183,182,62,95
180,173,61,104
178,176,58,105
180,175,61,110
179,176,61,110
180,178,61,108
179,174,61,112
179,174,60,115
177,180,59,101
181,181,59,101
176,175,59,102
180,174,61,108
177,174,59,107
179,175,61,110
182,169,59,119
179,173,61,114
180,172,62,116
179,172,61,117
180,174,60,112
177,173,60,112
177,175,59,109
179,181,60,102
180,177,62,108
178,179,61,103
179,177,62,107
178,176,60,106
179,174,60,107
178,176,56,107
180,176,62,111
182,176,60,109
181,180,61,105
181,175,61,114
179,178,61,106
177,175,60,111
177,177,60,110
181,174,62,112
177,174,59,110
180,173,63,115
181,168,62,118
177,178,61,109
177,177,59,102
180,175,61,105
179,176,61,107
176,173,61,114
180,173,62,113
181,180,61,101
177,172,62,113
182,181,58,108
177,179,60,103
179,171,58,116
177,176,61,111
177,176,60,110
179,177,60,109
177,174,60,109
178,175,60,109
179,175,59,108
181,173,61,110
177,168,63,120
179,175,62,114
178,171,59,115
180,172,61,112
176,178,61,109
178,176,62,107
179,175,58,110
182,169,61,120
178,169,60,119
178,169,60,119
180,173,61,118
178,169,62,115
177,176,61,114
176,172,62,116
174,172,59,113
177,169,60,119
177,170,61,119
180,176,62,108
180,174,61,112
180,181,64,102
177,176,59,107
183,177,61,107
177,175,59,113
179,173,63,114
183,172,62,114
180,173,61,115
176,172,60,113
178,174,59,113
175,172,59,111
180,176,60,106
174,175,59,106
180,172,62,113
179,171,62,115
179,169,62,119
182,176,56,110
181,175,62,108
176,170,61,115
177,171,60,116
179,172,63,114
178,175,60,109
178,174,61,112
178,176,57,111
180,172,57,113
180,172,64,111
178,173,60,110
179,176,63,106
182,177,62,106
178,176,62,109
180,175,63,113
181,173,61,114
182,171,61,114
178,177,60,108
177,177,59,105
177,174,57,109
177,173,60,115
180,177,61,106
180,173,62,111
178,172,62,112
178,173,57,112
178,169,62,120
179,170,61,117
180,175,60,109
179,175,58,109
177,177,61,103
178,175,62,106
180,177,63,108
178,175,61,107
181,174,63,113
177,172,65,108
178,174,67,116
181,169,63,119
180,172,64,121
177,176,63,109
179,170,65,117
177,166,68,122
179,161,62,126
179,166,60,120
182,172,62,115
184,172,62,115
178,179,60,110
178,172,59,114
180,171,60,117
176,175,62,115
178,175,59,110
178,182,63,105
179,173,58,112
177,177,58,111
179,175,58,114
178,174,60,111
178,170,59,115
180,176,61,110
177,170,61,116
179,168,56,121
175,162,59,125
181,176,62,111
180,168,61,120
182,176,61,114
179,172,59,112
176,168,59,122
179,173,59,112
178,172,60,115
175,172,59,116
182,177,62,109
180,182,60,102
179,179,58,106
181,176,58,107
176,178,59,107
180,179,59,104
180,180,60,104
177,179,58,105
180,173,60,112
179,173,60,115
178,173,58,112
180,171,61,116
181,166,62,121
177,171,59,115
181,174,62,116
180,164,62,122
181,167,63,118
183,171,61,118
180,170,60,114
179,178,61,107
178,177,59,107
179,173,60,112
178,174,60,113
178,171,61,117
182,172,62,114
177,173,61,113
180,168,60,117
180,173,58,114
179,180,59,106
178,171,60,116
178,172,59,110
179,174,61,112
181,178,59,108
182,173,62,114
183,168,61,119
181,174,62,111
179,176,58,110
180,172,58,116
181,172,61,112
180,169,60,118
179,173,62,115
178,174,61,107
178,174,59,110
180,178,61,102
176,176,59,104
181,178,62,102
176,176,60,103
178,174,62,108
177,177,60,108
176,177,58,105
178,179,62,103
182,181,60,104
180,176,59,108
179,174,61,116
179,175,60,110
177,173,60,115
182,167,61,120
180,170,62,120
180,175,58,110
179,176,59,108
182,172,61,115
177,173,61,117
178,174,60,115
177,176,59,105
179,174,63,110
179,174,58,114
182,175,63,114
176,172,59,113
180,178,62,107
181,171,61,114
180,176,61,111
181,171,59,113
180,172,58,114
180,178,60,108
180,179,60,106
183,180,62,105
180,172,59,109
182,174,63,112
178,174,59,111
178,169,58,117
177,166,61,120
178,174,60,113
181,174,60,111
181,179,60,109
179,169,57,120
181,175,60,108
181,180,60,104
184,172,60,113
181,168,59,121
178,164,60,127
180,167,62,125
180,163,62,124
178,172,62,114
177,174,60,110
179,174,60,109
181,178,61,104
181,180,60,106
176,175,59,105
176,175,59,109
176,174,60,106
180,173,61,111
178,170,61,117
183,168,62,122
181,166,64,122
183,175,62,108
182,175,60,108
184,178,61,105
179,172,60,114
179,179,63,104
179,181,61,104
182,174,60,110
182,176,61,108
183,175,61,109
180,179,60,106
180,177,59,105
183,178,61,105
182,177,63,104
182,183,58,100
182,181,61,106
180,174,61,110
179,180,60,104
178,180,59,103
180,178,61,103
179,176,59,111
182,171,61,115
181,170,60,119
182,177,62,111
180,176,59,107
180,176,60,109
181,177,62,104
176,180,59,100
179,186,62,96
182,187,61,94
181,181,59,104
179,181,60,102
181,183,61,100
184,187,62,96
178,181,61,103
180,178,59,105
178,180,60,102
181,173,60,113
181,183,62,103
179,183,60,100
182,178,65,107
178,171,57,114
180,176,61,108
180,181,59,103
182,173,63,113
181,168,62,121
176,162,60,127
182,171,64,116
179,173,65,115
179,175,61,108
182,173,61,112
179,172,63,116
179,170,59,116
180,170,64,120
179,168,62,119
183,174,62,113
178,170,58,115
178,171,59,113
179,177,60,107
181,176,60,108
179,175,59,109
179,172,60,115
179,174,58,111
178,178,58,105
180,178,62,106
182,180,59,103
178,173,59,114
177,176,58,110
182,176,62,109
180,181,61,103
181,181,61,101
180,177,59,103
181,184,61,99
181,182,61,100
183,182,61,99
182,175,61,109
181,172,58,115
178,165,59,124
181,174,62,114
177,163,62,126
181,165,63,125
180,177,63,109
180,181,61,99
180,175,59,107
180,176,63,107
183,177,60,107
180,180,58,102
181,185,60,97
182,187,59,93
181,183,61,98
180,182,59,103
179,184,59,100
180,176,60,110
182,174,62,113
180,178,61,106
179,179,59,104
181,178,59,106
181,177,60,105
182,182,59,103
181,180,62,109
181,182,58,101
183,176,62,108
182,179,59,98
182,174,60,107
179,179,58,105
181,180,61,107
181,177,62,104
182,177,63,106
182,183,59,101
181,181,60,103
181,182,61,100
184,176,62,108
181,177,58,106
179,180,60,103
178,175,58,108
182,173,63,112
178,179,59,106
181,178,60,107
180,177,60,109
180,181,59,103
176,174,58,109
183,173,61,114
180,169,61,118
180,169,64,118
180,171,62,111
177,180,60,102
180,176,63,108
179,177,61,110
178,176,60,113
182,172,62,117
178,176,59,111
178,174,62,106
181,175,61,111
178,171,59,118
181,171,62,113
179,177,60,104
178,180,62,105
181,176,60,107
175,178,63,108
180,171,61,118
182,169,63,120
184,166,61,118
180,168,60,121
181,175,59,115
183,172,62,114
179,175,59,114
184,175,61,110
182,171,60,115
181,175,62,113
180,175,60,115
181,174,62,111
182,174,62,115
180,169,60,118
181,174,60,113
181,171,61,114
176,176,58,111
178,176,61,103
181,180,64,100
179,183,59,105
177,176,61,107
178,173,59,114
182,175,62,112
180,170,61,113
181,180,59,106
183,173,62,112
180,174,61,114
182,178,60,109
183,181,61,103
179,174,59,112
180,172,62,113
182,179,61,110
185,173,61,115
184,177,60,110
183,176,59,112
180,182,58,104
180,180,62,109
183,174,62,112
183,170,59,119
179,167,59,121
181,167,60,120
178,177,58,112
180,176,60,111
177,176,59,111
183,176,61,108
181,181,58,103
182,179,60,106
177,174,59,111
180,174,59,114
181,176,57,109
182,179,61,104
183,180,59,99
179,176,56,108
183,179,60,106
181,174,60,113
181,175,62,112
181,181,60,101
185,177,61,107
181,176,58,110
181,176,62,108
184,178,61,106
182,176,60,111
177,174,57,110
179,177,59,107
179,176,60,111
179,177,59,109
181,172,59,117
179,172,59,110
179,179,58,102
182,175,61,107
178,172,58,110
181,175,63,110
178,173,59,113
181,178,60,108
179,181,58,98
180,186,58,96
180,185,58,98
182,182,60,105
182,181,60,106
181,178,61,110
181,178,64,110
180,179,60,104
183,179,59,104
179,170,61,114
178,172,59,113
181,178,62,105
178,183,58,102
180,178,61,102
180,179,59,103
179,183,58,99
179,181,58,103
183,180,60,104
181,180,59,102
179,180,59,101
179,181,58,102
181,180,60,105
180,180,58,105
180,177,60,109
179,175,61,109
179,177,58,110
185,174,60,112
175,175,61,111
179,173,61,113
181,171,61,117
180,166,60,116
180,177,63,107
179,175,60,111
176,181,60,106
181,174,63,109
179,179,58,109
176,174,60,114
175,180,62,104
180,178,61,105
182,178,62,110
180,176,60,106
176,176,59,109
181,178,60,111
180,181,58,102
181,177,61,108
182,180,59,101
182,184,59,98
178,178,60,105
183,173,62,113
179,174,61,110
178,179,61,109
181,181,60,101
177,183,58,101
182,182,60,101
181,177,58,107
181,174,60,115
178,178,60,111
179,174,61,112
179,177,59,107
179,177,60,109
181,178,59,109
181,175,59,112
179,175,60,110
180,173,61,112
180,167,61,121
178,173,62,112
181,168,60,115
179,178,61,110
179,184,59,98
181,181,61,101
177,174,62,109
182,178,65,104
180,175,61,109
184,172,64,115
177,173,63,114
178,173,61,113
182,170,63,117
178,175,62,110
180,175,59,112
182,177,61,109
182,175,58,111
181,178,59,104
180,171,58,113
179,168,62,121
178,171,61,118
178,172,61,113
182,178,61,108
181,177,59,110
180,177,61,108
178,177,61,111
178,172,64,114
182,167,61,123
181,170,61,119
180,172,62,115
176,180,59,106
177,173,60,113
183,183,60,103
180,178,62,108
179,177,62,106
182,176,63,110
178,180,60,104
181,173,60,113
182,177,61,110
178,177,60,107
178,172,61,111
180,178,59,108
177,174,62,114
178,173,60,110
177,180,57,103
182,179,61,108
182,172,60,116
179,175,61,113
181,168,61,120
179,175,60,111
178,169,59,120
179,171,58,113
182,171,60,114
180,172,61,116
178,168,62,124
176,172,60,116
180,165,62,123
184,171,63,115
180,165,61,125
182,163,60,127
179,162,63,122
184,174,65,113
181,168,63,119
178,163,61,124
177,166,62,122
180,174,60,115
179,176,60,115
179,168,60,122
179,172,58,117
181,175,58,115
180,173,62,114
180,170,65,120
180,172,61,109
179,175,60,109
180,177,59,108
181,173,62,112
178,177,61,108
179,173,65,114
181,172,63,114
180,170,62,118
181,170,63,114
181,183,60,105
181,178,59,112
181,181,57,108
183,181,58,110
182,182,57,110
182,181,57,110
181,177,56,114
179,175,61,115
176,177,66,111
179,168,61,120
179,182,63,106
180,184,65,108
182,189,74,106
186,194,82,111
191,190,85,117
190,185,94,127
203,198,85,123
221,216,81,126
239,221,78,133
236,221,76,132
247,231,68,131
250,232,71,127
250,232,70,121
250,243,76,115
250,226,71,126
256,232,72,126
254,228,71,129
256,232,71,126
257,228,69,129
254,227,69,128
253,226,71,129
257,226,75,131
260,227,66,132
260,224,72,135
257,226,74,132
260,231,72,127
258,227,71,130
259,229,68,127
259,228,70,127
259,233,72,125
256,232,74,122
256,227,74,129
259,229,72,132
258,229,71,130
257,228,72,130
259,229,72,128
258,227,72,131
256,232,73,123
258,230,72,129
258,229,72,128
260,222,69,137
260,224,69,132
260,231,70,129
257,221,65,131
256,228,72,127
260,220,68,139
259,221,67,135
253,221,69,135
258,222,72,135
256,229,73,128
256,223,73,135
259,219,66,139
261,225,64,133
255,234,68,123
259,230,73,126
257,228,69,130
261,220,69,139
262,228,69,134
253,219,68,134
259,221,67,135
259,230,69,124
263,226,68,129
259,226,69,132
256,224,68,134
257,224,67,130
259,219,69,141
256,216,68,144
253,218,73,134
256,225,72,134
258,220,70,138
258,228,68,129
259,227,65,132
258,231,67,128
260,231,71,129
254,225,72,131
257,221,69,136
262,227,69,132
257,219,69,136
259,234,72,128
259,237,74,124
256,230,74,130
260,228,67,128
259,227,72,134
260,224,70,136
258,226,69,133
258,232,71,126
257,233,71,126
257,228,64,126
254,224,65,126
257,226,68,128
261,224,69,130
263,224,68,137
257,221,66,138
260,230,75,130
256,236,72,120
259,233,70,124
259,231,67,129
260,235,68,124
257,238,67,119
257,242,68,114
255,238,67,120
259,245,68,114
260,246,68,109
260,247,66,113
259,237,66,120
261,232,69,127
259,226,72,127
258,233,68,122
257,231,68,124
256,230,70,127
259,231,67,127
261,226,67,128
258,228,69,129
255,227,70,132
256,228,70,130
258,231,65,129
257,228,68,129
258,227,72,131
259,235,69,125
261,230,69,129
257,230,71,128
261,223,70,134
256,221,76,139
253,228,73,125
259,227,72,130
257,221,69,133
260,220,71,140
256,230,72,129
255,222,72,133
258,219,71,141
257,226,67,132
260,223,68,136
255,225,69,131
257,229,68,127
259,226,67,129
258,225,68,129
254,226,73,129
256,228,70,127
254,226,73,131
252,225,70,128
256,224,72,134
257,232,69,121
256,230,70,125
257,231,70,125
256,232,69,123
254,224,71,129
255,224,74,133
257,229,70,124
258,232,71,126
254,225,73,128
256,224,73,133
259,233,70,123
253,225,76,130
257,229,71,130
259,228,69,129
256,227,71,128
255,226,71,131
253,228,69,128
254,229,74,129
255,231,70,126
257,226,69,131
256,230,69,124
256,236,72,125
255,227,73,127
257,230,70,125
257,222,70,132
256,229,74,128
257,227,72,126
255,231,72,127
256,230,70,125
257,227,71,129
254,226,73,133
254,232,72,125
256,229,72,126
256,232,70,124
259,227,70,127
256,227,71,129
257,223,70,138
255,230,70,125
257,228,70,130
255,228,71,129
258,227,71,130
258,223,72,137
256,223,72,135
252,220,72,133
256,228,70,128
257,223,73,130
259,218,76,126
270,225,75,120
281,227,74,117
291,212,73,126
300,210,78,126
305,205,85,126
312,206,89,119
320,202,93,120
327,193,99,124
332,201,102,114
339,200,102,114
350,199,94,118
357,197,92,115
361,199,99,114
364,206,100,103
369,198,101,109
370,199,99,105
375,201,97,100
373,187,97,110
375,183,94,106
377,184,97,98
381,175,91,99
389,168,90,103
389,168,90,103
403,162,88,93
411,163,82,89
417,156,81,91
421,160,78,82
425,153,76,84
422,161,83,80
417,163,88,81
416,163,84,83
413,167,83,81
408,175,83,73
389,183,98,69
376,186,107,67
363,193,110,67
363,193,110,67
376,205,100,58
372,213,103,68
372,213,103,68
305,223,88,68
317,247,79,76
321,277,70,74
415,181,49,82
322,284,54,74
291,180,50,73
313,297,57,63
305,297,57,62
299,294,63,62
297,295,58,63
288,293,53,65
279,287,52,64
270,283,55,60
263,279,49,56
260,277,41,60
256,274,41,56
248,270,40,56
243,267,39,57
239,265,41,56
241,264,39,56
237,261,38,57
233,257,38,58
230,255,38,59
230,250,36,59
231,250,37,59
230,251,36,57
231,250,36,57
231,250,36,57
231,250,37,57
232,250,35,56
230,250,35,58
231,250,35,56
232,249,37,59
233,249,37,58
232,252,36,56
231,252,37,56
231,251,36,56
232,250,36,55
232,250,36,58
232,251,36,56
230,250,37,56
232,250,36,57
231,251,38,58
231,251,36,56
231,250,36,57
232,251,37,58
227,249,36,57
225,249,38,58
225,249,38,56
224,249,39,58
223,249,39,58
223,250,40,59
224,250,41,59
223,255,38,60
224,254,37,58
227,261,38,54
230,262,39,55
232,262,38,55
237,260,39,57
234,260,40,57
238,255,42,56
242,251,41,56
244,245,43,56
247,237,44,56
245,233,46,58
247,222,50,58
251,207,56,57
251,191,63,60
245,176,55,70
271,158,68,73
256,167,89,87
256,167,89,87
256,167,89,87
256,167,89,87
256,167,89,87
256,167,89,87
256,167,89,87
256,167,89,87
256,167,89,87
256,167,89,87
256,167,89,87
327,154,99,98
327,154,99,98
293,156,100,90
272,166,123,94
288,171,108,94
281,203,113,74
278,224,118,58
272,233,135,61
271,238,138,58
274,234,141,59
269,230,147,59
281,225,142,62
292,227,133,60
292,221,133,60
294,220,139,62
293,215,140,70
292,209,142,81
289,201,143,92
287,202,139,98
286,201,128,105
288,200,112,117
292,202,99,125
289,210,84,123
283,214,80,119
271,208,86,115
263,207,74,116
262,214,65,109
256,219,65,105
253,224,63,107
246,226,58,107
241,224,63,113
239,219,55,116
239,230,54,108
236,219,57,117
236,224,56,113
237,231,52,104
235,228,53,108
236,226,59,111
237,224,57,114
237,222,58,115
234,220,54,118
232,217,61,120
234,209,61,125
232,216,57,117
233,213,61,117
235,211,62,125
233,207,62,126
235,214,62,118
237,212,63,123
236,212,64,121
237,209,64,125
235,216,62,116
236,210,61,120
235,211,61,113
235,212,61,111
236,212,61,113
238,212,61,119
235,209,62,125
231,207,65,126
232,213,63,122
236,213,61,118
233,211,60,116
231,213,60,119
236,212,61,121
236,211,63,124
234,209,63,123
233,210,61,123
232,207,62,126
229,203,64,131
236,210,61,123
233,204,62,133
231,205,63,132
236,212,58,122
232,212,61,118
234,218,63,118
230,213,59,116
235,213,64,113
233,211,63,123
232,211,61,125
233,208,62,124
235,213,61,121
235,211,64,112
234,210,64,122
230,209,60,119
236,207,64,125
234,204,62,128
231,203,62,130
232,213,63,122
230,210,62,122
232,204,60,130
235,203,63,132
234,205,64,129
232,206,64,128
231,207,64,125
231,206,63,126
232,206,62,130
237,207,63,131
230,207,67,123
235,207,65,131
234,210,62,125
234,208,60,124
232,213,59,121
233,211,60,119
232,210,62,117
233,213,62,117
235,214,60,117
231,211,59,118
232,206,59,126
233,209,65,124
234,208,64,127
232,206,58,129
234,212,62,121
233,208,62,126
229,214,60,120
231,212,60,123
233,208,61,125
232,207,60,126
235,206,59,130
231,209,62,124
233,211,63,124
231,211,60,123
233,207,63,129
232,205,62,130
227,203,62,127
231,202,62,131
232,210,59,123
236,207,65,131
233,208,66,127
229,204,60,130
230,207,58,125
234,208,66,124
232,209,64,124
233,206,64,129
230,208,68,126
230,206,67,123
232,210,65,121
234,204,64,130
230,200,64,132
231,207,62,128
230,208,64,124
232,209,62,125
237,218,63,115
234,213,61,115
234,210,63,124
233,213,60,119
233,215,61,119
231,210,63,121
232,214,61,119
233,212,63,122
238,210,62,125
235,207,61,123
234,211,62,123
235,212,63,121
230,211,61,121
235,208,61,129
236,202,64,133
231,208,61,127
234,204,61,130
235,205,62,130
232,206,62,125
230,198,61,134
