542,231,50,72
523,231,52,67
512,229,51,68
498,224,55,74
492,224,52,71
486,226,53,66
479,230,55,58
469,231,59,68
463,234,54,66
453,236,61,64
455,230,53,72
449,228,51,77
445,225,50,86
431,226,57,79
430,223,51,86
417,214,56,92
408,207,62,101
408,207,62,101
392,199,71,103
392,199,71,103
392,199,71,103
392,199,71,103
392,199,71,103
392,199,71,103
392,199,71,103
392,199,71,103
392,199,71,103
340,206,76,95
340,206,76,95
334,207,73,99
344,206,70,95
342,206,63,95
330,205,75,99
345,202,91,88
321,205,87,90
320,204,85,83
332,210,78,94
323,200,82,112
323,200,82,112
323,200,82,112
342,194,66,112
332,192,75,116
335,192,70,111
336,204,67,113
336,204,67,113
360,196,73,132
368,180,60,157
370,179,70,163
378,177,60,164
378,177,60,164
387,180,56,157
387,180,56,157
387,180,56,157
387,180,56,157
387,180,56,157
387,180,56,157
387,180,56,157
387,180,56,157
387,180,56,157
387,180,56,157
387,180,56,157
387,180,56,157
387,180,56,157
387,180,56,157
387,180,56,157
387,180,56,157
387,180,56,157
387,180,56,157
387,180,56,157
387,180,56,157
387,180,56,157
387,180,56,157
387,180,56,157
387,180,56,157
387,180,56,157
387,180,56,157
387,180,56,157
387,180,56,157
387,180,56,157
387,180,56,157
387,180,56,157
387,180,56,157
387,180,56,157
387,180,56,157
387,180,56,157
387,180,56,157
387,180,56,157
387,180,56,157
387,180,56,157
387,180,56,157
387,180,56,157
387,180,56,157
387,180,56,157
387,180,56,157
387,180,56,157
387,180,56,157
387,180,56,157
387,180,56,157
387,180,56,157
387,180,56,157
387,180,56,157
387,180,56,157
387,180,56,157
387,180,56,157
387,180,56,157
387,180,56,157
387,180,56,157
387,180,56,157
387,180,56,157
387,180,56,157
387,180,56,157
387,180,56,157
387,180,56,157
387,180,56,157
387,180,56,157
387,180,56,157
387,180,56,157
387,180,56,157
387,180,56,157
387,180,56,157
387,180,56,157
387,180,56,157
387,180,56,157
387,180,56,157
387,180,56,157
387,180,56,157
387,180,56,157
387,180,56,157
387,180,56,157
387,180,56,157
387,180,56,157
387,180,56,157
387,180,56,157
387,180,56,157
387,180,56,157
387,180,56,157
387,180,56,157
387,180,56,157
387,180,56,157
387,180,56,157
387,180,56,157
387,180,56,157
387,180,56,157
387,180,56,157
387,180,56,157
387,180,56,157
387,180,56,157
387,180,56,157
387,180,56,157
358,182,59,151
358,182,59,151
358,182,59,151
358,182,59,151
358,182,59,151
358,182,59,151
358,182,59,151
352,183,70,142
336,187,86,129
337,186,108,122
338,194,102,128
339,189,108,101
344,188,101,102
348,188,88,115
352,187,83,121
354,186,82,115
356,185,84,115
355,185,88,116
358,185,86,115
362,184,81,116
366,185,82,116
361,209,95,118
371,209,97,123
372,203,98,132
377,192,97,152
374,181,114,163
374,181,114,163
374,181,114,163
374,181,114,163
374,181,114,163
374,181,114,163
374,181,114,163
374,181,114,163
415,178,75,154
404,185,89,148
403,192,88,141
406,202,85,130
400,191,84,140
398,179,85,147
399,169,83,158
387,165,92,175
391,173,83,184
387,171,84,172
385,170,86,169
381,177,89,174
377,173,89,166
381,201,89,167
372,190,100,174
367,186,99,152
372,174,94,152
342,209,123,133
341,206,122,120
333,209,133,122
327,198,144,140
337,187,135,155
347,175,121,170
341,179,127,183
356,184,115,175
357,187,107,185
370,184,93,196
376,179,90,201
390,177,76,191
395,160,75,221
383,160,93,220
380,177,85,223
383,161,90,223
381,175,91,210
384,169,97,209
384,169,92,210
386,175,91,196
388,175,89,201
391,181,87,195
395,192,90,185
394,160,94,201
392,166,98,215
397,174,96,205
398,192,95,190
396,159,105,218
400,175,97,209
400,184,99,199
412,196,87,182
414,198,87,178
413,203,89,176
419,195,85,178
416,196,88,182
415,193,91,182
417,193,88,182
420,182,83,190
423,171,86,211
418,161,88,218
423,176,81,202
423,179,84,196
423,178,82,197
431,180,75,195
423,180,80,203
421,181,84,195
421,181,84,196
420,182,82,195
426,184,78,188
422,167,88,216
422,159,88,218
418,170,94,210
420,158,90,222
420,162,89,214
420,168,89,210
420,173,89,207
422,164,89,216
419,160,92,221
424,161,87,223
417,166,91,214
418,172,91,206
420,165,93,214
421,169,88,213
418,161,92,218
420,161,92,222
422,161,88,220
419,159,92,223
416,162,93,216
421,166,87,215
424,159,87,221
429,157,82,224
424,158,85,227
420,154,87,228
418,153,89,229
418,162,91,214
421,179,89,198
426,168,84,212
425,165,84,216
430,158,78,223
422,168,88,216
428,156,82,223
426,156,88,227
423,160,86,219
429,160,77,218
422,155,85,228
417,154,95,226
423,162,81,219
422,158,84,222
422,155,86,223
424,158,77,223
425,158,81,224
423,160,79,219
422,158,86,225
420,161,87,218
419,166,87,215
416,161,91,218
420,171,83,208
422,172,84,206
429,173,77,207
425,176,77,209
422,179,78,205
429,181,73,197
434,184,72,199
418,173,91,211
420,169,86,213
425,170,76,209
425,180,80,202
422,182,84,197
422,177,86,201
422,177,88,202
420,175,93,205
430,174,82,208
431,167,81,211
429,170,84,207
434,186,78,186
424,184,88,188
430,185,88,189
431,186,86,189
426,185,89,187
430,189,89,184
425,184,93,191
443,189,76,176
437,187,82,188
435,183,83,192
433,183,88,191
429,185,86,186
424,186,90,189
435,181,75,192
439,187,78,194
435,182,84,195
424,182,108,199
434,184,97,193
429,182,96,197
423,181,103,203
423,182,97,197
423,179,93,202
426,174,84,207
422,177,86,203
423,178,87,201
425,181,85,196
416,180,86,199
417,181,94,196
412,177,98,202
412,175,104,207
413,181,102,197
414,175,101,204
413,172,99,207
409,172,107,207
417,175,102,204
420,169,90,212
418,165,95,214
422,183,91,193
418,177,90,199
422,173,90,202
425,166,83,211
418,160,91,219
420,180,90,196
420,174,91,202
421,169,80,203
424,175,85,204
422,179,89,197
420,175,82,199
421,170,85,210
417,165,87,212
419,158,88,219
418,178,87,200
417,180,92,198
419,177,84,199
413,176,96,199
418,185,84,190
423,179,85,198
421,179,88,197
427,176,80,196
425,172,84,206
429,173,77,200
434,165,77,209
433,165,81,213
425,160,85,217
423,173,97,205
428,171,92,205
431,177,87,201
434,174,85,204
428,183,91,189
439,189,75,182
449,188,71,185
460,191,59,184
436,188,87,191
431,195,91,177
448,197,76,168
459,199,67,173
438,197,85,176
444,195,72,178
448,194,73,182
445,189,84,186
444,191,75,183
447,187,80,188
445,188,95,187
426,178,89,204
437,181,84,192
441,183,79,191
435,182,84,191
430,185,78,189
428,184,84,193
432,185,80,189
424,176,91,200
422,172,92,207
429,177,82,199
422,174,91,204
422,179,90,200
421,176,89,201
422,183,88,194
426,182,85,196
418,198,93,179
422,177,95,204
419,182,89,195
422,181,88,195
422,176,90,200
419,176,92,202
418,173,92,205
423,175,87,201
420,177,92,198
423,187,90,188
424,185,86,190
432,185,78,192
433,168,78,209
435,176,77,205
428,181,80,195
430,177,82,204
423,180,84,199
427,182,81,193
436,183,73,193
422,171,86,207
425,188,79,187
433,191,77,185
428,183,81,196
430,179,82,194
424,170,82,207
423,175,85,201
428,178,81,197
421,181,83,195
422,182,81,195
429,194,73,182
421,202,84,175
435,196,69,184
436,208,70,170
436,185,71,191
417,195,85,185
419,192,84,187
412,179,91,197
413,166,90,207
414,155,90,222
416,151,89,225
415,159,90,214
417,156,95,218
414,161,94,217
417,150,89,226
416,160,86,214
412,155,92,220
415,157,91,220
419,153,86,225
421,162,84,216
422,174,81,202
421,180,78,195
422,180,81,194
419,169,86,206
418,165,87,210
416,161,91,215
411,154,90,220
404,163,102,212
410,164,94,210
403,182,101,193
407,157,95,218
409,156,95,218
414,166,90,211
411,166,90,209
410,165,91,210
410,179,95,198
411,175,94,204
413,172,88,209
415,176,85,201
414,167,85,209
417,172,83,203
420,174,74,201
412,158,78,220
411,164,73,204
412,168,68,187
405,169,81,177
397,163,90,167
402,184,81,190
409,164,78,212
390,167,95,204
395,169,94,180
406,166,83,207
387,165,100,217
386,161,101,224
378,164,112,248
381,168,105,261
373,153,120,262
378,167,109,264
388,163,103,245
375,169,115,256
377,162,122,255
378,163,119,266
383,155,116,266
381,161,113,257
385,171,103,255
378,161,122,265
381,168,119,257
382,167,111,257
377,179,113,244
384,162,112,231
377,165,116,259
374,191,116,235
375,173,129,248
379,191,111,238
380,149,122,243
377,161,135,247
373,173,134,238
374,173,119,251
374,158,123,269
383,175,96,248
387,149,103,239
378,159,108,266
387,191,90,237
381,173,99,213
387,182,86,211
387,185,84,226
383,186,86,244
386,167,85,214
385,176,87,218
380,186,92,227
384,170,94,210
385,173,95,214
375,182,120,209
377,204,116,215
389,159,98,232
387,162,103,231
393,172,94,230
394,162,97,252
394,172,99,245
394,166,101,236
401,165,104,235
405,171,104,225
414,164,101,207
421,168,102,215
425,166,110,208
435,166,106,212
437,163,98,217
441,167,99,218
462,167,78,205
454,171,89,206
447,163,97,215
447,164,100,212
444,164,100,222
453,167,96,241
436,162,110,233
446,166,103,206
447,163,107,217
444,163,118,220
447,161,112,205
439,186,121,227
440,171,116,254
432,170,130,255
430,167,123,259
433,169,131,259
421,167,140,262
431,167,131,258
426,166,131,259
430,164,124,261
429,162,125,258
430,168,123,248
425,167,125,258
422,162,123,258
419,163,125,258
420,164,119,259
416,162,123,257
409,161,130,260
405,160,132,260
397,158,135,261
390,159,128,264
381,172,136,248
384,162,123,259
378,161,126,258
370,159,133,245
364,170,131,220
364,165,128,202
366,214,120,209
354,172,130,200
346,175,131,198
338,170,131,211
322,176,141,221
324,180,131,240
306,172,141,255
290,173,148,252
309,181,120,246
304,170,121,257
296,177,119,244
290,173,121,251
287,184,120,247
280,194,123,237
274,205,128,221
267,164,130,232
254,172,141,258
265,178,133,249
263,185,122,245
258,178,128,252
259,174,124,258
258,169,118,252
260,171,112,260
259,168,107,254
260,171,100,258
256,179,98,252
250,174,109,258
244,176,106,246
237,180,113,240
234,179,117,249
226,178,116,248
222,181,113,243
211,187,128,243
216,181,114,249
214,182,110,244
213,182,106,244
218,180,94,244
212,179,100,249
212,182,99,245
214,182,98,250
212,178,101,249
213,185,100,246
212,181,104,247
220,184,97,240
216,175,100,253
222,173,95,253
216,172,105,258
213,173,109,251
215,176,106,252
218,176,109,248
215,171,112,252
214,173,121,250
220,173,108,251
223,174,107,245
224,174,108,240
225,171,92,240
226,172,95,245
222,169,88,259
227,172,80,257
228,165,70,259
226,171,70,259
222,169,71,260
217,170,77,261
219,165,79,258
218,171,79,244
213,172,88,240
213,171,88,253
216,174,91,256
212,179,94,253
200,172,104,251
219,181,86,243
226,174,77,233
226,175,74,224
227,176,75,212
216,177,86,203
217,178,82,203
212,175,88,209
214,179,86,206
214,179,83,202
211,179,87,209
214,184,83,204
216,179,79,210
218,178,77,216
213,178,83,222
204,176,92,228
211,180,85,246
194,173,98,245
198,180,96,248
198,177,100,246
197,175,99,253
198,176,97,252
200,174,96,251
198,178,96,254
199,175,98,250
198,181,98,243
195,173,102,253
196,179,99,249
196,174,100,252
199,181,98,247
202,175,94,251
200,178,95,251
200,173,96,256
198,177,97,251
199,179,96,250
199,175,98,252
199,180,93,249
197,177,97,244
199,181,94,252
198,180,99,248
200,183,96,245
202,178,95,249
199,180,96,252
200,181,95,244
203,181,92,249
203,179,93,246
201,179,95,251
201,178,101,246
201,183,97,243
202,178,97,249
202,177,99,246
200,182,104,245
205,178,99,245
205,178,100,244
206,180,99,246
209,177,99,247
208,177,106,245
209,180,104,240
211,182,102,236
216,177,99,235
215,181,101,248
210,173,111,249
214,177,105,247
217,180,105,239
215,177,108,243
213,177,109,247
218,175,104,243
215,170,102,255
217,174,103,248
222,171,95,234
218,177,96,215
215,177,98,202
215,176,99,204
216,176,103,213
214,177,104,199
220,176,95,205
219,178,98,197
221,177,93,188
213,174,104,189
216,177,101,184
217,173,98,182
213,188,106,160
212,198,112,160
210,177,109,173
215,180,111,175
208,177,112,183
207,178,119,184
205,181,123,181
203,177,119,191
211,180,119,182
217,180,110,177
210,178,120,153
211,213,123,148
213,187,121,175
215,177,117,158
220,184,109,171
216,176,114,158
225,203,107,149
219,180,113,155
222,187,113,173
232,183,102,154
225,185,106,146
230,204,102,134
223,185,113,142
221,192,119,153
224,186,116,144
227,202,111,129
231,182,106,148
229,184,107,147
231,181,106,151
233,182,107,150
229,179,99,151
230,187,97,153
225,173,113,164
218,174,128,162
217,172,126,166
208,172,145,171
213,169,131,189
206,172,135,193
216,173,130,183
209,172,136,193
209,173,132,191
213,173,136,191
209,172,131,204
215,176,124,190
211,175,125,189
222,176,109,194
219,179,113,186
228,182,102,185
224,182,103,197
225,181,104,194
227,180,98,212
230,180,93,211
233,180,88,208
231,182,90,210
233,180,84,234
228,177,94,243
222,180,99,248
219,181,108,240
218,187,107,212
218,188,103,235
221,187,100,233
219,189,98,237
216,189,106,227
215,193,105,234
216,193,100,232
214,197,102,227
212,199,107,226
213,198,103,230
213,194,106,229
213,197,108,226
214,196,103,223
215,193,102,228
212,188,110,229
215,189,103,232
217,188,97,236
214,185,102,242
214,187,101,241
215,186,101,240
216,190,101,238
216,182,99,242
218,187,97,237
216,181,99,242
214,189,102,230
218,185,96,238
216,185,97,243
216,184,99,239
216,183,97,239
215,187,100,244
211,182,102,244
212,183,100,244
212,181,97,243
211,180,99,246
214,175,96,244
213,179,95,248
212,176,99,245
214,178,93,250
216,176,92,244
216,181,94,238
214,177,94,229
215,179,96,218
217,179,92,207
217,179,91,233
217,174,91,246
215,175,92,228
213,176,93,244
210,175,96,240
210,177,97,249
211,178,94,239
210,179,95,247
209,179,94,239
211,181,95,239
213,176,91,245
207,182,100,249
207,180,96,247
204,178,101,244
205,183,99,245
202,178,101,235
206,181,98,236
205,180,100,246
204,177,102,244
206,177,102,246
203,176,102,245
205,177,102,250
206,175,99,247
211,175,93,252
205,170,102,254
207,174,99,243
208,173,98,246
209,178,96,252
216,167,88,252
214,174,91,253
210,177,95,256
211,167,93,254
210,180,99,251
213,172,94,254
215,172,88,256
218,172,85,246
219,171,85,250
227,175,78,255
221,176,81,252
217,179,87,249
214,173,91,251
212,179,92,254
214,176,92,252
212,172,90,248
210,175,93,242
210,174,94,243
207,173,100,255
207,181,102,248
207,176,98,245
210,178,94,251
206,172,101,250
211,177,94,248
207,177,96,253
207,175,99,252
207,181,98,254
208,175,96,252
209,185,96,237
205,181,100,250
207,179,98,251
208,187,97,243
207,188,99,239
206,188,97,231
206,190,98,231
202,194,109,213
202,192,104,224
202,200,109,201
204,206,105,189
208,207,101,181
206,209,99,187
207,207,102,181
209,205,99,188
205,210,107,181
203,206,105,183
204,203,110,185
207,202,101,190
207,199,99,200
206,197,103,204
204,193,104,199
207,194,103,217
206,196,103,235
203,191,102,233
205,193,101,224
203,192,106,211
209,193,101,225
207,196,103,220
206,194,107,195
210,195,105,189
213,194,104,192
209,192,104,212
210,194,100,235
213,187,98,237
209,191,103,233
209,190,103,239
209,188,105,240
207,193,107,233
213,192,100,236
211,190,101,221
207,194,110,222
209,192,104,230
206,191,111,198
210,192,109,205
211,191,104,213
214,195,96,235
207,186,109,237
207,190,111,238
204,194,114,233
204,192,110,236
206,195,106,234
208,193,104,219
212,191,99,199
209,190,98,218
206,191,102,237
207,191,100,235
207,187,102,234
207,188,102,238
205,186,108,237
207,191,104,227
211,187,99,233
210,185,103,230
213,184,100,230
214,188,97,236
215,181,97,225
216,183,99,208
215,185,99,222
218,178,97,228
215,181,103,236
216,179,104,238
218,178,102,222
220,179,98,244
220,177,102,237
217,181,107,234
214,182,107,246
217,180,108,241
223,177,100,240
235,183,88,218
228,178,92,218
223,182,101,210
228,182,95,193
226,184,97,203
235,181,88,197
250,181,73,179
250,181,70,151
243,182,75,146
241,186,79,149
246,181,73,148
249,185,66,151
246,181,67,151
245,193,69,137
242,184,73,149
252,201,59,156
251,182,55,144
239,179,69,141
232,180,77,155
232,179,74,143
231,177,73,166
231,182,74,139
223,180,86,158
221,202,84,174
212,183,91,196
216,180,88,211
217,179,87,234
211,178,94,246
206,179,101,241
206,184,100,246
205,179,99,241
199,186,108,248
202,187,101,237
199,188,108,237
201,189,102,236
200,192,100,228
200,201,104,230
201,201,101,227
202,205,100,220
203,209,102,216
200,212,104,215
200,216,105,211
207,220,101,186
209,220,100,164
206,223,100,169
204,226,107,156
205,226,109,166
203,229,113,147
209,228,105,153
208,227,103,158
205,230,109,155
207,230,108,157
204,229,111,158
204,230,112,153
200,231,118,151
208,230,110,154
205,229,109,150
207,228,109,159
206,225,110,157
198,223,120,162
194,219,125,166
202,216,117,168
203,212,116,178
206,212,117,176
212,207,105,183
210,200,113,191
212,191,109,201
216,189,103,211
214,191,103,225
213,186,106,237
213,184,106,239
214,185,106,237
218,185,101,235
220,183,102,216
223,185,99,227
227,187,99,210
233,187,93,197
231,188,95,204
231,188,95,205
229,190,99,191
229,192,99,184
231,193,96,186
228,197,99,179
222,200,105,175
229,205,106,171
227,207,105,168
221,204,110,174
217,201,122,176
230,201,100,185
226,198,109,182
226,190,108,189
230,191,112,190
242,187,96,177
245,187,97,182
247,183,99,181
253,185,94,178
265,195,85,173
271,207,77,155
276,183,78,175
274,181,86,178
277,200,86,158
282,180,81,171
289,185,84,157
288,191,91,153
296,183,91,161
281,202,112,142
275,188,126,161
274,193,124,182
286,180,119,194
297,179,106,192
298,186,105,192
304,180,98,193
302,182,101,197
310,183,95,208
316,178,82,215
315,176,85,225
314,180,91,211
315,182,94,208
322,184,96,221
326,182,110,227
332,180,108,246
337,187,109,236
346,187,108,238
350,188,108,235
359,185,108,237
364,200,113,222
377,170,113,216
384,178,114,197
407,172,89,193
411,158,95,200
405,180,113,212
408,159,119,228
421,165,117,208
420,170,136,202
433,175,120,196
447,175,80,181
452,176,91,173
468,185,78,163
477,181,86,158
488,185,78,159
498,185,74,143
501,184,75,144
508,182,84,145
512,186,83,148
518,185,90,162
521,190,97,158
541,197,82,148
548,193,86,150
553,196,96,145
571,199,97,133
580,206,109,115
601,215,118,96
622,238,119,100
647,245,109,76
636,268,115,58
650,279,109,54
650,279,109,54
650,279,109,54
650,279,109,54
650,279,109,54
650,279,109,54
650,279,109,54
650,279,109,54
