504,113,100,246
479,122,112,246
456,118,112,237
427,115,127,236
421,119,109,237
406,115,101,234
405,109,93,247
391,102,89,247
386,100,81,249
372,119,85,237
363,117,80,238
341,113,93,246
332,109,89,243
320,120,91,234
303,105,98,249
291,103,97,255
277,107,95,240
259,108,97,239
247,108,97,235
234,110,104,226
225,113,106,227
214,110,117,225
203,116,116,219
196,118,116,215
197,125,106,206
186,116,109,218
181,122,106,204
173,128,101,195
167,118,104,231
163,117,98,234
164,118,96,237
156,121,95,236
151,124,97,236
154,117,89,236
152,122,92,232
144,130,88,221
138,122,95,219
137,125,87,231
133,114,88,227
134,126,88,215
130,129,89,225
124,135,91,215
129,131,87,217
122,135,94,221
121,128,92,227
124,130,90,223
125,132,84,217
123,139,89,211
125,136,88,213
126,139,84,214
130,144,80,218
129,137,80,215
131,138,84,213
132,137,82,217
135,144,79,208
134,134,84,223
138,137,81,221
141,136,75,217
145,136,82,218
148,140,75,218
156,123,71,236
152,137,79,219
155,143,72,206
164,141,67,209
162,135,70,216
160,141,68,211
164,140,70,210
163,141,72,215
164,140,75,203
163,151,72,196
164,145,81,206
167,137,77,210
168,146,80,198
168,150,80,197
166,142,85,204
166,149,85,195
168,154,83,186
170,153,84,191
166,146,86,189
172,150,73,184
174,151,71,195
176,143,68,200
176,150,77,189
182,143,74,204
178,149,78,194
180,151,78,188
177,148,82,184
176,150,81,186
176,152,85,186
176,151,87,191
174,152,83,192
178,156,87,192
177,152,87,191
176,155,89,192
179,152,83,192
178,148,87,191
183,148,81,200
182,145,83,196
181,145,85,201
183,149,82,191
185,150,82,189
186,152,78,181
189,153,75,189
189,156,76,189
187,159,86,178
186,157,86,178
186,158,87,172
188,160,93,164
184,160,98,157
184,163,101,150
181,166,99,137
189,164,97,139
186,163,93,144
187,163,97,149
195,162,85,146
203,159,73,142
201,157,76,150
201,158,68,156
205,153,65,158
197,154,68,165
199,151,67,162
199,151,67,163
200,151,66,165
195,152,73,160
193,149,70,164
192,148,72,167
190,150,74,163
190,147,72,166
186,149,78,179
187,149,79,196
184,150,79,195
187,148,74,184
185,148,76,168
186,148,72,164
187,148,70,162
188,149,72,157
188,148,69,163
190,148,69,166
193,150,70,158
194,151,72,159
191,152,76,159
194,150,73,159
193,151,71,157
195,150,71,157
196,154,69,150
196,154,69,153
198,154,70,153
194,150,71,158
195,151,70,160
195,153,70,153
197,153,66,154
197,153,67,156
200,153,65,155
200,152,68,163
201,152,65,159
201,153,63,152
197,154,69,164
202,150,63,163
200,155,67,154
198,154,69,150
205,153,60,158
198,154,70,158
204,153,63,157
202,151,66,158
201,150,67,154
202,153,63,160
206,152,59,155
200,153,65,159
203,152,64,155
199,151,67,166
205,154,63,158
198,152,65,159
201,152,63,159
200,151,65,154
199,154,65,162
201,150,63,157
202,151,63,163
205,152,62,160
198,154,62,161
201,155,62,160
197,155,67,158
195,152,69,158
196,154,71,158
197,154,70,161
200,154,67,155
199,155,69,155
199,153,67,155
199,151,68,158
202,149,63,159
202,153,64,163
202,152,65,164
202,152,62,162
204,150,63,161
200,153,64,166
201,152,64,160
204,152,62,158
204,151,63,161
200,155,63,155
204,151,61,160
202,153,64,164
204,155,64,162
202,153,65,158
202,154,65,152
202,154,63,163
200,154,73,160
200,160,68,151
200,153,74,159
204,153,67,163
202,153,74,161
204,154,66,159
202,156,68,157
204,157,64,150
203,157,68,156
205,153,67,162
204,154,68,157
202,155,75,157
201,153,77,158
206,152,72,164
201,155,70,158
201,154,66,164
201,151,70,165
202,156,68,157
203,154,65,156
201,152,73,161
203,150,68,159
204,155,66,157
204,150,68,166
204,152,67,161
201,153,70,163
201,152,70,159
205,158,65,156
207,155,64,158
202,148,74,166
204,152,68,159
202,155,67,160
202,151,69,161
204,155,63,159
203,150,67,159
203,150,63,162
201,148,67,169
202,153,65,164
203,152,64,156
199,149,69,169
201,153,67,164
200,150,65,165
203,148,62,164
202,150,65,161
203,147,62,165
202,152,64,168
200,152,63,161
203,147,61,166
202,150,64,158
205,152,61,158
204,150,61,163
201,151,63,159
202,150,65,161
201,146,63,166
200,152,67,162
196,154,68,155
194,158,74,156
193,159,72,173
190,161,73,170
190,161,75,155
184,163,79,147
180,167,81,140
179,168,84,144
176,169,84,138
170,170,89,137
165,168,96,152
163,167,98,148
167,168,90,149
165,164,88,150
161,162,88,159
163,158,85,163
157,152,88,177
159,150,83,183
155,146,81,196
157,146,78,201
150,144,80,199
146,148,78,194
145,146,75,182
145,149,72,187
137,147,71,198
134,144,72,210
127,140,79,210
121,144,88,205
119,146,85,199
119,144,83,211
115,146,78,208
110,148,74,210
104,142,63,213
93,152,63,205
87,146,62,203
89,149,55,200
84,146,59,209
78,144,64,208
76,144,61,208
65,145,70,208
64,143,71,204
63,148,68,207
58,140,68,212
50,147,76,205
48,141,70,211
43,140,73,206
36,144,80,206
33,139,77,204
34,142,75,201
32,141,74,199
29,147,76,192
29,149,76,193
26,144,74,196
35,141,64,195
31,140,70,202
30,145,67,199
36,147,64,194
37,146,60,192
37,142,59,187
38,144,65,188
37,146,68,182
43,148,62,178
44,151,63,176
45,148,65,171
50,148,60,179
50,151,59,175
57,154,53,169
55,162,57,160
58,151,56,171
59,151,56,169
63,150,56,166
66,148,57,159
68,150,58,154
75,147,54,156
74,147,56,155
81,152,51,153
85,156,51,146
87,158,53,144
89,158,56,140
91,155,56,148
92,155,55,151
95,160,54,142
98,152,54,149
106,154,51,140
110,156,48,137
111,150,54,144
117,144,52,147
126,149,44,140
130,148,52,146
134,144,52,147
134,144,55,149
138,148,54,147
139,145,53,151
144,147,46,146
146,147,46,150
153,146,41,151
151,149,47,148
162,145,37,146
168,143,38,149
178,142,35,132
180,146,37,126
186,145,37,112
186,142,34,111
188,149,35,105
191,144,37,108
192,143,40,106
201,146,35,108
206,144,38,110
210,145,35,109
217,145,35,109
220,143,34,114
225,142,33,114
229,144,34,112
232,142,34,115
232,143,36,110
237,147,32,119
241,145,35,121
246,134,45,119
247,145,41,132
252,143,43,142
255,141,36,141
260,137,36,151
264,130,39,163
269,139,35,155
271,135,36,157
274,134,38,160
283,137,34,153
288,124,35,141
293,138,30,119
292,142,43,119
295,143,44,115
300,148,43,120
303,146,43,121
303,144,41,122
313,145,33,109
318,145,33,114
322,145,32,112
326,143,28,109
325,142,35,119
330,142,33,111
335,142,32,100
342,140,30,94
345,142,28,85
346,140,29,76
349,142,29,79
352,144,29,78
357,143,29,78
363,144,25,77
366,143,29,74
368,142,35,79
375,143,26,77
380,142,22,73
381,150,21,70
383,140,20,71
386,141,17,71
389,141,15,74
352,179,23,74
352,179,23,74
352,179,23,74
352,179,23,74
352,179,23,74
352,179,23,74
352,179,23,74
352,179,23,74
352,179,23,74
350,179,28,71
350,179,28,71
350,179,28,71
350,179,28,71
350,179,28,71
350,179,28,71
350,179,28,71
350,179,28,71
350,179,28,71
350,179,28,71
350,179,28,71
350,179,28,71
350,179,28,71
350,179,28,71
350,179,28,71
350,179,28,71
350,179,28,71
350,179,28,71
449,235,32,69
449,235,32,69
449,235,32,69
449,235,32,69
449,235,32,69
449,235,32,69
449,235,32,69
449,235,32,69
449,235,32,69
449,235,32,69
449,235,32,69
449,235,32,69
449,235,32,69
449,235,32,69
449,235,32,69
449,235,32,69
449,235,32,69
449,235,32,69
449,235,32,69
449,235,32,69
449,235,32,69
449,235,32,69
449,235,32,69
449,235,32,69
449,235,32,69
449,235,32,69
449,235,32,69
449,235,32,69
449,235,32,69
449,235,32,69
449,235,32,69
449,235,32,69
449,235,32,69
449,235,32,69
449,235,32,69
449,235,32,69
449,235,32,69
449,235,32,69
449,235,32,69
449,235,32,69
449,235,32,69
449,235,32,69
449,235,32,69
449,235,32,69
449,235,32,69
449,235,32,69
449,235,32,69
449,235,32,69
449,235,32,69
449,235,32,69
449,235,32,69
449,235,32,69
449,235,32,69
449,235,32,69
449,235,32,69
449,235,32,69
449,235,32,69
449,235,32,69
449,235,32,69
449,235,32,69
449,235,32,69
449,235,32,69
449,235,32,69
449,235,32,69
449,235,32,69
449,235,32,69
449,235,32,69
449,235,32,69
449,235,32,69
449,235,32,69
449,235,32,69
449,235,32,69
449,235,32,69
449,235,32,69
449,235,32,69
449,235,32,69
449,235,32,69
449,235,32,69
449,235,32,69
449,235,32,69
449,235,32,69
449,235,32,69
449,235,32,69
449,235,32,69
449,235,32,69
449,235,32,69
449,235,32,69
449,235,32,69
449,235,32,69
449,235,32,69
449,235,32,69
449,235,32,69
449,235,32,69
449,235,32,69
449,235,32,69
449,235,32,69
449,235,32,69
449,235,32,69
449,235,32,69
449,235,32,69
449,235,32,69
449,235,32,69
449,235,32,69
449,235,32,69
449,235,32,69
449,235,32,69
449,235,32,69
449,235,32,69
449,235,32,69
449,235,32,69
449,235,32,69
449,235,32,69
449,235,32,69
449,235,32,69
449,235,32,69
449,235,32,69
449,235,32,69
449,235,32,69
449,235,32,69
449,235,32,69
449,235,32,69
449,235,32,69
449,235,32,69
449,235,32,69
449,235,32,69
449,235,32,69
449,235,32,69
449,235,32,69
449,235,32,69
449,235,32,69
449,235,32,69
449,235,32,69
449,235,32,69
449,235,32,69
449,235,32,69
449,235,32,69
449,235,32,69
449,235,32,69
449,235,32,69
449,235,32,69
449,235,32,69
449,235,32,69
449,235,32,69
449,235,32,69
449,235,32,69
449,235,32,69
543,278,33,84
495,269,39,89
507,268,36,92
507,268,36,92
521,261,40,100
569,249,45,110
465,163,53,110
453,103,53,120
423,190,71,122
383,171,92,136
351,168,107,147
329,169,139,145
294,139,148,173
258,160,168,194
236,113,171,230
201,110,194,241
177,91,199,257
149,88,209,258
105,108,220,253
67,100,226,241
49,101,210,251
14,94,206,259
12,117,179,236
2,136,145,227
-6,124,126,215
-4,147,90,196
0,188,61,167
0,188,61,167
0,188,61,167
0,188,61,167
0,188,61,167
0,188,61,167
0,188,61,167
0,188,61,167
0,188,61,167
0,188,61,167
0,188,61,167
0,188,61,167
0,188,61,167
0,188,61,167
0,188,61,167
0,188,61,167
0,188,61,167
0,188,61,167
0,188,61,167
0,188,61,167
0,188,61,167
0,188,61,167
0,188,61,167
0,188,61,167
0,188,61,167
0,188,61,167
0,188,61,167
0,188,61,167
0,188,61,167
0,188,61,167
0,188,61,167
0,188,61,167
0,188,61,167
0,188,61,167
0,188,61,167
0,188,61,167
0,188,61,167
0,188,61,167
0,188,61,167
0,188,61,167
0,188,61,167
0,188,61,167
0,188,61,167
0,188,61,167
0,188,61,167
0,188,61,167
0,188,61,167
0,188,61,167
