373,104,137,136
368,104,141,143
363,104,154,152
366,99,154,162
348,96,171,165
348,98,169,162
347,103,171,165
348,104,169,163
350,117,167,160
347,116,166,160
351,131,168,149
349,140,167,146
349,151,160,140
353,157,156,136
356,164,154,139
360,169,155,143
355,168,168,150
358,166,172,164
354,166,179,165
349,169,187,165
351,172,187,163
343,176,191,160
357,179,184,156
352,179,185,159
353,178,190,167
342,175,198,172
350,176,196,165
363,170,189,176
369,171,186,168
371,172,192,164
379,169,196,161
378,165,187,159
372,155,193,170
367,141,187,178
360,130,181,186
343,118,195,192
328,114,203,180
318,102,198,185
309,82,193,191
318,58,198,201
324,45,187,200
325,63,183,172
334,56,171,162
340,53,170,159
346,44,165,164
360,50,165,157
365,50,164,160
373,46,167,167
378,52,165,167
383,59,174,157
394,62,166,158
404,59,169,159
405,62,167,162
409,57,167,164
414,68,172,158
405,63,195,167
409,60,174,163
402,70,186,149
394,77,171,148
394,75,182,160
382,80,187,158
369,80,207,163
375,68,191,180
372,62,196,178
365,74,188,158
364,72,196,156
368,72,176,157
364,63,189,164
366,70,179,159
365,65,180,165
369,77,171,149
364,60,183,162
375,57,178,168
376,61,160,155
378,56,157,153
380,53,158,148
381,55,161,147
377,54,175,138
375,55,183,135
371,50,174,136
366,63,192,121
356,61,226,123
348,57,248,140
346,57,239,134
352,62,235,135
355,74,226,117
347,80,233,109
347,80,233,109
346,84,237,103
349,86,232,101
348,86,232,96
344,89,229,83
360,96,210,70
356,100,217,76
355,97,218,84
356,98,215,86
357,93,203,96
356,85,194,108
359,75,182,122
360,74,172,130
361,67,161,136
362,62,168,145
364,65,155,150
370,55,146,156
371,48,147,153
366,43,149,156
372,41,145,159
368,40,156,163
361,35,171,161
349,31,193,169
351,36,198,166
346,41,197,165
344,45,195,162
337,54,203,156
340,59,198,152
345,77,186,141
343,92,178,128
336,99,186,117
330,102,199,113
332,104,194,108
330,100,197,106
327,103,199,102
328,110,194,93
327,115,196,86
331,128,192,73
330,133,194,65
361,55,171,87
376,77,155,89
383,62,131,105
399,52,104,121
321,216,117,115
403,51,96,116
387,149,120,101
377,186,143,72
354,190,175,76
341,188,198,84
345,188,201,92
345,183,211,100
349,182,214,100
354,180,208,110
354,174,204,126
359,178,205,133
376,176,187,136
389,181,176,135
402,179,170,133
417,180,156,123
427,179,152,122
426,181,162,121
422,183,185,121
413,179,199,112
410,171,205,107
431,161,181,119
425,156,185,115
426,149,181,126
431,140,172,123
427,131,167,132
428,130,167,134
431,123,158,134
433,125,145,127
430,126,145,121
428,118,142,122
418,115,153,133
412,107,165,133
405,107,168,136
406,111,164,138
404,105,164,141
398,98,168,148
395,80,155,165
388,65,162,182
390,62,157,189
394,65,146,185
383,54,154,195
375,68,155,181
381,77,155,165
375,87,157,160
375,78,150,159
370,86,157,150
360,89,164,150
354,90,164,154
352,99,160,151
355,108,148,147
353,122,146,145
347,124,155,135
344,124,160,148
345,127,156,138
343,132,157,140
343,135,156,136
335,132,172,140
339,134,164,145
332,138,166,142
322,143,177,148
320,145,182,157
312,143,193,168
307,149,193,181
300,157,215,176
302,158,205,175
296,160,222,181
294,159,198,182
297,162,203,181
297,165,193,182
296,166,187,179
290,168,192,178
295,167,187,179
290,171,182,173
298,177,169,176
308,191,152,159
313,196,139,162
323,198,127,159
328,206,121,150
324,213,130,148
318,213,147,146
311,215,161,153
314,219,158,157
321,220,167,158
325,210,154,164
336,214,144,160
343,221,152,149
348,228,158,137
348,230,172,126
358,235,169,111
354,239,179,100
363,245,179,91
363,243,183,89
361,243,194,91
356,243,201,91
363,241,200,88
366,238,195,79
368,236,196,84
377,237,192,78
385,231,182,80
384,230,186,79
383,230,186,76
383,229,186,74
389,226,178,75
388,226,179,77
391,222,174,72
392,219,171,70
401,214,163,67
405,204,157,81
410,201,151,87
414,200,145,94
414,189,143,112
416,181,142,124
420,191,132,119
420,191,132,119
420,191,132,119
420,191,132,119
420,191,132,119
420,191,132,119
420,191,132,119
420,191,132,119
420,191,132,119
420,191,132,119
420,191,132,119
420,191,132,119
420,191,132,119
420,191,132,119
420,191,132,119
420,191,132,119
420,191,132,119
420,191,132,119
420,191,132,119
420,191,132,119
420,191,132,119
420,191,132,119
393,201,110,138
389,200,88,145
385,196,91,154
391,197,85,153
386,199,94,154
376,196,104,154
354,187,125,166
338,194,136,160
327,187,142,159
317,196,143,145
317,190,141,144
311,185,148,139
313,181,143,140
298,171,160,153
291,164,177,163
290,159,185,169
285,158,195,167
289,151,193,173
292,151,193,172
292,153,200,165
302,153,190,159
317,157,182,163
331,163,166,158
351,176,163,141
358,183,155,141
358,185,170,161
370,187,173,167
361,202,193,163
372,229,177,161
353,235,190,158
357,239,182,150
353,255,178,139
354,268,166,137
353,267,158,141
349,265,156,143
340,267,162,145
339,271,162,145
332,256,181,159
333,253,186,166
331,263,177,153
330,254,183,164
317,253,195,168
326,246,184,175
318,248,193,177
326,246,185,175
318,242,198,178
321,240,185,174
312,242,185,164
321,242,174,153
321,235,182,148
320,226,160,140
331,227,149,135
334,214,145,140
338,207,141,137
332,194,152,150
332,189,159,148
333,175,167,162
332,173,168,158
335,171,172,165
325,159,194,192
331,157,191,189
332,152,193,168
333,153,197,168
336,152,192,157
339,145,190,160
335,147,189,170
336,146,189,171
344,151,176,156
348,160,177,152
351,163,171,154
354,170,173,142
360,175,165,137
362,174,166,139
361,179,171,136
373,179,154,136
374,179,154,125
379,175,148,121
379,177,148,130
380,179,148,131
376,182,160,129
384,179,156,130
382,189,158,130
388,194,155,126
382,202,162,117
391,217,162,109
388,231,156,90
388,249,152,71
382,255,156,66
380,266,158,60
378,272,154,61
377,270,154,78
373,276,154,76
370,277,160,82
371,276,161,93
370,276,159,97
365,278,161,100
365,280,162,103
363,281,166,106
362,278,164,112
366,276,159,126
357,278,168,125
352,274,171,135
348,277,169,136
365,280,160,135
367,287,154,145
374,282,151,145
371,281,159,155
372,283,155,150
372,283,153,154
371,286,149,151
360,281,157,153
362,273,149,155
356,274,155,150
352,268,157,152
344,262,178,153
320,253,202,154
324,250,198,153
318,244,207,155
323,239,199,155
322,234,200,160
325,231,189,154
325,230,191,154
325,220,199,149
317,212,193,147
320,203,186,146
318,210,196,140
317,208,197,136
324,209,186,125
326,204,176,130
334,195,158,118
337,184,176,127
351,170,178,143
363,158,155,158
367,151,141,169
380,144,141,180
390,135,126,191
404,125,90,187
415,118,75,194
419,113,67,178
419,113,67,178
419,113,67,178
419,113,67,178
419,113,67,178
419,113,67,178
419,113,67,178
419,113,67,178
446,109,56,187
442,109,42,172
439,119,45,157
439,129,44,142
438,130,46,143
436,136,50,136
431,138,72,141
425,135,98,151
424,142,103,145
416,143,120,142
407,147,136,134
395,149,158,134
389,153,172,129
383,156,178,130
383,165,183,125
382,171,191,122
386,178,188,125
387,179,180,128
384,180,201,132
394,178,179,131
399,183,175,131
407,178,155,140
412,173,148,139
414,174,155,137
417,170,150,141
420,163,143,147
429,159,133,156
434,163,132,153
437,154,130,160
437,152,126,162
447,142,112,171
448,133,103,179
449,131,98,180
452,122,87,191
462,128,75,185
462,136,67,176
473,130,57,190
473,130,57,190
439,89,66,191
434,83,87,196
430,123,98,197
426,119,103,202
424,119,108,201
421,124,111,191
413,122,122,177
403,127,138,141
407,128,126,134
404,133,133,126
397,134,143,121
394,136,150,119
390,136,154,117
389,144,149,110
386,144,152,106
380,149,158,101
374,148,162,99
377,150,154,91
378,143,150,99
378,145,148,93
381,140,145,103
390,140,131,110
386,135,132,131
400,142,123,140
390,155,124,138
393,172,123,125
394,165,105,119
395,160,106,120
400,168,94,116
400,168,94,116
400,168,94,116
421,112,75,101
421,110,81,103
423,148,64,116
419,164,67,108
418,143,65,125
423,147,45,126
420,133,45,134
417,125,49,150
417,105,46,175
413,103,62,181
412,105,71,178
406,107,76,171
405,106,76,169
402,106,77,176
400,105,78,184
399,106,82,174
400,105,84,177
396,104,94,174
395,107,104,177
399,108,99,173
397,101,99,174
402,104,94,172
396,94,105,182
396,102,110,176
395,103,110,171
395,102,109,171
399,105,104,171
394,106,113,171
392,108,115,169
396,111,120,171
399,110,113,163
399,108,120,156
399,107,130,153
403,103,136,168
402,104,143,177
405,111,147,179
403,119,154,154
406,128,148,160
408,137,148,146
405,146,152,141
405,156,152,137
407,168,154,126
404,174,155,118
407,179,153,125
398,187,166,123
407,197,162,117
404,197,151,116
399,209,153,101
397,217,152,90
385,220,167,85
387,222,164,79
386,239,164,66
386,239,164,66
386,239,164,66
386,239,164,66
386,239,164,66
360,262,186,51
360,262,186,51
368,267,181,64
371,266,179,77
367,271,172,79
371,272,168,85
377,258,158,105
371,263,166,105
372,257,164,108
372,247,164,119
377,250,161,117
379,243,161,125
374,241,162,128
372,236,175,134
374,231,174,135
379,236,172,132
379,238,158,129
379,233,158,132
372,236,163,134
370,244,162,128
366,241,161,137
373,236,146,137
371,239,157,137
373,239,153,136
370,241,161,132
373,241,145,130
373,237,146,122
377,233,140,123
376,236,134,119
377,228,137,117
372,218,142,126
373,222,141,123
374,221,142,114
372,215,142,105
376,220,145,100
375,222,140,96
380,228,138,86
377,229,146,80
375,235,149,71
379,239,141,62
375,244,146,52
375,244,146,52
375,244,146,52
375,244,146,52
375,245,139,41
375,246,142,35
373,236,147,43
371,227,150,55
375,215,149,68
375,210,149,77
378,206,150,82
381,201,144,95
380,194,148,102
381,196,147,107
381,193,143,108
378,190,154,114
385,188,146,122
382,187,145,122
384,189,148,124
384,186,146,125
382,182,157,128
382,184,158,131
383,183,159,134
386,181,153,130
386,182,151,137
381,189,156,138
380,182,159,147
377,184,159,139
372,183,161,135
376,187,157,137
369,189,168,141
370,186,165,143
371,189,169,140
358,197,183,140
357,193,182,139
355,198,187,147
343,193,200,154
338,199,209,147
338,205,217,147
337,218,211,131
338,224,215,131
340,231,212,136
341,235,213,119
338,241,215,102
332,242,227,101
327,247,221,96
328,250,217,90
338,251,209,91
342,250,201,89
339,254,213,82
335,263,214,81
313,265,241,82
306,271,276,80
309,274,278,75
307,279,301,73
297,277,309,71
303,283,324,71
305,277,315,69
296,283,325,62
297,277,317,67
292,278,337,70
295,274,334,73
298,269,329,76
301,273,324,75
302,266,326,84
310,278,313,73
310,274,310,75
308,276,314,75
309,271,311,84
320,268,291,95
316,263,292,100
344,250,260,112
371,248,233,109
386,232,211,124
385,231,208,123
389,225,210,125
395,230,198,114
394,223,199,121
394,226,202,116
396,221,191,122
384,216,210,128
384,216,204,126
379,219,200,121
379,217,187,117
373,211,197,119
371,207,195,119
368,210,196,118
358,200,205,124
354,196,209,125
354,193,205,136
348,190,209,131
345,189,213,134
351,192,203,133
357,201,185,125
354,201,191,117
363,203,184,122
359,205,189,114
363,207,179,109
375,210,172,102
378,209,163,110
380,216,163,106
377,210,163,106
379,204,164,113
385,210,158,104
381,201,165,113
377,200,175,120
372,197,186,122
369,199,195,126
369,197,195,130
368,200,197,129
374,194,192,141
368,197,203,139
376,199,197,136
372,194,209,141
376,195,206,144
374,195,203,143
371,192,216,151
368,195,206,138
371,197,193,138
367,198,199,135
365,194,200,141
362,199,200,137
364,198,197,136
367,193,192,142
374,198,179,136
380,192,166,141
386,191,157,153
391,192,144,155
389,184,150,154
392,185,142,146
393,186,144,149
384,178,156,148
383,177,156,151
387,177,148,146
381,176,153,140
377,179,156,138
376,177,153,132
370,178,163,131
372,180,155,125
360,179,168,123
366,182,160,119
360,184,166,116
358,188,171,108
346,194,192,109
343,191,189,106
335,194,205,103
343,195,200,97
329,191,204,95
334,194,202,83
338,189,192,81
342,185,180,70
352,180,171,63
352,180,171,63
352,180,171,63
352,180,171,63
337,175,178,55
326,175,179,37
323,167,181,48
324,160,175,54
327,156,164,54
329,153,160,74
329,153,157,84
332,146,156,88
332,148,157,98
330,143,160,102
331,148,156,102
337,142,157,111
336,133,156,127
339,133,159,118
329,135,157,129
324,133,158,132
323,138,153,128
316,133,164,137
310,130,170,148
315,128,165,155
312,128,163,149
316,129,158,143
314,128,160,141
310,124,153,139
307,121,155,138
309,124,154,132
301,124,160,134
309,124,142,127
303,121,154,125
301,127,167,132
297,129,179,134
296,126,199,147
289,131,206,145
304,137,193,142
308,148,175,128
318,155,188,126
313,171,174,120
327,187,167,115
339,210,147,100
351,243,130,83
359,260,138,88
372,262,138,116
374,268,148,125
380,278,152,132
389,292,148,132
379,317,158,111
381,332,152,104
376,347,156,95
384,353,141,90
383,357,136,96
380,342,142,100
381,308,137,113
372,243,143,134
368,178,143,111
357,121,158,74
346,101,162,91
358,40,134,104
360,18,130,113
359,15,124,119
362,24,115,111
361,50,112,105
351,73,119,97
324,147,119,78
318,180,118,66
315,221,141,78
313,266,156,83
313,266,156,83
312,350,163,62
314,388,154,51
325,409,147,49
333,410,138,44
338,408,130,55
344,403,117,55
347,403,119,51
349,401,124,51
362,398,112,58
376,392,109,69
391,377,100,87
407,368,93,104
407,368,93,104
407,368,93,104
407,368,93,104
407,368,93,104
433,384,83,96
441,387,57,88
436,409,47,72
436,409,47,72
436,409,47,72
436,409,47,72
436,409,47,72
436,409,47,72
436,409,47,72
436,409,47,72
436,409,47,72
436,409,47,72
436,409,47,72
436,409,47,72
436,409,47,72
436,409,47,72
436,409,47,72
436,409,47,72
436,409,47,72
436,409,47,72
436,409,47,72
436,409,47,72
436,409,47,72
436,409,47,72
375,350,49,50
375,350,49,50
375,350,49,50
375,350,49,50
375,350,49,50
375,350,49,50
375,350,49,50
375,350,49,50
375,350,49,50
375,350,49,50
375,350,49,50
317,451,50,60
306,465,64,53
296,454,79,60
299,457,86,60
311,442,78,68
321,439,77,86
321,439,77,86
321,439,77,86
321,439,77,86
321,439,77,86
321,439,77,86
321,439,77,86
321,439,77,86
321,439,77,86
