313,155,44,54
309,155,51,57
310,155,49,56
308,156,51,56
306,155,52,56
310,154,50,56
308,155,51,57
308,156,52,55
308,155,49,56
311,156,49,53
307,156,51,56
309,155,52,58
309,157,49,53
307,153,50,58
309,156,50,55
308,154,52,58
308,154,50,56
308,155,51,56
307,155,49,56
309,157,50,55
310,154,50,57
309,156,50,55
306,156,52,57
308,155,49,55
306,155,53,57
308,155,52,54
306,154,53,58
306,153,50,57
308,154,52,55
307,155,49,54
309,154,50,57
308,155,52,55
305,156,51,56
308,157,53,57
308,157,52,56
307,156,51,57
306,157,53,55
307,156,52,56
308,157,52,54
306,158,52,57
306,160,53,57
310,159,48,54
307,157,52,58
308,157,51,59
310,159,48,56
309,162,50,55
305,162,53,54
309,163,50,55
308,162,51,56
307,163,52,53
306,163,52,56
304,163,55,53
306,161,53,57
306,161,52,57
307,162,53,60
307,164,53,57
306,165,54,54
309,165,51,58
304,166,55,58
305,167,54,58
306,168,55,56
304,165,54,59
306,166,52,56
308,166,51,59
308,168,50,56
307,166,53,59
304,168,55,59
304,169,55,58
305,170,53,59
307,169,53,62
305,169,54,61
307,170,52,60
308,170,53,64
306,172,52,58
304,171,53,61
307,173,56,60
306,173,54,61
305,174,53,58
308,173,52,60
304,173,54,61
304,172,56,64
305,173,55,62
307,175,52,63
307,176,53,60
307,176,52,60
305,176,52,61
306,177,55,57
305,176,57,64
308,178,53,59
306,178,53,60
304,176,56,64
308,177,51,59
306,178,52,60
306,180,54,59
307,183,53,56
308,183,52,57
305,181,53,58
308,184,51,57
307,181,50,57
308,182,51,60
309,182,49,60
309,183,51,59
309,184,47,55
306,183,52,62
304,182,56,64
305,186,53,56
306,184,54,58
307,187,52,58
308,189,51,57
305,186,54,58
306,187,53,58
304,185,56,60
306,185,54,62
306,187,54,61
306,185,55,64
306,186,54,62
305,187,52,63
307,188,54,62
306,187,51,65
310,190,47,58
308,191,48,57
308,190,52,62
308,189,50,64
307,190,50,63
308,191,49,62
307,191,51,60
309,191,51,65
308,189,51,64
309,193,49,63
308,195,49,60
309,194,50,63
308,197,50,60
306,194,51,64
307,195,53,61
305,195,51,63
308,195,50,59
308,197,48,60
309,198,49,58
308,196,49,61
309,196,50,61
306,195,53,63
308,195,50,61
307,192,52,64
309,196,49,62
307,193,51,65
309,193,48,61
309,194,50,63
306,194,50,65
308,194,52,63
306,195,52,64
308,196,50,61
307,195,52,63
306,195,53,64
308,195,51,60
309,197,49,61
309,196,50,60
306,196,52,63
307,195,53,63
306,195,52,63
307,195,52,62
307,195,51,64
307,195,52,61
304,195,54,62
308,194,53,63
307,194,49,61
309,197,51,61
306,197,52,60
306,196,52,61
307,199,51,58
309,198,50,59
307,195,52,63
307,199,51,61
307,198,50,63
309,202,49,61
311,202,48,59
312,202,46,59
308,201,48,61
311,202,50,63
307,204,51,63
308,205,50,62
307,205,52,62
310,208,47,62
309,209,49,62
309,210,48,59
308,211,49,62
309,211,50,64
306,211,54,64
310,212,48,63
309,212,49,62
309,216,48,61
308,214,48,61
310,217,48,60
309,217,47,61
308,218,49,60
310,217,48,61
308,216,50,63
306,218,50,61
310,216,49,63
309,222,49,59
309,217,49,62
309,214,50,64
310,218,48,62
311,219,46,60
310,217,47,63
311,216,47,63
309,219,50,61
307,216,51,64
310,220,52,58
311,216,50,63
311,219,52,61
313,220,51,58
313,220,51,60
314,217,51,63
316,220,50,59
315,220,55,59
314,220,53,59
317,218,53,61
318,219,51,62
321,218,52,62
320,218,50,65
322,218,50,62
324,219,50,61
327,222,47,58
328,221,47,57
330,221,47,58
328,221,49,60
329,224,51,56
326,221,54,60
332,220,50,58
332,221,48,58
332,223,50,56
334,221,51,58
336,221,48,57
334,221,52,59
337,222,50,59
339,221,51,60
336,221,52,60
339,217,51,64
339,220,50,64
343,221,49,59
344,222,48,58
344,222,51,59
343,222,52,59
346,222,50,58
348,221,48,58
344,220,55,60
346,219,53,62
347,218,52,62
347,223,52,57
348,222,53,59
349,219,54,62
353,219,51,59
352,220,52,60
353,220,53,60
355,220,51,61
353,218,56,61
353,219,56,63
357,221,51,59
361,221,51,59
357,219,54,61
362,220,52,59
359,223,54,59
364,223,52,55
364,223,52,58
364,223,53,56
367,222,52,56
363,220,55,61
367,220,53,59
367,220,54,59
369,221,51,58
369,219,52,61
369,218,54,63
371,220,52,62
372,219,54,62
369,218,56,65
377,221,51,58
375,221,53,59
374,219,56,62
378,222,53,58
377,222,51,58
376,221,52,57
379,220,51,59
377,221,52,57
375,221,54,58
375,220,54,60
375,219,54,62
377,221,52,58
373,220,56,61
372,217,57,61
374,220,57,60
376,219,54,59
376,221,55,59
380,222,50,56
377,222,50,56
374,221,56,59
378,222,50,57
376,222,53,56
373,219,58,62
372,218,58,63
375,222,56,58
374,221,56,60
374,219,55,59
372,218,58,62
376,220,55,59
377,220,52,58
376,219,55,61
376,219,54,58
376,220,54,58
376,221,53,55
377,222,52,56
375,223,54,56
376,223,53,56
372,222,57,57
376,221,53,58
375,221,53,57
374,221,57,57
372,220,58,58
373,221,55,56
375,222,53,55
375,222,55,56
376,222,53,56
373,223,55,53
374,223,54,55
374,220,55,57
375,222,54,53
376,223,53,53
373,223,55,53
372,222,57,53
374,222,57,55
376,223,53,52
375,223,56,53
375,221,53,56
375,222,53,54
372,220,57,55
375,221,55,56
377,220,52,55
372,220,56,56
373,222,55,54
375,220,53,56
374,221,55,55
375,220,55,55
372,221,57,55
373,219,55,58
375,220,56,59
376,220,55,58
372,220,56,56
371,221,59,56
372,222,56,54
373,221,56,55
373,221,55,55
373,220,53,57
372,222,54,56
373,220,54,56
371,218,56,57
369,220,58,57
368,220,58,57
370,219,54,55
368,221,54,56
366,220,56,57
369,219,51,56
368,219,51,57
364,217,54,59
364,221,53,56
361,222,55,54
361,224,54,53
364,220,52,54
361,222,53,54
359,222,55,53
360,222,52,55
358,222,52,55
358,223,53,53
355,224,54,52
352,221,55,55
355,223,52,53
353,221,54,55
350,221,56,55
352,221,53,56
348,221,56,56
346,219,57,57
350,221,51,54
349,220,52,55
347,222,53,54
345,220,52,57
348,222,50,53
345,222,53,54
343,220,53,55
341,222,55,54
345,223,51,52
345,224,51,50
341,225,52,52
342,224,53,57
341,222,52,59
339,226,54,55
341,225,50,56
339,224,52,58
339,229,52,54
337,228,53,56
335,229,54,55
335,227,55,58
337,230,51,55
333,229,56,61
333,231,55,57
335,231,52,59
332,232,53,56
330,232,55,56
331,234,54,54
333,232,48,55
329,236,53,55
328,236,53,55
329,236,52,57
326,234,54,58
326,237,56,56
323,236,56,57
325,236,54,59
324,236,53,60
323,237,53,56
323,240,54,56
324,239,52,60
322,238,53,58
322,240,53,59
320,240,53,63
321,243,52,59
323,244,49,58
321,243,51,57
317,244,54,62
319,245,52,61
318,245,55,58
319,247,54,58
316,246,56,60
314,247,54,61
315,248,53,57
314,249,53,59
315,249,51,57
312,247,52,59
314,246,50,62
315,247,49,61
310,247,53,59
311,246,51,60
312,246,52,62
310,247,54,58
312,247,53,61
310,245,54,61
311,248,54,58
311,247,52,59
311,246,52,61
311,247,52,60
308,245,54,63
311,248,53,56
310,245,53,62
310,246,52,58
309,246,55,63
311,246,53,59
309,246,54,63
309,248,55,59
312,249,53,58
309,250,55,56
312,247,51,60
311,246,52,62
305,250,57,57
310,247,53,58
310,244,51,63
310,248,51,61
312,250,50,55
312,247,50,59
311,247,50,63
311,246,48,58
312,247,49,58
310,247,50,60
311,247,51,63
310,248,52,59
309,250,49,57
309,249,49,58
309,245,52,61
311,244,47,63
311,248,47,58
311,248,48,58
310,247,50,59
308,249,51,56
309,249,49,55
311,247,49,60
311,247,49,60
311,248,48,58
310,249,50,57
310,247,50,58
308,246,50,63
310,246,49,58
308,248,51,58
310,248,50,57
310,249,50,58
309,248,51,57
311,249,48,57
309,248,48,57
310,249,48,57
311,247,49,58
312,248,48,58
313,248,47,58
312,248,48,56
315,248,48,57
314,248,50,56
316,249,49,57
319,248,44,56
317,249,49,56
318,249,51,57
321,247,46,60
323,249,48,57
319,247,51,57
322,248,47,57
322,249,51,57
322,247,51,59
326,247,48,57
325,247,51,59
327,245,48,59
327,247,49,59
328,247,51,59
330,246,50,60
329,245,51,60
330,250,52,56
331,247,52,58
331,247,52,55
333,248,49,55
333,246,50,56
336,247,49,55
335,247,50,57
337,247,49,56
336,247,53,56
337,246,53,56
339,249,51,55
338,247,53,54
342,249,50,55
342,245,50,58
342,249,55,56
342,246,54,58
344,246,52,56
343,245,54,58
345,249,52,53
346,247,52,55
346,248,53,54
346,246,53,57
347,246,56,55
349,247,53,53
350,247,53,56
350,248,55,56
349,247,54,57
346,247,57,56
350,247,52,53
351,248,52,53
351,246,52,55
350,248,53,54
351,248,54,55
349,246,53,56
350,248,53,55
350,247,52,57
351,246,54,56
351,247,51,56
351,248,51,54
352,247,51,56
350,246,53,56
352,247,51,56
352,246,51,57
350,245,55,58
350,248,54,55
348,247,56,57
348,249,55,55
350,245,56,57
350,248,54,55
352,248,54,56
352,248,50,51
353,249,50,53
353,248,53,55
353,249,52,53
353,249,54,55
354,248,52,55
356,247,49,54
356,249,49,54
356,249,49,53
354,247,52,56
356,250,52,53
358,248,51,57
355,250,50,54
356,249,51,55
356,247,53,57
357,249,53,57
358,251,52,53
357,248,51,57
358,247,50,56
357,249,51,56
359,249,50,55
358,250,51,53
358,250,51,54
361,250,51,56
359,251,52,55
361,253,49,51
360,250,49,52
362,252,49,53
362,252,49,53
362,250,48,55
360,252,52,55
362,252,50,54
361,251,51,55
361,252,50,52
361,254,52,54
362,251,50,54
363,253,50,54
363,253,49,53
363,253,52,51
363,254,51,52
364,252,53,54
364,253,51,55
364,253,52,54
364,253,49,54
365,254,50,51
363,253,54,53
362,252,53,53
363,253,52,53
364,254,53,51
363,255,51,52
364,253,51,53
365,253,52,54
364,255,52,50
364,254,51,52
365,252,50,54
361,253,55,52
361,255,54,52
366,255,49,51
364,253,50,52
364,251,52,56
362,254,53,53
363,253,53,54
364,253,52,55
362,255,56,53
360,253,56,55
362,255,54,53
362,256,54,51
364,253,53,55
363,254,55,52
366,255,50,51
366,252,49,53
363,254,51,51
365,255,49,52
365,254,49,54
365,255,48,50
367,253,47,52
366,252,48,54
366,251,49,54
365,255,52,52
367,252,47,54
367,253,48,55
370,254,46,53
366,252,49,55
366,254,50,53
368,254,48,51
369,252,46,52
369,253,47,52
367,251,50,55
369,252,47,51
369,251,47,55
369,254,47,50
368,252,49,53
369,251,47,55
368,253,49,53
368,252,48,55
368,252,47,57
370,252,47,53
370,252,48,55
368,252,50,55
370,251,45,55
369,254,47,52
370,250,47,55
370,252,46,53
370,251,47,56
371,249,45,54
370,253,47,55
370,250,47,56
370,253,48,55
369,252,50,55
369,251,51,56
368,253,48,53
370,251,48,57
370,252,46,52
368,251,50,54
368,252,50,56
370,251,49,55
369,251,51,55
369,251,50,55
366,254,52,53
370,252,51,56
370,251,47,54
370,251,48,53
371,250,48,55
367,251,52,57
370,251,49,55
369,251,51,56
369,252,50,54
368,250,50,56
372,252,48,56
371,252,49,54
370,252,46,53
370,253,47,54
369,254,49,55
371,254,46,54
371,256,48,55
368,256,53,56
370,256,50,55
373,259,47,53
371,258,49,55
372,259,49,56
373,261,47,54
372,263,46,53
370,262,49,55
370,263,48,53
372,265,46,52
373,264,44,52
374,264,47,56
370,267,49,55
371,265,49,57
373,267,46,56
371,268,47,55
372,269,50,56
372,271,48,55
371,271,48,54
373,273,46,55
372,272,47,55
371,272,50,55
370,272,50,58
371,270,51,59
371,272,49,56
372,273,47,53
371,272,46,55
372,271,47,56
369,272,51,59
370,273,51,55
373,275,48,54
373,272,48,56
372,273,48,54
372,273,49,56
371,272,49,55
370,271,50,57
370,274,51,54
372,272,49,57
373,273,47,55
371,274,49,56
372,273,49,55
369,272,52,58
372,276,48,53
370,271,49,56
370,275,50,54
370,272,50,56
370,274,51,54
370,271,49,57
369,270,49,57
371,274,50,54
369,272,50,56
370,271,51,56
373,275,47,54
371,273,49,54
371,273,49,54
371,273,49,55
369,273,54,55
369,273,53,58
370,273,49,57
369,271,51,57
369,274,49,51
369,273,51,55
367,273,55,57
370,274,54,54
370,272,50,56
370,273,51,55
371,273,48,56
369,271,50,58
370,271,51,58
370,274,55,54
370,273,51,53
371,273,48,53
370,274,45,50
368,272,49,54
369,274,52,55
368,273,54,57
368,273,52,54
368,273,52,56
368,273,51,54
366,274,52,54
367,271,52,58
367,271,53,57
368,273,52,58
368,274,52,56
368,272,53,59
367,274,54,57
368,274,52,57
369,272,50,55
369,272,48,57
367,271,54,57
368,272,52,56
367,274,52,55
367,271,51,58
367,272,53,58
368,273,53,56
368,272,51,61
367,273,54,55
368,272,53,56
367,271,53,57
366,272,53,56
368,272,48,53
367,274,54,53
366,270,53,54
367,270,52,56
367,271,54,55
367,270,49,53
365,267,52,56
366,266,52,58
366,266,52,55
366,266,51,54
367,265,48,53
368,262,45,53
366,261,52,57
363,261,52,57
365,261,52,55
364,261,54,56
364,259,53,55
364,256,52,57
365,258,51,55
364,256,52,56
364,254,52,58
363,255,51,54
364,254,51,53
364,252,50,56
363,253,50,54
363,252,49,55
363,252,48,53
361,248,53,57
360,248,50,55
361,248,48,55
362,245,51,56
361,245,51,56
360,243,52,56
360,242,54,60
360,244,51,53
361,243,51,56
360,244,51,53
360,242,52,57
360,240,53,55
361,242,52,53
359,239,49,56
359,239,51,56
359,236,51,55
358,236,50,56
357,234,55,57
358,238,53,51
356,234,53,54
358,231,54,57
357,232,50,55
357,230,52,58
357,232,52,54
357,228,52,57
356,231,51,52
354,228,55,57
354,228,53,56
355,227,52,53
355,230,50,52
355,225,51,54
354,226,55,55
354,224,52,55
354,220,53,58
352,223,52,52
353,223,53,52
352,221,53,54
353,222,53,53
352,218,51,54
351,218,54,55
352,222,54,50
351,217,51,52
352,217,54,53
353,218,52,51
351,215,53,54
351,212,52,57
350,211,55,57
350,213,53,53
350,210,52,56
351,210,50,55
350,211,52,52
351,212,52,54
350,212,51,55
349,213,53,54
349,212,53,54
350,211,53,55
350,212,53,55
351,211,53,54
352,213,51,54
351,213,52,53
351,210,51,55
350,212,51,54
352,211,52,53
352,212,51,54
352,211,50,54
349,211,53,54
349,213,52,52
351,211,50,54
350,212,53,53
350,213,54,54
351,213,52,53
351,213,48,52
351,209,53,55
350,211,52,53
350,209,54,56
350,212,53,55
352,212,50,53
351,212,50,53
350,212,56,54
351,212,53,54
353,214,50,51
350,212,51,54
350,214,49,52
351,211,51,54
351,213,48,53
350,212,52,55
349,214,52,54
351,212,53,54
352,214,51,52
352,211,50,55
351,214,49,52
351,213,49,54
352,212,51,53
350,211,53,55
351,212,49,55
349,213,52,54
350,214,53,52
351,212,48,56
350,213,57,55
351,211,52,54
351,213,52,57
349,211,53,57
350,210,55,57
350,214,52,54
351,213,49,54
351,212,52,55
350,213,51,55
350,211,54,58
350,212,51,54
351,212,48,55
351,212,52,56
351,213,51,55
351,214,50,53
351,211,49,57
351,213,51,58
350,215,50,54
350,212,52,57
350,214,52,56
352,214,53,56
352,213,52,54
352,212,51,57
353,213,49,57
351,215,53,54
353,214,52,53
354,216,51,54
352,215,53,55
352,215,51,51
353,215,50,55
353,215,51,55
350,212,55,56
349,211,55,58
350,209,54,59
350,213,55,54
351,215,51,54
352,215,54,55
352,218,54,52
351,215,55,53
352,216,53,53
352,217,55,51
351,218,56,51
351,216,54,52
351,216,53,53
353,216,51,52
352,214,51,56
351,216,52,54
351,216,52,53
351,218,51,49
352,216,48,52
351,215,49,54
351,216,50,53
352,216,53,53
352,218,51,52
351,216,53,55
352,213,54,54
351,215,53,54
351,217,50,54
352,215,48,53
352,216,50,50
351,216,50,54
350,215,50,55
351,216,54,53
353,216,53,53
351,215,54,54
352,215,53,53
351,215,55,56
352,215,52,55
352,214,54,54
352,216,54,55
352,217,52,53
351,214,54,54
352,215,48,54
352,217,52,54
352,215,53,53
352,215,53,55
351,216,55,55
353,215,53,54
354,216,51,52
352,217,54,53
351,215,55,54
351,217,53,53
353,218,52,51
353,216,52,52
353,217,54,53
353,214,55,55
354,216,52,53
354,217,56,51
355,217,53,51
357,215,54,53
359,217,53,54
357,215,55,56
359,214,49,55
365,218,47,53
367,216,53,54
369,215,54,55
370,215,52,54
374,213,56,58
375,213,54,58
380,214,55,56
383,216,52,53
383,214,57,57
385,212,57,57
391,215,56,55
393,213,54,57
396,215,52,53
397,217,57,54
403,216,50,53
406,217,53,53
406,215,52,55
407,215,57,55
410,214,54,56
411,214,54,54
414,217,49,51
411,215,54,53
411,214,53,53
414,215,51,53
414,216,49,52
413,216,50,53
414,217,51,51
413,217,52,53
412,215,52,52
413,215,52,52
412,217,50,52
413,216,50,53
413,215,51,52
411,214,51,53
412,215,50,53
414,214,51,53
413,215,51,53
412,215,50,53
411,214,52,53
414,215,51,53
412,214,51,54
411,215,52,51
413,215,49,53
411,215,51,55
413,215,51,54
412,215,51,53
414,216,52,52
412,214,52,54
412,213,50,56
413,215,53,55
412,214,53,54
412,215,51,51
414,216,50,52
412,214,49,54
414,214,51,53
415,216,49,50
417,216,51,51
418,217,48,51
418,216,48,50
419,216,50,50
421,217,53,52
422,215,51,51
424,215,53,53
426,216,50,50
430,217,50,50
431,216,50,54
436,214,49,53
435,217,50,52
439,216,50,52
445,215,47,51
445,214,48,52
445,216,52,52
451,213,48,54
452,216,48,52
453,215,45,51
453,216,48,51
453,215,49,51
454,217,47,49
455,215,47,51
453,217,47,51
453,215,49,50
454,215,48,51
452,214,48,53
453,215,47,54
453,215,47,52
451,215,46,49
450,215,48,51
450,216,48,52
448,216,49,53
446,215,50,50
447,216,47,51
446,215,48,52
444,216,47,51
442,215,49,53
441,216,50,53
436,215,49,52
435,216,49,52
432,217,48,50
428,215,50,53
425,214,51,53
423,216,52,52
421,215,52,53
418,214,49,54
413,215,50,54
410,215,52,54
407,216,53,54
404,216,54,52
400,215,57,56
399,212,52,60
395,212,53,58
391,213,58,56
388,213,56,57
386,213,56,57
381,215,56,56
380,214,57,57
378,216,56,52
375,215,54,54
370,213,55,56
369,217,53,54
366,213,56,56
365,214,53,56
362,217,52,55
357,215,56,57
355,213,55,55
350,214,49,53
349,216,48,52
346,215,52,54
344,217,48,51
340,218,51,52
338,216,54,52
335,217,48,51
332,217,51,51
327,214,50,55
325,215,50,54
322,217,47,53
318,216,52,52
314,219,54,50
312,216,53,53
310,219,52,53
309,217,52,55
308,218,52,52
307,219,53,52
306,216,53,54
307,218,52,52
308,217,52,54
307,216,54,54
308,218,52,53
308,215,51,53
308,218,52,54
305,216,54,57
307,219,52,48
308,217,52,56
308,220,51,50
306,216,54,53
306,218,53,50
307,217,52,54
307,216,52,51
305,218,54,50
306,216,54,51
305,214,55,54
306,213,53,54
307,212,52,53
305,212,53,53
304,211,53,52
306,208,53,55
305,208,50,56
304,205,51,54
305,206,51,53
305,205,52,54
305,204,52,53
306,204,49,55
304,202,52,54
305,204,51,53
303,200,51,54
305,200,49,53
303,201,51,54
304,199,50,54
303,201,50,52
303,198,51,53
305,201,52,56
303,199,51,54
304,201,51,52
304,199,48,53
303,199,51,53
304,199,50,54
302,199,50,52
303,198,50,55
303,197,50,55
305,200,49,54
304,201,50,52
303,198,49,54
304,200,52,55
305,203,50,53
303,201,52,55
304,204,52,53
306,203,49,53
304,203,52,55
305,206,50,54
305,205,51,53
306,208,53,53
303,208,53,55
304,207,52,53
307,210,51,53
306,209,52,55
306,211,52,55
306,213,53,52
305,215,54,53
307,215,50,53
307,217,52,52
305,214,53,56
305,218,54,52
307,218,53,51
306,219,53,52
307,219,53,50
306,221,52,52
307,223,51,49
306,222,51,49
307,225,52,48
307,224,53,50
307,227,51,50
308,225,50,52
309,225,50,50
307,225,51,52
309,224,46,50
309,225,50,51
308,222,52,53
309,225,49,49
308,223,49,52
307,225,50,50
308,224,54,51
308,226,53,49
307,222,52,53
307,224,48,51
308,225,50,50
307,222,47,51
309,224,48,52
308,224,50,52
308,223,49,52
310,222,45,48
309,222,47,50
308,223,48,54
309,220,47,56
311,222,47,55
310,222,47,53
309,222,49,52
311,223,48,54
309,224,47,53
310,222,48,54
311,222,44,50
312,223,44,52
312,222,41,48
313,221,44,51
311,222,45,52
314,222,41,50
313,224,44,51
313,221,45,55
311,221,44,53
313,222,43,51
313,223,45,55
314,221,46,54
311,223,47,52
314,222,44,50
312,223,47,52
312,221,46,55
312,221,46,55
314,222,44,51
312,220,47,57
312,222,47,54
315,222,44,52
312,221,48,55
312,222,49,54
312,223,49,53
316,223,46,52
316,221,45,53
314,221,47,52
315,221,48,55
313,224,50,54
314,222,48,54
315,223,47,51
314,223,50,52
311,223,52,55
312,223,51,54
315,222,48,52
314,224,47,52
313,222,50,55
312,222,51,54
315,223,46,50
313,223,51,54
310,221,53,54
310,223,54,53
311,222,52,54
311,223,51,51
316,223,46,52
309,220,53,57
309,222,54,54
312,222,50,55
315,223,48,53
311,223,52,54
313,223,48,52
310,224,52,54
311,223,52,54
315,223,46,51
313,223,51,53
315,223,47,53
316,222,48,53
315,222,48,54
313,222,49,55
311,222,50,54
314,223,46,51
308,224,52,54
312,223,50,53
312,223,50,54
312,222,49,54
313,221,47,55
316,222,46,55
311,218,50,57
313,218,45,55
313,216,46,54
310,220,50,54
311,215,48,57
312,212,45,58
312,212,48,60
310,212,46,56
314,210,44,58
311,209,47,59
311,210,48,57
309,209,46,56
310,209,47,56
310,209,46,55
310,206,46,57
310,205,45,60
308,206,46,56
310,208,45,55
310,207,47,57
308,210,48,52
309,208,47,56
309,207,46,54
308,207,47,56
308,206,48,56
306,207,50,56
307,207,49,55
308,209,47,54
310,207,45,55
310,209,47,55
310,206,45,56
310,209,47,55
309,207,47,56
310,207,47,57
310,208,48,54
309,207,49,57
309,209,46,53
307,207,48,57
308,207,48,54
308,209,47,56
308,207,45,55
308,207,46,56
310,207,48,55
311,207,47,54
308,208,50,56
307,210,48,53
308,209,48,54
310,207,43,54
308,206,48,57
309,208,49,55
310,207,48,57
309,207,48,55
309,206,45,56
309,207,47,57
309,208,49,57
308,210,45,56
308,209,47,58
307,211,48,58
309,213,48,56
308,212,48,59
308,213,48,56
308,216,48,55
308,217,48,52
308,218,50,55
308,217,50,55
308,220,49,53
310,220,45,48
309,219,44,50
308,221,45,50
310,221,46,53
308,223,47,52
309,224,47,53
307,224,49,52
308,227,52,52
309,227,52,51
307,229,49,49
308,231,51,50
308,230,46,51
308,231,53,51
310,232,50,50
310,231,49,49
308,233,53,48
309,232,53,47
309,231,48,48
309,231,54,50
309,231,49,49
309,232,50,49
309,231,52,51
308,231,48,51
308,231,49,49
309,232,51,49
307,232,52,50
309,230,51,51
309,232,50,48
308,231,51,49
308,231,54,50
309,231,53,50
309,233,53,48
309,233,53,47
309,231,49,48
308,233,48,49
308,232,52,49
307,230,50,49
307,232,53,49
306,232,52,47
307,232,50,47
303,232,48,50
302,231,51,50
300,232,52,49
298,231,53,49
295,232,52,49
292,231,52,49
290,233,47,47
286,231,52,49
284,231,49,47
279,230,54,50
275,232,54,49
272,231,50,49
272,232,51,45
268,232,54,49
263,231,42,46
262,231,45,46
258,230,45,47
254,231,44,45
253,231,38,43
248,230,39,44
243,230,42,45
241,230,39,44
240,231,43,44
235,230,42,46
233,233,52,48
229,230,56,49
227,231,54,49
226,230,55,51
224,232,51,50
224,232,45,44
225,230,50,48
223,230,54,51
226,231,52,47
225,231,46,44
224,228,41,50
225,230,46,50
225,230,50,49
225,231,50,47
225,230,41,46
224,232,43,48
226,231,45,47
225,230,50,48
224,230,46,46
226,231,49,49
226,231,40,44
224,228,40,46
225,231,50,51
223,230,51,50
225,231,45,45
225,229,42,45
224,231,41,44
225,231,41,45
225,230,48,47
225,231,45,44
224,230,41,48
225,229,41,46
225,230,46,49
224,229,51,51
224,230,46,48
226,230,55,54
223,231,52,51
225,231,50,47
223,230,50,48
226,231,50,48
227,230,53,46
224,231,55,50
226,230,51,47
224,231,50,51
223,230,43,46
226,229,50,50
226,231,49,48
225,230,54,51
225,231,55,50
223,231,56,50
223,231,56,48
223,231,55,48
224,232,55,47
225,231,49,46
224,232,55,51
224,232,55,48
224,232,51,47
225,231,53,46
226,231,50,50
224,231,55,48
225,231,54,49
225,230,54,53
223,232,55,50
223,231,52,48
223,231,55,49
223,232,52,47
221,231,51,50
221,234,55,52
220,233,51,49
221,235,50,47
218,233,56,50
217,235,55,49
218,235,54,47
215,235,55,47
215,235,54,48
216,236,55,48
215,237,54,48
211,237,58,49
213,236,56,48
212,237,59,48
214,237,55,49
213,237,50,47
213,236,55,50
214,237,50,48
213,236,55,51
215,237,49,46
215,235,47,48
217,235,57,50
218,235,53,48
216,233,57,51
218,234,56,47
221,234,57,46
220,234,57,50
220,230,56,54
224,234,53,47
223,234,51,45
223,230,50,48
225,231,51,47
226,231,54,51
226,228,56,49
226,230,55,47
228,230,54,47
228,229,54,50
228,229,55,47
230,229,45,43
230,227,45,48
231,229,41,46
232,227,45,46
232,227,43,49
234,226,40,48
234,226,50,51
235,225,54,49
235,226,47,44
237,225,40,45
237,224,42,48
239,223,40,45
239,225,40,46
241,223,44,50
239,222,46,49
242,223,51,48
241,222,52,47
242,221,47,47
243,223,41,45
245,221,41,46
245,220,42,47
246,220,42,48
247,221,43,48
248,220,50,47
248,220,46,44
249,218,51,50
248,218,48,50
249,217,43,50
250,216,50,53
252,216,50,53
253,216,45,47
253,216,45,52
254,217,46,48
255,216,52,49
257,216,51,51
256,214,42,44
257,215,41,47
259,214,46,50
259,214,50,47
260,215,45,49
260,214,49,48
260,213,50,49
261,213,45,46
262,212,51,52
262,211,48,48
263,211,48,45
264,211,54,54
267,211,43,46
267,210,46,50
265,210,46,52
268,208,49,52
269,210,42,45
271,209,40,45
271,207,41,47
272,206,46,49
272,208,52,49
273,207,53,50
272,206,51,48
274,207,50,46
275,205,46,47
276,207,42,44
277,205,41,45
277,205,40,47
275,205,49,48
277,206,49,48
277,206,46,47
276,205,43,45
277,206,46,48
275,203,41,49
276,205,42,49
276,205,43,46
276,205,41,45
277,205,42,47
276,203,47,49
278,206,50,49
278,204,46,47
277,206,54,49
276,204,51,49
276,206,51,48
277,206,55,50
277,205,46,47
276,202,46,51
276,205,45,46
277,206,43,44
276,205,42,45
277,203,46,46
277,205,44,46
278,206,54,48
277,204,41,44
277,204,42,48
276,204,43,48
278,203,51,51
277,206,55,51
277,204,55,51
277,204,51,48
279,205,50,47
279,203,42,48
278,203,41,48
277,203,45,47
277,204,50,49
278,205,50,49
276,203,50,50
278,204,53,51
279,206,47,47
277,203,42,44
278,204,42,44
279,205,42,43
278,204,40,44
279,205,42,43
277,204,41,44
279,203,41,42
279,205,42,43
278,204,41,42
277,203,42,44
278,205,45,46
278,204,47,45
277,204,43,45
277,205,46,45
278,202,41,45
278,203,42,44
279,205,43,42
277,204,42,44
277,204,42,43
278,203,42,43
278,205,44,45
278,203,42,46
278,205,40,43
277,203,42,44
280,204,40,44
278,205,43,42
277,203,42,45
277,204,42,44
279,205,40,43
278,205,42,43
278,204,42,46
277,204,42,44
278,203,42,44
279,203,40,43
278,204,40,42
277,202,42,47
278,202,43,45
279,204,41,45
278,203,43,47
279,204,44,47
279,204,41,45
279,205,42,42
277,203,42,46
278,202,42,47
279,202,42,49
279,203,44,48
279,202,43,47
278,202,49,50
279,202,48,50
278,204,45,46
278,203,42,44
278,201,42,45
279,202,45,45
278,204,47,47
280,202,41,42
279,201,44,45
278,203,50,49
278,201,52,54
278,201,52,53
278,201,54,54
279,202,54,54
278,201,50,55
279,201,51,54
279,200,49,51
278,200,52,54
279,201,51,54
278,200,51,55
279,200,52,54
279,202,52,55
279,199,49,50
281,200,44,51
279,199,46,49
280,200,43,48
281,201,47,51
279,201,50,56
281,201,45,48
280,200,50,56
279,201,52,53
281,199,50,55
280,199,48,53
281,200,47,52
281,197,41,48
280,200,44,53
280,198,49,57
280,197,48,56
279,199,51,57
278,200,49,55
279,200,53,55
280,198,50,57
280,198,51,59
280,199,52,56
278,198,50,57
281,198,51,58
279,200,52,53
279,200,50,52
281,199,49,53
280,198,50,54
281,199,49,54
280,199,53,56
279,201,51,53
280,201,51,54
279,197,50,58
281,200,50,55
280,200,50,53
280,199,51,55
280,198,50,58
281,198,49,56
280,199,48,54
281,198,50,56
280,200,50,54
281,201,50,52
281,199,51,56
279,199,52,56
281,199,52,57
279,198,50,56
281,200,49,55
278,197,51,56
280,198,52,54
280,197,53,56
282,198,47,56
280,199,51,55
281,199,48,55
280,202,50,52
281,200,50,55
279,200,52,54
283,198,48,56
283,198,50,55
282,199,51,55
282,198,50,57
286,200,49,55
285,198,49,56
286,197,50,56
288,196,48,56
285,196,51,58
289,196,47,57
290,197,48,54
291,199,47,54
292,196,48,58
290,196,50,56
295,197,45,57
294,195,49,57
294,195,50,59
296,196,50,56
298,197,49,57
300,198,48,57
300,197,49,57
301,196,48,56
302,196,49,60
302,196,50,58
302,194,51,59
303,194,49,58
305,196,50,59
306,196,47,55
308,195,47,61
308,195,49,59
309,197,50,60
308,195,51,60
310,196,49,57
312,194,49,60
314,195,48,59
314,193,50,63
317,193,47,63
315,195,52,61
317,196,47,58
318,197,48,56
318,195,51,60
321,193,49,61
320,194,47,60
321,193,47,64
323,195,50,60
324,193,48,62
324,196,47,60
325,194,49,60
326,194,49,59
325,195,50,61
327,194,48,58
329,193,50,62
330,193,51,62
331,197,52,58
331,196,51,57
331,195,51,59
333,194,50,61
333,195,50,58
335,196,51,60
336,197,50,55
337,196,51,59
336,194,53,60
339,193,51,62
339,195,53,59
339,195,53,60
341,196,50,56
341,195,56,60
342,195,53,60
342,195,53,61
345,194,48,57
347,197,50,57
347,196,54,58
347,197,53,59
348,197,52,56
351,196,49,60
352,196,51,58
351,197,52,58
353,195,49,58
353,196,52,59
352,194,54,60
355,196,53,59
356,194,53,60
357,195,51,60
357,196,51,59
358,195,54,59
360,194,54,61
359,193,55,62
360,196,52,58
364,195,49,57
363,195,52,58
366,193,48,58
366,197,52,59
366,197,51,58
368,195,49,60
370,194,51,59
369,194,51,61
370,192,52,62
372,193,47,60
373,196,50,60
373,196,51,57
375,193,52,60
375,193,50,58
376,194,51,60
377,194,53,60
376,195,53,59
376,195,53,58
376,196,53,59
374,196,54,59
379,194,51,59
375,195,54,61
377,193,52,60
377,193,53,61
374,195,57,59
375,195,55,60
374,195,55,59
378,194,50,59
376,195,51,57
376,194,51,60
377,193,49,57
376,194,52,60
376,192,52,61
375,194,52,60
377,195,52,60
375,197,55,59
376,194,55,60
373,197,55,60
376,194,53,59
374,194,55,61
373,193,55,61
376,194,50,62
376,193,51,58
373,192,53,62
374,193,55,64
376,194,51,59
374,193,54,62
376,192,50,60
374,195,53,60
373,194,52,63
372,195,51,61
373,193,55,63
372,193,55,61
372,194,53,61
373,195,52,63
372,195,55,61
371,194,56,63
373,195,51,58
374,193,46,50
372,197,53,57
371,195,56,64
370,195,55,61
371,194,53,57
370,194,55,63
370,195,58,63
373,195,52,58
372,193,54,63
368,196,59,62
368,194,58,62
370,193,52,61
369,196,53,60
371,194,54,63
370,193,55,62
370,193,56,64
370,195,54,61
371,193,52,60
368,193,55,63
370,192,52,60
369,195,56,62
368,195,55,64
369,193,56,63
368,193,58,62
369,193,56,63
366,193,58,65
368,193,57,65
368,193,56,65
367,193,55,61
368,194,54,63
367,194,56,66
368,194,52,61
367,194,57,63
366,193,57,61
367,194,56,63
365,194,58,63
368,192,53,60
367,195,58,63
367,195,59,63
366,193,59,63
368,193,55,61
365,193,57,63
367,194,57,64
367,195,56,63
366,194,55,64
367,193,57,64
366,192,60,65
366,193,61,66
365,191,61,67
368,194,57,63
367,192,56,63
367,192,57,65
364,192,60,65
368,191,56,64
366,191,57,62
367,191,54,62
365,189,60,63
365,188,60,66
365,186,57,64
365,185,55,63
366,184,58,66
365,183,58,67
367,183,55,62
367,183,56,65
366,182,55,65
367,182,53,62
366,179,54,63
369,178,50,59
366,178,56,64
368,176,51,54
367,174,52,57
367,174,57,64
368,172,50,62
367,173,55,63
366,171,54,61
366,171,56,63
365,170,59,65
367,169,54,65
367,168,55,64
366,167,56,64
365,166,55,60
363,165,61,64
363,165,58,60
364,164,58,62
364,163,57,62
362,162,57,64
364,160,60,63
363,160,59,60
366,158,55,64
366,158,55,61
367,156,54,62
364,154,56,63
365,154,57,62
364,154,55,62
364,151,58,64
364,152,57,61
364,151,58,64
366,150,55,60
366,150,54,62
367,148,52,61
364,147,57,61
365,146,54,61
365,145,56,61
364,145,54,60
367,143,55,61
365,142,56,59
366,142,56,59
365,140,55,59
367,139,52,55
364,139,59,63
363,139,58,61
364,136,56,62
365,138,56,61
367,135,54,60
364,134,55,61
363,132,57,64
