317,255,33,28
317,251,30,29
317,251,31,30
318,252,30,28
316,254,31,25
317,254,31,26
319,254,30,27
316,253,31,27
316,254,31,28
318,252,30,28
318,255,30,26
318,254,31,28
318,253,31,28
318,253,30,27
317,254,30,28
319,254,31,27
317,253,31,29
318,254,30,28
318,256,30,26
317,254,29,27
319,255,30,25
318,254,30,27
318,255,31,28
317,254,30,27
316,252,31,29
318,253,32,29
316,251,31,29
316,247,31,32
317,247,31,32
316,246,31,33
317,247,30,34
316,248,31,33
316,246,33,35
315,246,32,34
316,243,30,38
314,245,31,40
315,238,27,43
317,233,28,44
316,230,29,44
316,230,29,44
316,221,34,43
320,206,39,42
316,197,45,47
316,197,45,47
316,197,45,47
319,193,47,49
319,193,47,49
319,193,47,49
319,193,47,49
319,193,47,49
319,193,47,49
319,193,47,49
319,193,47,49
319,193,47,49
319,193,47,49
319,193,47,49
314,186,47,48
314,186,47,48
314,186,47,48
314,186,47,48
314,186,47,48
314,186,47,48
318,159,45,59
314,148,45,71
317,140,45,79
318,150,44,70
316,147,45,77
316,147,45,77
316,147,45,77
316,147,45,77
316,147,45,77
316,147,45,77
316,147,45,77
302,156,51,74
284,157,61,85
284,157,61,85
282,154,73,94
282,154,73,94
282,154,73,94
282,154,73,94
282,154,73,94
278,167,75,90
278,167,75,90
278,179,80,86
272,164,78,96
272,164,78,96
262,173,88,86
255,179,96,79
241,183,110,77
241,183,110,77
241,183,110,77
232,175,117,86
232,175,117,86
232,175,117,86
232,175,117,86
232,175,117,86
232,175,117,86
232,175,117,86
232,175,117,86
248,197,108,68
205,162,91,79
205,162,91,79
273,195,84,68
277,195,74,65
279,187,73,72
280,182,80,79
280,182,80,79
280,182,80,79
280,182,80,79
148,139,73,65
148,139,73,65
148,139,73,65
126,129,61,63
118,130,64,65
109,118,63,76
109,129,56,63
95,122,61,69
95,122,61,69
95,122,61,69
95,122,61,69
95,122,61,69
45,131,76,66
45,143,76,83
45,143,76,83
45,143,76,83
45,143,76,83
45,143,76,83
45,143,76,83
45,143,76,83
45,143,76,83
45,143,76,83
45,143,76,83
45,143,76,83
45,143,76,83
4,172,75,79
4,169,78,80
6,160,64,84
16,154,48,86
20,150,48,89
27,140,45,92
34,141,40,88
38,138,41,90
45,131,39,85
44,132,41,84
45,133,45,73
46,135,42,61
46,135,43,60
48,133,42,61
49,132,43,60
50,131,46,57
50,132,47,52
47,129,45,51
49,133,49,50
55,146,45,55
55,146,45,55
55,146,45,55
68,126,55,62
73,128,61,75
79,113,64,86
85,96,58,91
86,106,60,87
88,95,53,95
87,94,53,95
89,96,50,101
85,94,52,103
84,93,46,106
82,95,48,97
78,99,53,98
76,101,56,89
74,104,55,82
74,107,57,89
75,110,57,87
76,112,54,80
78,115,62,80
77,117,64,77
81,113,69,83
83,110,73,93
87,108,74,100
90,109,70,90
90,109,70,85
91,110,67,76
94,111,66,73
93,109,68,73
96,112,59,65
97,115,59,68
98,109,64,73
100,108,64,74
104,109,61,72
104,111,58,64
106,115,56,62
108,120,51,48
110,121,54,41
110,119,52,39
108,115,56,43
110,116,56,46
108,127,49,43
107,131,46,44
103,134,51,49
100,134,53,51
96,130,59,60
96,131,60,63
97,126,62,72
97,134,60,66
98,134,62,66
106,139,60,64
111,139,61,60
120,132,58,65
126,134,57,63
133,134,50,65
197,143,57,63
148,116,71,76
165,110,69,83
177,110,54,86
186,113,46,78
188,118,49,77
193,125,51,79
199,133,49,84
197,137,50,80
204,141,48,81
208,143,48,84
211,148,46,78
216,152,48,80
222,151,65,80
247,140,63,78
214,128,60,74
227,137,63,75
227,137,63,75
227,137,63,75
227,137,63,75
299,120,66,90
222,50,69,81
300,125,73,86
217,60,72,80
217,60,72,80
327,126,52,75
323,122,61,77
326,116,65,82
350,67,66,92
359,60,68,93
366,56,70,94
374,52,72,91
376,48,77,88
377,44,79,93
386,39,76,93
387,37,80,93
387,33,85,97
396,33,82,95
404,32,79,90
408,29,82,89
417,28,83,88
422,27,84,86
426,28,91,84
435,28,88,85
439,32,99,80
447,34,97,80
448,42,97,72
457,39,101,75
459,34,103,80
459,34,103,80
465,28,104,77
464,19,109,82
475,10,100,83
474,4,100,83
469,3,110,80
470,3,108,74
471,1,95,72
470,2,91,63
467,4,82,57
467,1,77,58
467,0,70,54
464,0,77,55
468,1,70,49
471,2,66,47
473,1,64,46
476,2,66,47
477,3,59,47
484,1,64,50
487,1,71,54
490,1,71,62
496,2,78,69
497,2,86,68
500,1,89,80
502,2,92,82
502,4,100,86
502,3,96,97
505,4,91,100
499,6,92,102
498,4,91,107
493,3,90,109
491,2,90,111
485,4,90,107
479,2,87,107
476,2,87,111
468,3,78,110
462,2,77,111
456,5,68,109
451,8,62,104
447,10,59,102
440,25,59,89
436,31,56,85
429,32,57,83
428,34,53,82
425,27,56,88
424,27,56,86
421,28,55,84
422,29,55,82
421,29,55,78
421,38,55,71
422,27,54,78
422,35,57,72
425,33,52,68
425,18,52,75
427,15,60,81
428,11,67,80
428,10,76,77
431,9,85,73
434,8,85,76
438,9,83,79
440,10,83,82
443,11,84,88
443,19,93,79
446,16,91,84
446,20,93,81
451,20,87,87
452,26,87,82
454,28,86,87
457,31,81,91
460,35,81,89
459,39,83,91
466,44,79,91
470,40,74,96
469,49,81,97
470,51,83,93
474,57,82,90
479,41,72,111
486,35,66,127
481,38,70,129
475,71,78,102
475,44,77,94
471,86,72,81
472,89,71,82
467,92,72,76
465,94,74,76
460,94,76,80
453,96,80,83
447,93,82,89
447,91,76,93
455,89,75,83
456,88,63,76
456,86,59,76
459,83,53,77
467,84,42,82
463,83,43,83
461,84,41,84
459,84,39,81
455,84,41,80
452,87,44,82
454,92,41,83
448,97,44,87
443,103,48,84
436,108,49,77
430,112,50,76
423,120,53,63
420,125,50,57
420,130,47,52
413,134,52,47
416,140,49,40
410,142,51,40
410,142,51,40
410,142,51,40
410,142,51,40
410,142,51,40
401,156,53,30
399,156,48,29
399,156,48,29
382,156,55,37
383,159,51,35
377,159,49,35
371,200,40,31
382,200,36,29
378,200,36,35
374,202,36,42
356,158,44,47
341,184,37,61
338,163,46,66
330,181,39,67
322,182,44,67
314,184,39,67
305,181,42,66
300,181,43,65
296,179,55,67
290,173,51,70
285,172,57,70
281,163,67,80
278,160,81,85
303,157,83,95
302,114,92,92
268,153,86,84
259,150,83,91
259,150,83,91
192,122,77,100
193,122,83,105
299,122,91,95
274,129,92,108
296,82,93,127
202,119,102,112
202,119,102,112
202,118,124,127
207,120,153,133
206,109,176,145
204,115,181,129
207,110,180,143
207,111,169,124
496,64,135,98
496,64,135,98
496,64,135,98
496,64,135,98
496,64,135,98
496,64,135,98
301,142,98,98
207,213,94,91
321,161,68,81
331,163,57,75
332,115,46,95
335,118,45,115
333,119,50,118
333,119,52,119
330,119,53,118
325,118,58,123
320,121,63,127
319,117,64,129
310,115,73,133
310,115,71,133
302,114,75,133
298,111,81,136
305,103,73,143
299,101,78,144
304,89,76,155
303,86,80,158
304,82,77,164
307,82,73,161
310,81,70,162
289,78,90,178
259,77,114,189
245,58,131,209
238,54,137,202
242,46,138,222
239,32,132,243
245,28,130,231
241,33,136,221
245,34,133,224
239,30,133,233
244,32,130,229
246,29,130,230
237,35,130,224
236,35,132,222
233,34,131,248
234,32,129,257
227,31,128,238
232,39,129,227
228,38,126,239
221,35,136,238
215,34,135,259
208,36,138,252
199,35,150,258
187,34,153,229
184,41,165,214
184,32,152,217
193,37,130,213
202,37,116,213
196,35,124,222
196,36,125,237
193,37,127,214
195,34,119,232
192,35,123,253
193,34,112,272
184,32,125,281
186,34,122,276
185,34,122,246
184,37,120,210
178,42,134,215
179,42,126,214
182,42,127,226
178,39,132,216
179,39,124,214
182,42,129,225
181,43,126,216
182,41,131,210
182,40,129,209
187,35,127,228
182,35,136,220
182,38,134,217
187,39,125,229
187,33,128,222
188,33,125,219
190,38,128,234
189,32,127,265
190,30,139,273
187,25,127,289
181,24,140,282
188,27,129,287
187,27,130,281
189,30,124,272
193,29,123,228
193,33,123,220
197,28,119,229
196,35,122,210
192,34,139,222
181,32,148,225
195,33,148,220
187,39,153,220
201,36,145,220
200,41,150,216
198,31,153,242
201,34,153,245
194,29,160,258
202,29,153,248
199,28,158,273
204,28,156,253
196,26,163,269
200,24,161,245
200,31,166,277
201,28,160,274
199,25,164,283
188,27,174,280
204,32,164,265
201,33,168,265
194,28,181,279
194,26,179,279
188,27,184,276
198,29,182,265
189,36,193,260
198,24,173,286
202,29,182,285
199,29,180,283
206,22,181,289
198,27,180,278
202,30,181,281
213,29,175,275
208,23,182,278
196,30,195,280
206,34,182,245
204,30,189,266
210,31,181,276
210,33,186,275
209,37,187,269
214,31,184,276
206,27,190,279
204,27,189,273
199,27,193,277
205,24,190,283
216,28,178,274
210,27,183,256
216,25,171,251
217,26,174,255
229,28,164,264
221,29,155,268
234,23,151,252
223,26,158,271
229,25,147,244
235,29,152,268
234,18,141,252
236,22,142,251
239,25,136,248
238,26,142,242
234,24,143,256
240,22,137,247
246,22,134,246
243,23,136,248
247,23,132,241
244,22,133,244
246,22,130,240
242,27,136,239
246,27,137,242
236,20,140,252
246,24,136,251
245,27,138,241
244,32,141,240
241,25,145,254
243,29,145,241
242,28,148,239
242,22,143,236
240,22,146,244
244,23,139,232
242,21,143,241
248,13,135,251
251,14,128,245
253,12,133,263
249,19,136,238
247,23,141,248
248,18,145,247
250,15,144,257
254,19,144,240
248,20,156,238
250,20,150,249
257,22,146,239
253,25,164,245
249,26,162,223
251,26,159,237
250,34,170,230
257,27,145,228
250,22,137,241
259,27,137,238
253,26,156,239
255,25,145,240
254,23,143,240
259,25,150,236
260,28,146,234
255,25,145,241
253,31,166,232
256,23,151,232
254,26,153,232
253,25,155,236
254,24,152,249
260,23,142,244
253,26,152,241
249,26,153,237
248,24,153,239
251,22,158,248
252,25,155,237
248,22,150,243
250,21,147,246
239,21,152,242
241,27,151,232
237,24,147,240
232,26,163,238
231,25,146,230
226,21,167,241
215,27,170,222
208,30,182,225
196,26,196,223
206,31,186,240
234,26,164,242
230,23,161,239
221,30,175,269
223,29,164,269
216,26,176,278
216,27,167,269
209,25,170,283
208,30,178,273
208,27,173,276
200,35,195,287
199,25,177,280
194,30,183,273
200,31,174,271
204,31,168,277
203,29,170,283
201,24,168,280
199,25,166,286
194,28,170,272
192,30,167,278
188,32,172,267
182,33,179,275
182,32,180,261
177,35,181,256
184,37,181,237
184,40,183,231
178,33,186,234
185,40,179,237
184,43,182,218
188,45,182,212
179,40,183,229
180,37,189,255
193,46,169,211
192,40,177,218
188,36,182,232
181,41,188,228
191,34,182,240
194,37,178,225
184,36,189,232
195,36,178,226
197,41,178,217
192,34,182,214
193,35,183,220
202,36,180,213
208,32,172,233
205,35,180,223
188,36,194,237
210,31,176,234
212,33,178,218
211,31,182,224
220,37,173,217
200,32,190,219
219,27,172,253
223,29,164,233
210,31,176,244
223,36,169,227
227,25,159,236
223,29,160,236
227,26,154,229
224,27,152,226
228,26,153,229
216,30,160,229
184,32,189,217
220,31,162,212
197,66,185,194
209,38,166,223
205,34,170,262
213,32,165,247
211,33,165,231
207,23,167,242
217,25,168,237
210,28,161,256
217,27,161,255
218,24,159,266
221,22,153,269
225,30,164,241
220,23,163,237
223,44,154,224
228,32,153,227
227,25,150,243
229,29,154,236
220,31,150,246
231,37,152,227
221,38,157,217
228,41,155,220
225,44,159,208
220,40,154,213
232,41,150,216
232,37,145,237
229,35,157,226
228,36,147,233
230,38,156,222
230,40,160,222
229,36,154,228
225,36,164,235
225,33,166,242
223,38,173,268
217,33,173,273
219,37,173,272
220,34,165,240
219,34,175,235
212,37,187,221
214,32,186,222
213,33,184,241
212,42,186,224
212,41,188,220
213,42,182,214
209,44,183,211
209,33,180,230
214,48,182,213
216,48,180,204
213,59,182,201
206,43,185,218
211,60,188,218
208,58,194,212
210,58,194,213
208,64,198,209
210,61,200,192
209,65,199,187
202,66,215,186
211,64,208,186
204,63,224,198
204,48,210,197
211,56,237,204
201,61,264,209
211,58,259,206
195,49,267,247
199,55,283,253
206,46,282,263
201,42,285,271
198,43,261,272
198,57,299,253
200,49,270,269
200,63,300,253
202,68,299,241
189,60,312,258
202,51,299,258
192,44,302,278
196,44,301,271
199,30,296,293
192,53,269,281
198,75,254,246
193,112,285,206
186,103,287,213
190,115,293,203
187,108,299,201
193,118,288,191
187,116,292,154
187,124,285,151
184,119,287,139
183,121,281,145
191,127,278,116
185,123,267,129
191,127,248,122
189,128,220,133
194,122,219,142
195,119,198,141
195,125,206,139
198,131,199,120
199,123,186,137
201,125,176,136
199,119,175,150
200,119,166,176
198,119,171,166
204,121,155,178
205,117,155,177
204,121,157,163
204,122,154,148
206,123,160,146
211,118,154,156
204,123,154,179
205,121,155,179
206,120,159,181
205,113,155,193
211,126,156,170
213,121,151,174
213,122,147,173
210,121,146,168
214,121,153,168
214,124,153,164
215,126,151,153
222,124,146,145
213,128,149,148
221,120,145,173
218,74,146,190
216,41,140,229
210,63,149,232
214,90,144,214
219,37,144,242
215,40,150,253
208,65,152,248
211,36,156,253
204,38,159,254
202,39,168,269
203,33,167,271
205,36,164,254
205,36,170,275
206,28,162,274
209,34,168,277
214,34,159,263
217,37,156,270
219,35,157,254
213,37,158,270
213,34,165,273
220,33,152,267
218,35,159,270
223,34,151,254
221,32,150,245
217,35,160,262
213,33,161,266
215,32,161,277
215,30,161,269
216,30,158,272
218,31,153,263
216,35,166,276
218,28,160,271
210,29,167,273
215,34,159,267
219,33,158,272
217,28,156,276
214,33,160,256
214,34,156,249
215,36,168,271
213,33,166,271
215,31,161,264
216,35,166,275
218,35,161,270
217,36,161,264
214,34,163,256
214,33,158,254
221,36,155,243
214,36,162,269
218,37,157,258
216,40,159,251
216,35,154,259
217,38,155,243
214,35,156,266
213,31,159,268
217,36,157,255
216,34,164,271
216,34,159,268
214,37,160,264
218,37,163,265
215,36,164,265
215,38,159,250
216,35,156,253
213,38,162,231
216,39,161,258
215,35,166,267
216,34,161,266
213,36,159,266
217,35,160,263
218,34,157,253
220,39,156,253
220,31,156,264
217,40,162,265
218,38,161,259
220,37,157,264
217,36,161,252
215,33,159,266
216,27,171,288
220,32,161,271
218,37,158,263
218,36,162,251
219,37,163,255
218,36,166,250
210,33,169,268
217,33,170,257
214,36,163,253
212,40,166,256
211,35,169,258
212,31,170,272
208,34,169,270
212,33,164,262
213,30,155,266
213,34,163,262
217,32,155,265
218,33,158,266
214,34,153,275
221,29,150,269
218,31,154,261
224,32,143,241
223,33,150,256
219,32,147,254
218,32,155,266
219,28,149,273
221,35,150,266
218,28,153,272
222,33,153,265
217,27,153,269
223,34,152,263
225,34,151,252
225,33,153,254
221,30,154,267
224,35,156,256
222,31,154,265
229,36,150,246
224,36,152,250
226,31,150,259
226,33,157,255
226,33,161,261
220,33,161,273
221,31,154,267
223,36,158,257
226,37,162,256
223,35,159,267
226,38,161,259
226,31,166,268
223,29,162,254
230,29,151,245
224,62,154,231
226,38,163,235
225,37,156,229
220,56,168,237
225,42,164,218
220,88,171,202
222,109,167,162
231,118,161,142
225,115,161,144
228,114,161,144
228,113,156,145
231,114,157,142
231,110,150,146
230,116,154,138
234,107,156,152
234,108,147,146
234,117,150,141
230,109,157,147
235,104,153,156
227,107,156,151
232,100,158,153
235,98,156,155
233,117,158,131
234,111,161,147
235,117,159,138
234,115,158,138
235,113,168,143
234,92,165,166
231,119,161,135
232,117,171,142
237,119,165,139
232,116,172,143
228,105,174,152
236,125,157,131
237,97,163,154
234,84,173,168
235,81,166,178
233,84,173,193
234,69,168,192
230,83,167,176
233,87,162,171
238,88,160,175
237,76,159,181
239,84,148,171
239,92,153,180
237,92,152,176
232,93,156,182
232,92,150,169
230,98,158,164
226,100,163,178
227,100,163,164
225,104,156,161
221,102,170,180
228,101,158,166
224,107,157,188
220,107,166,161
221,106,160,159
232,109,143,159
220,111,162,156
208,113,170,152
202,115,183,124
202,115,177,141
197,116,181,160
184,117,192,137
192,122,188,141
179,121,199,126
183,124,199,122
205,121,177,123
218,119,166,138
226,117,155,139
228,114,153,153
228,116,155,151
228,115,156,158
222,119,164,138
222,117,173,174
228,121,160,179
220,111,168,198
215,90,186,230
204,22,188,283
202,26,187,279
208,25,189,286
209,24,180,288
197,23,201,293
200,19,195,302
205,22,189,294
205,26,189,295
218,23,173,288
223,22,178,284
213,21,173,280
208,22,183,283
201,23,190,282
209,26,181,281
202,25,199,298
208,23,176,283
211,18,164,289
214,21,180,291
207,17,168,287
212,27,181,277
207,25,194,285
205,23,189,290
203,26,195,284
203,25,192,289
207,20,185,284
198,24,205,310
203,18,176,282
187,31,208,303
192,22,192,301
196,24,197,319
206,21,172,275
202,26,188,259
197,27,204,284
197,27,203,323
189,25,203,323
190,27,207,328
188,23,197,324
190,31,203,316
181,25,209,329
174,34,220,324
174,26,215,328
168,30,204,324
179,11,205,328
176,23,191,328
181,18,189,336
164,12,199,340
146,25,235,345
144,23,235,333
151,33,225,335
148,21,239,335
152,20,236,324
149,38,239,328
151,30,237,334
161,30,209,334
160,23,226,325
167,31,220,331
174,23,197,327
183,29,193,332
198,24,167,332
208,17,166,342
209,17,159,335
197,18,168,325
213,36,153,323
202,17,165,332
208,24,159,341
215,31,151,333
203,22,170,335
216,21,155,331
212,22,160,336
211,30,160,327
216,27,155,332
215,17,153,328
212,31,159,335
210,28,166,328
210,20,162,323
213,22,156,328
215,28,154,330
212,22,156,326
214,31,157,333
209,33,164,323
217,17,156,328
211,29,153,325
214,31,150,330
211,27,162,320
212,17,160,339
214,27,158,328
211,23,163,325
212,29,157,320
213,21,156,318
211,32,162,309
208,32,161,319
206,29,163,308
209,23,169,312
205,31,169,315
204,28,164,316
208,25,161,311
203,24,167,319
207,23,171,309
214,28,165,313
207,27,172,308
207,25,169,311
210,28,176,310
206,31,175,303
209,30,161,307
207,21,179,320
208,25,177,299
214,32,177,304
211,22,178,312
208,20,177,312
213,31,167,309
206,24,168,304
212,29,176,313
210,23,167,310
209,23,185,317
212,24,170,312
209,21,177,316
213,27,170,309
212,22,169,315
210,22,174,321
209,21,172,312
217,30,166,306
215,24,171,312
205,28,176,304
213,24,167,296
213,28,162,293
214,26,164,300
215,28,157,293
215,23,162,303
212,26,155,294
212,22,166,305
215,29,167,298
213,22,158,299
213,21,161,299
218,35,157,288
212,25,167,287
213,23,163,293
215,21,155,301
216,24,163,295
216,28,156,286
215,24,156,300
219,22,158,304
214,29,153,292
214,28,153,290
217,25,154,302
220,24,149,293
217,22,151,303
214,23,150,298
218,26,150,300
220,25,145,295
215,22,145,293
216,23,144,300
215,25,144,295
216,24,140,297
212,27,143,299
212,28,155,291
212,21,146,296
213,23,143,300
215,19,144,307
216,18,141,305
212,23,142,308
214,23,145,300
210,22,144,305
212,20,147,307
213,18,141,307
209,18,149,304
211,37,144,293
212,34,144,302
213,30,148,310
212,27,142,309
212,25,138,310
212,25,148,311
211,25,152,309
212,23,146,310
211,22,151,302
214,25,150,302
210,30,154,303
213,30,163,300
211,27,169,307
211,23,159,299
212,28,158,299
208,23,176,309
209,27,193,310
210,27,150,282
212,26,144,293
209,25,151,270
213,27,153,286
209,25,150,277
211,30,147,265
210,24,155,287
212,28,149,284
211,24,148,297
209,25,150,280
215,34,141,247
212,32,154,256
211,28,161,294
213,30,168,305
209,21,176,323
208,19,172,305
208,32,177,300
213,24,175,288
206,28,179,298
213,23,173,297
212,35,170,288
213,26,178,307
211,28,171,300
216,24,172,311
214,21,167,306
210,28,168,301
211,28,167,292
214,31,164,296
216,31,157,297
211,29,165,297
211,34,161,293
212,25,164,309
213,20,165,310
210,32,157,296
211,27,162,294
211,32,160,295
212,27,163,290
210,30,157,291
208,23,157,303
208,30,153,291
210,31,148,284
211,25,149,293
207,29,146,279
208,33,152,281
208,29,142,271
211,29,143,281
209,27,142,289
206,26,144,272
211,28,149,285
203,24,148,273
210,33,148,270
213,27,154,287
218,29,147,282
212,29,149,261
216,27,157,263
211,24,164,284
215,22,166,298
214,25,170,298
211,28,186,305
209,21,161,249
215,31,163,231
212,28,166,235
213,30,163,230
210,27,167,233
211,34,171,229
212,30,175,228
211,35,159,218
217,32,166,231
212,31,172,263
215,35,162,286
217,28,168,301
210,24,167,298
214,29,169,300
214,22,163,307
216,22,155,303
216,31,153,293
208,25,155,301
209,27,154,301
207,26,158,306
207,28,156,302
208,28,157,302
213,31,151,296
214,22,152,302
211,28,152,302
213,26,150,301
214,34,145,293
213,31,143,300
212,28,142,294
213,33,142,290
212,26,142,303
213,26,148,311
212,28,142,315
212,29,140,308
216,26,146,298
214,24,145,303
214,27,148,304
211,25,150,300
213,26,156,304
213,29,158,301
218,29,160,310
216,23,160,308
217,31,151,311
216,27,144,308
215,21,152,312
216,25,141,307
216,29,146,305
216,31,152,304
217,25,149,308
217,20,153,312
215,26,152,306
216,23,151,311
215,23,156,309
216,27,157,299
215,25,145,311
212,26,153,284
213,33,164,272
213,24,166,312
211,28,203,313
215,21,157,309
212,31,150,310
213,23,151,319
211,28,152,271
211,30,152,277
212,39,145,218
208,39,153,212
211,38,150,208
207,35,146,223
210,30,144,223
209,36,137,222
209,41,149,213
206,34,143,218
206,39,141,216
209,39,142,212
206,37,145,213
207,39,141,216
209,42,147,210
208,41,140,214
209,41,142,210
208,41,135,218
205,45,146,208
203,40,159,213
207,41,148,214
206,39,143,217
205,40,142,216
205,42,150,210
204,43,141,215
206,42,147,204
204,45,149,206
206,44,142,212
200,39,154,211
200,36,158,211
203,44,160,209
202,42,163,213
200,38,166,218
198,37,176,226
201,40,181,236
203,37,176,219
205,38,178,262
202,36,181,301
205,33,176,292
207,34,170,294
210,35,170,301
208,33,160,297
205,29,164,296
212,31,164,293
211,30,164,296
214,28,160,297
218,16,159,297
217,33,160,272
217,31,148,273
221,27,154,275
223,29,152,272
218,26,153,263
219,26,154,264
220,27,153,261
221,22,155,281
220,34,147,255
219,28,159,259
220,29,160,273
217,27,155,263
219,28,159,254
211,33,166,236
222,35,161,233
212,28,168,251
212,30,165,238
207,31,176,265
212,34,158,249
221,26,157,240
213,26,160,238
211,29,167,255
212,26,175,269
215,29,158,255
215,32,173,234
217,33,176,251
218,28,160,261
217,30,179,248
211,29,176,243
208,30,181,242
215,29,178,247
217,31,170,251
220,31,173,248
211,30,170,241
217,27,177,245
214,25,175,258
211,29,175,252
205,28,185,247
207,34,177,236
211,29,177,255
201,27,181,258
209,27,180,258
214,18,160,250
214,26,170,248
217,26,162,246
215,32,158,239
218,28,163,242
219,30,154,238
219,23,151,246
215,28,156,235
218,26,151,255
221,23,149,241
221,32,148,232
223,29,141,240
228,31,139,234
232,25,137,249
232,31,140,232
236,27,131,229
238,24,132,239
238,28,129,226
239,27,133,224
226,25,145,231
218,29,151,227
228,28,142,225
231,26,138,237
232,27,132,245
237,25,136,241
240,28,128,239
230,27,137,235
236,25,133,241
218,31,157,236
209,25,159,236
206,28,168,239
206,37,172,225
199,39,175,217
204,29,172,227
203,29,174,241
200,33,176,229
200,36,173,217
201,31,177,226
197,33,176,215
189,31,188,229
189,32,186,228
192,28,183,221
196,28,181,225
191,28,188,226
218,26,160,237
223,26,159,252
212,24,158,261
214,25,162,258
202,28,174,239
204,28,172,245
193,32,182,241
194,30,183,249
198,32,179,236
200,32,177,234
209,30,171,235
209,34,174,232
208,30,174,248
205,32,176,232
209,31,171,233
207,36,178,227
204,31,176,276
206,29,177,257
201,27,181,251
205,31,175,249
200,34,183,267
199,34,174,254
197,35,173,237
193,33,175,227
187,43,181,202
185,46,177,208
179,46,184,250
165,54,212,249
146,54,229,268
139,57,232,263
126,63,242,253
111,63,263,260
108,64,266,265
101,75,274,248
65,80,297,213
74,74,272,196
62,71,275,188
57,66,257,190
50,68,249,184
43,63,259,191
36,63,254,190
22,61,274,191
19,57,277,193
17,55,276,194
8,49,281,195
6,36,281,208
8,24,283,231
3,32,276,217
0,50,279,185
9,58,263,170
0,37,268,202
8,51,252,196
8,49,244,174
53,79,220,224
35,45,212,271
16,29,236,310
19,30,230,290
17,19,221,314
25,20,208,307
31,21,202,303
21,20,209,287
45,26,180,305
32,11,195,322
17,7,205,326
34,6,187,330
31,8,191,321
33,9,189,326
28,7,195,330
35,11,190,322
19,1,210,331
23,2,209,330
21,13,217,326
