434,270,72,67
432,270,72,66
432,272,67,61
433,273,69,62
432,272,73,62
433,270,71,65
430,271,73,66
430,270,74,65
432,271,70,63
432,270,72,66
432,272,69,62
431,271,70,63
431,272,70,60
430,271,73,67
431,270,71,65
430,271,70,64
431,271,72,65
432,271,71,64
430,270,73,65
433,272,73,63
431,271,71,64
431,271,73,66
431,270,74,67
429,270,72,67
432,269,71,65
431,271,70,66
433,272,69,64
433,272,72,61
433,272,72,63
432,271,69,64
434,272,70,60
434,272,69,61
431,270,71,66
432,270,72,68
433,270,71,65
432,270,71,64
431,270,71,64
433,271,68,61
433,274,70,62
430,271,72,65
429,271,74,63
432,269,69,63
430,273,71,58
433,273,67,58
431,271,68,62
432,270,64,62
430,273,65,56
431,273,64,57
429,273,62,57
427,270,63,59
425,269,61,61
422,269,63,59
423,269,58,59
419,272,58,57
418,269,59,60
412,270,59,58
409,268,65,59
407,265,61,65
406,266,63,62
404,266,63,65
399,267,67,64
397,266,65,60
391,264,65,63
383,265,70,63
381,262,70,59
374,263,69,59
364,263,72,58
359,261,69,62
354,261,69,61
346,262,66,59
335,260,71,60
332,260,64,58
326,263,62,53
314,259,62,58
305,260,61,53
294,259,60,55
285,260,60,53
288,259,57,51
277,260,59,49
280,258,58,52
273,258,52,50
268,258,51,50
266,258,51,51
256,255,48,50
250,254,47,54
247,250,46,55
242,248,48,55
242,251,44,47
237,247,48,50
234,245,47,50
233,249,45,44
233,248,42,45
232,247,44,45
230,245,45,46
229,244,45,45
229,245,44,44
228,243,43,44
227,241,43,43
227,242,43,42
226,242,43,41
223,241,46,44
224,241,45,43
222,243,45,39
221,244,43,37
222,245,44,38
222,243,44,41
221,240,44,43
217,241,46,42
217,241,47,42
220,242,43,42
216,240,45,43
216,240,47,43
218,240,49,44
212,238,53,49
218,242,49,48
220,241,49,50
218,242,52,50
212,239,59,56
208,244,66,52
206,243,72,59
205,243,75,62
202,245,82,61
201,249,88,58
201,249,86,60
200,249,89,67
204,250,87,64
201,251,91,64
208,252,85,65
211,247,85,72
213,250,83,66
220,247,79,72
222,249,81,67
229,247,86,70
230,246,93,67
255,249,77,65
307,223,72,74
290,230,85,74
284,221,92,83
285,224,92,79
292,226,91,73
286,224,100,75
290,225,94,75
245,245,89,64
258,252,80,51
273,252,70,52
278,252,60,52
280,252,57,48
284,254,55,48
290,254,51,45
291,252,50,48
293,252,50,47
294,252,50,47
293,250,51,51
296,250,49,49
297,246,50,53
300,248,47,50
302,249,46,48
302,248,47,46
301,245,47,48
295,245,54,48
292,241,59,53
291,239,55,54
289,243,61,52
289,236,58,56
286,232,63,60
284,236,65,57
278,239,69,54
275,234,68,58
276,235,66,60
275,229,68,68
273,227,69,68
270,230,71,64
268,227,70,66
263,228,74,66
258,228,77,65
259,231,72,66
259,234,69,61
249,234,73,66
237,234,79,65
232,232,80,71
226,232,81,69
220,231,81,72
210,228,84,79
194,232,93,76
185,231,92,77
181,232,86,81
170,230,89,82
162,227,98,86
155,229,94,84
150,230,100,83
143,230,104,83
135,230,104,84
130,227,101,85
122,225,109,86
119,226,107,84
113,227,115,82
110,229,115,78
107,226,113,81
106,227,114,73
92,233,126,73
100,226,119,78
100,225,114,82
101,224,119,72
97,227,121,72
92,227,127,75
93,228,127,70
89,227,131,73
83,228,143,75
89,226,137,73
85,229,147,67
87,226,149,72
91,227,150,69
91,226,151,72
91,224,157,74
96,223,149,71
103,221,154,73
106,221,158,73
108,217,157,78
113,217,151,75
119,214,153,77
126,215,152,73
133,216,143,71
137,214,143,71
142,217,140,66
146,216,140,70
124,216,154,87
129,221,168,64
110,234,143,55
116,241,135,53
146,236,122,51
149,242,108,47
151,240,93,49
146,227,73,61
148,225,70,61
148,219,73,63
152,216,75,67
156,212,70,60
163,209,63,55
174,209,54,51
179,207,50,52
185,206,48,54
188,210,46,51
188,207,47,54
187,202,50,55
185,199,50,56
187,194,49,58
191,192,49,59
197,183,55,61
202,181,56,63
203,178,62,61
209,177,63,56
208,175,66,54
213,172,67,56
210,168,74,60
211,167,84,56
220,165,82,54
231,162,81,58
238,160,80,58
245,157,80,58
252,158,81,54
259,156,75,54
266,151,84,59
273,149,84,61
277,146,93,65
271,172,116,76
279,145,111,91
276,140,115,68
307,141,97,69
318,144,89,60
327,146,95,67
337,151,96,60
344,153,107,63
348,155,120,63
362,160,118,61
377,161,117,61
377,161,117,61
415,165,100,66
447,167,77,76
457,164,76,82
461,169,78,82
472,188,77,69
469,192,80,71
472,196,78,76
473,200,80,75
469,210,76,69
466,215,76,70
454,216,81,76
446,218,73,79
439,227,74,70
424,229,72,75
408,229,77,81
400,236,74,76
387,239,70,74
370,240,73,78
359,242,70,80
350,240,67,83
337,239,69,82
329,240,63,81
319,243,65,79
309,246,67,72
301,249,65,67
291,244,66,73
279,240,71,77
271,228,76,85
274,225,69,90
272,235,70,76
269,231,68,83
263,237,72,73
261,234,70,76
261,233,73,75
258,237,71,70
254,231,71,75
257,227,67,77
256,224,64,80
252,230,72,72
251,223,68,77
251,220,63,81
247,226,61,72
244,225,65,73
239,223,65,73
241,222,64,72
234,212,64,84
234,209,66,90
232,207,62,91
224,214,68,82
219,223,63,73
211,223,59,72
202,227,63,70
200,227,59,66
192,228,60,68
186,223,62,72
179,223,60,71
176,224,57,69
167,224,59,70
165,219,57,76
161,216,59,74
155,222,57,68
153,216,59,71
149,214,60,69
149,215,60,67
149,215,57,64
149,213,60,66
148,213,60,65
152,217,56,61
152,221,56,57
154,227,54,54
153,223,50,60
152,226,53,59
152,228,54,60
152,235,53,56
152,230,56,63
151,227,58,70
152,238,51,58
153,244,52,55
153,246,51,53
155,246,51,53
156,245,53,55
157,244,54,57
158,244,55,57
159,242,56,59
162,240,56,62
163,240,58,66
163,232,62,74
163,232,60,74
163,232,66,72
165,236,63,72
166,234,65,73
167,237,66,73
168,236,72,75
170,237,74,80
171,235,71,81
172,236,68,82
173,237,66,74
175,239,66,73
174,240,66,73
175,240,63,73
175,242,68,71
175,242,69,71
174,240,66,73
175,237,67,79
174,239,66,77
173,235,66,77
174,236,63,77
173,233,66,84
174,231,65,83
172,234,65,80
172,232,64,80
171,234,62,78
170,231,66,76
172,234,62,71
173,232,62,70
172,231,63,75
171,230,62,76
169,228,62,80
170,233,59,72
172,230,60,76
171,233,58,69
178,234,56,67
177,234,56,63
174,232,53,66
173,237,55,61
172,235,54,61
169,224,55,65
168,218,55,65
162,220,55,63
158,219,59,64
150,221,62,67
152,223,61,65
152,222,61,63
150,229,57,61
151,223,60,64
149,222,64,64
149,223,58,61
150,225,62,59
152,227,60,58
150,221,65,61
151,226,59,53
154,218,62,59
161,214,60,61
167,212,58,61
174,211,59,60
179,211,55,63
186,215,55,62
193,212,54,64
198,216,53,60
200,218,56,55
205,221,54,54
212,222,54,54
220,226,51,53
225,226,54,53
231,222,55,55
234,213,59,67
235,205,63,75
237,200,69,80
237,202,71,77
244,200,67,76
246,199,68,78
247,196,72,79
246,194,73,82
254,195,67,80
254,193,68,81
249,189,74,84
246,189,77,82
251,186,71,84
254,188,65,83
253,183,62,84
248,182,60,86
243,177,60,88
234,170,66,98
231,166,64,99
233,160,67,98
231,159,67,98
230,157,70,97
225,155,74,91
212,155,80,88
204,155,82,88
200,154,78,86
194,150,83,88
196,151,76,86
192,156,70,83
188,157,69,89
183,159,56,84
181,160,54,84
175,162,54,83
172,157,53,84
165,154,56,84
161,152,59,80
157,150,61,76
150,144,64,74
143,138,64,70
135,128,67,68
132,124,68,61
126,125,72,61
118,128,73,64
116,135,75,70
115,140,76,72
125,153,77,70
131,164,80,70
141,170,79,65
147,175,76,65
149,175,79,68
151,174,77,68
151,172,79,73
150,168,78,72
150,169,79,67
151,164,74,70
150,167,73,64
148,167,75,62
154,171,73,61
158,169,72,61
159,169,70,62
162,171,65,66
170,169,59,68
175,168,56,65
177,172,55,63
177,171,56,64
177,174,55,64
174,175,54,69
174,172,51,70
167,171,50,69
158,171,51,64
148,173,55,62
137,174,61,61
127,175,59,62
119,175,57,61
110,176,55,58
103,174,57,59
98,174,56,55
92,173,56,58
88,171,54,56
86,171,51,53
82,171,54,55
81,172,53,53
78,171,54,57
79,168,50,57
79,168,52,57
81,168,53,58
84,166,50,57
85,165,50,60
89,167,55,61
92,169,55,60
96,171,54,56
95,172,57,59
101,178,58,55
104,180,56,58
108,182,57,56
114,187,55,56
121,189,53,55
125,190,55,56
128,196,56,50
133,198,56,51
140,202,51,49
145,207,51,50
149,208,50,49
155,211,50,45
159,212,49,48
163,214,46,46
166,215,48,46
168,216,48,46
174,218,47,48
179,217,49,46
187,218,52,48
194,218,50,51
205,212,44,58
212,214,47,54
216,212,55,55
224,214,61,58
231,212,67,58
238,213,65,58
219,209,87,62
220,203,106,68
243,30,94,80
242,23,87,98
250,22,80,109
239,24,90,102
243,20,88,107
234,20,94,106
232,20,98,109
233,23,98,109
229,24,97,110
234,21,95,113
230,21,96,110
231,24,96,112
234,25,90,115
237,20,93,113
236,20,90,112
235,22,95,113
231,26,93,107
233,23,92,112
232,25,92,116
233,24,94,110
228,24,94,110
233,26,91,115
227,25,94,109
229,27,92,110
227,25,85,107
223,23,94,108
222,24,91,112
219,27,92,113
225,21,90,114
221,28,86,110
217,26,90,111
212,28,93,110
213,25,91,112
213,27,87,111
210,29,89,106
209,30,86,109
205,26,97,111
209,30,86,107
207,28,88,112
205,26,92,107
205,28,91,106
208,26,90,107
201,30,97,104
204,25,94,108
209,26,91,114
210,24,92,112
216,25,88,111
213,26,90,108
216,25,94,111
221,24,89,109
221,23,89,114
228,22,86,113
225,24,92,113
233,26,87,114
234,25,89,111
231,22,93,118
234,20,94,116
239,22,89,113
244,22,86,118
241,20,93,113
241,20,96,117
247,21,84,117
244,22,93,110
249,21,91,117
248,19,95,112
255,23,94,116
251,22,92,112
253,21,95,114
253,22,95,113
255,25,93,111
254,21,95,109
254,22,92,112
253,23,95,112
255,21,92,111
256,22,93,114
256,22,94,114
256,22,97,111
258,25,92,109
258,22,93,111
255,23,98,111
257,21,93,112
258,19,92,114
259,25,93,108
254,21,89,109
257,21,89,115
257,22,91,109
257,21,87,105
255,19,90,107
256,22,94,107
254,19,91,108
255,20,89,105
260,22,88,104
254,20,92,102
259,19,89,110
258,19,85,109
256,20,91,105
261,17,87,108
260,19,87,103
266,21,82,109
263,21,87,100
266,20,86,102
265,21,85,107
266,19,87,100
262,18,91,102
263,20,86,96
264,21,89,97
264,19,86,100
270,20,86,106
270,19,83,100
269,19,84,99
272,22,86,103
272,21,83,100
272,22,86,101
270,20,80,99
274,21,82,101
272,21,81,96
272,21,84,97
275,21,84,101
275,20,87,98
276,22,86,98
277,22,88,98
276,22,84,100
275,20,81,100
272,20,86,102
275,20,85,103
275,18,86,101
276,22,84,104
275,19,84,103
279,24,83,104
278,22,83,99
278,21,84,103
278,22,87,102
277,19,84,102
276,21,86,107
275,18,86,104
278,19,85,110
275,19,90,107
279,22,83,101
278,19,84,107
274,18,86,107
277,21,86,105
278,19,84,107
279,20,86,108
277,20,90,107
278,19,83,110
280,20,84,103
277,19,89,106
278,18,90,108
274,18,86,107
276,20,86,106
280,18,87,112
279,19,85,106
276,17,87,108
276,17,88,107
276,18,90,103
279,19,89,101
279,20,87,108
277,20,90,108
282,22,86,104
277,21,87,105
273,20,94,108
276,22,88,101
276,20,88,103
275,18,88,108
281,20,88,108
275,22,89,104
279,22,89,102
275,20,87,107
273,20,88,105
272,18,84,105
269,18,87,104
274,20,84,114
272,21,83,102
267,20,90,107
267,21,85,100
266,22,85,102
267,21,82,98
263,19,82,100
258,21,87,98
257,21,82,107
256,23,81,102
253,22,82,103
253,21,82,101
246,22,85,101
246,21,86,110
246,24,83,107
241,25,79,108
240,29,82,106
242,30,74,106
234,32,80,102
232,33,78,100
227,36,84,104
227,37,79,97
220,36,82,98
222,40,86,98
218,39,88,100
218,41,83,94
216,43,88,98
219,42,80,96
218,46,82,95
220,43,82,93
216,44,87,93
213,43,86,94
216,46,89,93
216,47,86,91
217,46,89,90
215,47,89,93
221,50,83,92
221,47,88,87
221,49,85,86
221,46,86,94
221,47,87,93
226,49,80,92
221,51,86,93
223,50,86,93
229,49,82,91
227,51,81,94
230,47,79,91
226,51,83,93
224,51,84,88
222,50,85,90
225,50,85,90
221,50,81,90
223,51,85,89
222,47,86,92
221,53,85,88
220,50,87,91
225,47,83,89
221,48,87,90
223,47,83,93
224,47,87,90
223,48,84,92
224,50,83,89
225,46,81,89
221,45,86,92
222,43,86,92
223,47,83,90
224,45,80,91
228,46,78,89
227,42,80,92
230,41,79,91
225,43,81,90
227,40,80,91
227,40,81,89
228,38,80,89
230,37,79,91
230,36,81,89
235,36,77,89
235,33,77,91
232,33,81,91
231,33,79,92
235,31,79,94
234,32,82,92
234,29,86,92
239,28,78,96
233,28,85,100
238,31,78,103
241,28,77,106
237,28,82,98
237,27,81,106
233,27,83,100
238,26,81,106
239,24,84,115
238,24,82,109
237,23,87,101
242,23,80,109
237,23,88,94
245,25,81,98
247,20,80,109
248,22,78,102
240,19,88,99
247,18,82,97
253,19,79,105
251,20,79,97
244,17,87,103
244,17,87,97
244,21,87,97
249,18,84,102
238,17,90,102
248,19,82,99
236,17,89,106
238,20,83,100
236,19,84,107
238,20,81,104
227,18,92,106
229,19,88,108
229,22,83,106
223,18,88,107
221,18,85,111
215,20,89,110
213,21,86,111
207,23,86,111
210,22,84,108
203,21,88,112
196,23,91,109
195,23,93,111
190,23,95,119
188,23,96,120
187,21,95,114
185,26,97,116
183,23,97,118
182,24,97,118
181,22,98,124
181,24,98,125
183,23,97,119
182,26,95,119
186,25,92,119
174,25,105,121
174,24,104,120
177,26,101,118
181,26,98,122
183,25,94,117
183,26,90,118
183,27,93,113
170,28,107,109
173,28,100,113
176,30,99,115
171,29,101,116
166,29,105,116
164,31,108,112
165,30,108,113
171,31,99,114
171,31,100,118
172,31,100,115
161,34,108,103
167,33,102,110
167,33,101,116
167,33,103,118
169,33,99,112
166,32,104,116
165,32,105,111
172,34,99,120
160,36,105,115
164,33,104,123
169,36,103,125
172,34,98,121
173,32,91,124
174,34,89,125
167,30,100,118
167,33,96,104
173,31,95,127
175,34,92,113
174,33,92,115
172,34,95,126
176,35,86,129
171,31,97,145
171,32,91,135
177,32,95,127
174,34,90,132
173,30,99,137
175,35,95,123
170,31,96,121
168,33,104,116
161,34,106,112
163,35,103,110
169,34,94,116
166,32,99,120
161,35,100,115
164,34,99,114
168,35,94,114
168,33,96,121
164,32,100,118
164,33,101,113
164,31,102,119
161,33,104,118
167,33,97,111
170,34,95,114
169,33,98,119
166,33,101,119
169,34,95,114
164,33,105,118
163,34,102,114
165,35,99,116
170,32,97,122
168,32,97,120
168,33,95,121
163,32,101,119
167,33,98,118
172,34,90,119
169,32,95,124
167,33,97,119
167,34,97,118
166,33,96,118
169,34,96,112
161,36,103,112
170,34,92,117
169,35,95,117
171,35,95,112
162,35,102,113
162,34,100,116
164,35,102,121
164,33,101,123
160,33,102,125
165,36,97,116
163,35,100,110
167,36,96,116
166,36,95,114
162,35,101,121
163,35,101,119
161,35,102,124
164,39,98,116
160,36,94,107
167,38,95,118
159,36,97,122
160,38,96,118
164,39,92,118
161,39,97,117
158,38,101,113
160,38,99,124
160,37,98,116
155,38,98,113
159,37,97,119
160,40,97,119
157,40,100,123
154,39,99,121
157,40,102,112
154,39,101,117
155,41,99,121
151,38,105,116
152,39,100,123
155,40,102,120
158,39,97,119
156,40,99,114
159,37,97,115
157,36,101,124
161,37,97,120
159,37,103,114
158,37,101,115
155,36,106,118
154,37,103,117
160,37,100,112
163,38,98,115
162,37,95,119
163,36,100,111
163,35,99,121
160,37,95,117
161,37,98,122
160,35,97,122
160,37,97,115
153,40,100,115
151,40,103,111
149,41,101,118
155,39,95,120
156,40,103,120
156,41,93,118
152,41,100,126
154,42,95,119
148,41,100,114
151,42,95,122
151,44,94,109
145,44,99,112
146,45,98,119
146,43,95,116
144,46,99,117
141,44,103,120
151,46,101,132
148,46,94,126
147,46,96,112
142,45,97,124
148,46,101,113
149,45,95,106
142,45,99,112
139,47,105,108
142,45,100,118
149,46,99,130
141,44,96,137
144,43,104,143
143,43,96,139
153,45,95,110
147,45,96,111
145,42,101,133
150,42,101,129
146,42,106,127
149,41,102,122
152,38,102,117
157,41,97,111
159,36,99,117
161,36,95,124
172,33,88,119
178,30,84,124
180,28,86,124
186,28,87,107
189,25,86,112
189,25,91,112
195,24,89,111
201,24,83,105
206,24,81,109
212,22,81,112
213,22,78,112
219,21,82,113
218,22,83,107
226,21,80,110
226,18,83,120
234,18,80,119
232,17,82,105
238,18,78,100
242,17,81,105
244,19,79,99
245,16,80,100
245,14,85,104
243,17,85,100
251,14,79,105
247,16,84,100
250,14,82,106
248,13,84,101
253,15,82,105
254,14,83,102
255,15,83,107
256,14,89,106
258,14,92,104
257,14,82,102
258,14,83,106
257,16,82,107
260,16,83,104
258,14,85,105
261,15,83,103
256,13,89,105
260,14,88,112
260,13,90,104
264,14,85,113
265,15,89,108
262,12,88,109
267,18,89,100
265,15,91,103
266,13,89,110
268,12,94,109
269,16,91,110
266,16,94,106
269,15,91,109
268,19,97,105
269,17,90,106
268,13,91,119
274,18,87,109
274,15,89,125
269,14,91,110
273,18,90,104
272,17,87,111
271,18,88,106
273,16,89,115
272,15,88,112
271,17,90,108
273,14,83,114
269,16,88,109
270,16,88,112
267,16,89,104
270,16,89,103
272,16,83,110
270,18,89,105
270,17,90,109
263,12,89,106
266,16,87,107
264,16,90,105
266,19,88,102
259,16,90,111
259,12,85,111
258,14,86,101
260,19,88,104
256,15,92,104
255,13,90,110
251,17,94,101
250,17,96,107
253,17,88,105
252,12,87,107
254,17,89,108
250,15,90,106
251,15,88,108
252,14,87,109
249,14,91,111
253,15,87,111
249,17,89,104
248,15,88,102
253,16,90,106
256,16,88,115
256,14,90,111
253,14,87,105
252,15,88,110
252,15,91,105
254,13,91,110
250,11,91,110
255,16,87,103
256,15,90,106
251,12,89,109
260,14,84,115
261,15,86,114
256,11,88,109
260,14,90,104
259,15,90,108
261,15,89,112
267,12,79,106
262,12,84,108
260,15,86,105
263,14,88,103
266,16,85,111
266,14,87,106
265,14,85,111
264,17,90,106
263,15,89,111
261,15,89,108
266,17,85,113
262,16,86,108
260,16,90,105
258,16,92,105
261,15,82,110
262,18,86,107
259,17,90,108
260,16,89,107
264,16,87,124
262,17,90,114
266,18,84,111
260,16,86,111
257,18,92,102
264,17,85,114
263,17,85,112
262,16,88,115
263,16,89,115
258,14,93,112
267,15,84,109
258,16,88,109
262,16,87,116
268,17,82,110
265,16,86,114
267,18,88,112
263,17,85,109
265,16,85,114
260,17,90,104
266,17,85,106
263,15,88,110
262,17,88,105
260,13,86,107
265,18,88,107
266,15,82,109
266,14,86,108
264,14,87,109
266,16,90,103
270,15,90,109
270,15,91,107
265,15,87,105
272,15,89,102
271,14,85,108
275,14,84,114
270,15,86,108
267,13,89,104
265,16,83,101
265,13,83,109
267,13,80,102
271,15,81,113
267,16,85,103
266,16,84,104
266,16,80,92
264,16,83,99
264,17,81,97
260,18,83,104
260,16,86,102
260,18,85,98
259,17,84,108
262,16,80,110
261,16,78,109
260,17,78,101
259,18,75,103
256,18,81,98
256,15,82,103
256,16,81,106
254,18,81,110
252,19,78,112
252,16,80,119
254,17,74,119
249,17,80,102
248,18,77,102
248,18,83,114
250,18,77,119
252,19,77,113
252,18,76,104
253,19,79,108
255,21,74,114
255,19,79,110
254,18,76,98
258,19,78,112
256,19,78,112
260,19,76,115
263,17,73,113
260,18,78,110
264,19,75,112
261,18,76,111
262,17,76,112
265,18,76,118
265,18,75,113
267,18,77,103
263,18,83,102
264,19,80,113
266,16,74,109
271,19,77,94
271,18,74,107
269,16,78,118
272,18,78,112
273,18,80,107
273,15,74,115
271,17,79,115
270,18,80,112
272,15,74,119
270,16,78,118
269,17,79,112
272,17,75,120
267,18,83,104
268,17,79,107
264,17,79,100
263,16,79,103
261,17,76,113
263,17,76,113
259,18,78,112
255,17,78,116
252,18,79,107
252,18,84,98
252,19,77,106
249,18,80,98
246,18,81,100
252,18,76,106
248,18,76,101
245,19,77,102
244,18,83,109
244,19,78,114
243,18,76,114
237,20,83,98
237,19,82,104
240,18,81,109
237,18,83,103
236,21,79,108
236,21,82,107
234,22,79,109
234,22,84,114
233,21,81,114
229,21,81,108
230,23,79,108
226,23,84,108
227,23,82,114
225,25,85,110
224,23,84,111
219,23,84,109
221,24,85,113
219,26,81,106
216,25,87,103
216,27,82,109
220,26,80,110
219,28,80,112
218,27,83,108
221,29,81,114
220,29,78,111
214,29,85,116
218,30,79,99
214,29,82,103
215,31,82,108
208,29,92,116
215,29,82,113
211,31,91,117
213,30,83,112
214,29,81,118
215,30,80,114
212,31,84,100
216,29,79,105
222,30,76,104
225,30,74,109
225,32,73,104
226,29,78,105
219,29,83,100
224,29,80,108
219,29,84,110
219,27,85,110
218,30,89,105
214,29,88,109
216,29,88,111
211,30,89,110
214,31,80,109
202,33,87,110
199,37,83,110
190,39,88,111
185,40,89,113
181,43,84,113
168,43,92,111
160,45,92,108
158,45,91,110
151,47,87,109
142,48,93,109
136,46,95,110
129,44,92,116
120,42,93,117
111,42,94,109
102,36,102,114
96,30,102,111
86,26,108,118
76,19,109,118
72,11,113,120
73,7,111,116
65,5,113,120
67,7,113,107
69,0,105,112
70,1,106,106
68,3,108,99
70,3,107,96
77,0,107,91
78,1,104,87
84,0,100,84
83,0,100,81
90,0,95,77
89,2,100,67
92,1,96,66
92,1,96,66
92,1,96,66
92,1,96,66
92,1,96,66
92,1,96,66
92,1,96,66
