162,124,35,73
163,122,37,76
164,123,37,77
165,124,37,78
165,120,38,76
166,123,38,78
167,126,36,76
168,132,38,74
171,130,34,77
169,130,39,81
170,133,39,79
172,131,36,81
170,128,38,87
171,128,38,92
173,127,37,95
174,129,38,95
174,132,39,95
174,131,39,93
177,131,37,99
177,130,37,104
177,131,38,105
178,131,39,99
179,132,39,102
179,128,40,104
180,132,40,105
180,129,41,104
182,132,40,108
181,129,41,108
183,133,41,104
185,135,39,105
184,136,38,102
184,135,40,108
183,132,42,112
185,136,40,108
183,133,42,112
185,132,43,119
185,130,41,115
186,135,43,116
184,132,45,117
186,137,42,113
186,135,43,113
186,137,44,115
186,136,43,113
188,137,42,115
189,135,42,114
190,138,40,114
190,136,42,114
191,138,41,116
189,139,42,110
191,141,42,112
190,146,43,108
191,145,40,108
190,144,39,108
190,145,41,110
190,143,39,108
190,142,40,111
188,143,41,107
189,142,41,111
189,142,42,106
190,146,40,110
188,143,40,113
188,141,40,111
187,142,41,106
188,144,41,112
190,143,40,109
189,144,42,104
190,141,40,110
191,141,39,110
191,142,39,113
190,140,39,112
191,141,38,110
190,140,41,107
190,143,40,97
191,141,40,101
189,143,41,98
190,142,40,101
191,141,42,99
190,141,40,100
191,141,40,101
191,139,41,105
190,140,40,106
191,141,43,96
191,141,42,99
192,139,41,104
192,140,41,97
192,140,39,98
193,140,40,100
192,140,42,96
192,139,43,99
192,138,42,97
193,139,42,98
193,140,40,97
192,142,44,96
192,142,45,95
192,140,46,97
192,142,43,96
194,140,42,98
193,142,43,94
195,143,40,95
194,141,41,96
193,140,43,94
194,140,42,97
194,140,43,96
193,139,45,94
195,139,41,98
194,139,45,94
194,138,46,97
195,136,46,100
197,135,40,101
196,132,47,109
196,133,42,106
197,129,42,113
197,129,46,117
198,127,40,116
199,127,44,121
198,126,42,126
198,125,43,123
197,125,45,127
197,125,43,124
196,125,47,128
195,125,50,126
197,128,39,121
197,129,41,121
197,128,41,127
198,127,41,134
197,127,44,141
198,126,41,136
198,128,40,144
195,125,45,136
195,126,44,140
195,128,44,131
195,127,45,139
194,129,49,129
195,126,49,129
195,124,50,129
196,129,44,127
197,130,42,135
196,128,47,129
196,127,44,133
197,133,41,129
196,131,40,134
195,131,41,129
196,132,39,133
193,129,46,125
193,129,45,136
194,130,44,129
195,130,42,132
195,131,43,138
194,131,44,133
194,133,43,131
195,134,39,124
195,136,39,127
194,139,41,125
195,144,39,115
195,139,40,118
195,139,41,123
195,138,40,124
195,134,41,133
195,137,38,122
195,140,41,125
195,135,40,122
195,141,37,122
195,140,39,118
195,142,39,97
194,143,39,95
195,143,37,97
194,144,38,93
194,143,38,96
193,143,39,98
193,143,39,96
193,142,40,97
192,142,40,97
193,143,41,97
193,142,40,93
193,143,40,94
193,142,39,97
192,141,41,100
192,141,39,103
190,141,43,111
190,141,40,111
190,142,43,107
189,142,42,99
190,140,41,105
191,140,42,108
189,141,43,105
190,142,41,98
189,142,42,91
189,141,40,94
188,141,42,96
188,139,44,101
186,139,43,95
188,139,42,91
186,138,43,94
186,135,45,102
186,134,43,100
186,135,43,98
185,133,43,100
185,131,43,104
184,130,45,109
184,130,42,99
183,130,42,91
181,128,43,96
182,125,44,99
182,125,44,94
182,124,42,98
181,123,44,93
182,122,41,98
180,122,45,91
179,120,45,91
180,119,43,92
181,117,42,95
180,115,42,95
179,114,43,91
179,112,42,94
179,111,42,91
177,109,43,95
178,108,41,92
175,109,45,90
175,106,41,91
174,105,42,94
174,104,43,94
172,101,42,90
173,101,41,91
171,97,44,93
170,96,43,91
171,96,42,92
167,92,43,90
167,91,45,92
166,89,47,92
166,87,44,93
166,85,43,94
165,85,45,93
164,84,45,91
164,82,45,90
162,80,45,94
161,80,45,89
158,77,48,93
158,76,46,92
155,75,46,90
155,72,44,91
153,71,47,89
152,68,47,93
152,65,47,92
152,65,46,91
151,63,46,91
150,63,48,92
149,62,51,91
149,61,49,93
149,60,48,91
150,59,47,92
149,58,48,90
148,58,50,93
147,56,52,94
146,56,52,93
147,58,50,89
146,55,50,91
146,55,49,94
146,54,50,92
145,55,51,90
145,54,49,90
145,52,50,95
144,53,50,92
145,52,49,91
145,50,49,92
146,51,49,94
145,48,50,92
146,49,48,95
145,47,51,94
147,50,48,92
147,48,48,94
147,48,47,97
148,47,47,97
148,47,47,98
150,47,43,94
149,49,46,95
149,47,45,95
149,48,47,97
150,48,45,93
148,47,46,98
150,48,44,104
150,49,46,93
148,49,46,94
149,48,44,104
149,49,43,100
148,49,43,107
151,48,40,113
149,48,41,111
150,49,40,112
149,49,42,113
148,51,42,107
148,51,43,108
149,50,40,111
149,51,41,113
149,52,40,108
147,52,42,112
147,53,43,109
147,54,44,112
147,52,43,111
148,53,40,109
145,54,45,108
148,54,41,109
147,54,41,110
146,54,43,109
147,56,42,107
147,55,44,107
146,55,44,108
147,54,43,110
149,58,42,106
147,57,43,107
147,56,46,111
148,57,42,108
147,57,46,106
149,60,45,106
148,57,45,109
150,59,44,109
149,56,45,110
150,58,46,115
152,56,45,116
153,57,44,109
155,57,43,107
154,54,43,107
154,58,45,103
155,58,43,102
155,61,45,100
157,58,44,104
157,60,44,102
158,61,44,96
160,61,43,98
158,61,44,99
160,64,43,97
161,63,43,98
160,64,44,94
162,64,42,94
160,64,43,93
162,68,40,89
161,64,45,96
161,66,43,102
161,65,42,97
161,65,43,97
161,68,42,112
159,66,44,97
159,65,45,98
160,66,40,94
158,66,45,95
157,67,43,94
156,65,43,96
154,67,45,96
153,67,45,95
152,67,46,96
152,67,47,97
154,67,46,96
151,66,49,95
152,63,48,96
152,66,49,94
155,65,46,93
156,65,48,96
160,63,47,97
158,63,47,94
160,63,45,96
162,62,44,95
162,62,47,96
163,62,45,98
165,62,44,95
163,63,44,96
164,64,45,94
165,64,45,94
164,64,44,93
166,65,45,93
166,64,45,94
166,66,45,90
166,66,45,93
166,65,45,97
166,65,46,92
167,66,48,95
169,65,44,91
170,66,46,94
171,67,47,90
173,67,45,92
171,67,47,95
173,66,48,90
173,68,48,91
175,66,47,95
176,68,47,89
178,68,45,92
178,68,47,92
177,67,48,92
181,69,44,89
180,68,46,91
181,70,45,93
180,68,46,89
181,71,46,92
180,68,46,93
181,71,47,95
178,70,46,93
181,72,45,97
178,72,45,97
175,71,48,86
177,71,45,76
177,71,44,75
173,72,46,74
172,73,47,75
161,74,57,86
159,74,60,99
158,75,61,110
161,73,59,118
159,73,62,116
156,76,66,117
156,75,65,114
159,79,60,115
162,75,56,114
161,79,58,117
162,80,55,105
158,80,60,112
158,78,60,113
157,79,64,113
159,80,62,110
156,76,65,114
159,81,62,114
163,81,55,113
160,80,60,113
163,83,55,111
162,82,58,114
160,84,62,112
162,83,59,112
163,85,55,109
164,83,56,111
165,82,54,110
164,84,58,113
163,84,61,115
165,84,55,110
164,85,59,110
165,86,59,110
168,86,61,127
176,86,57,137
176,81,57,123
174,83,59,109
176,82,57,105
173,84,60,103
172,85,60,100
172,84,63,103
171,84,64,104
170,85,67,101
168,85,70,102
164,84,75,101
169,85,68,103
169,85,68,101
167,85,70,103
166,86,72,103
168,86,71,104
167,87,71,98
166,87,70,100
164,88,73,100
170,89,66,97
167,90,69,97
167,94,71,95
165,95,72,94
167,99,72,92
167,99,69,89
162,101,75,89
164,103,76,84
164,104,74,86
163,105,73,82
162,105,72,83
160,104,76,83
160,105,76,82
159,106,77,82
157,107,79,80
155,106,80,80
154,107,83,77
155,107,81,78
155,106,81,79
155,107,81,77
154,108,80,79
152,108,84,78
152,109,88,78
155,108,84,80
159,108,78,78
160,109,76,74
162,110,75,77
163,108,73,79
163,109,73,78
166,108,70,80
167,110,71,78
168,111,73,74
172,109,65,70
174,109,65,78
174,107,67,83
176,107,68,80
178,109,68,81
181,107,68,83
185,109,63,82
188,109,57,81
187,110,58,80
190,112,58,75
191,112,57,78
196,114,53,77
200,114,51,77
201,115,51,76
204,116,51,77
206,116,53,76
210,117,52,75
213,118,53,76
219,120,53,91
221,120,56,96
224,120,56,94
227,122,57,91
229,124,60,90
230,123,63,87
229,126,69,87
228,125,74,87
227,129,77,87
227,130,80,83
230,134,83,78
225,131,90,82
225,132,92,80
225,132,94,79
242,132,81,79
238,132,86,77
258,133,75,74
269,131,69,53
263,135,74,56
265,132,75,47
266,132,77,51
264,134,83,56
264,133,85,44
283,136,70,44
280,137,72,43
282,136,75,45
283,135,78,44
283,136,78,43
284,139,83,41
286,136,81,43
292,135,78,45
298,135,72,48
295,136,79,47
292,136,84,42
293,135,84,47
290,134,89,52
295,134,84,51
291,136,86,63
288,134,92,46
287,136,93,43
280,137,99,42
277,137,102,45
293,136,91,47
294,137,84,39
292,137,85,39
293,136,87,49
293,136,87,47
292,137,89,46
300,137,81,45
313,136,70,49
320,138,65,44
321,138,65,45
324,140,64,44
322,138,67,46
319,139,71,49
322,141,68,47
323,141,70,48
325,141,68,47
323,143,71,46
323,143,71,49
320,142,74,48
321,143,74,47
322,145,72,47
324,144,70,51
322,147,71,49
322,147,71,54
322,150,68,53
318,154,73,51
325,153,66,52
316,153,75,52
318,150,74,55
317,148,75,57
322,151,79,56
296,136,88,67
295,131,89,74
296,130,93,78
299,130,84,74
307,136,78,71
298,127,88,79
303,129,82,78
295,129,90,78
294,128,89,79
303,127,80,82
301,128,81,81
299,127,82,80
295,127,87,82
299,126,82,82
294,126,86,83
297,126,82,85
302,125,78,85
302,127,78,85
295,125,86,91
298,127,82,88
296,126,82,91
300,126,80,91
295,126,86,91
298,126,79,90
296,124,84,94
300,125,78,93
297,121,82,97
292,125,88,93
297,125,83,93
292,123,89,99
293,124,90,96
297,124,87,100
301,121,80,99
299,122,81,101
301,120,84,104
298,122,86,101
301,122,76,100
301,121,81,102
300,123,83,102
300,123,79,101
303,121,76,103
298,123,87,103
300,123,82,102
301,123,80,103
301,122,79,104
301,122,75,104
301,123,64,97
299,123,72,95
301,123,56,89
299,124,55,86
307,125,62,93
298,126,63,85
298,126,56,75
309,138,64,76
297,126,65,81
297,127,60,74
299,129,52,75
300,129,51,77
311,146,59,74
303,129,57,86
303,129,56,77
302,129,52,78
302,131,50,75
299,129,55,78
300,129,54,74
302,129,54,77
300,129,56,80
300,129,56,74
301,128,57,81
303,130,54,83
305,131,51,83
307,130,50,84
302,131,56,82
301,132,57,77
303,131,56,82
304,131,54,81
300,131,60,76
298,132,62,71
302,136,58,57
300,140,61,54
297,134,62,57
299,139,64,59
297,136,63,59
302,139,57,64
297,135,63,59
300,143,64,56
299,139,61,58
306,144,55,59
302,137,57,62
299,138,60,65
299,140,61,59
303,147,62,61
297,140,66,64
298,141,64,63
298,141,65,63
299,140,63,66
299,143,63,60
299,143,63,61
302,144,59,64
298,142,64,66
297,145,70,78
297,140,65,70
297,142,62,64
296,143,61,65
296,142,62,63
294,143,61,68
293,144,62,66
293,145,62,65
293,146,61,68
292,144,64,69
294,147,59,66
293,144,63,70
293,145,62,67
292,147,60,63
293,144,60,65
293,147,61,66
292,147,58,65
292,150,60,64
292,150,61,65
290,153,64,67
292,155,62,66
290,155,59,68
288,156,61,69
287,159,59,63
287,157,62,71
286,158,60,66
285,159,61,65
286,160,60,67
285,158,61,67
287,158,59,69
284,158,64,67
283,158,62,68
282,158,59,68
281,158,60,66
280,159,60,67
280,157,58,69
279,159,62,71
278,159,56,67
277,158,61,68
278,159,58,68
278,158,59,70
279,158,57,71
278,158,60,69
280,157,57,68
281,157,56,67
283,157,55,69
281,157,56,70
282,157,57,71
281,159,55,71
283,158,54,71
283,158,54,72
283,160,54,72
283,158,55,74
285,160,53,71
285,161,53,70
287,160,52,73
287,160,52,74
288,161,53,72
289,162,53,72
291,161,52,73
289,159,52,75
290,160,54,75
291,162,55,74
290,162,55,71
292,162,56,72
293,165,52,70
292,163,58,70
293,167,56,67
292,166,61,69
293,168,57,67
293,168,58,68
291,164,64,72
293,165,63,69
292,160,69,76
292,159,69,76
291,166,68,69
293,173,62,64
293,172,66,65
291,169,70,66
291,175,69,62
292,175,68,61
293,174,70,63
293,172,71,66
292,179,74,59
293,180,74,57
295,180,74,57
294,181,78,58
296,182,75,55
293,184,81,53
297,184,77,53
292,187,83,49
290,185,86,50
292,187,82,49
295,188,81,47
293,190,85,46
289,192,88,43
289,192,90,43
288,191,93,44
285,192,96,44
279,194,103,43
283,195,98,44
284,195,97,43
284,197,100,42
283,197,99,43
284,199,95,57
291,201,85,65
292,199,84,70
291,197,88,63
290,200,88,68
291,201,83,69
291,199,85,68
290,197,83,70
294,199,80,68
293,198,80,68
287,199,88,69
287,196,93,68
288,199,87,67
291,197,88,65
289,199,85,68
292,199,80,68
302,201,89,67
297,198,99,53
306,199,92,49
307,202,92,44
307,201,90,45
303,202,97,45
308,200,91,49
307,198,92,50
302,198,96,51
306,199,93,46
303,197,94,48
307,197,90,46
306,198,88,45
308,198,86,45
305,197,91,45
304,198,92,42
306,197,90,46
277,192,99,51
297,196,97,48
306,199,88,44
306,201,90,43
277,199,103,46
285,200,108,48
276,197,117,53
266,195,125,60
266,195,114,69
285,192,102,60
266,190,117,68
261,193,119,72
263,189,109,73
277,188,101,75
262,186,117,72
256,186,120,71
271,186,108,75
257,183,117,80
276,173,103,85
269,166,109,94
267,172,110,88
270,174,107,83
267,183,111,74
256,182,123,73
257,183,119,69
254,185,125,67
285,180,96,72
291,177,87,76
294,178,86,75
295,182,81,71
297,188,81,65
300,184,76,70
289,184,86,69
297,177,78,79
278,178,93,75
293,184,79,71
289,185,83,72
292,186,81,71
296,182,75,75
274,172,91,83
289,173,81,82
296,157,77,97
293,156,75,102
286,161,81,96
272,164,97,91
286,168,82,88
295,172,71,86
291,168,71,91
292,164,77,95
291,175,70,85
287,187,73,72
287,188,71,70
290,187,69,71
291,188,66,69
290,187,69,71
291,187,68,70
291,189,67,70
292,190,61,69
290,191,64,71
290,189,63,74
290,192,58,70
289,196,60,70
289,201,58,65
288,198,59,67
287,205,60,61
286,197,60,70
286,199,60,68
286,195,61,72
286,199,61,67
285,195,62,69
284,198,64,66
287,204,60,60
286,192,60,72
287,196,60,66
286,191,60,73
288,190,48,73
287,195,49,70
287,199,53,65
287,190,56,72
288,194,54,68
287,191,57,69
284,200,56,59
282,189,55,68
282,194,53,62
279,176,53,77
282,175,40,80
279,181,47,70
278,180,37,73
276,175,40,74
275,176,46,73
272,176,47,70
270,176,54,69
267,174,50,70
265,174,56,70
264,177,54,65
262,177,53,65
259,175,61,63
258,180,53,58
255,181,62,56
255,188,52,48
254,173,48,63
251,171,48,68
249,164,52,72
245,164,50,70
243,161,54,73
236,156,59,77
231,151,59,81
225,135,61,94
221,123,62,105
222,121,58,106
222,117,57,112
216,119,65,114
212,114,65,112
210,115,65,112
209,115,67,112
207,112,63,111
207,116,61,110
201,111,61,112
194,110,77,114
194,108,59,117
192,105,62,115
192,105,66,118
190,107,59,113
190,103,57,115
189,104,62,119
187,101,61,117
189,102,56,115
188,105,59,109
189,103,52,111
186,101,54,115
187,102,52,114
186,101,53,115
185,98,54,118
185,98,51,118
185,97,52,120
184,96,52,120
186,96,48,123
185,91,49,126
185,90,49,128
185,87,47,130
185,87,48,131
186,85,47,140
184,86,49,137
185,89,48,135
185,92,48,139
184,97,48,138
183,102,47,128
182,109,48,129
180,119,49,131
180,125,46,127
180,132,45,114
179,148,44,104
174,166,46,95
176,184,41,100
174,191,43,94
173,202,42,91
165,207,47,74
162,210,47,72
161,212,44,70
