456,149,80,101
452,144,76,104
449,142,76,105
446,140,76,110
443,141,76,109
441,141,78,111
438,144,76,110
435,148,80,112
435,152,77,110
433,154,75,110
432,152,78,112
434,152,79,106
435,149,80,107
435,145,81,108
436,141,83,112
438,140,83,110
440,142,80,105
441,143,81,103
442,142,80,103
443,143,79,102
443,141,82,107
445,145,80,95
447,142,81,99
449,141,81,98
451,138,79,103
453,139,80,99
455,142,83,96
458,142,81,97
460,142,82,96
462,142,81,96
464,138,78,98
464,137,79,97
464,138,77,95
466,139,75,95
465,141,75,93
467,140,73,93
465,138,75,93
461,136,80,97
458,134,79,97
452,135,78,97
448,133,78,100
440,132,82,102
433,130,84,102
426,127,84,103
423,122,85,108
422,122,82,106
423,121,79,104
423,121,83,101
425,119,82,105
425,119,81,104
426,120,82,104
426,121,82,107
426,127,77,101
427,130,78,102
425,136,77,100
426,135,75,105
425,135,78,108
426,138,74,97
425,137,76,107
425,140,75,99
425,140,76,100
423,139,74,99
421,137,73,100
417,133,74,104
410,132,73,103
396,133,75,99
391,129,71,105
382,129,74,104
372,128,74,110
364,122,72,102
354,117,79,100
349,106,80,107
346,92,79,115
342,86,81,118
341,79,78,123
343,73,76,122
343,69,78,118
347,62,70,109
349,59,71,101
355,51,66,90
359,46,66,98
363,42,70,109
372,37,68,96
380,36,70,84
388,37,69,73
397,35,65,70
411,49,70,84
415,35,78,101
426,29,73,103
437,30,74,109
448,31,72,112
458,31,71,115
466,34,71,110
472,36,71,110
476,37,72,111
482,42,71,108
487,48,70,108
493,55,71,109
495,64,78,111
497,71,76,113
500,83,77,107
499,88,76,103
496,91,76,102
495,92,75,101
490,90,72,104
482,90,74,106
471,93,75,103
459,99,71,108
445,105,73,107
435,114,71,101
424,119,75,112
413,129,75,105
403,136,75,102
395,141,72,111
387,146,75,107
379,148,75,109
373,151,73,105
369,151,71,106
364,152,70,103
359,150,71,110
354,150,68,103
349,151,71,93
347,148,70,90
350,146,74,91
353,143,73,96
360,142,76,94
368,140,72,96
376,137,72,96
384,137,74,96
392,137,75,93
401,137,74,101
409,137,72,110
415,139,70,103
418,141,73,105
422,143,73,105
425,145,75,102
430,146,72,104
432,149,76,103
436,149,76,102
438,150,77,96
443,150,74,97
441,152,76,97
442,151,74,101
443,154,76,102
443,156,74,102
442,157,80,98
445,158,78,98
448,160,75,96
449,162,77,94
448,161,81,100
449,159,80,102
448,155,79,104
447,151,79,108
447,147,80,109
447,147,79,103
450,142,79,101
450,136,88,105
453,128,81,107
456,122,79,98
461,121,77,94
462,123,77,95
462,124,76,99
461,126,76,98
460,129,76,96
459,132,76,93
456,132,73,102
455,136,73,95
454,137,71,92
455,136,71,91
457,132,68,96
461,129,72,94
466,128,75,89
472,125,78,90
478,121,81,92
486,118,87,89
497,112,85,93
509,111,81,96
517,109,79,99
524,109,81,100
531,108,79,100
536,107,82,102
539,107,86,107
543,108,96,105
550,106,97,115
555,108,95,112
558,109,92,116
562,112,93,114
561,117,90,118
567,120,90,113
569,124,87,115
566,128,87,110
565,129,87,113
562,132,87,113
554,133,87,114
549,132,86,116
538,136,88,114
529,135,89,112
513,136,97,111
501,137,88,105
488,138,86,105
478,136,84,100
471,134,81,101
464,133,77,98
462,128,66,99
457,125,68,89
454,120,65,89
452,116,62,89
450,113,62,87
447,112,62,82
447,105,58,88
446,103,57,86
446,101,55,84
445,100,54,82
444,100,52,80
444,100,52,81
446,101,51,74
445,100,53,72
444,101,56,72
446,104,53,66
446,100,53,68
443,87,57,76
445,98,57,68
446,101,55,63
448,103,52,59
446,103,54,54
444,102,55,53
445,99,54,55
446,97,53,57
447,96,52,55
447,96,53,55
446,94,54,57
446,94,55,55
446,92,55,57
447,93,54,51
445,92,54,50
447,90,52,53
448,88,52,53
448,87,53,53
448,85,54,54
449,85,51,54
448,86,52,49
448,83,52,52
449,83,51,53
449,82,51,53
448,81,52,55
448,80,51,55
449,80,50,55
448,81,51,53
448,83,50,52
447,85,51,52
447,87,51,51
448,89,49,53
447,93,51,52
447,99,55,52
449,105,54,50
452,112,53,47
449,92,62,53
454,102,60,71
457,100,65,85
459,103,66,91
463,111,69,89
470,118,70,90
478,128,69,95
483,142,72,93
487,156,78,98
498,176,76,104
501,196,83,109
507,220,91,114
517,246,98,120
524,270,99,114
530,285,115,97
537,301,141,84
541,319,145,64
541,319,145,64
541,319,145,64
541,319,145,64
541,319,145,64
541,319,145,64
541,319,145,64
541,319,145,64
541,319,145,64
541,319,145,64
541,319,145,64
541,319,145,64
541,319,145,64
541,319,145,64
541,319,145,64
541,319,145,64
541,319,145,64
541,319,145,64
541,319,145,64
541,319,145,64
541,319,145,64
541,319,145,64
541,319,145,64
541,319,145,64
541,319,145,64
541,319,145,64
541,319,145,64
541,319,145,64
541,319,145,64
541,319,145,64
541,319,145,64
541,319,145,64
541,319,145,64
541,319,145,64
541,319,145,64
541,319,145,64
541,319,145,64
541,319,145,64
541,319,145,64
541,319,145,64
541,319,145,64
541,319,145,64
541,319,145,64
541,319,145,64
541,319,145,64
541,319,145,64
541,319,145,64
541,319,145,64
541,319,145,64
541,319,145,64
541,319,145,64
541,319,145,64
541,319,145,64
541,319,145,64
541,319,145,64
541,319,145,64
541,319,145,64
541,319,145,64
541,319,145,64
541,319,145,64
541,319,145,64
541,319,145,64
541,319,145,64
541,319,145,64
541,319,145,64
541,319,145,64
541,319,145,64
541,319,145,64
541,319,145,64
541,319,145,64
541,319,145,64
541,319,145,64
541,319,145,64
541,319,145,64
541,319,145,64
541,319,145,64
541,319,145,64
541,319,145,64
541,319,145,64
541,319,145,64
541,319,145,64
541,319,145,64
541,319,145,64
541,319,145,64
541,319,145,64
541,319,145,64
541,319,145,64
541,319,145,64
541,319,145,64
541,319,145,64
541,319,145,64
541,319,145,64
541,319,145,64
541,319,145,64
541,319,145,64
541,319,145,64
541,319,145,64
541,319,145,64
541,319,145,64
541,319,145,64
541,319,145,64
541,319,145,64
541,319,145,64
541,319,145,64
541,319,145,64
541,319,145,64
541,319,145,64
541,319,145,64
541,319,145,64
541,319,145,64
541,319,145,64
541,319,145,64
541,319,145,64
541,319,145,64
541,319,145,64
541,319,145,64
541,319,145,64
541,319,145,64
541,319,145,64
494,99,153,76
492,113,164,85
487,74,151,95
486,99,144,121
481,106,139,137
478,89,131,160
473,101,131,156
470,111,117,147
466,121,115,146
464,127,107,139
459,137,107,128
458,142,102,121
456,139,95,119
451,137,93,119
448,132,91,110
448,127,87,105
449,123,81,97
445,115,82,99
442,110,78,98
440,108,75,95
438,108,70,91
434,109,69,90
431,109,63,90
427,110,60,85
425,110,59,89
422,113,54,81
420,115,54,79
417,115,55,80
415,118,53,76
414,117,53,75
412,115,52,76
412,117,50,70
410,116,53,72
412,121,52,63
413,125,50,53
413,125,50,49
413,124,52,47
412,119,53,52
416,116,50,52
417,114,50,55
417,111,51,55
421,111,49,52
423,109,48,52
427,106,44,55
428,105,45,54
429,103,45,53
430,103,45,51
432,100,45,53
433,99,45,51
433,97,45,51
433,94,47,54
435,94,44,53
434,93,45,52
435,96,45,51
435,100,43,51
433,109,45,50
431,120,47,48
428,132,56,46
425,146,51,40
424,159,50,35
419,131,55,34
415,144,60,30
412,159,57,35
412,159,57,35
412,159,57,35
412,159,57,35
412,159,57,35
412,159,57,35
398,207,60,35
398,207,60,35
398,207,60,35
398,207,60,35
379,202,56,43
374,212,60,55
366,201,63,71
360,198,67,82
369,194,53,82
365,189,53,81
360,183,53,85
356,176,52,87
351,172,52,86
348,166,50,90
344,163,51,87
341,160,48,82
338,153,49,84
337,145,51,83
337,137,52,83
338,132,51,81
340,128,51,77
341,125,55,77
345,124,50,76
344,125,58,73
349,133,49,62
348,134,51,57
349,133,52,53
350,128,52,57
350,125,54,57
351,122,54,56
350,119,58,55
351,117,56,50
352,113,57,52
350,111,63,50
351,109,63,50
352,106,62,51
350,103,67,52
353,101,58,52
348,98,70,60
349,95,73,59
348,94,82,59
346,91,91,63
346,89,94,66
346,88,100,65
347,91,89,61
348,96,87,54
353,99,81,56
352,108,81,60
354,111,89,69
361,124,80,63
366,113,79,79
362,118,92,85
357,136,99,81
353,159,93,77
352,178,79,84
358,191,77,86
355,202,78,85
358,207,77,84
357,207,83,85
352,215,90,79
360,218,86,74
373,217,78,76
359,217,93,81
361,217,95,80
363,218,100,81
367,218,99,84
378,220,96,91
376,237,87,83
423,220,70,84
430,221,68,93
433,221,70,85
436,214,76,87
441,209,76,85
445,207,77,83
445,210,86,86
444,215,84,85
445,218,80,88
444,222,78,85
444,222,77,86
444,220,72,86
443,216,71,87
442,213,75,89
441,211,72,87
439,208,77,86
440,204,71,87
441,202,73,87
446,201,68,86
448,201,69,83
448,199,67,85
447,197,66,87
442,193,69,90
438,189,73,92
437,187,69,95
432,184,69,100
426,182,71,100
422,180,80,102
423,178,78,97
419,176,83,94
417,173,84,96
415,169,82,99
413,168,83,95
413,164,79,96
410,161,85,94
401,157,86,93
394,152,82,94
379,150,81,94
364,155,83,87
350,160,86,87
339,163,84,95
329,172,79,97
318,178,83,95
314,185,80,94
312,188,77,97
312,193,78,98
313,203,87,93
310,208,93,92
305,212,100,93
303,216,100,88
304,203,97,98
300,200,104,100
284,197,87,103
287,192,73,99
298,184,51,96
291,172,41,92
278,154,41,86
256,137,51,89
235,116,60,100
225,95,56,100
213,84,64,104
199,74,74,102
188,62,82,109
178,49,90,116
173,42,97,119
173,42,97,119
178,22,101,114
179,12,100,122
192,3,100,124
170,10,117,106
192,21,104,98
191,10,99,89
201,7,90,80
208,3,86,81
220,1,80,78
222,-3,82,77
241,-10,81,75
261,-19,73,72
277,-12,69,69
298,-24,58,65
319,-14,50,59
331,-3,53,54
343,0,56,58
351,8,61,64
365,20,60,61
378,44,64,48
382,65,71,39
385,81,75,37
385,82,75,49
384,84,76,58
379,74,81,72
360,95,92,84
357,96,101,105
356,108,98,111
356,126,91,110
371,136,73,103
375,157,68,102
382,166,62,102
386,173,66,103
388,178,65,94
394,183,61,91
397,184,62,88
397,175,65,88
397,175,66,88
395,172,70,92
397,170,69,88
399,166,68,96
400,164,69,87
401,159,68,94
404,155,71,90
405,149,71,91
406,145,74,91
410,140,74,88
413,134,70,90
416,130,75,90
421,127,74,89
425,123,74,90
428,120,77,90
431,119,76,89
437,118,73,88
438,120,79,87
440,123,82,88
451,125,75,91
461,127,72,94
468,129,77,102
474,130,82,104
483,130,75,113
490,131,74,115
496,131,72,117
500,132,76,114
506,134,79,113
509,135,76,109
514,137,75,103
515,140,78,95
520,142,74,93
520,143,76,87
520,141,81,91
522,140,82,92
527,140,80,93
531,142,78,90
534,143,78,90
537,145,80,88
538,150,80,87
542,149,80,85
542,151,80,87
547,149,77,89
547,150,77,91
550,153,76,91
550,156,76,88
555,153,75,87
554,161,73,84
554,159,73,86
554,162,72,84
553,161,74,87
553,158,76,87
555,156,77,88
554,159,77,88
554,158,79,87
557,157,77,87
556,155,77,86
550,158,84,87
549,153,84,90
551,152,79,88
551,146,79,88
548,143,75,89
547,139,77,90
542,136,79,89
537,132,82,95
534,127,76,97
524,123,76,102
511,124,80,100
500,123,76,97
492,123,77,96
482,128,75,98
474,126,78,95
468,122,78,97
459,122,79,92
449,123,84,94
447,126,81,97
441,127,79,96
437,130,81,95
432,129,83,92
426,123,87,95
424,114,88,92
420,99,90,96
417,78,90,110
419,67,86,110
420,42,86,105
424,28,84,120
427,7,81,120
430,2,83,103
435,-2,81,96
437,3,74,88
440,-2,73,74
441,0,71,58
446,-10,59,52
447,-19,62,46
447,-19,62,46
447,-19,62,46
447,-19,62,46
447,-19,62,46
447,-19,62,46
447,-19,62,46
447,-19,62,46
447,-19,62,46
447,-19,62,46
447,-19,62,46
447,-19,62,46
447,-19,62,46
447,-19,62,46
447,-19,62,46
447,-19,62,46
447,-19,62,46
447,-19,62,46
447,-19,62,46
447,-19,62,46
447,-19,62,46
447,-19,62,46
447,-19,62,46
447,-19,62,46
447,-19,62,46
447,-19,62,46
447,-19,62,46
447,-19,62,46
447,-19,62,46
447,-19,62,46
447,-19,62,46
447,-19,62,46
368,41,69,62
368,41,69,62
368,41,69,62
368,41,69,62
368,41,69,62
368,41,69,62
368,41,69,62
368,41,69,62
370,1,76,71
358,0,88,73
354,0,89,72
357,1,87,71
355,1,89,74
354,2,90,67
354,3,89,66
355,4,87,69
356,5,85,64
355,6,89,73
356,9,89,77
360,10,84,89
360,14,90,88
363,17,90,102
165,67,105,116
207,70,97,123
247,88,88,120
277,101,93,114
304,112,91,115
330,118,86,102
355,125,87,104
376,131,83,99
392,138,85,94
404,137,86,98
416,139,83,100
426,142,87,100
435,145,83,97
442,146,83,98
447,151,84,96
454,151,79,97
460,152,81,101
466,157,84,99
475,159,87,97
485,157,84,105
493,155,91,107
503,152,95,108
515,147,96,111
526,141,103,116
543,134,103,123
548,130,116,130
556,126,121,134
564,133,132,153
571,139,134,159
585,150,124,146
598,153,117,145
608,153,119,144
615,158,134,141
622,164,139,129
627,163,121,142
627,170,106,127
620,176,106,136
615,185,102,145
604,192,106,141
593,192,107,144
572,192,106,130
552,189,97,139
530,190,95,136
506,194,96,129
494,193,93,119
478,197,84,107
461,202,80,103
451,205,77,106
433,206,77,112
426,210,71,105
418,215,66,101
409,217,66,103
393,218,73,106
383,213,69,113
370,209,74,121
362,202,75,124
350,193,72,126
340,182,72,132
331,167,68,143
321,162,62,138
306,151,69,141
298,143,71,142
294,137,69,141
283,130,75,134
271,123,82,139
273,114,79,140
245,106,78,139
247,97,68,137
234,87,74,141
225,82,78,140
223,73,78,140
223,64,80,144
224,55,78,145
225,45,84,142
222,30,94,152
241,14,88,141
256,0,85,150
274,-18,93,151
286,-18,114,151
286,-18,114,151
286,-18,114,151
286,-18,114,151
286,-18,114,151
286,-18,114,151
286,-18,114,151
286,-18,114,151
286,-18,114,151
286,-18,114,151
286,-18,114,151
286,-18,114,151
286,-18,114,151
286,-18,114,151
286,-18,114,151
286,-18,114,151
286,-18,114,151
286,-18,114,151
286,-18,114,151
286,-18,114,151
286,-18,114,151
286,-18,114,151
286,-18,114,151
286,-18,114,151
286,-18,114,151
336,-3,88,130
344,9,79,126
349,53,74,116
348,84,76,108
334,38,76,97
326,69,88,111
320,92,93,98
306,118,82,84
294,136,88,82
286,149,81,82
268,159,90,90
251,166,82,97
226,175,93,105
198,176,100,124
164,178,116,145
126,175,140,175
104,168,143,185
92,157,136,194
71,126,150,221
76,112,153,233
91,110,155,223
106,102,176,228
123,101,176,225
178,106,135,231
214,119,142,221
243,128,139,209
276,136,134,212
289,136,135,229
306,145,119,215
326,129,100,226
331,149,108,232
331,150,106,210
329,149,104,196
331,150,110,207
338,153,112,209
342,148,104,204
346,153,115,229
353,145,111,246
354,145,116,247
361,142,116,250
367,154,111,237
373,154,109,235
371,151,116,234
375,163,115,228
373,158,122,227
377,159,116,232
377,154,115,235
376,158,116,230
374,154,121,238
380,158,116,230
377,152,117,238
375,154,119,235
376,155,119,233
378,156,116,232
