338,324,182,180
341,319,184,183
334,317,174,188
343,315,178,190
339,310,180,187
341,308,173,184
340,306,172,192
337,306,168,184
339,299,170,192
341,301,167,180
338,297,166,192
342,293,166,186
337,294,160,180
340,292,162,177
341,287,156,180
338,288,153,175
337,284,154,179
335,286,151,175
332,285,158,174
323,285,168,169
321,285,171,166
315,287,174,162
312,285,178,166
304,288,180,163
302,285,185,168
297,286,190,170
296,287,189,164
287,285,204,171
286,285,196,177
281,286,209,176
280,287,205,170
275,286,192,176
271,281,209,171
271,283,219,173
266,280,218,181
263,280,227,178
262,286,227,174
261,284,227,178
258,284,214,175
251,278,237,181
254,269,234,190
249,277,234,176
257,286,231,168
255,281,235,174
251,280,239,163
250,285,234,165
252,280,236,176
253,282,233,171
250,281,235,159
252,274,239,185
255,286,233,172
253,270,233,191
256,279,221,170
253,280,224,169
254,283,225,164
257,283,218,140
257,290,213,147
259,282,210,148
259,287,205,142
256,287,208,161
256,281,209,162
251,280,208,151
252,284,208,138
254,280,204,145
252,279,207,150
246,284,208,148
249,279,214,148
246,279,215,149
242,270,220,196
252,273,206,169
250,265,216,164
251,275,218,150
255,280,216,150
253,278,217,153
257,275,218,153
258,276,218,151
256,273,222,160
256,253,223,175
259,262,224,191
260,271,224,170
265,241,221,201
269,256,212,178
268,268,219,165
269,270,217,157
267,269,219,159
271,274,219,150
272,272,211,153
274,269,214,165
280,261,211,177
281,262,210,189
288,267,200,167
294,269,189,160
295,273,198,147
305,277,186,133
301,273,184,134
314,277,175,125
323,278,162,119
326,267,158,134
315,264,173,140
323,268,164,124
328,275,158,120
325,261,157,130
329,267,156,130
329,263,152,137
329,257,153,139
335,265,151,131
330,257,154,137
331,262,150,131
345,253,143,145
330,279,147,129
330,272,147,130
328,269,158,152
325,268,174,141
327,267,179,137
324,277,184,150
319,269,194,139
325,274,190,144
331,280,185,124
326,276,192,128
326,269,207,133
327,278,201,136
328,273,203,136
326,279,208,133
325,273,211,140
327,277,211,137
331,279,207,138
334,274,206,145
331,261,218,161
330,259,220,150
329,260,228,169
332,264,222,155
337,259,219,162
336,265,221,168
336,266,222,153
338,265,223,159
337,263,224,154
344,266,215,151
346,271,216,144
364,283,200,129
366,279,196,136
356,282,205,135
354,283,208,137
359,282,209,146
357,282,204,142
365,282,194,139
361,287,202,129
362,287,203,125
361,288,199,129
363,285,197,139
358,288,201,139
358,288,203,137
357,289,198,154
350,291,209,139
351,289,210,138
346,291,213,130
345,290,214,139
343,293,215,138
341,287,218,147
339,292,220,149
336,286,218,152
330,280,231,185
328,273,235,207
332,282,233,174
329,292,235,162
327,295,236,141
329,286,231,163
327,290,232,159
326,289,234,169
325,290,235,160
325,290,235,157
320,281,238,169
325,289,239,158
331,284,225,166
324,289,231,167
323,285,224,172
318,286,231,165
319,281,224,176
325,285,214,172
334,288,202,169
328,287,208,174
328,288,202,166
325,288,208,166
330,288,194,168
330,291,194,169
329,290,185,167
330,289,180,168
333,285,176,165
336,289,165,165
336,289,166,165
334,283,166,163
331,286,162,170
332,282,157,161
325,288,160,155
323,283,164,170
320,277,168,172
317,278,164,171
318,276,162,169
316,273,160,163
315,275,167,157
316,269,161,160
316,271,165,169
314,267,172,163
312,257,178,175
312,256,179,172
312,256,178,177
308,259,180,168
313,255,183,165
310,250,189,175
318,251,180,164
319,243,182,177
324,249,178,160
321,247,182,158
321,250,186,156
322,246,189,158
327,248,178,153
342,243,162,151
351,243,154,146
355,241,145,151
364,241,138,142
367,239,139,150
373,235,139,152
376,233,133,146
375,233,135,147
377,229,133,162
373,229,137,152
378,225,130,157
376,227,129,155
378,228,125,134
373,223,128,155
367,222,134,188
371,224,130,196
365,216,140,186
366,217,135,196
372,220,127,193
366,216,138,197
373,214,130,175
377,214,127,154
380,214,126,130
383,213,125,135
381,209,127,131
386,212,120,128
390,210,118,134
392,209,112,158
389,209,121,131
390,203,122,146
386,204,121,172
392,205,114,189
389,201,117,177
390,202,115,183
387,198,116,179
387,201,118,189
382,195,126,193
381,181,122,173
377,191,132,199
362,162,160,209
355,190,164,193
382,200,168,170
370,192,155,179
369,189,162,190
369,186,162,192
346,167,181,170
371,188,157,149
370,188,159,183
371,183,166,181
356,186,180,156
374,188,166,134
376,189,170,154
367,183,172,129
370,182,175,138
373,184,164,121
373,183,168,107
373,184,166,109
372,185,169,103
372,185,166,103
366,183,175,112
368,185,171,113
369,187,167,101
370,186,168,99
372,188,168,102
373,181,170,98
371,186,172,105
375,190,167,93
381,182,170,111
381,189,173,90
394,182,170,122
390,179,178,147
392,181,183,145
393,179,176,110
401,184,169,94
406,183,165,94
411,182,170,96
416,188,158,84
422,181,159,91
426,188,161,86
425,185,162,93
429,178,161,94
433,182,156,86
436,184,163,83
445,179,147,93
448,179,141,89
448,180,149,87
451,182,157,88
450,185,152,83
451,179,149,105
457,177,140,86
459,179,136,84
458,180,139,82
457,184,150,80
456,182,144,81
459,181,148,79
457,182,161,80
460,181,150,84
460,181,157,83
463,184,172,96
467,177,139,93
467,178,144,89
466,180,153,86
463,183,144,79
467,180,145,90
467,181,134,84
467,182,136,77
468,182,134,77
467,181,138,94
467,178,139,85
467,180,138,79
468,181,134,80
470,178,147,90
472,180,135,85
475,178,135,86
476,182,130,86
475,183,136,80
488,183,140,95
481,181,129,95
478,180,133,86
482,180,132,82
482,182,131,80
482,180,127,83
480,181,133,86
479,180,134,83
478,183,134,85
477,180,136,84
481,182,138,110
482,179,135,96
478,178,140,88
484,177,131,87
487,180,135,85
488,177,137,86
489,182,134,80
486,179,141,81
489,181,140,77
485,182,148,97
490,180,139,85
486,181,142,84
486,182,143,79
486,181,141,77
488,184,139,78
485,184,145,75
484,184,144,75
487,183,140,75
490,182,128,75
492,179,108,94
493,179,131,82
495,181,133,81
499,182,137,78
502,182,132,78
506,183,125,76
508,185,126,83
510,181,125,82
515,185,119,88
521,183,114,95
524,182,108,95
530,184,105,80
536,181,100,84
539,183,99,91
540,183,92,85
544,181,92,82
544,181,90,80
546,182,91,79
544,182,87,89
549,183,68,94
550,180,73,78
544,183,68,69
547,178,69,75
554,181,77,72
550,179,87,77
550,181,89,77
550,180,84,70
547,180,89,73
547,180,83,82
553,180,83,82
556,181,83,80
554,180,85,72
556,181,83,73
560,180,79,74
561,180,74,76
566,180,69,71
570,181,62,70
572,181,61,69
574,181,59,76
576,184,56,68
577,182,55,72
579,181,53,73
579,181,53,71
583,181,49,73
584,182,50,70
585,179,48,74
587,179,46,74
587,181,46,72
589,179,44,74
589,179,45,73
588,181,46,72
591,181,43,74
592,182,42,73
592,180,44,76
592,175,41,77
592,179,41,75
590,179,45,70
588,180,47,71
590,179,44,79
591,180,44,74
590,177,44,80
586,177,49,79
591,175,44,80
590,176,45,81
589,176,46,78
588,178,47,85
587,175,48,75
588,177,48,75
592,175,43,62
591,176,41,64
595,177,39,56
595,176,38,50
600,177,32,53
601,179,30,62
601,179,30,62
601,179,30,62
601,179,30,62
601,179,30,62
601,179,30,62
601,179,30,62
601,179,30,62
601,179,30,62
601,179,30,62
601,179,30,62
601,179,30,62
601,179,30,62
601,179,30,62
601,179,30,62
601,179,30,62
601,179,30,62
601,179,30,62
601,179,30,62
601,179,30,62
601,179,30,62
601,179,30,62
601,179,30,62
601,179,30,62
601,179,30,62
601,179,30,62
601,179,30,62
601,179,30,62
601,179,30,62
601,179,30,62
601,179,30,62
601,179,30,62
601,179,30,62
601,179,30,62
601,179,30,62
601,179,30,62
601,179,30,62
601,179,30,62
601,179,30,62
601,179,30,62
601,179,30,62
601,179,30,62
601,179,30,62
601,179,30,62
601,179,30,62
601,179,30,62
601,179,30,62
601,179,30,62
601,179,30,62
601,179,30,62
601,179,30,62
601,179,30,62
601,179,30,62
601,179,30,62
601,179,30,62
601,179,30,62
601,179,30,62
601,179,30,62
601,179,30,62
601,179,30,62
601,179,30,62
601,179,30,62
601,179,30,62
601,179,30,62
601,179,30,62
601,179,30,62
601,179,30,62
601,179,30,62
601,179,30,62
601,179,30,62
601,179,30,62
601,179,30,62
601,179,30,62
601,179,30,62
601,179,30,62
601,179,30,62
601,179,30,62
601,179,30,62
601,179,30,62
601,179,30,62
601,179,30,62
601,179,30,62
601,179,30,62
601,179,30,62
601,179,30,62
601,179,30,62
601,179,30,62
601,179,30,62
601,179,30,62
601,179,30,62
601,179,30,62
601,179,30,62
601,179,30,62
601,179,30,62
601,179,30,62
601,179,30,62
601,179,30,62
601,179,30,62
601,179,30,62
601,179,30,62
601,179,30,62
601,179,30,62
601,179,30,62
601,179,30,62
601,179,30,62
601,179,30,62
601,179,30,62
601,179,30,62
601,179,30,62
601,179,30,62
601,179,30,62
601,179,30,62
601,179,30,62
609,156,32,59
609,156,32,59
609,156,32,59
609,152,26,55
609,152,26,55
609,152,26,55
609,152,26,55
602,178,29,53
602,176,29,49
600,176,33,54
600,176,32,53
594,177,38,54
596,174,35,51
593,175,40,50
589,174,43,49
581,191,49,42
579,191,52,41
574,189,59,47
575,182,59,59
575,175,59,66
573,177,43,67
578,174,55,71
576,174,58,70
578,174,57,71
571,177,63,65
566,174,69,69
566,173,69,70
562,173,73,78
556,170,80,75
555,174,78,71
538,172,59,79
553,173,76,79
551,175,81,85
540,175,93,87
533,174,102,99
528,173,108,111
526,176,110,105
521,176,114,108
513,175,123,107
535,182,149,129
497,170,138,132
508,178,127,108
501,173,131,113
495,174,138,110
491,173,138,111
488,169,142,120
481,170,147,119
482,173,130,101
479,171,131,103
473,173,129,116
468,173,137,114
470,172,121,99
455,171,138,107
454,172,137,99
450,170,136,99
448,175,136,100
443,173,135,93
435,173,142,92
432,172,141,98
432,172,139,87
425,176,141,79
420,176,140,73
417,175,143,73
412,176,148,71
409,175,142,73
404,174,151,78
399,175,150,78
398,178,152,76
399,176,144,98
393,173,148,91
394,174,148,76
391,176,155,74
389,175,156,78
390,176,154,77
387,176,157,76
386,174,158,79
388,173,154,81
389,174,156,108
383,171,162,105
387,173,158,104
386,175,161,86
390,177,157,76
391,172,160,84
390,171,163,89
396,172,160,85
402,173,158,87
404,175,161,114
407,170,157,98
405,172,157,88
411,174,156,85
418,172,154,89
423,172,150,84
424,172,153,79
428,173,145,79
428,170,145,83
431,172,127,78
436,168,144,84
436,169,143,80
443,167,129,81
449,166,120,87
451,163,120,85
452,163,117,83
453,161,119,88
456,163,113,88
457,164,114,87
456,160,110,83
457,162,113,82
455,162,118,85
455,162,117,89
447,167,121,81
448,165,128,84
444,166,132,81
437,165,143,84
438,169,141,86
436,164,117,84
437,162,122,86
437,168,118,78
433,171,126,78
434,168,148,92
427,171,141,83
430,169,132,80
434,170,148,80
430,170,145,80
434,168,148,86
440,165,139,102
440,169,128,85
447,168,121,88
445,170,120,89
448,170,123,85
448,170,123,89
452,169,121,94
454,170,120,90
454,169,120,90
454,167,123,91
457,168,117,102
455,169,118,106
457,167,113,94
456,166,118,94
457,164,116,90
460,165,114,84
461,164,113,83
464,163,109,86
461,163,112,86
466,162,104,83
466,162,106,83
466,161,104,84
472,159,100,90
474,159,96,90
478,158,97,88
478,160,95,84
480,161,99,82
473,160,108,81
470,157,113,84
475,156,109,78
472,155,113,76
468,154,114,84
468,152,110,82
468,152,117,85
464,151,122,85
465,151,120,88
462,149,121,86
464,147,115,83
464,149,112,76
457,148,120,86
462,148,113,84
461,148,112,78
457,147,116,82
456,145,115,82
457,146,113,76
456,144,111,89
456,145,112,82
453,142,114,86
448,142,118,84
447,142,118,78
449,141,114,78
446,139,116,80
448,138,112,81
445,139,116,78
446,139,113,75
443,139,114,85
440,139,117,93
436,142,120,95
443,141,113,87
447,141,111,79
442,141,117,93
423,141,136,109
418,130,133,114
414,143,145,118
420,122,136,131
424,141,125,114
419,125,129,119
423,136,114,129
425,127,118,124
418,117,118,124
411,132,122,124
415,128,117,114
404,134,129,123
406,128,125,122
388,104,143,141
386,128,147,134
393,131,131,129
376,113,150,149
374,127,152,133
381,130,142,128
382,105,139,156
383,121,137,141
384,106,136,149
370,122,147,143
359,112,163,138
404,122,123,136
379,100,138,155
380,119,131,136
376,91,141,164
374,118,134,145
384,84,144,168
370,96,148,162
357,116,157,146
328,131,181,132
358,92,160,170
341,115,177,148
380,119,166,147
373,80,149,181
369,109,147,154
387,122,119,135
380,109,135,137
398,115,107,147
388,96,123,149
397,113,108,147
383,93,127,147
396,113,103,144
386,88,126,153
397,104,110,158
388,91,121,139
387,109,119,151
383,86,125,169
377,101,138,160
389,111,124,150
386,91,125,165
379,106,137,154
395,104,104,155
385,81,122,154
389,103,122,158
396,107,110,149
392,108,123,149
395,105,117,158
390,87,123,158
385,106,126,153
377,70,143,186
375,103,156,161
363,107,170,159
363,62,167,188
349,48,182,216
331,52,199,213
320,53,214,217
297,67,258,202
288,54,274,240
285,86,293,190
281,93,315,180
275,47,318,216
280,29,310,250
255,226,357,236
256,142,381,318
259,29,366,285
269,16,349,273
258,21,356,249
259,12,350,270
256,18,354,257
249,18,360,279
275,65,332,298
275,16,330,260
283,11,333,251
289,114,323,199
272,128,341,163
269,98,328,173
284,61,320,217
283,75,328,199
252,40,366,255
269,31,352,251
276,11,340,266
299,9,310,259
289,14,335,255
297,13,333,252
300,12,303,246
277,15,327,255
290,14,328,246
297,12,311,255
296,14,313,247
297,17,324,247
277,8,329,263
297,14,317,246
289,14,334,267
299,12,322,248
277,11,349,278
292,11,329,255
297,18,315,249
297,23,303,253
292,19,309,249
275,16,347,256
284,12,339,257
291,11,330,251
286,6,324,271
290,16,319,246
287,23,325,242
286,34,322,231
286,27,333,241
281,21,321,249
284,11,328,272
273,12,330,271
265,30,348,303
244,20,371,286
277,35,339,261
277,3,346,294
260,21,358,265
262,45,336,246
258,26,354,261
282,42,325,248
287,36,317,252
288,36,312,245
276,24,338,259
276,26,329,274
271,24,349,262
277,23,329,276
289,31,313,265
284,36,313,234
273,10,344,274
278,17,347,271
282,18,337,259
298,33,318,236
286,36,316,245
298,36,298,232
292,37,313,237
295,37,315,241
282,30,326,251
295,65,310,247
293,58,305,219
292,45,311,236
290,38,313,233
285,35,320,250
301,67,297,224
291,48,318,234
288,45,317,235
305,37,279,237
290,31,314,247
287,35,308,245
292,0,296,279
280,31,328,287
266,35,350,275
274,42,335,251
283,86,327,217
282,48,324,235
288,26,314,264
287,43,317,256
292,41,318,241
296,54,304,231
287,42,322,246
288,7,327,274
288,30,310,253
284,-2,317,283
279,36,304,280
277,26,330,282
291,46,307,253
304,85,296,209
291,71,320,223
293,49,296,236
299,39,266,232
295,37,291,232
297,45,298,245
297,39,291,239
296,50,305,235
295,44,316,255
300,37,288,236
294,21,311,255
293,45,307,254
288,41,312,244
299,46,285,229
289,41,309,253
299,34,286,250
296,41,312,244
291,39,316,237
296,66,293,220
291,63,315,228
283,43,318,238
287,43,288,236
285,38,288,244
284,35,311,239
275,36,338,243
285,34,318,245
297,37,306,261
293,63,308,244
302,55,272,229
288,61,305,226
288,49,316,239
289,40,311,244
305,45,276,232
298,69,290,220
293,48,316,250
288,38,308,261
276,27,334,277
280,49,327,260
283,33,303,253
283,34,324,249
289,35,314,235
290,59,294,231
296,46,301,250
295,36,277,237
298,41,296,247
296,51,274,227
293,42,303,239
293,50,315,239
291,56,311,230
289,39,322,237
287,74,322,228
286,58,315,229
285,46,326,245
290,40,318,244
290,41,324,243
297,65,317,215
295,69,302,203
294,41,295,241
295,39,304,249
288,29,316,259
290,36,313,244
290,57,314,250
290,38,307,254
279,26,328,262
269,27,339,286
282,51,325,242
280,27,334,257
270,30,349,282
272,37,344,250
274,29,339,267
257,38,370,266
280,57,343,245
264,32,348,263
260,33,358,260
259,32,360,279
272,39,326,258
254,28,361,276
268,58,351,248
249,14,381,294
254,13,357,273
255,18,346,256
263,33,349,273
261,35,350,265
262,56,358,231
264,37,350,255
256,27,363,276
258,23,360,274
268,40,345,254
273,35,346,262
269,33,363,276
263,30,361,259
274,32,341,306
279,34,307,247
265,5,349,277
260,33,357,294
250,19,366,296
268,42,329,265
252,32,353,262
253,27,353,248
248,12,369,280
271,21,343,260
268,25,338,257
269,33,335,238
267,22,345,243
262,19,359,268
288,43,309,231
286,38,321,240
293,30,312,240
293,23,316,246
293,43,310,236
272,5,343,267
266,24,342,273
265,34,349,256
258,13,352,257
261,18,341,262
277,28,328,251
268,22,344,274
253,21,365,262
253,8,358,265
252,8,362,267
254,17,351,255
242,21,359,243
226,25,394,300
232,11,384,304
250,32,352,305
270,31,334,278
269,52,347,267
239,54,389,267
235,33,392,291
250,41,336,224
253,-2,351,270
247,0,354,267
265,39,287,215
287,17,327,256
291,12,324,257
288,6,332,265
273,17,342,280
253,22,373,303
259,27,341,281
271,44,329,284
284,67,332,253
281,59,327,241
278,57,330,247
265,24,353,283
277,41,343,262
279,27,333,265
282,19,325,246
280,18,328,256
276,21,330,244
279,18,332,267
264,3,331,262
282,23,320,241
282,21,330,248
284,24,316,253
281,19,334,249
292,18,316,247
286,17,325,261
288,15,331,263
280,8,336,269
278,32,325,254
277,21,332,245
285,20,323,253
283,13,335,264
274,7,352,312
295,38,308,235
278,2,330,272
268,24,340,250
266,4,328,263
280,12,322,256
280,15,327,258
272,13,335,264
264,9,354,262
271,9,348,261
262,16,353,255
275,39,343,252
283,20,333,258
276,15,336,256
268,21,342,246
264,12,350,258
263,10,353,270
266,29,347,253
255,8,367,261
274,27,338,242
271,16,338,255
259,20,360,246
273,20,348,292
282,32,336,256
246,-8,384,295
253,32,358,239
249,27,367,249
250,23,365,252
280,44,335,221
280,27,337,230
283,33,322,254
290,6,318,268
269,15,342,260
279,11,332,268
252,5,369,257
256,31,349,231
274,36,340,234
279,15,328,270
290,48,321,217
286,7,312,248
267,45,342,292
280,42,320,254
279,19,320,243
265,3,347,274
255,6,361,267
263,14,334,242
277,17,337,246
298,18,315,251
308,29,295,239
284,39,325,244
280,6,319,251
286,35,325,225
310,28,299,230
298,33,298,223
283,33,320,239
275,-3,324,274
262,30,351,246
259,38,354,221
261,7,352,268
273,16,326,252
258,22,360,240
278,39,346,227
267,20,327,246
280,30,336,232
284,24,329,238
284,25,325,235
286,27,320,232
287,26,320,237
276,19,333,248
276,28,332,234
278,20,316,294
254,26,375,243
262,23,350,230
269,22,347,249
270,16,336,250
253,15,366,247
263,33,352,221
268,24,349,247
261,24,358,243
270,14,337,248
266,18,359,244
267,12,360,248
247,10,374,264
255,11,368,258
263,23,353,239
275,23,338,239
286,25,324,235
285,40,310,232
277,6,315,256
273,13,341,245
269,10,348,259
260,44,357,208
261,5,366,255
239,24,388,243
251,12,366,254
253,29,370,237
235,25,382,239
256,34,373,223
250,13,369,247
230,12,390,248
254,4,367,261
246,33,368,235
255,10,360,259
261,9,347,256
247,14,389,251
254,11,379,253
240,35,392,221
235,9,396,256
253,10,349,258
263,16,361,252
250,35,367,229
251,17,363,249
251,26,368,245
235,35,395,218
226,29,388,229
287,35,336,216
267,25,347,237
254,25,361,237
232,13,399,252
242,36,372,225
246,19,370,251
262,11,366,254
212,14,414,263
245,2,377,269
244,9,376,253
286,14,329,253
270,14,343,252
245,23,358,236
286,22,338,242
266,30,350,232
274,19,344,244
268,14,342,250
253,10,376,252
246,5,387,259
274,28,340,229
261,23,362,243
256,23,356,236
252,12,368,261
238,14,382,248
249,8,396,253
248,27,376,240
254,15,382,243
247,6,375,258
253,2,364,258
243,2,382,259
249,-1,376,267
266,2,348,273
280,35,329,228
282,57,329,227
279,60,324,207
277,89,328,181
282,48,328,210
284,66,321,204
278,27,324,238
274,32,344,234
274,33,326,235
275,25,341,242
280,22,320,245
277,22,333,256
270,24,348,251
252,21,353,269
268,23,348,250
258,25,342,239
277,18,334,251
275,24,328,242
263,18,352,243
284,33,331,230
281,34,325,232
274,25,342,238
288,30,320,243
280,19,319,257
287,26,320,242
280,28,346,240
290,43,311,224
297,42,308,223
285,24,327,246
291,27,320,246
284,40,319,220
286,38,324,228
289,61,315,223
291,46,300,227
292,42,310,218
291,37,325,231
294,51,299,232
295,34,308,230
295,49,306,227
298,33,303,230
284,16,319,263
275,20,336,251
281,20,323,244
280,27,336,232
297,33,302,229
293,35,312,235
294,17,304,250
283,36,322,226
295,56,311,233
274,27,331,252
283,41,318,230
286,28,319,235
299,36,306,241
285,1,309,276
289,21,313,246
300,35,293,243
280,7,333,259
287,33,325,227
289,30,313,230
284,39,324,233
279,34,331,230
290,46,317,242
298,38,308,227
291,66,312,218
292,37,315,219
291,34,318,229
290,58,296,229
286,44,304,227
286,23,309,248
285,30,328,236
287,32,321,231
286,28,330,240
285,36,309,231
286,33,323,229
293,30,316,232
286,33,319,230
294,23,315,247
288,33,321,237
300,38,297,229
298,3,308,266
275,14,340,256
284,13,325,249
285,20,318,244
292,33,314,231
298,37,297,236
295,34,306,228
293,55,311,215
291,30,317,236
299,54,296,222
283,41,318,235
295,31,308,243
298,55,295,220
284,23,332,252
291,34,315,236
292,31,316,235
283,31,313,239
288,36,329,237
290,34,307,227
299,36,301,228
290,34,318,239
289,33,321,243
287,39,308,219
289,20,324,250
289,32,314,239
285,35,321,258
285,1,319,293
282,21,333,308
301,39,298,296
268,12,342,304
254,25,363,306
258,29,356,301
275,32,323,256
281,24,327,243
283,14,326,250
281,21,332,244
283,29,327,235
288,39,327,222
283,38,333,237
289,27,311,241
286,38,324,239
299,60,299,213
285,49,319,212
291,41,314,228
289,35,317,228
286,33,323,239
303,57,296,230
299,40,296,224
287,29,320,244
296,32,308,234
283,13,325,258
277,19,331,248
286,27,329,232
299,34,300,231
286,18,324,260
296,38,295,239
290,25,319,259
291,26,318,243
292,32,308,229
287,30,320,236
294,49,304,234
292,29,312,248
297,54,310,246
292,42,311,242
296,26,308,240
299,42,302,222
293,42,308,250
294,32,310,232
303,57,287,233
288,42,314,228
294,32,312,231
292,36,309,234
283,27,323,261
276,18,340,253
272,14,329,260
280,26,326,256
291,39,314,229
276,7,347,271
255,13,377,256
258,18,358,249
251,30,361,240
265,21,363,248
265,18,362,263
269,31,336,242
258,3,372,282
260,31,341,237
262,10,349,271
268,15,347,251
270,20,342,245
254,21,359,243
248,23,371,256
262,18,349,258
274,26,340,250
279,25,320,243
269,21,342,241
270,23,344,242
266,20,342,253
282,34,325,232
280,29,335,246
260,18,353,251
266,23,342,250
270,26,324,250
283,35,331,244
291,77,310,194
294,57,312,204
287,30,322,239
291,35,313,233
291,38,309,225
295,28,319,240
278,38,319,227
263,0,361,268
251,9,376,252
246,5,382,258
259,14,347,252
232,35,386,224
242,18,370,241
242,26,370,231
264,18,360,244
252,8,372,251
228,23,398,251
242,28,370,242
273,35,340,227
270,-4,337,277
236,27,372,229
235,12,382,252
267,30,348,231
281,17,312,241
282,22,324,245
289,30,322,237
277,16,324,250
269,18,348,249
253,18,362,245
286,21,337,248
278,19,327,243
253,14,368,250
279,29,331,243
277,20,330,241
274,16,334,241
258,13,339,251
284,33,331,228
291,32,317,226
275,8,331,254
269,17,335,254
256,20,363,278
240,35,395,222
219,20,411,239
249,18,362,241
239,14,393,248
232,5,398,259
259,30,355,228
269,3,343,282
253,9,367,254
235,9,389,271
259,7,358,255
224,33,398,252
246,36,361,230
270,16,332,246
268,19,343,249
281,29,324,232
278,16,335,251
277,13,334,258
268,15,339,252
278,11,338,270
258,13,363,251
256,10,363,259
248,34,367,245
262,34,352,244
239,10,383,257
239,10,373,250
257,9,365,251
238,20,366,244
266,9,345,252
244,6,387,265
264,35,345,228
258,20,349,239
231,35,390,223
248,24,370,240
281,35,340,268
257,21,353,239
245,10,365,252
253,16,367,254
287,38,321,223
298,12,302,257
270,14,326,257
278,51,340,206
275,21,337,236
274,20,346,240
243,15,375,238
239,15,380,236
226,22,395,229
224,7,413,258
225,0,398,261
216,20,397,230
231,8,405,244
234,29,386,224
246,14,388,249
220,27,403,229
246,19,377,240
230,8,394,250
245,14,355,246
252,14,372,248
241,28,378,230
231,16,392,236
243,28,385,238
226,10,401,246
241,19,377,238
236,15,381,238
244,28,374,227
244,9,371,254
252,4,347,256
248,14,370,240
232,33,395,223
224,16,396,240
263,7,366,257
227,5,400,268
236,31,369,232
236,22,388,237
247,6,378,256
257,5,354,250
249,4,343,259
248,5,371,256
251,25,360,247
227,27,386,233
248,23,374,236
222,10,395,256
230,21,393,244
215,26,397,229
216,8,408,258
221,9,398,254
221,-1,399,268
213,16,404,244
218,26,397,228
247,11,377,258
254,9,355,262
255,9,374,250
235,20,383,264
255,26,360,240
263,11,358,245
250,24,362,235
216,11,421,273
222,27,411,244
219,27,394,236
242,13,384,249
238,20,389,237
223,23,403,232
241,12,376,242
245,26,390,220
258,12,366,256
218,8,407,254
226,4,400,262
227,28,385,231
229,23,396,246
235,13,395,271
250,27,385,248
259,19,344,245
256,16,365,264
228,26,389,231
226,17,392,270
248,30,369,243
243,34,374,257
243,22,374,285
250,20,362,301
258,32,347,276
251,26,363,297
229,44,386,287
260,78,338,253
248,42,365,239
231,56,384,276
240,80,350,242
255,70,342,260
248,19,370,288
256,43,357,255
258,31,344,297
226,12,396,338
217,17,408,350
262,52,349,273
269,29,327,317
256,22,341,334
236,43,336,315
257,12,369,266
245,11,375,260
245,12,377,247
227,8,409,249
250,43,371,214
262,32,358,217
289,13,321,246
265,10,343,259
241,28,380,317
243,48,358,318
242,15,367,332
247,28,359,324
225,-3,401,359
194,11,434,325
184,30,419,304
197,31,418,284
200,20,384,281
257,22,344,278
247,16,343,334
218,35,382,341
203,3,402,357
189,38,404,340
215,33,352,302
217,25,397,292
217,13,402,290
226,26,393,265
219,34,414,273
223,21,400,306
219,27,387,308
206,60,411,298
214,19,407,280
215,21,390,311
221,22,390,307
242,29,371,288
244,33,373,304
257,-6,356,361
235,36,368,331
235,14,324,366
260,11,274,373
278,21,293,315
281,11,322,287
277,31,336,331
271,0,339,335
277,14,341,321
280,48,337,290
269,11,299,349
281,0,318,358
253,16,319,378
253,5,319,402
276,10,274,384
291,6,240,363
301,106,260,337
322,116,251,303
314,155,261,244
331,203,220,193
334,212,181,182
324,217,189,192
356,205,166,178
376,223,128,161
373,210,138,128
380,218,126,118
379,225,125,104
377,228,131,104
378,229,133,103
376,231,132,104
391,232,120,114
382,235,126,107
380,233,132,118
377,233,137,109
378,233,135,111
381,238,133,116
378,241,133,107
380,237,136,110
380,242,135,117
380,240,136,115
381,253,139,106
379,249,138,107
380,251,139,115
377,248,140,113
380,247,140,118
380,248,138,120
378,249,137,121
379,244,139,124
384,252,135,120
382,249,135,123
376,245,139,134
374,248,144,132
376,267,140,116
371,262,149,119
372,257,148,128
373,265,145,125
373,257,144,132
370,274,149,120
376,271,145,123
371,265,149,134
370,275,142,132
369,271,153,131
365,273,158,131
366,283,154,125
363,281,157,136
363,284,156,133
365,283,155,136
376,286,144,140
364,291,151,132
360,293,158,135
365,294,153,131
360,298,161,132
362,301,156,133
361,302,159,132
360,302,162,140
357,306,160,140
356,304,165,148
369,312,153,155
353,312,165,143
353,311,166,149
354,307,169,155
353,313,168,150
352,318,170,150
348,324,174,143
354,326,170,149
347,328,176,149
358,334,165,150
350,331,172,154
347,334,172,160
345,337,178,156
340,341,183,154
343,338,185,163
339,344,186,159
340,348,189,158
338,351,186,161
348,353,174,163
350,353,177,174
333,357,189,173
337,354,188,176
330,363,196,170
327,368,201,163
330,370,197,159
329,371,196,145
331,374,192,139
328,378,198,150
333,381,191,151
326,381,200,149
323,389,200,146
324,390,202,146
322,392,207,137
319,403,209,137
326,399,201,134
322,405,202,133
321,410,202,126
329,412,201,120
321,417,205,122
318,420,213,113
315,424,214,114
317,426,213,114
315,429,217,104
317,433,216,102
315,440,218,93
309,446,220,90
315,447,214,89
317,448,214,84
314,457,215,80
311,459,224,77
309,466,225,73
308,470,227,64
311,474,225,63
309,477,224,60
313,483,221,53
312,488,222,52
311,491,222,47
311,495,221,44
312,501,222,42
312,502,221,41
306,499,220,46
265,504,207,39
265,504,207,39
265,504,207,39
265,504,207,39
265,504,207,39
265,504,207,39
265,504,207,39
265,504,207,39
265,504,207,39
265,504,207,39
265,504,207,39
265,504,207,39
265,504,207,39
265,504,207,39
265,504,207,39
265,504,207,39
265,504,207,39
265,504,207,39
265,504,207,39
265,504,207,39
265,504,207,39
265,504,207,39
265,504,207,39
265,504,207,39
265,504,207,39
265,504,207,39
265,504,207,39
265,504,207,39
265,504,207,39
265,504,207,39
265,504,207,39
265,504,207,39
265,504,207,39
265,504,207,39
265,504,207,39
265,504,207,39
265,504,207,39
265,504,207,39
265,504,207,39
265,504,207,39
265,504,207,39
265,504,207,39
265,504,207,39
265,504,207,39
265,504,207,39
265,504,207,39
265,504,207,39
265,504,207,39
265,504,207,39
265,504,207,39
265,504,207,39
265,504,207,39
265,504,207,39
265,504,207,39
265,504,207,39
265,504,207,39
265,504,207,39
265,504,207,39
265,504,207,39
265,504,207,39
265,504,207,39
265,504,207,39
265,504,207,39
265,504,207,39
265,504,207,39
265,504,207,39
265,504,207,39
265,504,207,39
265,504,207,39
265,504,207,39
265,504,207,39
