308,136,69,71
304,140,71,69
302,143,73,66
298,144,73,69
295,144,77,68
296,145,75,72
297,147,73,58
295,150,70,56
291,152,70,51
288,151,68,56
286,155,64,49
286,155,54,46
297,152,46,54
293,149,51,65
291,149,59,70
291,147,53,73
289,149,68,75
291,152,57,70
290,152,59,73
298,150,45,79
301,151,42,72
302,155,43,66
299,159,45,56
302,162,58,47
305,164,60,38
307,167,59,32
307,166,59,31
314,169,57,26
312,170,55,24
318,169,55,28
317,164,49,28
310,164,46,27
312,162,40,28
313,161,33,27
312,160,35,25
310,159,37,25
309,159,38,26
308,159,40,25
307,159,41,27
306,159,36,25
307,158,32,24
307,158,27,21
307,158,25,23
312,160,25,27
318,167,22,30
318,171,27,33
313,171,33,36
310,169,36,37
303,163,42,45
303,157,40,57
303,156,43,61
306,151,36,65
307,149,39,67
309,150,35,58
308,151,41,53
308,152,34,53
307,153,37,47
306,153,46,44
304,153,51,46
302,155,53,44
300,154,47,37
300,156,43,30
300,158,40,28
301,158,39,28
303,157,39,30
309,156,36,30
314,155,34,32
319,152,29,33
324,151,27,31
328,150,25,31
329,150,25,31
333,151,22,30
334,152,23,29
334,153,25,27
333,158,26,25
335,161,25,24
334,160,24,24
334,159,25,24
334,160,26,25
334,160,25,25
333,161,25,25
331,162,28,25
331,161,27,25
329,161,29,26
332,161,26,25
332,162,27,25
331,163,28,25
332,164,27,26
331,166,29,24
330,167,29,25
327,167,31,26
328,168,30,26
330,166,28,26
331,166,28,25
330,165,30,25
330,162,30,26
331,155,29,30
331,144,25,32
329,139,22,37
327,131,20,39
326,127,19,40
328,123,17,38
325,120,17,35
328,166,20,37
318,130,23,33
314,129,25,37
315,126,28,41
317,125,25,42
320,123,23,50
319,119,21,55
316,119,24,57
315,115,23,58
317,122,25,61
317,115,28,68
323,112,22,71
324,111,18,61
323,111,17,63
324,110,17,63
325,110,18,68
325,108,18,67
323,112,18,66
319,108,21,69
318,109,22,68
318,110,22,69
318,110,21,70
319,109,22,72
319,108,21,70
321,108,20,69
322,109,20,68
324,110,21,68
325,111,22,68
326,110,23,70
329,112,24,71
332,110,23,72
334,110,22,71
334,109,23,70
332,111,33,80
322,114,46,81
311,121,45,95
306,124,46,101
303,126,45,100
305,127,45,97
306,126,45,100
309,126,42,98
308,124,45,102
309,126,46,99
308,122,45,104
308,122,42,102
308,124,42,98
310,119,44,108
312,113,45,118
313,108,47,121
317,108,46,120
316,110,58,116
320,103,67,126
327,100,62,125
318,102,67,124
322,104,62,124
325,100,60,130
321,101,65,132
322,104,68,130
322,110,71,123
320,108,76,125
317,108,76,126
321,111,83,123
312,107,87,124
319,100,80,132
323,102,72,131
324,105,57,123
315,98,62,128
305,103,66,121
295,91,66,130
294,89,66,134
290,89,74,130
292,92,69,126
293,95,66,125
290,96,59,121
292,108,53,104
286,99,51,102
280,93,55,104
288,112,60,105
276,96,59,98
272,93,63,94
283,115,73,89
280,110,83,101
269,98,93,106
258,96,103,115
261,91,93,107
270,89,81,104
282,83,64,115
302,96,54,114
305,91,54,122
306,78,54,137
311,77,48,134
318,83,42,132
312,81,42,137
312,81,46,137
311,79,43,141
308,80,42,146
302,84,42,143
291,90,58,136
292,105,57,120
281,112,71,110
282,123,67,94
282,131,82,85
281,138,66,75
278,148,81,63
276,151,83,58
276,156,82,55
278,162,80,49
279,163,75,50
281,162,63,47
286,162,51,44
293,164,42,42
295,164,43,40
294,165,46,40
291,165,50,40
289,168,58,39
288,169,60,37
287,167,65,37
285,172,69,36
287,168,68,41
283,170,74,40
280,175,82,34
274,174,87,38
283,176,86,33
274,174,93,36
274,176,95,34
273,175,94,36
275,176,88,31
279,176,83,32
284,174,78,32
281,173,77,32
277,170,88,33
279,168,85,35
282,166,76,39
278,167,77,36
279,168,80,31
278,168,76,33
276,168,77,32
277,167,76,32
275,166,79,32
274,165,81,34
273,163,84,38
274,163,81,37
275,162,81,37
274,162,83,39
274,161,82,40
274,160,79,44
275,159,75,50
275,157,74,47
275,157,72,44
273,158,77,41
274,154,81,51
273,153,80,54
273,154,78,53
271,155,79,50
275,155,73,45
272,155,65,40
274,155,64,39
273,155,65,37
273,153,66,36
275,153,64,39
275,153,65,37
274,152,68,39
275,150,74,38
277,148,67,40
276,147,65,38
278,148,66,35
281,146,63,36
284,147,60,34
283,147,62,35
285,145,59,37
285,140,60,42
286,134,60,51
286,132,57,54
285,129,55,51
287,129,48,50
284,130,51,50
284,133,50,48
284,138,50,45
279,140,52,42
279,142,52,42
276,143,58,43
274,144,59,41
274,142,62,43
276,140,63,47
278,140,63,46
282,139,62,49
289,142,64,51
295,144,63,46
295,158,58,31
298,155,52,31
304,153,49,36
308,153,47,40
309,156,47,41
323,162,40,36
323,164,41,36
326,164,44,40
326,165,50,40
328,164,49,40
330,164,49,38
328,170,54,35
320,164,61,35
309,162,68,36
307,165,73,36
306,167,80,34
305,168,90,30
302,169,92,30
296,169,99,32
294,169,110,32
296,166,108,35
296,164,109,37
301,161,104,36
302,160,108,39
302,158,110,41
303,157,112,36
304,155,106,45
305,154,99,44
306,155,103,42
306,155,110,37
314,154,105,30
324,154,96,30
329,154,90,27
331,154,88,24
333,154,84,23
334,153,85,24
333,152,89,25
329,150,95,24
309,147,86,26
304,144,81,29
295,141,72,36
300,139,68,32
294,138,64,27
291,138,59,24
282,136,65,24
275,133,65,23
267,132,64,27
261,132,62,25
254,130,63,25
244,129,64,25
236,128,55,25
249,127,47,25
250,124,41,24
248,122,43,24
244,120,43,24
241,119,40,24
231,117,43,25
226,118,41,26
220,118,42,24
219,117,39,25
220,116,38,25
217,116,40,24
215,115,39,23
212,113,40,22
206,112,41,24
201,113,43,24
197,111,42,28
196,113,38,26
195,113,37,25
194,115,38,25
195,118,37,23
195,118,38,25
196,117,37,25
196,118,37,23
196,118,37,25
198,117,36,24
197,116,37,24
195,117,38,25
196,119,37,24
198,118,38,25
196,122,37,25
197,127,34,24
197,134,35,22
199,136,35,22
198,137,35,22
196,135,36,23
194,134,36,19
194,131,38,23
192,131,40,24
188,131,42,28
190,132,38,21
191,128,38,21
200,119,41,27
196,108,49,31
187,109,52,27
184,104,44,24
191,99,46,22
196,95,49,23
198,89,54,25
218,86,61,31
207,81,58,31
210,76,59,33
213,74,57,31
216,72,47,31
218,71,40,25
221,72,33,23
228,76,27,22
229,78,29,22
233,82,26,21
232,82,28,20
233,79,25,23
233,75,27,22
231,67,29,24
232,65,30,26
236,57,29,28
240,49,28,29
243,42,29,31
244,35,30,31
244,29,30,28
244,25,29,27
244,20,27,24
246,14,28,25
250,6,27,27
258,2,26,26
262,1,30,23
270,1,28,20
280,2,22,18
283,2,21,17
283,0,22,20
284,0,18,21
279,1,18,21
275,3,15,19
270,4,15,20
263,3,17,22
262,3,14,25
260,3,15,24
262,1,16,23
264,0,16,22
269,1,17,22
271,1,16,24
272,0,16,22
270,1,16,20
263,2,20,19
261,2,23,20
258,5,23,23
249,6,27,27
242,10,29,28
239,12,28,30
238,12,29,29
237,12,28,28
237,10,27,28
236,8,28,26
234,6,28,26
230,5,30,25
232,4,26,23
233,1,26,21
232,0,24,18
235,0,21,14
232,0,23,15
229,1,25,17
226,5,25,19
226,14,25,18
222,23,27,19
220,32,27,20
215,43,30,22
212,55,31,25
215,69,33,23
221,82,34,23
228,91,34,23
236,98,32,23
243,104,31,23
251,111,29,24
258,107,29,30
263,114,27,28
268,115,26,28
272,117,26,27
276,118,24,26
281,118,23,28
282,117,24,30
286,119,22,27
290,121,21,29
291,124,23,31
298,128,22,30
302,130,24,27
307,134,22,27
312,135,21,28
314,140,18,26
313,138,19,30
307,137,23,32
301,135,20,28
294,133,22,30
287,129,21,29
283,125,21,28
281,121,20,27
277,112,21,30
274,111,24,28
278,104,20,28
278,102,20,25
279,97,19,24
281,93,18,21
283,88,18,19
285,84,17,20
287,79,17,20
289,74,17,20
291,73,16,18
290,73,16,16
289,74,16,16
286,75,16,16
283,77,17,16
279,79,19,16
272,81,19,16
267,84,18,15
260,87,18,14
255,88,20,16
250,90,22,15
246,92,23,14
243,95,24,11
241,97,24,12
241,98,22,12
235,99,25,14
229,100,28,13
227,99,28,15
226,97,28,14
226,91,27,16
227,83,26,20
227,71,24,22
227,57,26,23
229,43,27,26
231,29,26,29
235,16,29,30
242,6,26,29
247,0,26,24
254,-2,27,21
254,-2,27,21
254,-2,27,21
254,-2,27,21
254,-2,27,21
254,-2,27,21
254,-2,27,21
254,-2,27,21
254,-2,27,21
254,-2,27,21
254,-2,27,21
254,-2,27,21
254,-2,27,21
254,-2,27,21
254,-2,27,21
254,-2,27,21
254,-2,27,21
254,-2,27,21
254,-2,27,21
254,-2,27,21
254,-2,27,21
254,-2,27,21
254,-2,27,21
254,-2,27,21
254,-2,27,21
254,-2,27,21
254,-2,27,21
254,-2,27,21
254,-2,27,21
254,-2,27,21
254,-2,27,21
254,-2,27,21
254,-2,27,21
254,-2,27,21
254,-2,27,21
254,-2,27,21
254,-2,27,21
254,-2,27,21
254,-2,27,21
254,-2,27,21
254,-2,27,21
254,-2,27,21
254,-2,27,21
254,-2,27,21
254,-2,27,21
254,-2,27,21
254,-2,27,21
254,-2,27,21
254,-2,27,21
254,-2,27,21
254,-2,27,21
254,-2,27,21
254,-2,27,21
254,-2,27,21
254,-2,27,21
254,-2,27,21
254,-2,27,21
254,-2,27,21
254,-2,27,21
254,-2,27,21
254,-2,27,21
254,-2,27,21
254,-2,27,21
254,-2,27,21
254,-2,27,21
254,-2,27,21
254,-2,27,21
254,-2,27,21
254,-2,27,21
254,-2,27,21
254,-2,27,21
254,-2,27,21
254,-2,27,21
254,-2,27,21
254,-2,27,21
254,-2,27,21
254,-2,27,21
254,-2,27,21
254,-2,27,21
254,-2,27,21
254,-2,27,21
254,-2,27,21
254,-2,27,21
254,-2,27,21
254,-2,27,21
254,-2,27,21
254,-2,27,21
254,-2,27,21
254,-2,27,21
254,-2,27,21
254,-2,27,21
254,-2,27,21
254,-2,27,21
254,-2,27,21
254,-2,27,21
254,-2,27,21
254,-2,27,21
254,-2,27,21
254,-2,27,21
254,-2,27,21
254,-2,27,21
254,-2,27,21
254,-2,27,21
254,-2,27,21
254,-2,27,21
254,-2,27,21
254,-2,27,21
254,-2,27,21
254,-2,27,21
254,-2,27,21
254,-2,27,21
254,-2,27,21
254,-2,27,21
254,-2,27,21
254,-2,27,21
254,-2,27,21
254,-2,27,21
254,-2,27,21
254,-2,27,21
254,-2,27,21
254,-2,27,21
254,-2,27,21
254,-2,27,21
254,-2,27,21
254,-2,27,21
254,-2,27,21
254,-2,27,21
254,-2,27,21
254,-2,27,21
254,-2,27,21
254,-2,27,21
254,-2,27,21
254,-2,27,21
254,-2,27,21
254,-2,27,21
254,-2,27,21
254,-2,27,21
254,-2,27,21
254,-2,27,21
254,-2,27,21
254,-2,27,21
254,-2,27,21
254,-2,27,21
254,-2,27,21
254,-2,27,21
254,-2,27,21
254,-2,27,21
254,-2,27,21
254,-2,27,21
254,-2,27,21
254,-2,27,21
254,-2,27,21
254,-2,27,21
254,-2,27,21
254,-2,27,21
254,-2,27,21
254,-2,27,21
254,-2,27,21
254,-2,27,21
254,-2,27,21
254,-2,27,21
254,-2,27,21
254,-2,27,21
254,-2,27,21
254,-2,27,21
254,-2,27,21
254,-2,27,21
254,-2,27,21
254,-2,27,21
254,-2,27,21
254,-2,27,21
254,-2,27,21
254,-2,27,21
254,-2,27,21
254,-2,27,21
254,-2,27,21
254,-2,27,21
254,-2,27,21
254,-2,27,21
254,-2,27,21
254,-2,27,21
254,-2,27,21
254,-2,27,21
254,-2,27,21
254,-2,27,21
254,-2,27,21
254,-2,27,21
254,-2,27,21
254,-2,27,21
254,-2,27,21
254,-2,27,21
254,-2,27,21
254,-2,27,21
254,-2,27,21
254,-2,27,21
254,-2,27,21
254,-2,27,21
254,-2,27,21
254,-2,27,21
254,-2,27,21
254,-2,27,21
254,-2,27,21
254,-2,27,21
254,-2,27,21
254,-2,27,21
254,-2,27,21
254,-2,27,21
254,-2,27,21
254,-2,27,21
254,-2,27,21
254,-2,27,21
254,-2,27,21
254,-2,27,21
254,-2,27,21
254,-2,27,21
254,-2,27,21
254,-2,27,21
254,-2,27,21
254,-2,27,21
254,-2,27,21
254,-2,27,21
254,-2,27,21
254,-2,27,21
254,-2,27,21
254,-2,27,21
254,-2,27,21
254,-2,27,21
254,-2,27,21
254,-2,27,21
254,-2,27,21
254,-2,27,21
254,-2,27,21
254,-2,27,21
254,-2,27,21
254,-2,27,21
254,-2,27,21
254,-2,27,21
254,-2,27,21
254,-2,27,21
254,-2,27,21
254,-2,27,21
254,-2,27,21
254,-2,27,21
254,-2,27,21
254,-2,27,21
254,-2,27,21
254,-2,27,21
254,-2,27,21
254,-2,27,21
254,-2,27,21
254,-2,27,21
254,-2,27,21
254,-2,27,21
254,-2,27,21
254,-2,27,21
254,-2,27,21
254,-2,27,21
254,-2,27,21
254,-2,27,21
254,-2,27,21
254,-2,27,21
254,-2,27,21
254,-2,27,21
254,-2,27,21
254,-2,27,21
254,-2,27,21
254,-2,27,21
254,-2,27,21
254,-2,27,21
254,-2,27,21
254,-2,27,21
254,-2,27,21
254,-2,27,21
254,-2,27,21
254,-2,27,21
254,-2,27,21
254,-2,27,21
254,-2,27,21
254,-2,27,21
254,-2,27,21
254,-2,27,21
254,-2,27,21
254,-2,27,21
254,-2,27,21
254,-2,27,21
254,-2,27,21
254,-2,27,21
254,-2,27,21
254,-2,27,21
254,-2,27,21
254,-2,27,21
254,-2,27,21
254,-2,27,21
254,-2,27,21
254,-2,27,21
254,-2,27,21
254,-2,27,21
254,-2,27,21
254,-2,27,21
254,-2,27,21
254,-2,27,21
254,-2,27,21
254,-2,27,21
254,-2,27,21
254,-2,27,21
254,-2,27,21
254,-2,27,21
254,-2,27,21
254,-2,27,21
254,-2,27,21
254,-2,27,21
254,-2,27,21
254,-2,27,21
254,-2,27,21
254,-2,27,21
254,-2,27,21
254,-2,27,21
254,-2,27,21
254,-2,27,21
254,-2,27,21
254,-2,27,21
254,-2,27,21
254,-2,27,21
254,-2,27,21
254,-2,27,21
254,-2,27,21
254,-2,27,21
254,-2,27,21
254,-2,27,21
254,-2,27,21
254,-2,27,21
254,-2,27,21
254,-2,27,21
254,-2,27,21
254,-2,27,21
254,-2,27,21
254,-2,27,21
254,-2,27,21
254,-2,27,21
254,-2,27,21
254,-2,27,21
254,-2,27,21
254,-2,27,21
254,-2,27,21
254,-2,27,21
254,-2,27,21
254,-2,27,21
254,-2,27,21
254,-2,27,21
254,-2,27,21
254,-2,27,21
254,-2,27,21
254,-2,27,21
254,-2,27,21
254,-2,27,21
254,-2,27,21
254,-2,27,21
254,-2,27,21
254,-2,27,21
254,-2,27,21
254,-2,27,21
254,-2,27,21
254,-2,27,21
254,-2,27,21
254,-2,27,21
254,-2,27,21
254,-2,27,21
254,-2,27,21
254,-2,27,21
254,-2,27,21
254,-2,27,21
254,-2,27,21
254,-2,27,21
254,-2,27,21
254,-2,27,21
254,-2,27,21
254,-2,27,21
254,-2,27,21
254,-2,27,21
254,-2,27,21
