484,124,80,89
480,134,77,82
485,144,67,74
483,154,66,69
483,165,60,65
482,165,58,65
480,167,53,60
472,164,50,59
463,159,52,60
454,155,51,58
446,152,51,61
436,147,52,70
430,146,54,73
426,146,55,70
423,145,53,70
417,142,54,70
418,140,51,71
418,140,52,71
419,138,51,72
419,138,51,69
419,136,54,70
418,137,57,69
418,134,55,70
414,132,59,73
413,130,56,72
410,130,54,71
407,132,53,70
402,133,58,74
401,135,54,70
402,140,50,63
400,144,50,62
398,146,52,63
397,146,49,63
398,146,48,65
400,145,50,65
400,143,50,64
402,147,54,67
403,146,54,74
401,145,58,72
403,146,58,73
403,144,56,73
406,141,54,73
406,141,53,73
407,139,54,74
407,138,53,73
407,138,53,74
406,137,53,74
409,137,52,71
404,140,54,64
403,141,54,60
402,144,56,57
405,145,52,57
403,148,55,60
409,151,52,60
407,151,54,63
409,154,55,64
413,150,52,71
417,153,53,72
412,152,57,77
410,154,58,75
409,160,59,75
413,157,56,77
411,162,58,73
416,164,55,71
417,164,58,74
416,165,59,71
416,168,58,66
416,170,59,68
419,172,57,62
421,173,58,66
421,176,59,66
420,175,59,65
416,178,66,68
423,178,61,67
428,180,59,66
429,182,60,68
431,185,61,58
433,185,60,57
435,190,61,57
439,193,61,53
438,190,62,55
438,187,62,55
440,184,61,53
441,181,60,54
443,180,65,58
444,177,62,59
443,177,63,58
440,179,63,58
442,179,60,54
441,178,62,56
441,177,60,54
439,176,62,56
440,173,62,56
441,172,64,54
442,170,59,52
443,169,59,55
442,170,59,53
440,170,65,56
440,170,58,54
442,170,59,53
443,172,58,53
441,170,62,56
441,171,60,53
441,171,62,57
440,171,57,52
441,169,61,55
440,171,60,55
441,171,63,56
441,171,60,54
442,171,62,56
441,168,67,63
439,169,61,63
437,171,60,68
434,172,58,71
434,170,57,68
433,175,54,64
436,177,50,64
431,175,53,61
430,175,53,58
427,171,55,59
433,167,46,58
430,164,51,57
429,160,51,60
424,157,55,63
424,156,52,62
423,153,55,64
421,154,54,59
421,152,53,64
421,152,54,66
420,151,54,60
423,154,53,58
418,151,56,61
416,150,55,64
416,150,53,63
414,150,53,61
413,149,55,65
414,151,54,66
412,152,58,67
415,153,56,71
416,151,54,70
415,151,55,63
413,151,54,62
414,150,58,62
414,154,55,67
414,154,56,71
416,155,55,72
417,157,56,70
416,159,56,70
415,161,57,69
417,164,57,69
415,166,62,70
414,168,62,70
417,173,59,68
417,174,62,65
417,171,63,66
420,170,61,66
419,169,64,72
417,169,64,73
410,172,69,69
406,177,69,70
406,179,67,68
405,174,67,69
403,171,67,68
406,166,64,70
408,164,63,65
410,160,62,67
415,151,60,73
419,149,58,71
422,147,59,66
424,145,55,61
422,146,54,59
420,146,59,63
419,146,57,63
419,146,57,65
419,147,59,61
420,146,58,59
422,146,57,63
423,145,57,60
424,146,54,60
424,146,55,58
424,144,56,63
425,145,57,62
424,145,60,60
422,148,56,60
422,149,55,63
419,149,59,64
419,149,58,60
418,150,58,62
416,149,59,64
416,150,58,63
415,153,57,61
416,153,56,61
417,153,56,60
416,152,56,61
415,150,56,62
412,149,54,67
412,149,61,66
409,147,57,61
408,146,56,60
409,144,57,65
408,141,62,60
411,138,52,60
409,135,52,61
411,131,52,62
410,129,57,65
408,123,61,66
412,121,57,57
412,113,51,58
414,109,49,64
414,103,55,70
414,97,67,77
416,92,58,68
421,86,53,60
420,81,53,58
418,78,54,63
419,75,54,71
419,69,56,75
419,65,59,73
424,59,53,72
425,50,55,74
427,46,54,76
429,36,52,76
429,31,56,75
431,22,53,74
430,16,52,76
427,9,55,77
427,2,54,79
426,2,55,74
427,0,56,73
430,1,52,69
432,1,54,66
433,2,57,59
433,2,55,57
436,3,57,56
436,6,54,52
435,2,55,63
437,2,56,66
436,1,56,70
443,2,57,75
448,2,60,79
456,4,58,88
462,8,63,90
469,13,64,89
476,23,65,92
489,35,68,99
488,49,71,101
490,56,74,99
490,65,69,105
486,74,69,106
481,82,70,98
481,92,67,86
477,94,69,92
469,98,70,91
461,105,71,92
455,111,67,88
451,111,69,86
449,110,75,98
445,114,73,88
436,118,81,83
436,124,78,77
433,126,69,75
432,136,73,73
426,133,74,70
427,132,72,70
423,129,81,71
421,129,97,72
422,128,101,68
420,128,90,69
422,128,79,73
423,130,84,70
422,130,91,71
424,130,82,70
423,131,72,72
422,132,68,69
426,134,67,68
424,134,77,70
422,141,72,67
421,137,66,71
420,139,69,72
420,137,67,75
419,135,68,77
421,138,68,76
419,141,71,75
421,136,68,81
420,141,64,75
418,139,64,80
421,140,59,77
422,141,59,78
418,140,64,81
416,139,65,81
413,141,66,79
416,139,63,78
417,138,63,78
416,137,63,80
418,135,63,78
424,139,58,75
423,135,58,74
420,133,65,74
420,133,62,73
420,130,62,74
418,127,62,75
422,130,60,75
423,129,60,75
420,131,61,72
422,132,59,65
423,133,56,57
426,135,55,58
426,137,55,58
426,137,57,57
428,137,54,59
426,138,57,61
426,141,56,60
417,142,62,63
416,141,67,63
422,142,61,62
416,144,65,63
417,146,65,64
411,150,72,64
410,153,73,60
416,155,65,57
422,158,59,61
421,153,58,70
423,151,54,74
425,152,54,75
422,150,59,78
426,150,56,80
425,150,57,80
424,148,62,79
423,151,67,74
425,153,63,69
430,157,57,67
437,162,50,63
444,163,41,65
449,166,35,68
442,164,41,74
434,162,50,79
423,162,62,80
427,160,62,83
422,159,65,83
427,159,61,85
427,158,62,81
429,159,61,83
429,158,60,84
428,159,63,71
428,160,64,57
427,165,63,53
429,164,62,55
426,165,63,55
429,165,60,57
429,163,59,59
427,159,58,63
424,157,63,60
426,156,59,63
424,155,61,60
426,154,61,59
423,156,63,57
422,152,62,61
424,153,58,59
425,154,59,60
424,150,60,60
424,150,60,59
425,152,59,61
425,152,59,62
424,152,58,64
425,154,59,64
425,154,59,65
428,156,60,65
426,156,58,64
427,157,60,63
424,158,66,62
422,157,68,64
421,155,68,63
418,154,70,66
419,153,69,64
422,154,65,65
418,149,69,69
420,147,66,70
423,142,62,76
420,137,64,84
420,135,65,79
422,133,61,83
421,130,63,84
423,128,62,84
425,127,63,82
429,127,62,87
432,125,67,86
437,124,69,86
443,120,69,84
442,117,70,81
439,116,68,78
434,113,61,73
429,111,58,68
425,112,53,63
423,109,50,61
421,108,48,58
418,108,47,53
417,106,45,52
416,105,44,49
413,103,45,49
414,101,44,45
413,96,43,45
414,94,43,47
417,90,44,44
417,87,43,44
415,83,44,44
417,80,44,46
417,77,45,49
417,76,46,48
419,74,43,54
422,73,43,53
423,77,43,47
425,80,45,45
433,84,39,45
439,86,40,48
445,92,45,48
448,94,52,58
459,102,57,63
469,114,63,70
476,130,72,79
491,149,84,87
499,171,99,97
518,194,102,101
535,226,112,110
561,257,113,110
591,289,116,94
621,322,116,77
621,322,116,77
621,322,116,77
621,322,116,77
621,322,116,77
621,322,116,77
621,322,116,77
621,322,116,77
621,322,116,77
621,322,116,77
621,322,116,77
621,322,116,77
621,322,116,77
621,322,116,77
621,322,116,77
621,322,116,77
621,322,116,77
621,322,116,77
621,322,116,77
621,322,116,77
621,322,116,77
621,322,116,77
621,322,116,77
621,322,116,77
621,322,116,77
621,322,116,77
621,322,116,77
621,322,116,77
621,322,116,77
621,322,116,77
621,322,116,77
621,322,116,77
621,322,116,77
621,322,116,77
621,322,116,77
621,322,116,77
621,322,116,77
621,322,116,77
621,322,116,77
621,322,116,77
621,322,116,77
621,322,116,77
621,322,116,77
621,322,116,77
621,322,116,77
621,322,116,77
621,322,116,77
621,322,116,77
621,322,116,77
621,322,116,77
621,322,116,77
621,322,116,77
621,322,116,77
621,322,116,77
621,322,116,77
621,322,116,77
621,322,116,77
621,322,116,77
621,322,116,77
621,322,116,77
621,322,116,77
621,322,116,77
621,322,116,77
621,322,116,77
621,322,116,77
621,322,116,77
621,322,116,77
621,322,116,77
621,322,116,77
621,322,116,77
621,322,116,77
621,322,116,77
621,322,116,77
621,322,116,77
621,322,116,77
621,322,116,77
621,322,116,77
621,322,116,77
621,322,116,77
621,322,116,77
621,322,116,77
621,322,116,77
561,282,99,89
561,282,99,89
561,282,99,89
561,282,99,89
561,282,99,89
561,282,99,89
561,282,99,89
561,282,99,89
561,282,99,89
561,282,99,89
364,141,117,71
350,145,132,63
334,143,147,67
328,139,152,67
322,142,157,65
325,140,160,67
329,137,157,66
342,134,140,69
342,132,141,64
346,128,138,67
348,132,139,65
364,134,122,65
377,133,105,65
396,132,87,70
405,129,71,69
412,129,61,68
417,128,58,72
421,130,59,71
423,131,56,72
425,130,53,72
426,131,52,67
427,130,53,70
423,129,57,71
423,131,58,70
426,130,51,67
427,130,51,70
423,127,56,72
424,125,54,73
423,121,57,76
424,119,55,76
425,116,58,77
425,114,58,80
420,112,64,81
423,112,64,81
420,111,66,83
417,106,69,87
417,104,67,90
415,97,69,97
410,93,71,98
410,94,69,92
412,90,65,95
410,84,65,97
405,81,71,102
403,65,69,117
400,64,73,116
407,76,68,106
407,83,66,92
402,88,71,87
401,90,69,82
400,92,68,77
392,83,80,87
382,80,85,86
374,77,95,83
363,73,109,95
335,72,139,118
330,68,148,127
305,71,171,133
298,73,179,126
287,64,192,139
285,68,187,132
282,76,199,121
281,74,196,127
286,66,197,138
287,64,189,141
292,61,187,140
298,57,184,136
319,56,157,146
332,52,144,144
334,51,143,154
339,47,137,157
354,42,119,162
356,36,123,167
352,28,128,176
363,29,117,172
347,31,126,176
344,37,136,168
345,37,134,167
377,46,102,162
372,52,103,149
390,52,88,150
378,59,99,147
369,58,105,149
389,57,88,152
401,55,76,155
401,56,81,144
400,57,86,148
402,58,85,139
404,58,85,127
409,57,77,136
408,67,88,142
400,59,90,145
397,58,89,142
400,58,90,145
400,58,85,137
398,60,90,136
401,61,94,132
399,61,89,135
400,62,85,134
413,86,98,138
399,58,90,133
417,85,100,134
400,61,88,134
403,62,83,136
401,61,84,133
403,61,81,140
403,60,80,139
400,60,86,133
398,62,88,132
400,62,90,130
402,63,90,131
405,63,80,122
401,60,89,132
400,61,89,127
405,61,84,129
397,64,93,133
403,61,85,139
402,60,90,147
400,62,93,153
395,59,96,159
399,63,97,166
393,59,104,172
396,62,99,161
394,57,92,168
397,64,110,156
397,60,105,162
394,61,120,164
393,63,127,167
396,59,103,171
396,63,132,172
397,62,136,184
401,61,132,193
401,64,135,192
394,62,127,195
398,59,104,184
402,53,80,172
399,56,86,147
403,63,76,138
403,59,77,145
404,60,77,144
401,56,82,152
404,64,77,143
406,61,76,148
385,184,82,125
369,198,78,104
350,192,81,101
334,186,80,103
328,193,90,89
327,195,92,88
329,193,90,80
330,185,93,83
332,175,95,80
326,166,97,87
326,163,100,85
323,156,104,90
321,156,99,88
323,157,95,91
317,159,102,85
318,161,100,78
319,162,103,79
316,159,110,84
311,156,104,91
309,153,106,91
300,151,111,89
296,152,111,86
294,145,115,88
293,143,110,87
297,142,108,87
298,142,108,88
302,143,105,85
310,145,102,85
314,149,101,82
324,150,96,83
333,154,95,80
343,156,91,81
352,161,89,77
361,164,88,78
368,170,89,75
376,173,85,77
382,176,87,74
390,178,79,72
402,181,77,78
406,182,77,71
413,183,72,76
419,187,66,69
425,191,61,66
434,193,56,62
443,192,55,59
444,193,57,61
446,192,54,59
449,191,57,60
450,191,57,59
455,191,52,59
457,193,52,58
457,194,54,56
458,198,52,55
457,199,54,58
451,202,58,57
454,203,55,56
452,205,58,55
455,203,52,52
452,202,54,53
450,201,54,53
450,199,50,54
448,197,53,54
447,198,52,53
446,197,54,55
446,199,54,55
444,199,55,58
446,194,55,63
447,200,55,56
450,207,56,55
450,200,57,67
452,197,56,73
454,201,61,76
458,208,62,80
466,217,65,81
471,231,71,81
478,248,73,87
487,265,74,97
499,240,74,101
506,296,76,86
507,307,85,70
516,320,87,60
516,320,87,60
516,320,87,60
516,320,87,60
516,320,87,60
516,320,87,60
516,320,87,60
516,320,87,60
516,320,87,60
516,320,87,60
516,320,87,60
516,320,87,60
516,320,87,60
516,320,87,60
516,320,87,60
516,320,87,60
516,320,87,60
516,320,87,60
516,320,87,60
516,320,87,60
516,320,87,60
516,320,87,60
516,320,87,60
516,320,87,60
516,320,87,60
516,320,87,60
516,320,87,60
516,320,87,60
516,320,87,60
516,320,87,60
516,320,87,60
516,320,87,60
516,320,87,60
516,320,87,60
516,320,87,60
516,320,87,60
516,320,87,60
516,320,87,60
516,320,87,60
516,320,87,60
516,320,87,60
516,320,87,60
516,320,87,60
516,320,87,60
516,320,87,60
516,320,87,60
516,320,87,60
516,320,87,60
516,320,87,60
516,320,87,60
516,320,87,60
516,320,87,60
516,320,87,60
516,320,87,60
516,320,87,60
516,320,87,60
516,320,87,60
516,320,87,60
516,320,87,60
516,320,87,60
516,320,87,60
516,320,87,60
516,320,87,60
516,320,87,60
516,320,87,60
516,320,87,60
516,320,87,60
516,320,87,60
516,320,87,60
516,320,87,60
516,320,87,60
516,320,87,60
516,320,87,60
516,320,87,60
516,320,87,60
516,320,87,60
516,320,87,60
516,320,87,60
516,320,87,60
516,320,87,60
516,320,87,60
516,320,87,60
516,320,87,60
516,320,87,60
516,320,87,60
516,320,87,60
516,320,87,60
516,320,87,60
516,320,87,60
516,320,87,60
516,320,87,60
516,320,87,60
516,320,87,60
516,320,87,60
516,320,87,60
434,154,99,54
442,118,95,69
445,116,101,89
456,118,101,97
464,128,96,94
478,135,91,91
480,139,98,95
482,146,93,92
484,153,93,89
486,164,93,89
493,173,83,83
492,180,81,86
492,185,81,87
497,188,74,83
494,191,77,85
494,191,81,78
495,190,80,78
495,184,78,82
498,183,78,82
496,182,77,82
493,180,78,84
493,180,74,80
491,180,74,89
494,185,74,88
491,189,75,83
491,191,70,77
486,192,75,79
480,190,82,80
476,191,82,80
477,195,79,75
481,195,74,76
479,200,75,77
470,203,75,77
466,206,70,74
464,209,69,72
457,212,70,71
454,211,67,73
453,213,68,72
453,212,64,71
448,211,64,71
447,213,65,68
447,209,62,66
444,213,64,70
444,214,65,66
438,211,69,68
437,209,70,69
441,203,66,68
446,206,63,67
446,204,64,66
444,204,65,64
442,197,66,71
440,195,64,72
433,191,72,71
429,192,75,70
429,184,74,72
431,181,73,73
429,177,72,77
428,172,72,76
425,169,71,79
425,169,68,82
420,170,71,79
422,171,68,80
423,169,72,84
421,171,71,86
417,167,76,92
417,168,72,88
418,169,72,90
421,167,74,89
427,172,75,90
433,173,72,90
441,176,73,85
446,178,74,83
454,173,74,93
455,171,73,89
454,171,75,93
456,169,71,91
452,168,71,81
447,168,71,85
445,168,67,87
436,169,67,80
430,171,69,82
425,171,69,89
417,170,71,88
408,171,72,87
401,173,73,87
395,175,74,83
390,175,72,83
385,176,74,84
380,178,72,82
372,179,75,82
367,181,74,79
361,183,73,78
355,182,76,78
350,182,73,83
344,184,74,78
331,183,70,76
324,187,71,81
314,190,75,80
304,190,82,78
296,192,81,77
284,192,81,76
274,192,84,77
257,192,88,79
246,193,90,75
244,190,88,81
238,186,90,80
242,184,94,79
247,184,91,83
255,182,91,88
265,183,84,77
278,177,79,87
291,175,72,88
301,174,71,87
310,174,70,87
318,175,69,85
330,173,68,86
344,177,67,83
358,177,66,83
371,178,65,83
387,179,67,85
398,180,65,83
411,182,62,75
419,183,63,78
426,183,62,77
436,182,61,78
441,184,62,75
448,183,61,72
452,184,60,73
456,186,62,71
465,188,61,69
470,191,62,71
477,193,63,69
490,196,67,66
501,196,61,72
513,196,66,69
528,196,62,65
535,196,67,71
543,198,65,65
546,201,63,64
552,201,61,66
557,202,61,63
561,201,61,64
566,201,66,62
571,201,64,64
578,201,61,63
579,202,67,66
582,201,64,64
587,202,65,65
592,207,65,63
595,209,65,64
597,208,65,63
595,207,70,64
593,200,71,67
595,202,68,67
595,199,66,65
594,199,68,65
594,197,69,66
599,199,66,66
603,197,67,68
602,198,71,66
606,199,69,67
605,197,74,67
605,198,70,70
603,196,72,69
599,196,72,67
598,198,73,68
592,197,75,66
593,195,75,69
593,195,69,65
590,191,73,67
590,190,70,67
592,188,69,66
591,187,72,66
593,186,73,67
594,185,71,70
595,186,75,68
596,185,73,67
597,184,75,69
600,182,76,69
598,183,77,71
599,184,76,69
599,183,75,68
599,184,75,69
598,181,73,73
599,182,73,74
598,183,75,71
598,182,73,70
598,184,75,73
599,185,72,69
597,183,73,69
598,183,75,71
598,180,71,75
598,181,71,72
595,182,75,72
593,180,76,73
