124,272,196,92
122,267,194,111
125,251,193,125
126,255,195,118
130,249,194,125
135,244,191,135
131,244,195,124
135,242,191,122
143,243,188,124
145,241,189,124
150,240,186,119
149,235,190,124
154,243,193,110
158,234,192,123
163,240,181,109
166,235,184,116
166,244,188,101
182,233,173,110
176,238,181,106
181,235,173,107
186,230,177,106
194,234,167,104
194,227,167,105
198,227,164,106
204,226,158,101
207,224,155,103
207,220,155,106
211,221,154,101
213,216,152,105
220,215,147,106
224,216,148,102
222,211,151,108
225,217,146,95
229,210,143,103
237,211,137,100
246,210,128,100
247,209,128,98
244,207,130,97
254,205,120,99
250,202,127,101
257,200,117,99
257,201,117,97
262,201,115,96
263,196,115,99
265,192,113,99
269,193,110,99
266,191,113,96
271,191,108,95
271,184,108,102
274,186,108,96
270,186,113,96
278,187,104,94
275,187,107,92
280,181,105,96
277,184,108,88
276,182,108,88
277,182,108,90
281,178,104,92
280,181,105,88
276,178,111,88
281,176,100,90
281,172,107,93
281,171,101,90
286,173,97,90
279,170,103,91
284,168,99,90
279,169,102,88
281,169,102,87
283,167,101,88
283,162,102,90
284,163,97,87
287,162,95,87
284,160,95,86
287,163,95,83
288,161,93,87
285,160,95,87
285,159,95,87
289,160,91,84
289,155,94,89
288,153,91,89
289,157,88,81
289,157,93,79
287,155,92,82
290,154,90,80
287,155,93,78
292,153,89,80
290,155,91,76
286,154,96,76
285,156,96,73
290,150,94,79
291,151,92,77
290,152,94,74
290,151,95,72
293,150,91,74
289,149,96,75
286,146,97,76
290,146,95,76
292,149,95,72
291,147,96,72
289,143,98,75
294,147,94,71
294,144,92,74
291,140,98,76
292,141,97,73
291,140,97,76
297,143,93,69
299,140,91,72
301,141,89,70
302,136,88,73
301,134,90,76
299,131,92,77
303,131,89,73
306,130,83,76
303,127,88,75
309,126,83,76
310,129,82,72
310,131,81,71
310,127,82,74
309,127,82,74
309,127,84,74
311,124,79,75
315,127,79,71
318,127,76,69
314,124,80,73
315,125,81,72
315,122,80,74
315,122,79,74
318,121,79,73
319,122,75,73
320,120,77,71
318,121,79,70
320,119,77,71
321,119,77,73
323,118,73,70
322,117,77,74
320,117,79,71
322,116,74,68
321,115,78,66
321,116,78,60
323,115,75,62
321,114,79,61
322,113,78,62
322,112,79,66
323,113,76,64
321,114,80,61
325,110,77,65
323,111,77,62
323,113,75,61
322,108,78,63
323,109,77,63
323,107,77,68
323,108,76,64
325,108,74,65
321,107,74,66
323,109,75,60
323,109,76,59
321,108,79,58
321,107,81,60
320,104,80,62
319,103,81,62
320,103,78,62
318,103,80,65
317,108,80,60
319,99,80,68
318,101,80,64
316,100,81,66
316,98,79,68
319,97,79,69
314,98,84,67
315,97,82,72
315,97,83,67
312,97,82,66
312,97,84,64
312,96,85,64
313,96,82,64
313,94,77,68
309,94,83,69
313,93,79,67
312,93,76,67
312,92,78,68
310,94,75,58
310,94,75,60
309,94,74,65
309,91,71,64
309,91,74,62
309,93,70,57
310,94,67,55
306,92,71,56
307,92,66,58
309,92,64,56
309,94,64,55
306,92,64,57
305,91,63,58
305,90,62,59
306,91,60,58
302,89,62,59
303,88,63,58
302,88,64,57
298,87,63,56
301,91,63,52
300,88,63,53
299,92,62,52
301,92,63,49
299,87,65,58
296,87,66,56
301,89,63,56
300,90,64,52
294,91,70,54
295,93,68,51
297,92,67,54
297,92,66,51
297,93,68,54
295,90,69,52
297,95,68,49
296,93,69,53
296,92,69,53
295,93,71,52
298,93,67,51
299,93,68,50
300,92,66,48
296,95,70,49
302,95,67,45
299,97,69,46
298,95,70,44
298,97,70,42
299,97,71,42
298,97,74,44
301,95,69,44
299,93,70,47
300,93,73,46
300,90,74,49
302,96,70,42
297,94,75,44
299,94,74,43
295,94,78,45
297,92,79,45
295,95,77,43
297,93,78,44
296,94,77,43
293,91,81,47
297,91,79,44
295,95,80,42
296,92,79,42
296,93,81,44
294,89,81,45
292,91,82,48
296,92,78,42
294,93,81,43
297,92,78,42
294,92,80,43
295,95,81,41
292,90,82,44
294,90,81,45
294,92,79,45
294,90,81,44
297,93,78,43
305,92,70,42
300,91,73,43
301,92,74,44
303,92,69,45
298,92,76,43
300,93,74,43
297,91,74,44
298,93,73,43
297,91,76,45
299,94,69,41
297,92,72,43
299,93,71,42
299,96,70,40
295,94,74,40
296,96,72,38
295,94,71,40
295,95,72,39
294,94,72,41
295,96,71,36
294,94,70,39
292,93,71,40
291,93,74,40
291,94,73,38
291,94,74,38
294,93,75,39
291,92,77,41
295,92,75,39
295,93,77,37
295,93,77,38
298,93,76,38
295,92,77,38
296,90,79,41
294,92,80,39
295,93,78,40
295,93,79,37
296,94,79,37
297,94,79,37
297,95,78,35
296,94,79,36
299,93,76,36
299,93,77,38
303,94,74,35
300,92,74,38
304,93,74,36
304,94,73,36
305,93,74,38
305,94,71,36
306,95,71,39
307,96,71,35
309,95,68,38
312,93,69,39
313,95,61,36
321,93,57,41
315,95,61,39
317,94,60,38
322,95,55,37
320,95,55,35
320,98,56,33
321,100,54,34
320,97,56,36
322,95,55,37
321,96,53,36
321,95,54,35
324,92,53,41
321,96,55,36
321,95,54,37
322,95,54,37
320,98,55,38
321,99,56,33
320,97,56,34
322,97,55,36
320,95,56,36
322,96,56,37
320,96,56,35
322,96,55,38
322,96,55,35
321,99,55,35
320,97,56,35
321,96,57,37
321,96,56,36
319,95,56,37
321,96,56,36
321,96,54,35
320,94,56,37
320,95,55,37
321,97,57,37
321,96,56,35
322,97,54,36
319,96,56,36
320,97,57,37
319,94,57,40
318,98,57,39
319,97,58,38
317,97,58,39
319,98,56,35
320,96,56,40
317,99,60,41
317,96,58,41
316,98,61,42
315,98,60,41
315,99,61,39
317,99,62,40
314,96,60,42
314,100,60,38
314,101,60,40
313,100,61,40
312,102,63,40
311,102,63,38
310,102,63,41
311,102,62,42
310,102,62,39
307,104,64,41
309,104,63,40
308,102,64,42
307,108,65,41
307,105,65,40
305,108,65,41
304,105,63,43
304,106,64,41
305,107,64,44
305,107,63,43
303,109,63,43
302,110,63,42
305,112,59,40
304,111,61,41
303,110,61,44
302,109,62,42
303,111,60,39
302,113,61,38
300,113,60,40
303,115,60,39
302,116,61,39
303,115,61,41
304,119,61,38
302,115,64,42
303,115,64,43
305,115,63,46
302,118,63,42
305,117,63,45
305,118,63,46
306,118,65,45
307,117,64,47
306,118,66,48
307,121,65,41
309,121,65,46
312,121,63,46
312,122,63,43
309,122,67,45
309,122,67,46
304,121,77,49
299,123,79,43
312,126,70,43
312,122,68,46
304,123,77,43
306,124,74,44
307,124,77,44
304,123,80,48
300,118,83,52
300,120,86,49
297,121,90,50
297,124,90,45
300,124,85,46
301,119,85,50
300,116,88,53
303,120,84,48
301,119,86,50
300,114,87,55
303,120,86,48
299,117,90,52
298,112,90,59
301,122,90,49
297,121,90,50
300,120,90,54
297,120,90,51
303,123,87,45
299,122,91,50
302,123,86,48
299,122,88,49
310,123,81,47
303,123,86,46
300,123,89,50
301,124,88,47
296,124,89,49
302,123,85,46
306,124,86,45
301,124,91,47
299,122,89,49
297,122,89,49
301,125,90,44
301,125,83,46
308,128,83,41
305,124,84,45
298,119,90,51
300,119,89,51
300,120,91,47
300,123,92,46
297,123,91,46
298,122,88,47
300,122,90,46
298,121,90,48
301,122,86,47
302,122,89,49
300,123,91,50
299,121,89,52
302,124,87,48
298,123,92,48
300,125,88,46
298,121,90,52
298,123,88,50
302,124,91,45
301,123,89,48
301,121,90,50
301,123,90,46
298,124,90,45
302,123,87,48
300,122,90,50
301,120,90,49
297,121,90,49
302,124,87,46
301,120,90,50
302,120,88,48
298,121,91,48
298,121,90,49
302,118,91,51
298,118,91,52
306,121,84,48
303,118,88,52
301,116,89,53
306,120,84,49
301,122,90,48
303,120,89,52
302,118,90,53
306,121,87,50
303,118,90,53
302,120,90,51
304,124,90,46
301,123,91,50
304,123,92,51
308,123,90,50
304,125,93,47
304,125,93,48
309,125,90,48
306,126,93,47
305,123,92,47
308,124,89,47
305,127,92,46
309,125,90,49
308,124,90,51
312,126,87,44
312,125,86,47
307,123,93,47
307,121,92,52
309,125,89,48
304,126,94,49
302,127,96,43
307,126,91,46
303,125,95,51
305,127,95,47
303,125,97,46
301,123,94,48
302,122,96,50
305,123,94,49
304,122,96,51
302,123,97,49
302,124,99,49
304,125,98,49
309,125,96,49
308,127,98,49
307,123,98,51
305,125,100,52
303,126,103,51
304,128,106,46
304,125,102,55
315,120,102,57
308,127,100,50
311,128,104,52
309,128,105,51
314,128,108,51
309,129,107,51
319,127,102,56
317,127,106,53
319,127,101,54
315,127,106,54
313,127,107,54
316,121,105,60
313,121,107,58
314,124,108,58
311,128,109,54
315,125,107,58
313,128,105,53
316,127,102,56
313,130,101,52
313,129,102,50
312,126,102,54
313,129,95,50
322,127,89,53
313,128,93,56
313,126,95,52
315,128,94,52
310,126,94,50
308,127,98,52
306,127,100,51
310,126,95,52
308,124,96,52
303,125,99,55
303,127,99,48
305,127,98,51
297,122,101,58
294,125,99,57
298,124,99,54
301,129,96,47
301,127,100,50
300,125,96,54
297,126,102,54
304,128,97,48
296,128,101,53
296,124,104,56
293,121,100,57
302,124,99,52
296,124,102,57
297,122,97,57
299,125,103,56
293,122,102,58
295,125,102,58
290,124,103,57
295,124,105,58
293,122,98,58
289,119,100,61
295,125,99,53
292,126,102,51
293,122,100,55
297,123,91,54
292,124,99,52
293,126,100,52
297,125,95,54
294,125,96,52
294,126,96,51
293,126,98,52
293,126,96,55
291,126,94,57
291,127,93,53
292,126,92,55
292,125,93,57
292,127,95,56
292,128,93,56
293,129,90,56
297,127,87,55
293,131,91,52
294,127,90,54
295,127,91,52
293,128,93,54
295,130,91,50
297,127,91,54
296,128,94,52
299,125,89,56
297,125,95,57
300,125,95,58
300,129,92,56
301,126,95,57
300,128,93,57
301,125,95,58
302,125,93,58
301,124,93,60
299,124,100,61
300,127,98,59
303,127,96,57
307,127,93,58
308,131,92,53
317,130,85,57
310,130,93,54
307,130,94,54
304,128,101,55
304,129,99,54
302,124,101,59
301,128,104,56
298,127,108,57
301,128,106,55
305,131,101,52
302,131,103,52
304,129,103,55
303,126,103,58
302,130,103,54
303,126,102,59
306,127,99,57
302,122,101,63
305,126,98,61
308,124,94,61
310,125,92,63
311,125,90,60
315,126,88,59
318,123,84,64
317,122,85,64
321,122,79,63
324,119,77,69
326,118,79,69
327,120,82,68
328,117,83,70
331,118,86,70
332,120,85,68
334,119,90,68
331,119,94,67
333,119,101,69
333,120,103,67
334,117,104,69
333,117,108,69
332,113,111,70
336,114,109,75
330,109,119,75
333,115,120,72
332,112,124,71
334,110,122,74
335,112,116,70
330,111,130,73
330,111,129,72
331,111,134,73
331,108,136,73
334,111,130,71
332,109,134,74
334,111,134,73
333,105,132,78
332,107,137,74
336,108,130,75
331,116,103,69
335,118,96,65
335,126,86,55
336,124,85,59
337,124,86,58
338,124,91,58
340,126,93,55
337,126,97,55
338,123,93,57
340,125,91,56
342,124,90,54
343,126,90,54
343,124,92,55
341,128,92,50
343,118,92,60
343,120,90,58
345,124,90,54
348,124,88,52
348,126,92,51
346,122,93,53
347,126,90,51
350,126,90,51
345,128,93,44
343,127,96,50
340,126,98,49
339,128,102,44
338,126,103,46
337,126,105,49
336,125,104,53
334,125,102,54
334,127,103,52
332,130,105,50
332,131,104,49
332,123,101,59
332,127,101,49
333,129,104,50
328,123,106,53
327,125,108,54
323,126,109,50
327,127,110,56
323,128,111,50
322,131,114,44
323,130,111,51
320,133,110,46
318,133,113,47
315,128,112,53
312,132,106,48
314,134,109,46
312,131,106,49
310,135,102,47
310,136,106,46
309,137,104,49
307,134,101,50
305,137,99,48
305,136,94,48
304,137,95,49
302,135,92,51
301,138,88,48
304,140,84,50
301,140,83,48
303,141,81,48
300,137,81,50
301,140,77,49
303,141,74,50
303,141,72,49
302,140,74,52
303,140,75,51
305,144,76,49
304,144,77,51
304,145,77,51
303,145,80,49
305,144,78,52
304,143,78,52
302,145,85,51
301,147,84,51
307,146,82,53
305,147,79,50
305,149,86,49
303,147,90,55
308,144,83,59
306,150,90,53
305,150,93,52
306,148,94,56
311,148,88,56
311,148,93,56
304,148,98,56
316,150,91,56
310,154,96,53
314,155,92,57
314,153,93,56
317,155,93,55
316,157,96,56
318,156,99,58
318,159,98,55
318,160,99,57
314,162,102,54
314,160,99,54
327,157,93,59
330,160,92,57
329,158,92,59
324,158,98,60
332,161,88,59
330,162,94,57
332,162,94,56
324,159,101,62
322,163,106,57
319,157,106,64
334,163,91,59
336,164,91,57
336,160,92,61
336,159,93,64
332,165,96,59
336,162,91,59
336,164,91,58
339,168,89,55
337,165,87,57
338,164,88,58
337,162,90,60
339,164,88,61
337,164,90,56
330,160,96,61
333,166,97,58
337,161,90,61
341,167,86,57
338,166,89,58
340,166,88,58
342,164,87,59
341,165,87,59
338,162,90,62
339,166,90,60
343,167,87,58
344,164,88,63
339,170,93,59
341,167,90,57
341,171,94,56
344,166,89,64
344,173,91,59
344,173,91,61
347,170,89,61
344,174,92,56
341,173,95,57
348,174,93,60
349,178,90,56
345,177,91,60
350,179,89,57
351,186,87,52
349,182,89,59
351,186,89,58
352,181,88,62
349,186,88,59
349,191,90,57
347,185,93,61
348,188,89,59
347,190,90,62
340,188,94,64
339,193,97,62
340,188,98,67
340,193,96,65
341,198,98,60
336,194,100,67
336,193,99,67
339,196,97,67
333,202,101,66
333,198,99,68
331,202,101,68
332,200,101,71
331,206,101,67
331,202,104,71
326,206,107,68
323,210,106,69
324,202,112,76
328,213,100,64
321,208,106,74
320,211,105,70
318,214,109,71
318,218,109,69
318,220,105,69
320,221,103,67
313,226,109,66
315,219,108,75
318,222,106,71
312,224,111,73
313,227,111,71
314,231,107,71
309,233,108,67
309,235,112,70
312,235,111,70
313,237,115,71
304,231,114,76
309,235,114,73
309,237,114,73
311,243,109,69
304,241,113,73
307,243,114,74
303,242,114,76
312,248,116,72
305,249,115,75
306,254,118,71
307,248,114,77
309,250,110,78
310,256,116,74
309,258,117,75
307,260,121,79
313,259,118,79
300,265,118,76
308,268,124,76
304,261,129,86
312,266,119,79
311,267,125,83
306,260,121,92
311,271,126,83
308,280,127,80
306,275,129,84
310,283,128,79
307,277,127,87
307,285,130,83
309,288,129,81
319,292,127,79
308,294,136,82
313,295,133,83
315,302,137,79
317,308,130,76
308,309,137,78
313,308,141,82
