219,221,53,85
222,228,53,82
227,233,54,84
226,244,55,76
230,257,51,80
234,261,48,82
232,259,49,82
230,258,50,85
231,259,48,84
232,261,48,82
233,262,47,81
234,261,47,82
230,263,49,81
232,264,49,80
231,266,51,80
233,266,50,74
234,266,48,75
230,268,50,75
230,272,50,68
231,270,49,71
233,270,48,69
232,270,48,70
228,267,53,74
227,270,49,71
225,271,52,69
224,268,50,69
228,269,44,72
236,269,36,75
243,266,28,77
253,265,22,78
254,265,24,77
252,266,30,77
252,266,30,76
255,267,26,75
257,270,22,74
258,265,21,78
259,264,21,78
257,265,22,80
259,268,22,77
260,269,24,76
264,267,25,78
264,270,22,73
261,273,24,70
263,275,22,67
263,276,22,66
262,277,22,66
265,276,21,67
264,275,21,70
264,274,22,69
263,275,21,70
261,276,23,67
264,278,22,66
263,273,22,72
264,273,21,72
264,271,21,74
263,267,21,78
261,263,23,81
264,264,21,82
264,259,19,87
264,261,20,83
266,261,18,82
263,260,20,84
262,260,21,86
261,259,21,88
262,260,21,84
263,261,22,83
264,261,21,81
264,258,21,88
264,262,22,84
265,266,21,79
265,266,20,78
264,269,21,75
263,273,25,71
259,273,32,71
253,270,40,73
248,273,48,71
251,269,50,75
249,273,48,74
249,272,46,72
249,271,46,74
252,272,43,74
252,274,45,69
253,270,44,75
254,271,42,73
252,264,44,79
252,263,44,86
252,264,45,85
251,262,47,85
250,266,48,82
252,261,46,92
252,264,45,86
250,262,47,89
252,262,44,85
253,262,45,84
250,261,45,85
252,260,44,86
252,264,43,81
255,265,40,84
256,264,37,81
263,269,29,79
263,271,24,80
266,269,20,83
265,266,24,87
257,267,35,84
251,273,43,73
247,267,48,77
247,268,48,75
247,268,51,76
247,268,48,74
246,269,49,74
246,270,49,76
248,270,46,75
247,268,48,78
247,269,47,78
248,266,47,79
248,264,48,82
248,262,45,83
248,262,46,81
249,265,47,82
246,262,47,84
246,262,48,83
249,260,46,84
250,261,46,81
246,263,47,81
246,268,48,77
247,272,49,72
246,271,48,71
245,272,51,71
244,273,49,69
245,267,49,76
248,261,45,81
246,266,47,78
249,262,47,84
247,262,48,82
250,261,43,84
247,265,46,79
249,264,46,86
247,264,49,82
247,262,49,84
248,256,46,93
250,265,50,84
251,262,47,85
258,266,38,85
262,265,30,84
266,269,25,85
265,269,29,83
257,275,41,76
251,274,49,77
247,269,54,85
250,275,57,77
251,273,52,79
250,273,54,80
250,275,55,82
250,273,53,83
247,279,59,77
250,267,53,88
252,261,55,95
251,267,51,88
251,265,53,92
252,269,53,90
255,272,49,83
254,264,51,92
256,269,48,87
255,266,51,90
252,269,54,89
252,268,51,88
254,266,50,90
257,268,47,89
258,266,44,93
252,265,53,91
253,265,52,94
249,263,56,90
249,269,58,89
250,266,55,91
248,268,59,91
246,268,65,89
248,267,56,89
250,266,54,89
248,266,56,91
251,268,56,89
248,266,58,89
247,268,58,91
251,267,57,89
247,265,60,89
251,266,55,91
250,265,56,90
245,267,62,89
250,268,58,89
250,268,56,89
248,266,59,87
249,267,56,89
249,265,56,91
252,266,54,90
250,268,57,89
247,267,60,86
252,268,54,91
248,268,57,88
250,264,55,89
249,265,55,89
251,268,56,92
250,267,55,88
250,266,55,87
250,268,54,88
248,268,57,90
251,269,55,88
249,266,57,88
252,267,54,90
251,268,56,88
247,267,61,88
249,269,59,90
249,266,57,88
249,266,58,92
249,268,57,88
249,265,56,90
252,265,54,92
252,266,54,88
250,267,57,88
249,268,57,89
246,268,59,88
249,266,55,90
249,265,57,91
250,269,55,89
249,267,55,90
249,264,56,92
250,266,55,90
250,264,56,91
250,268,54,86
249,264,53,88
245,263,54,89
240,259,52,91
227,260,53,86
219,262,49,86
211,263,44,86
198,260,40,84
190,255,33,87
190,255,33,87
164,243,33,86
154,240,37,76
142,235,44,80
137,227,51,85
136,222,48,79
134,218,49,76
137,216,51,75
142,211,49,75
151,205,45,75
163,197,38,80
178,190,29,80
190,187,32,77
198,184,39,77
213,182,43,78
220,180,43,79
226,177,48,80
231,174,53,82
242,177,49,78
246,178,51,81
249,179,47,79
250,177,53,80
250,178,50,77
248,177,44,75
245,175,45,80
237,174,50,80
228,176,52,78
224,179,49,77
218,177,46,80
205,184,54,78
197,184,59,77
187,188,57,79
180,194,57,79
175,197,53,79
169,199,50,80
163,200,47,80
159,204,45,78
161,204,37,79
162,202,32,83
160,206,28,78
160,205,23,79
161,202,23,81
155,198,27,82
149,200,34,81
142,200,41,84
140,205,41,79
133,209,44,83
126,215,48,82
119,223,50,85
115,231,50,81
111,235,46,83
104,242,53,81
103,240,51,83
104,243,49,82
105,244,47,82
106,245,46,79
114,243,45,75
120,244,41,73
127,243,42,72
131,241,43,72
135,240,48,71
153,239,41,70
172,240,31,70
184,241,33,69
195,236,31,72
212,234,28,71
223,238,29,68
240,232,24,72
255,229,25,72
266,227,25,74
280,229,25,67
280,229,25,67
300,226,25,69
303,227,29,66
309,230,31,64
318,229,29,65
323,223,28,67
324,223,27,68
322,219,29,72
317,215,30,76
304,216,34,74
299,215,33,78
283,213,36,80
264,210,39,81
250,213,41,82
223,212,52,82
202,214,54,82
177,216,56,85
152,220,60,91
120,225,68,91
107,228,59,90
91,230,51,96
53,237,68,93
24,233,73,92
7,243,69,83
5,243,69,89
2,250,64,85
2,253,59,86
8,260,62,83
18,260,59,83
33,264,54,85
51,267,48,78
74,265,41,74
94,264,37,71
109,257,38,66
126,251,36,65
145,245,33,67
160,237,33,65
177,234,31,63
193,235,27,57
202,229,29,61
215,228,24,60
224,230,25,61
234,235,22,61
240,235,23,69
243,242,23,73
251,246,19,73
253,250,18,75
254,252,19,72
253,254,20,71
253,253,19,71
252,253,21,71
252,253,20,71
254,252,20,70
252,250,21,70
253,252,19,71
253,252,19,72
252,252,20,72
253,252,20,72
253,250,20,73
251,254,22,71
253,251,21,73
253,253,20,72
253,252,20,74
254,253,19,74
252,252,20,71
253,255,20,68
252,253,20,69
254,252,20,72
253,251,21,73
254,252,19,71
252,255,20,70
252,251,20,71
252,254,19,70
254,254,20,70
252,252,21,71
252,253,20,70
254,254,19,68
252,252,19,71
253,254,20,71
252,253,20,72
251,255,21,69
254,254,18,71
252,253,20,70
254,254,20,69
253,253,19,73
254,252,19,71
253,254,19,70
251,253,21,69
252,255,21,68
253,254,20,70
251,254,21,69
253,253,21,72
251,251,21,72
252,250,20,73
252,251,20,75
252,251,20,72
252,252,20,73
252,251,20,72
252,253,21,74
255,253,17,73
253,251,19,74
252,253,20,72
252,253,20,71
253,251,21,73
253,252,21,72
251,252,21,72
253,253,20,71
252,253,22,70
253,254,20,72
254,252,19,70
252,252,21,73
254,253,21,69
252,250,20,72
253,253,20,72
251,252,20,74
253,253,20,71
252,252,20,71
253,251,19,71
253,253,21,73
252,253,20,71
253,251,19,72
253,253,19,72
252,252,20,71
253,255,20,68
253,256,20,69
252,254,20,68
252,255,21,69
250,256,22,69
251,255,21,66
252,256,21,66
255,256,19,68
252,254,21,68
252,256,20,69
252,253,22,71
245,257,28,68
235,257,34,65
223,256,43,65
215,263,47,57
210,274,48,49
218,278,37,47
218,278,37,47
217,286,38,40
216,291,40,33
213,292,41,30
218,296,39,29
215,298,39,25
214,297,39,25
216,298,39,25
214,298,40,24
214,299,39,24
217,299,38,23
216,299,38,24
217,297,36,23
216,297,37,24
218,298,35,25
214,298,39,23
215,298,38,23
216,299,38,22
216,298,39,24
214,298,40,24
214,299,39,22
216,298,38,23
216,297,39,23
215,298,37,25
215,298,38,22
216,298,39,23
215,299,38,24
215,299,37,22
216,298,37,22
212,298,39,22
205,297,39,25
200,295,38,26
197,290,40,30
197,283,42,38
191,271,46,49
180,259,51,58
177,255,39,66
165,247,35,67
145,238,38,67
126,229,48,67
114,220,52,68
116,213,51,64
124,204,46,69
136,200,43,72
141,192,49,72
153,187,49,72
158,181,52,72
160,171,55,74
154,160,56,79
148,157,54,78
139,156,52,74
123,153,54,75
109,151,59,74
101,154,56,74
84,152,64,78
79,156,66,74
77,172,58,66
77,166,59,77
82,174,57,80
91,183,51,78
96,186,47,78
98,192,44,79
95,191,43,80
88,193,43,81
78,197,43,78
69,189,50,79
57,177,59,83
56,162,63,91
56,145,70,91
70,125,71,91
87,101,77,87
94,80,86,87
93,66,103,101
98,63,118,101
80,44,97,101
