227,68,109,68
227,74,108,64
226,74,106,65
219,76,108,65
217,76,109,65
212,76,112,68
215,79,107,67
207,82,107,65
202,83,105,64
196,87,108,65
194,90,109,64
186,91,110,63
182,92,109,63
177,92,109,66
173,92,105,68
170,93,109,66
165,93,110,66
161,94,107,64
159,92,106,68
155,91,100,65
151,95,105,62
145,93,110,63
142,94,106,61
138,92,109,61
134,94,105,61
134,93,99,63
131,94,101,62
129,94,104,62
127,97,101,61
128,97,96,59
127,97,96,60
126,96,96,61
123,98,98,59
123,96,95,61
124,95,98,61
126,95,93,60
128,95,96,62
127,93,97,59
130,94,93,57
131,92,96,57
131,93,97,60
134,93,93,58
133,92,94,58
136,92,92,55
141,94,89,57
139,92,93,58
142,93,94,58
144,93,90,56
147,94,91,56
149,91,91,58
153,95,83,54
154,92,89,57
154,92,89,55
154,91,93,56
156,91,91,54
158,89,88,55
156,89,95,55
157,90,91,57
155,88,94,56
155,89,93,57
153,89,91,56
153,88,90,57
156,89,88,55
153,88,88,56
153,87,90,57
153,89,88,56
155,91,84,56
150,91,90,55
152,92,90,57
148,90,95,58
148,92,91,56
147,92,93,58
146,92,91,56
149,92,87,55
146,90,94,57
149,90,86,54
147,89,90,59
146,90,87,54
146,91,88,57
143,89,93,59
144,87,90,58
146,90,90,58
144,91,93,55
147,90,90,55
144,90,98,57
143,90,94,56
144,89,95,57
144,88,95,60
143,89,96,58
146,89,92,62
145,88,93,58
145,90,97,58
147,89,93,62
147,89,94,59
147,90,95,60
147,90,97,58
150,90,95,58
150,90,96,60
150,90,96,59
150,90,96,57
151,90,95,60
149,90,98,58
150,91,95,59
149,90,94,58
149,90,96,59
149,92,99,58
148,92,99,56
148,90,98,56
150,91,94,58
148,93,100,58
146,91,102,60
147,90,99,60
147,91,98,59
146,92,99,60
147,91,96,61
150,92,95,58
150,91,91,58
153,92,90,58
149,91,95,61
149,91,97,60
150,92,95,60
142,92,105,59
151,93,91,57
151,94,90,57
159,92,85,59
154,91,92,58
150,91,95,61
157,93,87,57
151,93,96,62
155,91,91,60
152,92,97,64
152,92,99,59
151,92,98,63
153,92,96,62
153,93,95,61
153,93,94,61
156,92,90,61
156,93,90,60
157,90,92,63
154,93,98,61
155,93,97,62
152,92,104,64
154,92,104,63
154,91,104,61
151,90,111,62
151,93,107,64
152,92,115,70
151,92,110,64
153,92,104,62
155,92,100,64
151,92,109,65
150,91,112,68
151,91,114,74
151,90,113,75
149,88,124,83
149,88,136,90
150,87,148,87
149,89,141,82
147,93,136,87
151,90,132,99
151,86,140,78
146,90,130,68
144,94,123,63
147,92,126,64
148,94,114,61
148,92,115,64
148,94,117,63
147,91,117,63
149,93,110,61
147,93,117,65
149,94,112,63
149,95,118,62
146,96,114,63
146,96,121,62
148,96,115,63
146,96,122,62
146,95,114,64
146,97,116,62
143,95,116,62
149,95,112,61
143,97,118,62
148,96,118,61
145,96,117,60
146,99,118,58
145,97,117,60
145,98,116,59
145,98,116,61
142,99,117,61
147,98,120,60
145,99,115,59
146,100,117,58
145,101,119,59
144,101,117,57
144,101,119,57
146,102,120,55
148,101,116,56
146,101,118,57
147,102,120,56
148,104,117,53
148,105,117,52
153,106,113,50
146,107,118,51
149,107,117,51
152,105,115,51
152,106,113,52
150,107,118,51
150,108,119,50
151,107,116,49
150,107,117,48
154,110,116,47
152,108,120,49
155,110,116,48
156,108,119,51
158,108,116,49
156,109,120,51
159,107,119,49
157,109,118,49
161,109,115,48
163,109,114,47
162,107,118,52
163,109,117,48
166,109,116,49
170,109,112,49
170,107,114,50
171,108,113,53
173,107,115,49
173,108,115,52
175,110,117,48
175,109,117,51
176,110,119,50
177,108,119,53
178,108,120,55
179,110,120,52
182,107,120,56
183,107,121,58
187,110,118,55
193,111,119,51
194,112,119,55
197,113,117,62
192,113,126,47
196,113,123,52
199,112,120,58
200,113,122,63
193,114,132,75
198,114,127,64
202,113,126,44
203,113,129,48
208,114,124,47
207,115,127,47
208,116,127,45
209,115,127,48
211,114,123,50
215,115,119,46
211,116,128,47
212,117,125,45
222,111,120,51
226,114,116,47
222,111,119,49
227,113,124,48
225,115,123,48
234,113,120,50
233,114,116,51
239,113,117,52
243,114,122,52
242,115,121,50
248,114,115,50
243,115,120,49
249,117,116,50
258,115,108,52
266,117,107,48
265,115,111,51
267,115,107,54
266,114,116,55
263,116,117,53
275,117,109,53
274,114,111,51
273,115,109,56
276,115,110,50
276,114,107,52
282,110,103,59
285,112,101,58
283,110,103,59
277,111,106,59
279,112,106,55
287,107,97,67
283,107,105,68
281,111,103,58
289,108,103,67
284,106,105,66
285,105,107,70
291,107,104,70
290,106,103,61
298,105,102,69
295,104,107,73
298,102,105,70
297,104,107,73
301,101,115,69
304,106,106,69
302,106,108,65
304,107,106,60
305,108,109,65
308,108,106,62
315,108,105,60
314,109,105,67
318,107,108,62
318,111,109,62
323,109,107,61
325,109,107,61
329,107,104,62
331,107,105,61
333,105,106,64
337,104,110,65
338,104,107,63
343,103,107,64
348,105,101,63
353,101,107,66
355,105,105,66
359,102,103,64
361,103,104,66
364,105,106,61
368,105,106,63
372,106,103,62
375,106,102,62
378,107,109,63
378,104,107,64
383,108,105,65
386,107,108,62
389,111,104,59
392,108,104,64
391,109,108,61
393,111,104,60
400,109,104,62
401,111,104,61
402,108,106,62
406,110,102,63
411,110,106,60
415,110,108,58
415,109,108,60
420,110,106,57
416,113,111,60
422,111,106,59
419,111,111,62
428,112,107,59
426,113,107,58
428,112,106,57
427,113,104,58
426,112,105,63
430,111,105,61
433,111,104,59
428,111,106,63
432,111,105,64
432,114,109,59
428,113,105,59
433,113,103,62
431,116,104,59
434,117,102,60
435,115,102,59
433,117,102,57
437,117,101,58
434,118,101,57
441,119,100,57
436,119,101,56
441,117,99,56
437,119,104,56
439,120,103,55
437,120,105,55
441,120,101,54
440,119,100,54
441,119,100,54
439,120,102,55
442,119,103,57
443,119,101,56
445,118,99,55
444,119,103,56
447,119,96,59
449,120,95,55
449,120,97,58
448,119,96,58
453,118,90,57
452,119,94,57
449,117,91,59
451,119,90,58
449,117,91,61
451,115,88,60
451,118,92,61
454,116,86,58
450,115,90,63
449,114,87,63
448,113,92,63
449,111,89,64
449,112,90,64
447,115,92,64
448,113,88,63
448,114,87,62
446,112,88,67
446,110,90,68
446,110,88,65
446,107,90,69
445,107,93,71
454,109,83,67
450,109,86,69
451,108,84,68
444,109,94,68
441,106,97,71
441,105,93,72
445,104,93,73
440,105,99,73
441,105,99,72
440,103,99,73
444,103,96,75
442,103,100,76
443,102,103,76
438,105,107,74
445,104,100,76
440,103,103,76
442,102,103,76
437,103,109,78
443,102,105,76
439,102,109,77
443,103,105,76
440,102,108,76
440,103,109,77
438,104,111,76
438,103,112,77
439,106,110,76
442,104,111,75
439,105,114,76
441,105,110,78
437,105,116,78
439,103,115,79
439,106,116,77
441,104,115,79
439,104,116,79
442,104,116,80
447,104,110,76
446,105,111,77
444,105,113,76
442,106,114,77
441,108,121,79
445,106,116,78
442,110,120,76
449,107,114,78
442,105,120,78
445,108,116,79
443,110,119,79
447,110,116,76
444,108,121,79
443,106,121,79
442,107,121,80
448,109,117,78
445,109,120,78
444,108,122,79
444,111,122,77
442,109,125,78
447,109,118,77
455,107,110,77
449,106,114,80
448,109,119,74
446,109,120,79
449,110,118,75
447,108,123,78
443,109,125,79
452,109,116,76
453,109,115,76
458,108,110,77
461,107,108,77
456,111,112,75
448,109,122,77
461,110,111,77
451,110,118,78
456,111,112,74
457,110,112,76
460,114,108,74
456,112,113,75
453,112,114,74
455,114,116,73
462,113,105,73
463,111,105,72
466,113,100,71
465,114,103,70
467,114,100,71
466,114,101,70
459,115,107,68
465,117,104,68
466,117,102,70
466,115,101,70
468,115,100,69
466,112,103,72
464,113,106,66
467,112,105,72
464,110,107,72
461,110,106,73
458,110,110,74
462,109,105,69
464,110,103,70
464,105,102,77
461,105,104,73
466,108,96,68
466,108,99,69
464,108,102,72
464,108,101,71
463,107,102,69
464,107,104,70
464,106,105,71
460,104,107,72
465,103,99,70
468,105,94,70
468,105,98,70
463,105,105,70
467,104,100,71
467,103,100,72
466,105,99,68
463,106,106,69
468,105,100,64
469,105,95,67
469,104,98,66
466,105,102,69
465,105,102,66
465,105,102,65
463,105,105,65
464,106,105,66
461,105,105,62
466,106,98,60
464,106,103,62
464,107,105,60
461,104,106,63
465,105,102,62
463,105,104,63
464,105,103,62
462,104,106,64
461,104,106,62
462,105,102,62
465,103,100,61
470,104,95,62
464,105,102,62
467,104,100,60
464,107,104,63
457,106,110,61
461,106,105,60
461,106,102,60
457,108,109,61
458,107,108,60
460,108,104,59
458,109,107,58
460,110,105,58
458,108,103,59
460,108,102,59
462,110,103,55
461,110,105,56
458,108,106,55
460,110,102,54
459,110,103,54
458,111,106,54
460,108,101,56
452,109,107,54
452,109,108,52
454,110,107,50
452,111,110,51
452,110,104,51
453,111,103,49
448,110,110,53
455,110,105,53
453,111,106,50
451,111,109,51
451,111,107,51
454,111,104,51
455,113,101,49
450,113,105,49
450,113,108,49
448,114,107,50
450,113,106,50
447,112,105,50
449,114,102,48
446,115,108,47
448,114,98,49
452,114,97,48
452,114,94,49
450,115,98,49
448,114,97,50
454,115,93,49
450,114,96,48
448,116,95,49
449,114,95,49
447,117,96,46
443,118,99,47
442,117,103,47
445,116,96,48
452,119,91,45
442,115,104,52
435,117,109,49
434,117,109,48
434,119,107,46
435,120,108,44
431,121,108,43
443,121,100,43
445,121,97,41
449,120,94,42
447,119,94,41
449,119,94,41
447,120,97,40
443,119,100,40
436,119,107,39
446,119,100,40
449,121,96,39
452,121,94,39
452,120,92,39
453,121,92,38
450,120,93,39
452,121,94,38
455,120,89,39
452,119,95,39
453,120,93,37
448,120,93,36
454,121,91,37
451,122,90,37
452,122,96,32
452,122,94,35
452,125,90,32
455,125,91,31
456,129,88,24
453,130,89,23
453,131,89,24
452,134,92,23
451,133,91,25
450,135,89,23
452,134,90,23
450,137,91,24
450,136,89,31
445,137,92,28
446,139,91,23
447,138,90,31
443,137,92,33
444,138,92,38
441,139,92,36
446,140,90,37
443,141,92,38
434,142,98,38
435,143,98,40
441,145,94,38
436,146,98,38
438,148,99,37
430,147,105,38
435,149,99,38
437,150,94,38
435,152,94,39
436,152,97,38
435,153,96,37
427,153,104,36
430,154,97,39
434,156,95,37
429,157,100,37
425,158,101,36
428,159,96,39
423,163,99,36
423,163,93,38
421,166,96,37
420,168,96,37
420,171,93,35
422,172,89,37
417,174,90,37
417,179,90,34
419,179,87,35
418,179,86,36
415,180,89,35
412,182,90,36
413,183,88,35
409,184,89,33
407,189,94,35
404,188,93,31
409,192,89,31
405,191,90,32
400,192,93,35
403,193,87,38
402,194,87,36
399,195,91,34
400,195,85,39
398,199,88,32
400,200,85,38
398,202,86,35
394,202,89,35
394,204,88,33
386,204,94,36
386,206,92,37
379,206,98,38
376,208,99,37
371,210,104,36
369,211,103,39
362,213,107,41
360,214,108,43
370,218,101,42
364,216,104,43
367,219,100,38
372,222,97,37
368,220,97,39
370,218,101,44
368,220,106,44
363,217,111,50
356,220,117,46
355,220,118,47
347,225,122,44
356,226,108,45
357,226,103,47
357,227,104,49
357,224,102,53
354,220,103,59
356,214,97,66
351,207,102,74
353,204,98,82
354,205,94,80
355,206,97,81
353,206,95,79
354,204,92,85
352,205,91,83
356,204,89,86
355,205,91,83
355,208,89,79
353,207,93,85
353,205,88,85
355,210,90,85
355,205,85,85
355,208,86,87
356,207,83,88
355,209,82,87
352,209,82,90
354,211,80,88
353,213,80,87
355,212,76,89
353,213,79,88
354,211,77,92
355,210,70,93
354,209,74,97
352,209,72,95
354,209,72,95
353,210,71,98
352,211,75,95
354,212,71,94
355,210,71,98
355,209,66,101
356,209,66,99
355,210,70,99
357,212,68,97
357,210,65,100
358,211,66,104
356,210,65,103
358,212,61,103
357,212,65,107
358,213,63,103
357,211,58,104
350,211,65,108
357,212,60,106
357,211,61,111
360,211,56,113
360,213,54,108
360,214,51,106
357,215,56,106
360,219,51,103
345,213,66,113
341,217,67,107
336,224,71,103
348,216,63,109
333,244,72,86
337,227,68,100
352,215,61,114
350,212,61,111
340,213,71,118
341,214,69,113
354,215,61,120
355,214,56,118
360,212,50,120
360,214,51,120
358,216,54,118
357,217,55,119
357,214,55,116
355,213,59,119
356,216,55,115
355,217,56,112
354,215,58,114
354,217,54,109
353,216,57,115
352,215,54,112
351,218,55,108
348,216,60,112
346,217,61,111
343,215,63,111
343,215,61,109
342,212,62,116
339,212,63,116
339,213,62,114
335,210,63,113
333,214,65,112
333,211,67,117
331,210,68,117
332,208,63,116
329,208,68,119
326,210,68,116
328,209,65,116
327,209,71,119
327,209,74,114
325,210,73,116
322,207,76,117
325,209,74,118
327,208,76,114
324,208,82,115
324,207,83,119
324,207,75,117
324,209,80,115
321,208,81,117
323,209,76,114
320,209,80,114
324,209,71,115
324,207,71,117
320,208,78,115
321,207,73,117
320,207,73,117
322,209,76,119
319,208,80,116
322,209,75,113
323,210,73,114
321,206,73,119
321,208,75,118
323,208,70,119
319,207,74,119
320,208,76,116
315,207,80,116
319,209,73,116
319,211,74,115
321,210,74,116
317,209,76,116
321,205,75,122
322,206,70,117
320,208,75,118
324,207,70,120
319,207,76,120
320,208,76,113
323,207,70,118
321,207,75,119
324,206,72,119
322,209,75,115
319,209,79,117
320,210,76,117
318,207,80,117
323,207,78,122
322,206,77,119
321,207,81,117
321,205,80,118
320,211,84,115
322,208,76,118
323,207,76,116
323,208,77,116
326,207,76,116
317,209,84,115
325,203,70,122
324,207,72,118
321,208,78,116
322,208,75,114
322,208,76,116
323,205,74,117
323,205,77,117
324,203,75,118
326,207,76,117
321,206,82,117
319,203,82,118
322,208,82,115
322,205,80,118
323,206,79,116
323,206,79,118
323,205,79,119
323,206,77,117
324,206,79,113
322,207,85,113
323,207,82,114
322,205,81,114
319,207,87,112
322,208,85,111
321,207,86,111
321,207,86,111
318,208,89,111
324,208,83,110
322,207,83,111
324,206,82,111
321,208,88,113
319,208,86,106
319,210,89,104
320,206,88,111
321,207,85,109
320,208,84,109
318,206,86,109
323,206,87,111
322,206,83,112
320,206,88,111
323,210,85,109
318,206,87,108
320,209,86,109
322,207,85,110
320,207,85,107
320,206,85,109
321,208,82,109
319,208,83,109
322,205,77,109
318,206,80,109
323,208,74,108
319,207,77,108
322,208,72,109
321,207,73,112
322,207,67,109
321,205,66,111
322,205,67,106
306,206,79,109
304,206,79,108
298,207,85,109
306,204,73,113
301,206,78,109
302,207,77,110
302,208,73,108
298,209,77,105
286,208,87,108
284,208,87,110
289,208,85,111
285,208,86,110
280,206,87,111
295,203,75,111
279,210,91,104
276,207,90,113
283,206,84,110
279,206,87,112
287,207,81,111
285,206,83,102
282,204,86,101
271,210,94,104
275,210,89,107
274,208,87,106
272,210,89,105
267,206,95,100
264,210,98,98
263,206,100,97
257,209,105,96
247,205,111,92
256,207,105,96
252,226,101,82
256,221,103,83
243,215,114,77
232,214,125,83
228,205,126,90
222,203,133,93
213,201,143,92
214,205,147,99
214,198,147,101
212,198,148,104
214,195,144,108
222,202,137,108
221,199,135,112
215,191,143,120
221,191,140,121
217,190,142,120
214,188,148,119
219,200,139,112
205,193,155,121
206,192,157,124
208,171,152,137
203,150,158,155
199,140,156,164
196,137,158,160
198,134,155,177
189,137,166,158
193,135,165,173
191,139,168,163
194,138,164,174
191,135,169,167
192,135,167,158
190,137,167,165
189,135,168,165
189,137,169,156
183,137,176,153
186,139,168,141
180,147,184,154
184,137,177,158
181,136,180,169
178,138,184,165
179,142,182,173
175,144,184,185
176,142,186,199
175,140,185,207
169,138,193,204
167,138,193,207
163,137,195,208
163,141,194,206
161,140,197,204
161,137,194,210
160,143,196,195
150,142,211,192
152,138,207,200
154,138,206,203
144,141,215,192
155,142,208,196
146,143,218,183
140,145,215,186
135,143,227,186
127,145,232,193
129,143,243,190
126,149,234,188
118,141,250,185
120,144,243,189
119,145,251,188
117,145,249,185
112,143,255,192
105,145,260,189
104,144,260,189
102,141,264,194
97,148,268,182
98,154,268,172
93,143,270,185
91,137,272,198
81,151,286,176
83,152,285,176
76,149,287,174
82,150,281,176
82,155,284,174
75,151,290,172
74,145,291,183
75,151,297,180
67,152,292,173
73,144,284,185
76,151,289,181
66,151,293,172
69,148,289,180
75,148,285,172
67,153,295,170
72,155,290,167
63,148,294,176
61,148,298,178
63,154,294,168
61,154,305,170
63,151,301,173
60,156,302,166
51,162,306,160
51,150,311,180
53,155,304,184
47,161,308,169
47,148,320,182
45,153,320,180
57,146,300,197
53,154,310,177
49,147,312,189
54,155,304,177
47,159,313,169
47,153,310,172
46,156,319,170
47,157,315,172
52,143,310,185
58,153,305,177
49,153,314,174
51,158,311,169
49,153,315,174
47,149,313,177
51,154,318,173
48,162,316,162
47,149,318,183
52,153,308,172
45,158,314,169
49,153,324,178
53,158,309,170
54,161,307,164
62,149,304,179
57,159,307,166
58,159,302,167
64,147,299,181
64,158,304,169
53,161,315,160
61,168,296,151
58,154,305,166
57,159,301,163
59,151,305,173
58,163,306,162
58,153,302,173
51,153,311,176
57,156,301,167
59,154,307,168
57,158,302,173
58,145,311,187
61,159,305,166
61,154,308,172
50,152,313,175
58,154,303,171
56,149,309,178
64,156,302,175
54,152,305,171
54,160,310,161
54,146,315,181
54,151,307,181
59,144,304,190
60,160,303,166
58,146,296,175
64,150,296,178
58,165,304,158
65,154,302,170
60,156,299,170
62,156,304,174
53,157,305,163
62,146,308,182
60,160,302,161
68,157,297,167
64,154,300,170
56,161,308,163
59,159,304,168
61,152,304,170
66,152,297,174
61,157,304,167
76,149,288,176
68,154,298,168
65,155,297,169
77,154,289,172
55,156,308,172
63,151,304,177
63,158,300,161
62,161,307,163
70,160,300,162
53,147,311,178
67,156,295,171
59,161,306,161
56,164,315,162
70,161,293,162
55,168,313,157
51,155,317,173
71,168,292,159
75,148,293,180
46,162,316,164
49,145,321,188
57,166,311,162
48,155,318,172
48,173,311,153
56,155,311,175
81,146,285,191
135,141,228,205
158,138,207,200
160,137,201,209
162,135,198,208
162,135,199,215
159,136,208,204
164,139,193,198
164,137,196,206
161,131,201,216
178,135,181,213
176,136,184,210
181,133,179,219
175,137,189,214
186,134,174,207
178,135,185,209
177,129,186,220
187,134,177,213
193,136,173,217
188,136,180,218
189,137,182,213
184,137,187,205
180,137,195,223
199,139,179,200
208,133,170,218
203,135,183,223
213,134,174,213
208,138,171,214
217,133,171,220
212,129,179,217
215,136,178,222
201,134,199,218
211,137,186,208
213,136,190,219
188,139,215,214
216,138,188,211
224,136,183,216
222,139,183,218
220,127,187,222
229,142,179,217
224,141,187,225
214,130,198,228
223,140,189,220
207,132,206,223
237,116,174,232
230,133,190,221
226,137,189,218
234,132,180,222
235,126,178,237
237,128,181,229
236,123,182,234
236,138,178,220
242,143,175,212
245,140,175,208
247,143,174,223
243,132,179,214
241,141,176,221
249,136,171,214
255,135,166,212
253,138,162,214
260,131,159,218
258,139,155,206
255,135,164,211
254,141,156,206
255,136,157,208
257,134,157,209
257,132,159,216
253,136,156,203
264,132,145,202
267,135,145,178
255,133,156,144
253,138,153,123
253,135,154,116
253,138,159,112
249,141,158,109
248,136,161,109
256,134,164,102
255,135,149,103
250,136,158,101
252,134,151,101
253,132,145,103
249,134,149,101
244,131,150,106
247,130,148,101
248,131,140,96
249,131,132,98
245,132,131,93
239,131,126,93
240,134,125,92
244,129,120,92
239,129,122,96
241,126,119,96
246,129,103,100
244,122,108,96
242,125,105,96
241,125,100,95
239,125,93,91
239,127,91,89
239,124,84,95
242,127,95,87
239,127,93,89
238,127,84,88
239,131,86,83
240,132,81,84
240,137,82,79
244,138,79,79
248,130,82,86
249,129,79,88
247,127,87,87
247,130,82,88
249,137,83,83
252,129,94,93
255,133,82,87
257,130,90,95
257,134,90,87
259,134,97,90
261,132,98,92
261,130,106,95
264,136,84,84
265,128,85,93
266,135,93,89
265,133,93,92
265,135,96,91
261,133,102,95
265,136,112,88
248,127,126,104
241,131,146,93
237,133,159,95
236,133,158,86
234,135,160,94
239,135,158,83
243,135,153,96
244,136,156,79
246,134,155,94
245,134,155,85
246,133,158,100
247,129,155,104
248,134,160,105
246,133,167,89
250,132,162,102
251,131,167,98
252,134,164,109
258,131,163,100
249,131,175,110
258,132,176,118
258,132,179,104
266,132,173,108
271,132,169,113
276,129,173,120
283,129,172,120
285,135,167,133
288,130,179,157
288,132,187,186
286,121,190,224
295,112,188,241
295,77,199,266
296,75,209,273
296,76,213,274
293,80,220,275
301,79,221,272
302,93,224,263
303,86,237,263
302,85,255,266
285,100,292,246
271,111,316,242
286,107,296,238
265,112,315,231
272,110,313,238
272,114,312,228
272,116,322,232
287,118,311,226
279,117,326,227
283,126,321,225
289,127,314,225
287,126,327,239
285,122,330,198
289,131,334,216
293,125,330,234
293,120,323,232
303,129,322,223
293,128,329,210
293,125,328,226
299,131,326,226
297,126,322,233
302,129,331,223
306,129,321,226
298,129,324,230
303,125,324,210
