274,214,77,125
271,221,81,118
273,228,75,112
271,216,72,124
272,214,76,123
276,215,77,127
272,215,76,125
273,219,75,119
272,227,76,111
270,223,80,113
269,220,75,117
269,223,73,113
275,227,76,111
269,222,77,115
271,230,77,108
273,234,78,104
273,237,80,100
271,237,81,102
272,231,86,105
271,233,80,103
274,244,75,92
274,232,78,103
276,227,77,106
275,222,77,113
273,233,76,102
275,229,76,109
273,229,79,108
272,221,76,117
276,224,84,113
270,226,97,118
269,228,103,116
270,214,104,125
271,219,113,119
277,227,114,103
290,217,117,111
302,221,111,111
307,208,109,114
316,201,109,120
326,195,100,119
335,196,90,115
333,188,92,111
335,179,88,119
336,183,86,108
335,176,84,107
338,164,78,110
241,194,87,109
239,192,92,108
244,188,91,111
255,202,85,103
258,199,78,103
257,210,88,93
259,212,85,90
258,210,86,95
262,216,85,93
265,220,81,91
269,218,85,93
270,219,79,94
274,212,73,102
274,216,70,95
275,218,70,94
274,214,69,96
274,212,71,98
272,211,73,99
273,205,71,103
273,212,74,98
272,205,73,103
273,204,75,104
271,206,74,102
270,202,70,102
272,196,72,113
270,191,76,118
272,199,72,110
271,203,73,105
276,190,69,120
269,199,79,110
273,201,70,108
274,206,73,103
271,213,70,94
271,220,72,89
272,220,71,89
275,223,67,87
275,226,67,84
275,223,65,85
274,217,71,91
280,217,74,93
280,209,73,100
282,211,79,99
281,217,86,94
287,221,88,91
295,226,88,89
298,228,86,89
304,221,82,95
305,226,81,96
305,232,78,95
302,242,79,88
301,247,78,85
302,249,76,84
303,247,75,86
303,242,74,95
300,244,76,91
299,242,76,96
300,240,84,98
303,227,76,109
300,231,76,106
301,224,75,112
300,222,80,119
302,215,73,121
300,213,77,124
302,212,73,121
300,213,76,120
303,205,74,130
301,206,78,129
302,202,76,131
300,209,78,125
304,223,74,113
301,209,74,125
300,208,75,123
302,210,74,128
301,213,77,121
301,210,75,123
301,210,78,124
303,215,74,123
302,218,75,118
301,215,73,118
303,220,74,117
301,212,75,123
303,213,70,119
303,210,77,127
297,195,85,138
295,199,80,132
292,201,80,139
295,208,80,131
295,203,81,133
291,199,84,134
290,199,91,142
290,197,92,142
290,194,86,142
294,197,87,139
293,199,88,136
290,193,89,142
290,200,91,139
293,203,83,139
296,202,82,136
288,198,90,138
290,188,90,149
287,197,92,141
289,184,90,154
285,176,90,161
288,177,86,163
281,165,90,172
284,170,94,168
284,162,90,176
285,177,94,159
291,191,88,145
289,193,88,144
290,198,84,143
291,197,90,140
290,201,87,133
293,202,85,135
293,206,86,131
293,205,82,129
290,203,90,131
297,204,79,134
298,201,77,128
303,212,74,123
303,206,77,133
300,202,79,129
300,206,75,129
302,205,79,132
303,208,74,124
302,210,76,125
301,209,77,128
300,216,78,119
300,219,79,114
302,220,78,115
300,221,79,118
302,219,77,119
299,212,76,125
303,217,75,120
303,219,76,116
302,223,74,113
304,222,74,113
301,216,79,122
303,217,75,117
298,209,79,125
303,218,70,113
303,220,72,118
299,214,72,120
300,217,74,116
300,212,79,124
297,209,81,123
301,211,74,122
304,213,70,122
297,202,79,133
300,215,77,120
300,214,80,121
302,215,77,121
300,208,75,123
303,209,74,126
300,210,75,123
300,208,76,126
299,207,77,128
301,208,77,126
304,209,71,123
300,212,78,126
303,209,72,127
300,206,78,128
300,210,78,127
300,214,74,121
302,217,75,118
301,216,76,120
297,213,80,122
302,213,77,123
303,223,73,113
299,227,74,106
304,214,71,120
299,215,77,123
305,211,71,125
302,215,76,121
301,217,75,117
300,213,76,120
302,217,74,116
302,218,73,114
303,212,71,121
298,215,79,123
302,219,75,120
302,209,72,128
302,211,77,124
298,210,78,124
300,204,80,134
301,209,75,124
300,210,75,119
302,216,73,121
297,207,77,127
302,203,74,132
301,204,76,134
300,199,77,135
297,197,81,141
301,198,75,141
300,202,75,131
301,203,75,135
301,199,79,137
303,204,75,133
302,201,76,139
299,200,81,134
304,197,75,142
303,195,74,140
302,191,77,150
304,194,75,144
302,193,76,142
302,198,73,138
302,200,75,133
299,206,80,136
303,200,73,136
303,199,74,138
302,205,77,132
301,204,74,133
300,204,75,134
303,214,77,123
301,219,71,116
303,219,72,116
299,213,79,124
300,210,76,124
299,219,77,117
301,215,76,120
299,215,76,119
301,217,77,118
302,215,75,122
301,208,75,127
300,214,76,118
302,211,79,123
298,218,79,116
299,217,77,114
304,220,76,117
301,220,77,116
303,212,75,123
302,215,76,120
300,217,76,118
303,211,73,126
303,212,74,120
301,217,78,122
304,206,79,126
302,207,77,128
304,211,73,128
297,201,82,135
298,205,78,130
298,202,77,132
296,198,81,140
299,210,81,127
304,214,74,122
296,213,82,123
300,213,78,119
301,214,73,120
300,218,77,115
301,211,76,123
302,212,74,126
304,205,74,131
302,211,78,129
304,210,71,123
300,218,78,120
303,214,75,123
301,213,76,125
302,212,77,122
302,221,72,115
297,217,76,115
303,217,71,119
300,211,74,124
302,208,75,127
301,205,72,126
303,212,75,123
301,206,75,127
305,206,78,130
302,203,79,136
300,208,79,127
301,208,73,123
302,213,75,123
302,215,76,117
301,218,75,117
303,219,73,117
299,214,75,117
300,217,77,120
302,209,74,127
300,212,74,123
302,214,77,126
299,214,77,117
300,219,78,118
301,219,74,116
301,221,77,115
302,218,74,118
298,221,79,114
301,211,77,123
301,209,76,126
301,212,76,125
301,205,77,133
298,206,76,129
302,218,75,121
301,205,77,129
301,214,77,123
301,211,78,125
299,211,80,122
301,209,76,120
304,210,73,128
305,214,69,123
303,213,76,124
299,209,76,127
303,218,74,122
301,229,75,106
298,217,77,114
302,209,76,125
301,202,76,133
300,205,78,130
305,215,74,122
302,219,70,118
304,214,73,121
303,217,74,119
300,226,74,107
301,233,72,100
301,229,74,105
300,229,76,106
302,218,73,115
300,223,73,110
303,222,74,112
300,217,78,117
303,219,75,121
302,213,74,122
304,220,78,116
300,210,77,124
304,211,76,124
299,213,79,120
303,213,74,121
299,207,74,123
300,210,81,125
300,214,78,122
300,218,78,117
302,218,74,116
300,216,79,119
302,206,75,127
299,203,78,134
302,203,73,132
301,194,78,139
302,197,79,140
305,204,71,131
300,197,78,136
301,194,79,142
302,190,72,147
299,196,80,139
300,201,75,135
301,206,77,130
299,205,72,129
301,197,73,141
301,193,69,141
300,198,69,135
300,192,77,145
302,190,80,145
300,189,81,134
300,182,87,125
283,187,91,103
297,186,80,91
277,188,89,100
402,212,85,102
286,184,87,97
307,180,67,96
305,190,67,83
304,184,65,85
308,190,64,86
307,175,65,100
310,173,59,99
308,169,58,106
307,168,60,105
307,173,63,99
308,176,61,99
308,169,63,105
306,166,64,109
306,176,60,97
308,184,64,89
308,191,62,83
306,181,67,92
305,188,70,86
307,176,65,95
308,169,61,105
306,167,64,109
308,168,61,103
308,178,62,97
309,187,57,87
304,188,65,84
306,184,66,87
304,184,64,88
307,174,64,98
306,176,63,99
307,172,62,101
308,179,62,95
306,191,63,83
307,172,63,100
307,179,63,93
306,191,63,83
305,182,68,89
307,178,63,96
305,186,68,89
307,177,64,100
308,180,59,95
307,186,65,87
305,188,67,86
306,179,62,94
308,188,62,85
307,171,60,99
309,171,59,99
304,166,62,105
310,171,56,105
311,167,56,105
307,163,58,107
307,165,62,103
309,169,61,111
316,187,62,116
309,170,64,122
301,171,67,146
306,181,51,147
308,175,43,158
309,173,60,164
304,188,80,150
303,187,80,148
301,193,81,145
294,193,76,147
289,178,85,155
287,186,84,150
283,184,85,154
280,190,86,148
278,182,99,155
274,176,103,162
272,173,109,166
272,181,114,151
264,181,121,149
262,177,123,150
257,177,133,151
256,181,141,146
253,173,137,151
252,183,131,145
250,182,124,150
251,179,123,150
250,178,133,153
250,177,122,151
252,182,129,142
254,179,117,150
255,171,109,156
252,174,107,147
257,171,111,154
254,170,109,149
255,175,100,146
251,203,82,125
258,197,69,129
256,184,68,143
256,186,71,142
256,194,72,129
254,195,70,123
257,197,76,128
259,202,67,124
255,194,78,127
259,195,67,125
262,198,69,126
258,200,73,121
259,205,67,120
259,199,68,123
258,202,74,125
260,205,73,126
257,195,76,131
256,192,81,132
260,197,71,131
261,195,75,133
257,199,67,122
260,194,67,131
256,196,70,129
256,195,70,124
255,201,73,123
258,208,68,112
259,202,69,123
258,203,76,121
257,202,71,123
255,200,71,124
258,201,67,120
257,197,73,128
255,198,74,125
255,196,75,128
252,192,74,133
254,191,71,136
253,193,75,130
256,194,74,131
259,200,71,124
259,203,66,122
260,205,66,119
256,199,70,125
257,198,68,126
259,201,71,128
257,200,75,126
255,203,76,126
256,194,70,134
257,200,74,126
256,190,73,136
255,186,72,142
254,194,72,131
259,195,69,130
256,198,70,127
259,199,69,125
256,202,69,124
258,195,68,131
260,197,73,126
257,203,79,124
260,201,70,127
257,201,72,127
257,204,69,120
255,210,71,113
258,212,71,110
260,208,70,119
259,201,68,117
256,203,72,121
257,198,69,127
258,197,70,125
260,201,67,129
259,197,70,130
255,196,71,123
255,193,70,128
257,198,73,129
258,196,68,129
263,192,66,134
258,196,69,129
260,197,70,129
260,190,67,139
262,193,66,135
258,190,67,135
261,193,66,134
258,189,68,138
258,187,69,139
259,192,69,135
262,204,66,122
258,199,67,124
257,201,68,120
258,207,70,117
255,198,69,123
257,202,67,124
258,196,69,128
263,201,67,128
258,194,69,132
256,196,69,126
258,193,69,130
260,199,67,127
258,196,66,130
261,200,69,123
258,202,67,122
259,198,68,128
259,199,68,123
258,200,69,124
259,194,68,130
258,200,64,126
259,186,66,137
260,193,67,129
258,190,69,135
260,190,67,136
261,196,72,130
261,192,67,134
260,198,70,133
260,192,69,133
257,193,72,135
258,191,68,133
260,196,70,132
257,191,70,131
260,200,67,132
263,194,66,133
258,192,68,132
257,202,68,126
261,194,69,132
259,195,68,131
260,195,68,129
258,195,73,133
260,197,68,130
259,193,70,134
261,194,67,133
257,191,70,136
260,187,68,139
260,194,68,135
259,196,68,132
258,197,68,128
258,196,68,123
257,197,68,127
262,194,62,127
261,198,70,127
258,201,68,122
261,202,66,124
259,201,68,122
260,195,67,133
258,200,65,127
260,203,69,124
259,199,73,129
259,207,72,118
255,205,72,115
258,203,68,118
260,201,66,123
258,202,69,122
261,201,72,126
259,207,73,116
262,199,71,127
254,197,69,122
257,194,69,128
258,197,71,123
259,194,71,129
262,202,72,126
257,203,69,126
258,193,69,132
253,191,69,128
256,193,68,128
259,192,68,134
260,198,70,130
262,201,70,124
255,197,70,128
259,200,69,126
260,201,69,121
260,200,66,128
257,196,67,127
258,190,69,135
259,197,66,126
256,193,69,130
256,197,70,128
259,195,80,129
257,192,79,130
263,189,78,124
265,198,89,120
266,192,100,116
274,195,97,107
293,203,84,103
297,191,88,113
297,193,94,109
294,174,97,126
292,180,113,124
210,176,103,129
216,182,87,130
307,186,108,121
314,193,107,118
319,187,105,119
322,205,101,103
329,200,92,98
335,200,87,102
329,188,87,109
327,199,88,97
325,200,89,97
321,183,87,112
318,177,88,121
315,181,87,115
313,172,88,120
317,168,81,123
313,183,82,111
315,193,79,103
314,190,82,100
314,183,84,113
317,179,77,110
320,191,74,101
320,184,71,106
317,180,69,110
315,174,75,114
310,176,70,118
312,174,73,123
295,175,82,116
294,180,76,114
291,180,80,122
286,179,82,123
290,188,74,111
288,188,74,111
289,183,68,117
290,183,76,118
288,182,79,120
286,180,84,118
289,189,86,115
294,180,83,123
303,175,70,124
305,174,73,111
309,181,73,105
309,170,78,108
312,172,71,100
309,164,71,99
309,163,70,99
314,158,66,100
305,151,67,97
308,144,56,101
308,144,56,101
308,144,56,101
308,144,56,101
308,144,56,101
308,144,56,101
308,144,56,101
313,25,67,113
245,183,67,122
245,183,67,122
322,24,62,125
322,24,62,125
322,24,62,125
322,24,62,125
322,24,62,125
322,24,62,125
322,24,62,125
322,24,62,125
322,24,62,125
322,24,62,125
322,24,62,125
322,24,62,125
322,24,62,125
322,24,62,125
322,24,62,125
322,24,62,125
322,24,62,125
322,24,62,125
322,24,62,125
322,24,62,125
322,24,62,125
345,136,69,122
336,158,76,113
333,163,78,105
329,165,81,112
324,175,87,110
322,179,88,115
322,194,82,101
321,190,86,107
319,200,85,100
317,208,81,97
320,209,78,95
318,203,74,102
321,206,74,100
320,188,70,113
314,201,74,105
313,217,78,93
303,230,82,83
298,237,85,79
298,237,83,83
297,225,80,93
297,222,75,96
298,216,75,103
300,219,72,102
298,227,73,96
299,234,68,89
295,235,72,85
292,232,73,87
293,234,73,89
294,235,69,85
297,233,71,92
293,232,73,90
295,232,70,90
295,232,71,88
296,228,71,93
294,231,71,92
292,226,72,94
293,230,72,92
294,228,75,93
292,231,72,92
293,232,73,88
295,234,71,90
291,234,76,86
298,234,73,91
297,232,73,91
298,232,72,92
298,223,70,99
296,230,68,93
291,231,75,88
294,231,72,89
288,226,72,86
286,222,70,89
283,220,71,84
279,216,69,87
279,213,64,88
276,210,69,87
275,208,64,83
277,208,60,80
279,209,56,79
276,201,57,82
281,197,55,88
281,202,53,85
278,200,52,84
280,195,55,89
322,200,63,82
278,199,56,86
278,206,48,79
283,211,45,74
278,238,47,85
278,238,47,85
278,238,47,85
335,163,57,72
331,171,60,66
333,174,63,64
330,174,64,64
332,174,62,68
332,176,65,67
333,179,64,63
334,178,64,62
330,179,65,60
338,171,59,67
334,171,60,66
333,174,62,60
330,174,63,61
330,177,64,59
332,174,61,65
332,176,62,69
328,172,61,72
329,172,62,75
328,172,65,75
329,172,64,75
329,171,64,74
326,171,66,74
330,176,63,69
331,173,64,70
329,174,65,68
328,174,63,67
328,174,65,68
330,173,61,68
329,173,63,68
329,172,66,68
329,173,61,67
331,174,64,67
330,170,61,67
329,171,61,65
328,171,61,66
329,174,64,62
331,172,62,65
329,174,64,63
326,177,65,62
328,175,57,61
328,184,54,56
329,184,58,57
327,187,59,54
328,193,54,44
325,199,65,42
326,202,64,40
325,203,65,39
329,202,61,39
331,201,62,40
334,197,56,43
338,198,52,43
338,199,51,40
338,203,51,36
333,203,54,38
326,197,61,42
230,192,52,54
231,183,51,65
229,177,49,71
228,168,51,81
228,161,53,91
230,157,53,97
229,153,54,100
229,160,53,94
229,164,51,85
231,165,52,85
231,160,52,91
229,158,53,96
229,155,51,97
229,157,53,94
231,157,53,92
231,153,54,94
230,156,51,93
231,158,52,90
225,158,54,88
224,159,54,88
221,161,58,87
225,159,58,93
226,163,58,95
227,168,56,96
229,181,59,88
233,185,58,90
237,195,57,91
242,200,57,93
243,209,59,93
246,211,57,94
249,218,57,93
249,217,53,98
337,171,53,82
250,227,59,86
247,222,54,91
338,171,58,81
250,224,56,90
251,224,58,90
252,220,59,96
249,221,58,92
253,216,60,97
251,215,61,98
251,214,62,97
251,210,62,106
250,210,63,103
252,204,60,111
247,197,60,117
252,204,64,112
252,203,63,115
252,208,63,108
253,208,59,107
252,201,63,113
249,212,61,102
251,211,60,102
251,212,63,102
252,208,61,104
250,205,62,111
251,199,61,117
252,206,62,108
247,210,63,104
249,206,61,106
251,203,61,108
250,206,61,107
250,198,60,114
251,194,59,119
251,203,59,109
250,201,59,110
252,197,58,117
250,194,61,122
248,191,64,119
247,199,61,111
248,193,60,116
250,201,60,113
253,196,63,119
254,195,64,120
252,193,72,118
250,193,90,120
250,183,94,130
250,194,89,117
249,182,86,127
250,182,94,134
247,174,96,138
247,166,91,146
248,166,87,148
250,176,83,138
251,174,85,140
245,179,86,134
250,178,81,134
249,184,77,131
245,195,81,119
247,192,71,120
246,208,65,108
243,215,73,100
236,216,70,98
233,208,69,107
228,202,71,108
228,200,69,117
221,197,83,120
221,197,83,120
221,197,83,120
221,197,83,120
221,197,83,120
259,222,71,126
275,227,63,126
275,227,63,126
275,227,63,126
275,227,63,126
305,233,66,120
311,229,64,123
313,228,70,125
317,226,65,129
319,230,68,122
326,218,65,126
329,212,66,128
333,209,65,126
334,209,67,121
339,209,64,120
341,203,61,116
342,200,57,116
340,197,57,114
342,195,56,115
335,190,56,115
330,188,57,113
326,186,57,109
320,184,56,108
319,181,58,110
316,182,56,105
311,178,59,104
309,170,56,108
313,172,50,105
310,174,52,100
313,174,47,99
311,181,45,92
310,177,43,93
311,175,45,97
308,182,47,90
307,182,45,87
307,187,47,87
309,183,47,85
304,187,50,81
306,188,47,80
305,189,47,82
304,191,44,83
303,195,45,89
265,219,57,84
262,209,59,91
259,209,63,93
255,210,59,92
254,214,54,87
253,211,55,91
252,203,59,99
251,202,62,100
255,210,56,95
256,209,52,94
256,210,54,94
257,215,54,91
261,215,50,90
268,214,52,94
265,219,57,90
261,215,66,97
259,224,74,93
256,214,77,106
253,210,71,116
254,204,72,130
250,207,83,129
251,215,74,123
251,217,75,124
252,219,72,121
252,221,70,118
252,219,69,119
252,218,68,123
258,210,69,123
250,215,67,128
245,215,68,126
245,211,69,130
245,212,70,126
246,215,65,126
246,214,64,126
246,213,65,130
247,210,64,130
244,213,71,132
244,215,67,125
244,211,70,130
244,214,68,126
245,213,71,129
245,216,69,122
244,213,66,125
246,217,66,126
246,217,66,124
245,215,67,128
246,211,65,129
243,210,66,130
241,216,70,125
244,218,64,121
246,217,63,125
245,217,68,123
246,213,65,129
246,217,66,119
245,216,65,125
246,217,65,124
246,219,63,120
245,218,66,123
247,217,65,122
245,217,66,124
247,217,62,120
247,218,64,123
247,216,64,123
245,216,67,126
246,217,66,123
245,216,66,123
246,219,63,123
248,218,66,121
245,218,72,122
245,218,70,124
247,217,74,125
244,209,80,130
244,214,75,124
244,218,77,121
243,215,71,119
245,222,65,118
248,218,70,123
245,214,76,125
246,205,81,136
245,195,94,142
243,173,92,165
244,163,89,174
245,165,88,177
244,156,90,183
246,158,91,181
242,158,92,177
244,147,93,192
245,155,89,181
246,159,89,177
246,159,89,182
247,160,89,182
245,147,91,191
245,146,90,193
246,143,90,202
244,145,90,193
244,145,90,193
244,151,91,186
247,150,91,189
248,154,91,187
245,142,92,193
245,136,95,203
246,138,87,205
244,140,92,200
244,133,89,202
244,137,92,203
245,144,91,195
245,156,91,183
244,149,92,188
245,149,93,188
243,154,96,183
247,162,96,181
243,156,98,185
245,148,104,191
242,142,94,196
241,139,96,197
244,135,92,199
241,123,97,216
241,114,99,228
240,104,107,237
243,95,103,244
243,94,107,243
241,90,119,252
240,94,116,246
240,88,122,253
241,87,123,258
242,59,105,281
245,66,104,275
247,76,106,271
244,72,104,267
244,83,108,263
241,100,101,242
243,84,106,263
245,90,100,245
247,123,79,219
244,155,88,187
243,152,88,183
245,161,87,177
247,157,85,181
243,153,91,183
243,153,87,187
243,156,82,185
242,147,90,190
241,140,97,201
243,130,96,214
246,110,90,235
243,117,95,223
242,101,103,237
241,120,98,213
244,119,93,221
244,131,98,211
244,127,96,210
243,135,94,203
243,132,90,205
243,143,91,197
242,134,98,207
242,129,94,208
243,127,97,215
245,112,95,228
245,100,97,242
245,101,97,244
243,97,96,247
244,104,103,240
242,101,110,236
244,110,101,234
245,109,95,231
245,110,100,233
247,96,98,248
247,105,98,241
245,93,100,254
246,98,98,243
243,98,106,250
243,104,108,240
244,117,103,227
243,112,102,228
246,102,97,244
244,93,101,255
243,117,104,231
239,106,113,241
234,103,122,248
230,96,136,262
231,105,124,249
218,109,138,241
228,93,123,256
214,94,140,251
234,86,123,258
209,94,147,253
228,94,130,252
210,87,145,255
199,103,160,239
191,111,170,234
189,109,182,234
187,100,170,246
184,109,177,230
185,94,176,244
185,111,171,227
184,93,176,243
183,103,184,241
176,96,190,235
186,101,172,237
180,95,175,239
182,91,159,239
189,87,178,237
184,100,167,223
183,95,159,237
186,93,152,241
194,111,148,225
187,99,151,233
190,96,149,236
186,108,159,226
181,97,157,238
194,87,153,247
185,95,156,243
188,94,156,239
186,99,157,231
192,95,148,239
225,102,125,219
185,117,128,212
189,117,148,218
179,107,155,226
188,97,165,239
177,94,164,236
189,91,164,241
177,94,171,235
185,103,208,230
181,99,248,236
188,108,246,224
184,105,272,230
180,112,284,221
181,108,277,231
183,120,274,215
173,108,290,221
188,112,262,213
178,119,276,216
180,130,281,196
176,123,278,210
174,116,286,214
185,124,269,208
172,96,282,232
185,121,263,206
182,126,268,204
194,151,247,176
188,149,240,172
187,143,260,181
184,146,270,176
183,124,251,203
184,139,268,189
179,137,270,184
182,141,266,184
184,149,266,175
185,129,271,197
183,141,269,185
186,136,274,190
186,152,274,173
187,139,269,186
186,144,273,181
188,155,243,167
186,141,272,183
185,133,280,192
184,146,261,181
184,143,281,182
181,133,280,195
180,148,267,179
182,140,284,191
177,137,282,191
184,151,276,176
184,137,274,181
189,142,270,183
187,139,269,188
183,134,278,189
188,141,270,180
187,137,270,187
188,124,269,197
181,141,268,186
181,141,279,202
181,137,267,193
184,131,256,209
186,146,227,195
183,113,241,231
190,121,264,216
184,123,276,221
186,114,268,220
181,124,266,205
188,92,275,243
214,101,241,244
190,112,253,224
194,127,253,208
203,105,259,224
180,113,266,213
177,127,266,199
177,95,287,224
174,114,276,202
172,98,292,212
168,103,296,208
187,107,286,199
179,109,269,194
178,111,224,202
175,110,259,194
171,105,285,190
172,91,305,211
169,93,287,207
171,94,300,205
167,138,284,157
171,143,299,147
165,125,276,165
173,130,282,157
168,128,284,161
167,117,283,173
170,122,290,163
170,121,285,169
171,130,280,164
166,142,291,156
172,143,282,156
169,141,285,158
171,147,289,145
169,155,295,132
165,153,308,137
170,152,303,140
170,153,295,133
171,158,303,130
171,153,293,135
171,147,297,141
171,154,293,131
176,154,289,134
172,161,289,127
169,158,301,126
170,164,303,127
170,161,310,128
172,159,297,127
171,164,307,126
173,154,301,133
176,159,293,128
174,154,304,136
172,149,295,142
171,152,300,134
171,152,297,133
171,158,298,131
172,152,291,134
170,153,297,131
176,157,291,128
176,160,288,125
170,161,296,129
171,155,297,133
168,148,295,139
166,155,300,131
171,163,291,122
175,157,286,125
172,146,286,140
170,150,293,132
174,158,294,127
176,157,283,134
168,147,295,141
169,164,302,121
169,162,292,128
170,147,298,138
164,153,302,130
166,148,292,133
170,151,299,123
171,143,285,139
170,155,294,126
171,172,310,114
168,151,297,142
166,149,302,144
171,152,291,134
168,152,280,133
171,163,292,122
171,156,294,133
169,146,286,140
171,152,287,135
170,143,291,139
162,148,295,135
162,142,297,140
165,147,297,140
161,144,289,145
154,121,305,168
158,129,290,156
163,126,292,156
162,140,284,149
154,143,306,146
163,149,291,142
161,151,294,138
154,150,297,141
158,149,295,142
158,152,300,135
157,147,300,146
153,148,304,143
150,146,316,145
150,143,305,145
155,147,309,145
151,149,302,143
153,151,300,139
157,139,298,149
157,141,287,143
164,141,288,147
156,145,291,145
161,136,291,152
162,140,295,147
159,140,285,151
166,128,291,161
162,135,280,150
158,134,295,156
153,148,294,143
160,133,292,159
153,128,277,164
160,128,293,159
155,128,256,167
164,124,287,170
158,125,303,172
164,128,293,167
156,131,304,168
153,133,306,168
166,140,298,158
152,144,299,154
160,139,300,163
156,139,305,160
157,136,303,161
160,133,296,164
158,127,297,167
166,129,288,164
157,133,294,159
159,140,293,151
162,130,292,160
157,133,289,158
162,137,286,154
165,131,276,158
168,137,276,151
173,132,279,160
176,137,267,155
163,133,287,159
158,134,290,156
152,139,296,148
151,136,302,150
170,130,287,161
153,131,300,158
148,130,299,161
151,132,305,164
149,127,304,176
156,131,303,173
144,123,311,188
156,126,291,180
151,129,320,175
148,130,303,184
144,113,318,188
155,129,296,175
156,150,294,150
150,161,286,142
151,135,316,159
162,115,297,178
167,105,292,181
153,146,304,142
160,146,301,143
162,145,299,143
155,142,300,144
158,143,299,143
155,145,302,142
154,148,299,140
160,129,294,160
157,134,292,149
155,140,300,151
161,140,287,150
170,136,296,160
161,124,287,171
163,134,296,164
160,138,306,165
163,115,290,194
166,126,287,185
162,130,302,190
154,121,294,204
158,134,310,196
156,117,300,224
157,117,297,214
161,110,298,228
165,112,290,229
159,125,300,210
159,122,304,220
154,107,298,232
161,105,259,216
172,124,203,196
171,130,230,173
195,133,235,172
170,141,234,156
169,136,289,158
171,141,286,155
164,125,286,172
166,136,266,166
168,141,283,157
168,125,281,180
167,124,287,181
163,118,288,202
161,115,285,196
155,97,287,229
171,103,283,216
161,104,284,210
164,120,298,181
169,135,287,161
170,133,274,169
167,134,290,172
159,136,292,162
169,146,290,150
165,108,282,187
167,99,290,191
165,127,289,159
163,135,285,155
168,135,283,151
161,133,282,152
166,141,281,143
163,123,294,166
159,114,287,175
162,134,285,152
161,137,284,147
164,129,286,157
158,129,296,160
162,128,306,165
163,127,296,171
164,121,292,176
166,127,293,170
164,127,296,173
161,127,292,178
162,130,295,174
163,131,298,174
155,128,308,181
158,110,298,201
162,126,296,183
160,137,262,168
166,113,295,187
166,113,287,188
166,117,286,180
161,119,292,182
163,121,296,189
158,113,292,201
164,113,289,198
162,107,287,207
167,123,287,189
164,130,294,182
165,131,288,172
167,128,285,179
166,133,289,175
169,134,288,173
171,133,289,176
170,134,295,173
170,135,294,168
173,139,292,166
165,119,296,178
165,109,295,193
169,124,298,185
168,127,297,176
170,126,289,178
172,110,293,189
166,132,297,170
173,132,299,170
173,127,293,168
167,131,303,169
171,128,292,170
169,136,298,165
162,136,305,161
170,138,297,160
166,136,298,158
167,147,296,150
167,134,298,164
166,142,299,155
167,142,297,154
166,140,300,161
170,128,294,172
158,138,306,168
165,116,291,197
158,118,297,194
165,125,291,195
164,105,292,224
163,113,287,212
169,129,291,181
164,138,295,167
177,147,282,152
165,135,287,166
164,135,290,165
162,141,291,160
168,140,291,159
174,132,283,170
169,132,285,171
167,129,293,174
157,132,307,175
162,123,275,199
168,107,294,216
162,112,290,220
162,108,291,225
164,106,255,227
155,102,301,251
162,104,273,233
161,101,294,235
164,105,285,236
158,110,287,227
152,110,288,225
159,109,287,231
146,110,300,227
161,106,277,235
162,103,289,235
156,109,291,214
164,115,288,206
158,115,268,225
163,119,270,209
172,123,287,184
160,120,293,189
167,115,291,198
161,109,295,215
154,115,288,196
165,125,289,184
160,136,295,162
163,139,294,159
169,146,292,153
166,145,296,151
172,148,285,148
175,148,285,150
163,146,293,155
166,152,289,150
166,153,292,149
169,155,283,146
164,152,291,148
166,156,290,144
164,154,287,142
162,140,294,161
168,150,287,150
171,134,279,165
165,159,292,139
167,133,286,165
166,142,289,158
174,107,274,192
163,124,285,175
167,148,290,154
171,142,283,160
173,129,274,173
166,140,287,161
167,133,290,173
167,144,284,162
164,140,298,171
162,141,290,171
168,118,290,200
163,137,282,172
170,144,268,146
171,163,255,122
168,147,273,143
163,127,295,161
165,135,287,156
164,140,292,150
162,140,305,171
153,125,304,204
157,117,308,231
154,112,309,238
157,111,304,243
151,121,312,235
149,103,318,252
146,116,321,244
125,99,328,252
150,109,301,233
165,115,279,245
157,120,305,229
165,121,286,233
148,111,310,235
163,104,279,248
188,94,275,256
164,110,285,237
159,120,301,235
161,106,295,238
163,108,298,237
162,106,297,251
159,108,294,237
163,115,293,232
158,107,293,238
154,122,306,227
159,127,285,217
167,97,283,240
164,117,273,235
166,134,282,210
164,102,291,234
173,103,269,235
160,105,290,237
163,102,285,233
163,106,288,234
154,101,292,241
163,95,281,237
166,95,274,230
163,96,279,238
167,97,262,238
166,100,267,247
160,100,258,249
165,106,283,237
162,107,277,248
144,115,275,245
153,132,262,216
156,107,263,243
184,110,247,241
147,117,270,236
151,106,259,248
153,116,232,233
173,101,185,248
220,87,164,266
248,108,110,253
249,84,103,267
248,84,104,275
249,85,101,274
246,90,104,263
248,84,99,273
250,91,104,266
248,83,106,268
249,88,99,266
251,86,96,274
253,85,96,270
252,84,94,267
252,86,101,276
249,91,99,267
250,92,103,272
252,88,104,273
257,86,103,276
256,86,97,272
254,92,105,270
253,81,105,280
253,90,110,268
254,91,104,269
253,95,106,268
256,85,93,272
256,87,94,267
255,88,103,270
254,90,93,269
252,87,105,273
252,91,101,269
252,90,95,263
256,90,92,263
268,106,76,252
261,110,83,249
266,110,76,244
260,111,80,248
269,131,69,231
292,158,72,231
273,126,63,244
285,159,80,238
268,121,70,237
291,144,72,219
270,158,62,211
261,61,64,191
255,70,66,178
330,193,60,164
254,90,68,158
252,94,70,154
252,93,69,152
255,93,68,155
257,91,60,159
254,101,59,148
252,100,60,147
255,113,55,134
258,120,53,133
254,125,49,125
255,131,50,122
257,134,49,117
257,127,51,119
256,136,50,111
256,139,50,108
254,139,50,107
256,146,52,102
257,142,51,107
258,129,49,120
256,137,53,110
257,130,49,120
258,130,51,124
258,133,52,117
256,126,49,123
257,134,50,118
254,135,51,114
255,140,51,110
259,137,50,111
255,141,50,106
255,141,51,107
255,142,51,102
258,140,51,109
257,144,51,105
257,138,50,113
254,136,51,113
258,130,48,121
256,137,52,113
255,141,55,109
255,139,53,111
257,143,53,106
254,144,53,105
258,146,52,101
259,140,50,106
256,134,52,117
259,137,52,113
258,136,54,113
258,134,53,113
255,139,50,108
258,145,53,105
255,140,53,111
257,140,52,109
258,142,54,107
253,142,57,106
256,140,53,108
255,139,56,104
255,140,51,99
257,141,50,92
259,140,48,83
254,145,53,72
254,144,51,59
256,144,51,59
253,150,58,46
257,147,52,47
257,149,52,51
257,147,50,60
256,146,56,59
254,148,58,63
252,146,55,67
257,151,52,65
255,147,51,72
258,147,54,71
256,147,58,75
253,148,55,70
258,145,53,76
257,142,52,81
257,142,51,82
257,143,49,80
258,140,50,82
255,144,52,74
255,147,54,70
256,143,52,73
257,142,49,76
258,146,52,73
254,146,55,71
261,145,52,75
255,141,53,76
254,145,55,72
258,144,48,72
258,144,53,74
256,143,53,73
257,145,52,71
257,141,54,77
255,147,56,66
258,141,50,72
254,143,52,70
257,145,53,68
257,141,51,72
255,143,53,70
257,144,56,67
258,142,58,71
257,139,55,70
254,135,54,72
251,134,54,79
248,133,52,88
245,134,51,95
245,131,49,117
244,130,50,121
241,128,51,123
238,135,50,118
242,140,49,115
239,134,52,120
239,138,49,116
239,134,52,120
240,135,55,120
240,138,54,117
239,144,50,110
240,141,54,113
240,141,53,114
240,145,54,111
240,138,56,119
243,133,56,125
241,128,57,130
242,127,49,132
237,132,58,124
237,137,56,119
237,148,53,108
238,142,52,113
240,139,50,119
239,131,51,127
239,136,54,120
238,132,56,126
240,133,59,124
242,139,49,118
239,139,51,117
240,141,53,113
237,141,54,115
241,135,50,118
240,143,54,111
241,133,53,125
242,129,49,125
241,136,52,120
241,138,53,118
239,129,58,129
241,130,55,126
238,124,55,131
238,120,54,136
237,126,57,129
242,127,57,129
240,129,56,129
239,132,53,121
237,134,60,121
239,143,61,116
240,146,56,108
240,143,52,114
243,138,49,119
242,139,51,119
241,143,55,114
241,142,53,111
242,137,50,120
243,140,49,120
239,143,53,116
239,139,50,126
241,140,49,117
240,139,56,121
238,140,53,116
238,148,51,109
237,149,54,103
238,146,49,106
239,147,49,107
236,145,49,110
238,145,51,111
239,141,49,116
240,139,54,120
237,132,55,120
238,132,51,123
236,138,50,114
240,141,54,116
239,142,53,110
238,138,54,115
238,139,56,115
231,138,62,113
231,133,62,118
224,138,71,111
238,139,55,105
283,196,54,107
240,125,56,119
239,132,57,111
241,140,53,110
242,145,53,109
238,143,55,114
233,149,59,101
239,148,52,103
244,134,49,108
242,123,51,86
244,140,49,70
243,147,51,65
242,143,51,64
241,147,51,68
241,145,49,78
241,143,51,89
241,139,49,100
240,145,48,95
240,142,51,99
243,137,48,109
241,129,49,116
240,136,50,109
240,139,51,104
239,136,49,107
239,138,52,109
240,133,48,111
238,137,50,109
240,137,49,109
242,135,47,109
241,132,51,111
241,127,52,116
241,130,53,114
241,143,49,99
242,144,48,100
240,142,50,99
242,146,49,95
239,143,47,95
241,147,48,99
242,144,51,101
241,140,50,105
240,134,51,109
240,127,48,114
238,135,48,109
239,138,50,106
239,143,47,100
238,146,51,97
236,143,51,100
236,141,52,102
236,135,53,107
236,129,50,112
235,126,47,112
235,118,52,122
237,125,69,114
236,139,70,99
219,200,59,96
214,194,73,103
212,195,78,106
211,199,73,104
216,196,67,109
218,192,62,110
218,185,61,116
220,180,61,123
220,189,60,112
221,185,59,118
221,187,61,112
219,195,58,111
217,186,59,120
217,184,58,119
247,135,65,94
250,144,55,82
248,144,63,79
247,146,82,78
245,144,86,79
237,145,90,80
212,217,66,78
248,145,57,76
247,144,54,81
246,145,54,79
245,144,54,80
247,147,52,77
250,149,57,76
254,148,58,74
258,146,56,79
266,149,56,78
268,151,57,75
277,150,59,85
279,137,69,91
217,211,58,96
215,189,64,114
215,190,59,111
306,153,64,107
312,157,64,106
317,166,64,101
316,164,64,99
318,165,61,102
319,161,57,109
318,163,59,107
318,163,61,108
319,162,61,107
318,162,60,107
319,159,59,110
317,157,62,107
314,156,57,107
312,158,58,109
313,160,62,105
312,153,59,110
311,158,62,104
308,153,63,108
303,148,61,112
302,146,61,119
304,148,60,112
301,147,56,111
297,154,57,106
295,157,53,92
295,154,53,101
293,160,51,87
295,155,50,89
292,156,51,88
294,156,51,88
292,156,54,94
292,155,53,97
291,156,52,90
293,160,44,82
292,161,46,83
294,159,44,84
342,136,39,87
342,136,39,87
342,136,39,87
342,136,39,87
342,136,39,87
342,136,39,87
342,136,39,87
209,134,44,87
209,134,44,87
209,134,44,87
209,134,44,87
209,134,44,87
210,133,49,83
210,133,49,83
227,133,41,90
227,133,41,90
263,135,55,93
269,128,74,100
273,124,83,110
273,124,83,110
281,113,98,117
249,225,84,133
253,218,79,139
326,99,109,138
251,219,84,135
333,118,109,119
335,121,112,114
337,134,114,116
341,137,112,125
344,137,107,123
352,144,97,122
358,139,88,125
363,141,77,120
365,148,73,113
362,153,74,109
360,149,71,114
356,153,67,109
346,155,78,105
347,155,68,103
343,157,73,102
341,155,71,103
341,158,74,103
335,156,70,100
340,155,69,104
338,154,69,104
336,157,70,98
337,158,65,101
337,159,64,99
339,159,62,102
342,156,51,108
342,151,49,106
341,156,51,104
337,156,55,104
337,160,53,97
337,151,56,109
337,154,54,105
337,156,53,102
337,152,52,108
337,153,51,105
294,147,54,108
294,148,53,104
294,149,55,92
294,149,54,85
345,146,50,70
343,150,53,69
342,149,56,73
342,148,55,75
342,151,54,68
341,152,56,64
341,150,55,64
344,153,54,63
293,149,54,67
345,151,55,64
346,153,51,60
292,155,58,75
290,161,55,93
293,154,54,106
292,154,52,106
291,154,53,105
337,153,59,102
292,153,71,107
291,149,57,109
292,155,56,105
292,154,55,100
294,151,54,109
294,152,56,109
290,157,55,100
290,153,53,104
339,159,49,100
339,149,52,107
288,149,59,111
290,149,58,111
292,146,52,111
291,148,54,110
291,150,54,104
293,147,55,113
293,145,55,113
292,149,54,111
289,153,54,105
291,153,56,104
291,154,55,108
294,151,52,109
294,154,54,104
293,152,53,106
292,152,52,106
291,157,55,102
293,151,53,104
292,144,53,112
291,154,54,101
290,149,55,104
291,155,53,97
292,156,54,104
291,154,57,104
289,148,55,109
292,155,54,103
293,152,55,108
292,146,55,113
296,155,54,106
296,151,53,109
294,152,50,108
292,157,52,105
292,154,55,105
291,149,52,111
289,152,55,107
290,156,53,105
293,155,52,108
293,154,52,110
293,157,53,105
294,152,53,110
292,152,55,110
294,150,54,116
291,151,54,108
292,145,54,113
291,151,54,104
294,151,54,102
294,148,52,106
292,152,51,100
293,151,52,105
292,151,53,103
293,150,53,104
293,152,53,98
295,151,53,102
294,146,52,111
292,151,53,103
295,148,55,112
296,146,54,113
295,147,52,105
293,142,52,110
290,154,51,96
293,152,54,100
294,151,52,99
293,150,51,102
293,152,53,98
295,148,50,105
294,147,52,105
294,155,53,100
296,148,52,110
293,146,52,115
295,150,52,113
293,150,51,115
291,148,53,112
293,149,55,113
290,146,51,116
291,151,54,113
292,156,52,105
292,156,51,104
292,158,52,104
295,159,51,100
293,152,52,110
294,153,49,102
293,153,54,104
290,148,55,105
293,147,55,103
294,146,53,100
294,151,53,87
295,147,55,78
298,151,52,62
266,159,67,70
277,156,69,77
287,201,62,60
286,207,55,53
292,195,50,62
293,172,52,78
290,162,55,93
290,157,53,102
293,155,53,104
289,149,53,109
291,158,56,101
293,161,54,96
289,165,48,91
294,168,42,91
295,157,41,102
294,150,50,106
293,147,66,108
293,149,60,112
289,143,60,129
284,149,63,135
285,138,56,151
286,133,58,162
285,138,60,159
287,130,60,162
287,136,57,151
294,142,53,145
292,133,54,152
294,129,52,156
293,124,54,166
291,114,60,180
289,127,61,170
289,148,60,152
290,151,58,159
291,143,59,179
291,143,80,192
291,146,85,192
284,150,95,181
284,150,95,181
266,149,104,171
262,149,109,171
257,152,88,179
254,153,91,177
249,159,91,178
244,139,109,195
234,121,126,213
231,98,130,232
237,95,122,242
232,94,126,243
235,141,144,199
230,155,156,181
232,151,142,187
229,147,155,186
233,157,158,176
230,150,149,184
226,140,142,194
225,130,110,199
230,116,121,221
227,102,118,230
229,88,102,247
229,90,118,244
227,89,104,242
230,90,107,248
231,92,87,247
228,91,101,237
230,102,85,232
229,123,93,211
229,125,114,206
232,125,85,213
271,137,74,195
232,146,65,190
231,148,59,186
234,152,62,181
239,166,66,172
233,180,60,157
232,190,65,143
233,196,61,139
237,202,59,134
234,202,63,131
233,209,62,128
233,210,60,129
234,205,61,130
234,202,61,134
235,202,62,134
234,199,60,134
231,206,63,128
234,207,59,129
231,207,61,128
232,205,61,132
235,203,61,132
235,207,63,128
234,202,63,135
235,203,62,129
237,200,65,138
234,204,64,131
236,207,62,126
234,207,61,128
234,205,59,127
234,208,61,124
234,203,62,133
233,202,64,130
236,204,62,132
234,199,62,135
233,201,59,133
236,209,63,127
234,203,61,130
237,206,63,130
235,206,65,130
234,202,63,133
234,201,63,133
234,202,64,131
236,203,64,134
237,197,64,138
234,196,63,142
234,208,62,127
233,207,61,127
235,207,58,128
237,210,59,125
236,209,62,125
236,205,61,128
235,202,62,135
234,207,62,124
232,199,60,132
231,206,58,130
237,209,65,128
235,209,62,125
234,203,64,131
233,202,63,131
235,202,63,132
234,203,65,132
235,206,64,128
234,202,65,134
234,207,62,130
235,210,62,129
233,202,61,131
235,203,63,132
232,203,61,130
236,207,66,129
236,204,63,131
234,206,61,129
236,204,62,132
233,202,61,132
234,206,62,127
234,205,59,129
233,207,62,124
234,203,66,130
235,202,65,132
233,205,64,129
234,202,66,133
233,203,64,132
235,213,62,123
237,214,63,125
236,210,63,126
235,208,63,123
237,209,63,126
234,209,64,128
235,210,60,124
235,208,62,127
234,209,61,128
235,209,61,125
234,206,62,125
235,207,63,129
237,209,63,126
236,210,61,126
234,205,61,131
232,207,62,129
233,199,62,136
233,206,62,133
232,206,62,131
234,199,61,138
234,204,64,130
234,209,61,126
237,207,62,129
236,210,60,124
233,208,62,126
