278,188,101,126
274,189,107,128
274,188,106,129
278,187,100,130
277,185,101,136
273,185,104,136
273,183,104,134
277,185,100,135
277,184,98,135
275,186,102,132
273,187,108,132
272,185,107,134
273,186,108,136
275,179,103,141
275,183,104,137
277,183,100,132
277,181,101,138
274,185,102,135
274,184,103,133
272,189,103,128
273,188,99,127
273,189,99,127
270,185,106,138
268,182,102,134
269,187,102,131
266,184,101,136
264,185,106,134
261,191,103,130
262,188,100,132
255,189,103,128
253,189,102,130
247,190,100,127
246,188,102,131
245,186,101,132
241,183,99,135
240,187,98,124
235,186,98,130
233,187,104,131
229,188,101,127
225,188,97,128
222,188,97,129
217,184,100,129
214,186,97,131
207,184,102,129
207,183,98,135
203,183,107,136
200,187,103,131
195,183,103,136
196,182,104,137
185,184,104,136
189,186,107,132
182,183,105,137
178,181,112,135
178,183,103,138
176,189,99,129
175,182,98,136
173,182,100,136
172,186,102,133
172,186,103,133
173,182,102,137
172,186,100,131
172,182,104,135
177,186,98,130
175,187,104,133
172,189,105,131
175,187,101,135
175,192,101,127
174,192,102,128
173,188,106,135
173,188,101,137
178,189,101,135
173,192,99,136
174,200,105,129
175,205,106,130
172,204,104,132
172,206,101,133
175,210,100,132
174,211,98,132
176,212,98,133
175,221,102,129
172,218,100,135
174,223,101,127
174,229,100,126
177,231,95,126
175,236,91,121
173,237,101,121
174,234,100,122
177,233,96,126
176,243,92,112
177,243,88,112
177,249,93,106
175,251,90,105
176,255,88,99
175,260,86,94
176,260,90,95
174,265,89,91
176,266,86,89
175,274,90,83
175,273,81,82
174,279,85,78
175,277,89,79
175,278,88,80
175,280,84,76
176,284,80,73
177,278,80,78
178,283,83,74
176,280,91,77
176,274,88,82
175,270,88,86
176,277,85,80
176,281,86,75
174,279,86,78
178,282,82,76
177,277,87,78
176,273,91,83
174,269,90,89
172,271,93,84
172,273,89,84
175,273,89,83
176,263,94,94
172,266,93,89
172,272,84,83
173,267,82,89
171,266,90,92
172,261,90,98
168,261,96,94
169,252,92,104
167,254,90,99
167,249,92,104
168,244,92,111
167,244,96,113
168,243,96,114
167,245,95,109
166,242,98,113
164,243,102,115
165,245,103,112
165,240,98,117
166,235,97,123
165,233,101,124
162,231,104,123
161,231,107,127
163,225,104,129
160,227,103,130
161,222,102,136
156,217,109,140
158,222,108,135
156,214,106,138
155,206,109,147
157,206,110,148
156,205,106,144
154,202,117,149
154,196,114,148
153,198,110,146
155,190,110,149
154,192,109,145
152,190,110,145
154,191,113,142
151,187,115,145
154,182,110,149
154,180,108,153
157,184,110,147
153,181,111,151
153,183,108,151
151,186,114,146
151,184,115,151
154,184,114,149
152,185,111,148
152,181,114,152
156,184,113,151
152,182,114,150
153,185,112,144
158,188,109,142
157,184,109,146
159,186,111,146
158,187,112,144
163,184,109,148
164,184,109,149
163,185,111,146
169,185,108,148
172,182,114,151
172,180,116,151
170,185,121,145
176,182,120,151
182,182,117,153
186,184,113,148
192,183,112,147
192,184,117,147
198,187,115,142
201,186,113,145
204,181,116,145
207,179,115,149
212,179,117,149
215,187,118,148
218,185,113,147
219,180,119,153
228,183,110,145
231,180,111,149
233,188,113,144
243,182,109,145
243,187,112,145
247,185,113,145
251,186,108,148
252,185,111,147
255,184,114,148
256,184,116,149
260,185,111,147
263,186,112,144
268,184,112,147
271,187,115,143
272,184,119,149
279,180,113,154
278,184,116,148
286,183,112,150
289,179,110,154
296,178,109,156
298,180,113,152
301,184,116,146
306,182,112,153
310,187,108,144
312,185,109,143
314,184,111,147
318,184,108,150
318,183,108,145
320,186,112,142
320,186,112,144
322,185,109,144
317,185,116,148
317,183,112,150
317,182,112,152
316,185,112,146
316,183,110,147
318,188,112,143
317,180,110,153
314,178,113,153
315,184,111,147
317,186,111,145
312,185,114,146
312,189,112,143
313,181,108,149
311,184,111,149
312,183,110,145
305,188,112,141
305,191,111,140
307,183,113,150
306,180,111,156
304,178,119,155
308,184,113,147
307,180,109,153
307,179,114,153
307,180,115,151
304,184,120,147
315,186,106,148
310,180,115,152
314,185,107,143
313,186,111,145
311,181,111,152
313,180,113,150
308,186,113,147
313,183,111,151
309,181,111,149
311,182,112,147
315,181,108,146
314,187,106,144
314,184,111,149
314,182,110,150
311,181,112,151
308,185,112,146
310,178,116,155
306,181,121,154
312,180,113,154
309,180,115,152
307,185,113,145
311,186,112,146
313,180,111,150
311,179,111,152
310,179,116,153
315,180,107,147
312,180,110,148
313,177,112,153
311,183,112,145
314,176,110,149
307,177,115,149
313,180,110,145
314,172,111,152
315,172,110,152
312,172,114,152
312,171,114,151
318,165,110,158
310,160,117,160
310,163,112,157
312,162,114,156
314,165,108,150
316,166,109,148
315,165,108,149
316,166,109,148
315,161,109,153
317,166,107,147
316,164,107,149
314,165,110,149
311,165,113,148
317,167,106,146
317,166,108,149
318,166,108,153
313,166,114,151
315,165,112,154
311,172,113,149
316,169,107,146
315,174,109,145
312,173,107,149
315,174,110,146
312,176,110,147
312,177,109,145
309,166,119,159
311,173,114,152
312,178,114,146
310,177,112,149
314,179,109,148
317,178,107,149
310,182,114,152
308,182,113,147
315,179,111,150
311,181,112,154
314,181,111,149
312,191,106,144
318,186,106,144
318,190,106,138
315,189,106,143
315,189,109,148
314,189,109,145
314,194,111,142
315,191,110,146
314,187,110,153
312,191,113,148
313,186,112,153
315,194,105,145
313,198,107,140
316,200,111,142
315,205,106,135
316,201,112,139
315,203,109,141
310,197,115,148
314,194,110,152
313,197,111,146
310,203,114,144
309,194,113,146
313,200,107,148
313,202,114,148
308,202,114,147
307,206,115,143
303,202,121,148
302,201,123,148
294,209,134,142
293,207,135,147
293,207,136,146
293,213,138,135
293,211,132,142
300,212,128,146
304,213,123,144
302,208,128,139
288,211,141,145
296,209,134,146
294,217,138,138
297,214,134,136
294,218,139,133
293,201,141,149
299,208,133,144
293,211,139,146
294,217,138,132
295,219,136,144
302,212,129,142
296,216,138,134
295,216,136,138
299,220,135,133
297,215,132,141
297,212,133,136
296,219,135,136
295,227,139,134
299,215,129,143
305,216,126,136
302,216,129,141
295,217,135,133
298,217,125,148
303,200,130,158
295,201,135,147
302,212,128,146
296,202,130,154
302,211,129,149
298,215,133,138
292,209,140,146
306,206,125,151
299,203,136,145
296,213,137,150
299,205,128,143
301,207,135,149
296,218,135,136
304,215,128,147
299,206,129,150
300,215,130,140
295,203,136,155
299,208,137,143
296,213,135,139
304,209,127,144
302,215,130,137
301,224,130,132
302,213,127,146
299,211,131,143
302,221,125,136
303,210,129,149
298,203,134,151
296,213,135,138
303,223,128,133
303,219,127,136
300,208,131,150
301,212,135,145
300,219,127,142
301,207,135,140
298,215,135,142
300,216,131,138
309,223,115,136
303,217,128,137
297,206,135,146
296,209,135,146
298,209,135,150
305,215,124,147
299,217,133,139
296,216,137,143
302,219,130,136
295,204,138,155
300,209,131,140
299,214,134,138
298,215,132,140
303,219,125,134
301,222,130,125
296,213,141,134
296,220,138,135
295,220,136,133
296,214,132,144
300,218,125,132
299,216,132,137
304,209,124,146
302,204,132,147
296,207,138,146
295,216,134,141
302,209,130,144
298,226,136,137
299,218,133,141
301,209,130,147
293,220,136,136
303,211,131,143
300,213,132,138
301,217,127,142
298,208,133,145
297,212,133,148
295,207,134,139
296,217,137,141
296,214,135,143
298,205,131,146
297,218,134,140
304,204,126,146
296,218,133,139
299,215,131,138
300,214,130,140
300,204,128,152
301,212,131,140
302,224,131,138
301,212,127,146
299,216,131,139
306,218,128,139
297,203,131,149
296,215,135,146
296,210,132,136
289,207,142,147
291,208,139,151
296,222,141,134
297,209,132,139
293,218,139,137
299,207,131,149
295,214,137,147
300,209,130,147
295,218,134,132
300,216,130,137
300,213,127,142
301,217,128,141
304,206,128,148
292,210,140,144
294,218,136,142
296,214,132,141
300,215,127,140
301,213,129,144
300,203,127,151
301,211,130,145
298,215,135,133
307,218,119,132
308,222,124,136
300,219,130,138
300,205,129,141
302,217,132,139
297,207,137,143
302,216,129,140
299,217,128,134
301,214,130,138
299,212,133,146
295,207,134,155
293,198,136,152
295,214,135,149
302,210,123,152
297,213,135,146
304,207,122,147
304,219,126,138
301,216,128,139
302,209,130,143
296,219,134,134
295,213,140,139
295,220,139,136
297,202,132,158
301,211,128,147
306,204,122,151
308,206,120,144
307,222,125,133
304,219,124,136
299,209,130,146
291,205,143,143
301,218,133,134
298,207,131,149
299,207,131,145
306,215,127,133
303,206,129,150
295,221,139,138
299,215,131,142
300,220,126,134
301,216,128,135
303,214,124,153
302,213,129,138
296,220,137,127
301,217,132,138
300,206,130,148
296,200,136,157
305,214,123,141
307,222,123,136
300,225,125,125
298,216,132,135
299,217,132,138
302,219,127,137
299,204,129,148
298,214,131,143
296,206,135,153
298,211,135,146
299,212,129,149
302,203,129,146
301,213,131,143
301,208,125,145
299,215,132,139
290,217,143,144
302,213,127,142
304,209,129,148
304,212,126,139
298,221,136,135
302,216,126,142
297,213,135,146
310,206,124,149
311,206,123,145
305,212,128,140
309,216,121,139
309,217,125,136
307,215,126,141
308,211,122,147
309,217,120,142
305,216,125,134
306,224,118,127
310,229,107,127
306,218,113,133
307,226,104,127
305,223,107,136
302,219,114,136
305,218,110,137
299,214,114,145
300,218,115,134
302,207,109,139
304,232,106,127
306,226,101,124
306,227,102,128
317,230,89,125
313,232,91,123
319,231,85,118
321,247,80,112
316,245,87,107
314,256,82,100
315,257,79,97
317,249,73,103
320,262,66,92
322,265,59,87
325,267,48,85
327,264,42,89
329,262,33,91
333,262,27,86
333,262,27,86
333,262,27,86
333,262,27,86
333,262,27,86
333,262,27,86
333,262,27,86
333,262,27,86
333,262,27,86
333,262,27,86
333,262,27,86
333,262,27,86
333,262,27,86
333,262,27,86
333,262,27,86
333,262,27,86
333,262,27,86
333,262,27,86
333,262,27,86
333,262,27,86
333,262,27,86
333,262,27,86
333,262,27,86
333,262,27,86
333,262,27,86
333,262,27,86
333,262,27,86
333,262,27,86
333,262,27,86
333,262,27,86
333,262,27,86
333,262,27,86
317,181,40,82
313,185,54,78
329,263,48,77
334,261,35,80
334,259,33,83
334,256,36,79
335,258,34,79
334,258,35,80
316,181,44,75
336,253,46,81
337,257,36,91
340,256,34,96
322,183,52,80
337,264,40,81
338,262,38,80
338,265,35,82
338,270,33,79
339,269,34,80
340,271,35,82
339,270,30,76
338,272,31,83
338,269,32,85
334,272,33,80
329,272,36,75
321,271,43,75
318,268,48,80
313,270,48,82
311,271,51,79
309,271,53,81
310,273,50,76
311,274,49,79
312,277,48,79
316,276,44,75
319,280,35,76
321,280,36,74
323,286,31,67
321,289,32,67
320,290,34,67
315,288,38,67
310,286,40,67
305,288,42,68
299,289,46,66
290,288,56,65
281,285,62,70
280,282,63,71
274,284,64,70
279,287,59,70
284,289,51,68
289,290,42,66
306,301,52,55
306,301,52,55
306,301,52,55
306,301,52,55
306,301,52,55
306,301,52,55
303,295,55,54
303,295,55,54
309,305,50,46
300,308,43,49
296,311,38,43
298,311,30,45
292,310,37,46
289,307,39,48
285,305,41,48
284,304,39,49
288,302,34,52
290,294,34,59
286,289,39,65
297,290,41,61
304,292,33,55
307,290,37,63
310,293,34,60
311,292,35,61
313,293,34,57
311,294,35,52
310,295,36,57
310,295,38,59
309,294,39,59
308,292,41,63
306,293,43,63
306,294,45,63
307,293,44,62
307,292,46,63
307,291,45,65
309,293,43,63
308,292,42,64
309,292,41,62
309,294,41,62
308,291,38,61
309,290,37,61
307,291,37,59
306,287,39,64
306,289,37,62
305,289,37,61
306,285,38,63
306,285,39,61
306,286,39,61
308,288,38,58
307,286,38,60
310,286,36,58
310,286,39,61
308,283,39,61
309,282,37,62
308,281,39,61
310,282,37,63
310,280,38,62
308,280,36,60
308,277,36,60
309,278,36,59
306,275,36,58
308,276,36,58
307,274,36,56
309,275,35,57
307,272,35,55
307,272,36,55
305,270,37,57
307,270,34,49
306,270,37,50
306,270,35,53
308,270,35,51
308,267,35,58
307,266,36,58
308,267,36,57
309,264,36,60
308,261,37,65
309,263,37,59
309,261,37,60
307,261,38,61
307,256,37,65
308,259,36,61
306,257,35,62
305,258,37,59
306,254,34,55
304,255,36,58
306,255,37,58
305,256,36,55
305,252,34,60
305,253,35,62
306,253,33,60
306,255,36,60
307,255,35,59
306,255,35,58
308,255,34,57
305,255,35,60
306,254,34,58
304,255,36,60
304,254,36,56
305,255,37,59
306,254,35,60
304,253,35,57
307,254,36,59
305,252,36,60
304,254,37,60
304,254,36,58
304,254,35,59
304,254,36,60
307,253,34,60
304,253,35,60
305,255,37,56
305,257,36,57
304,253,38,59
307,253,34,59
305,253,36,59
305,254,34,61
305,253,34,60
305,255,38,59
305,256,35,58
304,254,38,60
305,253,36,64
305,251,35,62
306,253,35,61
306,254,36,60
308,255,34,59
304,257,37,59
305,258,35,59
306,259,35,59
305,261,34,55
306,262,36,56
306,265,35,58
307,268,35,59
308,270,34,55
308,273,32,54
309,279,32,55
306,281,33,58
307,283,33,60
307,286,34,63
306,289,34,61
306,289,34,64
308,294,32,62
306,299,36,57
305,303,36,52
305,305,36,51
306,310,34,47
306,313,33,47
306,313,35,44
307,313,35,45
306,313,34,44
307,314,33,46
306,313,35,45
305,315,34,44
306,317,34,42
307,315,33,42
307,311,31,47
307,315,33,43
307,314,32,45
305,313,34,44
305,315,33,43
304,314,33,45
302,314,33,44
302,314,31,44
298,312,34,45
296,314,34,44
294,316,32,42
291,317,32,44
287,315,34,42
284,317,30,41
282,317,31,45
275,316,32,43
271,314,29,44
268,316,24,43
267,314,26,44
263,313,26,43
259,314,23,43
256,316,22,43
254,317,21,42
248,315,20,44
247,312,21,46
244,315,20,44
241,313,17,44
237,312,19,46
232,313,19,46
230,312,13,47
226,312,12,46
223,320,12,46
223,313,11,46
217,315,12,44
216,316,10,43
216,319,9,40
216,324,10,35
216,325,10,31
217,332,11,28
216,332,13,27
217,335,12,25
218,335,14,23
218,335,13,23
218,335,12,24
215,335,14,25
217,333,11,26
220,334,13,24
217,333,16,27
217,329,11,27
217,335,14,25
216,335,12,23
218,335,11,23
231,335,10,23
217,322,11,24
216,319,11,26
215,316,13,26
216,310,11,25
219,315,13,24
218,309,17,27
214,286,16,32
217,289,10,30
216,287,12,32
219,293,16,29
215,282,13,32
215,283,15,34
217,259,13,37
218,270,10,32
217,277,12,32
217,270,12,35
217,267,15,36
218,243,12,41
217,253,10,38
218,252,10,37
216,252,12,35
218,244,11,38
218,229,10,40
219,247,15,40
217,233,11,38
217,233,12,39
216,234,11,38
217,230,12,32
217,231,10,29
217,234,11,26
218,235,10,24
217,237,10,21
217,237,11,21
215,255,11,17
215,256,10,15
216,255,7,16
216,254,7,16
218,256,6,16
216,255,8,16
216,257,8,15
217,259,6,13
217,260,7,12
217,259,7,12
214,257,8,13
216,257,8,15
216,255,8,16
214,256,8,16
212,241,8,18
207,242,9,20
206,240,7,19
206,250,7,22
203,237,7,18
206,245,8,20
201,235,9,20
199,234,11,22
202,238,7,20
202,245,6,21
205,246,8,21
205,248,9,19
203,245,12,20
202,243,15,21
203,243,19,26
202,239,20,30
203,232,16,36
203,231,16,37
202,231,17,38
202,230,17,40
202,231,17,39
202,230,19,41
203,230,20,39
202,230,23,37
203,229,22,40
202,232,22,41
203,228,20,40
204,231,21,40
203,232,21,39
202,230,22,40
204,231,19,38
204,230,20,39
202,230,16,41
203,229,19,40
202,229,20,38
203,228,20,41
204,228,21,41
202,229,22,42
203,230,20,38
205,229,19,41
206,232,20,41
207,235,20,40
210,235,23,42
210,235,24,40
214,235,25,41
214,238,21,43
215,239,22,41
216,239,22,40
217,241,24,39
218,240,22,36
221,242,23,43
222,241,22,43
224,241,27,42
225,242,28,40
227,242,27,46
231,234,32,48
229,229,33,51
236,222,41,54
236,224,44,56
238,222,44,57
238,221,43,59
241,223,43,55
241,224,43,54
241,224,44,57
241,225,45,55
244,225,44,52
243,226,45,54
245,225,43,53
245,223,43,53
245,226,45,49
247,225,45,52
246,223,46,53
249,224,44,56
246,218,45,58
248,213,44,60
246,217,44,71
249,220,42,66
249,223,44,57
247,226,45,57
247,224,44,51
248,225,44,51
248,225,43,57
250,220,41,55
249,224,41,51
248,226,44,48
246,226,44,55
248,224,45,54
247,224,44,59
249,225,41,52
247,223,43,55
247,223,43,55
248,222,42,60
249,223,42,55
247,219,44,56
249,225,44,53
249,220,42,51
247,221,47,53
247,217,49,59
248,216,50,64
250,216,47,62
249,218,49,60
251,215,47,63
250,216,50,68
251,211,46,70
250,211,48,68
249,208,46,72
248,209,49,79
249,214,48,72
249,214,47,71
247,212,48,73
249,206,45,79
249,205,45,83
249,203,45,84
249,208,46,79
248,207,44,78
246,203,45,86
245,203,44,79
245,204,43,80
245,209,43,73
243,206,42,78
243,207,41,79
242,213,41,71
242,207,40,78
239,229,44,68
240,225,39,65
240,233,39,60
239,233,38,54
237,235,38,49
239,236,34,47
239,237,34,48
237,239,34,48
236,239,32,49
238,240,30,47
235,240,30,47
237,242,29,45
236,241,30,48
236,242,28,45
237,243,26,45
236,243,26,46
234,241,26,49
232,244,24,50
233,245,23,46
230,246,25,43
216,239,24,42
204,232,20,39
196,246,23,42
189,232,32,47
162,172,24,48
162,172,24,48
162,172,24,48
153,160,24,38
153,160,24,38
153,160,24,38
147,167,32,39
147,167,32,39
147,167,32,39
150,162,40,45
151,165,44,49
158,225,51,61
150,206,56,71
160,203,53,87
160,203,51,87
158,194,51,96
155,201,52,92
155,198,47,92
153,199,42,95
152,197,41,99
145,185,49,109
140,173,62,121
136,180,73,119
133,175,72,122
129,179,70,116
129,176,66,123
125,179,68,119
127,178,61,120
122,172,62,128
125,181,58,121
123,183,53,117
121,185,53,117
117,174,55,122
116,170,53,127
115,166,52,130
116,166,51,123
117,167,47,121
120,160,49,116
127,169,44,107
128,163,43,103
132,170,46,93
128,167,49,92
132,163,46,98
131,162,44,98
133,162,41,101
128,160,43,101
129,162,42,99
128,162,43,97
129,162,43,98
128,165,41,98
129,163,33,99
128,162,42,99
125,162,37,101
130,167,46,97
126,166,37,98
124,162,47,101
127,168,39,98
132,172,48,96
123,178,59,103
133,189,50,93
126,182,47,105
117,176,63,113
120,175,64,111
124,187,55,99
125,191,52,95
125,183,57,102
122,170,63,110
123,168,65,112
130,188,57,97
130,193,61,91
125,195,69,92
131,198,61,85
126,195,63,91
130,197,59,85
127,190,53,92
135,189,50,87
134,174,49,87
132,169,44,95
132,165,43,96
130,163,44,98
133,163,42,91
131,162,42,95
134,164,39,95
130,165,47,89
133,167,44,85
136,167,42,95
136,168,41,93
138,163,40,98
144,166,40,94
143,163,34,99
149,165,26,97
145,149,36,89
149,159,38,78
150,168,41,69
149,162,42,69
147,166,39,63
152,171,30,57
152,162,30,63
153,167,27,62
155,164,32,57
160,164,33,54
166,150,24,60
172,161,26,59
180,162,28,59
189,166,32,64
195,167,39,66
201,170,51,64
207,170,59,68
216,170,67,67
229,169,75,76
242,171,86,76
225,217,89,90
231,204,98,101
230,189,104,114
234,173,108,131
233,164,110,146
232,159,109,150
231,168,114,143
237,164,106,142
232,164,109,148
233,166,108,146
230,164,113,146
232,160,113,152
228,155,117,160
232,156,115,158
234,154,115,160
232,159,116,154
232,156,115,155
232,159,114,153
234,161,112,153
235,165,110,150
236,169,111,145
232,165,112,141
234,167,108,148
236,165,107,148
233,165,107,145
237,163,103,146
233,163,108,146
232,165,110,148
231,161,113,152
229,166,112,150
233,163,113,148
236,164,108,148
233,161,115,151
236,163,110,150
233,157,114,153
234,163,112,152
230,158,117,154
233,165,112,149
235,162,113,153
234,162,111,149
232,162,110,152
235,159,102,155
231,162,109,148
229,164,110,152
227,160,113,149
225,160,111,150
226,167,105,147
222,158,105,156
217,165,107,151
214,163,109,153
210,157,107,157
207,161,100,149
210,157,100,157
200,160,106,152
193,160,112,156
191,168,106,147
186,162,113,149
184,160,108,146
183,170,108,145
179,168,111,144
178,167,101,142
176,165,101,143
173,169,99,143
166,169,103,144
163,163,103,147
158,171,104,143
156,164,101,144
152,163,104,141
148,163,105,144
142,164,103,144
142,163,103,147
141,166,106,145
140,167,102,139
136,167,103,142
137,167,103,140
135,164,103,147
135,166,111,143
138,164,106,144
137,163,107,144
138,166,107,146
135,165,110,143
139,163,108,143
139,163,104,143
138,163,106,143
138,162,107,146
138,162,106,148
139,162,102,148
142,155,103,156
143,159,108,152
144,161,107,147
144,163,111,145
151,159,108,151
151,163,105,143
155,165,107,139
158,164,109,147
158,165,110,144
167,162,108,152
172,165,106,144
174,164,105,144
177,163,107,147
176,161,109,147
181,159,112,148
182,164,113,144
187,167,112,144
193,167,111,144
198,167,113,145
202,165,106,148
205,162,110,152
208,167,110,141
215,159,105,156
217,163,105,150
220,171,105,139
225,161,107,147
224,164,110,148
228,166,113,146
234,166,107,147
233,168,114,143
240,169,112,144
242,166,114,151
246,163,112,153
244,161,119,151
249,167,118,148
251,168,118,149
255,169,117,146
258,167,119,146
261,164,116,147
266,164,119,148
270,164,120,148
272,166,118,147
274,166,122,147
281,165,116,147
284,162,117,149
285,159,119,156
286,163,120,149
293,161,119,153
289,159,127,159
304,161,115,155
306,162,118,150
309,160,119,148
319,163,112,150
321,166,110,147
326,164,110,144
323,162,119,150
327,166,113,145
336,165,109,148
333,163,115,146
330,162,119,150
340,167,113,146
339,163,115,146
337,169,111,146
332,161,122,149
338,165,117,145
333,163,121,145
333,162,120,151
337,163,116,147
335,166,114,144
334,166,122,146
334,168,117,142
334,169,119,140
332,166,121,146
332,165,121,144
333,164,119,147
329,166,123,146
332,165,118,146
332,167,119,145
327,166,122,141
327,166,122,143
326,165,124,145
327,163,125,147
326,165,123,147
325,165,123,146
316,162,133,148
322,164,124,145
316,164,134,145
318,162,127,149
322,164,127,143
322,164,124,147
323,165,129,142
319,163,129,147
323,165,124,144
322,162,126,149
322,165,125,148
327,167,119,144
324,167,124,139
322,166,127,145
321,164,125,149
321,166,128,148
324,163,127,149
325,167,124,144
333,165,117,145
333,168,120,142
326,168,123,139
334,166,120,146
332,164,122,146
335,165,117,145
337,165,119,144
338,163,115,146
339,166,119,147
336,163,123,146
338,159,119,151
341,161,114,150
338,157,118,151
343,162,119,149
341,165,116,148
339,164,119,144
340,158,114,152
343,157,113,155
339,156,114,153
338,157,119,154
340,160,114,152
339,156,117,152
338,162,116,149
342,162,112,146
341,159,116,153
340,159,114,148
338,158,116,151
344,160,115,154
349,162,109,145
346,164,112,148
346,168,105,142
344,158,113,152
345,160,113,150
343,162,115,146
338,159,119,152
345,157,112,154
347,162,109,148
342,162,114,146
339,162,118,147
338,160,120,146
338,154,117,154
347,158,114,150
347,161,111,147
344,155,115,150
350,153,106,150
344,158,111,150
339,154,122,148
347,154,113,150
347,153,113,148
346,154,116,145
352,152,108,149
352,152,111,145
351,151,110,146
350,149,111,146
351,151,111,143
350,150,108,142
349,150,113,143
345,147,118,147
344,148,120,150
350,147,111,145
350,145,114,149
349,144,114,149
346,146,114,142
351,146,112,143
353,143,109,145
346,145,120,149
345,142,120,149
348,140,116,152
353,142,110,153
345,143,118,147
345,145,120,149
345,145,114,147
348,145,111,144
348,145,115,144
348,149,113,139
348,143,116,148
350,147,115,143
348,142,117,151
350,143,113,150
349,144,117,150
348,145,115,148
349,146,115,146
350,148,116,142
349,148,116,143
349,145,117,150
345,147,119,144
347,146,117,147
343,144,119,147
347,144,115,147
353,143,108,151
350,146,115,150
348,148,114,147
350,145,111,144
347,147,119,145
350,147,112,144
352,144,115,146
359,142,107,151
350,142,113,145
349,140,117,150
349,133,114,155
340,132,125,149
345,129,119,155
348,125,118,153
350,127,116,145
347,123,114,148
347,119,118,145
353,118,111,147
350,111,117,151
353,112,110,147
350,107,120,150
346,106,122,147
351,105,117,144
349,99,122,153
342,95,128,152
350,89,118,157
348,91,123,156
350,86,120,150
354,83,115,154
352,83,115,152
349,80,118,152
347,76,122,159
357,80,112,153
350,76,117,161
351,78,120,160
351,79,121,157
350,75,124,164
353,80,118,155
353,80,117,157
348,82,120,154
350,83,120,151
347,84,124,154
353,89,115,149
352,88,119,157
351,92,120,152
349,89,118,159
350,99,116,153
352,103,112,148
348,104,121,152
348,106,117,150
346,110,125,150
343,113,123,146
350,114,117,149
352,118,113,149
348,124,120,146
346,123,114,146
351,126,114,149
348,126,116,155
346,132,119,153
343,131,120,152
353,140,112,147
346,142,118,143
345,145,115,148
350,145,110,149
344,151,119,147
341,152,117,141
345,158,111,140
344,156,114,140
342,161,120,140
341,165,114,142
344,164,115,141
343,168,114,142
344,171,113,141
347,175,111,140
347,178,109,139
350,179,106,138
344,180,113,139
345,184,112,138
339,183,120,140
343,183,114,143
348,187,112,144
346,193,111,137
343,194,109,137
342,197,113,138
347,201,108,137
340,203,111,136
343,209,110,129
338,209,114,134
344,206,110,140
340,216,113,135
339,215,111,134
335,218,115,132
332,222,118,129
339,221,113,123
337,221,117,131
336,226,113,126
337,222,114,130
339,221,111,132
336,214,114,137
334,218,116,135
336,219,112,132
340,220,113,134
340,220,109,129
339,219,109,127
338,218,112,134
336,217,116,135
337,220,112,131
337,215,114,137
335,221,113,127
333,223,116,126
336,220,114,125
334,226,113,127
336,222,113,127
341,217,108,134
338,222,109,129
343,222,109,135
342,218,108,131
338,223,113,126
340,216,112,130
336,216,116,130
340,215,110,132
337,212,115,134
348,208,105,135
342,211,111,136
345,213,109,133
340,210,113,137
348,213,107,135
348,217,103,129
344,214,112,133
346,215,109,135
341,217,108,129
335,218,115,127
341,215,108,129
337,218,114,133
335,214,113,132
336,216,112,130
340,219,111,130
343,215,106,134
341,217,109,135
339,221,112,133
337,219,114,133
337,223,115,131
336,223,112,131
337,221,112,131
337,220,113,133
334,219,114,133
337,229,110,129
332,224,119,133
332,227,115,131
335,222,111,136
336,226,110,128
338,225,107,129
332,226,113,132
335,225,110,129
337,232,108,124
332,234,109,123
330,231,116,121
334,235,110,122
326,230,116,127
330,231,113,120
333,234,109,121
338,238,103,115
329,239,111,123
329,240,110,119
331,237,107,122
330,236,110,127
323,239,110,117
327,246,110,112
326,235,107,120
324,238,109,118
323,240,110,120
322,240,108,116
321,242,110,117
318,242,113,114
321,243,110,114
325,242,109,114
325,240,105,118
325,249,107,111
324,243,108,113
326,236,108,127
325,239,110,118
321,244,110,116
324,238,107,115
323,244,109,109
326,247,105,111
327,241,107,117
326,246,108,112
329,243,104,116
324,246,107,111
