496,100,21,67
493,99,24,69
492,99,22,69
489,100,23,70
488,99,22,70
486,99,22,69
485,99,23,70
484,98,22,70
483,99,23,69
482,99,23,70
481,99,22,71
481,100,22,72
480,102,22,71
478,104,23,70
478,105,21,69
477,106,23,69
476,106,23,70
476,105,23,73
476,105,23,73
476,107,22,72
475,109,24,69
474,111,24,70
475,111,23,69
474,111,22,70
473,112,23,71
473,111,23,75
474,111,22,75
473,113,23,74
472,114,23,74
472,115,22,74
471,117,23,71
471,117,23,72
470,118,24,73
469,118,25,73
469,118,25,75
470,119,24,76
469,121,25,75
468,123,25,73
469,124,23,77
468,125,24,78
468,125,23,79
468,125,23,80
467,126,24,79
467,128,24,77
466,128,24,82
466,129,23,82
465,128,24,86
465,126,25,87
464,130,26,85
465,131,24,86
465,135,24,81
465,135,23,86
465,135,23,84
464,134,24,88
461,132,26,90
461,132,25,92
458,127,28,98
456,124,29,100
454,123,31,102
453,123,31,104
452,121,30,106
453,121,29,105
452,121,28,108
452,118,28,112
449,122,30,109
450,119,28,112
448,123,28,107
448,121,28,109
447,127,26,105
447,137,25,94
445,145,25,87
443,146,26,85
441,147,27,84
438,149,27,84
435,149,27,83
433,150,22,82
431,149,21,84
430,151,21,86
428,150,21,86
425,149,22,84
423,150,21,86
421,149,21,86
417,149,23,86
413,152,24,83
410,151,24,83
407,152,22,80
404,151,21,85
403,150,19,87
402,143,19,82
402,143,19,82
402,143,19,82
402,143,19,82
402,143,19,82
402,143,19,82
402,143,19,82
402,143,19,82
402,143,19,82
402,143,19,82
402,143,19,82
402,143,19,82
402,143,19,82
402,143,19,82
402,143,19,82
402,143,19,82
402,143,19,82
402,143,19,82
402,143,19,82
402,143,19,82
402,143,19,82
332,151,17,80
332,151,16,82
329,150,18,84
325,151,22,86
323,151,22,85
320,149,23,87
318,149,22,84
310,151,27,83
309,151,26,83
303,153,30,81
302,151,30,83
299,150,32,84
297,150,32,81
296,151,30,83
294,150,32,84
292,149,32,84
291,150,28,82
289,149,24,83
288,151,20,80
287,150,18,82
283,151,20,81
280,150,22,83
276,151,24,82
273,152,27,79
270,151,28,81
268,151,31,82
267,152,30,79
266,151,28,81
264,152,26,80
261,151,32,81
258,153,29,78
255,151,26,81
252,151,25,81
253,151,21,79
250,152,22,79
246,151,24,79
244,152,25,79
244,153,25,79
243,153,22,78
241,152,22,79
241,153,19,78
241,151,18,80
240,152,18,80
238,151,18,81
236,151,17,81
235,150,16,81
233,151,17,81
232,151,17,79
231,150,18,80
229,149,20,81
227,149,19,82
227,151,19,80
225,149,21,82
224,149,21,82
222,148,23,83
221,150,25,81
220,149,24,81
219,151,23,80
219,152,20,78
219,151,19,79
218,152,18,79
217,151,18,79
217,151,18,79
217,151,17,79
217,151,17,79
217,152,16,78
216,152,18,78
216,151,18,79
216,151,17,78
217,151,17,78
216,152,18,78
216,151,19,79
215,151,20,78
216,154,19,76
217,152,18,78
214,151,22,79
214,153,22,77
215,153,21,76
214,152,23,77
213,153,24,77
215,153,21,75
213,153,24,75
214,154,23,75
213,154,24,74
213,155,24,74
213,154,23,74
213,154,24,74
214,153,24,74
215,152,23,75
213,154,24,73
216,153,22,75
216,153,23,73
218,153,22,73
218,154,24,73
218,154,25,73
220,153,23,73
220,156,25,69
223,158,24,66
223,159,24,66
226,160,23,65
226,162,23,63
227,160,24,64
226,163,26,63
232,159,22,65
234,163,20,62
236,162,20,61
239,160,18,63
241,158,19,66
242,158,21,66
242,154,23,69
244,154,31,69
245,155,38,68
246,157,48,64
248,155,44,66
247,155,46,67
248,157,42,65
249,154,43,69
250,155,41,67
253,154,38,68
263,154,29,70
271,153,22,70
271,152,24,71
273,153,32,71
275,153,30,71
280,154,26,70
285,155,22,67
285,154,24,69
288,153,21,71
287,153,22,70
290,154,20,69
293,152,20,71
296,152,21,72
298,152,24,72
298,153,26,73
300,151,26,73
301,153,27,72
302,154,28,72
304,154,28,73
304,154,29,71
306,153,30,73
310,154,28,72
316,151,22,75
320,152,20,75
321,152,22,75
321,152,23,76
323,152,24,78
323,153,25,77
325,154,22,76
327,152,21,77
328,153,21,75
330,152,19,75
331,151,17,78
332,151,16,74
331,150,16,74
332,151,16,74
333,151,16,74
333,152,15,73
333,152,15,71
334,153,15,72
335,153,13,73
336,154,12,71
336,154,12,72
335,153,15,74
335,151,13,76
336,152,12,73
337,152,12,73
335,151,13,72
337,151,12,72
336,151,13,67
336,152,13,64
336,152,12,64
335,153,13,68
335,153,13,74
333,152,16,76
332,151,17,77
331,151,17,77
331,149,18,82
330,149,18,82
329,149,19,87
329,149,19,85
327,149,21,91
328,149,21,94
327,150,21,96
324,151,24,94
325,150,23,93
323,150,24,95
321,149,26,95
320,148,27,94
319,150,26,94
317,149,27,93
314,149,31,93
311,149,35,96
310,151,33,96
309,151,32,95
307,151,31,95
305,150,32,95
305,150,29,96
302,151,29,96
302,149,28,96
300,148,26,99
298,147,26,99
297,148,27,101
296,148,26,103
295,148,25,103
292,149,26,103
288,149,31,103
289,150,27,103
287,149,26,105
284,147,27,107
283,147,26,108
280,147,27,106
277,146,28,106
273,150,31,105
271,149,31,104
268,150,35,105
266,151,34,103
263,151,35,105
261,151,34,107
258,150,36,110
256,149,33,111
253,149,35,110
252,146,33,113
250,146,31,114
249,148,28,115
247,148,29,117
247,147,26,118
243,149,29,120
240,150,30,116
239,151,30,116
237,149,29,120
236,148,27,121
233,147,28,120
230,148,29,117
228,146,29,120
226,147,31,121
224,148,32,121
221,149,34,123
217,149,35,122
213,150,38,123
210,150,39,124
207,150,40,125
204,149,36,126
201,148,37,129
201,147,35,129
196,145,39,132
193,147,39,131
192,147,37,134
191,145,35,138
188,145,36,140
186,146,37,140
183,146,39,140
180,145,37,142
179,144,35,145
176,144,36,145
174,144,34,142
171,144,34,144
166,144,40,145
164,145,38,145
159,145,44,148
157,146,44,146
153,148,47,148
150,147,45,153
147,148,45,153
144,145,43,158
142,143,41,161
138,142,44,161
140,141,38,166
138,139,38,164
137,141,39,169
134,143,41,168
133,142,39,169
130,143,38,170
126,140,43,179
123,141,45,179
123,140,40,182
118,140,44,179
115,137,46,181
113,136,46,184
108,134,50,188
107,137,49,190
102,136,54,192
101,140,53,189
97,140,56,194
93,144,58,190
89,141,63,199
88,139,59,201
86,139,59,207
85,136,60,205
83,136,62,208
80,137,63,210
81,137,60,209
81,135,59,220
77,137,63,218
79,137,58,222
76,138,63,216
73,142,66,216
71,139,69,216
70,138,69,214
69,136,69,217
67,136,71,218
68,133,69,223
65,136,74,219
63,135,78,224
65,133,75,228
64,135,76,223
65,134,77,224
64,138,76,221
63,140,80,220
62,138,82,218
64,135,82,224
66,131,84,229
66,129,84,224
70,132,85,228
75,129,80,230
75,132,83,226
76,132,86,226
78,137,83,222
81,135,88,229
91,137,81,227
96,136,83,228
100,133,85,228
112,133,80,230
108,132,97,233
119,128,93,229
127,131,88,228
138,125,74,238
144,133,68,234
152,132,66,228
157,135,70,223
164,131,64,227
167,131,73,232
170,129,88,232
179,122,97,234
186,124,98,232
194,119,94,239
203,115,88,239
202,113,101,247
207,115,119,239
230,118,101,238
237,120,101,234
249,123,98,232
253,123,103,231
281,119,87,239
303,117,78,245
309,114,92,245
321,106,95,251
331,102,97,251
345,103,86,248
358,104,89,250
374,106,93,250
389,120,82,230
411,155,100,202
417,126,88,216
436,110,102,246
438,99,115,257
478,98,97,258
502,90,99,265
524,80,102,279
514,80,128,289
525,115,114,301
573,83,71,275
381,57,73,275
381,57,73,275
338,62,80,299
338,62,80,299
338,62,80,299
338,62,80,299
338,62,80,299
340,27,75,332
340,27,75,332
340,27,75,332
340,27,75,332
340,27,75,332
340,27,75,332
340,27,75,332
340,27,75,332
340,27,75,332
340,27,75,332
340,27,75,332
340,27,75,332
340,27,75,332
340,27,75,332
340,27,75,332
340,27,75,332
340,27,75,332
340,27,75,332
340,27,75,332
340,27,75,332
340,27,75,332
340,27,75,332
340,27,75,332
340,27,75,332
340,27,75,332
340,27,75,332
340,27,75,332
340,27,75,332
340,27,75,332
340,27,75,332
340,27,75,332
340,27,75,332
340,27,75,332
340,27,75,332
340,27,75,332
340,27,75,332
340,27,75,332
340,27,75,332
340,27,75,332
340,27,75,332
340,27,75,332
340,27,75,332
340,27,75,332
340,27,75,332
340,27,75,332
340,27,75,332
340,27,75,332
340,27,75,332
340,27,75,332
340,27,75,332
340,27,75,332
340,27,75,332
340,27,75,332
340,27,75,332
340,27,75,332
