377,202,64,80
380,200,63,79
378,197,62,81
380,199,60,81
379,199,61,79
380,199,61,79
379,199,61,80
381,200,61,79
381,201,60,79
380,200,61,77
380,197,61,83
378,199,62,80
380,200,61,78
380,200,60,79
378,199,61,79
380,199,63,80
378,200,60,79
378,200,64,78
378,197,63,83
381,199,62,82
379,197,61,82
380,195,62,87
381,200,60,79
380,201,61,79
378,198,62,80
380,199,62,81
379,199,61,81
379,199,60,80
381,200,61,80
380,197,61,80
379,198,61,82
378,198,64,81
379,196,62,85
378,199,63,81
379,199,61,78
381,198,59,82
379,200,62,79
378,198,63,83
378,197,60,84
380,200,62,80
380,199,60,80
381,201,60,78
380,200,60,77
380,200,60,80
380,201,60,78
381,199,61,81
380,202,58,76
382,201,60,79
381,199,60,81
380,200,60,80
379,198,60,82
378,198,63,82
380,199,60,79
380,201,61,80
379,196,61,84
380,197,61,82
378,199,62,82
379,199,64,80
380,198,61,82
379,201,62,78
381,198,61,80
380,198,60,83
380,198,60,82
379,199,61,81
380,197,61,84
379,195,61,85
377,190,63,87
379,187,62,89
379,187,62,93
374,180,71,101
375,188,69,93
378,197,67,83
373,191,70,91
364,190,79,89
355,191,85,92
355,192,86,91
354,190,87,92
353,194,87,92
354,189,85,92
355,190,83,93
352,190,86,97
354,191,82,96
347,192,86,96
347,197,87,94
338,193,91,100
337,194,87,96
333,197,83,97
322,202,91,97
320,204,90,97
313,202,94,95
315,208,80,98
316,203,72,99
309,205,76,96
304,205,77,97
298,205,77,97
290,200,79,102
292,199,74,102
291,198,71,103
284,198,80,104
282,202,84,101
277,199,83,100
281,198,81,103
288,198,70,102
284,202,77,102
271,201,87,101
278,201,84,102
280,198,80,103
287,197,70,103
284,194,76,108
284,196,75,109
288,198,76,100
288,202,72,97
291,201,70,98
289,204,72,93
282,205,79,93
287,207,76,88
282,205,78,93
285,205,77,94
283,205,78,95
284,209,78,89
281,206,81,93
273,202,87,99
262,193,97,109
253,190,109,115
256,193,105,107
266,193,95,107
260,188,110,114
267,186,104,116
269,189,94,113
271,195,91,103
278,193,80,107
275,193,82,110
267,194,88,114
267,191,90,118
260,188,97,114
255,194,114,111
256,193,119,115
255,194,117,110
252,192,115,110
250,193,121,114
250,190,121,115
245,198,111,107
242,199,123,108
237,196,130,113
231,188,135,120
226,185,141,122
219,192,148,117
216,195,150,111
212,195,152,112
217,195,146,110
213,191,152,120
216,194,146,116
215,201,148,112
223,205,138,106
226,205,133,105
224,205,132,105
218,202,143,105
218,199,147,113
213,196,150,123
215,195,151,117
209,195,157,126
211,195,155,119
213,193,152,125
209,190,163,141
204,189,163,144
210,193,150,133
203,189,159,146
208,188,148,131
207,191,154,129
210,189,150,132
206,192,156,136
215,194,144,135
205,191,163,151
207,197,156,135
224,192,136,131
213,190,147,132
205,192,162,124
197,188,173,148
205,191,162,127
221,190,146,130
209,188,163,144
224,191,145,143
230,198,134,120
234,199,128,124
239,201,123,125
236,203,125,123
237,203,128,126
233,200,130,132
242,205,122,111
236,205,131,125
237,205,126,113
239,203,124,124
236,203,124,124
237,203,123,122
231,205,131,129
233,204,137,128
229,205,132,118
229,206,134,126
228,208,136,124
229,213,128,107
227,209,125,116
230,208,125,115
229,205,124,118
229,205,122,120
224,200,134,122
224,198,141,137
212,196,146,136
219,199,143,114
214,196,152,126
216,194,142,117
212,186,150,140
215,192,150,132
211,193,151,126
220,191,142,132
218,182,141,138
218,175,145,127
197,167,166,158
194,156,175,181
192,144,176,188
197,143,171,180
196,156,168,163
186,139,186,183
177,125,188,188
159,125,212,194
152,113,216,198
183,109,187,193
196,110,177,197
208,118,157,197
204,150,168,171
227,187,142,134
245,204,129,108
245,203,125,109
246,199,129,111
245,197,129,117
246,196,129,115
246,201,128,109
248,211,124,102
241,203,131,109
249,209,123,103
243,205,127,109
245,205,125,106
249,204,122,104
248,210,119,101
249,201,122,111
243,207,130,106
240,203,133,107
242,204,129,104
242,204,126,102
240,199,129,106
240,196,132,103
239,198,131,105
241,187,125,112
242,193,126,108
247,182,121,115
252,182,116,112
250,184,115,109
251,183,113,107
249,174,114,115
255,173,109,117
254,173,108,107
245,168,114,113
253,180,103,97
250,193,102,78
242,190,112,78
240,188,116,78
241,184,114,75
242,181,113,76
243,179,111,75
241,177,119,74
239,176,121,72
240,175,124,73
241,175,127,72
239,174,129,75
239,173,128,77
239,169,127,81
235,168,139,81
235,166,137,83
230,156,133,95
219,151,154,106
222,145,161,122
226,138,159,118
231,123,143,144
236,105,122,158
236,112,136,170
242,95,149,195
242,92,156,173
246,97,168,171
245,91,172,177
246,86,176,183
243,82,191,184
242,69,188,199
246,72,188,192
245,75,186,186
248,82,188,183
249,79,198,184
251,87,199,179
250,87,200,177
249,82,207,182
245,79,224,180
247,90,212,169
250,82,220,174
249,86,229,177
248,79,239,178
247,82,244,178
252,88,244,162
248,81,260,169
249,78,258,173
252,73,265,177
249,69,282,179
252,61,274,185
250,53,306,194
255,59,307,191
258,59,312,185
248,57,333,184
248,50,335,197
251,51,327,196
251,49,327,190
250,40,317,210
252,50,319,196
244,55,292,190
247,59,278,194
248,74,284,174
251,62,250,188
246,73,235,170
250,70,213,178
247,73,201,177
242,71,186,182
243,67,182,187
258,39,215,208
235,72,258,178
257,74,300,173
226,84,346,159
225,76,384,169
207,74,392,165
165,86,419,155
206,73,389,173
184,67,387,177
203,37,405,208
196,70,400,178
183,50,385,204
197,28,408,222
176,51,418,199
193,53,405,193
200,31,408,216
208,31,377,216
205,35,377,218
212,32,376,217
199,66,356,177
180,58,388,189
213,39,345,208
217,30,330,218
219,34,305,220
208,38,290,210
208,39,298,214
201,34,289,227
207,28,258,228
203,39,220,222
203,25,254,245
198,27,254,240
202,14,257,261
204,16,245,255
208,11,244,254
203,21,220,241
197,24,220,245
204,16,217,257
205,13,219,256
203,17,224,244
205,12,197,261
200,13,225,261
202,19,222,251
204,10,221,262
204,23,209,231
208,22,203,231
207,23,196,229
204,28,192,220
206,16,171,239
214,60,173,203
210,66,182,197
208,70,175,182
214,80,171,168
211,80,169,170
218,90,158,164
209,85,165,173
208,78,162,179
209,89,160,169
209,105,155,152
209,132,147,135
217,140,141,129
215,148,136,118
208,145,144,119
212,159,140,109
210,158,138,110
221,163,128,98
225,166,118,91
215,170,130,87
220,169,122,86
216,168,128,88
217,167,124,92
214,165,130,93
222,170,121,87
218,166,126,88
219,166,128,94
221,167,125,94
212,168,134,95
220,168,127,97
219,169,127,100
219,170,126,100
222,172,124,99
220,175,121,97
219,178,127,100
225,182,117,94
227,183,117,100
226,184,125,106
227,181,126,113
231,181,120,116
232,181,125,119
235,181,127,124
229,181,129,119
225,182,139,129
218,172,149,137
231,185,141,125
239,198,124,107
246,199,123,108
245,201,117,104
239,206,128,107
241,203,121,107
247,199,114,115
251,201,105,109
257,205,101,108
262,214,94,97
269,211,85,99
264,213,86,99
266,214,89,97
260,216,94,99
259,219,93,96
255,217,97,101
256,219,94,102
254,219,98,107
257,220,96,109
262,222,90,107
261,219,88,109
264,218,87,113
258,214,92,122
264,221,85,115
264,226,89,109
265,226,88,115
266,221,88,121
269,211,89,135
273,206,84,145
273,213,85,139
277,224,82,125
270,233,91,111
270,232,93,118
268,229,95,123
272,219,86,132
265,214,95,136
260,230,103,122
256,238,105,115
250,227,116,126
249,231,114,120
251,223,112,123
250,221,118,130
256,212,109,137
262,205,110,143
262,210,105,137
271,207,95,140
269,208,93,140
270,208,92,140
269,210,91,138
273,208,89,139
271,210,87,133
266,210,92,131
272,207,88,134
273,208,81,134
264,206,92,136
255,207,95,135
252,204,95,130
263,197,102,143
256,190,127,151
249,184,134,151
240,180,152,154
229,180,163,156
225,179,164,140
222,180,166,133
212,150,195,150
207,137,197,178
200,92,203,224
209,99,189,223
204,79,199,245
192,92,206,229
189,88,209,235
210,65,185,265
178,88,220,227
204,71,195,251
213,54,186,261
204,74,197,250
191,88,206,232
203,78,190,248
194,65,204,257
196,46,198,282
191,28,199,304
191,19,204,309
193,28,199,308
193,25,201,308
186,24,205,306
189,33,210,296
170,24,224,302
186,50,209,285
184,63,211,271
180,45,221,286
170,32,224,289
175,45,236,282
185,46,225,273
191,24,201,301
197,28,205,291
191,34,201,296
193,30,207,292
198,41,203,283
194,21,205,292
200,23,210,294
201,18,210,303
199,24,202,302
208,35,198,293
214,12,184,313
223,24,188,307
217,15,188,312
219,21,188,310
216,51,182,293
223,54,174,275
222,77,168,259
223,115,155,225
221,147,156,190
220,152,147,186
230,149,125,191
226,149,132,187
228,150,125,181
224,150,131,184
228,152,129,181
227,155,130,174
225,150,134,178
224,155,123,179
221,157,124,170
222,152,134,170
222,150,143,175
224,141,148,186
220,146,156,181
221,140,162,176
194,174,133,176
212,163,102,175
216,172,74,167
232,173,88,161
218,184,79,150
213,201,77,134
214,220,80,116
218,227,74,109
212,230,79,102
209,230,84,104
206,226,86,105
204,234,89,98
207,229,82,99
207,225,83,108
209,229,78,101
208,230,81,102
207,230,77,106
210,228,79,101
204,231,85,97
201,226,88,102
196,227,90,104
195,222,90,103
190,221,91,100
184,224,95,99
181,220,97,100
177,216,99,105
177,219,98,98
175,218,99,98
173,220,99,94
169,219,102,95
166,218,103,100
166,217,103,97
165,218,97,95
162,221,98,91
158,219,99,93
157,217,98,95
156,221,99,89
151,220,102,89
151,223,102,90
152,222,98,84
164,223,86,90
160,219,90,90
173,223,81,85
179,218,78,92
177,217,87,91
182,220,85,89
193,222,78,84
194,218,84,87
193,220,92,90
195,215,91,90
195,216,97,91
188,220,106,88
198,217,101,89
194,219,109,87
198,217,103,86
198,218,104,87
208,219,98,88
206,217,98,87
210,217,94,88
211,221,99,86
213,215,93,88
216,218,91,88
219,216,90,90
222,216,88,91
228,218,78,89
230,215,78,98
226,213,82,95
231,209,75,97
233,216,68,88
230,214,74,93
231,211,73,95
231,214,68,94
228,212,74,93
226,210,75,95
224,211,76,96
219,208,84,97
219,207,85,98
216,206,88,94
213,206,88,92
212,206,91,89
208,208,98,87
203,205,102,89
197,197,107,95
192,199,109,94
188,195,112,95
207,195,127,93
198,203,137,85
189,202,149,85
184,204,155,86
187,204,154,87
183,202,162,90
190,201,149,86
185,205,156,86
188,204,150,83
187,205,157,83
188,205,153,82
192,205,146,80
189,207,149,79
194,207,143,83
194,205,142,82
191,204,121,82
199,203,133,83
197,203,141,80
194,203,148,79
198,204,139,78
195,205,142,79
201,206,136,75
197,206,137,77
201,204,136,78
197,205,143,77
200,205,137,78
199,203,125,80
200,204,139,75
201,205,133,78
202,201,132,75
197,207,139,78
201,206,134,76
200,206,136,75
201,207,132,76
201,207,135,73
203,205,130,74
200,207,135,74
200,208,133,76
201,205,131,77
201,206,131,76
200,204,135,78
182,207,109,76
202,204,93,82
202,201,86,84
205,203,83,81
207,202,81,85
208,203,83,83
208,205,82,79
211,203,81,79
213,203,76,80
214,204,79,80
215,202,78,81
216,205,79,79
219,202,74,82
221,203,70,80
223,205,68,79
227,201,61,82
225,204,64,75
225,205,66,77
233,202,59,78
233,203,61,77
234,204,64,76
233,200,68,77
234,200,68,77
232,202,70,76
228,197,75,79
234,196,69,81
243,194,62,80
241,198,61,76
242,201,60,77
243,200,58,75
245,202,55,77
239,200,63,74
242,200,61,74
241,201,63,78
242,197,62,79
243,198,61,80
242,202,65,74
242,198,64,80
240,197,68,79
241,202,64,76
242,200,66,76
241,202,66,74
241,199,69,76
241,201,66,74
242,201,70,72
241,198,74,76
240,201,76,76
242,202,87,75
238,198,81,78
242,202,78,77
240,198,93,78
239,199,85,78
242,197,78,80
242,194,85,82
237,198,91,80
238,193,94,83
238,198,92,79
239,198,86,78
242,200,71,75
242,201,73,75
242,200,75,74
244,200,68,76
242,203,72,72
242,202,77,73
242,202,69,74
241,203,73,73
243,201,69,73
241,201,78,74
240,204,92,71
234,199,100,76
232,203,102,75
235,202,98,78
232,200,103,78
230,203,106,76
228,203,107,76
232,202,99,79
235,201,85,76
236,202,84,74
238,204,72,78
243,202,66,76
240,194,72,82
242,203,76,74
238,201,72,73
235,182,80,96
229,186,83,94
223,178,105,103
215,176,120,106
220,188,110,95
224,200,90,81
233,198,78,85
241,202,66,80
241,202,67,78
241,203,68,76
240,201,69,77
242,201,68,75
243,201,67,79
245,202,65,78
242,202,71,77
243,203,68,77
243,202,70,78
243,203,68,77
244,203,68,78
245,202,66,78
242,206,68,77
244,203,69,80
243,204,74,85
248,203,64,79
246,203,65,82
244,206,69,84
245,204,65,82
246,203,64,85
244,202,67,88
240,202,68,84
244,203,65,85
242,201,66,90
243,201,65,82
243,204,68,79
247,202,64,80
248,202,62,80
249,201,63,82
249,203,68,79
250,204,60,76
249,202,61,79
250,201,62,82
247,203,64,79
246,202,64,79
246,202,65,79
245,202,73,78
245,204,89,77
243,198,85,85
243,200,84,83
246,204,74,78
244,203,79,77
244,201,80,76
241,206,85,75
241,207,81,72
237,206,83,81
238,205,82,86
236,208,90,83
233,208,98,89
233,209,91,91
238,210,78,95
236,211,77,93
239,210,80,99
238,211,87,104
238,213,83,102
237,212,86,104
241,213,81,104
241,211,86,104
251,216,82,103
255,216,78,99
268,215,71,99
270,218,76,100
282,221,79,100
292,218,80,101
309,217,77,96
323,215,71,98
334,216,72,95
343,217,72,91
352,213,73,95
361,215,73,91
368,213,74,89
374,214,74,87
380,209,72,85
379,211,69,83
386,211,64,79
389,209,64,79
385,208,68,81
385,207,66,81
385,207,63,76
384,205,65,81
382,204,63,80
381,203,62,79
378,202,61,78
375,204,63,78
369,201,65,76
369,202,63,76
367,200,61,73
363,204,63,74
362,199,59,75
357,201,61,74
353,198,64,77
347,197,67,76
343,199,70,74
336,202,68,71
332,200,64,71
325,201,64,74
318,201,62,73
313,201,59,78
302,198,63,84
294,201,63,77
288,201,61,80
276,199,62,79
268,204,67,77
246,199,85,80
238,200,96,79
229,200,104,78
205,200,114,80
203,193,130,82
194,198,137,81
184,199,148,81
184,167,145,110
181,158,150,121
178,151,154,129
173,154,155,124
172,161,160,123
163,160,169,118
160,150,171,131
157,150,166,130
153,150,180,133
150,152,183,131
155,152,178,127
152,150,183,130
153,153,177,128
147,158,187,125
148,173,179,108
146,164,194,112
143,171,196,104
141,158,209,113
142,162,205,110
136,150,219,131
149,138,202,133
152,116,206,158
150,91,212,184
140,88,218,191
139,85,217,195
154,81,206,194
141,87,217,200
132,94,229,191
149,89,207,190
128,94,235,192
144,91,214,192
155,93,207,182
151,97,216,187
155,113,212,167
161,116,206,165
182,93,187,185
185,91,178,189
187,97,178,193
186,99,180,181
181,101,189,184
194,96,172,178
184,104,180,178
174,111,195,172
191,112,187,174
197,106,171,170
208,85,159,179
207,90,158,179
202,93,168,180
201,95,172,186
198,88,175,197
191,95,186,197
161,103,214,193
163,91,216,200
151,94,230,190
160,94,216,199
172,89,203,204
187,97,196,204
190,101,191,195
200,106,176,201
207,96,171,200
209,113,168,197
212,113,165,192
215,101,164,197
219,92,160,211
221,91,159,205
223,89,160,205
220,87,157,204
223,100,148,201
220,100,152,194
224,121,135,164
227,128,126,132
236,128,132,128
224,114,153,143
214,104,162,155
216,97,155,168
213,92,156,172
222,89,143,175
216,86,147,174
217,88,150,168
215,89,146,167
216,89,148,168
220,90,143,164
215,89,148,161
221,91,141,153
219,93,138,161
217,94,141,155
218,93,138,158
220,90,141,161
217,90,143,166
212,89,150,165
212,92,153,160
206,89,151,165
210,93,151,158
210,98,150,157
206,90,152,160
213,104,150,145
210,115,145,136
209,106,148,141
211,95,151,153
213,101,149,151
209,90,151,160
212,96,153,152
212,115,146,135
210,110,140,137
211,95,149,155
210,111,148,140
212,102,145,144
211,103,146,149
206,89,155,161
208,93,151,160
209,112,148,139
210,128,139,121
208,129,149,121
209,134,147,117
210,132,149,123
212,131,143,118
210,134,150,116
216,138,139,111
209,136,142,115
209,137,146,114
208,137,149,113
206,140,149,114
207,139,145,112
210,141,139,113
205,139,149,114
206,141,147,112
209,144,142,108
208,141,144,110
204,145,150,109
207,144,144,107
204,145,144,104
198,154,153,102
192,150,156,109
189,159,163,100
181,155,172,106
173,162,179,99
159,166,195,97
148,170,206,94
133,174,223,80
127,179,228,81
120,179,236,83
123,175,244,92
153,187,232,81
138,184,232,76
161,188,215,76
157,190,207,69
196,190,184,69
209,188,163,66
218,189,151,65
223,192,142,63
221,191,144,64
221,192,138,62
221,198,118,52
221,199,119,51
222,197,126,54
222,196,115,55
218,197,122,54
209,196,132,55
238,187,132,66
222,183,142,78
224,174,149,83
223,174,149,82
224,171,148,84
223,170,154,104
226,166,155,126
232,158,159,95
229,166,182,85
224,156,191,106
228,155,187,99
230,151,189,107
232,139,181,122
233,135,166,124
234,131,144,122
235,131,150,125
233,126,162,132
228,119,171,142
232,117,165,141
227,101,171,152
227,92,168,158
224,89,172,158
225,84,167,164
226,68,156,175
216,53,164,194
211,35,171,215
209,42,171,197
224,42,154,207
204,16,168,224
193,7,172,239
189,9,179,233
179,21,179,217
182,39,182,202
187,48,174,204
188,73,172,178
196,88,164,173
189,93,165,160
193,98,157,157
191,100,159,150
189,114,157,137
198,113,152,140
192,136,159,115
194,138,150,118
198,145,148,106
196,139,154,114
195,137,152,119
197,132,150,121
197,140,152,117
195,138,149,118
196,128,149,128
196,124,151,132
196,131,151,127
185,129,159,127
182,128,160,128
176,99,164,153
166,82,168,172
155,83,180,175
144,78,190,176
139,68,201,187
139,61,198,188
137,59,198,195
132,62,210,191
150,60,184,200
131,54,194,205
124,45,209,217
120,49,216,220
130,86,206,185
131,123,188,151
129,121,191,141
128,125,205,150
131,122,215,141
131,127,218,141
129,127,221,136
127,130,222,142
127,130,215,144
121,133,222,141
116,138,225,138
116,131,218,150
113,135,219,148
129,136,214,150
194,143,184,135
214,149,152,129
222,156,123,134
222,141,114,140
224,140,109,149
212,138,127,149
204,141,137,151
219,137,127,158
224,175,112,131
224,180,112,125
222,187,104,114
221,199,110,102
219,203,115,95
216,207,120,94
216,205,118,95
214,204,120,96
214,207,120,92
209,208,127,92
209,209,126,91
205,210,130,93
205,212,124,86
185,212,112,90
180,212,115,77
154,214,136,81
188,207,107,92
154,207,137,89
191,208,129,92
196,206,140,92
