418,122,48,70
424,123,43,78
425,123,42,81
428,124,43,80
427,125,44,82
428,129,45,80
427,126,46,83
423,129,43,79
423,130,38,74
421,130,40,75
422,128,37,76
423,126,40,79
423,127,43,81
424,131,42,77
424,128,43,80
426,135,46,79
426,132,46,81
431,136,45,84
432,138,42,79
436,140,47,82
436,141,46,82
441,141,48,86
442,143,48,88
446,140,49,90
446,142,52,87
450,142,49,89
453,143,49,88
455,143,51,89
454,143,54,90
458,142,51,91
458,141,50,94
460,140,52,99
460,140,51,103
460,139,52,100
459,136,52,106
459,135,50,106
459,137,50,104
458,131,51,108
457,134,50,103
455,133,50,101
456,131,51,103
456,130,50,104
456,131,48,111
456,131,49,104
454,132,49,106
455,134,50,108
454,131,52,114
455,133,49,114
457,134,47,105
455,136,49,99
454,139,48,95
456,148,49,95
457,151,48,95
455,161,52,90
455,165,51,94
454,171,53,111
453,177,66,104
452,184,72,107
449,190,78,105
448,194,81,104
449,201,73,99
448,199,72,96
449,203,62,87
448,200,57,89
448,200,59,89
447,200,51,88
447,198,51,81
447,198,49,83
447,197,49,81
447,195,48,84
445,196,51,82
447,196,49,81
447,196,50,80
447,196,51,81
447,197,50,82
448,195,52,84
448,196,51,86
448,196,51,82
450,194,50,90
450,195,48,84
450,193,49,81
449,196,50,80
451,193,49,80
451,192,49,83
452,190,47,88
452,190,49,88
452,190,56,94
452,190,66,99
452,190,77,104
452,183,81,108
453,183,79,102
453,179,83,111
454,180,81,111
455,175,81,116
454,174,85,116
458,173,71,113
456,172,80,115
456,172,84,117
457,166,76,121
459,165,74,122
456,158,81,126
457,160,75,120
455,155,78,123
455,158,76,123
452,153,78,124
453,156,74,121
450,155,78,123
447,156,80,125
448,156,79,126
443,156,82,128
443,162,91,124
433,158,85,129
437,172,87,117
402,150,107,125
422,142,103,149
437,130,101,159
435,126,115,168
433,124,136,175
436,123,127,179
436,123,129,183
443,120,139,186
445,123,113,172
445,123,120,167
445,122,114,173
448,124,104,166
453,122,100,170
448,121,97,171
453,118,92,173
453,121,94,169
455,122,90,165
451,122,97,166
454,121,93,162
453,130,89,154
455,144,75,135
455,151,72,128
453,147,80,130
457,146,79,129
457,149,78,125
464,135,81,140
466,134,77,142
477,137,78,136
481,134,75,142
492,134,72,133
497,128,74,142
515,118,75,144
532,110,77,145
535,109,74,136
557,104,72,128
559,102,73,119
574,96,64,119
577,100,62,110
583,92,56,122
584,92,57,118
587,91,54,118
579,88,62,121
579,92,63,120
568,96,67,115
567,100,68,113
559,107,65,118
553,112,68,101
539,129,69,110
531,133,77,130
515,149,76,141
506,179,79,128
502,187,84,122
493,205,91,116
489,214,93,110
485,233,85,96
484,236,65,92
480,249,58,84
479,249,56,86
473,257,55,85
471,258,56,82
468,264,53,81
463,267,53,76
462,268,55,75
458,265,56,81
458,266,57,76
459,267,52,75
459,267,52,78
455,270,52,74
456,271,46,72
445,278,47,74
434,284,44,74
432,286,41,71
424,292,42,67
422,296,42,63
414,295,40,64
413,294,38,66
400,291,39,67
400,291,39,67
400,291,39,67
363,282,46,58
357,272,44,61
357,272,44,61
357,272,44,61
332,253,44,63
332,247,41,70
326,237,41,73
324,237,44,73
318,232,43,69
313,223,41,71
313,223,41,68
308,211,41,69
308,209,40,72
310,198,38,71
306,194,43,74
306,194,43,74
422,150,54,82
317,173,43,73
324,172,36,72
325,171,35,73
325,169,36,69
324,170,36,70
324,183,35,67
325,188,35,62
326,207,39,68
327,209,30,69
335,231,40,68
335,233,42,66
343,242,41,67
348,250,45,73
348,251,42,67
358,253,43,61
359,251,44,65
371,236,43,54
372,236,39,55
384,217,36,51
385,217,37,50
393,205,32,48
393,205,32,48
393,205,32,48
393,205,32,48
393,205,32,48
368,144,39,53
369,148,33,54
364,151,37,57
361,144,45,62
353,130,36,70
349,127,38,73
345,126,41,77
346,125,47,81
343,126,52,81
342,125,58,75
340,126,54,72
344,126,59,76
344,125,52,91
349,123,63,80
350,129,55,71
354,129,40,61
355,130,30,59
356,131,30,55
365,135,28,48
363,136,30,49
370,137,29,55
368,138,32,58
376,142,37,57
374,143,42,57
392,145,43,50
392,146,45,46
407,149,40,46
409,149,40,47
423,150,37,50
422,151,40,49
432,151,38,54
432,152,39,52
444,153,36,54
444,152,37,55
456,150,41,57
459,151,43,57
468,147,43,64
468,148,45,64
475,147,47,67
475,148,46,64
483,147,50,62
483,150,48,58
491,147,56,62
490,145,55,65
500,147,53,60
500,147,53,63
507,146,50,63
508,147,53,63
513,148,47,60
512,149,48,61
509,147,50,62
512,150,49,58
506,149,58,64
506,152,60,60
504,160,70,53
504,164,76,49
504,164,76,49
504,164,76,49
547,248,61,51
557,247,50,55
489,157,61,55
489,167,68,46
478,158,66,57
477,152,67,63
470,155,68,68
471,151,72,68
466,149,77,73
464,152,73,81
458,152,71,84
461,149,77,103
454,152,74,98
453,147,85,109
443,125,76,123
449,150,84,113
445,147,78,115
445,147,74,112
443,150,70,108
444,148,65,106
442,146,71,108
441,150,69,103
443,145,64,107
442,142,64,108
443,144,68,108
444,147,68,104
447,147,69,102
448,144,63,106
450,142,69,109
451,143,63,109
452,142,72,111
454,141,67,115
452,143,67,115
454,142,60,113
454,141,59,113
451,140,65,120
451,143,62,114
448,142,63,109
445,143,63,110
445,141,69,111
442,143,61,107
443,144,62,110
437,149,62,104
438,149,63,102
434,152,62,102
435,153,62,100
433,155,59,98
432,154,61,99
432,157,59,93
429,154,62,100
429,157,61,97
427,159,64,96
424,158,65,99
425,160,67,97
425,161,67,96
422,160,69,99
419,159,77,93
419,160,78,97
416,161,84,86
419,163,80,92
420,161,81,89
418,164,86,83
416,163,87,80
427,167,80,72
439,168,70,68
418,154,78,59
418,164,90,44
417,160,94,42
417,159,99,45
421,153,108,44
425,152,111,48
422,145,118,54
420,144,116,46
432,136,106,52
429,135,104,52
438,129,96,57
439,124,94,63
441,121,92,64
443,120,94,66
441,119,96,63
439,118,100,65
437,115,105,69
436,111,110,71
441,109,102,76
443,104,97,83
443,99,95,88
443,101,92,85
441,101,94,84
437,103,92,83
444,96,96,90
441,98,97,79
442,95,94,75
430,106,97,83
442,94,87,94
441,93,94,86
438,94,81,93
442,92,88,95
438,93,87,93
442,92,93,83
429,103,116,84
435,92,104,93
435,90,97,89
437,90,96,91
437,88,94,87
439,90,82,85
439,85,89,80
438,89,94,76
440,83,85,73
442,84,83,72
443,80,79,64
443,82,75,64
447,81,73,53
447,82,78,64
442,85,76,57
442,85,76,57
463,93,68,69
459,89,69,78
444,86,82,81
439,87,96,87
435,86,102,88
436,89,104,85
438,85,107,90
441,84,106,91
441,71,93,68
443,70,87,58
455,63,79,70
459,60,57,70
477,109,60,71
473,61,44,66
480,63,37,61
482,62,35,64
489,64,38,61
480,123,48,69
486,74,41,59
485,74,40,58
486,76,37,60
485,76,36,65
485,77,41,68
487,77,39,70
489,79,33,70
489,79,33,71
486,81,31,67
487,80,29,70
482,75,34,69
484,76,31,71
479,77,29,72
478,77,31,73
471,80,32,70
470,79,33,69
461,80,41,67
462,80,36,66
461,81,37,59
462,82,34,58
480,83,40,49
472,80,45,52
477,83,57,51
474,83,66,51
463,80,57,52
465,82,63,47
483,90,72,51
484,88,70,57
456,87,82,52
437,83,79,46
420,91,72,38
431,94,62,31
434,89,58,36
436,89,62,36
440,75,52,43
443,69,52,51
462,60,51,57
465,59,49,64
486,64,42,65
490,64,39,67
494,73,38,66
495,72,36,72
493,81,38,72
493,81,38,71
494,86,34,71
493,86,37,70
493,87,35,77
490,87,39,81
491,88,41,80
488,89,43,80
487,93,50,77
487,94,49,83
486,101,55,90
486,103,58,97
490,110,57,88
491,112,49,84
493,112,46,82
492,113,45,75
495,113,45,82
493,113,44,76
492,108,51,75
491,107,56,81
488,98,62,98
488,100,61,97
484,90,67,107
483,95,67,100
479,86,73,116
478,87,74,113
478,81,70,123
473,77,76,134
472,74,77,134
471,75,75,133
470,71,76,137
468,69,77,138
462,64,84,139
465,66,81,145
467,62,82,148
467,66,81,142
473,68,78,141
470,69,81,134
477,74,78,131
479,69,75,141
476,75,80,136
480,70,75,139
472,74,83,135
476,79,79,128
472,72,83,134
474,75,85,136
477,76,75,132
478,76,70,126
475,74,73,132
480,75,67,129
477,76,70,120
479,79,66,117
481,84,66,114
482,88,66,110
483,95,71,109
484,96,71,109
485,104,79,99
485,109,82,90
489,118,85,75
487,123,91,65
485,112,87,79
487,109,74,84
487,87,70,96
489,86,67,104
486,77,67,120
484,75,72,130
483,72,68,127
483,68,69,133
484,68,69,136
485,67,68,130
482,67,72,130
481,66,75,133
481,70,72,132
484,69,70,130
487,74,67,123
486,72,65,131
486,72,67,131
486,82,68,122
485,89,73,113
486,94,70,107
486,104,73,100
485,105,74,95
484,98,71,106
483,96,72,109
479,86,76,121
483,87,68,126
480,85,68,131
480,84,67,126
475,88,68,124
474,87,72,134
470,88,68,135
470,91,67,128
467,98,73,120
466,96,73,126
466,97,70,125
465,97,69,129
465,98,69,125
463,104,73,125
463,101,71,124
462,105,73,128
461,106,74,125
461,106,70,122
458,109,74,120
459,117,73,113
459,116,74,117
459,131,76,102
459,126,72,107
456,130,72,107
455,131,73,105
453,125,60,117
449,123,63,121
443,118,65,126
441,122,67,124
435,118,68,123
433,124,68,118
423,123,71,114
419,122,70,114
403,127,73,107
400,130,73,103
379,137,81,97
374,138,86,97
359,139,88,95
359,137,88,94
350,142,82,89
348,138,82,91
337,140,92,89
338,140,92,93
330,140,96,89
330,140,93,88
318,138,101,91
318,134,101,98
310,138,108,89
316,136,103,92
308,139,111,94
319,139,97,89
303,139,79,87
306,140,59,82
311,142,51,81
319,144,44,75
322,139,49,85
323,138,39,86
325,133,45,92
325,133,41,87
326,132,42,88
326,132,43,88
327,131,43,89
328,131,41,90
329,131,41,92
328,131,44,91
328,133,44,88
328,132,43,88
328,137,38,83
329,137,36,86
326,139,38,79
326,140,38,79
322,141,40,78
324,140,38,80
324,139,38,79
324,139,35,78
325,134,36,74
323,131,38,78
317,121,43,81
317,118,43,85
308,110,48,88
310,107,47,90
309,104,45,96
310,102,43,97
311,105,46,97
311,105,48,97
318,122,52,86
318,113,55,96
337,121,57,89
338,119,63,93
361,101,71,100
357,99,80,101
363,97,84,97
364,95,88,99
367,87,88,104
366,84,90,109
368,87,88,100
371,79,87,109
366,76,91,110
364,76,95,110
364,73,92,110
364,77,90,105
361,70,94,108
366,66,88,110
375,59,69,116
378,54,62,120
368,48,61,121
367,54,65,119
362,59,59,122
361,60,58,125
353,77,55,117
352,84,53,110
333,107,64,96
338,109,57,96
329,127,54,83
331,127,49,84
318,139,52,78
320,139,48,78
316,145,45,77
315,146,45,75
312,147,42,73
311,147,40,70
304,147,41,75
303,147,39,74
295,146,40,76
293,146,41,72
280,145,47,77
276,146,52,78
259,150,57,86
257,151,57,90
250,157,53,83
250,159,53,82
232,173,57,83
231,177,56,79
219,193,50,83
216,194,49,79
215,196,47,83
217,198,45,81
218,199,42,82
218,200,42,80
214,197,44,83
218,198,39,81
218,195,39,83
219,195,35,85
222,196,35,84
222,196,34,82
224,195,33,85
223,196,33,84
224,194,34,86
224,195,32,83
225,197,34,83
224,195,34,84
218,194,38,84
216,195,40,82
218,194,36,81
217,194,38,82
219,194,38,85
217,194,42,83
219,194,38,84
218,194,41,84
219,194,39,84
221,194,37,84
222,195,35,85
222,195,37,84
221,193,37,85
221,193,35,85
220,192,37,85
219,192,36,85
218,193,38,87
219,194,39,85
220,194,38,84
220,194,39,84
218,193,40,86
218,193,38,86
220,194,37,80
220,194,38,84
220,193,36,87
220,193,35,85
221,194,33,86
222,194,35,84
223,195,34,83
222,194,33,83
223,195,34,84
223,196,34,82
220,192,38,86
222,194,34,83
223,195,33,82
223,195,33,84
221,197,34,81
222,195,34,82
221,194,35,87
222,194,36,83
222,194,35,83
221,195,36,85
223,193,34,86
221,194,36,85
222,194,31,87
220,193,32,87
219,194,34,87
221,195,28,80
222,194,26,83
222,194,27,81
223,193,25,82
221,194,28,83
218,193,31,82
219,196,29,78
220,194,28,79
221,194,24,81
220,194,27,81
219,194,28,78
220,195,29,80
219,193,27,79
220,193,26,79
220,194,29,79
220,194,26,79
220,194,25,79
219,195,30,78
219,194,29,77
219,194,26,80
218,194,32,77
217,194,31,74
219,193,30,76
220,194,26,76
220,193,25,80
221,194,25,80
220,194,31,77
219,194,30,76
220,194,27,78
220,194,27,78
220,193,25,79
220,193,31,81
218,194,32,76
219,194,31,78
221,193,27,77
220,194,29,77
221,194,28,77
220,194,27,78
220,193,30,77
219,194,29,79
220,194,29,79
221,194,27,78
221,193,25,79
219,194,31,80
220,194,29,79
221,194,27,80
221,194,25,80
221,192,25,83
221,194,27,78
220,194,26,80
220,194,27,78
221,194,26,78
220,194,26,79
220,193,30,80
219,194,29,76
219,194,29,77
219,194,28,79
219,193,29,78
219,194,26,79
220,193,28,78
219,193,28,80
219,194,27,81
218,192,35,77
218,193,32,77
219,194,28,77
220,193,27,77
220,194,25,78
219,192,33,77
220,193,28,79
220,194,25,78
219,193,29,76
218,194,27,78
219,194,31,76
219,193,25,79
217,194,35,80
216,191,33,79
214,194,39,80
218,194,30,78
219,193,27,79
219,194,26,76
219,193,34,73
220,193,31,71
221,194,30,73
220,193,30,72
220,194,27,72
218,194,30,72
219,193,35,76
219,194,35,78
225,199,36,76
225,198,36,76
227,200,40,72
229,201,38,71
229,200,39,70
227,199,40,73
225,200,39,69
225,203,38,64
224,202,38,60
224,199,37,70
225,198,37,74
225,197,37,73
224,198,38,71
226,197,35,74
223,198,39,70
223,197,39,74
224,197,37,73
225,199,38,73
226,199,37,70
225,198,37,71
227,196,37,75
225,196,39,78
226,197,38,74
225,197,40,76
226,197,40,77
226,196,40,78
228,195,43,78
232,191,46,72
231,191,47,73
235,184,49,79
234,186,51,79
231,185,53,78
229,185,51,77
217,199,44,77
218,199,43,78
222,194,46,76
224,185,50,83
224,183,49,89
226,185,51,86
225,184,52,90
221,196,48,89
221,195,47,87
220,195,46,86
219,194,47,88
222,187,48,85
229,185,52,94
228,185,54,98
230,183,56,102
228,184,61,103
224,196,52,91
222,195,51,92
227,191,53,92
229,188,49,95
232,182,56,97
231,184,55,96
236,181,57,99
231,196,52,94
230,198,50,91
228,195,52,93
227,194,51,94
227,193,52,99
226,196,52,95
226,195,55,91
226,195,53,95
226,195,53,92
227,195,53,91
228,194,51,92
226,193,54,97
225,194,54,97
227,194,52,94
226,193,55,96
226,194,55,97
228,193,51,96
227,192,52,98
225,194,54,93
226,195,52,91
226,194,52,95
226,194,53,92
229,194,50,91
229,193,50,93
228,193,52,95
230,193,49,95
228,193,50,93
227,193,51,95
228,195,50,91
226,192,52,95
227,194,51,92
226,192,53,90
226,194,52,91
227,192,51,95
227,194,51,90
227,193,50,94
228,193,49,93
227,192,51,96
226,191,52,95
227,193,52,95
226,193,52,95
226,192,54,99
225,193,54,96
226,193,54,98
227,195,54,88
226,191,55,98
226,193,54,94
226,193,52,95
227,191,53,97
226,194,53,97
228,194,52,93
228,194,52,88
227,193,53,95
227,191,53,96
226,193,53,94
227,192,54,95
227,193,53,91
227,194,53,93
227,193,53,99
228,194,51,96
226,193,53,97
226,192,55,98
225,194,54,98
227,194,51,98
228,193,51,99
229,194,49,97
229,193,49,99
230,194,50,95
227,193,52,100
229,194,48,96
230,194,49,96
228,194,51,96
227,193,50,97
228,194,51,98
228,193,52,100
227,194,52,100
228,194,52,96
229,194,48,96
229,194,48,97
229,194,51,96
229,194,47,97
229,194,49,96
228,193,51,99
229,192,47,101
229,194,50,97
228,195,51,95
229,195,50,95
229,195,50,96
229,194,51,97
227,193,50,99
230,195,48,95
228,194,50,96
228,196,50,95
228,196,52,96
228,194,50,100
228,196,49,95
230,195,47,97
229,194,48,96
229,194,50,96
229,193,49,100
228,193,49,97
229,192,51,102
229,195,48,95
229,194,49,95
229,193,50,97
227,195,51,98
228,194,51,99
228,196,51,97
228,195,49,100
228,193,49,101
228,193,48,100
228,193,48,97
228,193,48,97
227,193,50,99
225,194,50,97
226,193,49,95
226,193,47,98
227,193,47,99
230,188,48,99
229,187,45,101
233,183,50,89
233,184,47,92
230,186,52,102
210,191,49,98
211,191,49,98
208,188,45,99
209,186,44,99
215,179,40,98
207,183,51,94
210,187,50,99
215,187,41,101
208,188,44,94
218,182,44,80
218,180,38,88
219,174,41,85
215,174,44,81
210,171,49,86
210,172,47,84
202,185,44,92
204,188,40,80
204,186,38,81
200,181,38,76
198,179,40,78
201,176,38,77
198,176,40,77
192,177,35,80
191,176,37,81
180,190,35,76
180,189,30,72
181,183,26,69
179,175,24,63
180,174,26,55
181,167,24,59
181,168,24,53
173,170,28,45
173,172,31,40
163,190,27,48
165,188,23,52
165,185,24,51
163,184,27,51
163,180,25,51
164,179,23,48
163,181,27,47
159,188,25,44
159,189,26,42
155,188,27,44
157,186,22,46
158,176,23,46
157,174,27,48
156,170,32,47
153,175,30,43
152,174,28,42
149,191,27,39
150,190,23,34
153,189,25,40
152,189,26,40
148,182,27,42
148,182,24,44
148,177,28,44
149,180,26,42
151,180,24,37
148,192,23,35
147,192,29,38
145,192,34,36
146,191,29,32
147,193,25,33
147,192,22,34
146,192,29,34
145,192,33,34
144,192,33,33
145,192,31,34
144,193,32,35
146,191,32,32
146,191,31,32
142,193,34,34
139,192,39,39
138,192,37,41
138,191,38,43
137,190,35,46
138,189,38,48
137,189,38,47
136,189,40,45
138,189,35,46
138,192,35,41
138,192,37,42
141,191,38,44
140,191,38,45
142,192,38,44
143,193,36,43
142,193,36,42
143,192,37,43
144,192,36,44
143,192,33,42
143,191,35,43
143,192,33,44
143,192,36,43
142,192,31,47
137,180,27,41
136,182,29,42
142,149,28,45
145,146,24,55
165,101,25,45
165,106,26,37
165,106,26,37
165,106,26,37
165,106,26,37
165,106,26,37
165,106,26,37
165,106,26,37
165,106,26,37
165,106,26,37
165,106,26,37
165,106,26,37
165,106,26,37
165,106,26,37
165,106,26,37
165,106,26,37
165,106,26,37
165,106,26,37
165,106,26,37
165,106,26,37
165,106,26,37
165,106,26,37
165,106,26,37
165,106,26,37
165,106,26,37
144,176,27,32
152,180,30,37
151,179,33,42
153,184,26,45
153,184,26,45
154,201,21,47
152,200,24,44
152,199,24,43
157,197,24,40
155,196,24,40
163,190,22,42
158,191,27,40
158,191,27,40
158,191,27,40
158,191,27,40
158,191,27,40
158,191,27,40
158,191,27,40
158,191,27,40
160,198,23,36
160,201,22,40
160,201,22,40
160,201,22,40
160,201,22,40
160,201,22,40
160,201,22,40
160,201,22,40
160,201,22,40
159,201,22,38
161,203,19,31
161,203,19,31
161,203,19,31
161,203,19,31
161,203,19,31
161,203,19,31
161,203,19,31
161,203,19,31
161,203,19,31
161,203,19,31
161,203,19,31
161,203,19,31
161,203,19,31
165,197,18,27
166,195,16,25
166,196,15,22
167,197,14,21
165,197,13,19
165,197,13,18
168,196,12,17
168,195,11,19
167,196,13,18
167,196,13,18
166,195,14,19
166,194,15,21
169,194,15,22
168,193,16,23
170,193,14,25
170,192,12,22
170,191,14,23
169,190,16,23
169,190,16,24
172,189,18,24
173,189,18,25
179,187,21,25
188,186,22,26
189,186,23,26
201,184,25,26
200,186,27,26
215,185,27,27
214,184,29,28
231,188,29,25
232,187,29,25
245,185,29,30
255,188,31,31
255,186,30,33
267,185,29,33
267,187,32,33
279,183,33,36
278,181,37,38
292,185,35,43
292,181,36,50
302,178,37,59
304,177,36,65
312,175,38,71
322,175,38,74
322,173,37,74
330,175,40,67
330,175,41,70
339,176,43,70
337,176,37,72
347,177,37,71
341,173,41,79
353,169,45,84
375,155,41,89
379,168,38,76
395,168,38,73
398,166,36,82
409,167,45,87
409,167,48,85
417,170,44,82
423,168,42,87
426,167,41,88
428,169,43,87
428,169,48,83
428,166,49,86
430,165,53,89
430,165,56,89
432,163,57,87
429,162,58,84
432,152,49,90
431,149,49,89
426,142,50,90
423,143,53,85
421,135,52,93
418,136,57,88
412,129,53,89
410,133,52,86
403,123,55,84
402,124,56,79
394,111,55,76
394,107,57,78
386,93,56,82
385,86,56,88
380,73,61,95
383,68,57,99
370,71,60,95
370,72,58,96
356,75,61,89
355,77,65,96
348,96,68,102
347,97,64,109
345,110,67,97
344,113,88,99
340,126,96,98
340,128,76,87
339,134,78,93
338,131,89,98
331,134,98,109
329,140,103,109
326,145,105,114
324,140,110,118
324,141,103,117
325,141,101,112
324,141,100,111
325,140,100,112
325,142,99,114
324,144,95,109
326,142,96,110
328,142,96,118
332,143,93,113
332,149,75,98
338,151,59,93
341,154,49,84
340,162,47,87
342,165,47,82
340,171,43,80
336,171,47,82
331,174,48,81
329,175,52,80
322,177,54,77
323,178,49,79
319,180,50,83
317,178,48,84
319,182,51,73
320,183,47,66
323,179,48,62
323,174,45,68
325,154,47,83
326,150,55,90
328,142,53,96
329,140,56,111
332,135,55,119
334,135,53,117
331,118,68,117
336,118,64,131
339,104,67,129
340,103,66,121
348,103,70,123
347,106,71,121
352,104,76,120
351,98,84,120
351,83,88,113
351,92,81,108
369,80,79,119
370,75,81,121
382,78,85,110
380,81,92,116
383,105,87,92
380,106,88,90
367,130,95,84
364,130,82,90
335,148,86,102
326,144,80,107
292,158,89,102
288,165,71,100
263,167,76,106
263,171,65,123
235,188,67,111
237,192,62,99
229,191,64,108
230,190,68,102
231,191,67,108
231,194,67,101
235,191,57,107
232,189,62,117
