238,144,82,49
238,142,89,50
237,140,102,50
238,142,110,48
235,137,114,54
236,139,119,53
239,141,106,50
238,138,102,49
236,141,109,49
240,141,103,50
238,137,110,55
243,140,102,54
240,141,105,52
240,141,105,52
233,146,110,48
233,149,106,43
235,147,103,46
234,146,103,46
234,150,106,44
233,146,111,48
231,148,111,39
236,147,112,44
235,147,117,48
237,144,110,57
240,146,96,58
239,144,95,68
236,142,94,78
237,146,93,89
236,143,96,83
239,152,86,84
238,150,87,88
240,155,90,91
241,158,83,80
238,158,87,75
240,157,88,88
242,156,82,83
236,152,95,100
241,153,82,88
240,159,85,83
244,158,77,74
238,158,86,81
242,157,86,79
239,155,87,88
241,157,87,81
242,156,85,88
241,158,85,84
237,158,84,83
242,161,83,71
239,158,89,84
239,156,91,87
243,156,86,85
240,159,84,70
244,161,86,76
240,157,87,85
238,160,87,77
236,160,91,81
242,161,87,69
240,162,88,75
241,162,85,68
240,159,87,76
239,159,90,85
238,156,91,88
240,157,86,90
242,157,86,100
242,155,84,101
240,156,89,83
237,157,94,80
236,154,93,81
239,159,88,84
242,158,84,76
238,157,88,83
237,159,86,77
238,160,78,73
242,158,69,78
241,156,75,72
240,152,89,70
235,150,92,80
236,149,90,76
236,146,100,80
236,144,101,75
236,143,96,58
243,144,89,56
242,143,91,56
242,141,87,58
243,138,91,60
246,137,86,61
252,142,80,56
252,140,82,57
248,137,88,61
251,137,83,63
250,137,87,59
247,138,90,61
252,141,85,52
250,141,87,55
250,138,89,61
249,140,88,60
248,139,91,63
248,140,90,63
249,141,87,64
248,140,89,62
248,138,90,67
250,142,84,62
249,138,90,74
248,140,85,64
249,140,78,52
248,138,81,53
245,138,84,56
240,137,89,61
238,138,85,56
238,140,86,59
230,143,91,47
240,145,78,45
241,148,71,38
237,147,69,39
238,148,72,40
238,151,68,35
240,150,62,40
244,150,63,37
249,151,54,34
251,154,51,32
251,151,48,33
252,154,51,33
252,154,48,31
250,157,51,31
247,157,50,30
250,157,47,30
251,155,48,30
252,150,49,36
254,149,49,35
252,149,46,30
255,145,47,30
255,142,47,32
256,138,46,36
254,135,47,35
254,133,48,33
250,131,50,35
243,126,55,34
239,122,53,37
234,115,55,40
230,106,55,42
224,103,54,41
221,100,52,40
220,100,47,38
218,94,45,42
217,94,45,41
213,94,48,41
212,95,46,40
209,95,49,39
209,96,49,39
206,99,52,40
206,102,53,39
203,101,53,39
204,105,54,37
201,102,56,39
200,105,58,36
199,99,56,40
201,100,57,37
199,98,58,36
200,96,61,35
204,97,62,34
201,96,60,36
200,93,60,38
197,90,63,41
196,91,63,37
197,87,61,40
194,85,63,39
193,85,66,38
191,80,66,41
192,79,65,43
190,76,63,43
189,73,66,49
186,74,67,45
186,70,68,47
185,65,68,51
183,70,67,45
184,68,68,46
184,66,68,46
184,67,68,43
186,67,66,42
187,67,66,41
185,65,70,40
187,63,68,40
188,60,68,39
191,61,65,36
192,54,67,39
194,53,69,39
198,52,65,34
202,50,65,34
205,48,63,34
208,47,67,36
209,43,72,38
212,38,68,40
214,39,65,36
216,39,63,34
220,38,62,35
223,38,63,35
225,35,66,36
225,36,61,36
227,36,63,34
229,35,61,34
227,31,70,38
228,30,65,34
231,28,61,36
230,26,60,34
228,21,67,38
229,16,63,35
227,10,68,39
223,5,71,40
226,4,60,36
231,2,55,33
228,3,56,30
229,3,54,26
224,3,53,21
218,2,60,18
220,1,56,15
217,2,55,13
218,1,56,11
218,1,56,11
215,-1,53,10
215,-1,53,10
215,-1,53,10
215,-1,53,10
215,-1,53,10
215,-1,53,10
215,-1,53,10
215,-1,53,10
215,-1,53,10
215,-1,53,10
215,-1,53,10
215,-1,53,10
215,-1,53,10
215,-1,53,10
215,-1,53,10
185,-2,50,9
185,-2,50,9
182,1,50,10
176,0,52,9
166,0,50,9
174,-1,50,12
159,-1,51,12
166,-1,52,10
151,0,53,9
146,-2,52,10
156,0,52,11
140,0,50,10
135,-1,47,10
129,0,48,9
147,0,48,9
117,2,46,10
134,1,49,12
105,1,47,15
97,2,47,17
95,2,43,20
91,3,40,22
120,1,41,21
124,1,39,24
82,1,39,31
120,0,40,30
121,2,43,27
121,1,42,29
122,3,43,34
72,1,52,39
113,1,54,45
111,2,58,49
101,3,70,53
99,4,77,56
95,7,84,52
95,7,90,55
99,7,89,55
108,8,89,51
111,8,84,53
113,14,82,49
116,21,83,43
121,22,82,45
125,23,80,45
127,28,78,43
134,29,76,47
135,32,76,47
136,33,79,47
139,37,77,46
141,39,77,45
143,41,77,46
146,39,81,51
150,43,79,48
152,47,76,44
157,50,75,42
162,53,75,43
165,55,73,42
170,57,72,40
174,57,71,41
179,57,71,43
188,62,64,36
192,63,64,37
197,64,64,36
200,63,64,38
207,66,63,36
212,69,61,32
217,70,60,33
221,69,61,32
226,70,59,31
234,70,58,31
237,69,57,32
240,69,60,31
247,70,59,31
252,69,57,29
258,68,59,32
266,67,56,33
271,67,55,31
276,64,56,32
283,66,56,31
289,66,56,31
298,63,52,33
302,62,52,31
305,62,53,32
309,62,54,30
312,63,56,32
316,63,55,31
320,60,58,31
325,62,54,30
329,61,51,30
333,62,52,31
335,63,54,31
337,63,51,29
338,62,51,31
342,65,45,30
341,66,46,30
340,66,47,30
343,68,45,29
339,69,43,28
341,68,41,29
338,69,44,29
336,70,43,28
334,71,45,28
332,71,46,31
326,71,51,32
323,74,51,29
321,76,52,31
318,75,51,31
316,79,52,28
314,78,53,31
309,81,55,31
308,84,54,29
306,85,56,32
304,89,55,29
301,88,57,32
299,92,54,29
297,93,57,30
299,95,55,30
295,95,59,32
295,96,58,30
293,97,56,30
294,96,56,31
293,100,53,30
292,99,52,29
291,100,47,28
292,99,52,29
291,101,52,29
288,101,55,31
287,102,56,29
290,104,51,30
287,103,48,29
288,102,48,31
289,102,44,30
285,101,50,32
287,101,50,31
282,101,55,32
284,98,59,34
282,98,59,32
284,100,58,32
283,100,58,29
281,98,52,31
281,96,56,33
278,96,61,30
278,95,56,30
277,93,57,30
275,90,57,30
273,89,54,34
275,87,52,30
272,87,55,31
273,87,53,29
271,85,56,30
270,84,58,30
271,86,57,29
270,85,61,30
269,85,59,31
269,87,61,31
268,85,63,33
268,85,64,32
269,86,59,31
268,85,63,34
272,85,57,33
271,88,59,31
269,88,62,31
270,87,58,30
271,87,58,30
270,88,57,30
269,88,60,30
270,87,61,31
269,87,59,32
268,86,62,32
267,91,61,28
268,87,61,32
267,86,63,34
265,88,63,33
263,91,63,32
261,93,64,33
258,96,65,34
256,97,66,39
253,102,65,40
253,107,65,44
252,111,65,45
252,117,64,46
251,118,65,55
255,126,56,55
259,131,50,57
262,135,49,59
264,143,47,56
264,143,47,56
264,143,47,56
367,148,59,72
367,148,59,72
367,148,59,72
367,148,59,72
367,148,59,72
367,148,59,72
367,148,59,72
271,163,56,79
271,163,56,79
271,163,56,79
274,168,52,91
274,169,55,96
272,167,57,97
274,165,59,101
274,163,57,102
274,163,57,102
269,156,55,107
272,162,59,107
272,162,59,107
269,150,65,111
269,150,65,111
273,157,58,111
270,158,62,103
272,159,63,107
271,157,63,105
270,153,63,111
273,158,58,106
271,157,55,101
275,162,57,107
275,160,50,102
268,152,57,87
267,155,60,73
263,156,67,65
260,160,64,68
256,157,68,67
256,157,68,67
256,157,68,67
256,157,68,67
256,157,68,67
327,155,54,65
220,165,49,73
220,165,49,73
206,159,56,85
200,165,62,79
206,172,74,71
209,173,80,63
206,172,85,70
206,172,86,65
204,174,86,68
205,171,86,67
203,171,87,72
204,170,91,71
205,168,88,73
202,169,90,71
199,165,94,74
194,163,100,73
195,160,99,70
193,159,99,68
188,156,91,75
178,159,79,72
166,158,85,75
159,147,89,80
157,147,89,78
151,146,92,78
152,147,91,70
149,147,91,68
148,142,96,72
148,143,96,73
143,144,102,74
152,142,98,70
148,147,104,68
145,152,98,61
147,147,104,70
148,149,104,67
145,151,107,69
153,150,100,67
166,150,90,60
179,149,83,50
180,144,86,51
177,138,85,47
179,127,90,51
174,114,99,55
179,103,108,71
183,93,113,80
189,91,109,81
188,92,111,91
192,102,110,80
188,108,105,81
194,114,100,76
193,120,101,77
197,131,97,67
190,134,99,67
248,141,78,59
193,132,91,72
197,130,99,76
198,124,94,86
200,125,84,84
201,118,87,91
202,125,84,89
207,120,89,99
211,127,72,87
214,131,68,85
214,127,66,93
220,129,62,91
219,127,61,92
223,129,61,99
225,126,57,89
230,129,52,92
230,127,52,88
233,129,50,80
233,128,51,80
231,128,53,86
235,132,51,87
237,134,51,92
237,137,54,102
235,140,60,103
235,142,62,100
235,153,59,92
237,151,62,96
231,157,64,88
239,164,57,77
240,170,60,74
235,174,54,76
247,178,69,75
242,181,73,71
245,180,72,72
244,179,67,65
244,180,68,67
244,178,66,70
246,178,65,71
244,177,66,74
241,175,70,75
240,177,67,74
240,177,63,77
237,179,68,75
235,177,69,74
235,177,68,75
234,177,69,72
234,176,72,72
235,177,70,67
230,178,75,68
232,175,72,66
232,176,73,67
233,173,73,70
232,174,79,73
233,171,80,75
231,169,81,78
229,165,83,81
221,168,61,82
225,173,57,79
220,170,67,81
226,164,77,90
219,171,83,84
206,159,97,93
196,166,104,84
193,169,106,81
199,178,104,75
219,193,90,57
217,197,89,53
209,197,99,58
202,196,107,62
207,199,112,65
211,199,99,63
213,202,95,63
216,203,99,65
220,204,98,64
223,200,92,68
227,201,89,70
231,203,83,67
233,202,88,73
233,201,89,80
230,201,98,79
232,203,95,73
225,207,105,67
223,209,106,60
224,218,110,59
226,223,109,50
225,225,113,49
225,225,113,49
226,221,115,61
229,240,111,47
228,248,112,41
229,252,114,36
232,257,114,33
231,254,108,36
231,256,115,34
231,253,112,34
229,248,114,35
232,244,112,34
234,243,110,37
238,245,99,30
236,249,105,28
236,246,101,31
237,249,94,33
238,245,94,39
238,238,95,44
235,220,99,55
232,208,97,58
232,204,96,61
236,192,88,68
238,192,85,67
236,189,85,72
230,188,86,72
229,193,93,73
227,196,99,70
220,199,107,64
233,198,98,65
222,216,101,52
220,221,101,49
220,231,102,33
216,225,107,38
216,226,107,38
214,213,114,45
224,193,105,56
226,183,104,59
212,173,105,68
221,160,96,79
224,149,95,73
225,158,91,84
220,162,95,80
233,173,91,81
234,184,91,73
232,195,94,71
236,192,98,81
232,204,96,68
231,208,100,61
233,200,103,67
229,198,100,62
228,194,104,63
230,192,104,69
232,191,102,54
230,190,112,51
233,188,105,55
229,194,115,62
240,186,111,60
227,189,117,53
237,188,110,60
235,191,111,68
227,184,117,82
253,191,105,75
260,191,90,81
260,189,82,83
255,185,78,92
276,216,80,70
276,235,77,51
236,160,90,54
280,240,82,49
280,242,73,47
277,240,77,46
295,241,71,49
255,157,71,46
284,233,74,39
282,234,78,42
283,232,73,46
282,236,78,44
280,236,75,46
281,234,62,46
284,233,72,47
