197,172,61,61
196,170,64,59
194,171,65,57
195,171,66,57
194,170,65,61
193,171,66,63
191,172,67,60
190,173,68,59
191,174,65,60
187,173,69,59
187,175,70,59
185,177,70,60
185,178,68,58
182,179,68,58
181,178,68,55
179,180,66,57
180,181,64,57
173,184,67,56
173,186,63,59
170,188,63,65
171,192,61,64
170,194,59,63
167,199,60,65
160,201,67,67
163,205,63,67
161,206,63,66
163,208,66,64
164,210,67,63
166,209,64,62
173,208,60,61
172,209,62,59
177,206,61,58
176,207,61,58
185,203,54,53
185,200,58,53
189,195,55,48
192,190,55,45
194,185,54,54
199,180,51,53
199,178,52,50
199,178,52,50
199,178,52,50
199,178,52,50
197,181,56,52
195,184,62,52
198,190,58,52
203,194,55,51
205,202,55,48
205,210,59,48
206,221,61,49
207,231,61,50
207,246,64,51
208,260,61,50
208,276,63,53
206,291,64,53
210,305,59,48
328,195,57,56
328,195,57,56
328,195,57,56
328,195,57,56
328,195,57,56
328,195,57,56
328,195,57,56
328,195,57,56
328,195,57,56
328,195,57,56
328,195,57,56
328,195,57,56
328,195,57,56
328,195,57,56
328,195,57,56
328,195,57,56
328,195,57,56
328,195,57,56
328,195,57,56
328,195,57,56
328,195,57,56
328,195,57,56
328,195,57,56
328,195,57,56
262,150,51,55
270,125,47,42
278,97,42,38
283,73,39,37
287,50,39,36
291,29,38,37
295,10,36,37
301,0,34,32
306,-4,36,29
305,-2,43,22
305,-2,43,22
305,-2,43,22
305,-2,43,22
305,-2,43,22
305,-2,43,22
305,-2,43,22
305,-2,43,22
305,-2,43,22
305,-2,43,22
305,-2,43,22
305,-2,43,22
305,-2,43,22
305,-2,43,22
305,-2,43,22
363,-2,39,19
369,2,34,23
375,7,32,29
378,16,32,33
384,32,31,32
389,49,33,32
392,59,32,35
388,67,35,34
387,80,37,33
387,69,39,38
384,97,35,42
389,94,42,41
391,101,38,43
379,160,45,45
382,182,44,39
383,207,40,45
377,235,45,53
377,274,49,46
372,310,57,50
372,310,57,50
372,310,57,50
372,310,57,50
372,310,57,50
372,310,57,50
372,310,57,50
372,310,57,50
372,310,57,50
372,310,57,50
372,310,57,50
372,310,57,50
372,310,57,50
372,310,57,50
372,310,57,50
372,310,57,50
372,310,57,50
372,310,57,50
372,310,57,50
372,310,57,50
372,310,57,50
372,310,57,50
372,310,57,50
372,310,57,50
372,310,57,50
372,310,57,50
372,310,57,50
372,310,57,50
372,310,57,50
372,310,57,50
372,310,57,50
372,310,57,50
372,310,57,50
372,310,57,50
372,310,57,50
372,310,57,50
372,310,57,50
372,310,57,50
344,302,49,52
344,302,49,52
344,302,49,52
344,302,49,52
344,302,49,52
344,302,49,52
332,295,43,48
332,295,43,48
332,295,43,48
332,295,43,48
332,295,43,48
332,295,43,48
332,295,43,48
332,295,43,48
332,295,43,48
332,295,43,48
292,245,40,35
292,245,40,35
277,227,39,28
274,220,35,24
274,220,35,24
262,202,35,21
257,191,35,22
257,191,35,22
257,191,35,22
257,191,35,22
257,191,35,22
233,158,40,21
226,159,44,17
226,159,44,17
226,159,44,17
226,159,44,17
226,159,44,17
226,159,44,17
226,159,44,17
226,159,44,17
226,159,44,17
226,159,44,17
226,159,44,17
226,159,44,17
226,159,44,17
226,159,44,17
226,159,44,17
226,159,44,17
226,159,44,17
182,217,45,19
183,215,47,26
186,204,48,32
191,189,47,44
192,184,51,46
194,181,53,48
198,179,51,46
200,179,51,47
200,182,52,43
199,188,54,42
199,193,53,44
197,201,54,50
195,210,52,51
190,221,52,50
181,228,54,54
161,235,67,59
172,246,60,57
177,258,49,54
176,267,50,53
178,272,48,54
179,276,49,54
178,272,52,51
180,268,52,50
186,260,48,49
194,247,53,52
196,235,56,52
200,221,67,49
204,204,58,52
202,189,58,41
204,172,51,47
204,157,45,41
201,141,46,46
197,129,48,41
194,116,45,42
191,107,46,43
187,99,45,45
185,94,46,44
181,89,47,45
177,85,47,47
173,83,47,47
168,85,46,45
162,86,46,45
157,92,46,48
154,99,47,45
148,107,49,46
144,116,48,43
140,121,49,44
136,121,51,48
133,122,50,46
130,119,48,42
126,115,51,39
125,109,50,43
123,102,50,44
123,95,50,44
122,90,49,44
123,84,48,48
122,80,50,44
124,77,48,46
125,75,51,46
127,76,51,46
132,76,49,48
134,80,49,50
137,83,51,50
141,89,50,49
146,96,49,48
149,106,52,51
154,117,50,51
158,130,51,50
158,130,52,49
167,145,46,44
164,146,49,43
179,168,41,48
190,184,33,55
187,201,40,51
184,217,48,40
181,232,53,48
182,243,54,48
182,249,56,51
183,254,57,53
185,255,56,55
189,257,55,53
195,257,55,51
195,253,61,49
211,247,51,50
221,239,49,46
223,225,53,44
234,211,48,41
237,193,48,41
241,176,48,40
252,158,40,41
250,142,43,44
248,130,44,44
251,120,42,41
251,110,43,42
253,103,42,43
254,98,43,43
255,95,41,44
256,92,45,45
257,92,42,45
259,93,44,45
258,96,44,44
259,102,42,45
260,110,43,45
259,118,45,44
260,129,44,47
261,142,43,43
261,157,43,45
260,176,44,47
259,194,44,47
258,211,46,45
250,224,50,46
244,235,51,47
241,244,51,47
227,250,59,49
222,251,60,53
222,252,55,54
220,248,54,57
224,249,47,53
231,252,38,52
231,252,38,52
231,252,38,52
231,252,38,52
231,252,38,52
231,252,38,52
256,217,33,40
265,220,30,36
265,220,30,36
265,220,30,36
265,220,30,36
265,220,30,36
265,220,30,36
265,220,30,36
265,220,30,36
265,220,30,36
265,220,30,36
265,220,30,36
265,220,30,36
265,220,30,36
265,220,30,36
265,220,30,36
265,220,30,36
265,220,30,36
265,220,30,36
265,220,30,36
265,220,30,36
265,220,30,36
265,220,30,36
265,220,30,36
265,220,30,36
265,220,30,36
265,220,30,36
265,220,30,36
252,214,29,39
251,202,30,41
249,208,37,44
248,215,41,47
241,221,49,52
236,229,53,51
231,236,56,50
234,241,52,47
230,243,51,48
223,245,53,53
216,244,56,51
209,238,58,56
207,231,59,54
204,219,58,56
202,209,60,56
202,196,59,55
202,184,57,51
199,169,58,52
196,158,55,52
193,147,57,54
191,139,57,55
189,134,54,57
187,132,54,55
184,131,52,54
184,135,51,52
181,138,51,53
179,143,55,54
179,150,52,51
178,156,48,52
174,160,50,53
173,165,45,51
171,166,48,52
175,165,42,52
177,164,40,52
175,164,42,53
174,165,43,52
171,165,47,55
170,166,49,54
170,167,49,52
170,168,49,52
170,168,49,54
171,169,47,53
171,171,50,54
172,174,49,57
173,177,48,53
174,180,50,50
175,184,50,50
176,189,51,50
177,193,55,48
177,198,56,49
178,203,58,46
179,208,60,42
180,213,61,44
183,219,58,44
183,223,61,40
185,227,58,43
184,230,58,40
186,233,57,42
185,236,58,42
185,238,58,38
186,239,57,37
187,239,55,45
190,241,53,41
189,241,55,40
182,242,62,41
188,241,58,43
188,240,59,43
186,239,62,42
185,236,66,42
185,233,68,44
188,229,67,45
192,227,64,44
197,224,58,44
196,221,60,44
199,216,56,48
198,213,56,48
190,209,60,51
188,206,61,56
191,204,58,57
195,201,53,62
201,202,48,59
207,201,41,65
217,204,30,65
215,206,33,67
222,211,27,70
222,219,27,71
221,220,28,73
219,216,33,68
220,225,29,60
213,231,30,51
210,244,35,44
213,251,30,44
212,254,28,46
210,256,31,46
208,257,30,45
207,253,32,46
209,249,29,46
207,242,29,45
205,234,31,43
204,226,31,42
203,217,31,40
202,205,29,38
201,192,27,35
228,214,29,30
192,158,33,30
195,140,32,35
200,113,36,37
208,88,40,39
216,61,43,40
225,36,45,45
234,19,46,44
241,3,46,39
249,-2,40,34
257,-12,40,31
267,-13,33,23
267,-13,33,23
267,-13,33,23
267,-13,33,23
267,-13,33,23
267,-13,33,23
267,-13,33,23
267,-13,33,23
267,-13,33,23
267,-13,33,23
267,-13,33,23
267,-13,33,23
267,-13,33,23
267,-13,33,23
267,-13,33,23
267,-13,33,23
267,-13,33,23
267,-13,33,23
267,-13,33,23
267,-13,33,23
267,-13,33,23
267,-13,33,23
267,-13,33,23
267,-13,33,23
267,-13,33,23
267,-13,33,23
267,-13,33,23
267,-13,33,23
267,-13,33,23
267,-13,33,23
267,-13,33,23
267,-13,33,23
267,-13,33,23
267,-13,33,23
267,-13,33,23
267,-13,33,23
267,-13,33,23
267,-13,33,23
267,-13,33,23
267,-13,33,23
267,-13,33,23
267,-13,33,23
267,-13,33,23
267,-13,33,23
267,-13,33,23
267,-13,33,23
267,-13,33,23
267,-13,33,23
267,-13,33,23
267,-13,33,23
267,-13,33,23
267,-13,33,23
267,-13,33,23
267,-13,33,23
267,-13,33,23
267,-13,33,23
267,-13,33,23
267,-13,33,23
267,-13,33,23
267,-13,33,23
