378,158,50,43
375,157,51,47
377,158,53,45
378,158,57,48
379,158,53,48
383,157,53,49
390,156,52,44
392,150,54,43
394,143,54,49
398,138,52,51
402,135,52,54
402,136,55,55
404,138,55,53
406,139,54,54
408,145,54,55
409,149,55,53
411,153,55,51
413,152,55,58
413,152,58,53
413,153,55,52
415,152,54,51
413,152,58,52
413,151,59,53
415,150,59,55
417,152,58,51
416,152,56,51
419,153,58,49
422,152,60,54
423,155,56,51
426,156,58,50
429,157,58,49
429,155,57,52
431,157,56,48
431,157,54,49
431,158,53,47
432,156,51,47
432,153,51,48
434,152,49,47
434,152,50,47
434,150,49,47
435,151,49,47
436,149,47,49
436,149,47,47
437,148,46,46
438,143,46,50
438,146,46,48
439,147,45,48
441,144,46,50
440,142,45,49
440,143,47,49
441,141,45,50
442,139,45,49
443,141,44,48
443,139,44,52
443,138,45,50
442,139,45,49
443,138,46,50
444,138,45,48
443,137,47,50
442,135,47,53
441,134,50,55
442,132,49,52
442,132,51,56
441,132,53,59
441,133,52,58
441,132,52,58
440,133,54,54
439,133,59,55
441,132,53,56
443,134,55,55
445,132,52,60
446,139,57,56
449,141,55,54
449,140,57,58
452,139,56,59
453,139,56,58
455,141,55,57
455,143,57,57
456,143,57,57
458,145,60,56
459,147,57,52
458,147,60,54
457,146,62,56
456,149,60,51
453,151,65,53
449,152,66,56
447,154,64,52
445,155,64,56
445,155,69,58
451,156,68,56
455,156,64,55
457,161,59,54
460,161,65,57
460,161,62,53
459,159,62,51
456,157,64,54
452,159,66,55
452,161,60,51
449,164,60,54
448,164,60,53
448,164,56,51
448,165,53,49
448,166,54,48
449,164,53,51
449,162,50,52
448,163,52,51
452,160,48,49
454,159,48,52
456,159,46,52
456,158,46,53
456,158,46,54
455,157,46,54
459,154,46,58
460,156,44,55
460,158,44,53
459,157,45,54
458,157,42,52
456,158,42,50
454,160,40,48
451,162,43,51
449,165,43,49
450,165,46,52
455,166,45,52
461,165,47,52
469,166,47,54
473,169,48,54
477,167,44,47
478,158,44,51
477,155,44,52
473,155,46,52
472,155,41,53
467,157,46,56
464,162,46,55
462,165,42,53
462,167,41,54
459,169,43,53
457,173,43,51
456,172,42,52
456,172,42,51
457,172,41,52
457,172,41,52
458,174,42,50
456,173,44,50
459,174,42,50
460,174,43,50
462,173,44,50
463,173,43,50
464,171,41,53
464,171,45,52
463,173,45,51
463,173,46,48
464,173,45,50
466,171,46,52
464,172,48,51
463,171,48,50
462,173,47,48
462,173,46,44
463,174,45,48
464,174,46,48
465,171,46,52
459,175,53,51
453,178,56,45
452,178,58,45
445,179,67,46
448,180,64,45
450,182,62,41
446,181,66,44
441,180,70,47
432,185,78,42
432,185,78,42
432,185,78,42
432,185,78,42
432,185,78,42
393,183,78,41
294,215,72,47
296,203,72,58
417,178,77,48
405,180,83,44
411,178,78,42
410,176,73,44
414,172,63,45
418,171,59,43
414,170,63,41
411,171,59,45
410,171,57,42
409,170,54,41
408,171,51,43
405,171,49,41
406,172,46,44
407,172,41,47
410,173,32,52
412,173,31,51
412,173,32,52
412,170,33,55
413,171,32,53
415,172,32,50
413,171,35,50
414,170,34,52
412,169,37,53
412,167,36,55
413,165,35,57
412,166,37,56
413,170,34,50
411,171,35,44
410,172,36,42
410,171,35,40
409,170,35,41
408,171,35,41
409,172,35,46
409,172,36,50
411,172,35,49
412,170,33,48
413,171,35,45
412,171,35,47
411,171,36,47
411,170,34,48
410,171,35,50
373,169,46,53
373,169,46,53
376,105,49,42
376,105,49,42
377,171,60,46
364,104,60,36
363,110,60,28
364,109,61,28
364,109,61,28
364,109,61,28
364,109,61,28
364,109,61,28
364,113,59,25
362,111,61,27
415,179,60,36
417,174,68,43
417,167,84,48
413,165,92,53
415,167,91,53
412,166,95,57
417,166,98,54
385,166,96,60
385,166,87,58
387,170,70,53
377,169,73,54
399,171,55,54
407,168,44,55
410,168,39,55
408,169,37,53
408,168,39,54
407,168,37,54
405,165,35,56
404,166,38,54
403,168,40,53
403,169,43,51
401,168,44,52
401,166,40,54
402,166,38,52
404,167,37,51
403,167,37,51
403,165,36,48
402,163,39,52
401,166,41,51
400,164,39,55
399,165,41,51
401,163,39,52
400,164,40,53
399,164,42,50
399,165,41,50
399,164,42,49
400,164,40,49
400,163,40,51
397,160,45,54
398,163,43,51
397,162,42,54
399,162,42,51
397,163,44,52
397,164,45,51
396,163,45,52
397,164,44,50
395,165,46,49
398,165,44,48
395,164,46,48
393,165,46,48
395,162,46,51
395,162,46,52
394,161,44,53
391,162,46,51
391,161,46,53
387,162,50,51
388,164,49,49
390,166,48,49
386,165,50,50
385,166,52,48
384,164,51,50
385,163,50,50
383,164,51,50
385,164,49,50
383,163,51,52
385,163,51,52
382,164,51,51
382,167,50,49
380,166,52,49
381,165,49,51
380,167,49,49
380,169,50,49
378,171,52,46
375,169,55,49
375,171,52,49
377,171,51,49
374,172,55,49
374,174,55,47
372,174,57,49
372,174,57,48
371,175,56,49
372,177,56,47
369,179,59,48
369,182,58,47
367,182,59,48
365,182,58,48
366,183,58,48
364,185,60,45
366,186,56,45
366,183,58,47
363,182,58,49
362,185,57,46
360,188,58,44
361,185,61,47
366,187,56,46
365,186,54,45
368,186,53,44
366,183,52,46
367,182,52,47
366,184,51,47
367,183,51,47
367,182,53,48
365,181,53,49
364,184,54,46
365,181,51,48
364,182,50,48
363,183,51,49
360,186,50,46
357,188,51,46
355,189,51,47
354,190,47,46
356,192,49,46
364,192,47,47
372,191,45,49
375,193,48,50
382,194,46,48
381,196,49,47
384,194,49,46
386,191,48,48
385,184,50,51
382,184,48,47
379,184,47,44
379,182,46,47
376,183,51,48
374,183,52,48
372,190,56,44
371,188,50,46
369,189,54,44
366,187,53,46
365,186,51,44
363,185,50,45
362,184,51,46
364,183,51,45
361,178,52,48
357,177,56,50
355,183,58,47
353,176,60,55
353,177,60,53
354,176,65,54
354,179,59,50
351,181,63,48
351,177,64,51
353,179,65,49
347,179,68,50
349,179,67,49
346,180,70,49
347,179,70,49
346,178,75,48
348,179,74,49
350,176,70,54
352,176,72,53
354,179,73,51
354,176,74,53
357,178,71,51
358,180,68,51
355,182,71,51
356,184,70,50
359,185,70,51
361,188,75,52
365,191,76,51
372,192,74,49
373,189,74,49
377,186,68,50
377,183,71,48
371,179,74,49
373,181,69,50
370,182,70,51
367,184,70,51
363,184,71,52
361,187,71,49
359,185,71,55
360,187,67,52
359,185,66,53
358,182,66,55
355,184,72,53
359,185,67,52
355,188,72,48
354,184,73,51
355,184,70,54
356,184,70,52
355,182,70,56
357,181,68,56
357,183,65,56
360,186,61,51
360,189,63,49
353,190,67,48
347,193,71,46
346,193,73,49
342,195,75,49
349,198,75,48
351,200,85,46
352,193,81,38
356,196,72,38
360,196,65,37
367,191,55,37
367,191,54,41
368,192,53,43
370,190,52,43
367,192,55,41
364,191,58,44
362,194,63,43
360,195,66,40
357,193,70,42
353,192,73,43
355,193,68,44
348,194,74,46
345,194,82,47
339,193,90,45
337,192,88,49
342,192,82,49
341,191,84,48
349,187,75,51
346,187,80,49
348,186,77,51
351,194,73,43
355,194,67,40
355,197,66,37
343,193,78,42
345,193,75,40
345,194,73,40
343,193,74,40
339,192,76,44
336,193,76,42
335,193,76,41
330,195,79,38
332,200,75,33
332,196,77,37
329,196,81,37
328,193,83,37
326,191,85,40
325,186,84,43
322,184,84,45
318,185,86,43
314,184,87,42
311,182,84,42
306,181,87,44
297,182,87,43
290,181,95,42
286,181,99,42
280,178,102,43
293,176,90,42
293,173,89,40
293,170,85,43
293,172,77,42
290,170,76,41
291,169,72,41
287,169,74,38
279,169,81,39
276,170,81,39
271,171,86,39
270,169,85,41
265,166,88,43
253,167,94,40
265,160,80,44
267,156,77,43
260,156,81,41
264,153,71,41
261,154,71,40
260,153,70,43
261,156,64,42
260,156,66,43
