182,54,117,170
177,40,124,186
176,41,118,187
174,42,116,188
169,43,114,189
167,46,115,183
168,46,112,183
160,45,116,188
156,48,121,180
158,47,113,183
158,48,111,184
156,51,114,182
154,48,112,183
154,51,118,183
153,52,117,183
152,47,117,187
154,49,115,182
154,51,115,185
152,54,118,185
154,53,117,187
156,57,114,181
157,55,111,183
158,53,110,186
160,56,107,181
157,54,114,184
155,59,118,181
160,56,111,181
161,57,109,180
159,59,115,179
163,57,110,178
159,59,111,178
160,63,114,174
156,60,118,176
157,64,117,173
159,65,114,169
161,59,111,178
158,64,117,171
162,61,101,171
157,63,115,169
160,61,107,173
158,63,110,171
160,67,109,165
160,64,108,167
160,67,106,163
160,69,109,162
161,64,105,166
162,59,100,170
161,67,104,165
162,68,102,161
162,67,104,161
165,71,103,155
165,73,101,153
166,73,104,151
169,73,103,153
172,70,103,158
173,71,102,158
173,73,109,159
178,71,100,160
181,77,99,152
185,74,97,158
185,78,99,156
187,75,95,160
191,77,95,162
191,75,93,161
192,76,98,160
192,72,99,165
193,77,97,161
192,77,101,161
196,77,96,161
195,75,93,160
195,78,94,159
198,78,92,166
196,80,92,156
193,78,94,161
192,79,102,161
189,82,99,157
193,78,91,159
188,77,93,155
185,81,100,150
187,82,100,153
184,82,97,148
183,78,97,152
184,81,96,148
181,74,98,151
180,79,101,150
182,79,100,150
180,74,98,157
183,77,95,154
178,75,99,154
174,78,101,153
177,80,97,153
173,82,103,149
175,78,103,157
175,73,100,161
176,67,96,169
175,64,96,168
173,71,99,157
174,66,96,163
174,68,98,156
171,69,100,158
169,66,103,160
169,66,101,159
163,64,108,157
165,62,105,161
164,64,106,161
163,67,105,158
165,65,101,159
166,70,100,153
164,67,99,157
166,64,98,165
162,66,101,156
163,67,101,159
162,65,99,160
163,69,102,154
165,77,94,147
160,71,100,153
161,65,102,161
161,69,107,154
164,72,102,157
164,75,94,152
163,70,100,156
165,72,94,160
165,70,90,161
166,74,89,157
170,70,84,160
171,72,82,161
169,77,84,152
174,73,79,160
172,74,80,159
172,73,83,162
172,75,83,159
173,74,81,159
173,78,82,155
173,75,81,157
173,75,86,154
174,75,84,157
176,73,82,160
175,76,81,160
176,79,84,154
176,76,80,160
176,75,81,162
176,71,87,164
177,70,83,167
178,67,79,169
176,66,86,172
179,66,82,168
176,68,82,166
180,66,80,173
178,66,81,171
179,63,84,178
181,68,81,172
178,69,84,170
180,66,77,174
179,61,83,180
183,58,79,187
182,63,78,182
180,60,78,181
179,68,77,173
177,64,82,180
179,59,79,185
175,72,81,170
177,71,78,172
177,65,77,177
175,64,84,177
174,61,85,182
171,68,88,174
170,70,87,169
168,67,88,169
171,72,93,166
168,75,92,165
169,73,92,171
169,77,89,165
170,74,91,166
169,69,88,166
169,77,90,158
169,66,90,173
173,70,88,167
174,68,85,172
175,70,86,170
172,76,88,164
173,75,89,163
170,73,97,168
174,76,90,162
176,71,93,168
175,74,90,167
174,70,99,171
172,75,94,165
176,76,93,164
177,76,93,169
176,83,85,157
172,77,90,167
178,78,90,164
175,82,90,164
177,89,85,153
171,76,98,166
178,80,89,164
176,88,93,156
174,81,94,165
175,82,94,163
176,92,88,150
177,83,88,162
176,76,91,169
176,81,89,170
179,81,94,169
182,87,87,160
182,82,90,164
184,81,89,170
185,90,87,160
187,86,87,159
188,96,86,153
189,92,87,157
192,95,86,153
194,91,85,158
199,95,83,159
200,94,85,158
201,80,95,169
201,86,90,166
206,94,87,160
206,93,87,161
208,91,82,163
207,76,98,176
206,76,105,178
210,75,97,179
211,74,104,178
211,78,99,172
215,83,102,171
213,79,99,177
207,71,121,184
219,81,106,172
212,74,116,183
213,77,114,180
196,75,127,182
199,75,132,184
199,73,144,188
195,75,138,203
198,76,140,183
182,77,163,183
240,72,108,190
239,73,110,182
244,76,104,182
238,75,106,188
242,73,110,184
252,78,102,179
251,81,103,180
263,72,97,187
261,89,94,167
273,91,91,169
286,106,74,152
285,106,78,147
290,110,76,147
289,104,78,153
291,101,77,155
295,109,78,145
297,104,79,149
300,111,75,136
303,106,76,144
306,108,76,142
309,104,76,147
312,104,77,147
316,102,76,150
320,108,75,145
322,104,70,151
327,112,75,141
328,109,77,148
333,109,73,146
334,114,77,142
340,113,74,141
341,114,75,143
343,113,75,142
344,113,83,143
349,115,78,140
351,112,81,145
352,113,82,144
351,105,86,152
357,107,78,151
359,113,81,142
363,99,77,160
361,95,83,162
366,99,80,158
366,106,83,150
365,111,84,144
371,108,79,149
370,112,80,146
374,113,82,146
372,114,85,143
375,114,87,143
377,112,80,145
381,110,82,148
382,111,78,149
380,105,87,153
384,112,78,148
388,113,83,144
388,110,80,148
386,117,90,141
389,113,86,146
391,116,83,143
393,117,86,142
394,110,84,149
397,109,88,154
395,109,84,151
397,107,86,153
395,108,90,154
395,108,87,153
396,110,86,152
394,106,90,156
391,111,95,150
396,106,89,160
394,107,89,162
395,111,88,154
396,111,90,155
394,114,92,147
394,114,93,148
400,120,88,142
395,118,97,144
398,114,91,149
401,115,92,147
398,116,91,148
401,116,89,148
401,114,92,150
401,119,92,147
399,114,98,152
402,116,96,148
400,116,97,147
403,116,96,145
400,115,98,149
403,114,99,149
403,117,97,145
401,114,100,150
401,112,96,151
405,114,94,147
396,116,105,148
402,116,100,149
402,116,96,149
399,118,99,143
396,116,102,147
399,119,100,143
397,119,99,147
397,117,98,146
396,118,99,141
391,116,105,151
395,118,99,144
389,117,103,145
389,115,106,146
382,113,112,151
384,118,108,148
386,117,107,150
384,118,108,145
385,113,107,151
387,120,102,140
384,119,105,140
385,116,105,145
382,116,107,145
384,120,107,140
379,119,112,143
384,113,109,151
384,117,109,146
388,121,104,141
383,120,108,143
377,117,115,144
382,120,114,140
377,120,117,141
382,117,112,142
381,122,113,137
377,121,115,140
379,119,116,144
381,118,111,143
378,120,113,140
378,117,117,143
376,121,114,137
375,117,118,142
379,119,112,138
376,120,117,139
374,119,119,139
375,118,115,140
374,120,115,137
378,121,111,138
375,118,118,140
378,119,115,136
376,119,113,138
383,120,109,133
377,124,114,130
377,123,112,129
378,122,114,131
380,117,114,135
379,114,115,138
382,119,110,129
382,119,109,129
380,117,117,131
381,118,118,130
381,121,113,126
383,118,109,130
383,117,113,132
381,117,119,132
381,117,119,133
382,118,113,130
382,118,116,129
384,124,113,125
382,124,117,120
382,122,113,122
383,120,118,125
383,124,116,123
382,123,119,121
381,126,112,120
383,128,114,116
383,128,117,116
381,129,119,117
381,127,122,117
383,133,109,113
382,133,113,113
379,133,117,113
377,134,118,111
373,135,123,112
372,136,120,112
375,138,113,110
374,137,107,109
370,137,116,113
367,140,113,108
367,136,115,113
365,137,124,112
362,136,125,113
365,140,117,108
365,138,109,110
362,138,120,107
363,138,109,111
358,138,115,110
359,137,110,111
358,136,116,113
361,140,102,105
356,138,111,112
356,138,112,109
355,135,113,115
355,137,111,112
353,138,116,108
354,139,110,108
353,136,104,111
351,139,111,108
348,138,112,110
349,138,107,110
347,139,110,108
347,141,106,105
345,142,110,106
343,143,111,107
342,141,109,105
343,140,109,109
342,143,108,107
340,140,110,109
338,142,112,105
338,141,106,109
335,141,110,108
334,141,109,110
336,142,103,105
334,143,102,107
330,142,105,106
326,142,109,107
327,144,111,103
327,144,104,105
325,143,107,106
322,144,109,106
321,142,109,109
323,143,104,106
320,145,107,106
321,145,104,103
320,146,103,105
321,147,101,102
322,146,99,109
320,147,102,104
320,150,99,106
318,148,104,110
315,149,108,107
317,151,104,109
320,150,102,107
317,152,105,106
318,154,103,105
316,151,107,109
316,149,106,112
317,151,107,111
319,150,102,111
318,149,105,113
318,148,106,113
312,148,116,112
315,145,110,116
318,148,105,114
316,145,110,119
317,143,106,118
319,146,102,113
314,144,107,115
320,141,102,125
322,140,96,121
318,142,103,115
312,139,113,120
316,138,105,121
320,135,102,126
321,136,102,126
323,138,96,122
319,137,101,123
318,139,104,124
320,132,103,134
320,133,101,130
322,134,101,130
318,134,106,126
320,135,102,128
321,132,101,135
321,131,102,131
321,129,100,136
320,133,101,130
323,131,97,130
319,131,105,129
322,130,99,133
322,130,101,131
321,131,99,128
325,128,97,135
323,129,99,134
325,130,96,130
324,129,96,132
325,129,98,133
324,129,97,131
325,128,99,133
326,129,96,133
323,127,102,138
328,127,96,137
328,127,93,134
326,129,96,134
326,129,97,135
329,130,94,134
329,130,94,132
327,133,100,128
329,133,93,130
330,130,92,133
329,134,96,128
331,136,91,130
332,131,92,131
331,134,95,130
331,132,92,132
332,133,93,132
331,134,92,134
330,132,94,132
330,137,95,126
327,133,97,130
327,128,98,138
326,133,98,134
329,132,93,133
330,134,92,130
329,129,90,136
330,135,89,127
327,133,95,131
327,131,94,133
329,129,92,136
325,132,96,132
328,131,91,133
328,129,92,133
326,129,95,133
328,133,94,131
328,130,93,133
328,128,93,134
329,130,91,131
330,127,90,133
331,128,89,132
331,130,92,130
327,130,95,129
329,130,93,131
330,130,87,130
329,126,90,133
329,123,91,135
328,130,91,130
328,127,92,131
327,128,94,131
329,125,87,135
327,125,90,133
324,125,95,136
326,124,91,137
327,125,88,136
321,124,93,136
323,125,93,136
324,126,91,136
322,124,92,137
324,124,91,137
323,130,92,130
323,129,91,131
322,125,91,138
325,127,86,134
325,129,88,130
324,127,88,134
324,126,89,135
325,125,87,133
323,125,89,133
325,122,87,137
327,125,85,131
327,127,82,130
324,125,86,131
322,125,88,133
325,126,85,132
324,128,85,129
324,128,86,128
322,125,84,136
323,125,84,131
320,127,85,128
323,129,85,127
322,128,87,128
323,128,83,131
323,131,85,129
322,131,87,127
324,130,85,130
322,130,85,131
325,129,79,132
323,131,83,131
323,131,85,129
324,133,80,127
324,131,81,130
322,133,83,129
324,133,80,127
324,134,82,126
322,134,83,125
322,136,83,124
323,136,78,126
321,136,81,126
322,138,79,127
320,136,81,129
321,135,81,131
320,137,80,127
320,140,80,124
321,136,79,128
320,135,81,131
321,135,77,127
319,139,82,121
318,140,82,123
318,138,82,128
317,141,79,124
316,139,83,124
316,138,78,128
316,139,78,126
314,140,80,122
314,142,80,124
313,140,82,123
313,142,79,122
312,139,78,128
312,137,78,126
311,140,77,123
313,139,75,124
311,139,77,125
311,139,74,126
311,139,74,123
312,137,75,127
312,138,73,127
314,139,70,126
314,139,73,126
315,135,71,130
315,135,71,132
315,138,72,126
316,136,72,127
318,136,69,126
321,138,66,128
320,137,70,128
321,137,71,125
322,136,67,130
325,135,67,132
327,137,66,129
325,138,69,124
328,138,66,127
329,138,65,125
328,137,66,128
330,137,64,129
330,136,63,126
331,139,62,124
332,138,66,125
331,133,67,131
332,137,64,129
334,136,62,128
333,132,63,132
334,135,62,129
334,132,65,132
334,137,66,124
333,136,68,127
334,139,65,120
333,137,65,125
334,138,65,125
334,137,65,126
334,135,66,129
335,137,65,123
334,138,66,122
336,136,65,125
335,140,65,120
337,134,63,128
338,135,61,127
337,137,66,124
337,136,65,128
336,133,66,130
339,135,62,127
338,133,64,131
339,133,65,133
339,134,63,134
337,135,67,132
338,134,65,131
340,134,62,130
341,132,64,131
339,132,67,133
339,136,70,129
340,130,68,134
340,135,68,128
340,137,68,129
341,136,70,127
341,134,71,134
342,135,69,131
342,134,71,131
339,134,75,134
339,137,75,129
339,132,76,135
340,137,74,129
338,136,78,132
339,135,75,131
338,135,74,131
336,132,80,138
335,133,83,132
335,133,76,132
337,134,72,128
336,132,73,135
334,134,75,130
335,134,76,129
335,134,74,128
332,136,80,126
334,134,77,129
332,134,77,128
333,135,78,126
332,134,77,127
332,134,81,127
332,134,78,129
332,136,79,125
331,135,80,125
330,135,83,127
332,131,80,130
331,132,82,129
330,132,84,129
334,132,77,129
332,132,81,129
331,133,81,128
330,134,80,129
331,134,79,129
330,134,83,127
331,137,82,126
331,137,78,124
329,136,83,128
329,137,84,127
328,135,85,132
328,134,86,132
328,138,82,128
328,139,84,129
327,137,82,129
325,139,89,129
326,141,85,126
325,142,85,125
325,141,82,126
324,140,84,129
324,141,82,129
323,141,82,127
322,141,88,129
321,140,86,130
319,140,88,131
320,140,85,129
318,140,91,131
319,141,91,131
319,142,88,127
318,142,93,129
319,140,90,129
317,139,96,132
320,139,89,131
320,137,86,135
320,135,89,136
322,138,87,134
322,137,85,136
322,136,89,134
321,137,92,134
324,137,86,133
324,136,88,133
325,135,87,134
325,136,90,133
324,136,92,134
325,134,89,133
325,130,92,136
326,132,90,135
326,130,92,134
328,131,88,135
328,129,87,136
327,129,88,135
329,130,85,133
327,130,93,135
329,128,87,135
329,127,90,140
327,127,93,138
333,133,87,131
325,128,98,138
333,132,86,134
334,130,84,137
331,131,91,136
334,131,89,138
333,131,91,139
331,128,94,141
331,127,93,145
329,127,94,147
331,131,96,142
334,132,94,141
333,126,92,150
328,128,100,148
326,129,105,147
335,138,91,141
330,134,97,143
333,132,93,146
335,133,90,145
331,137,94,142
333,135,88,142
328,138,90,141
323,132,95,147
323,129,95,149
325,132,91,143
323,137,90,140
323,144,89,134
328,141,81,137
323,143,84,134
323,143,85,133
320,139,84,140
321,147,83,134
317,141,85,136
314,143,89,136
314,140,85,137
312,139,86,144
317,135,79,143
310,141,84,140
314,143,79,137
311,142,80,142
304,144,85,139
300,150,90,130
300,141,87,140
302,144,83,138
299,140,83,141
298,145,83,135
295,139,86,140
290,141,91,137
288,137,91,143
292,146,82,135
287,145,87,134
289,146,85,135
285,142,89,137
282,141,92,142
281,141,93,140
278,141,92,138
280,143,88,139
275,136,93,144
277,142,91,138
278,137,85,143
277,139,86,139
279,145,81,133
277,147,85,128
275,146,86,132
272,146,90,132
271,145,89,135
273,147,87,130
270,142,89,136
271,147,89,133
272,144,87,133
269,145,88,135
270,149,88,132
277,151,78,131
274,151,81,130
275,151,79,128
270,148,84,131
270,145,83,136
271,148,81,131
267,149,84,131
268,144,81,133
267,146,82,131
268,147,81,132
262,143,84,135
260,149,86,128
265,149,76,125
260,152,81,124
260,150,78,127
264,151,73,123
254,149,82,126
253,149,81,125
253,147,80,128
247,144,86,131
245,141,85,134
246,144,82,134
240,143,87,131
240,150,87,126
239,143,84,131
237,145,87,130
232,144,86,134
233,144,84,131
227,150,89,126
228,146,84,129
227,140,84,136
227,145,82,132
223,140,83,137
220,141,85,136
218,150,83,127
221,149,76,126
213,148,83,130
214,154,81,120
212,147,80,130
212,155,80,121
212,149,77,127
208,145,79,134
205,150,83,128
201,144,86,133
202,145,87,133
207,155,82,123
201,155,86,124
189,151,101,127
199,153,92,127
206,162,82,116
208,160,82,116
205,159,85,119
193,157,101,123
195,154,102,127
209,152,92,129
223,163,78,121
220,160,86,120
226,161,81,121
219,162,92,118
224,158,89,122
237,164,80,114
226,159,94,118
224,164,98,117
224,154,101,126
235,159,93,124
233,162,97,118
235,152,94,128
249,158,86,123
244,147,92,133
245,156,95,124
251,160,90,120
251,154,93,127
254,155,92,127
259,160,91,122
259,159,91,123
276,168,77,110
266,165,88,114
263,158,93,124
268,161,93,123
269,162,93,119
268,163,99,121
270,163,98,120
278,165,92,117
279,161,94,121
287,167,89,114
291,172,86,110
296,164,85,114
303,165,80,117
310,165,76,113
308,165,80,113
298,166,96,112
307,165,92,110
306,161,93,118
307,159,96,115
315,155,91,116
324,157,84,111
320,152,90,118
320,149,94,116
332,156,86,106
342,150,76,112
340,149,80,111
338,146,85,111
330,143,94,117
334,138,91,131
343,140,86,110
338,140,92,118
338,137,93,113
346,134,86,116
343,132,91,112
350,130,86,112
346,127,92,115
348,124,90,123
347,115,93,122
349,119,94,119
350,118,94,116
351,117,96,121
353,112,95,120
353,110,96,123
359,111,91,131
358,112,94,122
363,119,93,121
368,120,87,116
368,123,92,112
372,121,88,117
376,121,87,120
377,124,87,119
384,128,82,114
383,129,90,115
382,129,93,113
384,129,89,117
396,129,84,111
392,128,88,120
396,128,92,119
398,126,91,123
413,133,76,116
407,131,89,115
410,131,87,117
409,131,93,119
413,132,91,121
412,132,95,142
418,132,89,130
421,138,88,123
421,136,90,128
419,135,95,121
424,141,93,122
428,141,88,122
425,138,96,118
430,140,89,119
433,138,87,127
435,143,87,110
435,143,92,111
434,142,94,110
439,139,90,122
443,139,84,123
442,143,85,112
445,141,84,114
444,140,90,118
447,138,86,122
450,136,85,125
450,136,85,127
452,136,88,119
451,139,84,118
451,134,87,123
452,134,88,124
451,130,87,125
454,131,88,122
454,130,85,125
456,130,86,126
454,128,87,125
454,123,90,129
456,126,86,129
457,126,85,125
459,123,79,130
458,121,82,129
461,125,82,124
457,122,85,129
461,124,82,129
459,116,83,137
463,120,79,134
463,123,79,128
462,121,80,131
470,145,70,125
467,140,74,116
467,140,74,113
467,131,72,121
463,119,79,133
465,117,78,135
461,119,78,139
464,116,76,139
464,119,78,136
462,116,82,138
462,116,76,139
462,115,80,137
462,117,83,145
459,119,94,165
460,112,93,191
461,113,86,194
463,115,83,195
461,116,86,190
462,114,85,194
463,116,87,195
461,117,92,190
462,115,90,183
460,112,94,188
458,110,102,199
455,102,113,204
458,104,112,190
461,113,95,169
459,111,99,170
459,110,99,193
458,107,98,201
456,104,111,200
456,113,93,195
458,114,92,199
456,113,109,206
455,99,122,212
457,107,116,204
453,103,123,206
456,114,112,202
451,108,130,194
450,107,130,200
449,110,134,195
450,102,137,209
453,104,123,207
460,113,109,162
457,118,82,157
457,117,76,139
460,115,72,140
457,148,73,126
460,153,66,103
459,152,69,102
461,152,65,99
460,153,67,99
459,154,67,97
458,155,66,95
456,154,69,97
457,154,67,98
455,156,69,99
454,156,68,97
456,159,67,93
453,158,68,94
452,157,70,96
450,157,72,98
448,157,72,99
450,158,70,99
450,157,70,101
450,157,69,99
450,158,68,97
449,160,69,94
447,159,70,99
448,155,68,99
448,160,67,97
447,158,69,99
445,157,71,100
446,158,66,100
445,157,68,102
445,156,65,103
444,157,65,103
443,157,68,101
441,159,69,101
442,156,64,105
442,158,67,102
443,158,62,104
441,158,64,106
441,162,63,100
443,158,61,103
441,158,64,107
440,159,66,103
441,163,63,98
441,163,61,97
440,159,62,101
440,156,61,109
442,158,60,104
440,159,62,102
441,161,62,100
440,159,62,101
441,159,60,103
441,160,60,102
442,158,58,104
441,159,62,101
442,159,60,102
442,158,59,104
442,156,61,105
444,158,54,105
443,158,60,106
443,159,64,106
447,161,52,104
443,161,58,105
448,160,54,103
447,162,58,100
448,162,56,101
450,160,57,103
451,161,56,105
451,160,58,106
451,164,57,103
452,162,57,105
453,163,56,108
456,165,53,104
455,164,55,107
456,164,56,101
456,164,60,102
455,164,58,103
459,166,54,101
458,167,56,102
461,163,53,108
459,163,56,107
461,163,54,107
460,163,54,105
460,165,55,107
459,162,55,116
461,164,54,111
459,164,56,106
459,163,56,103
457,163,58,106
457,163,57,101
453,163,58,100
452,161,60,103
453,162,58,102
450,160,60,111
450,159,61,111
448,160,62,108
447,160,60,106
445,161,61,101
443,160,64,103
440,161,65,99
437,160,66,103
439,159,64,103
434,158,69,102
435,158,65,101
435,158,65,100
436,157,64,102
434,154,65,104
435,154,62,103
433,154,64,101
434,154,63,102
433,154,63,100
434,156,65,102
434,155,65,104
434,157,68,101
435,156,66,103
436,155,65,105
438,158,62,103
440,155,62,104
439,156,61,105
442,156,61,102
440,154,63,107
441,153,61,107
441,156,60,104
441,155,61,106
443,153,60,107
441,154,66,106
441,156,65,105
441,159,66,104
440,159,67,104
442,161,66,105
442,158,66,107
444,159,64,104
444,159,65,105
444,160,64,101
445,160,62,102
444,159,64,102
441,156,70,107
441,157,72,107
441,158,69,106
440,156,70,108
441,157,69,106
439,158,69,105
437,158,74,101
437,154,71,107
438,156,66,103
433,156,71,100
433,153,71,107
431,155,73,102
432,154,68,105
429,156,73,99
430,157,73,100
425,154,75,103
430,156,67,101
426,154,71,101
425,155,72,99
425,153,71,100
425,153,75,101
424,152,74,103
423,152,74,100
422,152,72,100
421,152,73,100
422,152,70,100
422,151,71,100
420,150,73,102
422,152,73,101
422,152,73,101
419,153,77,100
421,154,75,99
420,153,72,96
420,151,73,102
421,153,69,101
422,153,69,98
420,154,70,98
420,152,70,99
420,151,71,101
422,150,68,103
421,151,68,103
423,151,66,102
421,151,69,103
420,152,70,102
420,150,69,103
419,151,69,101
421,151,65,102
419,150,67,103
417,150,70,101
419,152,68,99
420,151,64,100
419,153,64,98
417,150,67,104
416,151,68,102
417,150,65,103
415,150,66,103
415,151,66,103
416,150,64,104
415,151,65,100
417,151,63,99
417,151,61,98
415,152,64,96
417,151,61,96
417,152,61,95
417,149,59,99
416,150,62,99
418,152,59,95
419,151,55,98
418,149,60,101
419,151,59,98
421,149,55,101
422,151,51,102
422,149,52,100
424,148,51,100
424,152,52,97
425,152,55,101
425,148,51,101
428,150,49,102
426,150,54,100
427,151,55,97
426,151,55,96
427,153,52,97
427,151,54,100
427,152,55,101
427,151,55,99
428,151,55,102
426,152,57,98
426,150,56,98
427,151,54,100
426,153,57,99
426,153,57,93
426,151,58,99
427,151,58,96
427,153,57,95
427,149,57,99
425,149,60,103
427,150,60,98
426,148,59,103
425,150,60,104
425,149,60,105
425,150,55,100
425,152,54,98
424,154,57,98
422,155,58,95
421,155,59,96
420,156,60,96
417,160,59,93
416,160,58,96
416,160,59,98
414,162,61,97
412,162,61,100
411,166,59,96
410,165,58,97
408,167,58,98
405,167,63,100
403,170,60,99
400,173,64,98
398,174,62,101
396,178,64,98
394,177,60,100
390,178,64,103
388,178,64,104
384,179,63,104
381,180,63,104
377,181,66,105
373,184,67,102
368,185,68,101
363,186,66,104
360,189,65,103
355,188,68,106
348,189,70,106
344,191,71,108
338,194,70,104
331,193,75,106
325,193,73,107
319,193,77,113
314,192,77,115
306,194,81,112
304,197,78,111
294,201,86,113
289,203,86,117
290,209,76,116
283,214,78,121
277,223,84,125
271,230,83,123
264,240,92,114
263,249,83,108
260,259,83,102
257,271,86,88
259,279,80,82
255,289,82,70
252,294,89,66
252,294,89,66
252,294,89,66
252,294,89,66
252,294,89,66
252,294,89,66
274,228,77,73
274,228,77,73
274,228,77,73
274,228,77,73
274,228,77,73
274,228,77,73
