377,202,64,80
377,200,67,82
376,198,62,84
377,198,65,85
377,200,62,82
378,195,62,87
376,199,67,82
379,196,66,88
377,197,64,84
374,198,65,83
377,194,64,87
378,194,63,89
377,197,62,85
378,196,64,87
377,201,63,81
377,198,63,84
380,195,61,89
376,196,63,86
375,196,66,84
376,197,66,84
377,202,63,79
376,198,65,84
375,199,67,82
379,196,61,85
378,198,65,84
377,194,61,89
376,194,65,91
377,196,65,87
376,196,63,86
374,198,65,83
377,198,65,85
375,196,63,86
379,196,63,86
377,194,62,90
378,196,63,86
376,195,63,87
376,195,65,88
381,199,58,83
378,198,64,86
375,197,66,85
377,200,68,84
377,197,64,87
376,196,64,86
376,195,64,88
375,196,67,87
376,199,65,82
375,197,63,85
377,198,65,86
375,196,64,88
378,195,63,89
376,198,63,83
378,198,63,85
377,197,66,86
378,197,61,85
380,197,62,85
376,197,60,85
379,199,62,83
375,196,62,86
377,194,65,90
375,199,67,82
375,199,64,81
377,198,66,85
375,196,64,85
377,195,65,87
380,195,61,88
376,193,64,88
379,191,63,92
380,186,62,98
379,179,63,105
375,179,73,104
376,187,68,96
377,191,71,93
377,195,66,86
372,195,71,87
363,190,80,94
352,187,94,96
351,190,94,93
351,191,92,98
353,191,88,94
349,190,90,99
350,193,92,96
348,193,88,94
349,192,89,99
343,192,89,96
340,196,90,101
339,196,80,99
336,195,83,103
329,198,86,101
326,202,87,100
318,202,93,102
313,203,92,99
310,204,80,98
308,203,78,101
303,200,78,102
298,202,77,103
294,201,75,102
291,199,76,106
288,199,74,103
289,196,75,106
284,201,79,102
283,193,77,109
287,192,72,109
289,193,73,110
289,189,70,112
288,195,68,106
284,198,76,104
286,192,71,109
288,194,73,109
287,197,72,102
289,196,73,107
291,196,70,103
290,198,72,104
288,195,72,105
288,198,76,103
287,197,77,103
287,202,77,99
282,203,79,96
287,203,75,97
282,201,79,99
285,203,79,98
286,201,75,100
281,202,81,99
274,195,88,108
268,199,96,100
257,186,117,116
249,184,132,119
248,174,141,130
246,162,140,141
248,159,128,145
247,152,132,154
249,160,133,150
248,176,137,130
249,181,134,126
244,164,145,143
242,172,145,136
238,183,149,127
233,184,165,124
238,191,145,115
231,183,153,123
226,175,161,133
226,181,159,127
221,182,158,125
224,186,158,123
219,181,163,127
215,182,163,128
215,183,163,127
212,186,163,122
206,180,168,127
209,180,168,127
206,182,160,127
211,180,162,131
201,188,165,122
204,192,167,117
201,201,172,111
200,201,166,104
204,201,164,111
199,199,173,115
197,198,176,113
198,195,178,119
197,192,173,123
199,193,177,131
199,196,169,126
203,190,169,131
197,192,180,136
195,189,179,141
204,192,166,135
198,190,175,140
199,186,167,146
201,191,178,146
199,190,169,142
197,190,170,147
191,188,178,158
193,192,181,152
193,191,176,153
200,186,172,163
195,190,183,156
196,189,183,148
194,181,190,166
205,191,175,148
196,187,182,158
202,189,180,151
194,189,180,157
201,192,177,151
204,191,171,149
206,199,167,132
197,197,180,144
205,199,170,141
197,197,176,146
199,198,167,150
199,194,179,143
193,195,178,151
197,195,182,144
195,201,176,141
215,204,157,128
221,201,155,140
202,198,175,145
197,203,178,128
191,205,184,134
190,207,184,137
186,203,185,143
193,202,184,147
193,195,185,157
190,202,193,148
190,200,186,140
187,202,186,139
190,194,187,152
183,198,198,151
193,198,177,145
185,193,190,153
190,196,179,151
183,190,192,153
193,193,180,150
188,191,180,150
190,185,185,159
186,183,183,153
191,178,177,141
193,170,178,154
194,164,178,168
190,159,180,170
190,150,178,178
188,118,189,209
181,116,187,208
173,109,198,210
156,119,219,203
136,131,238,184
121,111,253,206
108,106,268,210
171,121,214,198
184,152,194,165
204,199,174,113
235,206,148,105
243,198,130,111
248,201,128,108
245,205,130,108
246,201,129,111
244,203,129,105
247,206,123,103
247,206,126,104
247,203,122,107
247,207,129,104
244,203,131,106
249,205,130,104
244,207,128,102
250,206,124,104
245,204,125,104
243,206,132,102
239,205,132,102
241,201,130,104
238,203,130,99
239,201,134,99
237,201,132,101
242,202,126,100
242,199,128,101
245,201,121,97
245,211,116,87
248,210,118,85
249,212,113,78
253,208,106,80
259,206,90,78
260,206,90,76
259,201,94,75
255,198,99,77
255,195,98,74
247,189,110,81
245,186,115,78
242,181,118,75
241,182,120,67
236,180,126,68
237,180,129,67
238,176,127,68
239,178,128,66
238,175,131,65
236,176,136,69
239,174,132,68
233,173,139,71
241,168,133,74
235,163,142,85
240,155,136,86
234,147,145,100
218,135,164,110
222,110,169,137
227,89,170,155
230,92,165,153
236,92,163,149
236,87,172,158
241,87,173,156
242,85,180,157
245,81,182,169
245,78,185,172
242,71,195,184
247,72,185,185
243,75,192,182
246,77,194,183
243,83,209,173
239,86,212,170
247,88,213,167
244,91,218,161
243,86,222,169
249,82,221,175
243,84,234,167
239,87,244,163
246,84,240,172
241,82,251,173
245,86,261,166
238,82,265,164
246,80,264,166
241,76,274,173
245,65,288,183
237,56,297,192
242,65,304,186
243,59,313,191
251,58,323,191
240,45,355,199
242,41,360,212
251,26,362,226
246,22,360,242
246,18,377,230
242,16,355,243
244,35,356,219
239,38,319,209
242,36,325,215
245,25,283,222
243,63,262,185
245,73,238,173
247,67,218,183
246,72,203,179
248,63,192,185
248,58,192,189
253,57,226,194
235,85,205,164
256,73,221,177
225,71,210,177
220,87,214,160
256,67,203,182
225,61,200,187
248,71,195,179
213,97,207,152
213,81,218,170
231,88,205,161
284,75,218,181
207,89,221,162
205,85,225,163
202,78,226,173
201,87,227,165
208,82,225,163
203,85,224,165
208,82,217,168
212,84,209,167
213,81,211,171
213,87,208,165
208,84,212,167
210,80,201,177
209,82,202,167
205,83,205,172
205,86,196,165
202,86,195,166
203,86,176,167
211,90,134,167
205,96,136,158
196,112,146,155
205,95,135,159
203,85,145,171
204,96,148,164
201,79,166,184
201,102,151,163
203,92,159,170
201,90,159,174
202,100,154,161
202,99,152,165
202,93,154,177
199,76,174,191
201,67,187,199
204,29,210,218
200,26,207,227
201,19,194,237
203,40,187,210
203,41,181,212
199,74,192,173
202,76,187,173
203,79,183,169
208,82,171,169
202,73,175,178
207,84,169,162
204,76,171,176
201,76,171,180
206,83,165,167
205,74,160,192
198,81,158,181
203,82,169,169
203,78,163,174
200,77,160,178
193,79,156,180
199,76,162,182
191,77,156,187
199,72,158,198
198,73,150,191
199,80,152,182
202,84,156,176
199,87,149,173
202,84,150,178
205,80,149,189
202,77,153,186
200,85,153,172
200,81,155,186
206,84,158,184
209,91,155,182
205,83,145,198
207,78,157,202
201,79,155,200
206,89,148,185
204,84,157,203
204,86,158,204
200,89,167,204
203,81,168,222
203,85,162,210
202,85,169,216
201,88,178,215
203,95,167,208
202,90,174,217
205,86,173,222
207,84,173,226
205,91,165,215
208,89,173,211
203,88,175,222
210,87,162,225
207,83,166,238
206,77,166,237
207,79,165,230
209,71,169,246
210,84,161,225
211,80,160,238
211,79,168,237
209,65,160,253
211,74,167,244
207,83,167,239
210,81,162,245
209,77,163,250
208,79,172,251
208,83,167,244
208,79,165,254
212,77,155,256
219,88,159,252
212,78,167,267
217,68,161,275
223,80,158,264
218,88,169,263
215,82,175,266
222,81,164,269
226,81,163,273
224,63,160,286
236,89,147,267
225,88,164,265
223,80,168,261
229,91,167,268
227,82,169,264
230,88,162,272
225,92,174,266
215,85,192,265
218,89,187,269
220,84,186,273
222,83,181,269
223,75,184,278
225,66,186,284
232,82,177,269
232,75,166,271
235,77,178,270
235,84,167,263
238,61,171,288
241,35,167,311
245,19,166,332
242,18,174,326
241,19,182,322
237,22,185,320
240,21,178,321
234,20,186,317
233,29,190,317
228,26,192,311
221,19,201,320
224,9,196,330
222,24,200,312
216,18,198,319
216,42,199,292
204,20,214,313
203,18,215,315
201,25,209,304
191,22,225,310
185,33,227,296
170,32,245,308
168,30,245,309
162,30,246,307
165,31,244,306
143,30,263,312
150,28,262,319
152,22,252,313
167,38,243,306
181,24,223,316
180,31,227,310
184,29,220,308
184,43,219,291
191,44,210,288
178,36,225,296
192,26,209,309
188,28,213,305
188,24,214,318
177,24,224,315
180,19,220,326
189,21,208,320
192,11,210,337
186,19,217,318
177,16,222,320
175,40,228,301
171,36,234,298
174,32,229,299
187,31,219,301
183,46,224,281
184,42,221,286
193,22,214,295
194,23,217,303
194,25,214,294
197,31,213,287
197,29,218,280
195,26,210,300
214,24,204,288
212,20,199,296
215,47,190,285
214,41,188,293
210,33,184,297
223,11,182,321
221,4,184,332
223,7,176,336
222,7,178,316
224,8,176,328
222,8,169,318
222,5,169,326
219,23,163,316
222,32,162,310
223,30,152,315
218,39,156,306
221,77,150,261
216,75,150,270
224,74,150,269
220,74,157,267
220,77,161,255
217,77,164,266
220,76,158,256
216,84,171,246
217,78,176,248
213,82,178,245
213,93,194,237
212,77,194,256
211,82,197,252
211,93,211,241
208,89,213,249
203,77,223,256
198,79,233,254
198,87,228,240
199,80,221,253
195,80,235,247
199,81,231,246
197,86,204,248
198,78,235,255
195,80,195,255
195,81,210,258
198,81,229,245
194,72,232,262
194,71,249,255
188,56,235,275
187,28,232,303
184,54,210,279
174,18,233,318
184,26,246,308
177,21,268,309
171,19,292,311
179,26,272,296
171,15,277,310
173,16,283,306
167,15,279,301
170,17,281,308
171,15,288,309
165,13,291,311
165,18,294,309
161,39,287,280
161,17,299,305
156,32,303,290
162,30,283,295
153,18,294,309
163,26,296,294
157,25,299,299
158,22,307,303
164,27,299,290
162,40,300,284
163,24,311,300
163,41,319,285
172,55,286,259
170,65,283,251
176,49,274,256
182,76,256,233
184,72,245,234
184,81,252,228
186,74,240,231
188,75,241,235
187,78,244,229
191,74,245,239
195,76,262,234
196,73,240,237
194,75,259,230
197,70,255,245
203,86,213,232
202,82,213,225
202,84,197,230
207,81,196,223
206,80,196,232
207,77,225,234
210,79,202,228
208,72,232,236
214,70,235,241
217,78,208,227
212,81,215,218
214,82,205,221
215,78,209,222
212,80,218,220
212,81,219,222
209,70,246,229
206,70,256,232
203,69,242,237
200,69,238,237
193,61,246,240
197,50,259,257
196,31,254,277
192,20,253,295
185,42,241,264
186,40,253,266
186,25,261,279
180,17,275,296
182,14,263,301
182,19,259,289
180,16,257,295
180,14,257,298
180,13,261,290
181,11,257,300
184,13,248,297
184,24,252,283
183,16,248,284
187,29,239,268
185,21,241,283
183,49,252,253
190,48,261,249
190,31,255,263
195,17,248,278
193,30,251,262
190,17,264,272
192,17,274,271
195,15,276,285
197,30,258,257
191,33,268,257
198,34,253,254
197,23,259,268
194,20,258,278
198,25,252,264
202,24,249,263
198,32,242,242
202,33,246,248
198,51,244,233
202,35,251,246
198,25,238,262
205,15,245,274
200,11,252,281
204,13,258,276
199,9,270,277
200,8,265,282
201,11,263,275
205,8,254,287
199,11,274,267
198,15,280,262
205,13,259,264
198,14,247,265
205,8,261,279
206,7,262,277
204,13,261,262
210,23,249,262
207,10,259,268
211,7,255,277
208,11,249,261
215,12,246,266
212,3,267,275
217,11,243,280
218,2,250,278
214,4,249,267
220,4,249,274
218,0,248,279
216,6,252,269
214,10,270,258
220,8,260,277
220,15,234,264
218,8,239,277
219,9,251,268
220,1,264,273
216,6,249,268
218,7,250,272
213,8,246,272
215,9,240,275
212,8,237,274
216,8,219,276
213,9,230,277
216,6,215,274
213,9,201,274
214,9,210,271
213,9,212,272
211,9,216,270
209,8,222,272
212,2,225,276
205,9,223,269
212,6,225,267
210,6,218,271
211,6,204,274
209,8,208,273
211,11,205,276
210,7,211,275
204,6,216,275
208,3,205,278
212,8,209,283
209,4,214,286
210,7,214,281
208,7,218,285
209,5,213,281
207,6,215,279
210,4,214,272
210,12,206,265
213,2,215,282
212,11,207,264
211,0,199,274
207,-1,209,276
208,5,207,281
211,7,194,282
208,5,211,285
204,4,205,288
206,6,216,282
209,4,209,277
204,3,210,292
206,6,207,290
205,6,210,280
200,5,219,281
202,10,210,277
204,9,222,281
197,8,228,285
199,7,224,290
196,4,228,281
203,2,239,287
201,0,234,281
200,5,235,273
198,0,232,285
193,6,220,275
197,11,215,275
198,16,207,268
200,28,188,261
202,43,177,243
202,63,167,224
200,75,162,211
199,64,163,224
198,80,159,204
196,80,159,205
198,82,156,203
198,79,157,207
198,71,156,225
200,58,156,236
196,58,173,233
196,53,177,240
193,30,189,263
191,14,198,265
196,24,184,266
195,41,183,258
199,61,173,228
195,75,188,217
195,83,182,202
198,83,178,203
196,80,162,210
193,76,171,205
189,82,167,205
202,81,157,213
195,80,149,220
203,80,154,223
191,86,156,216
203,83,156,215
194,83,157,222
194,80,163,229
198,79,161,233
191,81,157,244
200,81,160,235
201,86,154,247
189,80,168,203
200,82,155,230
190,82,157,207
197,86,165,211
197,83,162,228
196,82,165,209
194,90,157,219
200,85,165,209
200,86,158,231
202,86,157,207
193,88,168,199
200,84,167,208
193,83,165,210
203,81,160,213
191,81,154,213
201,88,155,198
196,81,146,209
202,87,144,187
202,84,151,202
201,81,152,206
193,80,147,215
203,82,147,220
195,78,152,225
200,80,150,224
194,81,153,221
200,84,146,231
193,77,159,228
196,77,147,250
198,80,145,262
203,76,144,265
201,76,144,252
193,85,147,240
202,79,143,243
194,76,151,244
196,79,151,247
192,81,157,251
193,81,164,253
189,82,177,252
186,79,191,255
189,89,197,237
187,91,212,232
190,87,215,238
187,94,223,219
184,89,187,175
182,79,194,179
186,83,194,180
176,82,193,171
183,82,193,168
174,87,217,169
174,87,222,166
179,82,205,178
176,81,206,184
176,78,208,174
177,83,210,179
170,84,212,177
172,82,215,184
177,84,201,166
171,80,217,179
171,77,198,182
176,82,199,172
177,81,181,174
177,83,191,162
172,83,196,167
173,84,199,170
176,82,185,173
174,85,182,169
179,79,185,173
168,83,187,175
177,81,182,159
170,83,177,155
175,85,175,151
171,84,168,145
174,83,158,147
174,85,165,139
176,87,153,142
175,84,157,148
176,84,151,144
178,87,144,138
178,86,166,169
182,84,161,195
178,84,169,197
174,77,173,202
173,83,173,200
175,81,164,202
172,80,158,204
177,83,159,205
172,81,165,200
175,82,154,203
171,82,165,206
167,73,167,215
166,82,175,208
161,86,177,201
160,83,180,203
159,82,184,205
150,83,188,199
151,82,190,201
154,78,192,200
150,77,199,207
145,74,193,204
149,69,193,215
143,69,200,216
143,74,203,205
146,74,209,208
149,76,213,205
137,83,219,197
139,83,221,194
132,81,227,201
131,84,233,195
128,85,233,190
125,85,238,194
137,82,227,188
122,85,245,194
120,80,245,196
115,85,251,199
133,65,230,211
120,84,245,197
137,57,227,218
139,89,224,185
145,82,223,191
148,79,219,200
147,72,218,205
131,88,233,194
140,82,230,193
146,80,223,199
152,83,215,191
155,82,210,186
134,82,236,205
141,84,228,194
142,83,230,201
161,83,210,191
179,80,193,196
198,80,177,181
207,68,171,197
204,76,175,185
205,76,178,181
207,78,175,183
204,78,180,178
208,65,172,191
208,80,172,171
215,81,163,168
215,81,165,170
206,84,171,180
188,92,195,209
187,86,204,217
195,90,192,208
203,92,182,209
207,82,183,226
208,76,177,226
207,79,178,224
215,83,176,221
214,79,174,217
214,79,176,219
214,85,171,207
215,81,171,205
216,82,176,199
221,73,166,181
215,86,172,168
215,85,172,170
213,85,171,164
209,88,167,162
212,89,162,153
204,88,166,157
206,89,161,152
209,85,153,160
217,87,150,155
213,88,156,162
210,89,153,163
211,90,153,151
213,92,151,150
220,96,147,148
210,89,149,155
209,91,152,150
210,90,154,153
204,89,151,159
209,91,157,156
208,83,152,162
209,91,154,153
203,93,154,152
205,90,159,160
205,88,155,159
207,88,151,158
207,96,154,151
207,90,158,153
208,90,154,157
209,96,156,147
211,86,151,157
211,84,154,168
202,92,159,151
211,91,154,156
205,89,153,161
207,94,150,149
204,84,154,167
208,85,152,163
206,91,154,153
204,87,149,158
202,85,159,166
204,90,156,157
203,97,159,147
204,95,153,152
203,88,164,165
200,94,159,158
210,86,156,164
208,88,155,161
200,92,156,157
203,100,161,148
201,96,155,153
198,90,165,162
206,81,158,175
199,87,160,169
199,81,157,177
208,84,152,170
199,84,155,167
203,82,161,171
196,84,155,171
195,92,168,162
197,85,163,169
187,84,167,172
192,83,169,180
183,81,174,184
182,86,173,168
179,84,187,179
166,85,189,174
158,85,204,170
157,81,208,176
160,86,213,170
136,90,223,166
165,78,203,185
175,83,190,169
173,85,194,172
172,82,192,169
168,83,206,171
165,83,208,171
186,80,184,169
187,84,189,171
194,83,183,176
191,81,188,180
173,79,208,183
180,87,202,164
179,88,199,161
166,87,220,186
140,89,250,178
146,81,247,186
167,67,228,193
181,85,207,192
200,85,200,182
218,81,180,185
220,72,176,186
224,96,172,154
231,79,171,176
238,89,162,175
240,87,168,168
234,90,176,161
239,88,175,171
233,97,179,153
231,101,180,144
229,96,178,147
233,90,168,152
233,91,166,151
234,91,168,151
229,89,174,152
224,87,180,156
221,86,175,158
217,88,178,159
220,85,182,157
214,86,185,153
209,79,190,161
207,64,187,170
202,39,199,202
201,19,184,227
204,12,180,244
200,10,183,235
210,72,171,177
198,55,173,178
186,52,182,191
176,23,195,209
180,30,192,212
187,37,183,216
193,49,168,194
189,40,173,201
185,32,172,209
191,81,164,169
188,87,167,159
188,85,171,164
192,78,159,174
198,80,149,172
195,81,153,167
193,75,159,172
192,79,158,170
194,70,155,181
193,70,147,180
192,56,153,200
188,37,158,207
183,56,163,193
176,42,175,202
169,22,180,227
154,25,188,239
140,30,206,228
134,29,211,226
122,33,220,232
126,12,221,248
112,18,223,243
110,21,235,239
121,34,220,224
112,28,239,222
108,24,231,229
106,43,233,212
113,37,233,223
108,42,230,215
110,37,236,224
110,24,237,242
112,22,218,242
108,21,205,243
112,16,203,261
111,8,197,262
109,7,210,278
105,11,224,275
104,10,237,279
103,12,236,269
100,9,238,275
93,7,247,282
96,6,233,280
86,7,235,279
78,5,229,283
69,4,233,279
62,7,223,263
51,0,224,277
32,0,242,276
18,1,251,280
1,9,263,281
0,7,269,293
3,6,263,296
3,20,294,278
-5,25,306,263
0,28,230,240
3,25,212,241
115,103,243,217
129,139,224,161
174,138,204,163
199,136,155,164
209,132,148,170
161,149,187,150
191,137,164,162
211,133,145,166
163,154,159,149
167,141,182,156
167,140,184,159
110,147,202,155
150,140,208,163
155,134,203,165
132,137,229,159
130,136,227,166
