414,139,113,49
413,138,115,51
415,139,116,47
415,139,115,46
418,137,112,47
418,136,110,45
418,134,108,47
417,133,109,48
417,133,106,46
416,135,109,46
416,134,106,44
415,135,106,45
413,134,105,43
412,133,105,43
413,132,104,46
414,133,103,42
414,132,104,45
416,131,108,43
418,134,108,40
423,135,109,41
431,136,108,44
437,140,107,44
444,143,108,42
447,144,110,41
448,147,110,43
441,153,116,40
442,154,109,43
437,159,110,42
429,160,109,40
427,161,103,43
415,164,106,45
408,168,103,42
401,170,101,43
391,173,106,44
382,178,105,43
376,179,103,43
371,179,102,44
364,179,102,43
358,177,104,44
353,177,105,43
350,175,104,42
347,171,108,44
350,167,104,46
351,164,107,44
352,159,110,44
363,150,103,43
364,146,104,45
366,142,108,46
368,136,105,46
368,131,111,42
370,129,108,43
372,120,110,44
376,115,107,43
380,111,109,44
388,106,102,43
388,103,110,40
391,101,114,40
400,99,109,40
404,99,106,38
413,98,101,37
415,98,108,38
420,99,103,37
424,99,108,38
426,101,110,39
433,105,108,41
437,110,106,41
442,116,104,42
447,117,96,44
450,119,95,46
449,122,98,46
452,124,95,46
449,125,93,47
448,125,92,48
446,124,91,51
443,120,93,54
447,115,86,60
445,111,86,69
446,108,79,74
445,101,75,80
443,98,74,84
441,98,74,84
440,98,74,86
441,97,71,89
444,96,65,91
448,97,59,91
449,97,57,92
451,98,53,93
450,98,54,93
453,98,49,95
453,97,48,98
455,95,48,97
455,98,46,96
459,98,44,96
460,98,41,97
463,95,40,99
462,97,40,99
463,93,42,100
464,96,42,100
463,98,43,96
464,97,42,95
464,95,41,98
465,96,40,98
464,95,40,98
466,95,40,96
464,94,41,98
465,94,40,95
463,91,41,101
463,92,41,99
461,92,49,97
458,90,54,93
452,89,61,92
452,90,62,89
447,89,68,89
447,88,69,88
445,89,73,85
444,91,75,80
441,93,80,76
438,93,83,74
439,93,81,73
438,96,82,67
439,98,83,66
434,100,87,63
430,104,95,53
428,107,96,50
425,109,99,46
419,109,109,43
415,110,109,44
416,109,107,46
417,110,103,42
415,110,104,44
415,111,104,44
415,110,100,45
414,109,98,47
415,107,96,51
417,105,93,54
420,102,89,57
427,100,80,53
433,100,73,45
420,109,79,48
418,98,81,62
427,93,65,69
436,92,53,57
429,102,61,58
427,93,57,67
430,89,51,65
420,98,56,72
414,92,59,82
419,84,51,96
419,84,48,92
420,80,44,98
419,81,43,97
416,81,44,94
413,79,45,95
412,79,42,100
409,81,45,90
409,80,45,94
408,79,45,95
407,80,47,90
407,79,46,94
407,79,46,93
407,79,45,92
407,77,45,99
407,76,45,101
407,73,44,105
405,73,47,100
393,75,62,95
395,75,59,99
397,76,57,99
402,76,51,99
394,75,61,98
401,77,54,99
392,75,64,99
403,75,52,104
395,74,63,102
390,75,67,102
394,75,63,103
390,77,66,99
392,76,65,99
389,76,69,101
392,77,67,100
390,79,68,98
395,83,64,94
388,83,72,94
392,85,69,93
390,84,69,95
395,83,66,97
395,83,63,95
390,82,67,94
388,83,67,92
391,82,63,93
387,83,67,92
387,84,65,90
386,81,67,93
388,78,63,95
388,78,58,94
389,78,54,95
389,74,51,99
388,74,52,100
388,77,53,95
388,74,53,97
389,76,53,98
389,76,54,97
387,74,58,100
387,74,60,100
388,73,61,101
387,69,65,108
387,72,59,104
388,77,62,98
386,76,66,99
390,77,62,98
391,78,62,97
387,79,67,92
390,79,63,93
390,78,66,96
388,79,67,95
387,77,70,99
391,75,68,101
386,76,75,99
388,77,70,99
388,77,71,97
386,79,75,93
386,79,76,94
387,76,74,98
388,75,74,101
388,78,73,98
388,74,73,101
387,74,73,104
387,77,75,99
387,74,75,103
388,75,73,102
388,74,73,104
387,74,74,105
388,76,72,103
386,75,74,104
387,80,74,97
388,78,71,101
388,75,72,105
387,77,73,101
389,79,71,99
385,77,76,100
386,76,73,101
386,79,75,95
383,75,77,98
383,75,77,97
387,69,73,106
387,71,73,104
388,72,75,99
387,71,74,98
389,70,74,98
387,70,75,99
389,71,74,93
390,69,67,93
388,70,69,85
386,70,72,79
388,70,71,77
389,69,70,74
388,70,72,72
387,70,76,71
387,69,76,72
389,73,74,66
387,74,82,62
387,78,87,56
388,77,87,58
390,80,87,53
390,81,90,53
390,84,94,49
390,85,97,50
391,88,98,49
391,91,99,48
391,92,100,44
393,94,98,46
393,96,96,43
393,98,101,45
392,101,104,45
394,103,101,45
397,106,100,45
400,111,99,44
400,113,100,45
401,115,100,46
400,117,103,46
401,119,104,47
398,120,112,48
400,121,115,50
401,122,116,51
403,123,118,51
401,121,124,52
401,120,129,52
403,122,132,53
401,121,137,54
404,123,134,53
401,121,141,55
402,121,143,56
400,121,145,59
403,121,140,60
402,124,140,59
405,125,140,60
402,130,154,60
402,136,158,60
407,141,151,62
409,148,151,62
407,152,158,62
408,156,157,62
403,159,167,60
403,164,168,61
406,166,161,63
404,174,161,63
404,180,161,65
404,185,160,66
401,194,164,63
406,197,154,67
401,206,162,63
403,210,160,65
403,218,153,64
400,222,152,65
398,224,153,66
397,224,149,63
397,225,150,58
399,224,143,57
398,222,142,51
396,219,142,48
394,216,143,47
393,214,140,45
394,214,135,41
392,213,135,39
395,210,127,38
393,208,129,38
394,208,127,35
396,211,124,30
396,212,125,28
393,215,126,26
395,218,126,26
397,219,122,24
398,221,119,23
400,222,116,26
399,224,116,25
400,228,114,25
406,226,120,27
401,218,118,38
399,215,122,42
395,219,129,50
394,221,133,52
396,227,137,51
396,232,136,55
396,241,139,57
397,252,138,57
397,264,143,55
398,276,148,57
395,287,163,59
402,294,157,70
409,302,152,73
406,318,161,62
408,331,164,48
414,343,156,35
414,343,156,35
414,343,156,35
414,343,156,35
414,343,156,35
414,343,156,35
414,343,156,35
414,343,156,35
414,343,156,35
414,343,156,35
414,343,156,35
414,343,156,35
414,343,156,35
414,343,156,35
414,343,156,35
414,343,156,35
414,343,156,35
414,343,156,35
414,343,156,35
414,343,156,35
414,343,156,35
414,343,156,35
414,343,156,35
414,343,156,35
414,343,156,35
414,343,156,35
414,343,156,35
414,343,156,35
414,343,156,35
414,343,156,35
414,343,156,35
414,343,156,35
414,343,156,35
414,343,156,35
414,343,156,35
414,343,156,35
414,343,156,35
414,343,156,35
414,343,156,35
414,343,156,35
414,343,156,35
414,343,156,35
414,343,156,35
414,343,156,35
414,343,156,35
414,343,156,35
414,343,156,35
414,343,156,35
414,343,156,35
414,343,156,35
414,343,156,35
414,343,156,35
414,343,156,35
414,343,156,35
414,343,156,35
414,343,156,35
414,343,156,35
414,343,156,35
414,343,156,35
414,343,156,35
414,343,156,35
414,343,156,35
414,343,156,35
414,343,156,35
414,343,156,35
414,343,156,35
414,343,156,35
414,343,156,35
414,343,156,35
414,343,156,35
414,343,156,35
414,343,156,35
414,343,156,35
414,343,156,35
414,343,156,35
414,343,156,35
414,343,156,35
414,343,156,35
414,343,156,35
414,343,156,35
414,343,156,35
414,343,156,35
414,343,156,35
414,343,156,35
414,343,156,35
414,343,156,35
414,343,156,35
414,343,156,35
414,343,156,35
414,343,156,35
414,343,156,35
414,343,156,35
414,343,156,35
414,343,156,35
414,343,156,35
414,343,156,35
414,343,156,35
414,343,156,35
414,343,156,35
414,343,156,35
414,343,156,35
414,343,156,35
414,343,156,35
414,343,156,35
414,343,156,35
414,343,156,35
414,343,156,35
414,343,156,35
414,343,156,35
414,343,156,35
414,343,156,35
414,343,156,35
414,343,156,35
414,343,156,35
414,343,156,35
414,343,156,35
414,343,156,35
414,343,156,35
414,343,156,35
414,343,156,35
414,343,156,35
414,343,156,35
414,343,156,35
414,343,156,35
414,343,156,35
414,343,156,35
414,343,156,35
414,343,156,35
414,343,156,35
414,343,156,35
414,343,156,35
414,343,156,35
418,174,160,53
399,113,139,57
409,143,123,45
411,148,123,30
417,149,111,30
421,148,102,38
427,147,89,46
428,161,74,46
425,163,71,39
428,158,64,42
427,149,63,49
426,162,60,45
428,150,58,58
428,140,54,72
428,152,52,81
430,150,48,96
425,147,53,109
427,137,49,121
431,140,47,125
438,143,42,123
436,143,43,130
430,145,45,125
424,151,46,116
412,152,48,117
405,152,42,120
397,150,41,129
384,153,43,130
371,151,48,129
357,157,48,120
347,153,47,124
334,151,41,125
322,150,43,125
314,149,43,129
309,153,40,128
307,154,46,127
311,155,47,129
317,153,45,138
319,156,48,134
324,155,50,137
331,155,49,133
337,153,49,129
344,149,48,130
343,153,49,131
345,154,54,139
346,159,48,144
341,165,55,144
337,172,55,150
332,183,55,154
325,193,58,163
318,203,58,171
306,215,66,165
302,234,61,150
301,249,59,138
294,278,64,122
294,278,64,122
294,278,64,122
294,278,64,122
294,278,64,122
294,278,64,122
294,278,64,122
294,278,64,122
294,278,64,122
294,278,64,122
294,278,64,122
294,278,64,122
294,278,64,122
294,278,64,122
294,278,64,122
294,278,64,122
294,278,64,122
294,278,64,122
294,278,64,122
294,278,64,122
294,278,64,122
294,278,64,122
294,278,64,122
294,278,64,122
294,278,64,122
294,278,64,122
294,278,64,122
294,278,64,122
294,278,64,122
294,278,64,122
294,278,64,122
294,278,64,122
294,278,64,122
294,278,64,122
294,278,64,122
294,278,64,122
294,278,64,122
294,278,64,122
294,278,64,122
294,278,64,122
294,278,64,122
294,278,64,122
294,278,64,122
294,278,64,122
294,278,64,122
294,278,64,122
294,278,64,122
294,278,64,122
294,278,64,122
294,278,64,122
294,278,64,122
294,278,64,122
294,278,64,122
294,278,64,122
294,278,64,122
294,278,64,122
294,278,64,122
294,278,64,122
261,57,82,127
261,63,97,102
260,106,108,100
281,84,112,81
285,112,109,66
297,117,105,52
299,120,107,50
314,119,99,51
322,122,100,49
328,123,102,50
334,122,104,48
342,126,103,44
346,126,109,47
352,126,103,50
358,126,100,51
360,126,101,48
364,127,98,48
365,127,101,49
369,129,99,51
373,130,96,49
376,133,96,49
376,131,95,48
380,131,91,51
383,131,87,50
387,132,81,51
394,132,67,51
397,132,59,48
397,132,54,47
397,132,58,42
395,129,57,46
395,129,62,44
395,129,59,44
399,129,57,44
398,129,59,44
398,130,58,43
397,129,59,45
397,129,60,46
397,130,57,44
399,131,54,46
399,131,55,49
399,129,56,50
401,130,57,47
406,130,58,47
407,129,62,46
408,127,62,47
404,130,70,47
403,130,71,44
406,132,69,42
404,131,74,44
402,132,76,46
404,133,72,45
400,131,79,43
400,133,81,41
397,131,89,43
398,131,92,43
400,129,93,45
400,126,97,48
401,126,98,47
402,125,99,48
403,125,101,46
401,124,102,47
400,126,101,42
400,125,99,44
400,124,96,46
398,125,100,43
397,125,99,45
396,124,103,48
397,126,99,47
396,124,100,48
395,125,99,49
396,124,98,48
396,125,98,46
395,123,98,50
396,123,97,50
396,122,99,55
396,123,96,47
396,122,93,48
399,121,91,50
397,120,92,52
401,121,88,53
400,120,88,53
402,119,87,52
400,120,88,48
400,119,86,48
403,119,80,47
405,121,77,46
405,121,76,46
405,120,74,43
405,121,74,45
404,122,73,45
404,120,74,45
404,121,75,45
403,121,77,46
404,119,75,45
404,120,73,44
406,122,69,42
405,123,69,43
410,122,64,45
414,124,53,42
418,123,49,43
421,123,39,37
425,123,35,37
431,120,31,42
435,119,25,45
438,118,22,43
440,117,21,43
442,118,25,43
439,116,33,46
434,115,43,47
430,114,53,45
428,113,59,47
426,112,61,45
426,108,66,51
427,111,66,47
425,111,66,47
424,110,68,49
423,111,69,46
424,109,69,48
423,110,72,46
423,111,72,47
419,112,75,46
419,113,77,43
417,113,79,43
417,115,83,41
414,116,88,39
414,115,89,42
412,114,92,44
413,115,89,43
413,117,92,44
413,117,90,46
412,115,89,57
411,109,91,70
413,108,87,72
415,108,82,71
414,106,83,76
417,107,79,78
420,106,81,80
422,103,86,84
426,105,95,81
432,105,92,83
408,107,113,79
407,111,116,75
406,112,116,75
416,115,103,73
402,114,99,77
413,118,109,69
414,122,110,66
416,119,105,72
391,122,111,75
374,120,124,86
398,124,123,82
376,119,138,90
366,132,147,74
365,132,150,74
365,133,154,72
364,134,158,72
364,134,158,70
364,133,159,70
364,103,162,95
364,94,158,103
367,87,157,110
367,94,161,102
366,89,159,104
368,91,153,100
369,87,150,105
371,86,147,112
371,87,147,110
370,89,143,106
371,89,137,106
371,88,135,109
368,84,141,117
367,91,150,112
366,101,155,105
369,106,151,99
367,121,160,78
365,120,161,79
362,121,169,77
363,123,162,76
364,124,154,74
367,122,146,76
393,86,134,64
386,107,143,79
377,92,150,100
378,73,144,119
392,74,132,113
386,72,141,104
389,72,139,100
385,71,143,104
385,72,143,95
383,71,144,98
384,71,140,105
380,72,142,103
380,72,144,98
380,72,143,102
379,73,145,101
381,73,142,101
384,72,139,105
382,77,145,91
381,72,146,100
386,72,138,105
382,73,146,103
383,72,142,103
386,76,130,100
389,76,104,104
405,70,114,105
392,73,119,106
388,75,105,103
416,69,107,106
389,71,131,104
383,72,127,104
383,70,108,110
396,77,115,96
386,73,115,103
385,71,101,108
398,72,106,104
385,75,105,102
399,68,110,113
383,72,108,109
398,67,123,112
385,72,125,107
387,79,99,101
400,80,109,99
383,84,97,97
394,82,85,102
401,83,89,102
387,74,91,114
385,74,84,115
387,70,68,117
393,84,83,110
384,75,92,120
386,74,77,119
386,74,81,122
383,70,89,125
387,66,74,131
387,69,76,127
385,66,81,136
387,67,71,128
384,70,80,126
385,71,82,126
386,70,71,124
385,73,87,126
386,72,74,123
385,73,77,124
386,80,81,115
385,68,75,124
385,66,84,135
389,69,65,124
384,69,68,118
386,67,64,127
386,69,63,120
386,67,64,127
387,67,63,126
394,69,77,130
384,68,67,121
392,67,81,130
387,69,63,121
396,75,79,120
384,76,99,118
383,73,90,117
385,73,86,121
384,66,67,123
386,66,64,120
386,66,65,116
387,64,63,122
388,64,62,123
386,65,66,117
387,65,63,116
387,67,65,109
386,64,66,112
387,69,63,105
387,69,65,104
388,66,64,105
387,65,65,107
386,65,66,107
388,66,63,106
388,65,65,106
388,66,64,104
388,64,64,106
387,65,65,106
428,106,78,88
416,108,93,78
414,108,96,62
408,111,100,46
412,115,101,44
410,115,100,43
412,117,100,42
410,117,100,42
411,117,102,42
410,117,102,43
408,118,106,43
410,120,103,43
411,123,105,41
410,124,106,43
408,127,107,44
412,128,106,44
414,130,104,44
417,134,100,42
418,135,102,44
421,135,97,47
420,133,97,55
424,134,88,55
389,83,76,59
428,138,74,55
430,140,71,51
429,140,72,54
395,81,70,64
430,139,75,58
427,140,78,58
422,138,90,60
415,140,92,58
417,138,95,62
385,136,101,66
385,136,92,79
406,137,86,95
393,137,85,109
394,139,87,108
394,140,90,97
398,143,89,96
405,145,79,104
414,144,63,109
419,147,56,103
420,146,53,104
420,146,51,105
423,147,49,108
424,145,49,113
425,145,49,114
425,146,54,117
422,145,60,124
421,144,63,127
422,144,62,131
421,147,65,128
422,146,70,133
433,144,58,137
422,145,75,133
433,143,69,136
432,142,71,135
435,140,70,138
442,140,64,135
442,139,63,135
444,139,62,138
444,140,63,135
446,138,61,138
447,139,62,135
448,139,64,135
450,138,64,136
454,137,60,138
455,138,59,139
456,140,61,136
455,140,63,137
454,140,62,138
454,141,61,138
453,141,63,136
454,142,61,134
453,142,62,138
454,142,62,136
455,143,62,135
454,143,64,136
456,142,62,136
454,142,64,137
455,143,63,133
455,142,62,137
455,142,62,138
457,141,61,140
454,139,64,141
458,138,61,140
