234,159,45,48
232,157,47,48
234,157,47,49
233,155,48,50
234,155,46,48
232,155,46,49
233,154,48,50
232,155,46,49
232,155,47,48
231,156,48,50
232,157,47,49
230,158,46,49
230,160,48,49
231,162,48,49
230,161,47,50
230,163,48,49
230,164,48,50
230,168,48,49
230,166,47,50
229,168,48,51
231,168,48,49
228,166,47,48
229,162,48,48
227,156,47,47
228,147,47,46
226,137,47,47
225,127,48,47
227,114,52,55
227,109,49,45
227,103,49,46
227,103,49,47
227,104,48,47
227,104,50,49
229,109,50,50
227,117,50,49
229,131,47,51
228,140,45,49
227,146,46,48
226,148,47,48
225,147,48,47
225,140,47,49
225,133,46,47
225,123,49,50
227,112,49,48
227,106,49,46
228,100,48,48
227,98,48,50
229,98,50,49
229,99,49,51
231,105,48,48
233,113,48,48
233,123,48,48
233,129,49,54
232,133,48,53
232,138,47,51
233,142,48,52
235,143,47,51
235,144,48,50
236,146,47,49
237,147,46,51
238,148,47,51
239,148,45,51
241,149,45,51
241,151,47,50
240,152,46,49
241,151,46,50
243,154,45,50
243,153,46,51
242,154,46,50
243,153,47,50
242,155,47,49
243,156,45,49
243,155,45,49
242,156,45,49
242,157,45,46
241,155,46,49
240,156,46,50
240,156,46,51
239,155,45,52
239,158,47,50
239,156,45,51
238,158,46,50
238,159,46,50
237,160,48,50
237,162,45,47
235,161,47,48
235,159,47,48
236,160,47,49
234,157,46,49
235,154,46,47
232,150,47,45
233,142,47,43
232,138,47,48
232,125,50,51
232,117,49,52
231,108,47,48
231,101,46,49
231,100,45,47
230,96,46,48
229,96,44,47
228,94,47,49
228,96,48,49
227,97,48,50
226,101,48,50
227,110,49,47
227,121,49,51
226,125,50,53
226,125,48,52
225,133,46,51
225,137,47,52
226,143,48,49
227,147,48,50
228,148,47,50
227,151,48,49
229,154,48,50
229,155,49,51
229,156,48,49
228,156,48,51
227,155,48,52
227,154,47,51
223,152,49,51
221,150,49,49
220,148,50,48
213,142,50,48
208,140,50,48
201,135,51,47
193,130,51,50
192,129,51,50
186,129,51,50
178,130,48,47
170,129,50,51
159,134,52,51
156,136,56,51
150,138,52,52
144,140,53,52
142,140,49,54
137,141,49,55
133,144,48,54
129,146,49,54
127,147,50,53
125,151,51,50
124,151,51,50
127,155,48,53
125,157,49,55
128,158,50,55
129,164,50,52
132,166,49,53
133,167,49,51
133,169,50,51
133,170,50,51
133,170,51,51
133,170,52,51
131,168,53,51
131,168,51,52
134,167,52,53
134,165,52,52
135,166,50,51
136,167,51,50
137,166,51,50
139,169,48,53
141,171,49,51
144,172,47,51
145,176,46,52
147,179,48,50
145,179,51,49
147,178,50,51
148,176,51,51
150,168,51,54
152,161,51,53
153,150,51,56
155,136,51,54
156,120,50,57
159,103,50,58
162,87,51,52
163,79,53,49
166,72,56,50
172,65,55,49
175,63,53,48
178,63,55,51
183,63,52,53
188,68,50,51
191,76,51,50
192,83,51,51
200,96,49,50
203,114,49,51
208,123,49,51
210,128,49,52
215,137,48,49
218,144,48,47
223,149,46,49
225,152,47,49
227,153,46,49
229,154,46,51
230,152,47,52
229,150,47,51
231,147,47,50
231,145,47,49
230,145,48,48
228,142,48,50
225,139,46,50
223,139,46,48
217,136,48,48
216,135,47,49
209,133,50,50
200,134,50,48
189,132,49,49
178,133,53,49
178,134,52,49
165,140,53,48
158,147,55,48
150,151,54,51
144,150,54,56
144,152,52,56
140,152,50,56
134,155,54,58
130,156,54,57
127,157,53,59
128,159,50,53
125,158,50,55
123,160,51,56
122,161,52,59
121,164,54,55
119,167,53,52
123,168,52,53
123,169,52,53
124,170,50,52
126,172,49,49
126,170,49,49
128,171,50,50
128,172,52,50
130,172,53,50
130,170,52,52
131,169,52,51
132,169,55,52
132,168,53,52
139,167,52,52
140,166,54,52
139,165,55,54
146,163,52,51
149,161,53,52
155,152,53,54
163,150,53,50
163,148,55,50
174,143,55,48
184,137,52,47
194,133,50,47
205,130,53,50
208,131,50,47
216,132,47,52
221,134,46,51
225,135,45,52
231,135,48,53
231,136,48,55
233,136,49,57
237,139,46,54
239,141,45,55
241,143,48,55
241,144,48,53
244,147,46,52
246,149,47,52
247,151,45,50
246,151,47,52
244,152,47,50
246,151,45,52
245,149,45,50
243,142,44,51
240,141,47,53
240,137,47,52
237,135,46,52
234,124,48,54
231,107,49,57
225,93,51,54
221,82,46,53
218,71,49,52
211,66,49,49
208,60,52,48
202,60,51,49
197,59,52,51
194,61,52,53
191,66,50,54
187,74,48,50
182,84,50,50
178,101,51,46
176,121,48,42
167,139,50,48
162,143,53,54
160,151,53,54
156,156,52,54
154,160,51,54
153,164,50,54
153,170,52,52
152,171,51,50
151,172,50,49
151,170,51,51
152,171,50,51
154,168,48,50
157,168,49,52
159,168,49,51
161,166,51,51
163,165,52,49
166,164,54,51
170,160,55,49
179,157,53,48
185,151,53,47
193,145,51,49
204,143,50,45
210,142,49,47
217,144,48,49
224,142,45,51
229,145,45,50
232,145,45,51
236,146,45,51
239,147,45,53
241,149,43,50
241,151,43,51
243,152,43,50
244,156,44,48
244,158,43,47
241,160,45,48
241,161,45,49
239,164,45,49
237,164,45,48
236,165,46,47
233,164,48,49
234,161,46,49
233,155,46,49
232,151,48,49
232,146,47,51
231,140,48,53
230,135,46,52
229,131,47,51
226,126,47,53
224,120,46,56
224,119,47,56
220,114,46,56
219,110,49,58
214,107,50,55
212,102,50,58
213,103,51,56
209,99,53,55
207,96,54,53
206,91,51,53
208,88,49,54
207,85,53,56
251,158,49,52
251,159,47,49
250,161,49,48
250,157,51,53
252,159,48,53
252,158,49,52
248,179,49,52
250,186,46,50
249,193,45,48
247,193,46,47
247,195,47,49
246,201,45,46
244,204,44,44
242,208,44,43
243,207,44,43
239,210,47,43
235,213,47,41
235,213,44,40
232,214,40,38
233,213,39,38
232,214,35,33
229,211,30,32
228,209,25,31
225,207,21,29
227,208,18,27
227,208,18,27
227,208,18,27
227,208,18,27
227,208,18,27
227,208,18,27
227,208,18,27
227,208,18,27
227,208,18,27
227,208,18,27
227,208,18,27
227,208,18,27
227,208,18,27
227,208,18,27
227,208,18,27
227,208,18,27
227,208,18,27
227,208,18,27
227,208,18,27
227,208,18,27
227,208,18,27
230,196,18,29
234,197,21,30
238,199,26,30
234,195,31,31
237,194,37,36
242,194,38,38
241,195,45,40
239,194,43,41
238,195,44,43
229,192,45,43
217,189,50,46
208,186,47,44
197,177,47,47
190,168,48,46
181,153,53,46
177,140,55,47
180,126,50,47
180,112,53,47
185,96,56,52
191,84,53,51
194,79,55,48
196,71,56,51
201,68,55,52
206,68,52,51
209,70,54,52
215,73,51,52
221,81,51,54
228,91,51,56
229,97,51,55
234,106,50,54
235,114,50,56
235,120,49,52
234,127,49,54
232,131,49,51
229,135,49,52
224,134,46,52
221,134,48,51
218,129,49,49
217,120,46,47
216,111,46,48
214,102,48,48
212,97,48,49
212,96,49,49
212,97,48,48
211,97,50,51
212,102,50,50
212,112,50,47
212,120,50,49
209,127,48,57
210,134,46,53
208,137,46,52
208,136,46,55
207,135,47,53
206,130,46,48
208,118,52,48
208,111,50,46
208,104,52,47
212,97,49,49
212,98,47,46
215,97,48,49
219,99,47,49
221,100,46,50
221,109,48,51
225,123,44,49
225,128,45,50
226,132,45,49
224,133,46,52
222,131,45,50
221,127,46,53
220,126,47,55
218,119,49,58
217,108,51,48
218,102,48,49
219,98,49,49
218,96,48,51
221,95,49,49
219,95,49,49
222,98,47,47
223,100,45,48
222,100,49,51
222,110,47,49
223,120,47,47
223,128,46,47
221,131,46,49
219,131,48,48
218,134,45,49
215,136,46,47
211,137,46,50
208,140,46,50
208,141,47,47
205,141,47,53
201,146,47,51
201,149,48,47
198,150,49,49
200,150,48,52
198,151,49,53
197,150,47,49
195,148,49,50
194,142,48,52
194,141,49,54
192,133,52,53
192,126,49,53
189,113,50,50
186,98,55,58
188,98,58,54
184,89,55,54
184,83,52,49
181,81,52,48
181,79,51,48
183,79,50,49
181,81,49,49
181,82,49,50
179,89,50,50
175,98,52,49
176,98,54,51
173,114,53,47
175,123,49,47
176,139,46,49
177,156,46,51
175,160,47,51
176,168,46,52
180,155,45,45
182,136,47,43
185,122,47,41
183,117,50,45
186,100,49,50
189,92,50,49
196,83,48,48
198,77,51,48
195,73,52,52
201,71,51,53
204,68,52,53
207,69,53,52
208,71,55,53
210,73,54,52
214,81,56,54
218,87,57,61
223,91,52,68
224,92,53,67
226,98,54,65
226,101,54,66
227,107,54,66
228,111,55,68
230,119,53,62
230,125,53,66
230,131,52,64
230,139,50,58
231,146,49,57
225,154,50,56
222,158,49,54
219,163,48,52
215,171,50,48
213,173,47,46
209,171,48,47
203,167,48,49
202,162,48,50
198,153,50,49
195,142,49,51
194,132,47,49
193,116,47,56
190,98,52,58
186,85,53,55
185,77,54,53
181,73,55,48
181,67,55,49
180,64,56,50
179,66,56,49
178,68,56,50
180,73,54,51
182,84,52,48
179,94,52,49
180,104,54,52
180,126,53,48
182,149,46,46
180,169,46,47
177,161,47,42
167,139,49,43
156,119,51,45
149,97,53,48
138,83,55,50
129,69,61,51
124,59,60,53
118,51,55,54
112,43,54,57
100,40,60,56
92,39,59,53
82,40,58,56
75,42,59,56
66,49,63,60
56,60,66,56
47,63,62,57
45,65,59,58
46,66,60,58
49,66,61,60
55,69,61,59
60,72,60,59
67,80,62,52
78,82,63,58
88,88,64,53
100,96,63,57
106,96,60,62
119,106,58,62
129,117,60,63
146,127,56,58
162,139,53,51
165,139,55,54
180,146,51,52
189,150,49,47
198,155,48,47
204,153,46,47
206,154,45,48
212,153,44,48
217,152,45,49
221,151,45,48
222,149,45,48
222,147,45,51
224,145,45,51
226,146,45,48
226,148,45,47
226,147,45,47
225,146,45,47
224,145,44,49
223,146,44,49
219,145,45,48
212,143,45,47
212,144,47,47
205,144,46,45
196,142,50,46
182,144,55,45
175,144,55,48
171,144,57,47
159,143,56,50
157,142,51,52
150,144,52,54
146,146,50,54
146,145,48,52
141,148,49,54
136,149,49,55
131,153,49,54
127,154,52,56
128,157,50,55
128,162,49,51
126,168,51,50
127,171,47,50
125,175,50,50
128,176,46,49
125,173,48,48
124,172,50,50
125,167,49,49
124,153,51,54
126,151,52,56
127,143,53,54
129,133,53,52
132,112,52,64
132,99,54,64
137,95,54,55
139,90,54,51
141,83,57,50
146,78,54,49
145,77,56,48
152,76,52,49
154,76,52,49
158,78,52,50
159,84,53,48
165,90,51,49
165,92,54,49
172,104,50,48
174,115,52,50
174,122,53,49
173,128,54,51
173,127,54,49
170,135,51,49
171,140,52,49
168,141,53,49
164,148,55,48
158,153,55,50
154,161,53,49
147,164,56,49
138,164,54,48
126,163,56,48
120,156,54,53
118,155,53,53
114,152,51,50
110,150,57,49
103,147,57,52
92,146,66,57
89,144,67,56
85,140,70,62
88,135,65,65
89,132,63,65
91,127,60,65
89,118,65,71
93,115,65,72
92,113,70,73
95,112,70,76
105,112,71,71
105,109,80,74
108,115,84,68
130,115,74,62
149,114,61,61
161,118,54,56
170,118,53,53
176,121,51,51
186,122,50,50
195,123,51,53
201,123,53,53
211,128,50,50
218,132,51,47
229,133,52,46
237,136,50,48
246,142,50,48
247,142,51,50
251,144,52,53
250,147,53,53
255,152,48,49
258,156,46,52
259,160,47,48
260,160,47,48
260,160,49,48
260,159,48,51
256,159,49,51
249,156,51,52
239,152,50,54
226,148,54,52
214,150,52,48
197,146,50,50
179,147,55,50
161,148,58,52
149,149,53,50
136,150,58,52
128,151,57,51
126,152,55,50
130,152,54,49
134,150,55,49
144,148,53,51
154,145,54,54
170,146,56,52
190,146,51,51
203,147,55,52
217,153,54,53
220,154,50,50
228,162,47,47
233,164,47,51
234,173,46,50
231,180,48,48
229,182,47,48
223,189,48,47
216,192,47,47
208,197,43,44
198,197,46,43
197,195,46,45
186,190,46,44
181,186,44,42
148,135,51,45
154,140,54,48
153,140,57,48
160,145,54,51
164,153,50,50
167,155,50,58
170,169,50,49
174,170,48,49
176,99,47,46
180,93,47,46
181,91,51,48
184,89,51,52
184,89,55,51
186,94,51,47
189,98,53,54
188,115,50,54
186,118,53,60
189,120,50,60
187,144,51,47
185,153,52,48
181,159,51,47
181,163,47,45
182,165,46,44
180,164,46,44
178,163,45,42
177,160,45,38
169,121,52,45
172,139,48,53
165,137,53,50
160,139,56,58
161,155,54,56
163,167,50,53
180,113,46,43
184,107,46,45
184,102,49,46
188,98,50,48
189,98,53,48
190,100,53,49
192,106,48,47
191,111,51,50
186,123,52,53
184,133,58,53
185,134,59,54
183,137,56,64
180,154,62,54
179,166,60,49
178,175,53,46
179,175,50,44
178,174,47,46
178,177,44,43
176,173,44,43
175,171,44,41
176,170,42,40
175,177,43,30
178,146,46,41
175,148,51,48
172,153,48,51
171,162,50,52
179,126,53,42
182,118,52,41
185,105,48,46
187,100,50,47
189,97,54,49
190,97,51,49
191,99,51,48
190,110,49,48
187,120,53,52
189,123,53,58
188,140,52,54
184,156,51,47
184,166,50,47
182,170,51,45
180,172,47,44
178,174,50,44
176,170,48,43
174,172,42,35
176,157,49,43
171,162,51,51
171,175,46,52
178,130,47,44
180,121,47,43
181,116,50,44
183,109,50,46
188,108,50,47
188,107,50,48
189,107,48,48
188,109,51,46
187,108,54,48
187,105,50,51
187,107,49,47
187,177,51,50
186,183,51,49
187,185,50,47
187,186,52,45
190,183,53,47
200,181,50,45
212,175,48,45
223,168,49,47
238,161,49,49
253,150,51,49
266,143,53,47
282,138,45,44
299,134,45,43
307,130,44,44
314,127,45,44
319,125,43,43
322,126,43,42
322,127,43,43
320,128,42,44
317,129,44,44
308,133,47,44
302,136,46,44
293,137,46,47
280,139,46,45
263,137,56,48
250,137,55,47
246,138,55,47
238,134,48,49
220,131,50,46
202,127,51,48
185,126,52,47
178,127,58,45
164,126,55,46
149,125,60,50
133,125,57,49
123,128,54,48
120,129,53,47
116,130,50,49
112,133,51,48
111,137,52,48
109,140,54,50
110,140,52,49
111,142,54,51
114,143,51,51
118,147,55,50
121,146,59,53
124,148,57,50
134,150,59,52
143,149,58,51
156,150,60,51
173,150,63,55
177,149,57,57
182,149,58,58
203,152,55,51
215,155,54,53
230,159,48,52
233,160,47,48
237,164,48,48
241,171,44,47
247,174,42,45
249,177,39,45
250,177,40,46
250,181,40,46
248,185,42,43
248,190,43,42
247,193,41,40
248,193,41,42
246,193,40,43
244,192,42,45
242,194,38,40
240,195,34,37
239,195,33,37
238,192,29,35
238,192,23,34
238,192,23,34
238,192,23,34
238,192,23,34
238,192,23,34
238,192,23,34
238,192,23,34
238,192,23,34
238,192,23,34
238,192,23,34
238,192,23,34
238,192,23,34
238,192,23,34
238,192,23,34
238,192,23,34
238,192,23,34
238,192,23,34
238,192,23,34
238,192,23,34
238,192,23,34
238,192,23,34
238,192,23,34
238,192,23,34
238,192,23,34
238,192,23,34
238,192,23,34
238,192,23,34
238,192,23,34
238,192,23,34
238,192,23,34
238,192,23,34
238,192,23,34
238,192,23,34
238,192,23,34
238,192,23,34
238,192,23,34
238,192,23,34
238,192,23,34
238,192,23,34
238,192,23,34
238,192,23,34
238,192,23,34
238,192,23,34
238,192,23,34
238,192,23,34
238,192,23,34
238,192,23,34
238,192,23,34
238,192,23,34
238,192,23,34
238,192,23,34
238,192,23,34
238,192,23,34
238,192,23,34
238,192,23,34
238,192,23,34
238,192,23,34
238,192,23,34
238,192,23,34
238,192,23,34
238,192,23,34
238,192,23,34
238,192,23,34
238,192,23,34
238,192,23,34
238,177,18,35
238,181,21,37
237,184,26,38
239,184,34,41
242,187,35,43
242,186,40,44
241,187,40,44
239,184,42,48
235,179,43,49
235,170,45,52
233,160,48,52
236,151,50,53
242,144,48,50
247,138,51,49
250,135,52,52
253,134,51,52
255,131,50,51
255,132,51,52
253,133,50,52
252,137,50,52
248,141,52,53
243,149,52,53
242,159,48,53
240,168,47,51
240,175,44,51
239,182,46,50
238,186,45,51
237,189,45,48
237,191,44,46
239,193,41,42
237,192,44,41
237,188,42,41
239,188,41,42
237,185,39,40
234,182,37,39
232,179,35,39
231,176,26,35
233,176,24,35
232,176,19,33
231,168,16,35
231,168,16,35
231,168,16,35
231,168,16,35
231,168,16,35
231,168,16,35
231,168,16,35
231,168,16,35
231,168,16,35
231,168,16,35
231,168,16,35
231,168,16,35
231,168,16,35
231,168,16,35
231,168,16,35
265,138,21,32
265,138,21,32
265,138,21,32
265,138,21,32
265,138,21,32
265,138,21,32
265,138,21,32
265,138,21,32
266,141,19,28
266,140,19,27
265,140,20,27
265,141,20,27
265,141,20,27
267,141,19,27
267,140,19,27
266,141,19,27
266,142,20,27
266,141,20,27
266,141,20,26
266,141,19,27
267,141,19,27
266,141,19,26
266,142,20,27
267,140,19,28
267,141,19,27
266,141,19,26
266,141,19,27
266,141,19,26
267,141,20,27
267,141,19,26
265,142,19,26
266,141,19,27
267,141,20,27
266,141,20,27
266,141,20,28
267,142,20,27
265,142,20,27
266,141,20,27
267,141,19,27
266,140,20,27
266,140,20,27
265,142,20,27
265,140,20,27
266,141,21,27
266,142,18,27
267,141,19,26
268,140,18,27
268,142,19,26
266,141,18,26
267,141,18,26
266,141,18,26
267,142,19,26
267,140,18,26
267,142,19,26
266,142,20,26
265,141,20,27
265,142,20,26
267,142,20,27
266,141,20,27
267,140,20,28
266,141,19,27
267,142,18,26
267,142,19,27
266,141,20,27
267,141,19,28
266,142,19,27
266,141,19,27
267,141,20,27
266,141,19,26
267,141,19,26
266,142,19,27
266,141,19,27
268,142,18,26
266,141,19,27
268,141,19,27
265,139,20,28
266,141,19,27
266,141,19,26
267,141,19,27
266,140,19,27
267,140,20,27
266,140,20,27
266,142,20,27
267,140,19,27
267,140,19,27
266,142,19,26
268,142,19,27
266,141,19,26
266,141,20,26
267,142,20,27
267,141,19,28
267,141,18,27
266,141,19,27
267,140,19,27
267,141,19,27
267,141,19,26
267,141,19,26
266,141,19,27
267,141,18,26
268,142,19,26
265,140,20,27
266,141,20,27
265,141,20,27
266,141,20,27
266,141,19,27
267,141,19,26
266,142,20,27
267,142,19,27
266,141,20,26
267,141,19,26
267,141,20,27
267,141,19,27
267,142,20,27
266,140,20,27
266,141,18,27
266,142,19,27
266,141,19,27
267,141,19,27
267,141,18,26
266,141,19,27
266,142,19,27
267,140,19,27
267,141,20,27
266,142,18,27
267,141,19,27
266,142,18,26
266,141,18,27
267,142,19,27
267,141,19,27
266,141,19,27
267,141,20,27
267,142,18,26
266,141,19,27
266,140,20,27
266,141,19,27
266,141,20,27
266,141,19,28
266,140,20,27
268,142,19,26
266,141,18,27
267,142,20,26
267,140,18,27
267,141,19,27
266,142,18,27
267,140,19,27
267,141,19,27
266,141,19,26
266,141,20,27
267,141,19,27
267,141,19,26
267,141,19,26
265,141,21,27
266,141,19,27
267,141,20,27
266,140,20,28
265,140,20,27
267,141,19,27
267,142,19,27
267,141,19,27
266,141,19,26
267,141,19,26
266,142,20,27
265,142,19,26
265,140,20,27
266,141,19,27
267,142,20,27
267,141,19,26
266,141,20,27
265,140,20,27
266,140,20,28
265,140,20,27
267,142,19,26
266,141,18,27
267,141,19,26
267,141,19,27
268,142,18,27
268,142,18,26
268,143,19,26
266,142,19,27
266,142,20,27
266,142,18,26
266,142,21,27
266,141,19,27
267,142,19,26
267,141,19,27
266,142,20,27
268,141,19,27
266,142,19,26
267,141,19,27
267,142,19,26
267,142,19,26
267,142,19,26
266,141,19,27
267,142,19,26
267,142,19,27
266,140,19,27
267,141,19,27
266,142,19,27
266,141,19,28
267,142,19,27
267,142,19,26
266,140,19,27
266,141,19,26
265,142,20,26
267,140,19,27
266,141,19,27
267,143,18,26
265,142,20,27
267,141,19,27
266,141,19,26
267,141,20,26
267,140,20,27
267,141,19,26
267,142,18,26
266,142,19,26
267,141,19,26
266,141,20,26
266,143,19,26
268,141,18,26
265,141,19,27
266,142,19,26
267,142,18,26
267,142,19,26
266,139,19,27
267,141,19,26
267,141,18,27
267,141,19,27
267,142,18,26
266,141,18,27
268,142,19,27
267,142,19,26
268,142,18,27
266,142,19,27
266,141,19,27
267,142,19,27
265,140,19,27
266,141,19,27
267,142,19,27
267,141,19,27
267,142,19,27
267,142,18,26
266,142,19,26
267,140,19,26
267,142,18,25
268,141,18,27
266,142,19,27
267,141,18,27
266,140,18,27
266,141,19,26
268,141,19,27
266,141,19,27
265,142,19,26
265,141,20,27
266,142,18,26
267,142,19,26
267,141,18,26
267,141,18,26
266,142,20,26
265,142,20,26
266,141,19,27
265,142,19,27
264,140,21,28
267,141,19,27
267,142,19,27
268,142,18,27
265,142,19,27
265,140,20,27
264,147,21,22
266,147,20,21
266,147,20,21
266,147,20,21
266,147,20,21
267,142,19,25
267,141,20,27
265,141,20,27
267,140,19,27
265,140,20,27
266,141,19,27
266,140,20,27
267,141,18,26
267,142,19,27
266,141,18,26
267,141,19,26
266,141,20,26
265,141,20,26
266,141,19,27
267,141,19,27
266,142,18,26
267,142,20,26
267,142,19,27
267,141,18,26
266,141,19,27
266,141,20,27
267,140,19,27
267,142,20,27
265,141,21,27
267,141,20,27
267,141,19,27
266,141,19,27
267,141,19,27
266,141,18,26
267,141,19,26
267,141,19,27
266,142,19,26
267,141,18,27
266,142,18,27
267,141,19,27
266,141,19,26
266,141,19,27
267,141,19,27
266,142,20,26
266,142,19,27
267,141,19,27
266,140,19,27
266,142,20,27
268,141,19,26
267,141,19,26
267,140,19,27
267,141,19,27
266,141,18,27
267,140,17,26
268,142,19,26
266,141,19,27
266,141,18,26
267,141,19,27
266,141,21,27
265,141,20,27
268,141,19,27
266,140,19,27
267,142,19,27
267,142,18,26
266,142,20,27
267,141,19,26
267,142,19,27
267,141,19,26
268,141,19,26
266,141,19,26
267,140,20,27
266,140,19,27
266,141,19,27
266,141,20,27
267,141,19,26
266,142,20,27
267,141,19,27
266,142,18,26
266,140,19,27
267,142,18,26
266,141,18,26
267,142,19,27
267,142,19,26
266,142,18,26
267,142,19,26
268,142,18,26
266,142,19,26
267,141,18,26
267,141,19,26
266,141,20,26
266,142,19,26
267,142,20,27
267,141,19,26
266,142,20,26
267,141,20,27
266,141,19,26
266,142,19,27
265,141,19,27
267,142,18,26
266,141,18,26
267,143,20,26
267,142,19,26
266,142,19,26
266,141,19,26
266,141,19,26
267,142,19,27
267,141,18,27
267,141,19,27
266,142,18,26
268,141,17,26
267,142,19,26
265,141,20,27
265,140,20,27
266,141,20,27
267,142,18,26
266,141,18,26
266,141,20,27
266,141,20,26
266,142,20,27
266,141,19,26
266,141,19,27
267,141,19,26
267,141,19,26
267,141,19,26
266,141,19,27
266,141,18,27
266,140,19,27
268,141,19,26
267,142,18,26
266,142,19,27
266,140,19,27
268,141,19,27
266,142,18,26
268,142,19,27
266,141,19,26
268,142,19,27
266,140,20,27
268,142,18,27
266,141,18,26
267,141,19,26
266,140,18,27
267,142,18,26
267,141,19,27
267,141,19,27
265,141,20,27
268,141,18,27
266,141,18,26
267,142,18,27
266,140,18,26
268,142,18,26
265,140,20,27
266,141,20,27
267,141,19,27
266,142,19,27
267,141,19,27
266,141,19,27
267,141,18,27
266,142,20,26
267,142,18,26
267,142,18,27
267,141,19,27
267,142,19,27
267,141,19,28
268,142,19,26
265,141,20,27
267,140,18,27
266,142,19,27
267,140,19,27
267,141,20,26
265,142,19,27
266,141,19,26
266,140,20,27
266,142,19,27
266,142,20,26
266,141,18,27
268,142,19,27
266,141,19,27
266,141,19,27
266,141,20,27
267,142,19,26
266,143,19,26
267,141,19,27
266,141,20,26
267,141,17,27
266,141,19,27
267,142,20,26
267,141,19,26
267,141,19,27
266,141,18,27
267,142,18,26
266,141,19,27
266,141,19,27
266,141,19,27
265,142,19,27
266,140,18,27
268,141,19,27
266,142,19,26
271,143,14,26
271,142,14,25
272,142,13,25
272,141,14,27
268,141,17,26
268,142,18,26
266,140,18,27
266,142,18,26
267,141,19,26
267,142,20,26
267,142,20,27
267,141,18,26
265,140,20,27
266,141,19,27
266,142,20,27
267,140,18,27
266,142,19,26
267,142,19,27
266,141,20,27
265,141,20,28
267,142,19,27
267,140,19,27
267,142,19,26
266,141,19,27
266,142,20,26
267,141,19,27
267,142,19,27
266,142,19,26
268,141,19,27
268,141,18,26
266,142,19,26
266,140,19,27
267,142,19,27
267,141,18,26
267,141,19,26
266,141,19,27
266,141,19,27
266,141,18,27
267,141,20,27
267,142,20,27
265,140,20,27
266,140,19,27
268,142,18,26
266,141,19,27
266,141,18,26
266,141,19,27
267,141,19,27
267,141,19,27
267,142,18,27
266,142,20,27
268,142,19,27
267,141,18,27
266,142,20,26
267,141,19,27
267,141,19,26
267,142,19,26
266,141,19,26
266,141,19,27
266,142,19,27
266,140,19,27
267,141,19,26
268,141,19,26
265,140,19,27
266,142,19,26
267,141,19,26
267,141,19,26
265,141,20,27
267,141,19,26
266,141,19,27
267,141,19,26
266,142,20,26
266,140,19,26
266,142,18,26
267,140,19,27
266,141,19,26
266,141,19,27
267,140,20,27
266,141,20,27
266,140,19,27
267,141,18,26
266,141,19,26
266,142,19,26
267,141,19,26
267,142,19,26
265,141,20,27
267,142,19,26
266,142,18,26
268,142,18,27
265,142,20,27
268,141,19,27
265,140,19,28
266,142,19,27
268,141,19,27
268,141,17,27
267,142,18,27
269,141,15,26
273,141,13,26
273,142,12,26
273,142,12,26
273,142,12,26
273,142,12,26
274,142,11,24
273,141,13,27
270,143,16,26
271,142,15,27
268,141,17,26
265,141,19,26
267,141,18,27
267,140,18,27
267,141,18,27
266,142,19,26
268,141,18,27
266,141,19,26
266,141,18,26
267,141,19,26
267,141,19,27
267,142,20,27
267,141,18,26
266,140,18,26
267,142,19,26
267,140,18,26
266,142,19,26
267,141,18,27
268,142,19,26
266,142,19,26
266,140,20,28
266,142,19,27
267,140,19,27
267,142,19,26
267,141,19,27
264,140,21,27
268,142,19,27
267,143,19,26
266,141,19,26
268,141,19,26
265,140,20,27
267,142,19,27
268,141,18,27
266,142,19,27
266,142,19,27
267,141,19,26
265,141,20,26
267,142,19,27
267,142,19,27
267,141,19,26
267,142,19,26
266,141,20,27
268,142,18,27
266,142,19,27
266,140,20,27
265,142,20,27
268,141,18,27
267,142,18,26
266,140,20,27
265,141,20,27
265,140,19,26
266,141,19,27
268,141,18,27
270,142,15,26
271,142,14,25
273,142,13,26
274,141,13,26
274,142,13,25
274,142,12,24
275,140,11,22
275,141,11,26
275,141,11,25
274,140,11,25
273,140,12,25
272,142,15,23
272,142,15,23
272,142,15,23
274,140,13,22
273,141,13,27
272,141,14,27
269,141,16,26
268,141,18,27
267,142,18,27
266,141,19,26
266,141,20,26
267,141,20,26
265,141,20,27
267,141,19,27
266,142,20,27
266,141,19,26
267,141,19,26
266,140,18,27
267,142,18,26
267,142,19,26
267,140,19,27
267,142,18,26
266,142,19,26
268,141,19,27
267,142,19,27
267,141,18,26
267,140,19,27
267,141,19,26
266,142,20,27
266,140,19,27
266,141,19,27
267,141,19,27
266,140,19,27
266,141,18,26
