124,95,246,134
136,90,232,135
142,93,224,134
140,89,220,141
141,96,221,134
140,98,219,131
143,96,212,135
142,98,216,136
142,93,216,138
141,100,213,133
139,100,214,135
136,98,213,137
136,103,209,132
134,101,211,138
129,98,213,143
130,102,209,140
130,107,207,138
123,115,211,135
119,118,212,133
119,118,211,135
118,120,211,134
115,126,209,129
113,135,215,124
109,132,217,125
111,136,213,122
112,138,209,119
113,135,212,121
109,136,210,123
108,135,211,123
111,131,208,126
109,132,210,122
113,128,211,123
112,126,213,124
115,127,208,121
117,124,205,119
120,122,205,125
120,121,205,121
127,113,197,127
125,116,200,123
128,112,202,121
131,111,192,120
130,110,204,122
129,108,200,119
129,103,203,127
132,103,203,125
134,107,199,118
130,104,209,119
136,101,201,124
135,100,205,122
135,101,202,121
138,101,199,121
137,102,207,119
140,102,202,119
138,100,204,120
137,105,204,115
141,104,197,117
142,103,202,117
139,105,204,114
144,101,198,118
146,99,194,117
146,102,191,115
149,101,185,115
149,101,186,116
151,100,182,115
152,101,180,117
152,101,180,118
156,103,177,115
159,103,175,109
164,103,170,115
164,101,165,112
168,101,164,117
172,102,155,114
170,103,159,114
170,100,166,120
176,105,158,115
178,104,151,109
178,103,161,114
181,103,158,116
185,107,157,109
188,107,161,105
190,111,165,104
195,101,157,106
198,105,158,107
198,103,157,108
203,104,151,109
201,106,154,107
203,106,144,110
202,104,153,113
204,108,146,111
204,102,144,114
206,113,138,108
203,108,147,112
204,110,140,111
207,106,132,115
208,115,128,111
210,115,126,105
210,112,125,112
213,113,122,111
216,116,121,110
214,116,118,115
215,120,109,109
219,121,109,115
220,123,105,113
223,122,101,118
228,121,92,121
227,126,89,122
237,122,77,122
232,122,72,125
248,124,58,126
241,122,60,128
243,128,57,126
242,128,49,128
242,132,48,125
239,134,44,124
236,135,41,125
235,131,37,126
229,134,40,129
227,130,39,125
220,132,45,128
215,132,47,126
212,130,53,128
209,128,49,124
206,129,69,131
206,126,86,132
199,125,91,126
200,126,105,127
197,129,115,121
198,129,115,121
195,128,118,118
195,128,123,120
193,129,124,119
193,127,124,121
198,128,113,115
202,127,117,116
190,129,130,108
186,131,138,110
184,131,138,103
186,128,140,116
181,127,152,119
174,125,160,118
174,126,157,119
171,123,160,116
170,131,167,110
173,130,168,108
172,121,171,123
168,120,178,125
170,127,170,112
173,122,180,115
175,128,172,113
172,124,186,119
170,125,187,111
171,130,181,111
177,126,162,111
172,124,174,116
171,126,174,116
171,124,179,118
173,130,167,105
174,122,162,116
167,133,171,109
166,128,177,103
169,131,171,107
172,126,169,104
168,127,173,112
169,126,176,113
168,125,167,112
168,128,170,104
167,125,176,115
166,124,174,121
169,126,171,111
170,128,172,109
171,129,172,112
167,127,176,114
165,128,175,116
165,136,174,108
164,134,180,114
163,141,179,114
161,142,182,116
161,150,176,110
162,145,171,118
158,153,179,112
163,150,174,113
158,145,187,124
158,151,179,117
159,153,177,116
159,155,174,109
157,153,170,117
153,151,187,122
154,155,188,116
154,152,184,122
151,153,200,124
147,150,208,127
144,156,197,122
144,149,210,130
146,165,199,114
142,156,221,126
142,158,209,125
144,159,202,121
145,163,180,123
147,167,162,118
145,170,177,116
148,175,177,116
149,178,156,108
148,179,159,110
147,170,168,119
147,174,157,115
146,179,145,112
148,175,154,116
148,182,140,112
149,188,138,104
147,188,140,107
148,187,134,111
148,192,132,108
148,194,137,109
147,195,143,111
149,197,141,111
151,196,136,112
150,198,140,110
152,199,145,109
154,199,152,110
153,202,171,108
153,193,184,120
154,200,181,113
157,200,180,113
156,201,182,110
159,185,183,128
159,191,188,123
156,199,192,117
161,200,187,112
159,205,189,109
162,205,183,107
159,208,189,108
159,206,184,109
161,205,184,112
161,207,185,105
161,208,181,110
163,208,180,110
163,210,180,108
161,197,181,123
160,205,186,116
161,205,186,118
159,210,186,110
158,206,188,115
159,208,190,114
161,208,183,115
165,217,180,108
165,217,182,108
171,212,175,115
174,217,175,111
172,214,177,111
172,219,180,107
174,219,170,110
173,220,174,106
176,219,169,107
177,223,169,105
175,213,169,114
174,217,172,117
177,216,171,111
177,211,171,117
178,214,172,110
179,204,168,122
182,190,169,144
184,197,170,129
184,197,166,140
187,191,164,139
183,177,174,155
186,184,168,150
187,179,171,157
191,188,165,141
188,177,171,153
189,179,166,155
191,176,167,162
191,176,166,154
188,169,177,160
191,172,178,154
184,155,187,164
189,153,175,175
190,153,183,181
188,149,185,171
188,152,183,167
186,149,192,186
190,145,179,183
190,155,195,152
187,151,196,166
187,149,196,180
190,142,186,172
191,150,186,184
188,146,194,185
189,142,187,185
191,147,183,186
191,143,186,197
191,142,181,173
194,149,176,157
194,149,180,158
194,150,179,154
197,147,174,160
193,148,175,155
198,145,166,156
196,146,170,154
193,145,174,156
196,141,172,169
197,140,178,162
199,140,169,159
196,140,172,157
201,142,176,157
195,140,181,159
197,139,172,151
199,140,169,160
198,140,174,158
200,141,175,155
197,140,174,152
200,139,163,165
198,137,168,160
199,138,175,159
200,139,159,157
203,137,159,159
201,134,165,164
202,139,166,153
201,139,170,153
202,138,169,157
201,139,169,154
200,133,168,169
200,135,169,172
198,135,173,169
200,131,164,177
200,131,157,174
199,130,157,180
198,124,156,195
198,124,159,187
200,125,156,184
203,125,152,184
201,124,152,181
199,128,152,181
197,120,151,188
199,117,149,192
198,124,145,177
197,123,149,182
194,122,151,184
197,126,138,179
194,120,146,182
193,116,140,188
192,116,138,186
192,116,133,184
191,112,132,190
190,112,128,184
187,117,136,179
184,113,142,182
190,120,126,174
188,113,124,181
186,111,126,180
184,111,135,178
184,110,134,178
184,107,134,179
183,109,133,175
184,109,139,176
187,104,126,175
192,106,126,179
193,100,127,181
195,97,129,184
196,97,123,182
196,89,118,191
196,87,120,187
198,88,117,185
198,83,115,184
197,85,121,184
192,79,124,190
197,79,119,182
197,81,119,180
197,78,119,181
195,78,127,183
198,78,124,181
201,79,121,181
198,77,121,183
200,78,129,184
202,77,126,184
201,79,126,184
203,79,129,182
198,80,137,182
199,78,135,181
199,78,138,185
197,80,147,181
199,77,147,184
204,74,144,181
211,75,139,183
208,76,144,183
204,79,148,177
204,76,153,178
227,73,138,182
201,75,156,188
204,79,156,171
209,86,151,166
209,76,155,178
212,72,149,185
215,73,151,180
221,75,144,178
219,71,149,179
226,75,152,176
225,78,154,167
229,80,148,168
231,74,149,178
237,75,147,170
237,74,151,174
242,77,142,170
241,80,144,167
243,76,152,166
247,78,155,164
249,82,157,162
250,76,161,167
260,78,147,165
263,83,144,162
263,77,152,163
265,77,147,170
264,76,148,164
268,79,152,167
274,80,148,159
273,83,156,160
276,83,149,160
276,79,152,172
282,85,147,166
288,82,141,162
291,83,138,166
289,86,146,163
294,84,142,165
296,85,144,168
296,83,146,168
301,83,143,174
304,84,144,170
301,86,159,165
306,90,152,166
305,88,147,166
307,93,154,163
307,89,158,167
309,90,155,165
310,87,165,170
309,95,166,163
313,92,166,163
309,89,171,168
312,86,166,168
314,91,168,172
317,93,168,164
320,88,162,164
318,92,169,166
323,94,168,160
329,92,155,164
325,95,160,166
325,98,172,158
326,100,176,156
329,93,165,165
327,93,175,162
329,96,167,161
333,99,172,157
335,98,161,159
337,97,166,158
334,98,165,161
339,96,160,160
334,94,169,164
338,101,161,150
340,95,166,161
340,94,165,160
340,97,172,156
342,98,167,153
346,95,159,158
344,89,160,162
345,93,170,161
342,92,174,160
349,95,164,157
350,92,159,155
348,90,167,167
350,90,158,158
348,95,169,160
349,90,172,162
354,94,167,158
355,95,169,157
357,96,163,156
358,88,163,163
361,88,153,163
367,84,162,169
365,96,172,159
364,97,178,158
366,87,175,169
367,94,182,162
373,93,172,161
379,86,175,168
373,96,183,160
381,98,175,158
379,103,183,153
382,94,184,166
392,91,173,165
387,94,187,163
387,103,193,155
385,104,196,152
388,108,191,152
390,99,193,162
399,103,184,159
393,100,197,166
400,100,185,161
397,96,199,168
399,102,185,167
426,95,173,168
410,89,184,173
399,105,188,167
408,109,194,154
403,103,197,161
402,104,190,164
407,108,197,160
408,107,193,155
406,97,202,167
409,105,194,170
400,104,196,172
409,102,195,172
414,109,189,166
400,104,198,188
397,115,208,199
398,118,193,195
449,95,170,162
441,92,167,172
444,93,168,165
471,108,150,151
489,109,126,150
492,106,112,155
491,106,119,156
487,107,131,155
490,109,129,156
491,106,119,152
494,108,104,156
496,107,103,156
492,104,105,161
490,107,123,160
490,105,118,157
491,109,115,155
489,107,113,156
491,110,117,154
492,108,105,159
491,106,108,158
486,105,107,158
487,112,116,158
485,104,117,162
482,104,121,162
480,102,124,161
482,102,122,159
472,101,136,158
474,105,132,158
473,104,131,159
472,102,132,160
474,104,120,161
472,103,118,158
469,100,124,162
466,103,133,159
464,102,127,161
460,103,127,159
461,105,118,156
456,100,121,158
453,104,125,156
450,97,123,161
446,103,123,161
440,102,124,156
442,106,119,154
438,100,120,157
435,103,121,156
428,99,125,160
430,104,114,158
427,101,118,159
422,103,118,159
421,101,118,157
414,106,114,150
413,102,112,155
409,103,111,154
409,104,110,153
411,106,106,156
400,99,121,158
401,106,113,159
394,103,120,156
397,105,114,154
392,100,117,157
390,101,114,162
385,102,119,152
382,100,119,160
381,103,115,152
377,98,122,160
377,103,120,156
373,99,123,154
366,99,129,156
363,97,126,159
361,95,127,158
360,108,129,145
356,100,127,153
351,105,131,153
346,98,138,157
335,94,142,166
323,101,152,155
323,98,153,162
328,97,147,159
322,104,146,160
326,103,142,159
316,105,151,157
316,103,149,155
318,99,141,166
319,100,139,159
311,103,144,164
313,107,139,160
306,96,144,172
301,108,149,160
305,108,138,163
304,101,136,170
295,98,141,172
294,101,138,172
291,105,145,167
288,106,144,165
285,104,144,168
282,98,141,174
282,108,141,166
279,105,143,165
272,102,147,169
270,102,142,170
266,107,149,165
266,101,143,172
264,106,142,163
254,100,151,171
256,101,147,174
259,105,142,171
247,105,151,169
251,103,149,174
257,111,135,165
250,113,139,167
244,117,148,159
252,110,132,166
245,118,138,163
235,113,150,167
236,118,144,161
237,124,139,160
222,116,153,173
231,124,141,157
219,120,148,164
220,125,145,160
211,123,155,157
215,123,145,163
207,121,151,161
212,123,143,159
202,124,152,163
208,124,142,159
208,122,141,164
211,125,134,165
205,124,140,159
201,121,142,164
208,124,129,161
206,126,126,162
209,127,117,159
201,126,127,160
201,123,128,164
201,123,122,163
204,122,117,163
205,127,114,159
199,124,118,163
198,124,115,160
192,122,120,162
193,121,115,162
193,121,116,162
188,123,121,161
184,122,121,153
184,124,122,157
186,121,113,163
185,124,111,159
182,117,108,163
177,119,114,163
179,116,109,165
179,120,105,161
179,118,100,163
177,117,96,162
175,121,103,155
172,122,113,155
172,121,104,159
167,121,124,158
165,118,113,161
164,119,108,162
167,119,104,163
168,121,98,161
166,121,99,157
163,118,102,160
159,122,109,156
158,121,104,159
152,120,111,160
152,120,114,164
151,118,112,165
148,120,112,163
145,119,127,165
145,119,123,162
147,122,114,163
144,122,129,162
145,120,120,162
147,120,120,164
144,122,125,163
141,124,139,150
146,126,124,155
148,120,121,158
147,123,121,153
144,126,124,149
145,123,129,156
145,122,127,153
147,127,123,150
146,124,121,158
145,124,131,149
145,124,130,150
139,125,139,148
140,127,138,141
144,128,124,147
142,124,133,145
142,125,132,145
141,124,133,147
139,126,132,152
140,129,133,147
139,124,138,150
141,128,140,143
138,128,143,148
139,127,141,143
141,128,141,142
139,128,138,143
138,130,142,137
141,132,138,142
142,127,135,146
138,128,141,144
140,128,146,144
137,124,146,149
140,126,146,145
138,129,153,147
140,129,145,144
140,127,144,142
138,127,150,143
139,127,153,142
134,130,162,140
132,134,168,136
134,132,165,134
134,133,157,135
133,130,169,138
131,132,170,136
132,131,162,138
132,131,163,138
130,133,166,137
128,133,170,131
128,132,175,135
127,130,173,139
126,133,179,135
129,132,170,133
128,134,168,130
128,132,173,129
127,134,173,131
125,133,177,131
125,131,176,135
123,134,185,130
124,133,181,131
124,136,180,130
122,137,185,126
125,136,178,126
124,136,176,126
125,137,177,120
124,135,176,124
123,136,181,119
125,135,175,121
126,134,173,123
124,139,175,112
121,137,183,115
122,136,183,118
121,137,173,116
121,140,184,107
125,141,165,110
122,142,165,108
121,144,160,109
119,142,173,113
115,144,174,107
121,141,169,108
118,147,180,100
113,145,185,99
114,144,168,105
118,142,171,111
118,138,160,109
115,144,170,110
115,144,169,103
111,147,177,100
111,141,177,108
111,149,181,92
106,149,183,93
112,148,173,96
108,144,178,98
103,149,182,98
108,150,180,90
104,147,179,94
100,151,182,91
105,146,174,93
103,145,171,98
104,146,175,92
98,147,182,93
100,145,184,96
98,143,180,92
100,145,185,95
97,147,187,90
101,144,174,94
99,148,184,89
95,153,186,83
100,145,175,92
101,155,170,79
96,154,175,78
96,147,177,87
101,146,174,89
98,152,180,81
100,155,172,79
95,148,190,87
96,161,187,74
100,154,180,78
101,161,173,70
101,147,176,87
102,147,176,85
105,152,173,80
105,145,180,84
104,154,183,72
107,147,183,81
105,156,194,72
108,158,187,68
113,148,183,79
114,155,179,72
110,154,193,69
118,144,169,79
123,148,169,75
122,150,177,71
120,150,186,71
117,150,185,71
119,156,189,64
120,149,190,72
127,153,185,66
130,155,177,63
132,148,180,72
130,151,178,67
128,157,186,60
129,157,188,60
132,149,183,69
131,151,184,68
137,155,174,61
142,158,162,55
142,157,165,54
135,159,169,50
137,164,164,45
139,166,160,44
139,167,155,43
141,160,165,52
141,164,158,48
143,168,151,42
142,167,161,45
140,167,165,46
140,168,169,44
143,169,156,43
141,171,170,41
138,171,174,44
140,172,170,44
138,171,162,46
139,174,178,46
143,183,167,38
142,186,177,39
140,175,178,49
146,181,170,47
148,177,168,50
144,178,174,51
144,178,177,51
150,175,169,54
143,182,177,46
147,177,172,51
148,184,172,47
144,172,173,57
143,174,178,56
146,179,169,50
144,176,175,53
138,175,182,55
140,171,180,61
137,170,181,61
137,170,180,64
134,169,184,66
132,170,185,64
133,173,184,63
132,173,191,62
132,174,185,60
135,174,183,64
136,177,182,60
136,172,183,67
136,173,176,68
137,169,179,70
132,169,184,70
131,165,186,74
135,168,181,73
135,169,185,72
136,170,182,71
140,170,177,72
131,167,193,76
134,166,187,76
139,166,178,75
134,164,186,80
138,161,183,80
136,163,187,80
136,166,184,79
139,166,178,75
140,164,175,78
138,165,182,78
139,164,182,81
142,163,181,84
145,161,170,85
141,163,176,83
138,163,185,84
138,159,185,83
143,159,180,85
143,162,176,79
146,155,174,90
144,161,178,80
146,156,175,86
145,156,176,83
145,157,178,84
147,158,178,84
146,154,178,89
145,156,180,86
147,149,179,91
151,161,173,83
148,153,170,88
149,158,172,85
147,152,176,91
147,145,180,98
149,161,176,82
148,157,178,86
148,156,179,87
148,157,171,85
149,153,175,90
146,152,177,93
145,152,183,97
146,155,180,90
145,152,180,96
146,149,171,98
145,149,174,97
143,153,179,93
149,145,165,99
145,156,168,92
143,150,171,95
146,145,167,101
145,148,171,98
148,148,165,97
145,153,164,95
144,152,171,96
144,145,166,97
146,148,161,99
146,153,167,92
147,147,161,99
149,150,155,95
148,146,160,99
150,144,159,101
148,149,160,95
147,148,165,99
148,144,163,102
147,141,163,106
147,141,165,107
146,142,160,111
149,141,159,108
150,142,154,108
147,142,163,108
147,141,163,112
150,137,159,111
148,149,163,109
150,143,165,106
152,142,163,114
150,146,164,109
152,147,162,112
152,149,162,107
154,151,160,109
155,153,160,106
156,150,156,108
157,148,159,114
159,150,156,109
158,152,156,111
160,149,161,112
164,147,155,112
163,153,156,110
164,151,160,112
165,148,162,115
165,147,166,115
166,144,168,119
171,146,157,119
170,148,164,116
172,149,165,116
172,142,167,123
176,148,155,117
177,148,163,117
177,144,161,122
184,142,153,128
181,141,161,127
179,145,167,126
184,146,163,123
186,141,158,129
189,145,155,125
188,143,160,130
188,142,152,130
188,142,166,130
190,140,152,131
194,142,151,128
192,140,151,127
191,141,160,129
197,142,148,130
198,143,143,128
196,145,155,122
196,142,156,129
197,139,153,132
200,140,147,129
204,140,147,132
205,138,141,132
198,141,149,129
203,147,144,123
203,144,145,124
199,141,152,131
203,142,148,130
201,154,157,123
205,170,148,106
205,161,145,118
204,161,153,121
207,164,140,110
206,151,149,127
206,173,147,106
212,169,141,109
209,167,143,114
209,157,144,122
213,159,141,123
214,153,135,134
215,158,137,124
210,153,144,132
215,145,135,135
213,146,136,135
214,148,133,132
221,146,125,133
223,149,120,136
220,142,123,140
221,144,119,140
223,144,117,142
220,141,122,144
219,143,122,141
221,141,121,141
219,141,123,151
225,142,119,144
225,138,119,150
222,143,122,148
223,136,120,148
216,138,125,154
218,135,124,151
214,134,126,162
221,136,118,151
220,138,119,152
222,132,113,161
225,140,105,150
225,137,107,153
224,134,105,152
221,133,117,153
229,131,114,158
226,131,116,161
230,132,118,150
224,130,115,155
228,133,115,155
233,129,113,153
221,133,119,153
224,139,120,146
231,132,114,156
218,135,122,153
207,136,135,149
201,146,145,150
193,139,150,176
194,141,155,211
193,107,163,245
207,132,128,228
210,99,141,255
191,110,160,245
210,141,127,211
216,110,130,205
225,127,123,178
201,137,148,185
215,108,135,199
218,119,134,174
224,129,121,170
224,139,115,157
232,141,101,138
235,140,95,136
223,139,104,146
220,138,112,146
218,143,118,141
215,140,117,146
212,146,125,144
216,144,125,147
210,146,132,138
208,146,135,137
206,145,128,140
211,149,134,136
214,144,120,143
211,148,124,135
212,142,128,143
209,140,127,144
208,145,144,146
207,138,134,142
204,145,144,137
209,146,132,136
203,142,144,139
203,141,147,135
204,142,138,135
204,143,140,129
205,143,140,130
201,142,143,133
205,143,140,129
207,144,137,127
207,149,134,123
205,141,140,130
203,136,140,137
202,141,148,134
205,140,138,131
205,142,140,131
204,138,143,129
203,140,142,130
203,133,144,138
200,132,146,141
201,132,147,136
203,133,149,131
198,129,150,137
197,133,150,136
203,138,152,128
198,134,153,132
197,133,151,143
201,141,148,135
198,141,151,137
201,143,153,136
197,142,161,143
194,137,165,149
198,140,161,147
194,135,165,164
200,130,155,199
195,112,177,208
200,125,153,233
201,113,157,247
199,120,153,240
199,124,160,225
201,129,160,220
198,112,163,234
201,125,163,221
204,116,155,216
201,129,161,207
201,126,156,223
199,115,161,239
194,123,173,230
199,130,161,229
201,119,163,235
203,122,152,233
202,115,161,235
200,115,165,241
199,122,161,234
200,119,160,234
200,119,164,230
197,114,170,242
204,114,159,235
203,121,157,224
206,116,156,236
195,113,172,238
196,119,176,232
201,117,162,218
209,114,153,236
201,118,163,234
195,120,174,235
203,120,157,235
198,118,164,231
192,121,179,233
201,119,173,231
195,124,175,230
200,125,152,233
204,120,166,232
200,118,162,238
188,119,186,236
196,120,170,236
191,121,172,233
200,126,164,232
204,129,152,226
200,118,157,242
200,129,164,222
195,140,169,211
202,138,160,218
206,113,161,215
203,126,161,186
196,128,168,212
200,146,169,204
218,119,145,183
214,132,147,168
200,148,164,175
202,150,164,172
194,153,172,200
196,143,171,201
199,148,168,207
202,112,166,210
202,139,166,189
201,140,166,202
195,138,171,217
199,145,169,210
192,146,176,195
199,140,172,212
207,142,157,195
198,147,167,191
206,129,156,159
206,140,154,143
200,136,159,152
199,141,162,141
196,136,165,146
197,138,167,146
196,138,166,145
198,139,165,142
197,138,165,142
193,135,172,147
192,134,180,148
196,133,167,148
198,141,165,139
203,139,165,145
198,134,162,153
204,136,165,147
204,132,163,152
208,140,157,146
199,137,164,151
203,136,170,148
210,140,156,143
201,135,164,150
204,128,162,158
202,134,167,143
205,133,160,149
206,131,155,145
208,132,155,147
209,130,152,155
205,133,158,151
205,136,156,146
204,137,155,147
203,134,164,152
209,139,154,148
209,138,151,150
201,136,160,151
202,136,166,139
198,142,169,136
198,141,170,149
205,144,164,143
201,141,165,149
197,143,174,142
195,146,174,137
203,148,170,131
203,151,165,138
229,172,137,123
228,168,136,124
228,169,142,126
230,170,144,129
235,179,137,118
236,173,140,123
243,172,133,121
243,177,142,123
248,177,136,123
246,181,141,121
250,179,139,123
250,178,146,124
258,182,140,121
259,183,146,118
262,183,145,120
262,183,148,119
270,180,142,124
263,180,154,128
270,180,149,123
274,179,147,129
275,180,149,124
285,185,144,126
280,184,152,126
279,183,155,123
287,185,152,125
287,184,151,121
285,182,156,124
288,184,158,124
287,184,157,126
286,186,164,124
285,181,169,126
289,184,163,126
291,181,164,125
290,181,163,130
289,181,169,127
291,187,161,119
290,182,172,123
290,184,175,124
292,184,171,118
291,179,170,134
291,193,177,122
294,182,171,132
298,190,172,129
293,185,182,129
297,191,179,122
297,192,181,123
286,177,195,139
291,188,193,148
301,201,184,147
279,147,198,171
278,145,186,170
286,149,184,184
278,142,189,194
281,140,189,200
286,137,179,202
287,142,185,195
286,137,178,198
292,142,169,187
291,146,181,178
290,142,188,189
292,146,188,175
293,143,193,182
289,141,203,190
294,141,197,203
295,142,195,200
294,146,206,199
295,148,205,189
297,142,207,178
291,145,217,193
299,142,210,199
295,143,216,194
295,145,217,190
294,145,222,192
297,139,215,200
297,141,220,201
293,139,221,205
298,143,221,201
294,143,227,201
293,147,233,195
292,150,229,193
289,147,220,197
300,142,213,206
297,142,210,209
294,140,212,204
301,142,208,207
302,144,207,209
299,138,220,216
290,137,230,207
295,146,218,195
297,144,213,199
296,147,225,198
297,146,252,198
295,144,241,204
304,142,242,205
301,140,250,207
305,137,244,204
302,143,258,207
302,139,263,212
306,144,257,206
302,146,278,203
306,145,271,211
310,138,273,214
310,138,275,212
305,135,287,215
315,144,272,206
327,143,259,190
328,143,265,180
314,143,288,191
312,143,293,202
306,147,303,197
305,148,310,202
307,147,310,203
301,150,318,208
