284,156,113,111
291,152,104,116
292,154,104,115
292,148,104,115
295,157,96,111
294,149,92,114
295,153,89,113
295,153,81,110
297,156,80,106
296,153,76,110
297,152,73,110
295,153,67,108
297,150,54,112
298,147,57,109
298,150,47,108
299,151,46,104
302,147,43,106
303,143,39,110
305,137,37,109
304,141,38,108
309,135,34,109
318,130,26,114
321,129,25,110
328,125,25,112
326,119,30,119
338,109,29,124
337,108,32,125
349,108,35,119
351,89,40,127
227,171,53,123
224,174,69,112
218,180,81,101
207,181,103,101
202,185,124,92
200,185,141,96
203,181,137,98
201,186,149,96
201,183,155,95
206,182,159,110
206,183,153,115
204,184,161,112
207,183,157,113
210,183,159,114
205,183,156,117
203,183,164,127
202,182,169,112
201,183,161,115
204,182,168,121
200,184,162,118
202,184,164,121
202,184,167,129
205,184,158,106
208,181,162,111
205,187,159,114
206,184,159,123
202,185,163,109
208,182,159,119
204,184,162,126
206,185,157,106
204,183,165,105
199,182,165,108
206,184,156,113
208,182,160,121
203,184,162,121
202,183,160,126
203,180,160,124
200,182,163,121
201,182,162,124
198,182,166,122
199,183,161,121
197,179,166,127
196,180,162,117
195,182,165,121
192,186,169,93
197,184,164,98
199,184,165,99
198,183,167,96
198,186,164,92
203,187,158,93
198,184,164,93
201,187,161,96
196,186,164,94
194,184,170,95
194,185,168,96
199,183,162,100
195,184,166,95
196,182,165,110
197,181,165,113
195,181,164,120
198,184,167,112
195,184,169,101
198,183,169,96
198,184,164,97
198,183,161,102
197,183,162,102
196,183,165,103
200,184,164,101
198,182,162,119
202,184,157,125
198,182,159,121
194,181,164,128
201,183,158,122
199,184,160,119
200,185,157,123
196,182,162,131
194,182,168,128
193,185,169,121
197,181,168,128
197,182,161,116
195,184,169,120
195,184,165,117
200,184,163,117
198,187,163,112
199,186,164,108
203,186,159,117
199,185,162,123
195,186,168,97
196,185,163,106
200,184,159,104
195,184,164,100
195,182,166,111
196,181,163,111
200,184,163,109
196,183,161,104
199,180,163,103
198,181,163,100
197,183,166,99
197,182,165,105
195,183,167,99
202,180,162,100
192,183,172,97
196,181,165,98
197,182,163,100
200,182,160,98
196,179,164,110
198,180,165,111
195,180,164,103
195,181,168,104
198,181,163,104
194,182,166,101
195,183,168,98
196,179,166,111
192,181,169,105
203,181,161,101
194,181,164,99
201,184,164,103
205,180,153,107
207,184,153,103
212,182,153,97
203,185,162,99
198,187,167,92
198,185,166,91
192,187,173,94
194,185,169,97
196,187,165,94
193,184,169,97
192,187,171,95
193,184,172,97
197,183,167,115
204,186,161,98
201,183,162,97
204,183,160,97
201,182,162,98
199,182,164,100
196,181,164,103
196,181,165,107
195,181,165,108
199,181,161,117
199,181,162,116
203,182,156,108
198,182,161,112
197,182,167,100
197,181,164,101
199,182,165,99
200,183,163,99
195,183,165,101
199,183,163,101
199,182,167,103
197,180,159,107
195,181,166,113
196,183,165,105
179,185,182,97
175,184,191,99
183,184,180,100
195,183,167,108
200,183,161,111
208,184,159,108
203,186,156,106
198,183,164,100
205,181,161,106
196,182,168,98
200,182,160,99
202,180,160,98
194,178,168,97
199,175,162,105
198,168,163,113
201,165,155,118
203,160,152,118
202,161,155,122
198,159,161,132
197,161,164,129
194,173,172,111
196,185,165,100
199,182,163,101
198,184,161,102
199,182,162,112
197,183,167,98
198,184,162,97
194,182,164,101
196,183,165,102
201,181,162,103
202,184,158,102
199,182,164,98
200,183,158,101
201,181,161,106
199,180,161,107
198,180,164,113
196,182,168,98
195,180,169,102
197,181,161,113
201,181,159,108
197,180,163,105
201,183,161,96
196,182,162,105
197,181,164,103
199,181,165,103
200,183,159,105
196,182,165,104
196,182,168,104
198,181,164,109
202,182,165,108
198,180,165,111
203,181,160,121
197,182,161,123
196,181,164,130
192,185,166,99
202,183,161,103
200,182,160,109
198,182,168,106
193,181,169,103
199,181,162,131
198,182,165,116
199,184,159,107
202,182,161,116
200,183,164,114
202,182,159,116
203,184,152,116
201,184,162,113
201,184,156,118
201,183,158,120
202,180,157,127
202,184,163,111
199,180,161,112
200,182,163,107
198,183,162,104
198,181,167,111
195,185,167,106
199,183,163,107
195,183,167,100
193,180,171,102
191,181,168,100
198,181,169,98
197,182,172,98
194,184,166,99
198,182,164,101
201,185,165,96
193,187,169,90
196,186,169,89
198,185,162,104
195,183,165,99
195,182,170,98
199,182,174,103
195,185,180,97
198,182,189,101
194,185,189,105
197,184,194,106
196,184,191,113
202,187,191,118
197,188,189,111
197,183,191,122
197,184,180,119
197,185,178,124
196,185,169,118
197,184,164,113
196,183,161,112
198,183,162,109
204,183,153,116
197,184,165,116
200,184,159,116
200,184,158,116
197,186,162,122
186,182,175,123
180,184,181,110
166,183,195,108
163,182,199,113
158,184,207,103
158,182,208,104
166,184,195,100
175,183,195,103
182,182,188,97
194,183,171,112
201,181,159,116
198,182,163,101
196,181,165,97
203,180,154,113
197,180,169,110
194,178,179,106
193,180,169,107
196,181,160,112
200,181,159,109
202,180,159,103
198,181,163,112
197,181,166,108
196,181,167,107
200,180,162,104
198,181,164,112
196,180,168,104
198,182,166,104
196,181,168,100
197,182,165,101
198,182,160,103
195,180,166,105
199,178,163,103
198,179,171,100
195,178,166,102
198,178,163,101
197,181,165,100
189,180,172,97
198,184,170,99
198,183,164,98
200,182,159,98
200,179,161,103
199,179,164,106
193,180,165,104
204,178,157,112
195,181,166,101
199,181,166,102
194,181,168,98
194,181,168,101
194,181,166,107
196,181,165,106
199,181,164,100
195,180,163,104
201,181,161,100
191,181,172,99
194,180,168,103
200,183,161,98
204,182,154,95
202,183,158,96
198,183,165,91
201,181,166,101
198,179,176,98
194,180,186,96
199,181,159,102
198,180,163,104
200,182,157,101
196,182,165,102
196,180,161,104
197,182,169,102
198,181,177,99
192,183,185,97
194,182,172,102
197,183,166,94
196,183,166,99
193,183,173,98
184,181,178,97
188,182,176,96
199,182,169,102
192,181,172,102
195,181,167,105
195,180,167,102
199,181,162,101
195,180,168,103
195,180,165,106
197,180,163,102
198,180,161,106
193,181,166,104
197,182,167,102
196,181,162,109
197,182,164,107
197,181,168,101
193,180,168,104
197,182,161,98
202,181,158,108
194,181,165,103
194,185,169,98
198,184,164,100
192,182,171,104
196,184,165,91
199,185,168,90
192,184,170,97
196,182,176,100
200,184,180,93
196,185,189,94
190,186,190,90
196,184,182,95
195,185,176,93
198,185,165,92
199,184,162,96
198,184,163,97
198,184,165,98
197,184,162,105
199,182,163,105
195,181,166,103
193,180,170,104
196,179,166,107
194,182,167,102
193,179,167,103
199,181,160,119
200,183,157,119
197,184,157,108
197,183,165,102
200,182,163,97
198,182,161,100
200,183,158,104
202,184,160,101
200,182,159,105
197,181,164,104
195,179,162,106
199,183,165,100
197,180,166,104
200,181,161,105
202,181,161,111
193,183,170,100
195,183,168,100
194,183,168,95
201,182,164,106
199,182,173,98
195,181,176,98
199,183,157,97
200,182,157,118
199,181,160,122
196,179,161,113
201,184,161,108
196,181,163,110
195,184,164,104
201,182,159,109
198,182,166,103
198,180,161,107
198,181,162,108
196,180,166,107
198,180,171,105
198,181,163,107
195,181,167,105
201,179,164,107
196,185,165,97
200,182,160,105
197,181,165,102
199,179,163,104
194,181,167,102
194,182,172,107
192,183,167,100
201,183,165,100
197,183,165,101
199,181,159,117
200,181,163,113
196,183,160,105
196,181,167,109
196,184,163,99
198,183,165,103
201,182,160,104
193,183,171,99
191,182,165,100
200,182,163,115
197,182,160,108
202,182,162,111
199,179,161,109
196,180,163,106
201,179,161,107
198,181,161,106
198,181,162,104
196,180,162,102
198,180,165,110
196,181,168,108
199,182,167,107
197,182,169,99
199,182,163,104
199,182,167,105
199,181,167,106
196,181,162,105
201,182,161,103
197,180,163,102
195,182,181,98
201,182,165,100
198,182,165,98
199,183,162,96
193,180,169,101
198,183,164,103
192,182,165,102
200,181,160,112
199,182,164,104
197,183,162,102
196,179,166,113
199,179,158,119
198,185,162,106
204,182,154,108
200,181,160,108
201,180,165,114
199,180,161,110
197,182,163,108
197,182,163,102
194,183,167,98
197,183,161,106
195,183,163,106
201,179,160,109
201,181,157,102
199,181,162,117
199,182,159,115
200,181,161,118
204,184,159,107
202,183,161,101
199,184,167,100
198,181,161,113
199,180,162,115
196,179,167,111
199,181,162,111
197,184,162,109
199,183,165,110
198,181,166,110
200,182,162,103
199,183,159,105
201,182,161,107
197,183,164,101
194,180,163,107
201,183,162,108
199,183,165,99
197,181,162,110
198,181,167,104
200,183,162,113
203,184,162,108
202,181,158,112
192,182,167,109
199,179,161,119
197,181,163,116
200,181,161,118
200,182,161,121
194,182,166,106
194,181,168,116
195,181,166,103
199,183,167,101
200,182,161,106
197,180,166,104
198,181,163,109
194,183,169,106
198,181,163,104
194,183,159,97
193,182,175,100
198,185,165,100
198,184,164,98
198,185,161,98
198,184,162,98
197,183,160,99
198,183,164,99
199,183,160,100
198,180,160,109
202,181,159,103
196,181,166,105
195,181,162,103
199,181,159,110
199,181,162,112
199,181,158,102
200,182,159,102
200,179,162,104
200,179,158,106
198,183,163,100
200,182,161,100
199,182,166,98
197,183,163,96
200,183,161,102
201,183,160,101
196,182,166,100
199,180,168,105
193,184,168,101
202,183,157,108
198,180,163,105
201,183,159,103
205,181,156,109
199,179,162,111
198,183,168,100
197,181,163,102
198,182,166,96
198,180,164,105
199,182,166,99
198,182,166,103
202,181,159,102
202,185,161,94
194,181,168,94
197,181,161,97
200,178,160,102
200,178,163,104
194,175,167,106
198,179,163,102
199,182,162,96
200,182,157,102
197,179,161,103
197,180,162,100
197,180,160,106
195,182,162,101
198,183,165,101
197,180,160,102
194,181,163,93
196,177,165,102
201,155,151,120
196,163,162,117
194,171,164,110
199,181,165,98
195,181,166,101
194,182,169,99
193,180,175,101
196,181,164,102
199,181,163,105
196,181,168,110
198,183,164,100
200,184,159,100
197,183,166,98
198,183,164,101
197,182,164,105
198,182,168,103
197,181,163,106
197,181,169,105
197,183,168,98
201,181,160,98
194,181,166,109
193,179,166,105
200,180,158,119
199,179,156,119
199,181,162,121
199,177,159,125
198,181,164,120
199,180,158,128
197,182,165,119
197,183,164,116
204,180,156,122
202,182,158,121
196,186,166,106
199,183,161,107
200,181,161,107
199,180,165,103
196,183,165,102
200,181,162,100
198,182,166,103
193,181,167,103
201,182,160,120
198,182,160,113
199,182,163,110
201,184,160,98
198,183,160,113
201,182,157,119
200,182,156,118
196,182,162,117
200,181,159,124
191,182,166,114
198,183,162,109
199,183,159,105
202,181,159,106
201,183,159,100
204,183,156,109
200,183,161,97
197,183,163,100
197,181,169,102
196,183,165,99
198,181,162,100
194,183,168,97
198,182,162,102
200,182,162,100
198,180,161,112
199,182,164,102
197,181,163,102
196,180,165,104
199,180,160,105
195,179,167,105
198,180,158,107
193,180,165,105
195,179,166,116
200,180,163,116
197,182,169,101
196,183,169,100
199,180,164,102
198,180,162,109
202,180,158,104
199,182,162,100
202,183,162,98
196,184,167,98
202,181,163,99
199,182,166,102
203,181,162,105
199,185,163,101
196,186,164,99
197,180,167,104
199,183,167,104
200,181,166,104
200,185,162,94
202,187,161,95
202,184,162,96
196,187,164,92
200,183,164,99
197,186,167,95
198,181,163,110
198,182,163,106
199,183,167,101
200,181,166,98
197,185,169,97
199,183,168,94
194,183,172,98
200,185,163,99
197,182,172,98
197,183,171,100
197,181,173,101
200,183,168,99
198,183,170,102
196,182,174,106
195,182,179,102
197,182,176,99
196,183,177,101
197,182,176,99
196,181,171,99
194,182,173,100
192,184,180,98
200,181,169,102
198,184,170,105
192,186,173,96
195,185,173,97
199,185,166,94
196,186,168,95
199,186,161,101
198,185,167,97
199,182,162,106
198,181,166,101
195,184,173,97
196,185,170,99
201,184,162,107
198,183,165,108
195,185,165,100
200,182,164,114
199,184,167,105
199,182,165,107
202,184,163,106
203,183,159,103
203,183,160,98
203,186,161,100
198,183,165,97
201,180,165,104
199,182,168,101
202,185,160,98
200,183,166,99
198,186,162,96
200,186,165,94
195,185,168,98
200,183,164,107
196,183,166,101
200,181,164,105
201,181,163,109
201,182,162,104
201,183,161,105
197,182,164,101
196,182,168,101
199,182,165,103
197,182,166,104
196,182,167,103
201,184,161,103
201,181,164,103
200,184,163,100
199,181,164,109
198,181,165,105
200,182,164,104
199,182,163,107
201,183,162,103
202,182,163,101
197,181,167,104
200,181,164,105
198,182,165,105
204,182,160,105
201,182,164,99
197,182,165,102
199,179,165,103
194,179,171,105
198,178,163,109
199,181,165,115
201,183,161,104
199,181,168,106
197,182,171,106
200,182,167,100
199,181,166,101
198,181,167,103
199,181,167,103
196,184,169,95
198,182,164,101
199,183,168,100
196,179,171,102
195,182,170,104
200,185,165,104
198,181,167,105
195,184,171,100
198,180,170,103
196,181,169,104
197,180,172,104
198,182,168,101
199,182,166,103
200,181,170,97
195,181,171,101
189,180,182,99
198,180,168,113
202,181,159,105
198,182,164,103
199,181,168,106
197,180,170,107
196,180,167,107
197,181,165,105
200,184,163,103
203,181,160,103
200,183,163,111
202,185,161,100
196,185,167,92
197,182,166,102
197,181,169,103
197,182,169,102
200,183,166,98
199,182,168,100
198,183,167,98
202,184,161,99
202,184,160,100
203,184,161,102
203,182,160,108
197,185,168,100
200,183,166,102
198,182,165,100
198,184,169,99
200,184,163,105
203,185,160,101
203,182,160,104
201,184,163,100
199,184,169,100
197,184,168,96
196,183,169,102
196,182,169,105
200,182,165,104
203,183,159,103
203,180,160,111
196,182,165,111
195,181,169,103
195,184,172,101
201,181,162,103
200,182,163,100
198,184,162,102
198,182,162,104
198,183,167,108
196,182,168,102
198,179,166,104
194,182,168,100
194,181,167,106
194,184,170,101
198,183,167,100
195,182,168,101
197,183,165,103
197,184,168,99
196,180,172,100
195,182,168,103
197,180,167,100
195,182,168,97
191,184,174,100
199,181,168,102
190,183,177,101
195,181,172,98
197,184,170,99
200,182,164,103
199,180,165,108
196,183,166,105
199,182,164,102
200,179,163,102
197,182,166,103
195,180,167,107
196,182,165,105
198,181,166,107
199,183,164,105
195,182,168,106
197,180,166,110
197,183,170,104
199,183,166,102
199,182,163,108
199,181,166,115
199,184,163,108
205,182,160,110
204,183,157,103
207,181,157,112
208,184,155,98
199,184,168,95
201,183,164,98
201,184,163,99
196,179,173,103
203,185,163,100
196,182,171,94
201,185,163,100
196,183,169,102
202,181,166,101
209,184,160,98
210,186,158,97
211,187,157,98
215,186,149,104
210,184,151,124
215,187,147,123
207,184,155,135
202,183,159,139
200,188,153,148
195,182,166,148
196,181,155,172
190,161,162,193
184,184,170,177
187,170,171,171
183,182,179,171
187,180,174,172
190,183,167,165
183,175,177,162
185,180,173,176
189,175,178,138
186,182,177,122
189,186,171,104
192,184,174,106
195,181,169,122
195,179,167,130
189,179,180,125
194,180,166,116
194,167,171,126
193,146,158,144
200,144,155,134
197,179,163,119
197,184,165,121
197,183,164,130
195,185,163,112
199,182,164,129
199,182,163,126
197,181,165,134
193,186,165,112
199,186,163,120
198,182,167,127
195,183,166,131
193,184,164,109
196,184,166,113
195,183,168,126
195,182,168,136
198,183,166,126
195,183,163,126
199,182,165,131
195,182,161,125
202,183,159,128
199,183,160,122
196,182,163,134
197,183,163,119
201,183,160,121
198,182,163,132
200,184,159,115
197,183,164,120
196,186,162,105
195,184,171,106
198,180,163,120
196,183,171,114
194,182,167,116
197,181,165,119
199,185,164,125
191,185,169,110
199,182,166,120
199,181,167,129
198,181,161,114
200,178,163,125
196,180,168,124
199,179,167,130
197,182,160,113
198,181,168,121
199,181,163,121
197,181,163,125
191,181,174,127
194,180,170,127
189,183,174,113
196,181,168,118
196,183,168,121
197,181,165,132
195,181,166,115
194,181,166,129
194,183,168,110
199,182,166,121
196,182,165,130
192,183,169,112
198,183,161,120
194,181,166,126
192,183,170,120
198,184,163,116
196,182,166,127
195,182,166,120
198,182,169,130
198,181,165,127
198,184,167,123
196,182,165,126
198,179,167,119
196,179,167,128
192,179,172,137
198,181,167,117
195,180,166,122
191,180,173,129
192,182,170,132
193,182,172,129
188,184,176,100
197,180,169,125
195,183,173,128
192,180,170,135
197,181,165,128
202,182,162,118
197,182,166,123
194,179,172,138
200,184,161,115
201,180,168,126
200,181,159,128
198,181,164,130
194,182,169,124
202,183,161,133
199,183,162,112
198,181,167,122
196,183,165,130
197,182,171,112
197,181,167,117
196,180,164,130
199,182,166,122
195,182,169,124
196,183,170,127
198,183,166,122
200,186,162,119
192,185,173,108
200,181,161,134
200,185,160,103
196,182,166,108
200,185,163,103
196,183,168,106
200,184,161,101
202,184,161,104
203,182,160,116
195,179,168,128
199,181,166,132
200,180,159,112
199,182,160,115
202,181,160,116
198,181,167,124
201,182,160,129
196,177,164,118
201,170,163,127
196,171,164,128
198,165,166,130
196,166,162,127
196,165,167,128
195,173,164,113
198,172,168,111
195,178,166,108
193,175,167,111
190,176,171,112
196,176,168,113
195,176,167,117
199,173,169,122
197,179,166,121
199,178,166,117
194,179,169,117
199,178,163,120
201,179,160,128
196,179,169,122
199,183,165,119
195,180,168,129
191,184,172,109
201,183,160,115
196,181,166,124
190,186,169,115
192,181,170,123
191,184,174,122
199,185,166,106
200,184,164,122
197,185,165,124
193,185,166,108
202,181,162,130
200,186,162,123
201,188,160,101
195,184,168,111
195,182,169,110
190,185,171,109
197,182,165,121
186,184,178,117
184,182,180,119
187,181,176,128
186,186,175,99
183,183,177,103
193,183,169,107
200,185,167,101
196,182,165,104
203,183,161,107
194,183,167,110
204,184,158,124
196,178,164,134
194,180,169,133
197,178,169,110
193,180,166,117
202,181,162,123
199,184,163,124
199,183,170,123
197,183,162,127
202,182,161,124
198,183,163,126
193,183,167,115
195,183,168,122
199,184,164,125
199,184,161,118
198,181,169,127
193,182,169,134
193,182,169,118
196,181,164,115
199,185,162,114
201,183,161,118
198,185,166,102
197,183,161,106
201,184,161,115
198,183,163,125
200,183,165,124
196,183,162,129
192,182,171,132
199,185,160,104
198,182,163,109
198,182,166,119
201,184,163,111
196,182,167,106
195,181,165,117
192,181,168,131
202,184,162,110
198,183,165,115
201,183,160,126
198,185,166,119
200,184,162,117
201,183,162,121
200,185,163,125
196,183,161,108
200,184,164,109
204,183,157,114
196,181,167,113
193,180,171,125
198,183,163,126
198,184,163,120
193,182,174,121
196,181,166,131
190,182,177,106
196,180,166,116
202,181,163,117
199,180,165,125
197,182,162,130
196,183,165,113
202,180,162,125
199,181,163,118
199,181,164,122
194,182,164,125
193,183,168,133
192,182,165,116
197,181,168,124
198,181,165,129
197,183,163,124
193,182,172,117
196,182,168,123
193,182,171,127
191,182,168,110
202,182,161,119
202,183,158,116
197,183,165,118
198,181,167,126
191,181,170,124
195,179,168,135
195,182,170,112
196,183,166,116
196,183,163,115
197,182,167,123
201,181,162,125
197,181,165,129
192,182,173,121
198,179,167,137
190,182,173,112
197,180,166,127
200,181,164,124
199,180,160,131
200,182,163,129
197,182,165,125
196,184,168,116
197,179,165,126
195,182,167,128
193,185,162,101
199,181,164,117
198,183,166,118
196,183,167,120
199,183,165,119
197,182,167,119
198,180,165,128
198,184,169,117
196,185,166,117
197,183,170,127
196,186,160,106
203,182,157,120
200,185,159,124
196,185,168,108
197,180,169,127
193,182,170,115
198,181,166,125
196,179,167,129
194,178,167,118
199,179,161,121
197,179,163,118
197,179,162,114
196,182,162,119
194,180,166,128
194,184,167,131
196,183,162,110
194,183,164,122
198,184,161,123
196,181,163,131
193,183,170,109
192,182,167,124
194,183,170,116
200,180,167,121
196,181,166,122
200,186,162,116
193,181,170,112
190,181,170,120
190,183,173,126
191,188,176,104
195,181,168,121
190,183,172,113
197,182,165,125
191,184,170,113
199,181,164,122
195,182,168,126
194,182,169,133
197,182,165,112
195,180,165,128
190,184,171,122
190,184,174,112
185,185,180,113
181,180,180,118
182,184,179,124
202,184,167,140
197,186,162,158
191,155,170,137
199,181,164,123
199,183,164,127
198,185,163,110
197,184,165,120
201,184,160,125
198,182,166,120
198,184,163,112
199,184,163,120
203,185,156,123
194,184,167,118
193,180,166,130
197,183,166,124
194,183,166,115
201,180,163,126
196,183,164,124
195,183,167,133
195,182,172,121
194,181,167,120
198,179,165,125
200,185,160,113
202,185,158,106
199,185,162,102
193,185,173,99
194,183,164,100
193,183,172,122
193,180,167,127
197,184,167,116
195,185,167,120
192,185,172,120
185,183,176,105
194,182,170,108
195,183,162,108
199,181,165,114
196,182,167,114
198,183,164,117
202,183,164,122
200,185,161,118
201,185,163,119
195,186,167,125
193,184,166,114
197,184,166,119
200,182,161,128
201,184,162,133
191,185,168,148
197,180,163,126
203,185,160,107
201,184,159,114
204,183,158,124
195,182,160,126
192,182,168,121
192,185,170,124
195,184,170,115
202,179,164,128
198,184,165,119
198,183,166,123
195,184,166,121
198,183,165,121
198,183,161,123
197,185,163,127
197,183,168,116
196,183,165,121
199,184,164,128
200,179,161,115
203,182,161,114
198,183,165,121
203,182,161,131
192,182,165,111
199,180,165,119
203,179,160,127
198,183,167,125
197,183,164,123
189,181,171,134
196,182,171,108
198,178,164,109
201,180,156,111
197,184,162,104
198,182,166,104
197,182,165,119
196,180,165,128
198,184,164,131
193,181,169,117
201,183,162,115
200,182,161,121
196,183,166,122
198,182,166,129
193,183,169,122
193,182,170,120
189,185,171,103
181,179,184,108
188,184,174,116
197,185,167,114
202,187,160,114
196,185,170,123
197,185,164,105
200,182,163,117
200,184,160,118
193,183,172,122
197,183,167,128
199,184,159,107
204,183,159,118
199,186,162,122
202,186,159,110
198,181,165,122
196,185,168,125
199,182,161,123
198,185,165,124
200,184,163,116
200,185,160,120
199,183,163,130
195,181,172,117
201,182,159,120
203,184,158,120
198,185,162,119
199,184,164,127
197,180,163,119
200,181,164,122
201,184,158,126
200,182,162,117
199,185,163,123
203,186,162,124
194,181,170,118
202,184,162,113
206,183,158,112
197,184,163,116
199,185,164,108
197,183,166,118
196,185,164,118
200,184,163,119
195,183,167,125
196,183,168,121
198,183,170,116
196,186,167,100
199,185,163,104
201,164,161,120
201,180,163,120
201,183,163,117
199,181,160,123
199,183,164,112
201,183,161,116
199,184,162,122
202,183,160,119
200,185,163,121
199,185,162,131
198,180,172,115
195,182,165,125
201,182,161,128
195,183,164,121
201,182,162,124
197,183,164,127
192,183,170,118
194,183,171,126
199,183,162,107
199,181,163,114
199,183,167,114
204,183,157,118
197,184,166,125
196,184,165,120
197,184,162,128
190,181,173,101
193,177,170,109
200,182,163,118
201,182,158,122
199,184,161,122
197,183,163,127
197,182,163,118
198,182,164,128
196,183,168,128
197,183,164,103
198,183,162,116
201,180,165,126
198,185,163,129
201,180,162,111
198,182,161,117
196,181,168,130
191,181,172,129
196,183,162,106
202,183,162,112
200,181,162,128
199,181,166,133
195,180,164,121
202,182,162,123
197,180,164,125
197,179,164,132
196,183,163,123
201,181,165,121
194,180,168,128
194,182,168,129
198,182,168,109
201,184,158,108
202,182,161,117
197,185,166,114
199,183,165,118
197,184,166,121
197,182,166,115
199,184,162,120
200,183,161,124
195,182,166,129
198,182,163,112
199,183,162,115
197,185,164,115
197,185,162,121
198,184,163,119
198,182,165,111
197,183,164,123
188,184,175,128
190,184,175,121
190,184,172,130
204,185,158,110
203,184,156,119
197,183,163,118
202,183,163,122
194,183,167,130
201,184,160,111
195,181,165,122
195,181,169,120
191,180,171,121
201,178,168,132
195,183,167,133
200,179,169,113
199,180,166,112
200,180,165,115
196,184,163,110
201,180,163,127
200,181,162,129
196,181,168,124
195,182,168,116
196,181,169,124
195,183,166,128
199,180,167,114
192,180,168,106
198,182,164,105
198,183,166,103
197,183,160,107
196,181,169,114
196,182,161,117
202,182,155,129
197,181,171,134
195,183,172,117
192,182,179,120
197,184,172,111
200,183,165,115
201,185,162,115
194,184,166,122
195,180,169,132
191,182,170,124
199,185,165,110
200,185,165,107
198,184,162,110
196,183,159,110
200,184,161,114
202,184,161,119
200,183,162,127
196,178,169,123
198,177,165,127
198,178,161,133
196,179,167,135
198,181,167,115
197,183,166,113
196,183,168,122
196,184,171,130
196,187,164,96
199,184,164,101
201,183,159,104
201,181,160,104
196,183,166,121
198,183,163,127
197,185,162,109
195,181,169,115
198,181,167,118
197,183,165,120
196,183,162,124
192,182,168,113
196,182,161,124
194,180,168,121
190,183,168,119
199,181,166,121
194,182,167,123
198,182,162,125
195,180,164,123
197,180,163,118
200,183,154,116
201,182,158,115
200,182,160,120
197,183,163,122
196,182,162,133
193,180,167,132
195,182,166,123
192,185,164,107
200,185,162,110
200,182,161,116
200,182,159,119
201,182,160,114
195,183,165,117
197,184,161,114
203,182,156,123
197,181,161,123
200,182,165,121
196,182,162,125
194,180,165,131
197,185,168,112
198,183,163,114
198,184,164,114
196,181,168,112
200,183,167,103
196,184,168,101
197,179,169,110
195,186,173,102
197,184,170,102
191,183,175,102
194,185,170,110
200,182,164,119
198,180,164,118
200,180,165,119
197,184,168,115
197,182,167,109
200,181,164,119
195,183,170,120
199,184,164,125
198,184,164,123
195,183,172,118
197,186,171,106
198,181,167,107
198,183,161,104
201,182,165,103
194,182,170,104
196,185,167,107
198,184,164,114
201,182,163,120
197,185,167,111
198,183,164,118
196,186,167,113
194,184,171,122
197,183,166,116
199,181,161,121
197,184,163,120
200,183,164,130
196,183,165,117
200,182,163,125
195,183,167,128
196,179,169,127
196,182,163,126
196,180,167,130
192,179,165,130
196,181,167,123
190,183,169,127
195,180,161,128
195,183,168,129
195,182,161,123
198,179,164,132
201,184,156,119
195,181,163,130
196,181,166,102
196,180,167,116
195,181,160,119
199,182,160,124
198,180,168,126
198,180,163,118
194,180,161,121
203,181,158,116
195,179,165,128
194,180,162,131
197,181,164,123
195,182,161,129
200,183,163,128
199,183,158,132
198,179,162,124
195,182,163,111
197,180,165,128
198,180,159,124
198,184,167,106
198,181,157,114
203,182,156,128
197,184,163,132
199,181,164,112
196,185,170,106
198,181,168,107
195,181,166,105
194,182,161,110
198,182,167,111
198,184,163,104
198,182,165,104
197,182,167,97
198,181,166,111
195,181,169,110
194,181,171,106
197,181,167,119
193,182,169,123
199,182,163,128
197,184,159,121
197,183,168,108
197,181,161,109
200,180,167,111
193,181,168,106
196,181,167,108
197,182,168,101
192,181,169,99
193,182,163,107
198,182,169,105
196,183,167,106
200,184,162,105
197,183,167,117
200,184,161,124
197,182,163,129
193,184,167,129
194,184,165,112
197,183,167,110
194,182,169,111
197,182,164,113
196,183,163,111
199,182,162,117
196,184,170,108
195,181,165,116
200,181,159,122
195,184,164,119
201,182,155,120
197,176,157,131
196,178,166,129
195,178,163,133
193,180,162,128
197,182,167,131
194,180,162,116
202,181,159,117
198,182,160,122
199,182,162,120
196,184,161,121
202,183,157,127
198,184,155,123
197,182,163,130
197,180,163,128
199,184,157,110
197,182,163,107
200,183,159,104
194,183,167,103
196,182,165,103
200,182,163,113
193,181,165,122
200,179,162,132
195,183,164,108
200,180,164,115
199,181,160,115
201,182,161,112
200,181,161,101
203,182,159,110
195,182,163,109
193,182,170,103
197,182,165,100
198,180,167,102
198,182,163,103
200,180,162,105
199,181,163,102
197,183,162,106
201,181,165,110
191,181,167,102
198,181,166,105
196,181,165,108
198,182,164,103
198,184,162,101
199,183,167,101
199,181,164,106
195,182,167,97
199,184,167,97
193,185,169,96
194,182,169,98
197,182,164,102
198,183,167,96
193,185,165,94
199,184,169,97
196,185,165,91
197,183,175,93
197,178,162,101
198,180,166,100
199,183,167,97
193,184,175,101
194,187,169,99
198,184,165,109
196,183,165,120
201,182,161,130
195,180,167,148
189,183,174,172
194,167,168,160
196,181,172,120
195,182,172,119
204,186,163,115
221,189,144,120
212,186,151,124
212,187,148,126
206,185,154,132
211,186,150,132
207,186,156,132
210,187,155,119
221,195,142,112
233,188,132,119
245,186,125,111
244,188,118,105
200,187,131,96
194,186,153,93
195,186,170,91
191,187,181,92
195,185,177,94
192,186,174,96
190,186,182,101
193,186,172,104
194,183,171,125
192,184,175,125
190,185,172,125
191,182,174,132
197,183,166,127
197,185,167,117
194,184,169,117
198,180,167,131
188,184,169,123
199,183,163,120
196,185,165,122
201,183,163,131
197,182,167,119
192,183,167,114
195,183,166,115
200,182,163,117
197,182,161,115
202,181,158,118
195,185,164,107
200,182,166,114
199,182,165,99
196,184,169,98
194,183,175,99
194,183,167,101
200,182,163,101
192,183,170,99
194,184,176,99
196,183,168,97
198,180,166,104
195,181,168,105
197,180,166,116
200,180,161,121
194,178,162,119
193,177,165,110
196,173,168,109
198,170,159,116
195,175,166,106
197,170,164,111
198,170,163,121
192,177,168,124
196,179,162,125
194,182,161,106
195,179,165,119
192,180,165,119
196,182,166,100
195,181,164,104
198,179,169,104
197,179,165,102
195,175,162,112
195,177,168,110
200,173,162,113
195,173,164,112
192,169,169,121
193,169,167,116
192,164,164,121
197,159,161,129
192,163,166,122
195,160,165,131
196,158,164,130
194,158,164,129
196,158,158,128
196,160,161,140
192,166,169,119
191,167,171,118
192,169,172,117
195,176,170,105
194,178,170,115
193,181,170,109
197,181,172,112
197,182,168,110
196,183,167,108
200,181,164,112
193,183,172,104
190,182,180,97
194,183,171,105
196,183,168,104
194,181,172,106
197,185,171,104
194,184,173,102
198,184,167,103
186,182,180,98
190,183,180,97
197,183,170,110
196,188,165,98
201,186,167,93
201,186,167,92
198,185,165,97
202,183,165,95
200,185,165,106
198,186,171,98
193,185,173,97
197,183,173,99
194,185,166,100
197,184,170,107
197,186,171,102
196,183,176,97
198,182,166,100
198,183,160,102
198,183,167,99
199,183,170,100
199,182,167,104
198,180,167,106
199,183,165,107
199,183,165,105
199,182,162,99
199,185,160,98
201,183,165,99
196,183,167,99
197,181,168,110
195,181,169,107
193,183,184,98
198,183,177,99
194,184,168,105
193,183,174,105
196,182,172,102
196,184,166,98
197,184,170,97
196,182,170,102
196,180,177,104
184,183,177,101
195,181,173,102
193,185,167,96
199,182,169,96
192,182,173,98
200,182,165,101
197,184,163,100
205,179,157,108
203,181,161,99
192,182,173,98
196,182,168,114
202,183,160,116
201,183,165,114
200,183,168,114
198,184,167,111
195,184,173,101
197,180,165,104
193,184,168,113
198,183,162,119
194,182,169,112
197,181,165,122
196,183,167,112
199,179,163,120
200,181,163,121
195,182,165,116
198,182,164,123
196,180,170,109
196,181,161,106
200,181,163,113
201,183,160,111
197,185,168,104
197,181,166,113
198,182,169,110
199,184,167,99
192,185,172,99
196,181,170,103
198,185,164,101
201,181,165,104
201,180,159,103
200,183,168,96
196,184,165,99
199,180,168,102
197,183,164,103
204,184,158,99
193,182,168,100
193,184,175,99
195,185,169,96
199,184,164,96
198,184,165,98
205,184,162,96
199,185,167,96
198,185,167,99
196,183,168,102
199,181,167,112
200,182,161,117
201,182,159,121
198,184,162,116
198,183,163,122
199,182,165,129
202,184,159,98
201,184,162,105
197,182,168,109
199,184,166,106
193,180,171,104
196,181,169,116
200,181,164,116
197,180,165,120
198,180,165,117
200,184,158,113
203,180,157,120
200,182,159,124
198,182,163,127
195,182,166,113
194,181,169,123
201,180,168,120
198,179,171,116
200,177,157,119
195,179,166,111
197,179,169,109
194,184,169,101
199,184,168,97
197,184,164,98
201,184,163,100
196,183,166,100
197,180,171,103
196,183,163,101
198,185,165,98
198,185,166,97
198,185,164,94
208,184,157,94
199,186,163,100
199,186,162,111
201,183,161,119
201,184,160,121
198,183,162,110
195,181,167,111
199,181,166,112
200,181,161,116
198,180,162,118
198,183,161,117
201,182,159,119
193,182,169,110
195,181,166,107
199,182,166,103
198,182,168,96
198,181,164,114
197,182,162,116
200,182,158,122
198,180,162,130
194,180,171,101
196,178,164,103
196,182,167,101
200,184,164,94
199,184,161,96
195,183,168,96
197,185,166,93
201,183,166,96
197,184,167,94
193,184,173,96
197,183,168,95
196,185,166,95
199,184,167,96
195,182,168,98
197,182,166,97
203,183,162,102
191,186,168,97
195,184,168,98
200,184,167,96
194,182,170,99
197,180,165,102
195,181,171,98
195,185,171,95
191,184,173,95
186,181,180,98
192,182,173,109
194,183,169,103
197,185,169,98
199,183,161,100
202,184,164,104
197,184,159,99
198,182,165,101
