254,324,60,121
254,323,65,118
252,324,65,109
254,323,61,108
256,324,62,112
252,323,65,116
255,322,60,119
254,323,63,122
251,323,66,119
250,324,66,122
253,322,63,121
254,324,62,117
256,323,60,112
254,325,61,123
256,323,62,120
257,321,60,121
254,322,61,116
257,323,60,123
259,323,58,119
262,319,60,130
264,313,63,131
271,312,62,132
276,306,63,142
284,305,64,139
287,305,61,127
294,307,66,119
298,310,70,116
305,310,66,112
311,315,69,110
316,316,64,100
317,319,68,102
317,323,72,103
324,323,70,107
326,324,65,124
328,329,71,121
332,327,68,115
339,331,61,129
343,328,69,113
352,329,63,107
356,331,58,113
356,339,62,105
357,342,63,97
355,346,66,101
360,346,61,97
361,349,63,94
363,349,64,91
364,347,63,95
367,351,65,93
368,353,66,86
368,356,70,96
370,352,66,100
373,345,63,108
374,345,63,105
372,341,64,107
373,353,61,97
370,355,66,89
369,353,65,90
370,356,66,98
368,353,66,100
369,351,68,103
368,348,68,104
369,349,68,105
370,347,66,105
369,343,66,112
369,340,63,116
367,341,66,114
366,341,67,116
363,345,70,107
364,342,68,115
362,344,68,110
361,342,68,101
361,332,69,111
359,331,72,110
357,325,72,108
353,320,75,102
349,313,79,106
349,309,79,106
350,306,77,115
351,304,76,112
349,302,80,111
349,300,78,113
347,298,78,115
347,295,83,113
347,288,81,123
348,279,79,136
354,264,72,154
351,256,78,151
349,249,82,151
350,250,86,146
357,249,82,164
358,246,84,154
357,249,89,159
359,251,87,148
359,250,85,155
360,249,85,153
360,248,78,161
360,249,73,156
356,251,74,162
354,249,73,159
351,250,74,158
356,249,69,160
353,251,73,160
348,255,80,158
355,253,74,162
355,244,76,173
356,246,79,156
356,232,86,150
377,237,84,138
363,229,99,136
366,223,101,134
369,218,104,136
358,213,116,135
359,207,124,140
359,207,124,140
359,207,124,140
359,207,124,140
359,207,124,140
359,207,124,140
359,207,124,140
359,207,124,140
359,207,124,140
359,207,124,140
359,207,124,140
359,207,124,140
359,207,124,140
359,207,124,140
359,207,124,140
359,207,124,140
359,207,124,140
359,207,124,140
359,207,124,140
359,207,124,140
359,207,124,140
359,207,124,140
359,207,124,140
359,207,124,140
359,207,124,140
359,207,124,140
359,207,124,140
359,207,124,140
359,207,124,140
359,207,124,140
359,207,124,140
359,207,124,140
359,207,124,140
359,207,124,140
359,207,124,140
359,207,124,140
359,207,124,140
359,207,124,140
346,193,127,146
345,201,124,140
347,206,113,137
346,213,109,138
343,223,109,136
341,233,104,135
339,243,88,139
336,249,89,147
338,250,90,150
337,255,84,151
335,256,88,149
337,256,80,146
335,257,94,147
332,256,88,143
336,254,85,147
332,255,96,147
335,254,93,149
338,249,88,152
339,245,88,156
337,248,91,150
341,246,91,148
342,248,98,143
346,247,103,138
347,245,111,136
350,243,109,135
353,243,122,133
352,235,138,131
345,240,144,126
344,248,128,118
369,227,134,133
355,242,116,118
382,230,96,120
382,224,97,124
401,215,93,127
390,213,89,121
406,203,86,125
395,205,82,123
408,198,85,121
397,200,83,120
403,194,88,121
396,193,95,117
397,192,95,106
398,184,94,107
398,183,91,102
396,179,100,99
397,176,94,95
396,171,92,94
398,172,94,93
392,170,108,93
395,169,99,92
394,168,98,91
391,167,107,89
388,168,107,90
389,170,105,89
389,171,101,90
389,175,103,88
388,175,104,88
388,182,99,85
388,185,102,87
384,180,111,106
384,189,102,136
390,189,97,146
394,191,90,145
396,194,89,140
397,198,86,138
395,201,94,137
390,203,103,137
395,203,98,140
400,206,77,138
399,209,79,139
398,213,79,137
399,219,84,136
398,211,115,143
403,210,116,152
374,224,133,140
381,229,120,138
381,233,110,138
371,239,106,141
370,243,98,148
360,243,105,149
363,249,90,157
372,253,69,167
363,253,74,144
366,282,73,154
370,301,94,162
365,316,111,145
364,307,108,156
362,300,110,165
357,296,127,177
357,297,130,170
359,298,119,169
358,297,116,167
356,295,118,169
353,296,120,165
354,296,127,161
356,298,119,163
354,296,121,159
356,294,131,162
355,293,131,161
358,291,128,166
358,296,129,161
358,294,129,166
358,290,130,168
360,295,139,166
360,294,131,172
356,295,135,172
362,295,130,181
359,293,134,171
358,293,137,179
358,289,140,170
355,279,142,172
356,264,124,168
359,262,112,155
362,266,100,156
356,268,93,152
355,263,94,169
350,266,112,201
362,274,100,193
366,284,96,187
371,294,98,174
365,301,109,175
370,310,100,169
365,324,101,154
364,341,110,151
357,356,104,141
356,366,77,145
347,383,75,147
338,404,82,133
338,404,82,133
314,446,80,128
314,446,80,128
314,446,80,128
314,446,80,128
314,446,80,128
314,446,80,128
314,446,80,128
314,446,80,128
314,446,80,128
314,446,80,128
314,446,80,128
314,446,80,128
314,446,80,128
314,446,80,128
314,446,80,128
314,446,80,128
314,446,80,128
312,423,82,116
317,416,80,120
322,386,82,142
326,357,82,152
329,334,82,157
335,317,84,157
341,291,87,175
349,282,87,186
353,276,90,185
357,267,94,198
360,264,94,202
365,260,90,207
373,272,88,195
375,288,91,181
368,294,112,165
366,296,118,167
373,295,113,166
373,296,110,165
377,292,103,160
372,294,114,167
375,294,99,168
381,301,87,163
381,305,80,150
379,305,82,154
375,307,88,153
377,305,84,156
368,306,95,152
361,309,84,149
356,308,87,149
353,304,88,153
358,309,87,144
362,310,86,144
366,313,87,150
367,314,86,153
371,316,81,149
373,309,83,155
376,313,83,154
383,311,86,155
388,310,84,158
388,313,93,144
389,313,93,147
386,314,94,143
387,315,87,147
384,319,79,146
379,314,85,150
375,311,83,152
366,310,85,156
353,301,96,170
339,295,102,170
335,294,127,191
325,261,101,162
322,257,101,151
325,265,72,138
316,256,70,133
313,260,77,131
333,256,63,136
344,251,77,145
342,251,76,150
337,257,67,141
340,255,61,136
351,251,74,144
361,250,76,145
366,244,82,138
387,237,72,131
420,214,62,133
439,226,70,109
452,214,71,92
460,204,69,93
460,197,68,92
465,199,64,92
469,202,61,93
453,214,69,89
433,230,78,89
428,230,66,103
405,230,64,124
388,247,66,129
361,248,73,123
355,263,87,135
344,269,97,142
337,277,104,134
333,284,96,123
330,285,95,116
331,293,103,115
331,286,85,114
327,288,75,96
351,325,84,92
323,290,71,88
336,302,80,98
331,296,95,110
328,294,108,113
332,293,100,115
339,297,93,112
344,299,81,92
349,304,79,89
355,304,78,93
360,304,77,100
369,301,80,119
376,293,74,125
389,293,69,123
400,284,63,129
414,275,54,131
428,265,50,141
441,257,50,130
451,247,51,126
461,238,49,118
467,232,47,110
469,226,46,99
468,220,46,96
469,219,41,99
461,214,45,101
456,215,39,100
448,213,44,106
441,213,42,103
430,214,43,99
425,214,43,102
420,215,40,95
419,215,37,94
419,215,37,94
419,215,37,94
419,215,37,94
419,215,37,94
419,215,37,94
419,215,37,94
419,215,37,94
419,215,37,94
419,215,37,94
419,215,37,94
419,215,37,94
419,215,37,94
419,215,37,94
419,215,37,94
419,215,37,94
419,215,37,94
419,215,37,94
419,215,37,94
419,215,37,94
419,215,37,94
419,215,37,94
419,215,37,94
419,215,37,94
419,215,37,94
419,215,37,94
419,215,37,94
419,215,37,94
419,215,37,94
419,215,37,94
419,215,37,94
419,215,37,94
419,215,37,94
419,215,37,94
419,215,37,94
419,215,37,94
419,215,37,94
419,215,37,94
419,215,37,94
419,215,37,94
419,215,37,94
419,215,37,94
419,215,37,94
419,215,37,94
419,215,37,94
419,215,37,94
419,215,37,94
419,215,37,94
419,215,37,94
419,215,37,94
419,215,37,94
343,203,29,96
333,199,36,91
321,197,41,85
309,192,45,84
298,190,49,86
280,185,64,90
272,182,68,93
259,180,76,97
247,179,89,103
257,178,77,107
242,182,86,107
262,182,68,104
244,197,76,109
248,201,80,113
257,203,76,124
266,208,74,128
279,216,66,131
291,225,54,132
298,234,54,138
308,244,52,137
314,252,56,141
319,260,57,144
322,266,59,136
326,270,60,141
331,275,57,141
336,278,53,135
338,279,59,143
344,281,60,145
349,279,61,148
353,277,62,152
357,276,64,153
359,274,72,156
363,257,71,171
368,247,69,184
370,244,72,190
376,248,71,193
369,249,82,183
374,260,81,172
368,261,84,159
368,260,83,153
374,270,85,131
370,249,99,142
404,224,78,124
428,197,66,127
432,201,72,104
445,200,67,88
450,192,68,93
449,197,65,93
445,207,63,78
438,196,63,95
422,216,65,100
407,242,66,103
391,262,66,107
376,278,71,112
366,296,75,120
356,310,72,114
350,322,71,108
348,328,69,116
344,331,72,123
347,333,65,127
341,334,83,127
345,336,73,136
344,334,79,128
340,337,71,136
332,341,74,132
328,346,89,129
319,354,87,119
316,358,91,119
317,355,73,119
328,360,76,114
319,359,72,116
326,361,72,115
321,360,76,114
332,363,87,111
322,359,82,115
326,355,85,121
335,357,89,119
335,353,79,116
342,348,70,118
343,349,81,97
347,346,75,89
352,346,69,98
356,342,66,105
357,340,69,108
357,338,78,98
356,340,81,84
357,340,81,89
356,336,74,82
352,331,84,83
350,322,82,73
346,314,85,72
343,306,79,80
345,301,84,101
349,292,68,114
349,290,66,121
350,290,62,128
347,289,62,131
345,290,66,129
343,293,64,125
344,293,68,122
340,296,83,121
338,295,103,136
347,302,98,126
353,305,86,108
359,309,82,82
358,318,89,98
359,318,89,102
363,319,86,91
372,322,78,76
358,322,96,60
358,322,96,60
358,322,96,60
358,322,96,60
358,322,96,60
375,334,87,61
371,319,84,58
376,320,80,63
373,322,82,77
371,320,85,72
373,322,81,82
374,327,77,86
374,330,78,92
376,337,77,79
380,343,71,60
381,351,66,53
375,357,70,62
376,360,68,63
378,367,65,56
379,367,65,62
386,315,67,64
386,315,67,64
386,315,67,64
386,315,67,64
386,315,67,64
386,315,67,64
399,430,71,75
399,430,71,75
399,430,71,75
399,430,71,75
399,430,71,75
417,381,66,65
417,381,66,65
423,387,66,61
428,432,72,76
428,432,72,76
428,432,72,76
438,436,77,87
438,436,77,87
438,436,77,87
438,436,77,87
438,436,77,87
442,392,74,83
389,308,76,75
385,320,70,66
476,394,68,76
491,385,61,75
487,377,76,66
505,369,71,66
509,355,72,59
513,341,73,58
511,332,71,54
508,321,75,44
511,333,77,48
513,328,76,49
512,300,67,46
513,360,68,56
514,345,74,73
510,274,76,65
503,263,86,65
508,258,95,45
507,278,99,43
527,260,97,41
532,264,100,37
540,241,89,44
542,238,92,48
558,215,86,51
561,211,83,44
567,205,74,45
571,200,62,53
569,194,60,60
565,188,56,60
560,182,59,61
555,178,49,60
550,175,57,53
545,169,50,57
540,165,51,51
537,163,46,53
534,160,44,54
529,161,44,51
528,160,43,51
527,160,42,52
525,162,43,53
525,158,45,50
525,158,45,50
526,161,40,51
526,161,40,52
530,162,41,50
528,161,43,53
528,164,41,54
529,167,43,54
528,169,50,53
528,172,54,55
530,173,58,58
530,176,60,61
528,180,65,51
516,191,68,47
518,191,74,37
517,201,75,33
516,210,74,34
516,230,71,34
506,256,67,42
496,265,71,54
494,268,63,41
487,283,65,43
472,293,71,48
470,317,69,45
465,320,67,50
453,329,75,51
449,339,78,47
448,349,71,43
448,340,66,55
443,347,68,58
439,348,62,50
433,355,62,50
428,366,61,42
418,369,68,46
414,373,67,45
411,374,65,47
406,376,72,45
404,381,72,49
402,383,71,43
400,385,69,44
396,387,69,45
397,387,69,44
394,387,72,40
391,391,74,50
388,386,75,42
392,388,70,51
392,391,70,43
390,391,70,42
389,393,67,44
388,393,68,42
386,393,67,41
383,392,68,40
380,392,68,39
378,388,65,39
371,381,63,41
364,375,66,39
352,368,70,43
337,365,69,48
316,366,65,56
295,360,62,57
263,356,63,59
224,345,71,65
195,343,68,56
161,342,70,50
130,336,68,60
99,333,69,60
75,331,69,59
54,328,68,60
36,331,68,59
28,334,70,59
32,337,62,56
26,337,49,61
26,337,49,61
26,337,49,61
26,337,49,61
26,337,49,61
26,337,49,61
26,337,49,61
26,337,49,61
26,337,49,61
26,337,49,61
26,337,49,61
26,337,49,61
26,337,49,61
26,337,49,61
26,337,49,61
26,337,49,61
26,337,49,61
26,337,49,61
26,337,49,61
26,337,49,61
26,337,49,61
26,337,49,61
26,337,49,61
26,337,49,61
26,337,49,61
26,337,49,61
26,337,49,61
26,337,49,61
26,337,49,61
26,337,49,61
26,337,49,61
26,337,49,61
26,337,49,61
26,337,49,61
26,337,49,61
26,337,49,61
26,337,49,61
26,337,49,61
26,337,49,61
26,337,49,61
26,337,49,61
26,337,49,61
26,337,49,61
26,337,49,61
26,337,49,61
26,337,49,61
26,337,49,61
26,337,49,61
26,337,49,61
26,337,49,61
26,337,49,61
26,337,49,61
26,337,49,61
26,337,49,61
26,337,49,61
26,337,49,61
26,337,49,61
26,337,49,61
26,337,49,61
26,337,49,61
26,337,49,61
26,337,49,61
26,337,49,61
26,337,49,61
26,337,49,61
26,337,49,61
26,337,49,61
26,337,49,61
26,337,49,61
26,337,49,61
26,337,49,61
26,337,49,61
26,337,49,61
26,337,49,61
26,337,49,61
26,337,49,61
26,337,49,61
26,337,49,61
26,337,49,61
26,337,49,61
26,337,49,61
26,337,49,61
26,337,49,61
26,337,49,61
26,337,49,61
26,337,49,61
26,337,49,61
26,337,49,61
26,337,49,61
26,337,49,61
26,337,49,61
25,293,46,66
31,289,57,62
55,269,67,65
80,265,77,67
114,264,74,65
144,264,76,71
177,276,72,64
201,281,73,68
221,291,75,70
239,304,72,66
263,310,65,71
267,323,70,67
282,330,67,70
291,337,65,69
302,340,65,71
311,342,64,68
322,342,68,55
335,337,63,55
348,332,61,54
358,327,63,48
364,316,68,54
378,312,64,56
387,305,61,55
396,300,61,60
407,296,59,73
412,289,58,74
417,284,58,61
425,286,56,51
425,286,56,51
425,286,56,51
425,286,56,51
425,286,56,51
425,286,56,51
425,286,56,51
425,286,56,51
425,286,56,51
425,286,56,51
425,286,56,51
425,286,56,51
425,286,56,51
425,286,56,51
444,281,53,42
446,278,53,46
442,273,58,45
441,270,56,45
437,265,58,40
432,265,58,38
425,260,58,41
418,260,54,41
405,265,53,41
388,271,58,45
376,267,56,44
363,271,56,57
350,275,55,48
335,282,54,45
321,289,57,46
311,295,62,59
308,292,59,55
306,295,57,61
299,295,58,50
297,294,58,60
296,294,59,52
294,298,57,61
290,297,58,63
291,297,58,62
289,298,59,51
289,302,58,65
288,300,58,71
286,299,60,79
285,301,58,98
285,301,60,102
286,301,60,106
288,302,55,104
284,302,59,103
284,301,62,101
288,301,57,119
289,301,55,109
287,296,58,103
288,301,55,101
287,300,58,100
287,302,55,102
290,300,52,105
290,301,54,102
288,296,54,106
291,301,51,108
289,301,52,105
292,299,48,122
290,293,49,126
292,301,46,120
291,302,50,111
292,295,48,108
290,302,49,117
293,300,44,116
293,304,45,119
293,302,44,118
292,302,45,113
292,302,48,119
292,303,45,117
292,301,46,119
293,304,44,117
293,302,46,116
290,303,50,120
291,300,50,118
292,303,49,115
292,302,46,116
291,302,49,121
290,299,52,122
292,302,51,114
289,299,50,118
291,302,51,110
292,301,49,116
291,302,49,117
291,300,50,116
293,302,49,119
289,300,53,113
292,301,50,117
290,300,50,117
291,302,50,107
283,301,57,99
287,302,55,100
284,301,58,108
288,301,54,107
281,302,59,108
280,302,60,100
278,303,60,102
278,303,59,113
277,302,60,119
278,298,55,116
278,293,57,122
277,287,58,119
279,280,56,123
279,278,55,125
283,272,55,123
285,270,54,110
285,270,59,120
288,270,57,116
288,270,55,121
289,270,60,119
285,279,63,115
284,284,65,121
290,288,57,118
285,288,62,117
287,292,57,124
287,297,57,125
286,295,57,124
288,295,56,119
288,297,57,127
286,299,55,123
282,298,60,120
281,298,61,113
283,300,58,115
283,299,59,115
284,304,58,124
286,297,57,123
288,300,56,124
286,298,54,124
288,296,54,125
292,295,51,126
292,284,62,117
302,297,61,110
314,300,60,119
318,300,65,118
315,307,66,119
315,307,66,119
339,308,72,115
339,308,72,115
339,308,72,115
339,308,72,115
356,320,69,124
356,320,69,124
356,320,69,124
361,331,65,122
364,316,67,108
367,332,61,105
371,334,58,85
374,335,54,82
375,335,52,84
375,334,54,86
378,334,51,88
376,333,52,90
379,334,50,90
378,335,51,91
379,335,50,86
376,327,51,81
388,337,42,68
388,337,42,68
388,337,42,68
388,337,42,68
388,337,42,68
388,337,42,68
388,337,42,68
388,337,42,68
388,337,42,68
388,337,42,68
388,337,42,68
388,337,42,68
388,337,42,68
388,337,42,68
388,337,42,68
388,337,42,68
388,337,42,68
388,337,42,68
388,337,42,68
388,337,42,68
388,337,42,68
388,337,42,68
388,337,42,68
388,337,42,68
388,337,42,68
388,337,42,68
326,290,53,61
320,301,64,69
320,299,63,64
320,297,64,62
320,294,61,45
317,295,65,49
315,286,62,48
317,289,60,44
316,293,60,50
314,286,60,41
312,292,64,37
310,308,65,34
311,312,61,31
311,290,63,34
311,283,64,41
311,280,63,45
312,279,62,46
312,283,61,42
311,282,61,44
310,282,61,43
311,282,62,41
309,280,62,44
311,279,60,43
310,277,59,43
310,278,57,39
309,274,64,41
309,272,62,41
311,282,60,32
313,272,59,37
314,263,61,44
313,256,64,47
314,253,63,48
316,251,64,46
317,246,67,49
320,245,65,48
323,244,64,48
327,255,63,36
329,251,62,43
331,259,62,37
331,255,62,40
334,268,61,29
335,262,61,37
331,255,63,44
332,267,61,34
331,259,62,41
329,257,64,42
328,257,62,44
329,262,60,40
326,257,64,45
328,262,61,42
324,257,63,46
323,268,64,35
325,273,60,34
323,268,61,39
320,262,64,48
317,265,63,45
318,272,65,40
317,266,63,46
317,273,62,40
315,274,62,39
314,270,62,46
313,273,61,43
313,271,58,45
313,269,57,48
311,273,59,44
309,273,64,43
310,272,61,44
311,272,62,43
310,270,61,47
310,268,62,48
311,273,62,42
309,273,64,41
311,273,63,42
310,269,65,46
310,270,65,44
312,269,65,46
312,271,64,44
312,272,66,43
313,272,67,45
315,271,66,46
317,278,64,38
318,279,64,39
318,279,65,39
320,280,65,40
320,281,67,41
321,286,64,35
322,287,65,37
322,289,63,38
320,292,68,37
322,294,65,36
323,294,65,38
323,295,67,37
323,295,66,39
323,295,67,37
321,297,69,36
321,296,67,37
322,298,66,38
320,298,67,38
318,300,72,36
319,301,68,36
319,302,69,37
317,303,66,36
316,305,68,37
313,305,68,40
310,308,71,38
310,310,68,37
308,312,70,38
306,313,70,36
307,315,68,35
305,316,68,34
305,316,66,35
305,316,66,33
303,316,69,33
302,313,68,34
305,312,65,34
302,308,67,35
301,306,70,35
301,305,69,34
301,303,71,36
303,302,68,34
303,300,71,35
307,294,66,38
307,294,66,35
308,289,65,38
308,286,67,40
307,286,66,38
310,285,66,39
310,284,65,39
313,283,64,38
316,280,63,39
316,280,66,39
315,278,70,37
320,276,67,38
321,276,66,36
326,273,64,38
325,271,67,38
328,270,67,38
329,267,68,38
331,267,68,36
333,265,69,36
336,264,65,38
337,263,68,38
338,262,69,36
338,261,68,37
339,261,68,36
341,261,65,34
336,261,71,33
336,260,69,34
333,257,72,37
331,255,73,38
336,260,66,35
336,260,65,33
333,259,65,30
335,257,63,34
334,256,63,31
334,255,61,32
334,252,60,34
332,252,62,31
328,248,65,33
327,245,68,34
327,242,67,38
325,244,67,37
324,243,68,33
322,241,70,37
325,244,69,32
325,243,67,35
327,243,65,34
328,246,63,32
326,241,66,37
328,245,63,33
329,246,63,31
326,242,67,35
329,245,63,31
323,242,69,34
324,244,69,32
326,246,66,31
322,242,69,35
323,248,67,31
322,245,68,34
323,248,67,30
322,247,66,35
325,251,63,34
321,247,65,38
320,253,66,35
322,256,63,34
317,253,67,38
319,257,66,37
317,257,66,40
314,254,70,44
314,257,71,42
315,260,71,40
314,263,71,39
318,266,69,38
315,267,74,38
314,271,77,35
316,271,76,37
316,274,76,39
318,275,73,41
320,277,74,43
323,279,70,46
326,283,69,42
324,286,71,42
326,289,68,43
325,291,69,44
325,292,67,43
327,295,67,43
323,297,69,44
322,299,71,44
322,302,70,44
319,303,73,43
314,306,78,42
316,309,74,41
315,311,74,42
317,314,72,41
315,316,73,40
313,322,74,33
313,320,74,38
313,328,73,31
310,329,75,30
308,330,77,32
307,333,73,28
304,335,77,27
302,336,79,29
300,334,78,31
302,334,76,31
302,332,74,32
303,331,70,35
302,330,72,36
302,329,69,40
300,328,70,40
300,328,71,38
300,326,71,40
300,323,72,39
301,319,69,40
298,314,71,38
296,308,71,39
295,302,69,39
294,299,68,37
293,293,68,36
291,285,65,40
289,279,65,38
286,274,65,37
283,268,66,38
282,254,64,39
280,250,63,36
277,241,63,37
275,234,64,36
271,227,65,36
271,219,63,39
270,215,62,37
268,211,62,37
268,204,59,38
267,200,61,36
266,198,62,35
267,194,58,35
267,190,59,35
268,184,56,37
268,184,58,34
270,179,57,37
272,177,57,38
273,176,61,38
275,175,63,38
273,173,68,38
276,174,61,36
275,172,60,38
278,176,57,34
278,177,58,34
280,176,59,36
280,177,61,35
282,181,61,34
282,184,61,34
282,186,64,34
284,193,62,32
285,196,62,34
284,201,65,33
285,206,68,33
287,210,64,32
286,214,69,34
284,220,69,34
285,222,71,32
285,230,70,30
286,232,68,34
285,236,70,35
285,240,69,36
285,244,68,36
284,250,72,35
285,257,71,50
288,257,69,57
283,264,71,52
285,268,74,55
284,271,70,58
286,280,72,49
284,286,73,42
286,297,72,54
287,301,74,51
286,307,75,53
289,310,70,53
289,312,68,43
291,320,62,37
290,332,68,48
292,333,66,53
288,325,74,44
290,330,72,51
290,333,71,59
292,336,68,59
291,339,70,61
296,338,59,66
295,341,68,68
297,344,63,70
296,349,64,67
298,351,64,67
301,352,58,69
302,353,64,67
305,356,62,70
308,361,65,69
309,364,63,66
312,368,67,63
314,371,63,57
314,379,66,59
316,383,66,52
312,396,71,65
312,396,71,65
312,396,71,65
312,396,71,65
312,396,71,65
312,396,71,65
312,396,71,65
356,325,60,58
356,325,60,58
356,325,60,58
356,325,60,58
341,368,66,75
341,356,72,85
345,344,76,83
339,325,81,90
341,311,78,96
337,297,80,102
336,284,81,104
331,273,82,105
330,263,81,87
328,257,80,81
326,247,81,82
324,241,81,81
320,236,85,81
317,235,87,75
316,237,90,78
319,240,88,84
329,242,81,81
335,249,76,75
342,251,76,75
342,254,86,78
348,257,80,75
352,260,75,73
358,262,70,60
362,265,65,49
364,267,62,50
366,268,63,63
361,271,63,53
355,273,69,61
352,273,75,71
353,275,75,59
351,280,74,58
350,282,78,60
352,284,76,70
355,286,73,64
355,287,70,58
355,293,72,67
356,296,71,57
362,302,68,61
365,309,71,75
372,312,70,61
382,318,68,65
385,324,74,68
387,327,73,65
388,330,73,65
390,332,68,69
383,343,69,68
385,347,68,69
396,346,71,70
401,346,72,67
398,359,68,59
391,375,72,64
384,385,71,67
383,389,77,69
