383,17,254,341
381,-1,241,358
377,1,246,353
385,3,226,354
398,2,190,357
388,1,190,351
398,5,174,347
397,12,162,334
390,11,173,328
385,16,163,326
386,12,158,336
392,13,148,336
383,11,146,332
392,23,135,322
389,22,133,311
384,29,132,319
390,26,122,301
382,21,120,312
389,30,109,287
386,25,102,288
389,29,97,281
383,27,100,282
387,28,91,270
385,20,90,275
383,22,92,283
383,18,82,281
378,23,95,271
385,21,89,262
390,19,80,274
385,25,86,261
384,26,86,257
392,27,79,261
389,29,83,254
379,25,92,263
394,23,76,260
382,31,87,255
397,31,72,252
370,34,105,248
365,37,110,235
349,34,122,251
333,41,134,260
331,32,143,278
328,31,149,287
330,30,150,291
342,32,135,297
316,22,164,297
356,32,144,269
366,33,126,290
364,38,129,318
365,40,128,314
371,37,127,314
368,31,131,322
371,39,132,323
370,38,138,325
372,39,136,319
376,36,132,312
378,39,121,323
381,41,124,298
389,41,113,293
389,41,112,282
389,44,117,267
387,38,113,275
388,36,112,280
390,30,96,307
387,35,105,306
386,41,109,293
388,36,105,295
386,33,95,311
393,32,83,301
389,28,81,310
391,25,86,322
384,28,87,321
390,24,87,321
385,24,87,317
386,20,93,324
394,23,106,318
390,22,157,325
381,21,168,335
376,21,146,337
367,26,152,330
364,29,152,332
347,18,171,333
348,19,153,325
334,15,161,339
318,13,167,331
312,17,166,333
317,23,162,331
312,22,157,327
306,26,168,330
300,26,172,328
290,27,180,339
286,24,193,318
299,27,167,328
293,15,172,328
287,17,180,324
280,24,185,332
279,18,180,328
276,25,195,329
278,22,184,325
264,17,205,334
266,23,211,321
269,26,210,317
251,31,218,327
273,30,210,319
293,26,221,314
275,27,213,315
263,37,228,314
260,57,225,292
253,47,243,303
241,61,251,291
250,36,238,318
245,37,256,311
229,70,265,290
221,35,259,320
239,35,254,322
228,25,241,320
234,53,226,297
229,41,199,322
387,23,197,332
223,29,163,324
394,49,136,305
397,51,133,304
234,31,130,329
237,38,124,312
238,24,114,332
402,44,139,309
233,36,130,316
404,39,163,292
388,50,191,285
389,62,219,297
393,61,239,287
375,74,251,274
397,66,225,286
389,64,242,279
383,61,252,286
394,51,230,296
392,60,238,295
377,58,256,304
403,55,222,306
395,50,239,302
381,62,247,295
421,53,205,297
410,48,223,309
406,47,221,307
412,34,213,320
412,43,222,311
412,29,222,329
411,39,218,317
388,42,240,317
409,57,213,316
413,49,216,313
396,43,231,335
407,45,216,322
410,22,216,325
414,41,186,311
417,42,147,304
409,40,128,301
410,42,150,300
408,47,123,291
409,38,154,313
413,45,172,311
408,35,177,318
410,39,152,303
415,39,162,309
411,41,177,317
406,38,184,319
380,36,221,319
317,54,285,306
306,40,331,313
304,52,329,296
321,51,306,302
311,21,321,322
331,34,294,315
323,56,311,299
332,45,292,314
337,42,297,299
335,36,291,314
351,52,276,306
349,46,274,301
363,36,264,314
357,60,264,299
352,45,277,310
378,53,254,306
366,58,272,301
373,45,256,302
369,56,246,301
379,56,245,312
382,81,242,275
377,63,257,297
376,43,240,317
364,48,234,316
379,32,220,325
390,46,183,321
389,33,170,318
395,22,159,332
382,35,176,327
391,41,166,313
391,29,166,331
399,26,163,328
403,31,160,320
407,32,172,319
402,32,171,316
414,36,158,321
409,45,208,321
411,37,208,318
418,34,210,315
414,39,216,320
415,35,213,334
414,37,216,323
421,38,219,316
412,37,186,303
418,46,166,309
414,41,170,311
414,26,135,333
409,34,151,309
414,31,145,282
416,20,138,292
424,37,133,280
423,36,129,293
424,29,134,280
423,41,135,258
416,36,142,256
427,46,133,211
408,47,139,222
431,44,119,204
440,46,116,209
439,50,110,200
436,46,118,200
445,51,110,193
436,48,112,196
437,51,126,193
432,51,124,192
437,52,122,194
434,51,123,195
433,50,127,194
434,52,127,195
433,51,128,191
432,55,130,191
430,51,135,189
433,50,125,192
439,48,121,195
433,49,131,194
433,51,132,194
429,50,131,193
432,47,134,199
426,46,142,199
429,48,135,195
432,46,134,206
432,46,140,204
430,46,149,206
430,49,155,203
441,52,114,188
437,49,116,196
443,47,121,197
441,49,113,195
446,52,111,197
438,47,121,206
436,49,124,208
445,55,114,198
434,45,125,209
437,51,114,202
434,46,124,196
434,51,122,193
437,48,125,199
441,52,119,192
441,53,118,196
438,52,123,196
441,51,120,202
441,51,119,202
440,50,125,205
439,50,125,204
443,51,115,201
441,51,116,205
440,53,119,205
443,49,116,200
439,51,124,200
441,48,120,203
442,46,121,201
440,47,114,211
439,49,122,200
440,46,119,209
443,43,116,205
443,49,116,204
441,46,116,205
441,44,123,204
442,45,120,201
443,46,120,202
445,46,120,204
441,42,120,208
444,45,118,209
444,47,125,199
446,50,119,213
445,45,114,215
443,48,119,209
444,47,122,208
444,48,118,213
445,44,115,214
446,48,119,205
450,49,126,198
449,50,131,202
446,53,147,199
446,49,140,208
449,50,142,207
447,50,146,213
448,48,137,210
448,52,133,208
445,48,136,226
442,49,133,218
444,50,130,215
442,50,132,215
442,48,133,210
441,49,129,208
424,46,143,207
416,48,148,210
414,47,153,207
409,44,158,209
411,38,148,221
426,41,142,212
418,48,148,217
422,40,139,211
430,46,134,210
426,47,142,216
437,41,129,218
437,46,130,212
441,48,130,203
441,49,131,206
436,50,138,203
435,49,138,213
439,47,135,212
434,51,131,201
445,47,118,205
436,45,131,202
437,47,129,204
431,49,142,197
431,53,145,197
426,49,154,198
429,51,147,199
426,49,146,203
425,47,148,206
427,49,136,205
426,46,134,207
429,47,131,207
423,42,129,211
427,47,133,200
424,37,125,211
424,44,139,205
425,43,136,200
420,39,136,204
418,40,168,201
419,41,154,206
418,38,157,204
422,50,152,196
426,44,136,204
431,42,129,202
432,50,124,192
433,44,137,198
432,43,130,208
429,44,139,205
427,44,135,206
431,42,125,209
431,34,98,227
436,45,107,208
433,50,129,201
431,43,134,221
431,42,136,226
433,42,143,223
424,40,155,232
438,39,128,241
441,44,112,226
439,39,113,231
437,40,110,230
431,38,117,234
438,39,112,228
443,39,110,228
431,39,129,225
442,44,115,218
438,36,118,226
441,36,117,238
441,34,122,229
437,43,125,217
439,35,122,225
447,43,111,221
443,42,115,218
434,40,128,211
440,45,115,214
446,37,110,224
435,40,123,217
444,41,111,219
430,42,139,213
432,46,157,215
430,47,158,218
427,42,142,213
426,46,154,210
423,36,146,222
421,35,148,213
423,37,142,214
423,42,137,204
427,40,130,217
425,40,130,210
426,45,127,202
423,46,133,202
427,45,126,204
431,48,121,204
427,45,121,211
419,43,125,214
425,47,121,208
427,50,118,200
431,47,113,207
432,48,116,205
433,49,114,206
425,43,124,223
427,46,122,210
428,46,116,208
424,50,118,204
422,54,118,197
418,46,121,202
422,53,111,201
422,45,116,207
426,53,110,194
428,49,107,196
427,49,103,201
427,44,103,200
431,50,97,199
431,47,95,202
426,44,98,206
427,48,102,198
427,50,99,205
425,49,103,205
424,49,102,201
421,45,105,206
422,51,102,202
420,47,105,204
420,53,106,194
421,49,105,202
422,47,100,204
423,48,101,202
422,42,100,196
426,52,97,203
422,51,101,195
423,47,98,203
424,43,94,205
426,44,96,203
425,45,99,210
423,44,99,206
425,46,96,208
426,45,93,205
424,48,98,203
426,48,96,200
426,43,96,201
430,50,93,202
425,47,96,205
425,46,95,200
425,49,95,199
425,46,95,204
425,38,94,209
428,45,98,212
424,43,98,210
425,41,98,201
427,47,100,200
426,39,100,203
427,47,99,203
424,45,104,205
423,45,105,203
426,42,102,204
427,44,100,203
425,39,102,206
431,46,100,209
423,43,103,207
428,43,103,202
427,49,106,194
423,43,108,199
421,46,115,197
420,45,116,198
427,42,109,204
428,47,110,208
426,49,110,200
426,45,110,201
428,45,107,200
423,49,115,198
424,43,112,201
423,43,116,203
426,44,109,200
419,42,116,204
419,40,118,205
418,47,118,198
420,43,120,202
424,45,114,207
417,44,124,206
417,47,126,202
418,44,123,210
418,44,125,211
426,50,116,203
432,52,110,200
428,45,114,212
431,46,117,208
431,49,120,205
433,49,120,203
428,48,133,216
429,44,135,211
429,49,143,204
427,51,139,208
422,49,138,213
424,48,133,212
419,47,140,211
424,48,139,209
418,52,148,205
413,46,143,204
414,49,146,207
416,48,151,199
415,46,150,209
419,46,150,205
421,45,146,209
425,45,136,207
424,46,143,205
427,42,134,209
429,45,141,203
428,43,132,204
427,44,134,200
432,47,133,194
432,46,140,200
431,47,144,198
432,42,123,209
433,51,122,192
431,46,125,193
434,48,132,192
431,48,114,194
436,48,123,188
431,49,125,196
436,48,119,173
435,45,118,194
434,51,122,177
436,51,117,169
432,45,114,175
429,48,115,158
434,55,110,141
429,52,118,161
434,53,108,166
434,52,109,183
440,51,104,191
435,49,105,182
441,50,101,186
441,52,102,185
446,48,97,189
439,52,101,189
442,51,103,189
438,52,105,190
442,48,104,180
438,51,109,199
437,45,113,200
439,45,106,215
439,45,111,208
437,47,114,202
442,49,105,187
441,50,110,205
442,49,107,190
443,51,111,197
439,48,114,203
442,51,115,194
437,52,120,190
442,50,116,204
437,48,120,214
442,50,120,234
443,45,119,235
434,43,129,219
442,46,123,239
446,43,115,242
444,48,123,231
446,47,124,192
449,55,123,183
444,52,127,175
441,49,126,187
450,50,124,190
451,52,122,186
449,51,122,191
453,49,127,192
451,53,131,187
448,50,129,183
448,51,125,191
453,56,125,177
447,51,127,181
454,52,125,178
456,52,117,179
463,52,116,183
449,47,129,188
468,48,109,191
465,51,116,183
474,53,107,183
481,47,96,187
495,47,83,187
496,40,87,196
454,4,117,180
461,11,116,191
461,11,116,191
461,11,116,191
461,11,116,191
461,11,116,191
461,11,116,191
461,11,116,191
461,11,116,191
420,18,99,183
420,36,98,176
425,42,93,189
426,41,120,190
428,40,117,204
437,40,110,207
425,42,136,197
417,40,125,207
429,42,118,227
420,31,151,212
412,42,140,207
417,39,141,210
426,40,129,219
411,38,148,220
413,41,151,218
411,37,155,229
400,39,171,230
399,38,169,226
394,42,173,207
391,35,180,195
390,38,179,187
382,44,186,179
379,43,185,176
384,50,182,169
388,44,167,176
388,35,167,186
387,39,164,180
383,37,169,186
377,37,170,186
379,31,170,199
379,41,166,199
389,32,147,198
390,32,146,191
392,34,138,188
383,32,157,194
391,30,144,192
395,31,138,196
390,32,139,189
395,32,138,194
394,31,138,197
394,30,138,199
394,30,146,200
389,31,152,195
402,29,142,197
396,31,148,206
393,33,153,203
392,29,156,202
403,25,149,207
400,22,153,211
397,18,148,216
400,23,158,219
394,11,163,233
395,14,161,236
393,22,170,231
396,26,166,216
393,23,166,217
391,17,164,225
395,17,165,224
376,12,173,253
400,23,172,210
376,24,182,228
382,17,183,228
373,18,182,242
375,21,168,231
394,20,159,227
387,21,158,218
375,35,164,205
374,29,156,205
363,35,165,227
358,31,163,273
357,22,159,295
348,36,163,292
341,29,166,310
337,30,169,307
332,26,172,321
324,25,175,314
324,32,171,308
333,21,152,324
331,29,155,318
328,30,158,317
323,41,159,312
323,41,163,313
325,45,151,315
322,39,154,311
315,51,159,309
300,37,178,326
297,46,175,306
292,58,185,306
292,64,185,288
280,59,193,300
256,52,217,315
272,42,206,314
253,52,223,301
240,65,239,295
269,49,202,299
280,45,188,302
295,32,181,315
304,32,172,305
301,30,178,320
310,26,166,331
293,17,187,331
307,22,174,328
298,10,181,323
320,14,166,322
297,13,191,328
313,4,170,336
312,10,176,326
312,9,181,331
315,10,176,327
314,14,181,309
343,20,148,296
336,14,157,299
338,7,155,322
350,9,153,305
361,12,138,295
368,7,134,312
370,3,127,324
368,1,130,320
366,9,137,304
373,6,128,305
347,12,159,325
347,5,159,335
363,9,145,333
360,11,151,331
354,12,162,344
344,8,179,344
338,13,189,330
332,6,198,345
315,13,217,342
331,2,259,344
345,8,276,345
339,6,240,338
362,8,234,320
356,2,248,339
340,15,258,326
342,4,198,339
376,17,161,299
406,22,126,280
410,26,118,267
415,21,113,277
421,31,106,266
414,25,105,271
402,29,122,260
401,28,121,265
407,29,118,264
408,32,117,259
406,33,127,215
409,40,127,214
404,43,127,187
410,44,119,187
409,45,126,187
414,44,124,186
412,45,130,187
410,47,132,183
414,45,127,192
409,49,129,170
411,47,129,175
413,49,129,168
407,53,137,169
412,46,131,164
408,56,137,153
411,45,134,167
413,49,134,174
410,49,139,164
414,51,134,171
418,48,135,182
417,51,133,182
423,57,133,179
420,56,137,181
420,51,131,208
425,48,127,204
421,54,135,203
418,54,141,210
418,55,141,210
416,58,151,195
419,55,143,206
421,58,150,198
432,56,134,211
432,60,135,212
437,60,131,214
435,62,139,209
437,60,132,217
442,62,131,214
441,60,132,211
440,62,132,198
439,62,135,185
442,57,134,186
443,58,132,197
444,61,133,207
445,59,131,202
443,58,131,211
447,59,129,201
446,61,131,195
444,60,136,184
445,59,135,185
443,60,142,182
439,60,140,177
422,50,146,200
419,56,148,199
415,55,155,196
406,55,153,216
400,46,158,232
388,40,177,257
392,48,173,238
386,56,182,246
383,49,183,255
379,46,189,276
394,47,169,302
384,37,178,317
395,43,170,312
399,38,163,326
402,40,164,321
395,36,157,332
394,35,160,330
399,32,154,333
408,34,150,320
405,23,153,328
396,40,165,324
406,48,180,324
378,33,231,323
377,52,251,306
356,10,269,329
396,7,239,336
403,22,225,338
409,20,215,338
385,18,233,329
391,18,252,342
401,18,236,337
394,15,242,340
401,15,231,347
396,13,231,344
380,14,247,344
376,10,252,342
388,15,233,346
400,19,220,320
401,32,234,316
395,17,237,343
398,16,232,337
393,21,233,340
372,27,263,345
396,24,238,337
389,20,255,335
378,21,257,331
368,20,269,334
360,7,278,335
371,22,266,331
373,22,264,331
357,14,276,337
356,14,282,337
353,25,274,318
350,21,290,321
324,24,304,326
331,21,306,327
319,28,317,321
305,22,318,333
276,27,360,327
258,19,369,335
275,16,358,330
310,40,317,311
295,16,351,340
308,19,317,335
331,26,298,324
338,27,286,327
345,39,291,322
372,56,258,293
353,62,277,290
350,53,282,311
298,29,329,315
307,46,320,305
310,28,318,322
313,43,318,323
309,23,319,332
288,46,337,306
271,51,351,313
283,31,348,321
317,63,306,302
318,34,307,325
316,43,311,310
317,22,316,337
279,45,317,308
291,38,338,317
261,44,373,312
273,64,363,296
263,66,369,283
286,39,340,314
253,71,361,314
276,53,354,289
262,71,360,279
292,38,334,310
290,73,347,278
275,57,367,293
315,61,325,303
290,41,329,310
262,20,340,323
274,37,345,319
278,34,317,303
309,43,311,308
274,34,308,310
276,33,337,312
292,41,337,313
260,56,347,317
288,54,339,291
301,63,310,300
344,42,276,328
312,19,311,331
338,63,291,299
352,38,273,319
325,11,293,343
336,56,301,300
303,16,314,335
301,47,322,311
272,27,353,316
290,69,344,275
272,56,352,293
244,89,393,259
241,39,376,309
259,58,375,294
258,33,356,320
279,46,309,299
276,61,315,289
275,63,298,282
298,51,334,311
253,31,345,323
251,55,358,306
266,67,351,309
288,45,340,312
293,35,329,316
306,31,311,305
316,56,321,295
299,48,331,286
320,74,302,285
315,59,300,291
309,68,325,291
313,43,310,306
315,69,273,289
329,54,304,302
330,40,299,305
326,47,299,305
337,54,279,304
340,67,287,291
331,62,289,296
341,70,247,281
338,59,279,290
333,62,275,276
355,62,255,292
351,60,269,291
351,74,269,273
349,65,284,285
356,70,266,283
362,52,245,303
386,66,235,294
371,68,252,288
358,56,265,288
368,65,255,290
370,71,259,272
362,61,264,290
377,78,253,285
382,77,228,273
381,85,249,269
383,80,202,266
399,69,231,286
397,75,233,283
398,79,240,280
387,87,242,270
400,77,231,287
399,93,232,261
411,83,222,276
395,79,157,239
410,49,143,248
430,62,150,283
421,52,133,251
429,49,129,227
426,49,139,226
425,50,138,239
419,49,141,262
422,37,135,270
419,49,143,261
420,58,133,245
428,50,126,272
421,50,143,271
426,53,156,273
422,61,177,287
424,45,195,323
420,56,188,282
418,72,186,273
417,55,199,286
428,65,201,297
419,74,183,273
433,62,204,303
418,61,179,287
425,51,194,307
428,63,202,296
423,62,197,277
422,82,214,283
423,64,196,287
425,67,186,272
417,47,155,279
424,62,147,251
421,50,148,257
426,48,146,274
426,46,148,267
431,53,141,275
418,59,157,248
427,52,145,254
421,54,153,255
422,47,153,261
425,49,156,269
426,56,158,274
428,50,150,286
427,48,149,250
423,54,151,249
427,55,152,249
427,53,148,281
428,55,146,245
425,58,148,244
423,49,152,253
422,56,157,249
426,59,152,249
418,50,156,257
423,59,152,245
416,47,155,256
428,53,144,263
424,53,151,255
423,58,156,246
424,52,148,254
422,45,155,257
421,56,153,248
424,52,157,254
427,60,150,263
423,45,152,272
421,56,153,271
414,50,155,255
418,59,162,245
422,55,152,267
414,51,162,289
412,48,159,257
421,59,162,263
415,52,182,275
419,49,149,277
429,45,144,308
423,44,154,305
415,45,156,289
419,58,158,290
406,54,172,286
415,50,185,294
404,53,187,284
407,62,168,253
402,61,177,246
403,74,181,233
405,54,165,246
403,58,168,242
402,55,169,249
419,60,154,269
408,48,165,290
413,53,160,289
403,45,169,289
387,51,185,291
396,69,216,290
389,75,245,281
401,81,223,284
393,67,238,287
396,66,243,292
384,60,233,287
367,67,263,284
371,64,253,288
368,83,256,271
358,68,264,284
368,90,257,268
358,85,261,267
358,87,269,268
359,85,263,265
357,92,275,270
350,60,284,303
367,69,252,284
350,73,281,296
358,90,275,281
345,71,288,294
346,77,296,277
330,63,300,295
350,92,287,263
318,55,309,310
339,63,297,287
340,64,291,283
309,26,296,322
305,49,332,302
318,39,304,313
317,19,234,321
359,53,270,303
303,51,320,300
306,39,281,320
310,27,314,335
311,50,302,296
290,35,336,314
280,62,339,291
280,46,367,330
278,47,349,310
275,31,313,306
286,43,335,307
275,18,357,322
267,48,356,301
292,63,345,295
262,40,368,302
260,44,364,299
252,35,373,311
268,82,381,265
236,61,391,296
264,55,362,301
237,30,365,318
259,44,362,301
238,50,374,323
244,42,377,309
259,25,348,322
231,56,398,292
269,54,353,312
236,18,374,319
262,40,372,296
247,19,348,331
257,25,343,314
242,24,371,338
235,37,379,334
245,27,381,311
224,40,380,323
241,82,378,292
233,37,389,317
235,24,391,334
228,24,390,345
242,53,385,296
235,50,400,308
235,40,403,320
255,37,348,310
245,36,377,320
242,68,384,289
251,31,379,319
272,40,344,310
252,51,377,297
275,34,323,323
274,51,337,293
273,17,351,326
285,27,331,307
256,37,370,318
275,33,344,318
272,41,331,305
273,29,347,318
273,42,358,316
254,61,363,292
279,22,339,323
292,25,332,326
273,39,347,306
276,26,343,332
288,40,283,302
298,22,291,326
300,28,325,325
296,21,284,326
302,13,312,330
287,24,298,324
294,26,277,316
304,9,306,326
278,18,327,322
278,22,347,334
266,56,347,296
282,14,317,335
291,15,323,336
271,19,336,330
282,25,349,332
283,58,329,313
272,21,296,326
283,27,324,340
288,32,315,317
266,25,309,329
287,24,316,330
278,21,349,331
266,12,345,340
279,17,349,332
274,11,335,330
292,25,310,337
266,28,324,332
278,24,343,332
242,66,373,295
258,15,359,321
254,15,368,328
252,18,341,326
275,14,344,337
260,21,358,332
279,25,328,334
261,26,355,325
262,28,358,327
266,16,308,341
268,16,338,332
268,22,357,336
259,24,346,329
283,12,330,329
269,82,313,276
280,23,328,334
270,15,331,330
271,23,351,333
279,12,331,338
286,22,271,326
285,9,265,328
289,22,291,337
274,11,341,337
280,16,278,314
278,13,270,320
279,16,265,331
280,20,276,329
273,21,300,335
285,18,292,331
276,12,341,339
292,3,296,340
283,8,291,333
286,8,319,334
288,20,312,335
272,13,310,338
266,14,343,342
275,24,315,325
284,16,305,336
282,18,320,335
271,18,288,338
278,13,281,344
283,21,269,324
286,33,277,345
292,21,297,325
280,25,274,341
278,24,283,322
312,12,237,331
322,18,227,325
298,0,241,329
286,24,266,324
272,8,273,331
267,15,285,333
273,14,292,327
294,16,273,331
306,9,245,335
270,33,275,341
279,28,269,314
282,21,262,334
278,12,238,333
276,17,262,335
276,21,248,329
284,14,251,328
283,22,247,342
274,20,257,309
297,15,234,335
268,27,261,321
285,23,271,327
280,17,287,330
272,33,294,312
275,31,309,333
265,7,313,339
274,21,344,333
283,12,340,330
263,20,326,338
267,29,272,326
276,18,224,325
279,17,246,331
306,25,304,321
272,26,228,321
311,20,191,326
321,31,181,320
304,15,200,325
339,29,194,319
323,26,197,315
309,23,232,309
306,31,225,309
298,30,271,322
293,17,268,331
290,26,236,327
295,31,201,319
300,37,189,323
293,30,195,331
307,22,172,324
307,12,159,340
298,24,159,331
301,30,153,318
301,15,146,345
313,11,144,334
289,20,148,344
275,18,161,336
298,15,137,338
290,9,140,330
272,13,172,344
277,11,179,338
292,13,162,336
269,18,182,328
271,13,189,333
263,12,206,336
266,5,252,344
256,9,286,335
248,11,318,348
244,2,362,365
243,11,381,341
222,22,406,328
227,22,401,332
246,13,370,336
225,14,382,330
228,26,392,329
211,28,415,347
262,51,357,302
235,70,378,294
243,64,376,280
248,53,366,317
222,13,376,333
273,19,347,347
289,69,312,309
284,8,335,330
309,55,295,303
293,80,308,279
287,23,333,326
290,34,339,315
255,45,377,302
221,38,404,309
218,19,411,328
222,18,416,329
234,25,402,334
224,14,395,349
233,42,397,307
214,19,423,339
199,6,432,317
213,51,429,308
236,6,403,342
261,16,383,337
282,58,360,300
246,24,380,319
262,33,378,331
224,33,413,318
237,18,399,334
186,27,454,328
180,11,454,332
175,10,455,336
237,42,396,298
203,23,430,326
232,22,393,331
245,15,388,321
210,15,423,332
228,22,396,326
282,47,347,294
248,36,361,327
244,64,388,285
262,70,373,295
246,72,377,284
272,81,357,273
249,41,385,312
236,39,384,333
222,18,409,330
244,54,395,317
223,54,389,284
251,66,361,290
231,75,379,269
221,61,387,282
230,85,391,258
215,52,396,297
238,79,378,270
261,56,348,297
258,77,348,271
248,75,337,269
320,19,312,313
277,44,335,307
278,78,355,282
236,40,366,312
269,68,346,293
301,84,318,270
246,111,381,242
284,42,336,311
249,30,362,323
249,68,387,281
241,90,385,263
263,68,374,291
268,46,363,301
265,33,357,315
273,59,358,287
285,51,340,302
282,29,346,317
251,34,380,312
243,32,388,330
227,15,399,333
239,16,382,334
235,14,382,347
219,13,396,333
227,40,385,317
226,35,411,323
202,79,426,261
226,106,408,240
249,121,379,224
287,85,340,265
267,87,353,269
255,97,368,245
253,109,382,243
243,96,397,265
234,108,395,252
220,58,411,302
231,30,401,312
244,27,378,336
251,27,374,325
217,55,427,304
182,60,454,298
206,1,424,347
243,39,378,322
231,40,405,339
195,43,429,325
221,63,414,292
214,86,424,275
196,40,424,318
229,29,398,327
198,33,445,329
165,40,461,324
220,70,408,278
179,83,453,264
143,109,479,256
158,42,460,323
167,62,466,305
125,43,502,325
120,107,502,266
154,72,462,282
177,16,457,350
140,35,483,313
160,113,475,246
192,25,417,330
207,-1,415,334
200,45,418,340
173,40,449,313
173,37,444,333
173,29,440,332
189,75,438,284
167,55,452,302
113,62,505,316
84,51,542,313
119,26,498,342
104,24,507,335
88,28,529,327
161,31,467,356
142,24,489,321
146,29,470,333
136,16,478,343
112,15,506,345
91,2,526,341
95,35,524,342
155,6,454,341
152,53,454,335
179,26,402,328
216,18,344,345
235,19,335,331
229,14,353,335
211,16,405,324
173,15,449,329
166,29,455,350
194,17,430,335
217,17,409,353
169,24,410,336
154,27,434,335
139,56,471,306
145,22,451,330
148,28,448,308
144,18,449,328
127,33,472,300
139,24,487,319
138,28,471,343
107,12,499,354
124,3,490,341
93,41,501,302
155,9,477,341
137,2,487,346
127,38,496,329
129,14,479,345
109,6,499,335
82,44,504,333
140,11,492,322
158,0,464,343
172,27,451,338
100,15,520,351
100,50,517,311
103,27,497,325
81,12,515,329
55,58,551,302
129,24,486,322
123,8,468,330
154,3,422,333
178,20,392,321
180,13,443,325
174,37,452,322
127,25,440,322
164,40,453,317
144,18,469,334
114,34,491,315
108,116,491,254
126,48,490,298
101,108,531,276
116,114,506,231
109,60,511,303
100,7,514,338
101,95,510,289
75,113,556,254
85,107,536,258
50,63,570,284
47,17,573,331
52,43,583,308
34,35,594,310
34,-3,609,328
18,22,602,333
58,65,580,280
54,118,573,241
62,79,559,283
51,71,580,281
77,41,556,322
30,25,592,331
70,21,546,339
93,6,543,342
76,20,550,324
93,10,541,336
56,6,561,344
62,13,561,348
119,5,496,336
82,30,516,323
120,10,504,341
103,12,518,349
107,13,521,329
71,35,544,312
124,14,510,338
103,27,527,315
50,37,567,314
69,9,571,328
85,16,547,336
106,5,529,347
52,7,572,360
82,10,545,329
115,28,514,323
132,9,495,331
190,18,429,333
196,4,435,340
244,17,392,332
274,24,363,321
313,20,304,329
319,40,287,308
315,28,311,323
310,35,306,316
296,22,333,325
312,28,312,318
321,37,311,312
315,32,303,314
318,51,304,306
323,42,297,299
324,42,280,302
322,32,299,317
332,40,278,306
341,67,295,289
341,79,227,259
350,60,245,287
345,63,247,285
344,71,226,275
363,47,224,302
363,89,214,262
360,80,218,246
350,83,229,252
366,79,219,272
386,73,187,274
392,81,186,265
403,68,166,281
402,78,170,275
400,59,168,289
383,66,175,269
393,60,162,290
377,55,184,274
376,61,190,287
381,59,176,298
399,55,152,291
390,55,166,281
390,50,160,300
393,46,151,304
396,43,149,305
391,52,152,301
388,53,145,305
391,40,128,307
393,52,126,314
390,45,130,317
394,44,110,317
381,52,125,309
371,52,137,298
371,45,132,314
370,39,136,307
365,40,143,293
364,42,146,305
351,36,159,307
356,34,151,296
350,37,158,289
343,39,170,281
337,39,172,271
331,36,172,255
337,42,179,244
335,48,175,238
328,46,182,220
329,49,172,217
333,43,152,229
329,44,159,238
328,41,145,245
328,45,135,243
324,41,137,249
325,40,129,260
324,43,131,263
321,43,135,263
309,47,146,264
303,37,145,273
305,40,140,268
303,40,148,275
304,37,148,276
303,35,147,292
297,35,144,290
284,38,150,293
291,41,135,279
296,50,132,278
289,41,136,296
277,42,157,306
274,33,155,303
272,34,153,309
260,33,187,316
252,39,183,303
262,36,177,310
272,45,153,307
271,38,158,312
275,33,156,313
258,31,192,316
356,29,195,320
256,43,184,299
250,37,190,323
239,24,217,332
244,31,199,319
255,51,206,293
276,35,277,303
251,46,254,311
243,80,211,263
249,72,195,279
246,67,217,284
372,98,262,258
378,109,241,238
384,111,247,244
382,109,246,238
386,116,233,241
390,94,212,266
390,76,209,283
393,91,219,270
388,70,235,280
392,86,234,272
387,59,240,297
388,53,239,314
387,54,235,317
398,72,227,296
390,52,251,301
386,74,256,293
390,77,240,279
390,109,236,251
389,86,239,266
372,57,249,297
395,81,236,279
388,48,220,310
394,45,233,326
396,38,242,312
386,45,240,312
368,36,276,331
365,34,256,333
387,61,240,298
396,42,234,322
387,25,241,341
399,51,220,321
385,41,237,319
377,51,261,304
392,26,236,329
382,18,245,335
373,30,262,312
374,29,268,314
380,33,251,320
358,36,275,320
378,32,233,289
368,23,252,330
376,46,250,302
375,27,233,331
373,11,244,348
364,22,224,316
378,16,247,331
357,38,275,313
363,14,265,342
363,48,276,310
360,40,272,308
344,24,261,235
348,60,290,300
352,31,276,312
340,17,276,328
331,15,299,337
313,11,303,313
333,13,265,287
324,17,282,293
317,12,302,333
314,9,303,330
313,12,312,333
312,12,302,324
316,7,311,332
310,13,305,316
310,16,322,326
301,4,320,334
318,10,309,328
311,7,293,324
306,0,316,340
303,1,331,340
305,16,331,321
305,14,321,331
322,6,301,338
314,3,310,325
312,3,306,310
314,4,299,323
319,8,314,315
321,9,304,313
334,8,286,330
324,4,271,324
336,9,290,314
334,10,288,320
329,9,260,311
318,16,204,283
331,17,187,292
330,11,191,297
335,12,184,289
342,17,177,293
340,12,187,297
346,19,185,301
343,10,189,299
349,8,174,303
350,10,190,307
351,5,198,294
345,6,203,305
352,7,191,304
353,8,185,306
353,0,191,326
359,9,190,320
357,7,192,316
356,5,202,318
357,12,201,310
359,6,200,319
355,9,205,319
353,5,225,333
355,9,231,321
347,17,219,322
353,10,208,317
354,8,199,328
349,24,200,304
349,11,194,313
352,15,189,315
