408,167,97,126
405,166,109,124
404,163,106,131
404,161,107,133
403,165,107,129
404,164,108,130
404,167,102,130
407,166,102,134
404,175,102,130
402,180,107,116
403,180,106,129
403,180,105,130
406,179,105,126
406,177,110,126
405,174,129,124
404,170,141,127
402,164,154,127
398,159,152,130
394,154,157,137
387,154,165,137
396,154,148,126
386,155,167,124
382,153,174,127
378,154,176,126
379,154,178,124
376,157,180,117
381,151,175,120
380,151,174,120
379,147,176,122
381,149,163,117
385,141,171,125
384,140,153,117
390,140,164,121
389,139,158,118
388,135,167,119
387,132,151,121
390,132,168,121
387,129,170,121
390,125,161,117
381,124,168,123
384,120,153,124
383,117,148,123
378,120,154,120
379,119,146,119
385,119,134,112
368,116,154,125
366,114,150,119
365,114,145,116
341,112,165,137
344,109,155,126
349,104,144,119
352,107,117,106
348,103,112,110
352,100,99,109
361,100,92,108
363,98,96,109
364,98,97,110
370,103,96,108
375,97,93,107
379,94,93,108
385,91,90,112
388,88,91,118
396,92,86,106
400,87,87,116
403,88,93,117
405,88,97,116
413,88,93,123
414,95,98,113
422,97,94,121
422,103,101,124
426,109,97,123
426,116,99,125
426,126,102,125
425,134,106,123
426,142,111,123
429,151,102,123
425,160,114,125
427,165,138,125
434,174,113,125
436,182,114,127
439,185,115,136
440,190,121,139
441,195,111,144
435,193,109,150
425,206,108,141
419,204,101,138
411,207,103,134
403,204,101,134
391,202,100,132
381,195,100,132
371,192,104,135
367,190,101,128
361,186,102,124
359,179,98,125
355,177,97,128
351,174,102,130
344,170,111,122
356,167,100,120
360,163,99,118
361,162,103,115
369,158,99,123
376,150,102,124
387,150,99,117
393,148,102,119
401,144,101,122
406,144,104,122
412,143,108,125
422,140,102,118
428,138,108,124
431,137,114,120
434,136,120,119
439,133,108,119
440,130,104,120
442,121,103,125
441,122,107,120
443,115,112,118
446,103,100,123
446,98,96,124
445,91,100,125
446,86,95,121
444,83,101,116
444,77,96,115
435,69,103,118
437,66,93,124
433,63,93,121
419,64,103,121
405,57,110,130
407,62,101,116
405,57,97,130
401,61,95,122
396,63,91,124
391,63,91,125
384,65,97,123
380,72,100,123
378,76,100,125
381,74,98,134
389,86,89,129
392,93,93,123
398,96,93,128
402,103,96,124
405,102,101,122
410,103,104,122
413,104,100,126
418,103,101,127
424,102,96,133
426,105,93,121
428,101,89,126
431,101,88,119
434,101,82,102
431,101,84,102
438,104,81,85
439,107,78,82
440,108,78,85
441,112,82,81
447,113,84,89
448,115,83,92
452,115,70,103
450,112,73,111
450,110,75,119
451,110,78,117
452,110,74,117
452,107,73,110
452,107,71,123
453,106,71,125
454,103,71,130
452,100,71,128
452,97,73,134
454,94,73,141
454,93,73,153
455,92,74,140
457,90,77,124
458,91,79,118
459,88,79,119
460,87,81,122
460,88,86,118
460,84,89,119
459,85,93,120
459,83,95,118
457,80,100,118
459,82,100,114
459,80,101,108
457,79,105,120
460,78,103,113
461,75,104,125
457,74,111,118
455,71,113,121
460,70,103,117
464,70,100,126
464,67,97,124
462,66,99,126
462,65,100,128
460,67,101,122
459,70,102,126
458,72,102,124
451,74,108,124
453,72,101,128
449,72,102,130
449,73,99,127
451,73,96,127
448,73,98,122
446,73,98,124
450,74,91,116
446,73,93,122
441,74,101,120
434,69,108,124
445,72,95,123
446,70,92,126
448,71,88,126
442,74,93,123
440,80,92,118
441,83,90,117
437,83,93,119
438,85,92,116
433,87,97,116
434,86,94,117
435,92,97,109
432,89,99,111
434,90,94,109
438,87,90,112
435,84,93,112
437,88,91,110
435,85,90,113
430,87,96,110
434,76,91,120
437,80,87,117
438,84,84,111
436,83,84,114
438,85,79,111
440,82,79,116
441,80,80,117
440,82,81,116
443,84,77,113
441,86,82,109
442,83,80,113
441,87,78,95
442,86,80,94
439,87,77,93
446,88,75,101
446,93,77,94
444,94,79,96
445,94,81,101
445,95,84,103
450,92,82,109
451,92,84,111
453,92,84,113
451,92,84,109
453,91,85,109
455,92,91,112
453,92,88,106
450,93,92,107
455,97,87,83
452,96,91,90
451,96,94,103
456,99,88,83
451,97,94,101
454,97,95,103
458,98,91,98
456,97,93,105
456,98,93,106
456,99,94,103
454,98,96,116
453,99,98,117
457,99,92,112
455,99,94,104
452,98,95,113
453,98,96,118
455,99,93,112
456,100,93,107
453,96,92,122
455,102,93,111
448,101,104,117
450,103,103,124
445,103,101,127
447,104,100,130
440,104,103,122
441,101,95,113
440,95,94,117
440,95,88,113
439,93,88,113
438,91,82,116
436,91,82,115
435,96,79,110
428,97,84,115
421,104,87,111
414,106,86,114
408,110,84,111
401,114,82,110
395,113,80,115
389,104,80,124
377,105,86,125
363,112,90,114
351,110,93,119
338,115,96,118
322,114,105,122
311,115,111,123
311,118,98,118
302,121,104,113
295,127,109,107
285,113,114,121
284,113,114,114
279,110,113,109
284,92,109,121
279,91,112,113
281,83,110,112
280,75,108,115
284,68,103,116
285,62,97,117
284,62,102,109
289,51,98,117
289,47,100,112
287,44,101,108
299,35,91,110
302,26,89,113
305,16,92,118
313,8,92,121
309,7,98,110
314,6,100,110
318,3,98,106
328,5,101,100
340,1,97,103
352,2,94,101
364,2,89,94
376,3,88,94
389,4,83,101
402,1,76,110
408,4,81,119
420,5,76,121
429,8,75,119
437,8,77,114
446,9,76,116
450,10,81,120
457,11,81,119
459,12,81,120
464,14,83,120
468,18,88,119
474,20,87,120
485,22,84,123
492,27,83,120
498,32,81,123
502,34,83,125
506,40,83,124
509,42,83,123
513,45,86,119
515,46,92,120
515,48,95,121
518,47,93,124
514,48,100,126
510,49,106,127
511,59,107,121
510,57,110,124
508,61,114,121
512,64,115,124
511,68,119,126
514,72,116,122
515,73,115,126
519,80,112,123
531,88,104,121
526,95,115,122
530,101,118,128
533,110,121,142
528,123,127,140
537,132,122,139
538,136,124,140
538,149,127,140
538,164,125,138
534,177,128,139
533,188,129,146
533,199,126,141
530,210,129,145
529,228,134,142
532,233,130,141
528,239,128,141
520,249,141,124
527,256,128,120
528,254,118,124
525,259,118,121
523,262,115,118
521,271,108,108
516,281,117,98
513,293,120,87
511,293,123,87
507,302,125,77
501,307,125,71
492,314,115,63
489,320,109,60
486,325,96,56
476,326,95,54
464,322,94,54
464,322,94,54
464,322,94,54
464,322,94,54
464,322,94,54
464,322,94,54
464,322,94,54
464,322,94,54
464,322,94,54
403,229,98,71
233,305,109,67
204,313,127,65
176,321,131,61
171,325,133,57
157,333,136,49
150,336,136,47
144,335,129,44
130,332,128,50
119,317,136,63
94,293,149,67
48,317,130,64
50,260,122,89
60,213,118,102
73,178,116,108
82,140,114,138
95,103,119,140
105,73,118,138
116,29,129,138
129,9,117,130
142,-4,115,112
162,-22,114,100
162,-22,114,100
162,-22,114,100
370,60,82,119
375,59,70,108
380,60,67,106
378,61,66,103
379,61,68,103
385,61,69,107
379,63,73,107
385,61,73,113
382,61,72,120
385,61,65,106
388,61,63,113
384,60,68,120
388,61,68,120
386,62,67,116
386,65,67,109
450,-28,88,108
446,-12,107,96
434,4,124,97
430,31,130,86
425,44,134,89
431,6,123,121
425,8,128,148
413,18,139,154
400,37,153,143
389,55,170,145
391,61,174,160
400,68,158,169
409,81,146,169
414,91,143,165
412,96,142,169
410,100,143,172
417,116,132,161
419,119,131,164
424,126,128,167
429,150,126,155
421,158,136,152
426,166,138,154
424,163,141,151
425,156,142,149
435,152,131,136
432,140,141,147
437,132,139,144
445,116,135,152
451,111,133,148
456,104,124,150
455,126,126,130
451,122,125,127
454,121,124,125
461,116,124,128
463,119,118,121
461,115,123,118
454,108,139,124
464,109,127,124
465,110,127,124
468,114,124,127
470,116,119,130
472,118,107,128
475,124,104,116
471,127,104,104
470,121,99,118
468,121,102,118
475,121,102,122
473,124,101,119
474,119,100,124
479,116,106,127
482,112,105,134
482,111,106,140
481,111,111,146
480,108,121,148
481,109,134,147
485,112,148,148
488,106,154,149
490,114,154,139
490,109,156,146
497,112,151,144
501,115,151,140
510,114,141,143
515,114,137,144
520,111,136,143
518,108,142,146
520,108,139,145
516,107,144,146
517,108,142,140
517,107,139,148
515,102,138,154
515,106,137,149
509,107,139,150
505,109,140,147
499,108,144,147
502,114,144,141
495,107,149,147
497,107,142,144
496,101,143,153
490,107,146,146
479,108,153,152
470,107,163,152
463,107,160,153
458,112,171,149
449,106,181,161
438,109,191,158
443,112,185,150
435,115,191,145
432,107,198,154
426,115,198,137
434,102,190,144
436,103,189,139
436,97,186,149
435,95,193,146
422,105,202,141
423,93,203,154
427,91,201,148
398,79,220,162
384,71,237,163
379,61,239,166
376,59,241,157
377,51,238,148
379,27,217,159
378,37,223,140
389,17,184,132
393,18,163,101
404,11,157,91
407,4,145,79
407,4,145,79
361,75,118,70
372,68,86,88
377,66,75,86
377,64,74,96
385,64,66,86
383,65,69,87
382,63,75,95
380,61,72,102
385,61,67,102
379,61,77,106
384,60,71,105
380,60,74,105
387,59,69,111
386,60,72,112
383,59,73,122
389,59,70,126
386,60,67,114
389,58,72,124
389,59,73,118
391,58,70,111
387,59,70,114
389,58,72,115
394,56,70,103
390,59,76,106
390,58,70,103
394,61,68,91
394,64,68,80
394,64,66,83
391,64,69,82
392,63,69,80
395,61,73,91
394,61,70,87
393,61,75,89
392,64,74,82
394,60,69,88
396,61,69,86
393,62,73,86
390,61,71,89
396,59,69,94
393,59,66,91
395,59,71,95
390,60,72,94
393,59,70,92
392,57,65,99
394,57,69,99
391,60,66,95
393,59,70,95
388,58,72,99
389,60,66,93
392,59,69,98
387,65,75,84
391,64,66,84
388,61,66,91
388,58,69,99
388,58,72,106
385,60,71,93
390,58,67,95
388,60,68,96
390,60,67,94
386,60,70,91
387,60,67,94
390,59,66,106
388,57,64,98
384,58,71,110
388,57,67,112
386,56,68,118
388,57,66,115
387,56,68,127
387,56,68,116
387,57,65,116
388,57,63,110
388,57,62,105
447,63,79,114
441,63,97,116
428,63,114,124
417,62,124,132
402,69,132,132
386,73,145,126
385,73,138,133
381,75,118,139
367,82,120,140
355,85,112,131
338,86,118,121
325,87,117,129
312,84,125,126
304,90,125,125
293,91,131,125
290,86,124,125
286,89,115,119
287,91,103,103
292,91,97,102
297,90,103,108
303,89,106,119
311,88,113,122
323,89,111,117
340,87,98,118
351,87,98,124
357,90,104,122
360,92,110,126
372,93,104,120
380,91,111,125
394,92,107,123
395,94,119,125
406,93,115,128
414,92,111,124
431,98,101,123
435,103,98,125
436,108,97,123
439,102,93,126
441,105,90,122
441,101,89,126
438,106,89,121
431,105,92,125
422,105,91,127
408,108,92,122
397,111,92,118
385,109,97,124
374,110,102,120
363,120,109,112
356,118,110,111
351,113,113,120
347,114,117,113
353,114,114,113
349,108,115,116
355,107,117,119
356,106,118,116
362,101,119,120
370,93,113,125
373,95,112,117
381,94,102,116
382,92,105,116
384,86,100,122
388,83,97,123
393,88,97,115
391,83,105,122
416,89,90,112
431,93,77,113
430,91,90,113
444,80,90,117
451,75,100,117
459,63,105,121
476,51,106,127
489,39,106,133
496,30,108,128
500,29,115,120
505,25,119,116
512,27,121,122
518,33,123,121
526,42,118,124
537,49,114,125
540,52,113,131
546,55,108,145
544,60,106,135
547,61,107,139
548,63,102,148
553,69,98,135
557,69,98,144
560,73,97,149
567,78,93,146
571,81,94,156
577,87,93,142
584,95,93,149
590,102,95,132
592,105,98,139
589,122,103,127
591,141,100,122
586,154,107,125
589,168,104,126
588,181,105,135
586,193,110,141
587,220,120,129
587,238,120,125
575,233,132,142
581,219,121,152
574,232,128,139
571,238,122,141
572,250,112,129
561,264,110,116
548,276,111,99
536,297,114,84
532,309,104,72
517,318,109,61
505,322,104,58
494,323,102,55
483,324,96,57
483,324,96,57
483,324,96,57
483,324,96,57
483,324,96,57
483,324,96,57
428,316,89,65
428,316,89,65
414,311,82,69
407,305,83,75
402,304,86,78
396,302,92,76
389,302,97,78
388,298,98,81
386,302,104,76
402,305,102,72
426,312,101,66
454,319,95,63
454,319,95,63
454,319,95,63
454,319,95,63
454,319,95,63
454,319,95,63
454,319,95,63
454,319,95,63
454,319,95,63
454,319,95,63
454,319,95,63
454,319,95,63
454,319,95,63
454,319,95,63
454,319,95,63
454,319,95,63
454,319,95,63
454,319,95,63
454,319,95,63
454,319,95,63
492,335,86,48
485,331,83,48
480,311,88,61
475,290,98,74
477,275,103,79
482,265,101,82
487,257,107,80
495,253,110,86
508,249,102,90
522,245,93,97
530,241,91,100
539,235,83,108
534,227,84,113
519,207,94,133
403,53,77,128
265,117,81,117
288,114,78,120
298,113,78,118
306,113,81,117
308,115,85,118
317,115,81,120
322,117,79,121
326,122,77,116
326,121,82,116
330,122,86,116
337,119,83,116
345,119,82,114
353,120,82,115
360,120,85,117
367,122,81,120
369,117,87,117
372,114,93,118
365,110,101,116
368,109,109,122
374,106,109,124
387,106,103,126
396,100,106,128
403,101,113,125
408,95,114,129
415,95,114,126
420,95,114,123
427,94,118,126
434,94,125,123
440,97,128,120
443,85,134,130
448,93,128,123
451,95,122,119
449,92,128,125
450,92,119,127
446,98,125,122
448,94,114,124
447,91,108,116
446,88,105,112
444,88,100,112
440,92,100,112
434,96,105,115
438,99,103,121
439,101,97,120
445,97,91,125
452,98,81,123
454,101,84,120
454,100,83,113
456,97,86,121
458,98,92,119
461,94,95,121
458,94,102,119
455,95,108,119
454,94,115,117
455,92,121,122
457,93,118,119
455,94,127,118
458,95,125,116
459,95,118,117
458,97,121,116
457,105,123,104
460,99,121,112
464,99,114,115
469,102,114,113
469,105,121,114
478,97,109,119
478,102,113,115
490,102,106,118
496,99,98,119
501,100,95,128
498,98,96,126
500,104,94,130
491,105,99,129
489,106,100,130
484,106,101,129
483,108,99,123
478,106,103,129
474,103,98,126
472,103,91,123
464,99,93,130
457,93,95,139
454,88,93,136
450,85,100,142
454,80,99,143
448,76,105,139
447,69,106,139
446,62,106,143
442,54,105,138
443,54,106,137
440,50,108,156
438,46,112,158
435,46,116,165
435,43,115,165
437,41,115,161
434,42,120,170
435,37,122,171
441,39,119,174
439,37,126,179
446,38,125,187
439,36,131,178
443,42,127,192
440,43,129,179
443,45,125,183
440,48,126,182
442,49,127,189
441,50,121,189
446,53,121,184
439,52,132,187
444,54,129,193
445,56,128,189
445,56,125,189
446,56,126,190
441,55,129,192
448,58,125,186
447,55,128,184
446,56,125,184
452,58,123,180
445,55,128,189
444,53,129,195
444,51,130,199
443,53,129,187
