227,82,54,198
226,83,57,195
224,83,52,192
223,81,56,194
221,84,54,190
223,81,53,194
221,80,53,191
221,83,50,189
223,81,49,190
223,82,49,190
219,83,48,186
220,82,54,188
221,86,48,185
220,83,48,186
220,82,49,186
222,84,47,186
221,82,46,187
219,83,47,185
219,84,46,187
217,84,50,185
219,84,47,182
214,82,56,182
210,82,69,183
208,85,72,186
202,80,82,184
201,80,83,185
191,82,93,182
193,82,88,189
186,80,96,186
188,80,93,192
185,81,98,192
183,86,101,186
180,85,104,187
182,85,100,185
176,85,107,185
176,82,109,183
181,83,102,181
177,87,105,182
177,84,104,181
178,87,103,180
173,86,124,181
170,88,128,179
164,87,141,177
158,87,152,179
153,88,157,172
153,96,160,165
149,97,163,158
143,102,172,151
138,103,177,149
139,103,181,154
138,106,179,150
140,105,181,156
138,107,182,154
134,109,192,150
137,110,194,150
133,114,196,139
132,117,194,141
131,119,198,149
129,119,201,132
128,125,202,123
128,130,210,114
121,130,211,112
122,129,208,112
122,133,210,105
121,132,214,107
122,132,208,107
118,134,210,105
119,132,213,110
116,134,217,106
118,137,215,100
115,135,214,102
117,137,213,98
112,139,221,97
115,143,222,92
117,143,216,91
118,143,216,89
115,144,219,92
116,146,219,86
114,148,224,80
112,147,228,80
111,148,227,80
114,148,224,77
113,150,225,77
115,151,220,74
114,153,222,70
113,151,226,70
116,155,223,68
113,153,226,66
112,160,231,65
112,156,228,66
113,159,227,68
115,158,219,63
113,162,226,61
113,159,225,60
110,159,223,66
111,155,227,64
112,157,230,65
112,158,226,60
113,156,223,60
112,152,220,69
111,153,220,64
115,154,220,65
117,155,214,61
114,155,218,63
115,152,211,66
116,151,217,69
116,151,215,69
116,150,216,68
116,150,214,68
115,150,216,70
116,149,212,75
114,148,213,75
115,147,219,77
119,145,218,84
120,147,218,78
120,147,217,77
118,145,213,79
120,148,217,79
120,147,216,79
118,146,221,80
121,147,214,77
121,147,216,77
118,148,217,77
122,150,217,74
121,151,220,75
123,153,215,71
120,150,219,77
121,148,211,77
118,148,219,79
119,149,220,79
117,149,217,79
114,149,226,79
114,146,213,80
114,147,211,77
114,148,210,79
108,145,212,82
106,148,213,80
104,148,215,81
102,151,213,78
99,152,208,72
94,154,213,72
94,151,206,74
89,153,209,73
85,155,210,73
83,152,209,75
76,152,205,72
73,153,206,68
67,153,214,72
60,152,215,76
57,152,209,71
56,152,206,65
50,152,209,61
45,153,214,61
40,150,211,61
35,150,212,63
26,150,206,63
30,149,210,64
25,150,210,85
20,154,215,81
18,151,211,79
15,153,217,79
13,153,214,85
14,153,213,88
14,150,206,98
14,148,206,104
17,148,205,86
14,149,202,89
17,147,201,95
17,145,204,98
19,145,202,95
21,144,200,99
23,140,204,91
21,143,204,91
26,142,200,93
29,142,193,91
28,138,195,95
27,143,198,85
35,145,194,84
34,145,190,88
37,144,192,78
41,144,190,80
41,147,189,77
43,143,183,80
46,144,181,76
46,144,182,71
46,146,182,65
45,141,177,70
48,144,171,66
44,140,178,70
49,142,174,70
46,135,178,73
45,135,177,74
43,137,176,73
42,137,176,74
42,139,175,70
41,138,173,74
39,139,178,74
38,140,177,75
38,137,180,77
39,142,177,73
38,140,180,77
37,140,182,77
38,143,179,74
37,144,179,75
38,146,180,75
37,148,180,74
40,149,179,69
38,149,178,74
38,150,180,70
37,151,180,68
37,148,185,74
37,148,193,78
34,151,200,77
34,149,204,87
38,148,196,91
42,148,193,87
42,149,190,84
35,150,205,85
39,149,188,71
37,145,188,73
36,143,184,74
33,144,183,69
33,142,185,70
31,143,188,69
29,142,184,64
28,141,181,68
29,139,175,67
25,140,180,62
24,139,181,65
21,140,186,65
20,140,185,59
17,139,181,57
16,139,181,57
15,139,175,54
13,140,175,49
13,139,176,50
11,140,176,47
8,138,176,48
7,136,177,48
4,135,177,48
2,134,181,51
0,133,180,53
0,132,174,52
-1,131,175,51
0,129,175,59
-4,129,173,52
-3,127,169,51
-1,128,163,50
0,132,153,47
-2,130,146,54
0,129,137,62
1,129,131,65
3,130,119,63
0,132,122,71
0,135,117,73
2,138,107,70
0,136,106,74
0,137,96,71
0,136,96,78
-13,140,92,71
0,142,85,64
0,148,75,63
1,134,71,77
2,136,75,74
0,144,72,66
0,144,60,67
2,134,59,78
2,135,57,80
1,135,60,80
1,143,67,75
3,138,81,81
0,142,88,76
0,145,88,73
0,151,94,67
0,142,90,76
-1,153,97,67
0,151,96,59
1,151,95,54
0,152,96,46
0,151,97,48
0,150,100,50
0,152,102,48
0,153,103,45
1,155,102,44
3,154,103,45
3,149,99,53
3,148,96,61
1,147,98,57
3,148,94,66
2,144,99,68
4,143,97,69
6,145,92,67
4,146,100,60
3,142,102,61
2,139,104,71
4,137,103,74
3,137,100,74
11,142,97,74
3,135,110,73
10,141,114,70
2,126,131,72
14,135,123,75
16,137,126,73
12,133,126,77
14,129,128,77
4,113,143,88
5,107,140,99
2,109,146,95
-1,113,150,86
2,105,151,93
2,113,151,89
0,107,158,94
6,100,152,108
19,99,144,109
16,108,151,101
15,110,155,97
23,100,152,100
37,100,147,106
38,94,147,112
36,100,153,105
40,111,156,89
43,111,155,91
48,113,155,87
51,114,156,88
58,99,148,99
71,100,144,102
86,82,137,117
103,83,126,112
74,101,151,97
80,99,149,102
80,108,153,96
80,87,156,112
83,103,152,103
89,91,149,116
87,97,154,105
93,102,149,97
97,113,149,89
97,100,148,107
101,101,149,103
103,98,147,104
103,104,149,109
109,106,145,95
111,97,145,107
114,91,143,115
119,92,141,117
119,94,134,112
125,86,128,122
125,89,128,124
128,86,123,129
131,84,119,129
129,86,116,124
127,89,124,116
130,86,126,126
134,85,120,130
130,82,113,127
132,89,118,129
131,85,120,130
136,84,114,126
134,85,116,128
137,85,111,124
144,84,101,123
142,81,105,126
143,79,101,128
140,79,103,131
139,80,104,130
139,81,99,126
138,80,101,127
134,80,101,127
130,81,106,125
129,78,105,127
126,82,109,123
120,79,112,131
120,78,113,125
120,81,113,122
112,82,121,124
120,76,113,123
104,82,130,123
114,79,120,117
104,82,127,119
104,78,127,123
103,80,125,119
96,80,134,120
98,80,132,121
99,79,130,118
96,80,135,123
100,83,132,119
105,79,129,118
95,82,139,119
93,83,138,119
96,84,139,114
96,83,140,116
93,84,140,116
89,84,152,119
93,79,153,121
95,80,150,123
99,81,151,125
98,81,151,123
91,80,158,125
95,82,155,122
97,81,156,124
92,82,162,117
94,79,161,125
90,83,167,120
98,82,159,128
99,81,163,121
98,82,165,124
99,85,167,126
100,76,167,122
100,83,169,118
99,83,170,122
101,83,174,126
112,83,163,129
104,84,177,124
101,82,181,121
103,84,184,124
111,85,178,120
103,85,185,116
99,82,198,121
100,84,197,117
115,84,182,118
109,79,190,117
109,81,194,121
105,84,197,115
105,85,198,114
97,83,211,115
116,86,193,110
112,83,199,116
106,85,204,114
112,85,197,113
115,88,201,106
108,89,209,111
101,92,215,107
106,93,214,107
108,89,214,110
105,90,221,111
107,93,220,110
104,97,223,107
104,98,230,108
103,103,234,109
97,103,241,110
93,106,245,104
97,101,243,114
103,107,236,111
96,118,243,96
97,132,241,78
98,127,239,81
95,129,246,81
93,128,238,80
103,130,233,84
98,135,246,91
90,134,252,82
87,140,252,69
97,142,250,85
93,142,254,80
94,141,263,71
95,148,255,73
89,146,256,66
93,152,255,73
90,149,261,66
96,152,252,60
60,120,223,72
94,121,223,80
104,154,243,69
93,159,246,57
80,129,243,63
77,122,213,80
100,144,244,73
101,168,252,51
59,132,233,58
91,143,215,52
125,177,222,42
126,177,221,43
143,178,202,35
186,178,200,37
186,178,200,37
174,180,175,35
189,181,150,35
121,177,144,44
164,183,134,33
164,183,134,33
192,179,151,37
192,180,152,37
193,181,153,35
189,179,153,34
195,180,148,34
199,180,139,34
200,181,140,32
201,181,138,30
207,182,136,32
201,181,139,31
203,180,138,35
192,180,149,36
191,179,152,37
193,180,148,37
192,179,147,37
189,179,149,35
193,178,148,36
195,175,145,44
193,174,144,45
193,175,141,41
191,172,146,46
189,173,149,44
191,173,146,43
188,173,149,40
197,173,140,36
188,172,147,38
189,172,147,36
190,170,146,39
186,169,149,39
188,170,150,36
189,171,146,37
187,169,149,36
186,169,148,38
189,169,144,35
183,168,150,39
185,167,150,37
184,169,146,39
182,166,151,39
181,167,149,35
179,165,153,38
176,166,154,37
174,163,156,39
173,164,158,39
174,165,154,37
172,162,158,39
171,162,158,39
172,162,157,39
175,159,153,42
177,157,150,41
178,155,149,44
177,154,150,49
180,155,148,48
176,154,152,47
174,156,154,48
172,155,155,45
175,153,150,49
183,153,141,45
177,153,147,51
181,154,141,45
178,153,146,51
182,154,143,43
179,154,144,50
180,154,142,44
174,153,149,51
187,152,134,44
183,152,139,45
176,152,147,44
180,149,140,44
175,149,144,45
174,147,147,49
184,146,136,48
180,146,139,47
175,145,147,52
178,143,143,54
179,146,147,51
175,145,149,52
171,146,153,49
176,148,145,51
172,149,152,49
172,155,147,45
169,155,148,39
170,157,149,41
169,159,153,40
169,161,150,38
171,160,148,37
170,161,148,40
169,161,147,37
165,163,153,37
164,161,154,39
165,161,152,39
165,161,150,43
161,160,153,43
163,162,150,42
161,161,153,44
160,164,153,40
158,165,152,40
158,164,156,43
155,163,157,41
155,164,158,41
157,165,158,48
158,164,153,54
155,164,157,49
156,163,154,47
155,163,155,46
156,162,153,46
156,162,151,47
152,162,156,45
154,164,155,46
152,163,158,44
154,165,152,44
155,163,154,45
151,162,156,46
150,163,152,48
148,161,159,48
150,166,154,47
150,164,149,43
151,163,153,46
150,161,155,48
148,161,154,48
149,164,151,46
147,165,151,45
148,164,152,46
146,160,153,48
145,164,152,46
145,164,151,44
142,164,155,45
145,167,150,43
147,165,146,44
145,165,147,42
147,166,147,38
146,168,149,40
145,166,151,41
147,167,145,39
146,165,150,40
142,167,151,37
144,166,152,38
143,169,150,37
144,171,152,35
147,171,145,34
147,169,144,36
146,169,145,37
145,171,148,34
145,172,149,32
146,172,152,32
146,172,150,31
144,171,152,32
144,173,151,29
145,173,149,28
143,171,152,29
142,172,154,28
147,172,153,30
150,172,145,31
149,175,150,27
151,174,152,30
151,175,152,30
152,175,155,30
152,174,154,29
154,176,154,30
158,172,151,32
155,173,154,29
158,173,149,30
164,171,146,32
162,171,151,32
165,170,153,32
166,173,154,31
167,170,152,33
171,171,151,34
174,170,151,34
177,171,148,33
180,168,147,36
182,165,149,37
185,162,145,40
191,160,143,45
194,161,145,42
196,159,147,44
198,160,149,43
200,159,148,43
204,158,147,43
207,157,147,46
212,157,146,43
218,157,139,46
219,155,141,49
222,154,142,51
226,155,137,47
230,154,136,48
232,154,140,47
237,153,137,48
241,153,139,45
243,154,138,43
249,153,135,47
252,152,136,48
255,152,136,50
257,152,138,47
258,151,139,49
266,152,136,46
265,153,139,49
270,153,136,47
269,153,141,45
272,159,140,41
274,158,142,42
277,159,139,39
279,161,142,39
280,161,142,37
282,165,143,34
286,163,140,37
285,162,145,36
287,162,146,37
287,162,147,38
294,161,143,36
293,160,146,38
294,161,148,37
297,160,147,40
302,160,141,39
299,159,149,39
302,160,147,38
301,160,150,39
302,160,153,38
307,163,152,35
309,160,151,35
315,161,149,35
316,163,148,35
316,161,151,35
314,161,157,36
316,163,162,36
318,163,165,34
321,165,163,32
327,163,158,33
331,165,158,32
331,166,163,31
339,164,159,31
338,165,163,28
347,164,155,30
351,164,158,30
353,164,160,29
357,161,162,30
364,163,155,28
366,160,153,29
371,160,153,28
372,160,155,28
373,158,156,30
372,161,162,29
374,157,161,31
377,159,160,30
378,161,161,29
382,158,159,32
381,161,163,30
382,161,163,29
386,161,161,28
387,160,162,29
388,161,163,29
388,160,160,29
390,163,165,28
387,160,165,30
393,163,162,30
391,163,163,29
394,162,161,31
391,161,163,30
392,163,165,30
394,164,165,30
392,163,169,32
391,161,168,33
394,165,164,32
393,161,160,33
392,163,165,34
390,160,165,36
391,163,164,34
391,162,163,38
391,160,162,40
393,160,160,40
388,158,165,43
390,155,161,45
392,162,159,41
389,157,161,46
390,156,162,45
391,154,161,49
392,154,159,47
392,156,161,46
391,157,162,48
388,154,160,47
390,155,162,48
387,153,161,47
387,154,161,46
390,151,163,51
389,149,159,54
391,147,158,52
388,144,158,55
386,143,160,53
389,143,155,52
387,141,156,53
384,141,158,54
385,142,157,51
381,141,160,53
385,139,154,52
380,139,157,54
381,138,156,55
382,138,158,56
380,138,153,54
379,136,157,56
373,136,163,57
380,133,154,60
377,135,153,59
378,134,151,60
374,134,156,61
375,134,151,62
373,131,152,66
371,132,154,65
373,132,153,67
372,135,149,68
371,137,151,66
371,132,155,70
372,133,155,68
370,133,156,70
374,130,151,72
374,131,148,71
373,132,150,69
369,130,154,73
373,132,151,72
374,133,146,72
376,131,147,73
375,130,148,77
373,127,153,82
381,128,147,82
380,132,143,75
385,128,141,79
383,130,145,78
385,126,146,82
380,126,150,86
389,128,142,82
386,129,142,85
388,125,145,86
392,126,140,89
393,123,142,89
392,123,142,89
395,123,139,83
399,120,136,89
399,118,136,90
397,120,135,87
400,116,135,88
398,118,135,88
398,117,135,83
398,119,134,85
400,115,132,89
399,114,134,86
402,114,129,91
401,115,130,88
403,114,127,92
403,115,129,89
403,112,126,92
401,113,128,90
401,112,129,95
400,112,129,90
401,114,125,90
405,114,122,90
402,112,123,93
401,112,124,95
403,110,124,98
400,111,127,93
400,111,125,97
403,110,118,95
403,109,113,94
406,108,109,98
408,109,108,97
407,107,109,102
404,106,113,99
408,105,108,103
410,105,107,100
409,105,109,98
408,104,109,105
408,104,108,104
408,101,107,107
408,103,112,103
408,102,104,103
411,100,101,107
413,99,100,108
416,97,97,107
414,95,95,111
416,94,95,111
418,93,90,111
418,92,91,111
421,91,86,112
420,91,88,115
423,92,85,117
424,92,84,112
424,91,83,112
423,91,82,116
425,88,79,118
427,91,80,112
429,91,76,110
427,87,75,114
427,87,77,114
427,86,76,113
427,87,75,117
431,88,70,114
429,84,71,119
436,85,61,118
433,84,58,118
431,85,61,119
433,85,53,122
433,85,51,122
433,86,50,119
431,88,50,120
432,87,44,121
432,87,43,123
432,88,40,122
431,88,37,121
431,88,35,121
430,89,36,124
428,93,37,121
425,91,38,123
425,94,38,122
421,93,44,123
421,92,44,124
419,92,45,121
419,94,46,123
419,95,49,124
417,95,49,122
418,95,49,122
416,94,48,122
415,93,52,124
417,96,48,122
415,96,54,122
416,93,51,122
414,95,53,123
412,96,57,125
413,94,55,122
411,95,57,121
410,95,59,124
407,92,64,123
408,95,66,123
405,96,65,122
405,94,70,125
402,97,72,124
409,92,59,121
408,93,60,124
406,95,63,126
407,93,60,122
408,94,64,123
403,98,67,121
396,94,73,120
409,96,61,123
400,96,69,124
395,98,78,123
394,99,82,119
389,100,85,117
393,99,82,120
397,100,77,120
391,98,84,120
392,98,79,118
392,99,82,118
388,97,87,118
385,100,96,114
382,101,97,116
383,99,95,116
383,100,96,115
382,98,98,119
380,98,96,120
380,99,99,116
385,96,93,120
384,96,94,123
383,96,96,121
380,97,99,118
378,96,99,122
383,94,93,119
381,94,95,119
383,93,91,120
382,90,91,127
379,90,92,123
380,87,92,129
386,84,86,122
386,84,84,122
384,84,89,124
377,83,94,129
384,85,87,129
381,86,92,128
379,84,94,127
379,84,94,127
381,85,94,126
380,85,95,133
379,86,97,123
379,85,96,128
381,84,94,128
380,86,95,116
382,83,94,126
381,82,95,125
380,81,96,128
381,81,95,131
377,82,101,127
377,83,97,128
388,82,89,122
389,80,89,121
383,83,95,123
383,82,94,126
384,80,95,132
381,81,99,125
385,81,95,124
382,80,100,125
381,80,99,129
383,82,100,120
382,85,100,122
384,85,101,119
385,85,99,118
388,85,96,123
385,86,100,124
384,85,101,122
380,86,105,122
387,86,98,116
383,87,104,122
382,88,108,113
381,88,107,116
385,89,103,117
385,87,101,117
388,87,99,115
386,86,100,118
388,86,99,120
384,86,103,115
385,88,102,117
389,85,98,118
388,87,99,122
385,85,101,121
387,87,99,118
386,89,101,118
386,89,99,118
387,86,98,118
384,91,103,114
388,88,96,118
384,88,101,119
385,89,98,118
385,86,97,124
386,86,98,126
390,87,91,113
389,87,93,113
387,87,96,115
387,86,96,115
389,89,94,111
389,89,95,111
392,90,93,111
384,87,101,114
388,85,96,115
389,89,100,113
387,87,100,111
389,86,97,113
392,88,94,108
391,91,95,103
387,89,100,111
383,89,104,110
385,90,104,108
387,87,102,110
386,92,101,99
388,93,99,101
392,92,96,105
389,89,97,107
394,93,93,98
389,93,100,106
393,93,94,103
389,93,99,103
391,92,99,103
388,93,99,101
387,92,104,111
382,95,109,101
382,95,110,104
379,94,112,106
383,96,109,103
382,95,110,101
382,97,113,94
380,97,114,98
379,97,114,94
381,97,114,92
377,98,116,95
383,97,110,96
376,97,116,96
371,99,122,92
380,100,113,84
377,100,121,92
382,99,115,88
387,101,107,81
395,103,100,72
398,103,99,68
396,106,101,68
398,106,100,68
401,107,97,67
392,107,106,68
398,111,101,64
391,108,108,68
392,112,109,63
395,108,104,64
390,113,112,63
388,112,113,62
392,113,107,60
392,112,105,62
396,114,102,62
396,113,106,59
403,117,98,58
394,114,108,61
392,115,107,61
397,117,104,56
397,120,106,56
395,121,104,55
405,120,96,54
394,121,106,56
409,123,93,52
394,119,109,59
401,122,104,55
399,124,104,52
399,125,104,50
394,127,110,51
392,125,111,53
400,127,104,52
391,127,111,51
396,127,108,51
396,128,108,52
395,132,109,48
400,134,102,47
392,138,109,46
401,143,102,42
398,146,101,42
406,149,92,40
404,151,91,42
399,149,96,45
400,154,95,42
401,154,91,42
404,154,89,43
400,151,92,49
398,156,92,43
396,157,93,41
392,155,90,51
381,152,99,48
378,150,103,45
365,147,110,53
366,147,105,54
358,149,111,41
354,148,109,38
351,147,113,42
353,149,106,48
377,159,85,47
386,166,73,40
379,169,75,45
372,177,75,48
372,177,75,48
362,177,81,56
330,170,83,68
330,170,83,68
320,168,91,86
315,181,94,86
277,152,115,85
269,127,110,95
270,126,108,112
268,146,114,120
270,136,111,135
271,118,119,152
285,140,97,172
281,131,98,169
286,144,94,199
287,130,92,229
282,133,103,224
284,137,92,225
285,142,100,215
286,149,102,211
286,170,97,187
285,154,94,206
288,179,81,193
288,179,81,193
284,160,86,194
283,164,95,187
