220,112,159,123
223,104,153,134
226,96,143,138
227,94,142,141
218,88,143,147
235,89,130,149
226,88,139,154
234,86,128,157
241,79,131,160
234,82,141,162
229,85,153,155
229,89,158,152
235,90,150,152
241,102,148,147
244,107,143,132
257,125,139,115
245,132,147,109
250,142,142,102
230,156,152,94
223,164,157,84
219,171,160,77
222,176,153,76
221,178,144,77
221,183,139,73
224,182,131,79
221,179,128,82
226,177,120,77
226,177,120,77
229,163,111,88
229,163,111,88
234,157,121,95
234,157,121,95
225,155,130,88
229,161,145,85
229,161,145,85
240,171,146,69
240,171,146,69
261,200,131,57
261,200,131,57
261,200,131,57
261,200,131,57
261,200,131,57
261,200,131,57
254,204,144,80
261,185,139,98
262,181,131,98
266,182,127,84
262,182,129,80
256,185,132,70
259,183,126,66
263,177,115,66
255,171,120,69
256,164,116,72
255,162,121,73
255,155,120,90
252,159,120,91
251,153,121,93
251,150,123,94
250,158,122,90
251,156,115,93
254,160,110,87
251,160,104,89
246,158,103,89
241,157,118,90
238,153,126,79
209,157,134,72
216,154,150,82
211,151,151,82
206,141,160,91
213,132,149,103
214,129,149,105
211,128,142,112
211,123,152,122
213,122,153,116
209,126,153,115
207,123,154,120
210,124,154,115
209,124,155,116
207,128,159,111
206,134,166,98
206,130,165,108
209,134,175,103
206,139,184,98
203,144,197,95
198,149,196,88
201,153,210,83
198,155,216,78
196,166,221,66
195,166,227,68
194,171,227,56
192,177,233,50
190,180,239,48
189,185,241,50
191,188,238,47
191,186,246,54
194,189,249,50
192,193,250,46
194,194,249,48
197,188,242,54
200,193,241,54
195,187,239,57
200,193,238,49
194,194,240,54
194,191,232,60
190,193,232,64
190,189,225,62
191,184,225,72
188,179,219,80
198,174,211,84
191,176,212,86
195,178,207,84
202,178,201,91
204,177,198,94
206,172,188,101
209,175,184,99
214,165,174,106
215,170,172,105
216,172,166,99
214,173,162,92
219,177,158,85
220,179,156,81
220,178,158,79
227,178,150,77
226,179,153,76
221,179,158,76
220,180,157,73
213,180,159,60
215,180,162,62
214,182,161,56
214,183,163,55
211,182,164,58
214,184,167,61
211,186,165,58
213,186,165,59
213,184,167,60
212,186,164,62
214,184,164,67
211,190,164,63
209,197,166,57
205,197,170,61
206,208,170,51
226,214,148,52
239,215,136,48
249,213,132,52
269,213,113,53
238,152,136,65
264,217,133,51
264,218,134,49
258,217,123,48
257,217,118,47
249,220,130,47
245,219,141,53
247,219,147,55
243,218,159,54
243,219,169,56
235,219,177,52
244,223,172,49
242,222,178,48
230,220,189,47
217,223,210,49
207,218,212,46
211,224,225,46
204,223,221,46
211,226,225,50
213,222,220,54
213,225,225,55
215,225,234,59
214,226,232,59
210,233,236,52
220,233,230,60
216,232,232,63
221,231,224,67
223,236,223,65
226,236,221,65
224,237,224,66
217,235,231,66
225,233,222,72
218,230,232,66
223,232,228,63
221,234,234,56
225,233,228,55
233,229,219,60
220,230,228,57
218,227,236,63
225,224,228,64
227,229,235,59
228,233,225,53
229,234,226,50
226,238,225,43
226,240,225,45
225,238,230,46
222,241,230,43
225,238,230,42
223,238,231,44
220,236,226,46
218,236,229,45
216,235,234,45
212,235,240,45
217,235,231,45
211,238,239,44
207,229,255,53
197,225,261,57
209,232,242,55
205,232,251,47
204,229,250,44
207,236,250,49
206,238,251,46
211,234,243,46
220,238,237,52
213,236,234,49
221,241,238,51
218,237,226,49
226,237,227,53
224,236,220,51
231,237,217,46
231,233,214,49
226,229,215,52
231,229,209,49
235,225,204,51
232,225,200,51
244,221,190,53
249,222,181,52
251,221,179,53
261,225,167,52
265,223,165,51
270,225,158,50
264,222,165,52
263,221,164,52
273,218,152,53
258,214,168,54
258,215,168,55
265,212,161,58
264,209,159,61
270,205,153,68
270,206,149,69
272,201,145,72
273,198,141,80
265,194,147,87
273,207,137,81
257,199,148,89
244,201,153,86
252,200,140,88
246,210,141,82
244,204,138,81
249,211,128,79
256,204,119,85
251,209,120,83
257,207,112,80
252,216,109,75
247,221,116,71
254,221,108,60
240,225,117,55
242,232,113,52
242,232,113,52
242,232,113,52
231,249,118,47
231,249,118,47
231,249,118,47
231,249,118,47
231,249,118,47
231,249,118,47
231,249,118,47
270,224,101,52
279,215,90,63
295,191,75,71
295,191,75,71
295,191,75,71
295,191,75,71
299,199,68,85
294,190,74,101
276,196,93,114
270,202,99,123
267,196,107,129
262,194,115,125
265,205,121,111
275,210,110,100
272,216,117,90
270,216,122,85
272,200,122,99
272,214,126,79
279,217,118,71
279,215,119,73
281,216,119,74
278,219,117,69
279,217,120,75
272,216,130,75
269,221,134,72
266,217,140,70
265,219,141,77
260,215,144,89
259,210,144,96
273,223,129,92
277,216,126,102
285,219,123,108
249,201,142,120
244,193,161,133
245,199,154,133
236,202,162,143
227,205,171,144
229,200,169,153
225,201,173,150
225,218,172,136
235,211,162,142
231,208,168,149
226,217,170,141
230,212,166,149
224,217,176,143
225,220,174,137
227,216,168,147
223,211,167,146
226,213,161,146
228,216,156,138
228,214,154,144
223,215,167,145
226,214,163,144
225,219,162,140
226,215,153,142
223,220,148,140
224,224,169,135
220,219,172,136
220,218,179,142
218,228,182,128
227,236,182,118
232,234,179,126
236,234,178,127
240,235,171,123
247,236,168,124
246,231,172,130
247,230,169,127
248,228,158,126
245,236,175,122
252,230,161,123
248,234,167,124
247,220,160,134
245,225,150,131
247,229,143,128
241,223,149,136
247,224,143,139
227,222,158,135
242,225,130,133
243,217,123,135
257,223,109,130
273,238,99,117
255,230,92,128
260,227,91,133
286,223,63,132
283,227,61,129
296,243,46,114
292,239,51,115
280,242,62,114
282,228,59,127
286,216,58,137
271,220,71,136
272,213,69,145
270,209,74,150
273,202,75,155
260,193,85,161
248,192,96,162
255,191,92,165
265,187,83,168
287,171,61,183
281,170,71,188
261,178,91,180
270,171,81,186
270,166,80,193
271,165,79,200
253,161,98,200
260,171,91,192
263,170,87,194
247,151,97,209
276,176,73,174
268,171,82,184
259,164,80,185
258,172,94,183
226,161,122,194
228,176,133,175
214,177,145,181
208,151,158,201
204,131,157,218
205,130,160,218
207,116,151,227
209,119,152,220
216,117,140,221
217,129,139,214
210,120,152,210
208,119,155,218
206,117,150,216
216,123,145,219
204,113,157,228
212,120,153,224
209,110,154,225
205,114,160,219
206,113,161,234
205,116,159,224
217,116,141,204
222,118,139,208
254,121,113,212
241,117,124,209
221,114,136,216
206,114,159,214
217,113,149,208
206,113,159,202
204,113,160,205
200,111,161,208
202,114,162,187
204,114,161,184
205,113,159,178
202,115,163,187
203,115,154,176
207,120,156,171
202,117,157,180
207,118,156,181
207,114,158,181
204,113,160,185
200,111,159,168
206,113,156,145
203,116,163,130
204,116,165,139
203,114,168,145
207,139,147,141
207,113,153,162
210,111,159,161
206,111,159,164
211,111,156,164
210,115,160,156
207,119,158,146
209,125,157,146
204,121,166,149
209,119,157,153
207,118,160,150
212,116,155,149
210,121,159,145
207,121,161,147
208,120,158,147
208,118,160,145
208,118,156,148
208,112,163,152
212,117,157,148
214,119,155,146
216,123,156,143
210,120,162,142
215,120,154,145
209,116,157,147
212,118,158,143
207,116,161,143
208,113,163,141
208,113,161,138
207,113,162,140
206,97,169,156
210,115,161,140
207,124,160,122
213,117,164,132
208,123,162,128
207,120,164,127
207,129,172,114
209,128,164,113
210,124,162,116
214,120,165,121
213,124,157,122
215,121,162,121
209,118,165,121
210,121,162,117
205,120,171,115
205,120,175,116
204,121,181,110
201,121,185,107
197,107,183,119
193,104,185,119
193,63,177,149
192,53,185,162
193,51,192,165
186,52,205,162
189,56,205,155
188,71,211,141
187,69,213,146
190,73,221,138
180,81,233,125
188,91,227,107
188,105,223,92
188,109,223,87
188,116,229,79
182,124,231,75
185,131,230,66
189,134,232,63
184,148,234,51
186,151,241,54
176,154,247,53
190,157,238,58
176,150,243,63
195,136,236,87
201,132,229,96
205,130,226,104
208,131,222,104
212,123,221,111
193,121,235,118
187,119,245,133
200,118,225,146
219,121,204,149
201,119,218,152
171,118,243,151
169,111,236,164
167,112,235,175
167,113,228,179
178,113,212,181
165,112,219,185
180,108,199,193
179,103,200,214
176,100,190,216
178,108,190,209
181,109,186,209
178,112,192,220
182,118,190,225
201,117,167,234
193,113,177,227
193,120,180,228
198,118,171,228
200,117,172,230
196,116,170,240
202,116,163,233
195,114,171,236
204,116,164,239
195,114,159,216
193,121,154,209
202,117,158,189
204,125,156,148
205,126,160,141
205,127,163,142
202,128,165,137
204,133,164,134
199,156,167,111
201,161,170,99
201,166,174,97
202,168,172,92
199,169,174,85
197,170,179,82
200,169,182,81
200,165,188,81
202,164,189,80
201,162,190,79
204,162,185,80
202,163,184,73
207,164,183,73
202,168,191,67
200,176,186,60
198,176,185,55
205,185,177,48
204,184,180,43
205,186,182,42
206,183,188,45
211,183,189,51
206,179,189,49
205,179,194,50
199,177,196,50
202,173,202,63
201,175,209,80
209,172,191,84
200,171,195,85
226,172,177,90
231,172,171,95
239,193,160,76
246,194,157,75
260,199,144,67
270,186,133,83
248,173,143,97
269,178,137,95
243,164,162,106
246,168,163,104
253,171,159,102
252,164,152,106
257,175,154,103
236,160,179,113
249,158,167,122
238,129,171,143
250,156,164,118
246,142,158,131
234,125,164,149
263,129,149,154
259,149,156,142
235,130,162,150
244,127,143,155
252,127,140,168
267,126,129,186
260,123,129,194
267,132,125,194
267,135,122,191
262,132,121,201
266,140,125,200
267,134,120,212
267,138,120,209
270,145,119,201
263,147,125,200
262,147,122,205
261,156,127,194
229,135,147,218
232,136,152,216
207,121,170,224
210,116,162,233
208,113,168,234
206,111,173,238
208,124,180,229
208,114,182,238
210,125,183,230
206,114,171,229
211,115,158,231
215,122,156,220
205,118,163,226
209,121,155,227
205,113,163,235
205,115,163,212
195,116,168,178
205,116,162,172
209,121,157,156
210,123,155,151
199,115,163,167
206,123,158,153
224,136,141,163
250,190,117,165
217,121,145,156
267,213,179,138
232,212,218,132
215,204,227,152
197,205,246,146
209,203,231,145
209,195,221,160
198,144,194,170
207,118,167,198
204,119,155,188
206,115,158,180
205,120,156,173
205,117,157,167
206,120,153,175
206,119,157,184
205,117,160,201
205,121,163,216
204,117,162,234
204,124,157,229
204,123,164,237
203,119,166,234
202,115,164,240
209,121,154,226
203,119,166,233
206,121,163,230
212,123,155,231
206,123,159,232
218,126,149,229
210,117,154,230
217,123,151,227
214,118,149,224
219,123,152,229
210,112,153,236
200,118,166,227
207,119,160,229
205,115,159,181
203,117,162,146
196,115,167,119
208,144,164,78
269,30,165,96
215,161,155,121
224,138,143,140
220,121,144,164
218,122,146,151
205,115,152,151
217,118,146,140
212,119,152,127
216,170,150,104
185,13,152,130
180,112,171,128
192,115,161,154
206,115,138,118
216,123,139,119
219,120,137,135
215,118,143,146
223,117,140,147
218,117,146,143
220,117,151,150
221,115,147,151
225,117,147,150
229,120,150,150
227,116,149,159
231,115,150,153
229,116,148,141
232,117,144,145
224,120,145,144
217,122,149,132
211,120,146,144
200,123,156,143
189,126,155,142
172,123,161,144
248,194,128,152
261,205,115,149
270,196,102,160
284,189,74,160
293,179,64,174
296,176,57,175
299,173,51,172
301,168,47,167
298,168,47,159
293,167,48,157
291,168,49,148
293,168,44,143
288,171,45,134
285,171,48,134
