313,155,44,54
309,154,50,57
310,154,50,56
310,156,50,53
307,155,52,54
309,155,51,53
311,156,50,52
308,155,52,56
310,154,48,57
309,156,52,53
312,155,48,53
309,154,47,56
313,155,47,54
310,156,50,53
309,154,49,56
311,155,49,55
309,155,49,54
309,155,50,54
310,154,52,58
308,154,50,56
310,155,52,55
308,155,50,55
311,156,48,54
309,156,51,51
310,155,50,54
312,154,47,53
309,154,49,57
311,155,48,55
310,154,48,56
311,156,49,51
309,156,50,52
309,154,50,56
311,157,50,52
311,156,48,53
309,156,50,54
309,156,50,56
311,157,48,52
311,158,46,52
309,157,49,57
310,158,48,55
310,158,49,57
309,159,49,55
309,161,49,53
309,160,51,54
310,162,50,52
310,161,49,54
311,161,48,54
312,162,44,51
310,162,49,54
311,161,47,56
311,165,46,48
308,164,51,53
310,163,50,55
310,165,50,52
310,164,48,55
310,165,48,55
310,165,48,52
310,166,47,55
308,166,52,54
308,167,51,55
308,166,50,56
309,168,48,53
311,165,47,58
309,167,48,56
309,169,49,55
309,169,49,54
311,170,47,53
309,169,49,57
309,169,50,56
309,171,49,54
311,171,47,54
311,172,48,54
309,172,50,55
309,173,52,54
309,171,49,60
309,174,51,56
309,175,49,54
310,173,48,57
308,174,52,58
309,174,50,58
309,176,50,56
309,176,48,57
310,175,47,56
311,176,49,57
309,176,47,58
309,177,48,55
310,178,48,56
309,179,48,57
310,179,49,58
310,180,46,53
309,180,47,54
312,179,45,55
311,180,46,57
309,182,49,54
311,181,46,55
311,181,48,56
310,182,47,55
310,181,48,56
313,182,45,56
310,182,48,58
309,180,50,60
310,184,47,55
310,185,49,55
310,185,48,55
310,184,47,55
310,185,47,57
311,186,47,55
310,187,48,54
311,187,46,53
311,187,47,56
310,187,46,55
311,187,47,57
311,188,46,55
312,189,45,55
310,188,49,58
310,188,49,56
309,190,48,56
310,190,49,55
309,191,49,56
310,191,47,55
311,193,47,54
311,193,47,54
313,192,45,56
311,193,48,54
311,194,48,55
311,194,45,54
311,194,47,57
311,195,46,53
313,194,45,56
311,195,45,55
311,196,45,55
311,197,46,54
310,196,47,56
309,196,48,58
310,195,48,59
310,196,49,59
309,195,48,58
308,197,50,57
310,196,48,56
311,197,45,55
310,197,48,56
309,197,49,56
308,195,48,58
309,197,48,56
310,197,48,55
310,196,48,57
309,197,48,56
309,196,49,58
308,196,49,59
308,198,51,55
309,196,47,57
310,196,47,58
308,197,48,55
310,196,47,58
309,194,48,59
310,196,47,57
310,196,49,56
309,196,48,57
311,196,47,57
309,196,47,59
309,196,50,57
308,196,49,59
310,196,48,56
308,197,49,57
308,196,50,56
311,197,48,56
310,198,48,54
310,197,45,57
310,198,47,57
310,198,48,56
311,199,46,56
310,197,44,59
309,199,46,58
312,200,48,59
309,202,48,57
309,203,49,57
311,204,43,55
313,204,44,58
309,206,47,57
312,206,47,57
310,209,48,55
312,209,45,56
312,209,45,58
311,209,45,58
312,211,48,58
311,212,45,58
310,213,47,57
309,215,47,55
309,214,48,59
310,215,48,59
310,215,46,60
313,216,45,59
312,217,44,58
311,220,45,57
311,219,47,58
310,220,45,59
312,220,46,57
311,220,44,57
311,220,48,57
309,220,47,60
311,220,49,59
310,220,44,58
311,218,47,61
308,218,48,60
313,220,46,57
310,219,46,59
312,221,47,57
314,218,47,60
314,220,45,59
315,219,46,60
316,218,48,63
318,219,47,60
318,222,47,58
319,220,47,59
318,218,48,62
320,218,49,61
321,222,47,57
324,221,46,57
324,221,46,57
323,220,48,59
327,220,47,59
327,222,45,56
328,222,46,57
329,221,47,59
331,222,48,58
330,220,47,58
333,222,47,56
331,222,47,56
334,221,48,60
332,221,49,58
337,222,48,60
334,220,47,59
339,220,45,60
337,221,49,58
339,221,50,60
340,223,47,57
340,222,50,58
341,221,46,57
344,222,48,59
344,221,45,57
343,221,51,58
347,221,48,56
345,223,49,54
349,221,44,55
350,221,46,57
350,222,46,55
350,222,46,55
351,220,46,59
353,222,47,56
353,222,48,56
353,221,49,57
356,222,49,56
356,221,48,56
357,222,50,56
356,221,49,57
358,221,50,58
359,221,48,56
359,222,50,56
363,221,48,57
360,221,49,57
365,220,48,58
363,221,49,58
365,222,51,56
364,222,49,55
366,223,49,55
366,222,51,56
369,222,49,55
370,221,51,57
370,221,49,57
370,221,52,57
372,222,51,56
372,221,50,56
375,222,48,54
375,223,49,54
376,223,51,56
378,220,49,59
377,222,48,56
380,223,51,55
379,221,49,58
380,220,46,57
377,222,52,59
379,222,48,54
379,222,50,57
380,222,47,55
378,221,49,57
380,222,50,57
377,221,53,57
380,221,49,60
378,222,48,55
380,223,49,55
379,222,49,56
380,221,49,56
379,222,47,55
381,221,47,57
378,222,51,55
378,221,52,57
378,221,50,57
379,221,50,54
379,221,48,56
375,222,55,55
379,222,50,55
379,222,49,55
378,223,50,53
380,222,49,55
379,221,48,55
380,221,49,56
379,222,49,55
379,222,49,55
378,222,51,55
379,221,48,55
379,223,51,53
380,223,47,51
379,221,49,52
379,222,51,55
380,221,49,54
376,220,54,58
375,220,54,55
377,222,53,53
377,222,51,54
377,223,53,53
378,221,51,55
378,220,51,55
377,222,52,53
376,221,53,53
376,220,52,55
380,221,49,53
377,221,50,53
377,221,52,53
376,222,52,51
375,220,52,53
380,220,50,55
377,220,51,55
377,222,52,52
376,219,52,56
379,220,50,54
378,221,49,51
380,222,48,51
377,220,50,53
376,222,54,54
377,221,50,51
376,220,54,55
375,220,55,55
378,220,50,54
375,221,54,54
376,220,53,56
374,221,55,52
377,220,51,56
377,221,51,53
377,220,50,55
378,220,50,55
378,219,47,55
376,221,51,54
374,220,54,55
376,221,49,52
373,222,52,51
373,219,50,56
375,220,47,53
373,221,47,51
368,220,52,54
371,220,48,54
371,220,45,53
369,220,49,54
366,221,50,53
367,221,48,53
365,220,49,53
364,220,51,53
362,218,50,56
365,221,48,53
361,219,50,55
360,220,49,55
361,219,49,56
359,220,49,55
357,219,49,57
354,221,54,54
356,219,50,55
353,219,52,56
353,219,51,56
353,221,50,52
352,219,49,56
351,219,48,54
350,220,49,53
351,220,45,52
350,220,49,53
347,219,48,54
349,219,48,53
347,220,50,54
346,221,49,53
347,221,49,53
344,223,48,53
344,222,50,54
342,223,51,54
341,224,50,54
340,225,53,55
340,225,52,55
342,224,47,54
341,227,49,54
339,227,51,55
337,226,52,57
340,228,47,55
339,228,48,55
336,227,49,58
339,229,48,57
336,229,49,57
335,230,50,58
333,231,49,54
336,232,49,56
334,232,47,55
333,233,48,55
331,233,51,57
331,235,49,55
331,234,47,56
331,235,49,56
330,235,47,57
331,236,46,54
328,235,47,58
327,237,48,58
326,237,48,57
329,239,47,57
326,239,47,57
324,239,52,61
325,241,50,57
324,241,47,56
324,241,47,59
322,242,47,57
322,242,49,58
321,244,48,57
320,245,49,56
321,244,48,59
320,246,46,56
320,246,46,57
318,247,47,58
318,247,47,56
317,246,47,57
315,246,50,58
315,246,47,58
316,248,48,56
314,246,46,58
313,247,48,58
313,246,49,59
315,247,47,57
313,248,47,56
313,246,49,57
315,245,47,59
314,247,49,57
314,247,46,56
314,246,47,58
312,248,51,56
312,247,50,57
313,248,47,55
312,246,49,59
313,247,51,57
312,247,50,57
312,248,52,57
312,247,49,56
315,247,46,56
314,245,47,59
313,246,48,58
312,247,50,58
313,248,48,57
313,247,48,57
315,246,45,58
314,246,47,58
314,246,46,58
314,245,46,58
312,246,48,59
312,248,50,56
312,246,48,58
311,246,49,60
312,246,49,60
309,246,49,59
311,246,50,61
313,244,46,60
312,247,48,57
310,246,46,58
312,247,48,57
311,246,47,58
310,248,48,55
310,246,47,58
312,247,48,59
311,247,47,56
311,247,46,57
312,246,46,57
311,248,46,55
311,247,46,57
311,247,47,57
311,247,48,57
310,248,48,54
311,248,47,55
310,248,47,55
310,247,47,57
310,248,47,56
310,247,50,58
312,248,47,56
312,247,46,56
312,247,45,57
314,247,47,57
314,246,48,58
315,246,46,58
317,247,46,56
318,247,45,55
319,246,46,55
321,247,43,55
320,245,46,57
321,247,48,56
323,247,47,57
321,245,50,59
323,247,48,54
324,245,47,58
326,245,45,58
327,246,46,56
326,245,48,57
327,246,48,57
328,245,48,58
330,245,48,58
330,245,48,58
331,245,48,56
333,245,47,58
332,246,47,55
333,246,48,55
335,245,48,57
336,246,47,57
336,245,49,55
336,247,50,54
338,245,48,55
338,247,49,55
340,245,48,56
340,246,50,56
341,246,47,56
343,245,48,56
342,245,47,57
344,245,49,57
344,246,49,56
344,245,50,56
344,246,53,56
347,246,51,57
346,245,52,57
347,245,50,56
348,246,53,57
348,245,50,58
349,246,53,56
351,245,47,55
351,245,52,58
351,246,50,55
350,245,50,56
352,245,48,55
351,245,51,56
351,245,49,56
351,246,53,56
349,244,54,57
351,246,50,55
351,246,49,55
351,245,50,56
350,246,54,57
352,245,48,55
349,246,50,56
353,245,50,57
352,245,48,57
350,244,50,58
351,245,51,56
351,245,50,56
351,246,51,56
351,247,50,54
351,246,52,55
352,245,49,56
352,245,50,56
351,246,50,54
353,247,52,56
352,247,47,53
354,248,50,54
353,247,48,54
354,246,52,57
355,247,46,54
356,246,47,55
354,247,49,55
354,248,50,55
356,247,49,55
356,248,47,53
357,249,48,53
356,248,48,54
358,249,49,53
357,248,50,54
357,249,49,53
358,248,47,55
358,248,48,54
359,249,49,54
359,249,49,55
360,250,48,53
359,249,50,55
360,249,50,54
360,248,46,56
361,250,49,54
359,249,48,55
361,249,50,56
360,249,49,55
363,250,49,55
362,249,49,56
363,249,46,56
361,250,49,55
363,251,48,54
363,251,46,53
364,252,48,52
363,251,48,52
364,251,49,55
364,251,48,53
364,250,50,55
365,250,47,55
365,252,49,55
365,251,47,54
365,252,47,52
368,252,47,54
365,252,48,55
366,251,50,55
365,251,49,56
364,251,50,54
366,251,48,56
366,253,49,53
364,253,49,53
366,252,50,54
365,253,51,52
365,250,49,56
364,253,50,52
365,252,48,54
364,251,49,55
366,253,47,51
365,252,49,54
366,251,49,55
366,252,50,54
366,252,47,54
367,252,49,54
366,253,47,52
366,252,49,54
366,251,48,54
367,253,47,53
367,252,49,54
366,251,48,54
366,251,49,54
367,253,48,53
367,254,46,50
369,252,47,53
367,252,46,53
367,252,47,53
367,251,48,53
369,252,47,53
367,252,47,53
368,252,46,54
367,253,48,53
367,252,51,54
368,251,47,54
368,251,50,55
369,253,49,52
367,253,48,51
370,252,48,54
367,251,47,54
369,252,50,54
369,253,48,52
368,251,51,54
368,252,48,53
367,252,51,54
370,251,49,57
369,253,47,51
369,250,44,55
369,251,51,55
370,251,48,54
369,252,48,54
368,250,50,55
372,250,45,57
371,251,48,54
369,251,48,54
371,251,48,54
370,251,48,55
371,251,49,56
371,251,46,55
371,251,47,55
371,252,47,53
372,253,47,50
370,252,49,53
371,251,46,55
372,252,46,51
370,253,47,52
372,251,47,55
373,252,46,53
372,251,47,54
372,251,46,53
372,250,46,54
370,251,50,56
371,251,47,54
371,251,50,55
371,251,49,55
372,251,46,54
372,251,48,54
371,251,46,55
371,250,48,55
371,251,46,53
371,251,47,54
371,252,50,53
371,251,48,54
370,252,49,53
373,253,44,53
371,252,47,54
372,254,46,54
374,254,44,54
372,257,47,50
372,255,47,55
373,256,47,55
373,258,46,54
374,259,44,54
373,258,46,55
372,260,47,55
373,260,49,57
373,261,46,55
371,262,46,54
373,263,47,55
373,264,45,54
373,267,46,52
372,266,50,55
374,267,47,54
374,268,43,51
373,269,47,53
373,272,48,50
373,269,47,57
372,271,48,55
373,272,47,54
372,271,48,56
373,272,48,54
372,272,46,52
374,272,46,53
374,271,46,54
374,272,46,54
373,271,46,54
372,272,49,53
373,271,48,55
372,270,46,55
374,272,46,53
373,272,47,54
373,271,46,55
373,271,47,56
372,272,47,54
376,273,45,52
373,272,47,52
373,271,48,55
372,273,46,52
374,272,46,53
375,272,44,52
372,271,46,55
373,272,48,55
374,272,45,53
375,273,44,51
374,271,45,54
373,271,45,53
372,270,48,55
373,272,46,53
374,273,44,51
371,271,47,55
372,273,48,53
372,272,48,54
372,273,50,53
373,272,47,54
373,273,48,52
373,273,49,53
372,272,46,53
372,272,47,54
373,271,46,54
373,272,46,53
371,273,48,53
372,271,50,56
372,271,47,54
372,272,47,53
371,272,50,54
372,272,48,53
372,273,48,52
372,273,49,52
372,273,48,53
372,273,48,52
372,273,47,53
372,271,47,56
372,272,47,53
372,272,49,55
370,273,51,52
371,274,51,51
371,272,49,54
371,274,50,50
370,273,51,52
369,272,52,54
370,271,49,55
370,272,50,54
370,271,50,56
370,271,50,55
368,273,52,54
370,272,50,54
370,274,50,51
370,271,51,56
370,273,51,53
369,273,50,53
370,273,50,53
369,273,52,53
369,273,52,54
369,272,51,54
370,273,51,53
370,274,52,50
370,272,49,52
371,273,48,51
370,271,49,55
369,272,50,52
370,271,49,51
369,270,51,52
370,270,48,50
370,266,46,56
368,265,51,55
369,267,50,52
369,265,48,54
369,265,50,54
368,263,48,54
369,263,47,53
368,260,47,56
369,260,45,52
368,259,49,54
367,260,49,53
366,259,50,54
366,258,49,53
366,258,50,52
366,255,49,55
365,255,48,55
366,255,48,52
366,253,45,53
365,254,49,52
365,251,48,54
365,251,49,52
363,250,49,53
365,249,48,54
363,248,48,54
364,247,49,55
363,247,47,52
363,245,49,55
363,245,50,54
362,246,49,51
361,245,52,52
361,245,51,53
362,243,49,53
362,242,49,53
361,241,49,52
361,242,51,52
360,240,49,52
360,238,50,55
360,237,48,54
361,237,48,53
359,237,49,51
360,235,46,52
359,236,49,52
360,234,47,52
358,234,47,52
358,234,50,52
358,232,51,53
359,229,46,53
358,229,49,54
356,230,49,52
358,229,50,54
357,228,47,51
357,227,48,51
357,226,49,53
355,226,48,51
355,226,51,51
356,223,50,53
356,223,47,51
355,223,46,51
356,222,47,50
355,220,48,53
354,220,49,52
355,218,51,54
353,219,49,50
356,217,46,52
355,216,48,52
353,216,47,50
354,216,47,50
353,214,48,52
353,214,46,52
353,214,50,51
353,211,47,54
352,211,49,55
354,212,45,52
352,212,49,52
353,212,47,52
353,213,48,51
352,212,48,52
353,212,50,52
353,211,47,52
353,212,50,52
353,211,47,53
354,212,49,52
352,211,48,53
353,212,48,52
353,212,47,52
353,210,49,55
351,211,47,53
351,213,49,51
352,212,50,53
353,211,47,52
351,211,49,53
354,211,50,53
352,212,47,52
352,212,50,52
351,212,50,52
353,212,48,53
352,213,48,51
354,212,46,52
353,211,45,55
354,212,48,52
353,213,47,52
354,212,47,52
353,212,46,52
353,212,47,53
351,213,50,52
352,212,49,53
352,212,49,53
352,212,47,53
352,213,50,52
352,212,47,54
353,213,50,53
352,212,50,54
353,211,47,54
351,212,49,54
353,213,48,51
353,211,48,55
351,212,49,55
352,212,51,53
352,213,50,54
351,211,49,57
353,211,48,55
353,212,48,54
352,213,49,53
354,211,48,55
353,211,47,54
354,212,46,54
352,212,49,54
353,211,47,57
353,211,43,55
354,212,47,54
353,213,44,53
353,213,48,53
353,214,47,53
354,214,46,52
353,213,49,54
353,215,46,53
352,215,50,53
353,213,47,54
354,212,45,54
351,211,50,57
352,214,48,54
352,213,50,55
353,214,46,52
352,212,48,56
353,212,47,57
353,214,48,53
354,214,45,53
353,212,47,56
353,213,46,55
353,212,46,57
352,214,48,54
353,212,48,56
353,214,46,56
352,212,47,57
352,212,47,57
353,215,46,54
353,214,46,55
353,216,47,53
354,214,44,56
353,214,48,54
353,216,47,52
353,213,44,57
353,215,45,54
353,213,46,56
353,216,47,53
353,213,45,57
353,213,47,56
352,215,48,55
353,214,46,55
353,214,44,55
352,212,46,58
352,214,49,55
353,216,46,53
353,214,47,54
353,215,46,54
353,215,50,54
353,215,47,54
353,215,47,53
353,216,48,52
352,215,47,54
354,214,44,55
352,215,48,55
352,215,49,54
353,214,46,55
353,216,46,53
352,214,49,55
353,215,46,55
353,214,46,55
353,215,45,53
353,216,49,53
353,216,47,52
353,215,46,53
352,217,48,52
353,216,48,52
353,215,45,53
352,216,50,54
353,215,48,54
353,215,47,53
352,215,47,55
352,215,49,53
353,215,47,54
353,214,43,55
353,215,44,54
353,215,46,55
353,215,47,54
354,215,47,54
354,214,49,55
355,213,47,56
356,215,48,54
358,217,48,50
360,216,49,53
360,215,46,54
363,216,47,51
365,216,47,51
366,214,50,53
369,215,49,54
371,215,49,54
375,216,48,50
377,216,48,51
381,216,48,52
384,216,50,51
386,216,52,50
390,216,48,50
394,217,46,48
397,217,45,50
399,216,45,49
402,216,47,49
405,217,47,49
408,217,47,48
411,217,46,48
413,217,46,49
414,217,47,47
415,217,46,48
418,217,45,48
415,218,46,48
416,217,46,48
416,217,45,50
418,218,44,48
416,217,46,49
418,217,44,48
416,217,46,50
417,217,45,49
417,217,45,48
415,217,48,50
415,216,47,51
417,217,46,50
417,217,46,48
416,216,46,50
416,217,47,49
416,217,46,48
415,217,47,49
416,217,47,49
416,217,46,48
416,217,47,47
416,217,47,48
416,216,47,49
416,217,45,49
416,217,45,49
416,217,47,49
416,216,46,50
415,216,48,49
415,217,45,49
417,217,46,49
415,217,47,50
417,217,46,49
417,217,44,48
418,217,46,47
417,217,46,47
418,217,49,49
417,218,48,47
419,217,48,47
419,217,48,49
421,215,48,53
422,216,50,52
425,216,48,50
426,217,48,48
429,217,47,50
431,216,46,49
435,217,45,49
437,217,45,49
440,218,46,47
442,216,45,49
445,217,45,49
447,217,46,47
450,216,46,47
452,216,47,47
451,216,46,50
457,216,42,48
456,216,46,50
458,217,44,47
454,215,44,50
456,215,45,50
454,215,47,51
455,216,45,51
456,216,43,49
454,216,44,49
455,215,43,49
455,216,45,49
454,215,45,48
452,216,45,48
452,216,46,47
452,216,45,47
450,217,43,48
449,217,43,47
448,216,45,48
444,217,45,47
444,217,44,46
441,217,44,46
439,217,44,45
434,217,47,47
432,216,44,49
431,217,44,47
426,217,46,46
424,217,46,48
420,217,46,48
418,217,46,48
416,217,45,47
412,216,47,48
409,217,48,47
407,217,47,48
403,216,46,49
401,218,46,46
398,216,47,50
396,216,45,48
392,216,46,50
389,215,47,50
385,216,48,51
382,216,50,51
380,216,46,50
377,216,46,51
373,215,48,51
371,217,48,50
369,216,45,51
366,215,45,52
362,215,46,54
358,214,49,56
356,215,45,51
353,215,44,53
350,215,46,53
347,215,45,52
344,216,46,53
341,216,46,53
338,216,46,50
334,217,50,51
330,217,51,51
329,215,49,52
325,215,47,52
322,214,44,53
319,216,46,53
315,216,48,52
311,215,51,53
310,218,50,49
308,217,52,49
308,216,50,50
306,216,52,53
306,216,52,51
307,217,50,49
306,216,50,51
307,215,50,51
306,216,52,53
305,217,50,48
306,216,51,51
305,216,50,51
307,215,49,51
306,215,51,51
306,217,51,51
307,215,49,51
306,216,48,51
308,215,48,51
306,216,49,49
306,215,50,52
306,214,51,52
306,214,50,49
306,213,48,49
306,212,49,51
306,210,50,52
306,210,49,51
305,209,51,51
305,209,49,52
306,208,47,51
306,207,48,52
305,206,50,51
306,204,47,53
305,204,45,50
305,205,50,49
304,203,51,51
304,203,50,48
304,202,48,50
305,200,47,50
305,200,47,52
305,200,50,51
306,200,47,50
306,199,46,50
304,200,48,50
304,201,49,49
305,199,49,52
304,200,50,51
305,200,49,50
304,201,49,48
304,200,49,51
305,200,49,50
304,200,48,50
304,200,48,51
304,201,50,49
304,202,48,49
304,202,50,49
304,202,51,50
304,202,50,54
306,204,48,49
306,205,46,50
306,205,48,50
305,207,50,50
305,207,52,51
303,208,52,52
305,208,48,52
305,210,50,51
304,210,49,52
306,211,51,51
305,212,51,52
306,213,50,51
306,213,49,50
306,215,48,51
306,214,50,54
306,217,48,50
306,215,48,54
307,218,47,51
307,218,49,52
306,221,51,50
307,221,47,50
307,223,51,49
308,222,47,51
309,222,43,53
308,222,46,53
309,223,46,54
308,223,45,52
308,222,48,54
308,222,47,54
308,222,46,55
308,221,45,56
307,224,47,52
308,222,46,53
307,222,44,53
308,222,46,54
308,223,48,53
307,223,50,54
309,222,47,53
308,223,48,55
309,223,47,53
308,222,46,55
310,221,46,56
309,222,46,55
309,221,47,56
310,222,47,55
310,222,47,55
311,222,45,54
310,222,46,54
311,222,47,55
311,221,45,57
311,222,46,55
311,222,48,56
311,220,44,57
313,221,45,58
312,221,42,57
313,222,46,55
311,222,45,55
313,222,45,55
313,221,43,56
314,220,41,57
313,221,43,56
314,220,45,56
314,221,42,56
314,221,44,56
314,221,43,56
313,220,45,56
313,221,45,56
315,220,44,56
316,219,44,59
315,221,45,57
312,222,48,55
314,222,45,55
313,221,46,57
316,222,45,55
315,221,45,56
317,223,43,54
316,222,43,56
316,222,45,57
317,222,43,55
316,223,45,55
316,223,44,55
317,224,45,54
315,223,47,54
317,222,44,56
317,224,46,54
318,223,44,56
315,222,47,57
317,222,44,56
317,223,44,55
318,223,44,54
318,223,43,55
318,223,44,54
318,223,43,56
319,222,42,55
318,223,45,56
316,223,44,55
318,223,45,56
319,223,43,54
318,224,44,54
318,225,43,54
316,223,46,55
316,223,43,55
318,224,44,54
316,223,46,55
318,224,43,53
317,223,44,55
318,222,44,56
317,223,43,54
318,222,43,55
316,222,45,57
319,223,43,55
317,222,44,56
319,224,43,53
318,225,42,53
318,223,42,54
317,223,44,55
315,223,45,54
317,221,44,55
315,221,44,56
316,220,44,58
317,220,42,55
317,218,41,54
316,218,43,53
314,216,43,54
315,215,43,56
312,215,45,56
312,214,45,56
311,212,46,57
314,210,40,57
312,211,44,54
312,211,44,54
314,210,45,53
312,208,41,53
313,207,43,53
310,207,43,53
312,207,45,53
309,207,45,52
310,207,46,53
310,206,44,54
311,207,45,53
310,207,44,52
309,208,48,52
311,207,46,52
309,209,46,50
311,207,45,53
311,207,44,53
309,207,46,53
311,207,44,53
309,208,44,50
311,206,47,54
309,207,46,53
311,206,45,54
309,206,46,53
310,208,42,51
312,207,44,52
311,207,43,52
310,208,46,51
310,207,44,52
310,208,47,51
309,207,45,52
311,207,46,53
310,206,44,54
312,207,45,52
311,206,44,54
311,207,46,53
310,206,44,53
310,207,47,55
310,205,45,56
309,208,46,50
312,207,45,51
310,206,44,54
310,208,46,52
310,210,46,52
310,209,45,53
309,209,46,55
310,211,45,52
310,209,45,58
310,212,45,54
308,212,47,56
310,210,48,58
309,212,45,58
310,216,46,55
310,215,45,56
310,215,46,56
309,218,45,56
309,219,48,56
309,221,47,54
308,220,48,57
309,222,48,55
309,223,48,55
309,224,47,54
310,225,47,52
310,226,45,53
309,229,50,49
308,229,48,52
309,231,52,48
309,232,49,49
310,233,49,47
309,233,49,47
309,233,47,47
309,233,47,48
309,232,47,49
309,231,51,50
309,232,47,49
309,231,48,49
309,232,48,48
309,232,50,49
308,232,51,48
309,232,49,49
309,232,51,49
309,231,49,50
309,232,48,49
309,232,49,48
309,232,49,50
308,232,49,48
309,233,50,46
308,234,48,46
309,233,51,47
309,234,49,46
308,233,50,48
309,232,45,47
308,232,49,49
306,233,50,48
306,233,48,48
305,232,47,47
304,233,49,48
302,233,49,48
300,232,48,48
298,233,50,48
295,233,51,47
292,232,49,48
289,233,51,47
286,232,51,49
283,233,51,46
279,233,52,48
277,233,52,47
273,233,52,46
270,232,51,46
266,232,51,47
263,232,53,47
261,234,51,45
258,232,49,45
255,232,46,43
252,232,46,44
249,232,41,44
246,233,40,42
243,231,39,44
238,232,41,44
236,231,40,44
233,231,40,45
230,232,41,44
229,232,40,43
228,231,40,45
226,232,41,43
225,232,40,42
226,232,39,43
226,231,40,44
226,232,40,43
226,231,40,43
226,232,41,43
225,231,41,45
225,231,41,45
227,232,39,42
225,231,39,43
227,231,40,44
225,231,42,45
226,231,41,43
225,232,39,44
226,231,40,44
225,231,40,44
226,231,40,44
226,231,40,44
226,231,40,46
227,232,40,41
226,231,40,43
225,232,40,42
226,231,39,44
226,232,40,42
226,231,41,43
226,230,40,47
225,232,41,42
226,231,40,44
226,231,40,43
226,230,39,46
226,231,40,44
226,231,40,44
225,231,40,43
226,231,40,43
225,232,39,43
227,231,39,42
226,232,41,43
225,231,41,44
226,231,41,44
225,230,41,47
225,231,41,45
225,232,41,45
226,231,41,44
225,231,39,44
226,231,40,45
225,232,40,43
226,231,39,44
226,231,40,44
226,231,39,44
226,232,39,43
225,231,40,45
225,231,40,45
226,231,41,45
225,231,41,46
226,231,40,47
225,231,40,45
225,232,41,43
226,231,39,44
224,231,39,45
226,232,39,43
223,233,40,43
222,232,41,46
223,233,42,45
221,234,41,43
220,234,40,43
220,235,39,42
219,236,40,42
218,236,41,43
218,236,45,46
218,235,41,45
216,237,41,44
216,237,40,44
215,237,40,44
216,237,39,44
216,237,41,44
215,237,41,45
215,238,41,44
216,236,40,45
216,238,41,43
215,237,44,45
217,236,42,45
217,236,41,44
219,235,41,45
220,235,40,44
220,235,40,42
219,235,40,43
222,234,38,41
223,234,39,43
223,234,39,42
224,233,40,41
225,232,39,43
225,232,40,43
226,232,38,42
227,231,39,43
228,231,40,43
228,232,41,40
229,231,40,42
229,230,40,43
231,230,40,43
232,229,39,43
231,229,40,44
234,227,40,43
233,229,40,44
235,228,40,42
235,228,40,42
234,227,39,42
236,226,43,46
237,227,46,44
238,228,49,43
239,227,49,45
238,226,54,46
239,226,50,46
240,226,45,45
240,224,47,45
241,224,47,45
242,224,42,44
243,223,42,43
245,223,39,41
246,222,41,43
246,222,40,44
248,221,40,45
247,221,45,47
248,221,41,46
249,220,40,47
250,220,41,46
251,220,41,45
251,219,40,46
252,218,40,44
253,218,40,45
255,217,39,43
255,218,40,42
256,217,40,43
256,216,42,45
258,217,40,44
258,216,40,45
259,215,40,45
260,215,40,44
260,214,41,45
261,215,40,44
262,214,41,44
263,213,43,48
263,213,41,45
265,213,41,44
265,212,42,45
265,212,40,44
267,213,40,40
268,211,40,43
267,211,42,46
268,211,43,47
268,211,45,45
270,210,42,45
270,209,41,47
272,209,41,45
272,209,41,44
273,208,42,44
274,208,41,46
274,208,43,47
276,207,44,45
275,206,40,47
277,206,41,45
277,206,42,45
277,206,41,45
278,206,41,46
277,206,43,44
277,207,41,46
276,206,42,45
276,207,42,46
277,206,46,47
276,206,47,47
277,206,45,45
276,207,46,46
277,206,45,45
277,206,46,46
276,206,50,47
277,206,46,46
277,206,46,47
277,205,42,45
278,206,41,44
277,206,45,48
277,204,48,49
277,206,46,47
278,205,48,46
277,206,45,46
278,206,42,44
278,205,42,45
278,205,42,45
278,206,43,43
277,206,42,45
278,206,43,44
277,206,46,45
277,206,48,46
278,206,49,48
278,204,48,50
278,206,44,47
278,205,48,49
278,205,52,48
278,205,50,49
278,203,45,51
278,205,47,48
277,206,51,49
278,205,47,48
278,205,51,49
280,205,43,47
279,205,43,46
279,205,43,45
280,205,41,44
279,204,41,46
279,204,43,46
279,205,42,45
279,204,43,46
278,205,44,46
279,205,45,47
278,204,46,47
278,205,49,49
278,205,46,49
279,205,43,48
279,205,49,49
278,205,47,49
279,204,45,49
278,205,48,50
278,204,43,48
278,203,44,48
278,205,45,47
278,205,50,50
279,205,44,46
278,204,46,48
278,205,47,50
278,204,49,52
278,204,47,49
279,204,43,50
278,204,48,51
279,205,46,49
279,205,43,47
279,205,46,47
279,204,44,47
279,205,44,47
278,205,50,49
278,204,49,50
278,204,48,50
279,203,45,49
280,203,43,49
278,203,51,51
278,204,48,50
278,203,46,49
279,204,50,50
280,204,45,48
279,203,48,51
279,203,45,49
279,202,48,53
279,203,47,50
279,202,49,54
279,203,49,50
279,203,45,51
279,201,49,54
280,201,48,53
280,204,49,50
280,202,49,52
279,203,49,52
278,202,50,53
279,200,51,55
279,202,50,52
280,203,49,52
281,202,45,52
280,201,45,55
280,201,48,53
279,201,48,54
280,201,51,54
281,201,46,53
280,201,46,54
280,203,47,51
281,200,47,54
279,201,48,54
281,201,48,53
280,200,47,54
281,199,46,56
281,200,46,54
281,200,47,54
280,200,50,54
282,199,47,54
280,200,47,54
281,200,48,54
282,200,44,54
281,198,46,57
280,199,48,56
280,201,48,52
282,202,44,50
282,198,47,56
280,200,46,53
282,199,47,53
282,199,44,54
282,200,47,53
281,199,49,55
282,200,47,53
281,199,46,54
281,199,48,54
282,199,48,55
281,199,46,53
281,199,48,54
281,199,47,53
281,198,49,55
281,198,46,54
280,200,49,53
280,197,48,56
282,198,47,54
281,198,47,54
282,199,47,54
282,200,48,51
282,201,45,50
283,199,48,51
281,197,46,55
282,199,48,53
281,198,48,56
280,198,49,55
280,200,49,51
280,199,47,52
282,200,46,52
283,197,45,55
282,198,48,54
281,198,46,54
283,198,47,53
281,199,47,53
281,198,47,54
281,196,48,56
282,197,48,55
280,198,49,54
281,197,49,56
282,198,47,55
283,198,46,54
282,198,48,55
283,198,47,55
284,198,47,54
284,197,47,55
287,199,47,54
286,197,45,56
289,197,48,56
288,197,47,55
290,197,46,54
290,198,46,53
291,200,48,52
292,199,48,53
293,197,48,57
293,199,47,52
295,197,46,54
296,198,46,53
297,199,48,53
297,197,47,55
300,199,45,51
299,197,48,56
301,197,48,55
302,197,45,54
302,197,48,56
303,197,46,54
304,196,49,57
306,198,46,54
307,199,46,52
307,198,47,54
307,196,47,55
310,198,48,54
310,197,45,53
310,195,46,59
311,196,49,57
314,198,45,54
313,195,48,57
315,197,48,56
315,195,48,57
316,196,47,57
316,194,49,58
320,196,46,54
319,196,49,56
320,195,48,57
323,195,47,57
323,196,45,56
323,195,46,57
324,194,49,58
326,196,45,57
326,196,48,56
325,196,49,55
327,196,51,56
329,196,47,57
328,195,49,59
332,197,48,55
331,195,46,56
333,196,47,56
335,195,46,58
334,195,47,56
336,196,46,56
337,196,49,56
337,196,47,55
338,196,48,57
339,195,46,57
341,195,49,57
341,196,47,55
344,196,47,57
342,195,49,58
345,197,47,55
345,195,48,56
347,196,50,57
346,195,49,57
348,197,50,55
348,196,50,55
350,194,49,58
351,196,49,58
349,196,48,56
352,196,50,59
352,195,49,59
355,196,49,56
355,195,48,58
356,195,49,59
359,197,50,57
356,195,48,58
360,196,47,57
361,196,47,58
362,198,49,55
363,197,47,55
362,198,49,53
364,195,48,56
365,195,46,57
366,195,49,58
369,194,44,57
367,195,48,58
368,196,52,57
369,195,53,57
370,194,48,57
372,195,48,56
372,196,47,55
372,196,51,56
374,196,51,56
375,196,48,55
378,195,46,55
376,194,49,57
379,195,45,54
380,195,47,55
377,194,51,58
378,193,51,57
378,195,48,56
378,194,49,58
380,195,46,54
380,194,47,57
379,195,47,56
381,195,48,57
379,194,49,57
377,194,52,58
379,195,49,56
378,193,49,58
379,194,49,57
379,195,49,54
378,194,49,57
380,194,47,58
379,195,48,56
378,194,50,58
379,193,51,58
376,195,50,56
378,195,52,56
376,194,49,58
379,194,49,59
375,194,50,58
376,194,51,60
378,195,49,57
376,194,50,59
376,194,48,58
376,195,50,56
376,195,50,57
376,194,50,57
376,195,49,58
376,195,52,59
375,195,50,59
377,194,48,58
375,195,49,58
374,195,52,57
375,195,48,56
373,195,53,58
375,194,51,58
372,195,51,57
377,196,49,57
374,195,50,57
374,195,49,57
374,195,51,59
373,194,51,60
375,196,48,54
374,194,49,59
373,195,52,58
372,196,50,57
372,194,54,61
373,195,51,60
372,195,53,59
374,195,49,58
372,194,50,61
373,195,47,58
372,195,53,59
372,197,52,57
371,195,48,58
372,194,52,59
370,194,51,59
370,194,54,61
369,194,54,61
370,193,51,63
369,193,55,63
371,194,51,60
370,194,51,60
369,194,51,61
371,194,50,60
370,192,50,64
371,191,53,65
370,195,51,59
369,193,54,64
370,194,50,60
370,194,52,60
370,195,50,61
369,194,52,61
371,193,51,62
370,194,53,60
368,195,51,59
370,194,53,61
368,195,54,61
370,194,53,61
369,194,50,61
371,195,53,60
369,194,51,61
368,194,53,62
369,196,52,59
367,194,53,61
371,195,53,60
370,194,52,62
369,195,51,59
369,193,53,61
369,193,52,63
369,192,52,62
370,192,54,62
369,192,50,59
369,191,54,60
366,191,56,62
369,188,51,63
370,188,54,60
368,187,52,61
368,187,55,61
370,186,52,60
369,184,54,61
369,184,52,59
367,182,56,62
367,181,53,62
369,180,54,60
369,178,54,61
368,178,51,60
368,177,51,60
370,176,52,59
370,174,50,62
366,172,53,64
369,173,55,63
366,172,53,61
369,172,55,60
366,171,54,61
370,169,54,63
368,168,53,62
367,167,54,60
368,167,52,59
370,165,54,62
368,164,53,62
368,163,52,61
368,163,52,59
369,161,51,60
367,160,55,61
366,160,55,62
368,159,52,59
367,158,53,61
368,156,53,63
367,156,54,60
368,154,49,60
370,154,51,59
368,153,52,59
369,152,53,60
367,151,53,61
368,149,54,61
367,149,52,60
369,148,53,61
368,147,51,59
368,146,49,57
368,146,54,62
367,144,53,62
367,143,55,62
365,143,57,61
368,142,53,60
367,140,54,60
368,140,52,58
368,138,51,61
367,137,53,62
367,137,55,59
366,135,54,60
367,136,54,58
366,132,53,61
370,134,50,58
