96,69,136,153
91,59,139,167
89,72,138,150
92,61,133,162
84,66,144,156
85,60,140,166
81,60,148,164
85,64,145,159
81,66,145,157
80,68,143,156
79,72,147,149
81,68,143,155
81,61,143,166
82,60,144,167
77,64,142,166
82,62,145,169
78,64,145,169
77,61,150,171
78,68,139,165
76,65,149,168
77,62,142,174
72,60,143,180
72,63,151,174
74,66,147,170
70,71,145,166
77,71,143,168
73,71,142,168
75,70,138,173
71,67,137,179
71,77,143,165
74,80,142,158
69,81,139,158
76,75,140,168
74,78,131,163
67,80,141,161
65,83,145,159
68,78,140,164
67,77,139,165
60,78,142,165
67,76,139,166
62,77,139,163
62,82,135,158
59,74,141,168
64,77,133,165
63,76,136,165
60,79,136,161
61,81,133,159
61,75,138,168
61,78,134,164
63,74,137,167
64,74,130,165
67,73,130,165
64,68,134,167
67,67,135,164
62,72,137,155
65,72,135,149
70,59,133,158
70,56,130,159
73,53,128,155
77,46,129,157
73,42,133,159
76,37,130,158
75,44,129,142
82,33,127,149
83,31,124,149
76,42,135,128
79,32,138,138
85,21,131,146
85,15,130,151
87,10,132,153
92,9,132,147
89,5,136,148
94,3,130,147
94,9,132,134
94,9,132,130
96,10,130,130
99,10,125,127
101,10,126,128
102,15,124,118
103,9,119,128
100,11,126,129
99,10,128,134
101,12,124,136
100,14,124,136
99,14,129,140
99,13,127,145
99,11,130,154
96,15,129,157
95,28,132,149
97,31,129,154
89,38,138,154
89,45,137,152
92,49,131,157
86,54,132,163
92,61,133,162
93,58,126,176
92,62,125,179
92,69,120,177
91,78,121,170
91,83,119,166
89,80,120,170
94,79,114,169
88,84,116,163
88,82,118,161
85,76,121,169
78,71,129,176
86,75,126,167
79,74,130,171
80,76,135,168
80,76,135,172
81,78,135,169
87,74,136,176
87,75,138,177
88,83,142,176
94,78,139,188
100,89,147,181
102,91,182,180
110,90,171,185
120,95,162,182
124,86,153,195
136,92,148,192
135,90,145,194
144,106,139,173
149,104,135,179
157,100,130,191
156,102,137,180
157,107,135,168
147,106,143,184
146,105,149,167
138,102,156,176
133,101,160,174
129,98,156,186
118,98,136,200
117,108,124,191
114,102,122,194
113,94,121,205
111,86,119,209
111,69,121,225
103,75,132,219
101,71,132,222
98,70,136,222
98,73,132,218
98,79,127,212
95,82,126,211
91,80,129,209
85,82,139,209
89,82,136,205
88,75,134,217
90,78,131,212
92,79,128,211
93,80,124,210
90,82,129,202
95,82,124,206
93,88,126,193
97,89,126,203
94,92,128,197
99,96,132,194
98,99,128,195
106,99,127,198
105,101,128,195
112,105,124,194
113,106,125,195
112,105,126,194
116,109,120,191
119,105,116,200
122,110,110,194
128,107,107,192
130,109,108,194
131,112,106,191
134,122,103,175
132,128,111,169
132,132,121,161
135,130,120,164
139,138,112,155
140,148,116,144
164,50,132,140
154,48,136,143
148,49,131,156
141,47,129,165
134,57,130,150
119,53,142,151
107,59,136,151
97,55,132,164
86,60,132,163
78,56,133,173
67,69,138,158
63,72,130,164
58,74,131,163
57,77,126,162
50,81,133,161
59,83,118,155
64,88,111,152
60,81,120,164
60,83,116,159
61,88,118,155
59,89,120,156
61,85,123,157
68,86,120,154
76,91,115,145
82,84,114,153
87,87,116,148
92,81,116,153
101,85,114,149
105,88,115,147
113,87,116,152
120,87,116,163
123,99,116,154
129,97,116,169
138,106,112,163
142,114,113,159
147,113,113,160
150,117,112,160
152,122,115,151
153,133,117,144
158,131,114,144
160,131,113,144
161,129,117,146
161,132,116,144
158,129,121,149
157,132,121,142
161,133,118,136
158,132,120,144
156,133,124,141
155,134,119,137
159,129,117,147
159,131,113,149
158,131,112,142
151,137,121,139
148,133,121,139
157,133,111,143
151,131,110,149
152,131,110,142
148,135,109,142
148,136,113,138
146,130,105,148
143,136,109,140
143,134,109,145
141,135,112,143
140,130,110,148
141,134,107,142
139,131,107,145
141,131,107,147
140,135,107,141
140,129,108,149
141,136,107,141
140,139,110,139
139,138,115,143
140,136,109,143
138,136,108,146
136,136,114,145
136,132,108,150
140,134,106,144
136,133,107,146
136,135,108,142
137,133,104,144
136,135,108,135
130,136,117,134
135,132,114,135
136,133,119,131
136,133,120,130
136,130,126,132
137,131,127,128
144,132,124,127
149,131,123,126
165,131,106,124
169,125,105,132
172,126,106,126
177,126,103,126
175,127,110,125
180,131,104,121
179,131,108,120
189,134,99,119
197,131,93,124
201,138,85,117
205,140,80,116
207,141,78,117
205,147,80,110
209,152,76,105
208,155,75,106
204,160,81,108
209,164,70,115
207,170,70,109
208,172,69,106
209,170,65,107
208,169,67,104
209,169,66,100
206,167,71,107
203,168,74,100
203,166,76,103
202,167,75,100
201,168,79,102
197,168,81,105
196,169,80,110
196,171,83,112
195,171,80,109
197,172,81,108
197,172,81,108
199,171,80,110
199,174,81,110
198,173,83,109
197,172,83,111
199,172,82,112
200,171,80,111
200,170,82,111
200,168,81,112
199,168,85,111
201,165,82,113
201,165,84,111
203,161,84,111
203,158,85,105
202,153,86,114
205,150,84,111
206,149,84,109
203,147,91,110
206,143,87,115
209,141,83,117
211,138,83,119
212,134,82,122
214,132,81,123
216,131,78,126
217,131,76,125
219,134,74,122
218,135,75,120
220,128,73,126
219,130,73,125
219,125,75,132
220,129,71,128
218,125,73,132
216,128,75,129
214,129,76,128
210,132,80,122
207,134,82,126
206,134,83,127
202,138,87,119
201,144,86,99
200,152,85,113
191,149,92,124
180,148,102,136
170,154,111,136
159,150,117,142
156,152,117,140
157,152,111,145
155,153,107,142
152,152,109,137
151,149,116,141
149,150,121,138
149,149,121,136
149,149,123,133
151,142,130,133
156,138,126,128
172,132,112,132
187,126,97,135
191,117,99,138
200,104,93,154
203,95,104,156
206,84,105,168
213,84,96,165
213,76,100,177
220,73,89,189
220,69,106,192
220,62,104,199
218,62,112,201
216,56,116,208
217,55,116,206
215,57,119,205
215,50,119,214
216,46,118,216
208,41,129,227
213,38,123,221
211,42,127,220
209,36,132,220
210,31,127,233
211,29,127,234
212,31,123,233
210,33,124,232
209,36,121,227
213,43,116,216
211,50,113,213
212,52,113,207
214,60,106,191
212,68,98,191
214,73,89,187
213,73,92,186
212,72,89,185
214,69,87,187
214,60,87,195
204,86,101,173
207,79,95,181
204,112,81,187
204,124,83,152
196,144,93,127
194,149,95,120
187,152,100,125
192,151,94,131
189,155,101,121
185,150,101,130
194,151,96,123
194,151,95,123
205,148,85,104
209,139,82,114
212,134,81,122
214,129,76,126
213,122,79,131
213,114,81,141
216,89,81,146
218,77,94,147
219,73,102,159
217,70,106,158
231,61,92,176
229,52,94,195
225,41,107,214
221,35,113,226
222,31,115,229
219,26,124,234
220,23,124,240
219,23,129,243
217,22,131,249
219,19,128,255
225,25,122,243
219,37,131,228
218,41,133,224
213,43,138,225
215,53,133,214
218,64,127,199
216,73,124,192
222,84,113,180
226,89,104,171
228,93,100,166
226,83,97,175
225,76,90,178
224,70,88,190
222,74,99,187
216,117,89,151
218,132,71,141
214,146,76,128
209,146,80,128
202,146,86,126
199,144,88,128
202,144,86,112
197,143,93,116
198,139,91,124
205,136,85,116
205,132,87,121
204,129,90,126
209,127,84,130
209,122,88,134
217,121,79,134
220,115,77,141
224,111,73,146
227,114,73,144
232,110,69,146
232,110,82,144
236,114,89,135
232,112,99,137
225,105,96,143
218,105,115,143
213,103,128,149
212,103,129,154
209,103,144,156
206,100,135,156
213,103,137,153
204,106,145,150
206,105,127,149
206,109,138,143
205,109,134,143
207,109,136,146
205,110,140,142
199,104,127,151
199,100,101,157
203,100,84,154
198,102,86,159
202,103,82,158
201,105,85,154
204,108,85,150
205,113,84,146
209,116,82,147
208,124,80,149
208,132,80,154
207,144,82,146
208,153,77,127
206,157,81,122
205,165,82,123
207,170,78,108
206,175,80,86
201,180,85,85
210,179,75,70
208,180,77,69
207,180,80,74
208,180,80,76
206,180,80,87
203,178,85,85
203,179,84,81
203,178,86,80
204,180,86,74
206,178,82,77
201,179,87,87
201,179,89,76
204,179,84,73
204,187,83,73
205,178,84,82
203,181,83,91
205,176,83,76
205,178,86,72
205,173,86,76
210,166,79,82
205,162,85,89
209,159,80,92
209,159,82,90
210,157,81,91
211,157,83,97
209,149,84,108
210,146,82,113
212,141,80,113
211,139,77,111
212,136,80,112
213,130,77,123
212,122,80,129
212,113,80,138
212,107,81,146
212,104,81,152
214,103,79,150
212,103,81,160
211,106,82,155
211,108,81,148
209,105,83,148
207,100,85,155
205,93,87,161
196,84,96,176
197,78,93,180
195,68,95,188
185,66,107,192
183,60,108,197
156,55,134,216
149,52,143,215
145,49,145,221
142,53,147,212
143,53,151,217
141,56,147,208
139,58,144,208
141,51,128,225
143,54,131,213
137,62,142,201
139,68,109,185
131,51,111,205
124,46,113,208
114,44,118,226
105,38,121,229
100,40,119,233
92,44,123,230
84,42,128,235
79,42,124,238
68,45,133,241
65,41,126,249
58,43,129,249
51,41,127,253
50,43,127,253
44,42,123,252
40,51,126,241
26,58,138,237
19,75,141,215
21,86,127,201
16,87,132,206
11,92,137,202
11,99,135,194
10,102,135,194
10,106,133,187
7,109,137,186
12,106,131,189
14,104,130,192
13,106,131,188
12,108,130,183
5,110,137,183
4,114,140,177
10,113,127,181
13,118,124,173
9,117,121,177
6,118,125,175
6,116,122,178
3,113,125,181
3,114,124,181
1,114,124,180
2,113,123,179
3,111,126,179
1,108,124,184
2,109,125,184
0,108,122,183
0,113,124,176
0,111,125,181
-1,110,120,181
-1,113,118,177
-2,115,117,173
-4,115,118,175
-7,116,120,178
-8,117,120,172
-6,111,111,179
-6,116,108,175
-6,123,106,169
-9,125,107,169
-4,127,100,165
-7,126,101,168
-5,126,96,169
-6,130,95,159
-3,129,87,167
-4,137,86,160
-4,142,83,152
-3,143,80,155
-5,145,84,152
-6,147,83,148
-5,146,78,145
-6,150,79,147
-6,157,82,140
-6,161,87,139
-3,155,76,143
-2,159,68,140
-4,162,70,137
-4,169,83,133
-2,169,70,129
-1,187,77,115
-2,195,94,106
-4,202,114,99
-13,206,116,92
-4,212,115,84
-10,214,124,79
-6,216,119,78
-6,215,117,81
-4,216,118,79
-4,213,116,83
-7,216,122,75
-3,217,115,75
-5,217,120,77
-5,218,120,76
-5,217,119,78
-3,217,115,78
-3,217,115,80
-4,220,119,73
-2,219,111,76
-3,219,114,76
-3,219,114,79
-2,221,113,75
-4,220,113,76
-3,221,114,74
-3,220,111,79
-3,218,110,78
-4,222,116,73
-3,219,113,79
-2,218,113,80
-3,219,114,81
-4,218,117,79
-3,221,114,78
-4,222,115,74
-3,220,114,79
-4,223,117,74
-3,223,114,75
-3,223,115,75
-3,222,115,77
-3,224,117,75
-5,222,116,78
-4,222,115,78
-4,224,116,75
-1,225,112,74
-2,224,113,75
-1,225,111,73
-2,226,112,74
0,226,110,73
0,227,109,72
-1,224,112,76
-1,226,112,73
-1,227,112,72
0,227,110,73
-2,225,112,76
-3,224,114,76
-2,225,114,75
-2,224,112,76
0,225,111,76
-2,223,112,79
-3,223,115,76
-3,224,116,77
-3,225,116,75
-3,226,116,73
-3,225,115,74
-3,225,115,75
-3,225,114,77
-2,225,114,74
-3,223,112,80
-3,226,115,75
-2,224,112,78
-3,224,115,78
-3,225,116,75
-3,224,115,77
-2,226,112,75
-2,225,112,73
-2,226,115,75
-2,224,112,78
-3,225,115,77
-1,225,111,76
-3,228,113,72
-1,226,111,74
-2,223,112,79
-3,225,116,77
-1,225,112,76
-1,225,113,77
-3,226,116,75
-4,226,116,74
-2,225,112,77
-3,226,115,77
0,227,111,74
-3,227,115,73
-3,226,114,74
-2,226,112,74
-4,225,115,76
-3,226,115,75
-2,226,111,75
-3,226,113,76
-2,226,112,74
-2,225,114,76
-3,226,114,73
-2,226,115,76
-3,226,114,75
-4,227,119,74
-2,226,113,76
-2,225,112,77
-3,226,117,74
-2,225,111,75
-3,229,115,72
-1,226,112,76
-3,226,114,76
-2,226,114,75
-2,227,114,73
-3,227,115,75
-2,226,115,76
-2,226,113,76
-3,225,115,76
-2,226,114,74
-3,226,114,75
-1,228,112,71
0,226,108,75
-1,225,111,76
-3,228,112,73
0,229,110,71
-1,229,111,72
-3,229,113,71
-2,227,114,73
-4,227,116,75
-4,228,116,72
-2,227,114,74
-1,226,114,75
-4,228,116,72
-3,228,114,73
-4,226,116,76
-2,226,113,76
-1,230,114,71
-2,228,114,72
-4,227,117,75
-3,227,114,75
-4,227,115,73
-2,226,113,76
-2,227,112,75
-2,226,111,76
-1,229,112,70
-1,227,112,74
-3,229,115,71
-2,227,114,74
-1,227,112,74
-2,228,113,73
-2,227,113,75
-3,226,116,77
-1,226,112,77
-3,226,115,75
-2,228,113,73
0,228,111,74
-3,228,114,72
-1,229,112,71
0,227,109,73
-1,227,111,74
-1,225,112,77
-2,227,114,75
0,228,112,75
0,226,110,75
-1,227,112,74
-2,229,115,71
0,226,109,75
-1,227,111,74
-1,227,110,74
-2,227,113,76
-2,229,115,73
-1,228,113,73
-2,229,113,73
0,230,110,71
0,228,110,74
0,230,110,72
-1,231,113,72
-1,233,113,72
1,232,110,70
1,233,108,68
-2,230,113,72
0,227,108,75
-1,228,111,73
0,226,110,72
-1,227,112,70
-4,226,114,72
-2,227,111,71
0,227,110,74
-3,233,116,68
-1,230,116,72
1,228,112,74
6,230,106,71
9,231,102,72
-2,237,116,65
-1,241,112,61
-3,243,115,58
2,245,114,54
0,244,113,54
0,243,118,56
-1,240,112,58
-3,240,114,58
3,239,111,56
0,240,114,52
-10,179,113,69
-5,171,112,67
-8,160,113,73
-7,147,124,84
-4,136,130,83
0,130,133,74
-1,136,139,100
0,120,135,128
-4,112,153,159
7,106,149,174
13,99,155,181
20,77,172,208
39,80,158,180
64,70,137,177
70,51,142,201
70,54,155,206
71,53,163,209
76,47,168,222
96,50,167,224
112,76,155,203
113,84,161,197
114,83,164,204
123,95,160,198
134,111,153,168
138,102,148,179
141,90,146,199
143,84,145,197
141,79,150,196
141,74,153,204
141,72,156,196
143,70,159,193
145,59,157,202
142,56,166,198
144,53,165,198
145,57,159,195
142,48,171,202
141,46,173,213
138,39,178,217
140,36,180,229
142,34,176,217
147,23,172,232
145,18,173,226
150,14,166,207
148,11,170,179
158,5,157,172
155,3,161,200
155,2,159,170
156,4,149,160
155,3,149,155
157,8,134,149
158,4,132,141
152,4,133,144
156,3,127,142
147,-1,131,152
147,-2,130,160
141,-2,134,156
131,-2,138,155
123,-3,144,156
113,-2,152,158
107,0,149,155
101,3,152,143
91,3,159,125
96,3,142,127
96,5,127,125
103,-2,110,144
102,0,117,141
98,-3,102,141
93,-1,101,143
93,1,100,142
92,2,104,142
94,4,97,139
91,3,105,145
90,4,101,144
88,3,105,148
87,2,105,152
89,1,101,154
88,3,100,147
87,2,99,150
94,2,94,147
91,0,99,152
91,3,101,147
87,6,113,146
88,2,109,150
91,4,109,149
91,7,111,147
95,4,109,149
98,3,106,149
96,3,121,151
97,1,122,156
99,0,133,159
103,-2,129,164
103,0,130,162
102,0,137,164
111,0,126,161
100,3,148,163
96,4,158,161
98,7,157,156
104,3,152,162
107,6,148,159
110,5,141,158
110,4,140,165
111,3,140,162
114,3,128,162
112,3,122,159
109,4,121,156
107,5,116,157
106,3,111,160
98,2,117,160
96,1,113,158
91,2,117,155
89,0,114,152
86,1,114,152
84,1,107,151
82,3,107,149
78,3,108,149
76,5,105,151
75,5,102,149
75,3,100,155
75,5,96,153
73,7,94,150
75,10,83,147
75,12,81,144
75,15,77,142
73,17,78,141
72,20,85,141
74,22,69,143
74,21,75,148
73,20,75,151
74,20,75,154
70,22,82,152
71,24,80,149
73,20,75,156
72,23,78,144
75,21,70,148
75,20,60,153
73,19,62,156
74,19,56,156
73,18,58,161
68,18,64,159
65,21,66,152
63,23,68,149
65,23,65,151
61,23,70,150
59,23,71,148
56,27,75,139
54,28,75,134
52,29,76,133
52,33,74,124
52,32,68,127
50,32,67,126
51,34,63,123
50,33,65,123
52,39,60,116
52,38,61,119
57,36,54,119
54,35,59,125
56,36,58,119
58,35,59,119
59,35,58,119
62,35,55,120
63,35,59,131
64,36,62,125
66,33,65,129
69,34,64,129
72,33,63,135
73,35,67,130
76,36,75,129
84,40,61,125
88,39,59,121
92,42,54,115
96,43,52,115
101,45,49,113
103,54,46,103
104,61,46,95
106,71,45,84
112,74,40,80
112,72,42,85
114,76,42,79
117,75,40,80
113,79,46,74
116,80,44,71
115,76,46,77
117,77,45,74
118,75,46,75
120,75,45,76
119,75,45,76
119,77,46,73
121,79,45,71
122,79,43,70
123,76,44,74
124,74,42,77
126,74,39,78
123,74,45,76
121,74,48,76
120,76,49,74
119,77,51,68
119,76,49,68
118,77,50,65
117,77,53,64
122,74,45,70
122,71,48,73
121,72,52,73
136,44,64,63
139,33,55,49
137,37,53,41
135,33,53,46
135,28,50,50
132,24,51,55
131,21,50,60
129,20,51,58
127,18,50,64
127,23,46,62
126,22,44,63
125,23,44,68
123,24,41,63
121,25,43,67
120,26,41,70
118,26,45,68
116,28,46,72
117,29,39,66
117,31,40,69
116,30,40,66
116,30,40,59
118,30,38,62
119,32,36,52
120,34,35,57
119,36,37,57
119,38,36,54
120,39,37,53
121,39,36,51
122,39,35,47
122,38,34,46
123,40,33,48
123,41,33,37
122,41,34,38
124,41,32,39
124,41,32,37
126,41,31,34
128,43,29,32
128,45,30,34
112,56,21,28
110,56,20,26
115,54,23,24
111,52,28,27
106,53,33,24
107,54,33,23
109,54,31,25
110,56,31,23
112,58,34,23
113,59,34,23
113,59,33,24
114,60,32,24
114,60,33,25
114,60,31,25
114,60,32,25
115,60,30,24
114,60,32,25
114,60,31,25
114,61,31,25
113,61,29,24
112,62,32,25
112,63,34,26
112,64,39,25
112,65,36,27
113,66,37,26
113,67,42,26
114,66,45,30
114,66,44,31
113,64,49,33
112,64,53,33
114,63,51,35
114,62,47,34
114,62,45,32
115,61,43,32
117,61,39,31
117,61,37,30
118,58,42,32
118,58,41,32
119,59,38,32
121,59,39,31
122,60,38,29
125,61,38,30
128,61,38,32
130,63,37,31
131,64,37,31
133,64,40,30
134,64,43,29
137,65,44,26
102,100,48,29
95,98,52,32
95,97,53,35
90,99,60,40
84,76,68,51
76,86,75,67
77,87,73,89
67,57,83,106
66,49,77,128
62,42,80,139
55,42,86,148
48,41,94,148
43,42,101,150
41,43,98,155
39,44,105,153
38,39,117,166
33,41,126,163
32,39,131,170
34,44,133,168
34,42,137,181
42,49,131,178
49,48,124,183
53,53,129,183
56,60,134,177
64,62,133,193
70,61,140,211
73,66,139,187
84,66,133,187
89,65,133,190
95,65,133,198
100,69,130,202
101,73,132,195
105,74,132,191
103,78,135,182
110,75,130,188
111,79,129,182
113,77,126,187
116,77,126,187
114,84,130,179
118,82,125,188
115,85,135,186
115,84,136,188
114,84,137,189
113,84,138,190
106,83,143,188
110,84,137,189
111,86,132,188
107,86,137,189
107,84,133,193
99,83,143,194
101,82,139,199
101,81,136,200
96,81,134,203
90,81,137,202
86,82,136,192
79,91,140,187
76,92,140,183
70,91,143,183
68,92,140,183
63,86,145,198
60,88,148,193
58,86,139,199
57,83,124,201
55,77,120,207
51,81,115,209
48,84,110,204
43,97,100,187
36,103,102,190
27,114,103,183
24,124,98,170
9,125,116,174
3,116,119,182
2,115,116,182
3,117,117,179
-2,119,119,176
-1,121,120,168
0,130,115,146
0,133,111,142
-5,144,111,136
-3,148,107,117
-4,154,106,116
-4,155,101,116
-4,159,103,119
-5,155,107,144
-8,154,104,145
-3,152,95,146
-7,156,106,139
-7,156,102,142
-7,151,102,146
-9,155,104,141
-6,149,100,149
-5,151,99,146
-7,151,100,147
-5,149,96,150
-6,153,97,146
-6,144,92,156
-5,148,96,150
-6,154,97,143
-7,155,98,143
-4,155,94,142
-7,153,100,145
-5,156,100,142
-7,154,103,142
-6,149,98,149
-5,152,97,143
-7,156,99,141
-6,152,97,146
-6,155,103,142
-7,153,98,145
-4,152,93,144
-6,155,96,143
-5,156,98,141
-7,157,101,141
-5,156,100,142
-7,149,98,151
-5,156,97,143
-6,155,96,143
-6,156,101,141
-7,159,105,136
-7,152,101,147
-6,156,96,140
-8,156,102,140
-6,156,93,141
-5,155,95,144
-5,153,93,146
-6,154,98,143
-7,152,96,147
-6,151,96,148
-4,154,90,145
-5,155,93,143
-7,156,101,143
-8,154,105,144
-8,150,97,150
-6,154,93,146
-6,152,92,148
-7,152,94,147
-7,152,96,144
-8,153,99,147
-5,158,93,140
-7,154,100,144
-7,152,95,148
-4,153,88,146
-4,157,91,142
-6,155,94,143
-7,154,97,143
-4,151,92,148
-5,155,91,144
-5,158,92,140
-6,156,95,144
-6,155,92,144
-5,156,92,143
-7,156,96,142
-5,153,90,147
-5,154,93,145
-6,150,93,149
-5,152,92,147
-5,152,91,146
-7,154,95,145
-5,156,91,141
-6,154,92,144
-7,154,96,145
-5,154,89,145
-6,155,95,144
-7,158,97,139
-7,154,94,144
-7,158,97,140
-7,156,94,141
-5,155,88,143
-6,154,94,145
-7,156,91,142
-5,153,90,146
-5,155,88,143
-6,152,92,148
-3,155,82,142
-4,157,82,142
-5,156,79,140
-4,149,74,150
-6,152,77,148
-6,146,68,155
0,151,52,145
0,137,53,133
-1,146,55,122
-3,151,57,109
44,155,57,120
1,152,47,120
2,157,47,111
3,158,48,114
0,158,55,122
-1,156,62,124
0,155,58,144
0,157,63,145
0,155,63,144
0,158,60,140
1,157,60,143
1,160,57,135
1,158,56,143
1,157,57,143
2,159,52,141
2,157,48,144
0,156,55,146
3,153,44,150
0,156,56,148
1,157,55,144
2,157,57,142
0,156,61,141
-1,155,65,145
-2,153,68,147
-2,157,74,142
-2,157,67,135
-2,154,68,133
-1,159,67,122
0,157,60,120
0,159,56,106
0,160,60,102
-3,160,66,100
-2,166,88,91
-2,165,94,97
-4,163,96,118
-4,160,87,130
-2,159,89,137
-2,161,87,137
-2,159,86,140
-1,155,81,145
-1,156,88,144
-4,157,89,141
-1,159,88,141
-3,160,90,137
-3,161,91,137
-4,161,92,136
-5,159,93,138
-3,159,90,138
-3,160,89,138
-3,159,88,140
-3,161,89,137
-1,158,85,141
-2,158,88,141
-1,158,84,141
0,161,85,138
-2,161,87,139
-3,157,88,144
0,156,86,143
0,155,85,145
-3,152,89,151
-1,157,91,141
-2,150,93,146
-1,145,87,147
0,140,88,156
0,133,91,163
1,130,93,164
3,123,95,168
2,118,102,163
3,115,98,151
4,110,99,155
5,106,99,156
3,103,105,160
9,100,98,154
9,94,101,160
10,85,97,170
14,91,94,163
15,91,90,162
21,87,84,164
21,78,81,181
29,80,109,188
19,83,142,198
16,91,151,194
10,84,173,204
18,84,159,201
-2,84,166,199
12,105,148,178
19,99,116,184
16,98,114,192
9,100,123,186
4,98,133,188
2,100,139,187
-36,92,178,191
-8,90,179,193
3,71,179,213
5,59,185,229
3,76,197,208
-3,71,161,216
-1,67,197,221
3,70,195,216
4,65,191,222
8,71,192,219
-8,84,189,206
6,83,177,205
3,82,185,213
4,80,187,207
2,84,196,206
1,93,201,192
7,73,191,218
-2,77,209,213
-1,86,194,204
5,84,151,206
15,84,142,206
45,75,104,208
53,70,97,212
54,69,96,204
60,64,93,204
63,62,92,210
66,63,91,215
67,58,91,223
67,59,97,224
69,60,98,227
69,59,104,229
73,63,105,224
75,66,108,220
76,63,115,227
77,63,123,222
77,61,129,221
77,59,130,218
79,53,131,227
79,52,132,223
76,54,138,228
94,63,126,210
92,65,127,204
92,68,134,185
88,67,142,188
90,63,137,195
89,70,146,183
78,64,155,206
77,65,159,209
75,60,160,221
70,57,165,223
74,61,159,213
67,66,171,211
66,65,175,219
62,66,182,219
75,73,172,206
98,96,148,181
122,119,126,163
131,125,111,158
130,136,116,148
138,136,111,148
139,135,104,152
140,135,109,148
140,131,110,151
146,128,100,152
144,127,104,154
144,123,102,156
141,119,103,158
140,118,106,159
136,114,111,165
137,108,105,169
139,107,104,172
141,99,100,178
139,93,101,190
139,91,101,189
136,88,104,194
137,85,100,194
135,92,99,184
129,97,108,180
128,89,107,193
127,84,105,198
131,88,102,188
124,83,106,199
122,87,105,185
122,83,102,197
114,88,106,192
100,88,115,196
101,81,110,211
97,80,107,217
83,82,118,221
71,95,126,205
71,105,125,192
65,113,127,182
58,111,143,186
58,104,133,195
54,106,138,191
54,105,134,191
51,116,139,179
51,110,141,186
45,107,149,192
49,118,145,180
48,120,147,176
50,121,143,178
51,124,142,166
51,127,145,169
49,127,147,166
46,117,150,183
66,108,128,192
73,103,118,195
76,104,118,188
70,103,125,184
73,91,123,193
74,78,119,209
66,71,126,217
35,78,156,205
23,66,167,221
23,66,161,220
20,61,161,224
22,63,155,223
18,59,161,229
17,59,162,227
14,55,156,224
10,56,155,223
8,57,155,227
5,48,172,247
5,47,197,245
0,65,206,224
-35,72,187,218
-10,91,133,206
-3,91,114,200
-2,99,109,183
-4,99,114,190
0,95,111,192
-4,91,114,204
0,91,107,205
-1,86,119,211
45,74,126,211
35,64,163,217
12,60,195,229
0,72,213,214
2,71,210,213
5,76,206,213
1,83,211,205
-6,87,220,199
-4,87,213,200
-3,102,190,182
3,96,213,187
-2,96,209,192
-2,97,212,190
0,103,190,156
-3,99,215,175
0,102,197,165
-1,101,209,179
-3,101,214,177
-4,109,209,162
-4,108,212,180
-5,112,187,178
1,121,168,169
1,124,154,163
3,123,141,168
-1,130,147,154
3,140,137,146
0,148,145,140
-1,158,158,126
-1,167,159,115
0,172,156,104
-2,178,160,103
-1,181,159,99
0,187,160,100
-1,179,140,123
0,185,150,115
0,168,121,135
0,171,131,128
4,170,120,128
0,172,140,123
-2,170,148,113
-1,167,144,122
-1,166,149,112
-2,159,143,129
-4,157,142,128
-6,155,144,129
-4,157,139,130
-6,157,143,129
-5,156,141,138
-4,152,138,137
-2,161,135,119
-5,159,136,128
-4,157,133,138
-2,156,132,127
-3,161,130,115
-2,163,129,114
-4,164,130,110
-3,165,131,115
-6,166,132,122
-2,163,126,124
0,164,120,114
-3,164,128,112
-3,165,132,119
-6,159,131,128
-2,159,130,122
-4,159,130,123
-5,158,129,136
-4,159,129,120
-6,158,133,131
-6,157,130,134
-6,157,128,132
-4,158,121,134
-7,161,124,132
-5,157,118,137
-3,152,109,144
-5,153,103,145
-5,151,102,146
-9,159,107,139
-3,160,98,140
-6,161,102,136
-8,159,102,140
-1,161,97,134
-4,157,102,139
-6,156,108,136
-6,156,111,139
-5,151,111,140
-6,148,113,144
-10,147,118,143
-7,147,116,143
-3,153,114,139
-5,151,116,143
-3,153,115,142
-2,153,114,147
-3,154,117,142
-3,155,121,142
-1,158,120,137
-1,159,125,130
0,155,123,137
0,158,123,134
-1,156,122,136
-2,161,123,132
0,159,120,132
0,161,116,124
-4,160,121,130
-5,158,117,137
-4,158,119,140
-6,160,130,128
-6,163,132,127
-2,162,127,122
-1,166,123,112
-4,162,125,127
0,162,118,132
-2,158,120,130
-1,157,117,126
-1,160,118,107
3,164,115,85
-4,167,121,108
-1,162,119,88
-3,160,124,91
-2,162,119,103
1,162,117,82
0,174,117,82
0,159,123,86
3,164,114,100
5,159,113,84
2,165,123,84
2,162,126,76
2,164,125,86
1,159,127,89
2,159,128,84
2,161,130,89
1,159,125,97
1,157,127,104
0,157,132,113
5,162,123,86
1,159,132,93
0,159,132,98
2,160,124,94
2,158,128,92
3,163,133,83
0,162,136,79
0,162,133,77
-1,173,135,77
1,160,126,83
2,158,131,82
3,165,128,90
0,159,134,90
1,155,124,94
1,157,124,92
1,155,125,103
0,155,125,99
1,154,121,101
1,156,125,102
0,158,127,99
0,157,126,97
1,158,124,93
1,156,125,94
2,157,126,88
1,157,125,86
1,158,125,92
1,158,127,88
0,156,130,96
-1,153,128,105
3,155,119,90
0,158,126,79
2,158,124,74
0,160,127,72
1,164,129,60
-6,154,111,74
-2,154,99,90
-5,155,104,99
-7,152,108,114
-5,154,106,134
-3,154,100,145
-11,141,107,148
-6,153,103,145
-10,144,107,141
-4,156,104,144
-12,149,106,138
-5,147,105,154
-6,150,103,147
-7,151,107,149
-2,154,101,145
-5,147,100,142
-5,152,106,149
-15,144,112,149
-3,154,102,143
-8,150,106,150
-6,154,105,143
-9,150,108,149
-10,150,107,151
-5,153,105,144
-10,153,108,144
-6,156,103,140
-8,153,104,144
-5,158,105,138
-7,148,102,149
-8,154,104,140
-5,153,102,145
-6,157,105,138
-7,156,105,138
-6,156,105,142
-10,157,106,140
0,159,97,138
-9,155,107,142
-3,156,99,141
-3,156,97,143
-3,156,98,141
-9,155,107,143
-7,151,102,147
-4,155,101,141
-3,161,100,133
-5,159,102,138
-7,155,104,143
-6,151,101,147
-6,156,101,142
-5,151,100,147
-6,151,98,147
-3,155,99,142
-5,154,100,143
-7,155,102,140
-2,159,99,137
-4,160,102,137
-4,151,96,148
-7,155,102,143
-5,152,99,146
-3,152,98,145
-7,152,101,146
-5,160,105,135
-7,155,104,142
-7,155,105,142
-6,156,104,142
-9,151,107,148
-2,158,98,140
-4,154,99,145
-6,159,106,139
-6,156,105,143
-6,158,106,140
-7,158,106,142
-7,158,106,141
-3,157,102,144
-5,156,101,143
-4,162,105,137
-6,161,107,139
-4,156,100,145
-4,156,103,145
-4,150,103,151
-5,151,105,148
-7,152,109,146
-6,147,105,153
-7,141,99,158
-2,139,96,160
-5,134,95,167
-2,130,91,169
-1,126,89,175
-2,123,91,176
0,122,87,178
0,115,90,186
0,113,96,181
0,112,97,180
1,110,95,176
0,110,100,171
-1,108,110,161
0,106,111,167
1,97,109,197
6,90,105,205
1,94,119,186
0,91,121,192
8,82,112,208
5,59,118,235
10,40,114,257
7,39,115,254
7,43,125,253
9,33,126,263
6,28,129,263
6,21,134,268
8,39,144,250
10,52,141,234
12,61,145,211
8,65,151,202
12,64,154,197
14,60,160,211
16,65,157,208
23,64,149,213
28,60,142,216
32,61,136,207
39,56,132,220
40,56,132,213
45,55,125,213
46,58,119,196
43,54,121,205
47,56,117,207
42,61,122,197
47,62,112,190
39,61,126,193
37,62,125,198
35,62,131,200
34,64,131,213
30,63,141,214
31,67,134,208
33,64,130,205
21,62,146,222
17,64,145,220
15,65,143,211
14,58,142,229
12,68,144,204
10,69,148,208
7,71,143,207
7,73,139,205
9,66,134,217
9,72,135,206
13,59,124,216
13,50,120,228
10,58,124,223
8,41,129,242
8,51,129,227
7,46,132,242
5,51,133,239
4,67,133,219
6,66,131,225
3,68,131,223
7,64,126,224
6,74,129,212
6,68,129,220
8,73,126,209
9,74,120,205
12,72,121,205
11,74,120,203
14,75,121,210
12,80,123,202
11,78,124,208
12,76,123,209
16,74,123,212
13,80,126,199
11,81,130,205
10,76,132,213
11,76,130,212
10,72,133,221
10,73,133,215
9,65,131,226
8,62,132,229
7,56,131,230
11,49,124,238
7,49,128,234
13,44,122,244
11,45,125,239
11,37,122,249
17,28,118,258
14,23,124,265
12,24,127,264
6,28,139,256
3,23,140,265
5,20,134,268
5,19,131,273
4,16,129,272
3,16,126,272
5,18,125,272
4,31,125,259
6,28,113,259
0,26,125,263
3,34,118,253
0,69,130,223
10,75,110,213
3,77,125,215
2,79,125,213
2,80,125,207
1,81,128,209
3,83,126,197
1,78,132,211
1,79,132,209
2,79,129,204
2,81,136,206
1,82,135,200
2,86,141,186
10,84,132,189
8,82,137,197
12,79,133,209
17,66,133,220
20,67,132,216
28,68,128,206
28,68,132,213
40,67,125,211
51,72,118,204
55,74,118,213
58,68,119,224
64,76,115,216
69,82,121,212
70,85,137,206
76,77,151,210
75,58,161,229
79,51,153,237
74,54,156,234
68,52,161,239
83,46,138,242
78,46,141,244
70,56,150,228
64,59,154,227
54,80,174,204
31,69,200,219
20,75,214,208
20,83,215,196
17,88,219,194
13,88,233,193
12,91,242,197
11,94,251,191
14,100,250,181
14,98,247,186
14,103,237,176
19,99,228,179
21,98,211,180
31,100,197,179
43,105,179,172
47,97,166,180
45,97,169,183
48,101,164,178
49,99,161,181
55,90,152,193
58,90,152,197
64,89,144,194
70,94,138,183
70,89,138,192
78,87,134,193
78,87,140,192
73,91,153,180
64,89,171,185
61,94,185,175
18,90,227,182
20,89,245,179
-7,72,272,200
24,53,248,219
-21,54,295,220
20,66,265,204
-19,38,240,236
5,8,208,276
8,12,265,265
-11,6,231,282
6,2,257,277
-38,37,237,260
-2,2,218,282
3,6,252,272
-29,6,249,277
-2,6,268,272
-51,11,291,267
-5,13,286,263
-33,7,250,278
-4,8,256,270
-58,14,282,263
-18,2,267,285
-3,6,267,273
-3,8,283,271
-8,2,279,282
-5,6,273,270
-7,8,280,271
-2,7,259,266
-3,9,259,258
-3,10,256,264
5,12,246,278
4,2,189,304
12,6,170,299
25,17,198,285
23,26,207,278
22,35,208,275
27,30,196,278
65,29,154,285
72,16,149,293
68,38,169,274
83,76,161,229
77,89,178,204
78,91,180,202
71,89,189,201
62,92,200,191
57,96,216,180
50,93,223,191
29,86,248,198
18,94,262,188
14,97,272,180
13,90,270,195
6,94,284,193
8,95,281,189
5,99,285,188
7,98,279,183
5,98,277,191
5,91,272,192
5,98,278,187
7,98,276,191
12,92,263,194
16,98,264,193
12,89,263,202
12,101,267,190
25,110,252,171
54,109,219,178
65,104,200,187
74,106,193,186
78,114,184,174
79,112,181,180
83,114,171,180
86,117,168,179
102,114,145,182
108,113,131,191
99,113,133,182
96,108,134,204
91,106,139,203
83,105,148,194
78,101,152,203
70,100,162,206
64,97,169,207
60,95,170,202
61,92,151,213
58,87,147,222
56,81,143,231
51,83,144,222
55,83,134,218
45,87,148,211
43,90,143,210
40,88,141,211
38,86,136,218
31,91,139,209
24,89,140,207
20,93,137,200
13,92,141,206
8,92,140,195
8,89,128,192
5,94,123,177
4,93,120,184
2,92,114,187
5,90,100,201
2,96,100,187
-1,98,95,189
0,111,93,175
-3,110,91,178
-4,107,87,187
-8,111,92,182
-10,118,88,175
-9,116,81,172
-8,112,79,177
-6,110,72,174
-3,104,70,187
-1,98,74,190
-4,94,99,186
-2,95,98,180
0,89,94,204
0,85,93,210
-1,79,86,217
-1,93,81,203
-2,95,77,210
-2,104,69,197
-4,100,75,204
-5,116,75,187
-7,127,79,175
-5,136,75,166
-7,138,78,163
-6,134,75,168
-3,137,72,164
-3,138,72,165
-5,139,75,164
-3,141,72,161
-4,137,73,164
-4,136,73,166
-6,137,75,165
-5,137,77,165
-4,135,75,168
-3,133,76,168
-2,142,77,158
-2,140,77,162
-2,136,77,166
-3,131,80,172
-3,134,79,170
-2,138,80,163
0,137,76,165
0,135,79,167
-2,134,80,169
-2,139,83,162
-2,138,83,163
-1,139,80,164
-2,129,82,173
-3,136,85,166
-4,135,85,166
-3,134,82,169
-2,129,81,172
-2,130,79,174
-1,129,79,172
-1,126,80,178
-1,126,81,175
-3,130,82,172
-1,131,81,172
-3,126,82,175
-2,131,82,172
-3,136,81,167
0,129,79,171
-2,133,80,170
-2,130,79,171
-3,128,81,173
-3,129,80,172
-2,126,77,177
-2,121,79,179
-3,121,81,180
-3,119,81,181
-2,128,80,170
