378,158,50,43
377,155,46,48
376,155,50,47
379,155,52,53
380,157,52,52
383,157,54,50
389,152,52,49
392,146,54,49
394,140,54,52
398,137,54,52
400,136,54,51
403,138,54,52
404,140,54,52
405,141,56,54
407,142,56,61
409,148,55,57
410,150,55,60
413,151,55,57
412,153,57,55
411,154,57,48
413,152,56,51
414,152,56,51
414,152,57,55
414,151,57,52
415,149,56,54
415,153,59,50
418,154,58,49
422,155,59,50
423,155,54,49
424,157,57,49
427,159,54,50
430,154,54,54
431,157,51,47
432,158,52,48
431,157,52,47
431,158,49,47
432,155,48,45
434,152,47,45
433,150,49,48
433,151,49,48
435,150,48,49
437,151,47,50
436,149,46,45
434,145,49,51
437,144,47,52
437,145,44,51
439,146,45,49
440,146,46,48
441,143,45,49
440,143,45,49
440,143,43,47
442,140,43,47
442,143,44,46
441,142,46,48
444,141,45,47
443,140,43,49
444,139,45,51
443,138,44,51
443,139,46,48
442,138,46,50
441,136,50,51
441,135,49,52
441,135,48,50
440,134,49,52
440,133,50,52
441,135,50,53
440,131,50,55
440,133,52,53
440,133,51,54
442,133,53,54
443,134,55,56
444,140,55,53
447,139,56,56
447,140,57,56
451,141,55,54
452,141,56,56
454,142,54,55
455,147,57,52
455,147,57,51
456,147,61,51
457,146,59,53
456,147,63,53
456,146,67,53
454,149,64,52
452,154,66,50
448,153,68,56
444,153,69,55
444,155,65,57
442,157,71,54
449,158,64,55
453,160,62,53
457,162,66,54
458,164,66,54
459,163,64,53
456,159,65,53
454,159,66,54
453,161,64,53
450,162,61,54
450,166,61,51
447,165,60,50
445,166,60,49
445,166,54,48
444,165,54,48
446,165,51,48
449,164,49,49
448,164,49,50
450,161,47,49
450,160,46,49
452,159,49,51
455,158,44,52
456,158,45,53
457,158,44,50
458,156,45,53
457,158,46,52
458,158,46,51
460,160,41,50
458,160,40,48
456,159,42,50
453,161,40,49
450,163,43,51
449,165,43,53
451,164,44,50
456,164,45,51
464,164,43,52
470,165,44,53
472,169,46,53
477,167,43,49
477,158,44,50
475,155,45,50
471,154,46,51
469,156,43,51
465,157,42,52
464,162,39,52
462,165,39,51
460,168,42,52
458,171,42,49
457,171,44,49
455,171,44,52
454,171,42,50
456,172,43,50
454,175,44,47
456,172,45,51
458,173,42,47
458,174,43,50
462,174,41,50
463,174,43,50
462,172,41,51
465,170,37,52
466,173,43,52
465,172,45,52
464,172,46,49
464,173,47,50
468,171,44,52
470,170,43,49
468,171,44,51
465,172,48,49
465,174,50,49
465,173,45,48
468,174,39,49
469,172,42,50
462,173,48,50
456,173,53,49
450,175,63,47
442,180,66,46
436,181,73,44
435,182,77,42
427,181,84,43
433,182,81,45
435,183,79,43
432,184,78,42
432,185,78,41
433,185,73,39
430,187,77,39
400,187,96,38
408,181,97,46
399,181,106,47
398,178,106,48
400,178,107,46
403,177,98,46
399,177,87,46
408,168,73,54
409,167,68,52
411,168,64,50
407,168,65,53
403,168,65,52
384,171,76,54
384,171,75,55
383,169,71,55
380,169,69,54
377,169,74,56
374,169,70,56
379,166,67,60
373,169,72,57
378,171,69,56
376,171,69,53
382,169,66,54
383,168,64,55
400,167,49,55
408,167,42,55
412,167,37,54
412,165,34,57
413,165,34,58
416,164,31,53
413,170,33,43
411,170,33,43
410,169,32,42
407,170,36,49
410,172,34,49
408,172,35,48
407,170,37,48
412,170,34,50
411,171,34,46
411,170,35,47
409,169,37,50
409,170,38,49
408,169,43,49
410,172,41,48
412,177,39,47
413,173,37,53
411,169,33,57
412,169,33,57
420,163,26,60
418,166,19,55
418,166,19,55
418,166,19,55
418,166,19,55
418,166,19,55
418,166,19,55
418,166,19,55
418,166,19,55
418,166,19,55
421,171,23,59
422,169,21,55
422,169,21,55
415,169,27,55
413,168,30,53
409,170,34,53
411,171,34,54
410,169,37,53
410,166,35,56
411,170,36,54
410,168,38,56
410,169,37,54
411,171,38,54
410,169,37,52
407,167,40,55
406,167,41,54
405,169,39,52
405,167,41,53
403,165,40,57
405,166,40,54
404,167,41,55
403,166,41,54
399,165,42,59
404,164,36,56
404,165,34,58
403,164,36,56
403,165,36,52
402,162,39,55
402,165,39,53
400,163,40,57
400,165,45,55
398,164,41,54
397,161,41,55
399,162,42,54
399,162,44,52
400,163,41,51
398,162,43,53
398,162,41,52
399,163,44,52
399,161,42,54
398,166,42,50
397,162,43,51
397,164,47,51
397,166,46,50
394,161,46,55
396,163,45,51
394,164,45,48
394,165,47,48
394,164,48,51
394,163,47,52
395,162,46,53
395,163,45,49
394,162,45,53
391,162,46,53
392,161,45,52
389,162,50,52
387,163,50,52
388,165,54,52
384,164,52,52
385,164,50,52
385,162,51,52
383,163,53,54
380,164,56,51
383,163,51,53
382,160,52,53
382,161,51,56
384,163,49,52
380,163,49,53
380,163,51,53
379,165,51,51
378,167,52,51
379,170,53,49
377,169,54,51
378,170,52,48
375,169,53,49
376,170,54,49
374,173,56,48
372,174,56,48
371,173,60,49
368,174,57,50
372,172,56,51
371,174,55,50
371,176,57,51
370,178,56,53
366,180,61,49
364,180,61,52
365,183,58,50
363,180,59,54
364,184,59,48
367,183,55,50
366,184,53,48
365,184,53,49
361,184,57,48
364,186,57,46
365,185,56,46
366,183,54,48
366,186,53,45
367,183,53,47
366,181,50,49
367,182,53,47
365,184,53,47
365,184,57,47
364,181,54,48
364,183,53,48
364,182,49,48
363,183,50,47
362,181,53,50
360,182,51,50
357,183,53,52
356,186,50,50
353,186,52,50
356,192,53,47
362,193,49,47
371,189,47,51
375,193,49,48
380,192,50,50
381,190,52,51
384,191,52,47
384,189,52,50
386,183,49,50
382,181,50,49
378,180,55,49
377,181,52,49
374,183,55,50
373,184,55,45
373,187,52,47
370,186,53,47
370,189,51,46
368,184,49,48
362,186,53,47
363,183,50,47
362,182,50,50
361,180,53,49
358,178,56,48
349,176,64,51
350,180,65,49
347,173,68,57
345,174,78,56
352,175,70,53
349,175,64,54
348,176,64,54
347,176,68,53
347,180,71,47
340,177,76,48
343,182,77,44
340,176,78,49
338,178,80,50
343,178,78,47
345,176,76,53
347,178,77,50
350,178,75,51
352,179,76,48
350,177,82,51
350,178,77,51
352,176,77,54
353,182,74,50
350,183,75,48
353,186,74,49
358,186,78,53
366,186,76,53
368,189,80,52
370,187,80,52
371,184,80,53
372,180,78,51
373,176,77,53
370,179,71,50
364,181,75,54
365,183,73,49
364,185,72,53
363,184,73,49
357,184,73,52
357,185,73,52
357,180,70,56
355,181,72,55
354,181,71,53
354,183,71,50
353,185,75,48
353,182,74,52
351,181,73,52
352,184,73,51
349,181,79,56
351,182,73,58
348,182,75,56
346,188,76,50
345,190,77,50
346,189,76,53
342,188,79,54
339,189,83,54
341,188,74,56
339,187,85,55
348,190,84,56
355,190,73,48
366,192,67,44
351,188,75,52
350,187,77,49
350,187,72,51
353,192,70,48
349,192,76,46
347,188,80,50
347,188,85,48
342,190,84,48
341,193,92,44
337,190,97,48
337,189,96,48
335,191,106,47
336,192,99,47
341,194,100,47
337,191,94,49
340,191,92,48
338,192,89,48
339,189,93,50
341,192,84,46
342,190,85,47
340,190,89,46
337,195,87,46
337,196,86,42
329,196,94,43
338,190,85,48
343,194,83,44
341,195,82,45
340,194,77,41
341,196,76,42
337,196,78,43
339,192,72,46
335,194,77,40
337,196,73,41
304,192,80,42
328,190,84,45
329,188,81,48
334,190,72,40
348,187,75,44
333,188,79,41
323,187,81,42
316,183,84,44
311,185,81,42
312,182,78,42
307,182,76,44
304,179,79,44
303,178,76,44
303,177,78,41
303,172,80,47
298,175,76,41
296,171,80,42
292,168,83,43
291,168,75,43
292,167,71,41
286,167,76,40
288,171,70,38
286,170,68,43
284,168,69,43
282,167,72,42
272,164,77,44
268,160,81,47
270,157,75,46
263,155,80,46
261,153,77,46
263,152,73,44
259,151,74,47
258,153,70,43
258,153,70,46
257,155,71,44
