317,255,33,28
316,255,31,27
317,253,32,29
316,255,31,27
316,254,32,28
316,255,32,27
317,254,32,28
316,255,32,27
316,254,32,28
316,253,31,29
316,254,32,28
316,253,31,29
317,253,31,29
316,254,32,28
316,254,31,28
317,253,30,29
316,254,32,27
317,255,31,27
316,253,33,29
317,254,31,28
316,254,31,28
317,254,31,28
315,254,32,28
317,252,32,29
316,253,32,28
317,253,31,28
317,254,32,27
317,252,31,30
318,249,30,32
318,248,30,34
317,246,30,35
316,245,32,37
315,242,33,40
317,243,31,40
317,245,30,39
318,241,27,43
318,240,26,45
317,238,26,46
319,231,21,40
319,231,21,40
321,223,24,39
321,223,24,39
321,223,24,39
328,197,29,47
324,201,34,44
324,202,41,43
324,202,41,43
324,202,41,43
324,202,41,43
324,202,41,43
324,202,41,43
324,202,41,43
324,202,41,43
324,202,41,43
324,202,41,43
324,202,41,43
324,202,41,43
324,202,41,43
324,202,41,43
324,202,41,43
324,202,41,43
324,202,41,43
324,202,41,43
324,202,41,43
324,202,41,43
324,202,41,43
324,202,41,43
324,202,41,43
324,202,41,43
324,202,41,43
324,202,41,43
324,202,41,43
324,202,41,43
324,202,41,43
324,202,41,43
324,202,41,43
324,202,41,43
324,202,41,43
324,202,41,43
324,202,41,43
324,202,41,43
324,202,41,43
324,202,41,43
324,202,41,43
324,202,41,43
324,202,41,43
324,202,41,43
324,202,41,43
324,202,41,43
324,202,41,43
324,202,41,43
324,202,41,43
324,202,41,43
324,202,41,43
324,202,41,43
324,202,41,43
324,202,41,43
324,202,41,43
324,202,41,43
324,202,41,43
324,202,41,43
324,202,41,43
324,202,41,43
324,202,41,43
324,202,41,43
324,202,41,43
324,202,41,43
324,202,41,43
324,202,41,43
324,202,41,43
324,202,41,43
324,202,41,43
324,202,41,43
324,202,41,43
324,202,41,43
324,202,41,43
324,202,41,43
324,202,41,43
324,202,41,43
324,202,41,43
324,202,41,43
324,202,41,43
324,202,41,43
324,202,41,43
324,202,41,43
324,202,41,43
324,202,41,43
324,202,41,43
324,202,41,43
324,202,41,43
324,202,41,43
324,202,41,43
324,202,41,43
324,202,41,43
324,202,41,43
324,202,41,43
324,202,41,43
324,202,41,43
324,202,41,43
324,202,41,43
324,202,41,43
324,202,41,43
324,202,41,43
324,202,41,43
324,202,41,43
324,202,41,43
324,202,41,43
324,202,41,43
324,202,41,43
324,202,41,43
324,202,41,43
324,202,41,43
324,202,41,43
324,202,41,43
324,202,41,43
324,202,41,43
324,202,41,43
324,202,41,43
324,202,41,43
324,202,41,43
324,202,41,43
324,202,41,43
324,202,41,43
324,202,41,43
324,202,41,43
324,202,41,43
324,202,41,43
324,202,41,43
324,202,41,43
324,202,41,43
324,202,41,43
324,202,41,43
324,202,41,43
324,202,41,43
324,202,41,43
324,202,41,43
324,202,41,43
324,202,41,43
324,202,41,43
324,202,41,43
324,202,41,43
324,202,41,43
324,202,41,43
324,202,41,43
324,202,41,43
324,202,41,43
324,202,41,43
324,202,41,43
324,202,41,43
324,202,41,43
324,202,41,43
324,202,41,43
324,202,41,43
324,202,41,43
324,202,41,43
324,202,41,43
324,202,41,43
324,202,41,43
324,202,41,43
324,202,41,43
324,202,41,43
324,202,41,43
324,202,41,43
324,202,41,43
324,202,41,43
324,202,41,43
324,202,41,43
324,202,41,43
324,202,41,43
324,202,41,43
324,202,41,43
324,202,41,43
324,202,41,43
324,202,41,43
324,202,41,43
324,202,41,43
324,202,41,43
324,202,41,43
324,202,41,43
324,202,41,43
324,202,41,43
324,202,41,43
324,202,41,43
324,202,41,43
324,202,41,43
324,202,41,43
324,202,41,43
324,202,41,43
324,202,41,43
324,202,41,43
324,202,41,43
324,202,41,43
324,202,41,43
324,202,41,43
324,202,41,43
324,202,41,43
324,202,41,43
324,202,41,43
324,202,41,43
324,202,41,43
324,202,41,43
324,202,41,43
324,202,41,43
324,202,41,43
324,202,41,43
324,202,41,43
324,202,41,43
324,202,41,43
324,202,41,43
324,202,41,43
324,202,41,43
324,202,41,43
324,202,41,43
324,202,41,43
324,202,41,43
324,202,41,43
324,202,41,43
324,202,41,43
324,202,41,43
324,202,41,43
324,202,41,43
324,202,41,43
324,202,41,43
324,202,41,43
324,202,41,43
324,202,41,43
324,202,41,43
324,202,41,43
324,202,41,43
324,202,41,43
324,202,41,43
324,202,41,43
324,202,41,43
324,202,41,43
324,202,41,43
324,202,41,43
324,202,41,43
358,225,52,43
358,225,52,43
358,225,52,43
349,222,59,45
346,228,62,39
347,226,60,40
349,225,59,42
349,226,58,42
348,225,60,42
351,226,57,44
350,225,58,45
350,225,58,45
350,225,58,45
350,225,58,45
355,222,53,48
355,222,53,48
355,222,53,48
355,222,53,48
355,222,53,48
355,222,53,48
355,222,53,48
355,222,53,48
355,222,53,48
355,222,53,48
355,222,53,48
355,222,53,48
355,222,53,48
355,222,53,48
355,222,53,48
355,222,53,48
355,222,53,48
355,222,53,48
355,222,53,48
355,222,53,48
355,222,53,48
355,222,53,48
355,222,53,48
355,222,53,48
355,222,53,48
355,222,53,48
355,222,53,48
355,222,53,48
355,222,53,48
355,222,53,48
355,222,53,48
355,222,53,48
355,222,53,48
355,222,53,48
355,222,53,48
355,222,53,48
355,222,53,48
355,222,53,48
355,222,53,48
355,222,53,48
355,222,53,48
355,222,53,48
355,222,53,48
355,222,53,48
355,222,53,48
355,222,53,48
355,222,53,48
355,222,53,48
355,222,53,48
355,222,53,48
355,222,53,48
355,222,53,48
355,222,53,48
355,222,53,48
355,222,53,48
355,222,53,48
355,222,53,48
355,222,53,48
355,222,53,48
355,222,53,48
355,222,53,48
355,222,53,48
355,222,53,48
355,222,53,48
355,222,53,48
355,222,53,48
355,222,53,48
355,222,53,48
355,222,53,48
355,222,53,48
355,222,53,48
355,222,53,48
355,222,53,48
355,222,53,48
415,133,51,53
415,133,51,53
418,142,44,44
414,144,48,43
414,144,48,43
414,144,48,43
414,144,48,43
414,144,48,43
414,144,48,43
414,144,48,43
414,144,48,43
414,144,48,43
414,144,48,43
414,144,48,43
414,144,48,43
414,144,48,43
414,144,48,43
414,144,48,43
414,144,48,43
414,144,48,43
414,144,48,43
414,144,48,43
414,144,48,43
414,144,48,43
414,144,48,43
414,144,48,43
340,227,47,37
340,230,45,34
342,233,41,29
343,234,40,23
344,234,37,22
343,234,39,22
342,233,39,22
342,233,39,22
342,233,39,22
342,233,39,22
339,233,35,21
340,233,32,21
339,233,31,20
340,232,28,21
340,232,26,20
340,232,25,19
340,231,25,20
340,231,23,20
340,231,23,20
340,231,23,20
340,231,23,20
340,231,23,20
340,231,23,20
340,231,23,20
340,231,23,20
340,231,23,20
340,231,23,20
340,231,23,20
340,231,23,20
340,231,23,20
340,231,23,20
340,231,23,20
340,231,23,20
340,231,23,20
340,231,23,20
340,231,23,20
340,231,23,20
340,231,23,20
340,231,23,20
340,231,23,20
340,231,23,20
340,231,23,20
340,231,23,20
340,231,23,20
340,231,23,20
340,231,23,20
340,231,23,20
340,231,23,20
340,231,23,20
340,231,23,20
340,231,23,20
340,231,23,20
340,231,23,20
340,231,23,20
340,231,23,20
340,231,23,20
298,251,24,22
298,251,24,22
298,251,24,22
298,251,24,22
298,251,24,22
298,251,24,22
298,251,24,22
298,251,24,22
298,251,24,22
298,251,24,22
298,251,24,22
298,251,24,22
298,251,24,22
298,251,24,22
298,251,24,22
298,251,24,22
298,251,24,22
298,251,24,22
298,251,24,22
298,251,24,22
298,251,24,22
298,251,24,22
298,251,24,22
298,251,24,22
298,251,24,22
298,251,24,22
298,251,24,22
298,251,24,22
298,251,24,22
298,251,24,22
298,251,24,22
298,251,24,22
298,251,24,22
298,251,24,22
298,251,24,22
298,251,24,22
298,251,24,22
298,251,24,22
298,251,24,22
298,251,24,22
298,251,24,22
298,251,24,22
298,251,24,22
298,251,24,22
298,251,24,22
298,251,24,22
298,251,24,22
298,251,24,22
298,251,24,22
298,251,24,22
298,251,24,22
298,251,24,22
298,251,24,22
298,251,24,22
298,251,24,22
298,251,24,22
298,251,24,22
298,251,24,22
298,251,24,22
298,251,24,22
298,251,24,22
298,251,24,22
298,251,24,22
298,251,24,22
298,251,24,22
298,251,24,22
298,251,24,22
298,251,24,22
298,251,24,22
298,251,24,22
298,251,24,22
298,251,24,22
298,251,24,22
298,251,24,22
298,251,24,22
298,251,24,22
298,251,24,22
298,251,24,22
298,251,24,22
298,251,24,22
298,251,24,22
298,251,24,22
298,251,24,22
298,251,24,22
298,251,24,22
298,251,24,22
298,251,24,22
298,251,24,22
298,251,24,22
298,251,24,22
298,251,24,22
298,251,24,22
298,251,24,22
298,251,24,22
298,251,24,22
298,251,24,22
298,251,24,22
298,251,24,22
298,251,24,22
298,251,24,22
298,251,24,22
298,251,24,22
298,251,24,22
298,251,24,22
298,251,24,22
298,251,24,22
298,251,24,22
298,251,24,22
298,251,24,22
298,251,24,22
298,251,24,22
298,251,24,22
298,251,24,22
298,251,24,22
298,251,24,22
298,251,24,22
298,251,24,22
298,251,24,22
298,251,24,22
298,251,24,22
298,251,24,22
298,251,24,22
298,251,24,22
298,251,24,22
298,251,24,22
298,251,24,22
298,251,24,22
298,251,24,22
298,251,24,22
298,251,24,22
298,251,24,22
298,251,24,22
298,251,24,22
298,251,24,22
298,251,24,22
298,251,24,22
298,251,24,22
298,251,24,22
298,251,24,22
298,251,24,22
298,251,24,22
298,251,24,22
298,251,24,22
298,251,24,22
298,251,24,22
298,251,24,22
298,251,24,22
298,251,24,22
298,251,24,22
298,251,24,22
298,251,24,22
298,251,24,22
298,251,24,22
298,251,24,22
298,251,24,22
298,251,24,22
298,251,24,22
298,251,24,22
298,251,24,22
298,251,24,22
298,251,24,22
298,251,24,22
298,251,24,22
298,251,24,22
298,251,24,22
298,251,24,22
298,251,24,22
298,251,24,22
298,251,24,22
298,251,24,22
298,251,24,22
298,251,24,22
298,251,24,22
298,251,24,22
298,251,24,22
298,251,24,22
298,251,24,22
298,251,24,22
298,251,24,22
298,251,24,22
298,251,24,22
298,251,24,22
298,251,24,22
298,251,24,22
298,251,24,22
298,251,24,22
298,251,24,22
298,251,24,22
298,251,24,22
298,251,24,22
298,251,24,22
298,251,24,22
298,251,24,22
298,251,24,22
298,251,24,22
298,251,24,22
298,251,24,22
298,251,24,22
298,251,24,22
298,251,24,22
298,251,24,22
298,251,24,22
298,251,24,22
298,251,24,22
298,251,24,22
298,251,24,22
298,251,24,22
298,251,24,22
298,251,24,22
298,251,24,22
298,251,24,22
298,251,24,22
298,251,24,22
298,251,24,22
298,251,24,22
298,251,24,22
298,251,24,22
298,251,24,22
298,251,24,22
298,251,24,22
298,251,24,22
298,251,24,22
298,251,24,22
298,251,24,22
298,251,24,22
298,251,24,22
298,251,24,22
298,251,24,22
298,251,24,22
298,251,24,22
298,251,24,22
298,251,24,22
298,251,24,22
298,251,24,22
298,251,24,22
298,251,24,22
298,251,24,22
298,251,24,22
298,251,24,22
298,251,24,22
298,251,24,22
298,251,24,22
298,251,24,22
298,251,24,22
298,251,24,22
298,251,24,22
298,251,24,22
298,251,24,22
298,251,24,22
298,251,24,22
298,251,24,22
298,251,24,22
298,251,24,22
298,251,24,22
298,251,24,22
298,251,24,22
298,251,24,22
298,251,24,22
298,251,24,22
298,251,24,22
298,251,24,22
298,251,24,22
298,251,24,22
298,251,24,22
298,251,24,22
298,251,24,22
298,251,24,22
298,251,24,22
298,251,24,22
298,251,24,22
298,251,24,22
298,251,24,22
298,251,24,22
298,251,24,22
298,251,24,22
298,251,24,22
298,251,24,22
298,251,24,22
298,251,24,22
298,251,24,22
298,251,24,22
298,251,24,22
298,251,24,22
298,251,24,22
298,251,24,22
298,251,24,22
298,251,24,22
298,251,24,22
298,251,24,22
298,251,24,22
298,251,24,22
298,251,24,22
298,251,24,22
298,251,24,22
298,251,24,22
298,251,24,22
298,251,24,22
298,251,24,22
298,251,24,22
298,251,24,22
298,251,24,22
298,251,24,22
298,251,24,22
298,251,24,22
298,251,24,22
298,251,24,22
298,251,24,22
298,251,24,22
298,251,24,22
298,251,24,22
298,251,24,22
298,251,24,22
298,251,24,22
298,251,24,22
298,251,24,22
298,251,24,22
298,251,24,22
298,251,24,22
298,251,24,22
298,251,24,22
298,251,24,22
298,251,24,22
298,251,24,22
298,251,24,22
298,251,24,22
298,251,24,22
298,251,24,22
298,251,24,22
298,251,24,22
298,251,24,22
298,251,24,22
298,251,24,22
298,251,24,22
298,251,24,22
298,251,24,22
298,251,24,22
298,251,24,22
298,251,24,22
298,251,24,22
298,251,24,22
298,251,24,22
298,251,24,22
298,251,24,22
298,251,24,22
298,251,24,22
298,251,24,22
298,251,24,22
298,251,24,22
298,251,24,22
298,251,24,22
298,251,24,22
298,251,24,22
298,251,24,22
298,251,24,22
298,251,24,22
298,251,24,22
298,251,24,22
298,251,24,22
298,251,24,22
298,251,24,22
298,251,24,22
298,251,24,22
298,251,24,22
298,251,24,22
298,251,24,22
298,251,24,22
298,251,24,22
298,251,24,22
298,251,24,22
298,251,24,22
298,251,24,22
298,251,24,22
298,251,24,22
298,251,24,22
298,251,24,22
298,251,24,22
298,251,24,22
298,251,24,22
298,251,24,22
298,251,24,22
298,251,24,22
298,251,24,22
298,251,24,22
298,251,24,22
298,251,24,22
298,251,24,22
298,251,24,22
298,251,24,22
298,251,24,22
298,251,24,22
298,251,24,22
298,251,24,22
298,251,24,22
298,251,24,22
298,251,24,22
298,251,24,22
298,251,24,22
298,251,24,22
298,251,24,22
298,251,24,22
298,251,24,22
298,251,24,22
298,251,24,22
298,251,24,22
298,251,24,22
298,251,24,22
298,251,24,22
298,251,24,22
298,251,24,22
298,251,24,22
298,251,24,22
298,251,24,22
298,251,24,22
298,251,24,22
298,251,24,22
298,251,24,22
298,251,24,22
298,251,24,22
298,251,24,22
298,251,24,22
298,251,24,22
298,251,24,22
298,251,24,22
298,251,24,22
298,251,24,22
298,251,24,22
298,251,24,22
298,251,24,22
298,251,24,22
298,251,24,22
298,251,24,22
298,251,24,22
298,251,24,22
298,251,24,22
298,251,24,22
298,251,24,22
298,251,24,22
298,251,24,22
298,251,24,22
298,251,24,22
298,251,24,22
298,251,24,22
298,251,24,22
298,251,24,22
298,251,24,22
298,251,24,22
298,251,24,22
298,251,24,22
298,251,24,22
298,251,24,22
298,251,24,22
298,251,24,22
298,251,24,22
298,251,24,22
298,251,24,22
298,251,24,22
298,251,24,22
298,251,24,22
298,251,24,22
298,251,24,22
298,251,24,22
298,251,24,22
298,251,24,22
298,251,24,22
298,251,24,22
298,251,24,22
298,251,24,22
298,251,24,22
298,251,24,22
298,251,24,22
298,251,24,22
298,251,24,22
298,251,24,22
298,251,24,22
298,251,24,22
298,251,24,22
298,251,24,22
298,251,24,22
298,251,24,22
298,251,24,22
298,251,24,22
298,251,24,22
298,251,24,22
298,251,24,22
298,251,24,22
298,251,24,22
298,251,24,22
298,251,24,22
298,251,24,22
298,251,24,22
298,251,24,22
298,251,24,22
298,251,24,22
298,251,24,22
298,251,24,22
298,251,24,22
298,251,24,22
298,251,24,22
298,251,24,22
298,251,24,22
298,251,24,22
298,251,24,22
298,251,24,22
298,251,24,22
298,251,24,22
298,251,24,22
298,251,24,22
298,251,24,22
298,251,24,22
298,251,24,22
298,251,24,22
298,251,24,22
298,251,24,22
298,251,24,22
298,251,24,22
298,251,24,22
298,251,24,22
298,251,24,22
298,251,24,22
298,251,24,22
298,251,24,22
298,251,24,22
298,251,24,22
298,251,24,22
298,251,24,22
298,251,24,22
298,251,24,22
298,251,24,22
298,251,24,22
298,251,24,22
298,251,24,22
298,251,24,22
298,251,24,22
298,251,24,22
298,251,24,22
298,251,24,22
298,251,24,22
298,251,24,22
298,251,24,22
298,251,24,22
298,251,24,22
298,251,24,22
298,251,24,22
298,251,24,22
298,251,24,22
298,251,24,22
298,251,24,22
298,251,24,22
298,251,24,22
298,251,24,22
298,251,24,22
298,251,24,22
298,251,24,22
298,251,24,22
298,251,24,22
298,251,24,22
298,251,24,22
298,251,24,22
298,251,24,22
298,251,24,22
298,251,24,22
298,251,24,22
298,251,24,22
298,251,24,22
298,251,24,22
298,251,24,22
298,251,24,22
298,251,24,22
298,251,24,22
298,251,24,22
298,251,24,22
298,251,24,22
298,251,24,22
298,251,24,22
298,251,24,22
298,251,24,22
298,251,24,22
298,251,24,22
298,251,24,22
298,251,24,22
298,251,24,22
298,251,24,22
298,251,24,22
298,251,24,22
298,251,24,22
298,251,24,22
298,251,24,22
298,251,24,22
298,251,24,22
298,251,24,22
298,251,24,22
298,251,24,22
298,251,24,22
298,251,24,22
298,251,24,22
298,251,24,22
298,251,24,22
298,251,24,22
298,251,24,22
298,251,24,22
298,251,24,22
298,251,24,22
298,251,24,22
298,251,24,22
298,251,24,22
298,251,24,22
298,251,24,22
298,251,24,22
316,221,25,27
308,219,26,33
308,219,26,33
308,219,26,33
308,219,26,33
308,219,26,33
308,219,26,33
308,219,26,33
308,219,26,33
308,219,26,33
308,219,26,33
308,219,26,33
308,219,26,33
308,219,26,33
308,219,26,33
308,219,26,33
308,219,26,33
308,219,26,33
308,219,26,33
308,219,26,33
291,274,27,36
291,274,27,36
291,274,27,36
291,274,27,36
291,274,27,36
291,274,27,36
291,274,27,36
291,274,27,36
291,274,27,36
291,274,27,36
291,274,27,36
291,274,27,36
291,274,27,36
291,274,27,36
291,274,27,36
291,274,27,36
291,274,27,36
291,274,27,36
291,274,27,36
291,274,27,36
291,274,27,36
291,274,27,36
291,274,27,36
291,274,27,36
291,274,27,36
291,274,27,36
291,274,27,36
291,274,27,36
291,274,27,36
291,274,27,36
291,274,27,36
291,274,27,36
291,274,27,36
291,274,27,36
291,274,27,36
291,274,27,36
291,274,27,36
291,274,27,36
291,274,27,36
291,274,27,36
291,274,27,36
291,274,27,36
291,274,27,36
291,274,27,36
291,274,27,36
291,274,27,36
291,274,27,36
291,274,27,36
291,274,27,36
291,274,27,36
291,274,27,36
317,271,30,33
317,271,30,33
317,271,30,33
317,271,30,33
317,271,30,33
317,271,30,33
317,271,30,33
317,271,30,33
317,271,30,33
317,271,30,33
317,271,30,33
317,271,30,33
317,271,30,33
317,271,30,33
317,271,30,33
317,271,30,33
317,271,30,33
317,271,30,33
317,271,30,33
317,271,30,33
317,271,30,33
317,271,30,33
317,271,30,33
317,271,30,33
317,271,30,33
317,271,30,33
317,271,30,33
317,271,30,33
317,271,30,33
317,271,30,33
317,271,30,33
317,271,30,33
317,271,30,33
317,271,30,33
317,271,30,33
317,271,30,33
317,271,30,33
317,271,30,33
317,271,30,33
317,271,30,33
317,271,30,33
317,271,30,33
317,271,30,33
258,240,36,36
258,240,36,36
258,240,36,36
258,240,36,36
258,240,36,36
258,240,36,36
246,262,40,40
242,262,49,47
240,259,55,52
234,254,66,61
233,249,69,72
249,241,63,83
242,246,67,86
251,251,57,82
259,253,52,82
271,227,60,93
273,225,68,97
274,220,73,106
280,225,65,109
288,217,61,115
294,220,59,112
298,219,60,114
302,223,60,112
308,219,64,117
312,226,62,107
315,223,64,110
320,219,69,112
322,218,79,116
326,222,83,111
330,230,83,104
333,235,85,98
333,233,90,97
337,221,86,110
340,220,93,110
347,230,80,98
350,234,91,96
353,241,91,87
355,245,89,84
356,244,83,85
357,243,81,85
356,252,97,79
354,259,108,73
328,254,127,77
330,256,135,74
326,255,138,74
313,255,152,75
325,256,143,73
313,245,156,83
315,235,149,93
316,238,148,91
312,240,154,87
315,238,149,91
315,239,148,90
311,239,152,88
305,243,163,85
304,241,165,87
303,240,164,88
298,242,169,84
297,242,173,86
296,244,173,83
289,244,183,83
297,243,174,83
292,242,179,85
281,243,189,84
289,239,181,88
282,238,188,90
321,249,150,79
318,254,148,75
309,256,162,74
349,259,124,70
354,261,115,69
358,262,109,67
358,259,106,73
359,254,107,78
358,260,108,71
358,259,108,72
358,261,106,69
358,258,109,71
358,257,108,75
359,262,107,68
359,257,103,74
359,256,103,75
359,262,106,68
359,257,105,73
359,259,106,70
359,258,107,71
360,259,104,69
358,259,110,70
358,259,108,70
359,259,109,70
354,255,104,75
356,260,106,69
358,261,108,68
359,262,105,67
359,258,109,70
357,252,111,77
356,253,114,75
355,257,114,71
357,261,106,67
356,259,111,69
352,260,116,68
349,264,119,64
349,266,117,61
346,266,121,61
354,268,114,57
350,267,119,58
350,266,122,58
312,270,139,53
345,268,127,55
306,268,139,57
330,268,138,55
340,265,132,58
338,262,135,60
335,260,138,62
337,259,138,62
334,258,139,62
332,259,135,64
340,258,129,63
340,259,133,62
341,260,132,61
342,261,130,59
306,267,139,57
339,264,135,58
310,273,119,53
332,266,101,59
342,259,89,65
343,258,80,68
344,255,76,71
345,254,75,70
344,253,77,72
344,254,77,70
344,253,76,72
344,254,74,70
341,252,78,72
340,243,76,82
341,236,77,89
341,240,80,87
343,233,77,93
345,227,73,101
343,231,76,96
342,229,76,97
342,234,73,94
339,230,77,98
338,227,77,102
336,216,78,115
334,206,84,127
337,201,78,133
336,197,79,135
337,188,81,135
339,184,81,137
347,181,79,148
355,180,91,149
360,186,99,130
362,186,88,121
361,185,101,127
366,192,102,130
366,191,107,152
374,190,101,152
381,197,97,144
386,208,96,133
388,212,91,129
389,208,94,134
392,215,90,126
392,220,93,122
395,217,90,125
396,220,91,115
396,219,93,125
398,223,93,121
405,232,88,114
410,235,87,113
414,240,84,108
420,246,79,100
423,254,78,90
420,253,83,89
414,251,90,91
420,256,83,87
426,261,75,82
427,259,76,84
424,258,76,87
421,253,79,93
420,260,79,87
428,270,74,75
431,271,76,74
432,273,73,70
430,274,78,71
430,273,76,71
431,272,75,72
430,271,77,74
432,273,72,72
431,274,75,73
431,273,74,70
431,272,74,73
430,271,76,73
432,270,72,74
431,271,74,74
430,271,75,72
432,273,73,72
429,273,79,72
432,271,73,73
431,272,74,73
432,271,73,75
431,274,75,69
432,271,73,73
431,273,76,71
431,272,74,73
431,272,74,72
432,272,72,72
432,272,73,73
432,273,73,71
432,273,73,72
431,272,74,72
432,272,73,72
432,271,74,74
432,273,72,71
432,272,74,73
431,272,73,72
432,271,73,74
433,272,71,71
431,272,76,73
432,271,72,74
432,271,73,73
431,271,75,73
432,270,72,75
432,271,73,73
432,273,72,71
430,273,75,71
431,272,74,72
432,271,73,73
431,272,75,72
433,272,72,72
432,272,73,72
432,271,73,74
431,271,76,75
432,270,73,75
432,271,73,73
433,272,70,72
433,274,71,69
433,273,72,72
432,272,73,72
432,273,72,70
432,272,74,73
433,271,72,75
431,271,74,73
431,272,74,72
431,271,75,74
432,272,73,71
432,273,73,71
431,273,75,71
430,271,76,73
431,271,74,72
432,271,73,73
431,271,75,75
430,272,77,71
431,271,76,73
432,270,74,74
431,270,75,75
432,270,73,73
432,271,74,75
431,271,74,73
432,270,74,74
432,270,73,74
432,271,73,74
431,271,74,73
431,270,74,74
431,272,75,71
430,272,76,73
430,272,77,71
432,272,74,73
431,273,75,71
432,272,74,73
432,272,73,73
431,271,74,73
432,271,72,73
432,272,72,73
433,271,72,74
432,273,73,71
432,272,73,73
432,273,73,71
432,272,74,73
431,271,74,73
431,271,74,75
431,271,74,73
431,270,74,75
431,271,75,73
432,270,73,75
432,271,72,73
433,272,72,73
432,273,73,72
431,272,75,72
433,272,72,72
432,272,74,73
431,271,75,74
431,272,73,72
431,272,74,72
431,272,74,72
432,271,72,75
431,272,73,72
432,272,73,72
430,271,75,74
431,271,75,73
431,271,74,73
431,271,75,74
431,271,74,74
432,270,73,75
432,271,73,74
432,272,73,74
431,272,74,71
431,273,75,72
431,272,74,72
432,272,72,71
433,273,72,72
432,271,73,74
431,272,74,72
431,272,74,72
431,272,75,72
431,271,75,74
432,270,74,76
432,271,73,73
432,270,73,74
432,271,74,75
431,271,74,74
430,271,76,73
431,270,75,75
432,271,72,73
431,272,73,72
431,270,75,75
431,270,74,75
431,270,74,74
432,270,73,75
431,270,75,75
431,271,74,73
431,271,74,74
431,269,74,75
431,272,75,72
432,272,73,74
433,271,70,73
431,272,74,73
431,272,74,72
430,272,77,74
431,271,75,74
430,272,75,73
431,270,75,75
432,271,72,73
432,271,72,73
432,272,72,73
432,272,73,72
431,271,74,74
430,271,75,72
432,271,73,74
432,271,73,74
432,272,73,72
432,273,74,72
431,271,74,72
432,273,72,71
433,273,71,72
432,273,72,71
432,271,73,74
431,271,75,73
