477,243,119,76
474,241,117,74
464,240,120,74
459,238,116,76
453,232,116,80
443,227,118,84
436,225,114,87
425,231,124,83
421,237,114,81
415,241,108,78
408,244,106,78
393,239,120,86
388,241,115,84
375,242,121,83
369,244,118,81
362,246,121,84
354,246,122,81
348,247,127,80
341,245,131,84
340,247,129,82
337,245,131,81
344,245,129,82
350,245,131,82
359,244,124,86
367,245,123,84
374,243,123,86
379,246,122,87
384,245,121,84
388,245,122,86
390,247,124,87
393,245,126,84
398,245,124,84
401,251,123,77
405,245,122,81
408,243,120,80
409,244,116,81
412,242,113,81
415,245,107,83
420,243,94,88
410,235,99,93
401,222,104,106
406,221,104,111
416,223,96,104
422,223,90,108
425,224,88,103
425,221,87,110
422,223,89,107
417,224,92,99
413,226,94,89
410,219,96,100
414,224,92,91
425,220,82,98
439,223,64,94
446,228,54,93
448,227,52,88
447,236,48,77
447,236,48,77
447,236,48,77
447,236,48,77
447,236,48,77
447,236,48,77
447,236,48,77
447,236,48,77
435,245,51,83
429,245,64,88
428,247,69,81
426,242,76,84
423,240,83,87
420,240,84,91
415,245,92,86
412,237,107,93
408,237,124,91
406,231,128,102
407,230,133,106
413,229,128,104
414,231,132,108
419,230,128,111
416,227,134,117
430,229,117,116
428,231,119,116
443,227,109,122
440,231,106,121
451,228,104,124
420,231,135,125
420,232,134,125
417,232,141,126
415,233,143,126
419,232,139,132
411,236,153,131
426,233,135,147
437,234,122,153
445,231,116,157
451,228,110,165
455,232,111,159
460,231,106,162
427,230,140,161
430,238,140,138
419,240,160,124
409,235,173,133
405,237,167,132
404,244,162,122
397,242,177,126
392,242,184,126
391,244,181,121
393,252,178,113
389,250,182,119
388,245,181,128
386,244,184,132
390,246,181,128
387,251,187,118
386,257,187,113
385,257,188,119
384,253,183,132
388,252,177,135
387,251,178,134
388,255,174,127
390,254,174,125
393,248,169,129
395,246,157,125
396,244,161,128
397,246,156,121
396,250,163,97
399,248,155,103
402,241,143,117
402,239,150,114
400,241,151,114
407,241,141,111
407,240,138,116
405,239,145,115
405,237,144,118
410,236,137,117
410,232,137,124
410,226,124,127
410,225,95,128
414,229,93,123
412,228,104,126
411,227,109,131
410,227,113,128
414,227,120,123
413,221,118,131
411,230,122,120
412,231,123,120
409,229,127,121
414,234,120,117
413,239,121,110
414,243,125,104
422,248,121,97
422,250,122,85
423,251,120,91
429,253,118,75
433,256,118,66
435,260,115,78
436,258,115,58
436,270,115,73
438,260,117,85
438,257,118,88
437,254,122,96
436,256,120,95
435,259,123,92
433,255,125,99
435,251,120,105
437,247,119,111
440,248,110,114
438,248,108,114
440,247,102,119
443,249,95,122
444,251,92,124
447,251,85,124
450,251,79,124
451,251,76,120
449,251,79,115
447,247,78,120
445,243,79,124
445,241,78,132
438,241,86,133
435,241,89,122
428,239,97,126
426,241,102,119
421,241,106,121
421,245,106,117
420,246,112,115
418,247,117,115
419,250,119,104
415,249,122,107
415,247,122,105
413,249,122,110
409,252,121,108
405,251,123,112
399,256,120,105
385,255,134,112
379,259,133,106
370,265,142,93
364,269,141,84
363,272,138,82
365,273,131,83
368,275,129,79
370,275,128,85
375,278,124,81
377,278,124,79
379,281,124,77
385,282,123,77
388,278,124,83
389,280,122,87
389,276,125,92
390,273,123,98
394,277,120,95
397,275,119,97
395,276,124,95
398,273,120,99
395,273,127,99
400,275,119,96
399,272,119,100
401,275,122,99
404,274,112,97
393,272,126,104
397,266,121,108
399,270,117,105
399,267,120,111
404,270,118,108
403,270,125,110
407,269,122,108
413,267,115,113
416,268,111,114
419,261,110,120
426,261,102,123
428,263,98,122
437,262,84,121
438,260,80,123
442,257,77,126
444,261,73,119
450,263,71,120
450,263,70,119
455,261,64,119
455,260,62,122
453,259,61,122
455,254,61,129
455,259,61,124
452,261,63,122
445,255,68,127
453,260,63,120
453,257,64,125
440,261,80,119
433,262,92,118
424,259,97,124
426,262,103,125
419,262,107,124
410,268,123,123
407,272,133,118
407,275,139,111
403,281,150,104
396,283,162,98
401,289,144,83
403,290,154,82
395,291,148,82
403,295,139,78
404,300,109,71
405,305,101,68
403,305,103,67
401,300,108,76
400,301,108,77
400,302,109,75
399,302,113,77
398,300,113,78
397,304,114,74
398,302,116,76
394,300,124,77
399,303,115,76
398,300,117,81
399,302,122,76
399,297,120,85
399,295,122,89
400,296,124,87
401,297,128,87
405,294,123,88
405,291,117,94
409,289,113,93
411,289,111,95
411,291,108,91
409,291,115,91
408,287,112,96
405,283,116,101
406,279,119,102
400,278,130,103
402,275,127,105
406,275,126,105
396,267,134,113
393,269,134,111
397,265,132,114
394,267,136,112
399,268,131,108
395,264,137,112
398,267,135,108
397,263,139,109
399,263,136,112
398,262,135,112
400,266,139,108
398,264,139,112
401,267,132,112
405,271,128,107
407,268,126,110
413,274,118,100
416,274,114,97
419,275,106,95
425,270,101,97
437,266,97,103
449,266,93,95
455,264,91,92
456,263,85,90
448,261,95,91
444,261,99,89
441,260,104,92
437,260,106,90
435,261,106,87
433,259,108,87
425,260,115,84
409,256,128,89
411,257,110,84
413,258,100,87
419,258,93,84
418,256,97,86
421,256,88,83
417,252,95,85
415,252,96,83
413,251,105,88
414,252,98,84
411,252,108,85
408,252,110,87
403,254,117,94
401,258,116,98
405,260,110,102
409,262,105,102
405,265,108,97
404,270,111,92
404,274,109,88
403,276,103,90
401,279,110,90
396,281,119,89
396,282,120,89
394,285,129,86
395,286,129,82
394,286,129,81
393,285,130,79
391,285,133,71
387,288,138,57
378,290,149,52
380,292,144,50
384,294,137,50
381,295,141,49
380,297,144,48
381,295,144,53
382,294,138,57
384,293,136,58
379,291,143,63
377,291,148,66
379,292,147,65
387,280,134,79
382,286,138,73
385,285,135,73
388,285,130,74
391,279,128,80
396,274,115,87
395,272,122,88
399,272,121,84
400,274,118,81
399,273,119,81
400,276,122,80
400,276,125,79
400,274,111,80
399,274,107,79
397,270,99,85
395,273,94,80
394,273,95,69
393,274,92,58
392,271,96,57
391,269,95,59
392,272,91,51
396,269,87,59
396,267,85,58
396,265,84,59
397,266,84,57
398,265,81,56
399,267,78,51
399,269,78,50
400,270,77,50
399,269,81,48
398,274,83,46
399,273,86,45
403,272,90,52
398,272,90,50
402,271,95,53
399,269,94,54
416,256,94,55
412,256,94,72
405,252,99,81
404,252,109,82
403,253,127,82
404,250,131,86
405,250,127,86
405,251,128,86
407,252,124,83
406,253,125,81
407,251,127,83
407,251,126,84
410,254,121,81
411,253,121,83
413,252,121,82
414,250,121,82
413,249,122,84
413,248,122,83
413,248,126,84
415,249,123,77
415,247,124,81
417,245,119,80
416,245,122,80
417,247,114,76
418,250,91,73
418,243,89,77
420,242,89,79
418,243,92,80
419,242,88,86
420,239,88,90
422,245,94,89
424,244,86,87
425,247,84,88
423,249,84,92
422,253,87,90
424,247,85,99
422,243,101,104
421,246,100,102
421,244,100,103
423,248,93,103
422,249,97,100
422,251,103,100
422,253,101,99
418,254,92,81
415,259,94,65
412,261,97,60
407,264,104,57
406,269,106,53
407,274,116,50
405,272,122,58
404,272,132,60
403,270,135,64
403,269,134,70
403,267,134,75
406,261,131,83
410,255,126,88
415,250,112,90
416,249,99,82
418,248,88,81
415,249,88,82
411,250,92,81
407,251,97,76
408,253,97,74
404,252,106,76
404,249,102,88
404,252,103,85
406,250,96,86
404,250,102,85
402,254,109,82
401,255,107,79
402,255,89,72
400,256,87,68
398,257,90,60
395,260,90,57
394,263,89,54
394,268,89,48
391,269,95,49
403,270,92,53
393,271,100,54
391,272,98,54
393,273,94,54
408,267,93,62
394,270,107,59
392,275,94,54
397,268,110,63
394,266,120,68
395,267,115,70
394,262,130,76
398,258,131,84
399,260,123,85
403,259,117,86
404,257,110,91
406,260,99,90
402,259,107,92
404,262,105,87
403,261,117,89
405,261,105,88
403,263,116,87
402,262,111,85
403,264,104,85
400,263,114,86
400,262,110,85
401,264,106,78
401,264,102,79
400,263,103,82
399,267,104,81
399,270,101,80
396,275,108,73
396,277,105,75
395,275,106,77
392,277,112,75
389,274,114,82
389,276,112,81
389,276,109,81
388,273,113,86
389,275,111,85
388,270,112,86
387,273,111,85
391,272,106,83
390,272,109,85
392,268,109,88
392,269,112,84
394,265,111,89
395,262,115,88
395,263,117,87
397,263,116,87
399,259,113,91
401,258,115,89
402,259,109,88
406,257,100,88
408,259,100,89
412,258,99,88
416,257,94,92
412,254,103,94
405,253,111,97
406,252,112,98
408,257,108,92
412,257,108,91
410,258,117,90
417,253,107,93
413,256,116,90
413,253,112,89
411,247,94,93
421,245,88,95
432,251,77,83
431,257,87,75
428,260,99,70
426,252,102,77
424,253,107,77
420,251,119,79
418,252,130,81
418,249,138,84
422,247,128,83
426,245,127,86
426,247,126,85
428,244,122,87
429,245,121,88
427,247,124,84
429,244,118,85
425,241,127,92
421,245,128,82
422,247,123,83
426,245,119,85
423,245,126,85
423,245,127,89
424,246,118,88
423,249,119,85
424,250,114,84
421,248,119,90
417,246,123,91
419,246,123,84
421,244,120,93
415,242,129,96
419,239,126,97
417,241,131,95
422,243,126,83
421,239,127,92
422,237,125,91
426,241,123,83
424,238,125,84
421,243,131,78
419,241,134,79
413,244,139,77
405,238,147,84
403,237,150,88
409,239,141,86
409,241,141,84
413,243,137,85
419,244,127,87
419,249,133,84
422,250,118,84
431,253,111,87
428,252,100,82
427,251,107,84
422,253,114,83
422,250,113,93
423,253,116,90
418,254,124,91
420,255,124,96
418,258,131,88
416,261,139,88
417,260,144,91
416,259,145,95
417,261,154,91
412,262,163,93
415,258,149,104
422,262,132,104
422,265,133,101
421,267,131,97
423,268,129,108
423,268,117,107
423,272,117,102
422,275,104,100
415,276,111,101
416,277,100,101
414,276,100,105
410,278,97,98
413,281,90,94
411,281,89,95
411,283,86,95
407,286,90,90
406,287,89,89
413,283,74,73
414,287,75,86
414,275,70,96
415,286,74,92
417,294,74,83
415,286,78,89
424,297,70,80
431,301,65,76
437,304,58,73
445,306,48,64
445,305,51,62
445,301,53,74
437,299,63,85
430,298,76,90
429,293,65,102
432,293,56,121
447,291,57,123
436,292,67,123
431,293,71,122
432,295,75,120
435,292,62,116
430,296,63,116
426,294,67,117
425,291,67,119
426,286,68,121
424,281,74,129
424,280,77,129
429,279,70,131
427,283,74,124
425,286,79,119
428,285,78,122
427,281,80,124
428,280,83,123
431,281,82,125
428,286,82,123
419,281,95,129
410,280,107,129
399,278,121,132
400,280,125,128
398,282,126,126
397,282,129,127
397,283,134,120
396,281,136,119
399,281,133,116
398,277,127,119
401,275,102,127
400,272,109,127
399,274,123,119
405,273,112,119
403,272,112,120
404,273,117,117
403,274,119,118
407,274,115,113
407,273,116,110
412,276,113,87
410,274,118,94
410,272,117,103
411,274,116,96
412,273,119,103
416,274,114,92
413,272,120,98
411,270,128,100
414,268,119,111
406,267,133,126
409,263,125,130
408,263,127,133
416,261,120,133
406,262,134,130
412,258,130,135
426,258,118,131
428,258,115,130
435,260,109,125
442,260,102,129
443,258,103,126
445,256,103,129
448,256,99,126
445,254,100,130
446,254,101,130
450,252,94,130
451,249,90,140
454,243,89,145
455,242,89,140
456,241,87,143
457,237,86,151
457,234,87,154
457,236,90,148
457,236,86,152
459,238,86,149
459,235,85,142
464,235,80,146
470,239,78,126
473,240,74,126
468,240,80,124
467,242,75,125
468,241,71,126
471,244,65,120
476,245,52,125
477,241,51,123
477,245,49,113
476,241,49,104
474,246,53,90
474,247,46,83
470,248,52,84
467,248,56,87
466,252,58,90
462,255,65,86
459,255,68,88
461,260,67,81
465,259,68,81
467,258,69,80
465,267,74,71
461,273,77,71
460,278,75,72
454,275,85,76
451,283,88,72
457,282,81,70
452,287,87,64
450,291,87,61
443,290,94,65
444,290,97,66
444,289,108,65
423,289,101,63
446,294,91,54
445,291,77,55
445,290,71,60
443,291,70,65
441,293,74,68
438,290,80,72
439,282,79,85
437,281,84,84
436,279,81,84
435,277,80,88
432,274,83,86
430,271,88,90
424,267,99,92
424,268,94,90
418,263,96,94
417,266,95,87
413,266,97,87
411,267,97,87
408,268,96,85
406,269,98,85
401,268,100,85
398,265,101,92
395,266,104,87
391,266,110,84
387,262,115,89
385,259,119,92
371,257,137,100
371,252,139,122
378,250,134,130
380,252,126,127
376,247,133,135
375,253,134,126
374,253,132,126
374,259,125,119
371,252,136,127
365,254,136,126
370,258,130,119
364,254,137,123
363,255,141,122
362,259,137,116
365,255,133,117
362,251,134,120
359,253,134,115
353,247,135,122
349,245,138,121
350,243,126,122
351,242,119,121
346,240,125,122
341,240,136,121
344,240,135,123
339,239,140,126
335,245,142,120
337,244,138,122
334,248,137,109
330,247,141,109
330,243,142,102
328,245,136,103
330,246,139,100
332,247,132,95
332,251,135,91
334,251,129,88
336,250,127,86
336,246,130,92
341,243,127,96
345,247,125,92
346,245,130,92
354,243,122,98
352,244,132,97
353,244,132,100
359,235,126,115
361,240,136,113
361,234,139,120
374,235,128,120
392,228,109,131
397,227,109,134
398,227,110,133
403,224,104,132
406,225,103,135
407,224,99,133
413,221,95,138
419,218,84,141
414,219,96,134
421,218,89,133
420,218,94,132
422,217,93,129
428,216,93,130
430,217,94,127
434,215,93,127
438,215,92,124
445,214,88,128
447,211,91,131
447,217,96,125
454,215,93,126
455,215,95,127
455,220,99,122
456,221,105,127
453,219,110,128
449,218,117,132
445,214,121,135
446,221,127,131
441,219,128,136
436,217,136,140
442,216,137,139
435,207,147,147
426,180,171,170
396,197,169,174
404,170,183,182
401,190,194,183
369,157,216,186
351,162,242,178
348,155,243,203
355,179,238,198
352,159,246,188
369,181,230,197
358,159,244,189
366,191,234,190
360,159,235,171
362,168,236,181
359,163,244,168
388,180,208,180
395,166,209,178
373,162,228,183
362,163,235,184
351,192,229,162
350,162,247,185
359,188,238,171
352,169,247,180
342,165,253,192
343,165,244,187
334,163,251,184
331,162,250,183
327,164,251,165
317,161,257,179
317,164,252,171
310,162,250,171
299,161,260,168
292,164,261,148
283,164,261,159
280,165,259,143
266,162,262,148
266,165,264,133
261,171,261,123
248,173,260,116
291,211,245,112
257,191,248,128
244,174,257,116
240,171,256,121
227,170,260,120
230,170,261,122
225,165,260,134
219,170,272,108
225,172,270,109
224,172,259,111
220,173,271,99
227,172,261,97
208,197,286,128
224,168,264,146
228,165,252,145
226,170,263,110
225,174,262,90
242,207,268,122
240,177,241,159
235,163,247,181
235,162,249,179
235,166,257,150
239,162,258,187
239,160,258,195
239,159,262,180
244,163,258,174
248,161,266,187
252,161,265,159
259,166,272,142
254,169,269,111
266,168,281,115
266,168,278,111
273,195,276,146
285,161,275,187
288,156,279,174
290,164,280,169
300,160,277,141
302,165,279,118
308,188,284,158
313,171,280,191
314,159,283,210
314,158,283,216
315,156,292,221
317,146,286,244
317,159,298,227
316,155,296,230
317,155,295,237
321,153,283,244
313,150,296,244
312,153,297,235
309,152,297,237
308,150,294,238
301,156,300,199
294,161,309,138
284,167,308,130
281,172,318,123
268,165,325,146
260,170,312,131
248,167,328,139
246,162,324,170
227,163,330,164
217,160,332,162
203,153,343,193
196,158,347,159
179,158,350,181
166,164,355,143
170,162,348,149
154,157,357,155
147,156,353,170
136,155,361,183
125,154,360,184
116,156,356,186
111,152,372,197
102,146,368,215
89,146,374,214
95,148,361,214
87,146,365,218
83,144,367,229
83,139,364,261
80,141,371,246
80,129,367,280
70,124,380,302
55,133,386,290
73,137,378,271
64,129,378,290
55,127,370,295
68,120,368,308
57,121,374,314
51,126,384,293
59,129,366,295
47,126,377,307
53,131,379,280
54,132,383,291
55,128,387,289
54,131,381,279
52,139,374,262
62,131,384,289
65,138,368,264
66,139,370,257
68,138,369,257
85,147,356,244
84,142,346,246
94,146,343,246
99,149,355,236
116,150,344,235
122,152,348,224
130,162,349,204
138,154,349,207
147,162,360,200
155,160,357,206
165,161,367,194
177,165,370,183
178,161,372,193
187,163,370,186
194,165,380,188
203,161,381,189
204,165,374,165
210,169,378,164
219,159,379,178
215,165,372,169
231,161,376,165
224,165,366,161
227,166,371,163
236,164,362,156
239,165,358,158
241,165,359,157
243,167,368,154
240,165,362,164
246,164,365,160
249,169,364,156
246,166,364,153
249,166,367,153
255,169,358,150
253,166,361,149
246,171,364,149
257,166,354,147
255,169,351,152
257,166,353,152
252,170,349,154
260,165,353,158
256,175,348,151
253,167,358,157
255,170,353,156
260,174,358,145
262,176,352,145
267,174,353,141
262,175,350,146
258,172,357,151
264,173,356,146
264,181,358,142
265,181,356,137
269,175,352,147
265,179,357,150
275,168,355,161
274,175,353,160
285,168,348,163
279,167,354,166
280,168,358,165
279,166,360,163
274,173,368,157
285,170,351,157
283,176,359,144
283,170,359,145
281,172,354,143
277,178,360,119
279,177,362,122
275,172,361,140
272,163,361,194
280,167,349,186
283,163,343,190
275,165,347,210
277,158,345,243
271,158,359,207
274,158,347,238
273,159,348,211
273,164,347,227
269,155,355,204
263,165,358,213
269,159,355,189
259,162,367,211
265,158,357,199
254,170,377,179
267,172,361,179
267,175,371,178
309,190,331,162
293,180,340,174
318,183,314,176
346,194,285,163
355,186,272,172
326,187,309,167
350,188,278,170
352,182,280,174
325,185,313,163
350,183,280,164
362,185,266,160
348,188,287,157
324,177,308,166
324,173,309,175
364,189,269,152
336,174,296,189
344,176,289,180
277,166,349,184
268,165,361,168
268,161,364,205
265,166,361,206
270,160,353,201
276,164,349,187
270,164,363,177
270,166,359,176
270,163,362,177
270,161,361,177
270,163,362,173
272,167,363,162
270,171,377,157
278,166,352,169
269,166,360,162
268,166,364,161
267,166,362,160
268,165,359,164
267,163,352,160
263,164,363,150
264,158,361,190
257,166,368,149
262,165,358,157
257,159,372,191
253,163,362,209
261,154,341,249
255,151,341,262
263,154,349,228
264,169,356,156
257,169,366,148
257,167,363,165
256,167,365,157
255,168,366,163
260,171,366,148
256,170,365,158
262,168,364,161
256,171,370,156
255,170,369,152
253,170,367,151
259,169,362,158
252,167,365,165
253,172,373,147
256,169,362,159
260,170,366,153
251,172,366,156
249,172,371,141
249,172,370,148
248,171,380,152
260,168,366,152
242,173,380,144
253,170,374,142
256,172,363,155
249,174,369,137
247,171,377,148
254,168,368,172
252,170,371,146
249,175,368,144
262,166,362,181
248,172,373,154
251,170,372,167
256,167,371,170
259,166,363,179
257,163,357,183
257,165,355,178
258,163,360,213
269,154,335,255
260,151,345,256
263,149,335,255
259,159,350,233
262,154,340,247
259,159,352,251
261,150,346,259
257,145,340,264
256,146,345,265
253,145,344,275
262,149,341,266
255,150,348,254
258,148,335,264
250,154,353,253
253,155,351,254
253,152,344,260
263,157,344,239
254,154,346,253
252,157,348,252
244,151,357,261
239,158,363,248
249,150,351,267
244,152,352,265
239,153,364,273
234,147,374,281
242,149,366,279
237,156,362,261
236,154,370,274
232,153,374,281
232,148,367,289
236,150,368,279
244,146,354,294
236,151,362,282
235,150,368,291
241,147,355,277
242,147,359,295
250,149,357,226
241,157,369,203
238,167,375,145
240,166,365,155
244,165,366,188
236,163,377,178
243,162,360,209
242,154,364,208
243,161,361,181
237,160,368,177
236,162,372,174
236,162,366,172
238,165,372,164
241,162,363,168
240,163,370,166
239,167,362,152
246,165,356,162
246,160,364,174
246,158,356,198
247,162,346,151
239,162,359,167
245,164,362,167
243,160,353,167
245,161,361,179
241,160,370,175
243,164,368,164
239,162,373,166
245,165,373,164
245,162,372,163
243,163,369,166
242,163,375,172
242,165,369,175
237,159,378,184
242,161,366,178
243,160,366,185
237,160,360,191
245,160,355,191
243,162,360,191
241,159,350,198
248,157,353,206
246,156,354,212
249,156,348,213
244,157,353,217
244,155,358,218
243,159,361,226
241,157,369,208
240,163,365,195
244,164,366,212
243,153,358,258
246,154,360,258
250,154,358,256
243,154,359,266
243,152,360,276
245,151,359,271
235,149,374,292
254,148,297,299
261,149,311,300
247,147,318,291
255,144,328,297
245,145,351,288
257,145,348,279
248,151,337,266
244,152,351,257
250,161,352,239
246,152,361,253
245,150,365,268
251,143,349,282
257,139,330,293
251,148,347,284
252,153,346,268
253,142,351,289
250,149,351,274
242,149,363,275
249,148,350,274
247,150,355,282
243,144,363,290
258,145,347,287
265,151,341,259
262,150,345,264
255,150,358,263
250,152,361,231
254,155,367,223
250,157,372,213
238,155,381,215
247,156,368,206
242,161,377,191
243,160,372,193
247,158,368,196
246,157,366,207
258,163,363,196
254,157,365,217
246,159,377,185
244,162,374,172
243,163,370,140
234,159,381,153
248,156,366,161
242,161,376,156
238,159,382,156
239,158,381,161
236,161,385,143
240,158,373,173
234,161,382,165
237,161,383,168
236,162,380,149
241,165,375,167
233,161,387,172
235,156,376,177
225,159,395,178
223,158,402,165
230,161,396,158
225,162,407,154
239,162,391,150
222,168,407,139
226,165,405,138
226,167,405,131
221,171,417,124
225,170,413,121
225,168,410,120
226,172,403,120
228,173,404,116
220,169,416,115
225,168,409,120
232,176,394,104
223,177,402,96
219,170,408,102
212,174,415,90
221,173,408,91
212,175,412,85
210,171,402,83
218,174,399,75
216,167,402,92
228,170,388,105
240,172,387,158
262,164,365,186
270,162,345,216
283,160,329,212
280,160,324,222
283,157,327,212
290,163,319,214
298,160,308,217
300,161,307,216
303,157,303,231
301,159,311,220
306,164,327,212
299,165,343,219
302,158,340,225
305,165,356,215
312,171,361,214
311,178,383,207
282,161,431,239
250,158,466,247
304,177,405,287
227,170,497,348
277,157,449,385
298,145,426,378
257,134,431,383
303,157,421,367
283,161,451,359
253,153,480,370
292,144,425,387
213,123,470,404
273,149,449,379
312,141,372,387
310,143,378,378
301,142,345,375
310,143,367,376
305,122,331,406
299,150,348,384
301,138,384,391
297,131,354,388
297,147,405,390
291,133,386,396
297,129,349,396
299,137,315,401
305,127,375,404
305,130,353,403
304,133,373,406
306,158,317,369
300,137,278,399
327,109,260,391
309,144,266,396
306,158,284,375
306,156,284,380
329,70,268,446
305,135,293,411
309,154,300,389
301,113,319,381
298,144,324,364
302,155,315,360
303,144,311,382
325,157,291,293
319,155,292,297
317,148,287,306
311,150,292,306
311,149,327,308
302,151,410,309
301,138,413,323
295,134,421,357
295,139,426,333
294,128,425,348
288,141,423,375
296,137,421,359
298,137,416,337
292,143,417,352
291,145,418,326
287,146,426,320
288,145,427,335
304,148,401,350
347,154,372,329
243,139,342,286
242,143,326,265
237,143,313,273
245,142,293,268
247,150,286,259
251,153,278,271
254,165,275,264
255,171,274,259
256,166,273,267
257,155,270,282
252,162,273,279
251,154,281,291
253,161,268,279
252,153,266,294
255,161,264,286
256,156,254,286
255,146,245,289
257,149,262,292
261,143,246,294
259,150,250,284
258,164,272,268
256,153,284,285
256,152,287,307
259,148,303,340
262,140,309,376
268,144,288,375
263,142,306,356
261,144,320,330
268,146,309,342
279,150,300,359
273,146,311,373
282,149,302,355
307,151,281,334
275,153,310,293
289,153,300,219
247,156,351,191
238,157,372,199
235,162,373,188
229,162,391,196
236,164,380,197
229,163,390,187
235,166,389,189
235,164,390,190
231,164,395,187
228,165,394,188
229,159,369,197
222,161,388,199
234,152,349,237
224,144,358,269
230,135,373,337
258,145,332,395
301,170,310,374
315,145,303,384
308,161,346,374
303,124,368,355
302,151,352,377
308,162,283,378
319,143,266,397
312,80,307,416
288,156,358,367
282,148,387,397
295,151,304,379
316,154,293,373
319,123,304,352
308,150,300,382
300,43,330,389
318,145,263,396
319,73,277,453
321,132,275,413
326,146,259,386
339,121,253,366
328,152,268,376
310,140,278,385
327,145,267,383
333,148,267,371
327,148,275,369
335,148,258,371
326,148,275,368
326,145,277,375
311,144,290,374
291,144,313,333
282,143,319,269
286,153,309,227
262,150,341,234
236,160,385,182
233,164,391,172
239,161,381,186
234,165,391,164
239,166,381,162
236,166,389,159
236,163,381,172
237,166,378,170
234,166,383,159
235,168,380,158
231,166,383,160
234,167,378,161
232,166,382,162
235,165,378,164
233,164,384,167
232,162,383,172
229,168,388,164
231,171,386,156
225,168,392,168
233,166,383,180
233,164,382,190
232,156,373,198
229,162,384,183
231,161,376,205
231,160,377,198
236,161,363,214
240,163,362,214
238,153,348,236
237,159,363,231
235,154,358,246
229,157,364,234
228,156,362,243
227,152,363,240
231,152,356,248
228,151,353,248
222,158,362,236
229,158,356,221
232,158,347,239
233,149,333,260
230,147,334,270
222,147,357,282
231,144,331,268
225,151,347,268
223,151,358,266
219,145,363,270
219,154,376,238
223,146,356,270
224,153,357,264
220,147,365,269
219,153,375,242
222,154,370,234
225,169,376,169
226,163,382,180
228,167,390,174
220,165,396,182
223,165,393,181
219,165,400,182
218,166,400,187
222,170,405,184
220,174,404,185
222,164,397,207
225,169,397,203
218,155,404,250
227,161,389,241
219,160,397,252
226,163,388,236
222,165,389,252
218,156,397,252
220,150,392,273
207,144,407,270
210,153,402,252
211,155,399,234
215,156,395,251
216,160,407,187
212,166,420,174
219,167,410,170
221,162,404,185
214,162,417,169
218,161,407,157
218,160,408,166
223,159,402,170
221,158,400,175
223,161,404,174
226,156,397,182
225,160,393,179
224,163,397,177
220,160,399,181
220,160,399,181
216,162,408,159
223,163,389,166
225,165,399,147
223,166,402,138
222,167,410,134
224,167,408,136
219,169,424,132
222,160,406,154
229,162,402,158
224,162,400,162
230,162,398,159
231,160,391,164
233,160,388,163
231,159,387,166
233,158,387,168
228,159,391,161
228,161,399,154
232,159,391,171
229,163,393,174
228,165,399,157
217,163,415,163
227,164,397,157
232,162,390,157
226,164,397,157
230,160,391,159
229,162,390,154
223,160,403,154
228,163,392,155
227,160,391,168
225,159,388,185
222,159,384,181
221,160,390,184
224,158,389,197
230,161,376,189
224,162,390,193
225,155,378,203
231,158,371,202
239,157,366,202
231,160,374,201
238,163,368,197
236,160,379,209
240,158,376,216
249,159,372,174
250,160,374,181
252,164,384,172
258,166,385,166
264,166,376,166
266,164,376,167
273,164,369,163
274,165,382,165
279,164,383,169
288,168,387,182
302,163,387,193
299,166,396,192
315,163,389,204
315,171,390,198
308,160,405,212
321,142,394,234
317,147,399,222
328,141,395,231
321,161,404,221
289,202,442,175
341,179,397,207
312,173,419,209
345,135,409,262
307,143,426,254
403,127,347,264
340,141,394,257
299,143,431,248
357,125,407,278
348,157,381,232
407,140,328,256
398,161,334,243
356,153,366,270
432,166,296,235
385,167,333,236
354,165,362,253
378,168,331,238
365,176,324,216
352,179,334,215
343,178,331,211
340,183,325,201
323,177,320,212
321,173,309,207
301,167,313,222
289,160,305,228
278,160,319,224
277,159,308,224
274,160,295,225
227,177,324,177
137,168,403,174
114,161,436,186
115,159,445,194
94,168,475,190
98,169,460,185
82,168,476,193
89,164,471,197
91,171,474,185
102,173,475,180
112,170,467,182
120,177,460,172
127,180,450,166
132,177,443,172
142,173,433,174
147,193,435,152
154,192,419,151
162,194,405,146
165,191,392,143
176,188,377,145
180,185,369,144
188,181,358,146
193,184,355,136
202,185,349,133
213,179,334,139
223,181,328,134
224,185,323,128
231,189,319,118
246,191,317,118
258,189,315,131
262,191,297,105
277,193,293,109
272,188,295,113
280,183,291,112
283,178,286,109
288,174,278,113
294,175,271,108
297,173,268,109
302,173,264,105
302,168,263,114
306,176,265,104
311,182,256,97
310,186,258,93
311,182,255,99
316,177,251,106
317,187,250,94
315,189,249,89
315,183,246,94
316,182,245,93
311,181,249,94
313,173,245,99
308,175,249,97
306,172,257,97
305,179,256,91
302,172,256,99
304,176,255,94
299,174,258,97
296,181,260,89
296,178,254,93
294,172,254,106
296,177,251,101
295,171,244,111
292,174,250,113
289,175,252,116
287,175,250,133
289,180,242,147
283,163,239,181
286,141,209,216
286,148,213,216
286,140,197,223
329,124,195,229
313,95,196,255
299,89,160,258
328,147,187,248
299,142,222,272
286,127,211,345
298,101,181,389
301,94,173,406
296,101,180,415
299,99,176,428
300,98,177,415
308,97,174,421
304,106,178,405
306,112,175,406
310,120,175,393
310,125,180,399
313,121,179,398
309,123,186,400
310,116,182,411
309,111,189,413
313,109,181,417
316,107,169,412
319,111,175,407
318,109,156,409
318,96,173,432
318,104,169,416
318,105,168,400
316,99,172,432
315,90,168,424
316,95,158,426
317,88,156,442
312,88,168,446
317,90,152,447
314,88,151,444
312,84,150,450
311,86,149,451
312,87,145,455
310,91,148,444
318,88,135,454
312,95,144,439
309,92,148,444
306,90,143,444
305,89,148,442
302,94,153,438
309,85,139,448
313,92,131,442
303,97,150,428
313,86,137,448
310,91,140,439
313,91,134,439
313,87,138,448
317,84,127,451
313,94,136,441
312,87,134,445
311,91,140,440
317,87,132,445
315,88,131,446
312,93,144,435
322,87,127,452
314,94,135,442
317,88,131,445
318,90,133,431
313,96,147,424
314,93,140,435
314,87,141,443
313,94,137,434
310,90,148,435
318,87,134,443
320,89,131,449
315,89,136,445
313,89,146,436
311,87,145,445
315,87,139,447
319,91,136,439
315,88,139,446
313,89,141,444
317,88,142,445
307,89,147,442
314,84,137,449
315,88,141,423
310,84,144,449
313,89,135,444
312,91,140,439
312,90,135,441
314,92,140,437
308,93,146,439
315,88,140,449
312,92,142,442
307,92,148,443
312,85,140,447
306,86,144,448
304,88,147,442
301,89,155,443
305,82,145,446
300,82,149,448
297,86,152,446
299,87,149,439
297,87,153,444
301,84,146,447
293,87,159,440
296,94,156,419
299,89,149,434
297,82,151,447
296,85,153,446
298,88,148,438
299,83,150,439
295,80,150,450
296,90,149,440
289,87,159,446
307,85,136,456
302,86,135,450
302,90,143,438
304,91,140,441
301,91,148,439
296,88,155,446
295,97,155,413
299,98,154,424
299,90,151,441
300,86,144,449
298,87,150,442
295,85,149,444
295,81,150,452
298,77,148,455
297,81,152,449
299,81,144,451
303,83,139,454
299,85,146,441
304,86,141,445
293,89,151,440
305,81,135,452
302,85,145,454
299,86,141,446
298,84,145,443
302,89,136,446
300,85,139,450
300,87,138,445
300,93,142,434
296,88,147,443
298,86,142,441
298,89,145,440
300,86,135,446
296,92,143,446
296,91,141,443
299,90,141,442
298,80,140,454
298,79,143,450
298,84,145,441
293,84,150,438
296,79,148,447
297,84,141,444
301,84,141,451
296,85,138,445
301,88,133,443
300,89,136,447
297,93,130,440
292,94,148,433
298,82,144,449
300,84,139,447
297,87,145,441
302,78,136,455
298,84,142,453
298,87,139,447
298,89,134,444
304,86,131,446
306,88,121,454
299,76,133,466
297,88,139,444
305,84,128,452
297,88,144,451
303,98,132,438
299,83,134,449
295,84,141,460
302,90,138,444
305,91,129,444
295,105,152,419
289,96,156,430
296,87,144,447
296,82,140,452
297,84,140,446
292,80,144,457
293,76,145,457
292,85,148,440
290,82,148,450
295,84,149,449
291,84,155,445
298,85,138,453
289,89,148,447
291,87,144,449
292,89,147,449
302,80,134,454
290,89,153,443
303,88,127,456
292,91,146,445
299,88,136,440
294,87,139,448
292,95,148,438
294,86,140,448
294,85,144,450
291,85,144,452
290,85,148,447
291,77,151,455
287,75,153,456
289,76,151,457
285,74,157,458
282,91,161,448
290,82,145,464
288,88,148,446
290,81,150,455
290,84,147,449
290,83,144,450
283,85,159,442
286,85,156,452
287,80,154,457
287,86,152,449
288,85,151,458
285,88,153,454
283,97,163,443
286,86,161,450
285,83,156,450
282,92,162,441
285,82,155,455
280,76,162,456
282,87,163,450
284,76,161,461
286,87,166,449
288,82,155,452
285,83,163,452
283,77,163,458
288,80,161,457
283,91,166,442
282,85,165,445
286,91,169,443
289,82,154,453
286,84,159,450
289,82,155,451
288,79,158,452
284,90,162,443
293,84,157,450
289,85,151,448
291,86,162,443
294,83,156,447
292,78,157,454
289,95,158,435
301,89,152,450
299,81,150,452
299,79,145,446
299,77,149,457
296,81,150,452
301,79,144,456
303,76,140,457
297,81,153,447
298,78,148,447
305,75,139,459
298,79,145,451
299,83,145,445
296,82,147,448
303,84,144,449
300,82,144,449
296,84,157,447
301,72,136,461
299,74,144,465
303,80,134,455
300,89,143,442
299,86,156,450
301,87,149,446
299,79,147,452
299,81,148,454
297,83,150,444
298,83,155,449
302,74,141,456
304,80,160,452
301,97,160,437
300,89,161,438
298,100,171,432
294,93,176,428
294,93,169,433
296,98,164,435
299,92,152,432
297,87,149,441
294,86,152,446
296,87,149,443
296,85,144,447
290,87,159,442
294,103,161,414
298,90,146,438
296,87,141,440
294,88,150,445
303,91,147,420
300,87,149,439
302,82,142,450
299,92,148,436
302,99,150,430
301,95,149,432
301,87,147,442
302,86,149,441
305,79,151,453
305,81,146,458
306,79,139,448
307,79,147,455
308,76,144,462
305,82,145,449
302,84,145,445
301,86,149,442
303,81,147,449
306,78,145,452
303,84,146,444
307,85,145,446
303,86,141,443
305,87,149,437
305,96,150,438
305,88,152,444
300,84,160,454
306,86,156,443
300,81,150,454
305,91,139,441
305,98,141,423
299,97,150,429
303,92,143,438
293,90,150,441
308,92,141,440
297,89,143,447
304,91,154,436
302,86,132,450
304,90,141,442
298,92,140,440
302,92,132,440
298,92,149,437
306,82,128,448
301,94,146,441
296,90,147,442
294,87,150,444
296,88,150,444
297,89,139,442
300,89,140,444
297,93,143,437
296,92,150,444
299,88,138,443
303,97,136,442
300,91,147,450
302,89,138,453
302,96,145,446
299,87,153,447
303,94,143,438
304,91,149,454
297,101,158,437
294,93,155,443
299,88,155,454
298,84,158,447
295,85,157,446
295,80,159,452
300,82,151,458
294,81,162,454
294,102,145,447
290,114,157,429
288,102,155,445
286,93,156,451
286,96,143,450
287,81,131,459
291,67,120,480
290,61,115,489
285,60,118,485
283,52,116,493
285,48,117,500
287,53,116,494
290,73,114,476
291,57,125,492
289,79,140,468
291,71,135,473
290,74,149,470
294,56,152,490
293,65,161,470
298,47,143,496
295,49,157,497
299,40,151,503
301,56,161,487
304,45,164,498
304,22,168,521
307,40,171,513
311,37,180,501
316,38,182,498
316,31,188,507
321,50,185,489
321,26,185,511
321,38,188,507
326,28,193,507
327,30,179,511
326,21,196,516
329,23,182,522
330,29,195,511
327,29,197,507
327,33,209,510
325,28,212,521
327,30,209,526
324,35,211,508
323,14,205,526
324,63,212,480
320,96,226,445
316,132,227,410
319,138,217,396
318,149,221,401
308,33,215,425
316,129,216,419
303,136,232,414
286,18,225,376
281,110,240,301
275,140,256,232
260,151,266,205
257,149,269,206
255,148,266,197
251,154,281,189
246,155,284,178
242,153,287,189
243,155,290,183
235,153,300,208
242,155,291,188
234,154,296,186
230,159,293,175
231,149,299,220
225,152,309,204
224,158,307,180
222,160,303,171
222,161,313,177
224,167,320,144
222,163,324,179
222,169,325,173
216,163,335,188
222,164,330,185
215,165,338,184
217,160,342,183
224,161,339,182
220,163,342,187
218,160,361,193
209,162,370,196
212,161,371,202
219,155,362,211
210,166,376,199
214,161,360,209
214,157,368,224
213,155,366,242
203,144,392,270
194,146,392,272
200,142,397,300
195,143,411,338
188,143,395,371
198,133,382,375
179,134,380,309
176,142,363,293
180,144,361,296
182,146,337,320
184,149,304,363
160,107,329,429
152,131,308,413
149,111,305,433
113,121,340,413
112,124,324,411
113,129,309,407
69,52,356,488
48,127,361,405
60,131,342,376
38,132,360,318
15,137,391,250
4,145,334,236
8,139,379,275
15,142,373,311
15,131,373,341
25,127,355,375
43,120,338,376
52,134,330,375
60,134,331,373
55,131,332,383
52,140,340,370
20,145,376,369
0,150,390,373
-8,152,391,373
72,151,329,382
90,169,315,375
125,188,296,350
121,148,324,333
116,181,346,293
80,178,392,322
66,165,443,368
46,134,444,402
12,112,559,415
-1,105,593,416
-1,112,599,423
17,121,616,408
10,123,614,410
27,132,646,397
9,136,650,406
7,151,675,392
16,155,675,381
1,155,684,395
18,162,643,401
1,144,665,418
17,135,615,419
17,132,550,424
6,165,487,380
-11,161,417,386
196,204,507,322
290,289,418,249
273,300,423,217
314,311,387,170
307,322,402,169
315,322,382,152
310,324,397,158
316,320,383,168
310,323,390,157
312,326,394,144
301,322,411,164
317,324,381,148
302,324,401,157
309,317,402,174
307,320,400,175
308,315,382,162
311,321,392,162
292,316,420,180
301,318,391,157
308,323,388,160
312,324,390,153
307,321,397,170
314,316,386,160
