235,80,50,36
231,79,52,37
230,78,52,37
228,78,52,37
228,78,52,36
227,78,52,38
227,77,49,37
229,77,47,38
226,77,50,37
226,75,50,40
226,75,48,39
226,75,50,37
227,76,48,38
225,74,52,39
226,72,50,40
226,75,50,41
228,76,48,43
230,77,49,47
232,75,45,46
232,76,45,49
233,74,46,50
232,75,48,44
231,69,48,47
229,60,48,47
229,57,49,47
228,47,53,47
227,46,54,42
230,34,54,44
229,29,57,41
232,29,54,41
234,22,53,44
236,16,55,49
239,12,57,53
239,15,54,54
240,16,52,53
231,32,60,41
231,36,60,42
232,49,60,42
237,66,52,40
239,69,47,40
243,79,45,48
247,82,43,52
250,89,41,52
250,91,41,53
251,93,40,54
251,91,42,55
250,93,42,50
246,91,48,46
243,87,54,40
243,84,53,42
243,75,54,38
243,71,57,35
243,66,56,36
248,58,52,39
248,54,52,42
249,51,50,43
250,51,50,43
249,53,52,46
251,70,51,35
252,75,49,33
248,83,53,39
247,92,53,40
251,103,48,45
258,113,42,47
261,112,40,57
266,117,36,52
268,123,33,46
272,127,29,42
269,118,31,51
268,116,31,51
260,109,34,53
256,105,35,50
249,99,38,51
242,91,44,43
240,88,45,44
236,77,50,41
235,71,54,37
238,66,52,33
240,57,52,38
240,54,56,39
244,50,52,42
247,46,48,47
248,48,49,48
251,51,48,48
250,55,48,46
251,65,50,43
253,69,48,43
254,81,48,38
253,83,48,39
256,93,47,34
257,103,49,29
261,111,48,28
270,119,44,28
282,126,42,31
282,131,41,37
286,138,50,39
283,132,55,47
286,129,52,52
287,130,50,51
286,130,51,50
285,130,53,47
282,130,55,45
275,129,62,44
272,128,66,42
262,117,62,51
254,113,54,43
254,102,47,39
251,92,48,37
247,83,49,35
247,71,53,34
248,63,52,32
251,55,49,35
256,49,47,40
263,47,40,44
265,48,42,43
268,50,42,46
269,55,45,49
271,70,43,52
269,76,36,48
267,82,34,38
268,73,34,30
288,113,34,23
264,55,39,25
265,42,36,29
267,24,34,35
275,18,38,36
275,18,38,36
275,18,38,36
275,18,38,36
275,18,38,36
275,18,38,36
275,18,38,36
275,18,38,36
250,96,43,35
246,85,48,36
244,74,50,33
244,63,54,35
246,54,53,37
249,50,49,38
255,45,46,42
262,44,40,44
265,45,42,47
269,49,43,49
271,57,44,45
282,72,37,39
280,85,36,43
274,90,41,40
267,76,44,32
269,64,39,27
271,45,32,33
280,29,24,24
280,29,24,24
310,27,27,26
310,27,27,26
311,19,24,30
311,19,24,30
311,19,24,30
311,19,24,30
311,19,24,30
311,19,24,30
311,19,24,30
311,19,24,30
311,19,24,30
311,19,24,30
311,19,24,30
311,19,24,30
311,19,24,30
311,19,24,30
311,19,24,30
311,19,24,30
311,19,24,30
251,74,23,31
247,73,29,35
247,70,32,39
244,68,35,43
237,67,43,46
235,68,48,44
235,71,47,43
235,74,46,41
235,74,47,42
234,75,48,42
235,75,48,42
235,75,46,42
235,74,47,43
234,75,48,42
234,75,48,41
234,77,48,40
231,80,51,37
228,85,54,37
228,86,53,37
228,95,50,35
227,97,50,38
225,102,49,39
224,106,48,37
224,106,49,38
224,110,51,35
225,111,48,36
226,113,49,36
228,115,51,36
229,115,52,34
235,119,46,34
238,120,46,34
246,125,42,35
254,127,49,30
255,129,52,29
263,127,53,31
272,126,48,29
249,47,51,30
286,116,41,30
288,115,39,29
239,63,45,33
233,68,53,37
234,77,59,41
239,87,59,43
240,91,58,42
271,64,55,37
266,61,52,35
259,55,50,37
249,56,52,36
249,55,52,38
238,57,55,37
234,58,53,41
232,61,53,40
228,69,52,39
227,82,51,39
227,94,52,38
229,106,52,39
236,116,47,35
244,126,45,34
253,130,46,33
260,130,46,34
268,130,43,32
275,125,42,31
280,123,41,26
259,63,43,31
253,72,49,33
270,81,44,38
270,79,46,38
263,65,47,37
257,54,47,41
250,50,47,39
243,45,49,42
235,47,54,41
230,49,54,42
227,54,51,43
226,67,52,40
224,75,51,43
226,90,51,41
230,102,49,42
236,114,48,35
245,123,49,34
251,130,48,35
259,133,49,35
271,132,46,38
276,132,43,40
281,132,37,44
281,136,43,41
257,81,45,33
249,91,52,35
248,102,56,35
255,110,51,40
259,122,51,44
251,113,55,39
245,103,55,39
242,92,51,37
241,79,53,34
242,68,56,33
248,57,48,36
249,51,51,41
254,51,47,42
254,59,52,41
257,75,48,36
255,93,53,45
258,95,52,39
264,120,46,46
275,126,42,43
272,130,39,42
270,127,40,43
272,120,34,34
259,115,40,39
249,103,49,42
247,92,51,36
246,79,51,33
246,68,54,34
247,57,52,39
248,56,51,41
250,55,50,40
252,55,49,43
253,66,48,39
253,82,49,37
255,89,47,31
253,100,48,33
270,86,48,33
271,127,44,37
272,129,40,42
273,130,38,42
273,127,37,43
271,125,38,44
264,115,42,52
256,102,49,47
272,96,57,40
253,97,53,38
252,90,50,36
252,79,49,35
252,69,51,35
251,67,52,35
253,58,52,38
260,55,45,40
261,53,46,40
262,53,46,42
262,55,46,40
261,58,49,42
260,63,53,39
258,74,55,35
260,84,54,35
263,86,50,33
269,102,48,40
272,96,46,48
287,127,51,44
285,130,53,49
287,131,53,48
284,133,54,52
285,132,54,51
284,133,53,50
285,130,53,50
283,130,54,48
276,129,64,47
270,130,69,43
266,128,72,42
261,127,78,43
258,129,82,40
263,78,77,51
249,90,74,44
244,93,70,38
240,86,63,36
241,83,56,36
241,75,55,37
240,70,52,36
239,67,55,36
239,64,51,38
238,67,51,35
239,67,51,37
238,71,53,37
238,80,50,36
239,89,50,35
239,89,52,39
242,99,54,33
263,79,49,39
256,76,52,34
267,116,49,28
267,115,52,30
254,69,53,29
255,68,52,28
257,68,50,29
258,68,49,29
258,67,50,30
259,70,47,29
257,69,51,28
257,68,51,30
256,69,52,31
254,68,55,31
253,68,58,30
259,116,50,26
250,112,52,28
242,108,60,29
236,103,52,31
232,100,54,30
228,95,56,32
226,91,55,33
225,88,51,32
225,87,52,34
226,87,54,36
230,89,52,34
237,89,55,33
246,92,49,30
256,93,45,27
256,93,45,27
256,93,45,27
256,93,45,27
256,93,45,27
256,93,45,27
256,93,45,27
256,93,45,27
256,93,45,27
256,93,45,27
256,93,45,27
256,93,45,27
256,93,45,27
256,93,45,27
256,93,45,27
256,93,45,27
198,119,41,34
198,119,41,34
198,119,41,34
198,119,41,34
198,119,41,34
198,119,41,34
198,119,41,34
198,119,41,34
198,119,41,34
240,106,43,44
240,103,43,53
248,105,38,57
248,105,38,57
248,105,38,57
248,105,38,57
248,105,38,57
248,105,38,57
248,105,38,57
248,105,38,57
182,113,37,45
176,113,41,41
174,112,42,40
174,106,46,45
178,104,46,43
183,102,49,42
187,100,55,38
195,96,48,34
208,88,39,33
212,81,40,34
220,75,35,32
230,67,28,37
237,72,26,35
246,79,20,31
250,82,21,35
252,85,18,35
252,85,18,35
252,85,18,35
256,95,15,38
305,41,22,43
304,34,21,48
303,44,21,44
303,49,23,48
303,49,23,48
303,49,23,48
303,49,23,48
306,81,20,47
307,85,21,46
307,85,28,46
309,82,30,43
309,84,31,37
314,80,39,35
322,85,42,29
323,82,50,29
331,81,50,31
331,81,55,31
335,77,58,33
337,77,61,34
341,75,63,33
342,74,61,33
344,74,59,34
342,74,61,32
343,74,59,34
342,76,58,33
340,77,60,33
340,78,58,31
337,75,57,35
338,77,53,38
338,73,50,45
340,71,48,48
343,72,42,41
342,66,41,41
338,71,36,31
328,73,45,27
319,73,52,24
315,72,59,25
310,68,65,28
306,64,78,30
302,68,67,24
300,67,65,23
300,63,68,26
298,56,69,32
298,52,70,35
297,53,71,32
293,48,75,35
293,49,74,34
291,50,72,33
290,52,72,31
287,54,77,32
287,53,77,36
288,56,69,32
286,54,74,37
288,56,70,31
290,50,68,29
290,40,68,30
290,38,66,28
287,22,71,32
289,5,77,40
286,2,86,38
281,0,96,38
280,2,98,36
280,2,100,37
280,4,99,41
281,20,109,49
192,41,85,43
199,43,73,36
195,36,72,41
283,56,66,33
280,62,64,30
286,62,56,30
299,60,50,31
307,55,47,27
306,38,47,27
303,38,47,34
301,25,49,45
300,25,46,47
300,29,51,45
297,35,53,41
300,38,64,44
297,48,64,42
296,56,64,38
296,60,61,36
295,63,57,37
294,62,59,39
293,62,55,38
292,62,55,41
291,61,54,44
289,60,57,45
288,59,53,46
286,60,55,46
285,57,52,47
284,55,52,47
283,53,52,49
283,51,52,46
284,47,48,49
287,43,45,48
293,40,38,49
300,41,39,44
304,45,32,40
298,49,35,33
292,48,41,30
287,48,45,31
290,49,52,29
285,48,58,35
299,58,67,41
285,58,82,38
283,58,87,41
283,57,87,41
284,58,86,39
284,60,89,32
284,56,90,37
285,49,90,45
288,41,89,51
290,36,87,50
291,33,86,50
289,30,92,52
290,29,95,52
296,28,92,50
290,18,88,53
282,21,91,52
282,30,97,48
269,40,108,45
281,42,107,44
280,42,108,48
282,43,103,48
283,38,106,55
282,40,106,51
280,36,105,50
283,38,104,45
284,37,105,42
281,40,107,38
286,40,104,34
286,39,104,30
295,38,93,32
304,38,84,33
307,38,80,33
314,41,75,32
318,53,71,47
319,53,70,66
323,54,66,81
331,56,59,89
313,-17,54,71
313,-17,54,71
313,-17,54,71
313,-17,54,71
311,46,63,85
312,38,63,89
314,34,56,83
313,28,57,82
314,30,53,77
314,38,55,68
315,34,52,63
314,32,48,60
316,37,48,52
317,43,46,42
316,44,46,43
317,35,43,45
317,36,46,48
317,40,46,44
318,42,49,46
315,45,50,55
315,46,50,69
314,43,53,79
315,44,58,86
316,37,71,101
313,35,74,104
313,27,70,106
313,36,74,120
314,21,72,124
315,13,70,128
314,14,68,123
314,9,57,122
313,5,56,127
314,6,47,130
313,3,46,132
311,2,50,135
310,-9,49,134
311,7,35,130
306,4,32,131
318,5,43,138
308,9,55,131
304,17,63,125
304,19,57,122
301,29,61,112
303,33,61,108
304,11,55,87
302,32,44,81
304,33,40,62
307,38,36,52
305,46,37,45
303,49,43,42
300,51,36,39
297,50,36,44
290,53,40,45
284,61,43,44
284,66,43,40
281,76,44,34
278,83,47,32
276,86,46,31
276,86,48,31
276,84,47,31
279,83,43,28
281,84,44,23
291,79,41,22
300,76,34,30
310,67,38,36
313,64,39,40
315,54,41,47
316,57,41,48
316,52,47,57
313,47,52,58
312,38,56,67
311,33,60,57
313,31,59,61
311,32,59,57
314,33,52,61
313,33,53,62
312,34,51,60
313,32,52,63
313,33,52,60
314,33,50,60
248,72,51,50
175,38,44,57
245,74,49,48
314,33,52,54
312,32,52,60
314,33,49,59
313,34,50,55
312,30,48,61
313,33,49,57
312,31,49,58
313,32,47,57
313,30,48,60
312,30,47,58
312,30,48,59
313,30,49,62
314,29,49,68
314,31,52,69
307,37,62,65
310,37,62,73
311,37,66,78
312,39,72,95
313,26,69,104
312,28,71,109
312,25,71,112
316,24,56,115
314,22,56,109
316,18,50,109
315,3,43,116
314,6,43,128
312,3,40,137
310,0,40,141
310,1,40,136
309,0,39,138
311,0,38,140
311,0,37,139
311,-2,39,142
311,1,40,140
310,0,46,137
310,0,48,123
310,6,50,123
311,3,51,122
313,21,51,109
312,10,54,128
314,4,52,144
314,3,54,141
314,3,55,148
314,3,57,162
315,3,60,142
313,7,64,131
315,6,57,127
312,8,60,124
313,5,55,116
314,3,54,95
315,14,56,114
314,17,55,124
296,0,65,138
310,-11,53,145
284,-28,57,157
279,-57,73,158
282,-9,83,150
279,-43,91,179
282,-27,92,172
268,-5,110,147
249,1,125,142
250,-14,114,107
239,2,127,117
239,2,127,117
239,2,127,117
239,2,127,117
239,2,127,117
239,2,127,117
239,2,127,117
249,0,116,100
273,28,111,85
273,30,101,71
274,28,94,51
298,33,87,40
306,35,82,35
308,30,83,38
313,41,79,34
316,39,74,29
321,46,70,32
312,29,62,35
317,29,57,37
320,28,52,40
318,35,55,37
319,34,52,45
321,36,49,51
322,40,46,55
324,39,44,56
323,40,43,61
323,40,44,64
323,38,40,70
321,40,42,67
322,39,42,67
321,38,42,66
320,39,44,59
321,37,43,53
323,36,44,44
318,37,50,45
318,35,52,41
320,34,53,40
320,34,56,37
324,30,54,41
326,32,54,40
323,33,63,41
324,33,61,43
324,41,64,38
326,43,65,37
325,43,65,35
320,43,66,45
323,43,69,30
318,57,59,37
322,53,51,46
320,46,52,54
324,43,48,60
324,41,48,57
325,41,49,49
323,42,54,39
322,40,60,36
322,36,63,38
325,32,61,40
327,33,59,39
328,33,57,43
327,37,58,42
326,40,59,50
325,40,57,59
325,40,50,67
326,42,48,70
326,41,47,72
325,44,51,67
325,41,49,69
325,42,50,63
325,40,55,61
325,44,54,48
325,46,52,37
323,41,50,40
323,41,49,40
319,42,53,38
322,41,51,38
324,38,49,40
325,39,49,37
325,36,52,42
330,32,50,51
328,28,55,54
329,28,56,47
326,33,57,51
325,33,57,49
323,37,60,41
321,41,66,33
322,41,67,34
324,41,66,33
323,40,67,32
321,38,62,35
324,32,58,42
325,31,60,48
328,29,56,50
327,27,55,57
328,31,51,55
325,31,56,53
321,36,62,44
313,40,67,38
307,40,79,34
302,40,85,33
301,35,80,38
305,34,74,37
311,34,74,36
314,33,69,37
317,36,67,35
318,34,66,40
323,31,60,46
326,30,54,52
326,32,49,56
325,30,50,60
324,31,51,61
325,33,49,59
324,35,51,53
325,36,49,49
323,37,51,46
321,37,53,46
317,35,56,43
319,37,56,42
320,36,53,40
319,39,56,36
319,38,55,37
321,37,53,39
324,35,49,39
323,35,51,39
322,36,54,39
325,33,49,42
325,31,48,44
325,33,49,46
326,34,48,48
325,34,50,51
325,35,49,49
327,36,47,51
328,37,48,51
328,39,47,48
330,40,44,47
328,39,46,49
328,38,45,52
331,41,42,46
331,40,40,45
335,39,35,45
333,38,37,46
330,39,40,47
334,37,36,47
329,40,42,43
335,36,36,47
337,38,34,44
337,36,34,46
335,35,38,47
329,36,46,45
332,36,50,43
331,37,52,42
329,35,56,43
330,35,56,41
327,40,61,37
335,38,59,39
338,39,61,37
347,37,60,38
359,33,52,41
365,31,51,43
365,29,53,44
371,31,47,43
366,32,49,43
364,31,50,45
356,33,53,44
344,38,56,39
341,41,55,37
328,40,59,40
323,36,64,43
321,35,63,42
320,42,67,35
321,41,66,36
320,42,59,38
320,41,50,40
321,41,43,42
322,41,38,45
324,42,36,43
323,42,33,44
322,41,32,44
320,42,34,45
320,41,34,47
320,40,33,48
325,42,31,45
334,40,23,47
330,39,29,50
325,39,36,56
322,39,42,60
323,39,43,62
322,40,45,59
323,41,46,56
323,41,45,52
320,41,50,45
321,45,49,38
325,47,47,37
323,48,49,39
327,52,45,36
325,56,47,36
324,58,48,38
324,62,47,37
321,67,48,36
317,72,51,34
317,77,50,32
317,77,47,35
318,82,43,32
317,86,39,29
315,88,37,26
312,87,36,28
316,85,30,33
315,90,30,30
314,82,31,37
338,44,29,40
348,43,30,37
356,43,35,40
356,43,35,40
356,43,35,40
356,43,35,40
356,45,34,44
352,45,37,37
347,44,43,37
338,47,35,39
335,42,34,40
325,40,38,38
312,79,32,42
312,82,30,38
312,83,30,36
312,82,32,35
309,78,38,36
308,73,42,38
312,70,41,38
311,66,42,39
311,64,46,35
312,60,48,35
311,56,51,37
315,54,48,37
313,52,49,40
317,52,45,44
313,52,48,52
310,55,51,55
311,58,50,58
312,59,49,63
311,63,49,58
316,60,43,65
311,61,47,63
313,60,48,68
313,60,47,67
312,62,50,63
314,60,48,67
313,60,48,68
313,60,49,67
315,63,46,59
315,63,43,58
318,65,41,57
315,65,40,56
313,68,39,51
311,69,39,46
305,73,40,43
300,75,45,39
303,81,38,36
305,83,34,35
307,83,32,34
307,83,32,34
307,83,32,34
328,54,35,36
329,42,37,38
329,37,39,41
328,41,40,46
326,31,40,51
321,33,40,59
313,25,45,58
302,32,48,53
307,57,41,63
310,58,38,60
309,73,42,47
311,76,39,38
316,75,37,36
321,75,34,35
323,75,31,36
325,72,33,39
326,70,34,41
322,69,39,46
319,68,43,49
313,68,49,49
311,68,55,51
311,67,53,53
313,65,54,56
320,63,45,60
315,64,51,60
311,64,53,61
310,63,52,63
310,67,51,60
306,67,48,60
313,70,41,57
309,73,42,54
308,73,40,54
304,73,42,54
300,73,45,55
295,77,48,49
305,79,49,42
309,81,53,37
316,71,50,45
333,61,41,48
336,57,37,50
340,51,35,51
344,48,30,51
348,43,37,51
350,39,41,50
350,37,40,52
348,33,40,55
349,31,39,53
345,28,41,50
334,25,45,57
335,25,49,51
320,25,50,55
315,29,52,54
309,53,47,58
307,48,48,66
305,48,50,63
310,51,45,60
315,58,43,49
318,64,41,40
317,66,44,37
319,65,43,37
315,64,46,41
315,64,46,44
312,65,46,43
313,67,43,45
310,68,46,47
308,71,46,44
306,70,44,46
306,72,43,47
303,74,43,49
303,74,41,52
293,72,48,57
298,67,47,62
304,72,49,59
314,75,51,52
321,73,49,52
329,74,45,51
332,80,38,42
332,82,40,36
330,80,35,34
326,80,33,34
319,80,33,33
311,82,34,30
299,80,40,33
291,80,47,34
295,80,42,34
298,79,36,37
290,76,41,42
281,76,49,41
297,76,38,40
295,76,32,40
298,79,25,38
298,76,26,41
298,77,27,39
300,76,26,39
302,75,31,38
306,75,34,38
305,73,42,33
311,71,45,32
313,67,51,34
324,68,53,32
332,67,54,34
339,61,52,38
344,60,53,37
342,57,58,39
344,55,55,43
343,56,53,42
339,56,50,47
330,58,57,45
323,59,55,43
312,56,61,48
307,57,65,41
304,56,66,32
308,54,60,32
306,53,57,32
296,49,60,32
289,48,62,35
279,47,64,34
269,43,68,40
264,41,69,46
273,40,57,45
273,40,56,45
273,41,55,47
275,43,55,47
289,45,42,45
295,47,39,44
297,45,37,46
300,47,41,50
305,47,40,56
306,48,45,57
307,47,50,64
304,46,53,66
308,47,54,68
310,48,52,64
310,51,53,60
308,53,54,53
310,54,53,52
311,56,52,44
317,61,47,38
316,59,45,36
315,60,44,35
316,57,44,38
314,55,44,37
313,52,47,36
311,51,49,35
309,49,55,36
309,49,52,36
312,48,51,39
312,48,51,43
310,49,51,49
312,53,51,50
315,52,45,50
320,56,42,46
318,57,45,44
318,57,43,41
311,56,50,40
309,57,54,38
312,53,49,40
315,54,46,39
319,51,41,38
315,47,45,40
312,47,50,38
308,47,53,36
310,45,52,38
313,43,48,42
313,46,48,46
312,45,48,46
311,50,48,52
311,53,48,55
311,56,46,55
315,60,43,53
310,59,45,52
316,63,42,47
315,68,42,40
316,64,40,40
319,65,37,40
321,67,36,36
321,65,34,39
318,64,37,38
316,61,39,37
311,59,45,37
309,56,48,40
311,55,45,40
310,54,44,41
311,54,39,43
308,55,40,43
310,55,37,43
307,53,37,43
301,56,41,40
296,55,46,41
296,52,47,45
293,53,49,45
299,50,46,49
306,47,40,56
309,48,39,59
313,48,37,65
310,45,43,74
316,43,46,81
313,39,57,87
317,40,74,89
315,39,87,91
325,40,86,92
319,43,100,75
325,49,97,64
342,47,78,69
355,65,64,62
357,67,58,70
359,75,47,67
316,32,55,66
337,79,52,64
313,43,50,63
309,45,49,72
306,32,49,81
300,42,47,91
298,35,40,101
306,100,35,101
297,28,30,107
293,36,31,97
292,31,32,100
292,18,29,110
293,29,33,104
296,28,33,104
294,26,38,105
297,9,35,124
302,18,38,117
303,6,36,132
308,9,33,128
308,11,39,124
311,16,50,128
315,20,56,127
319,9,72,140
325,5,66,155
327,9,62,156
333,11,56,159
338,9,53,163
348,21,47,152
346,6,50,168
357,7,45,171
362,5,44,176
367,5,45,166
373,10,43,171
377,6,46,182
380,5,45,178
385,4,44,185
389,7,43,198
394,3,45,209
396,0,44,208
397,0,45,216
