362,114,109,71
363,117,98,74
360,119,93,73
356,119,93,74
352,119,90,77
347,120,92,75
344,119,93,75
340,117,91,78
337,118,94,78
335,120,97,75
335,120,97,78
334,120,98,82
335,119,96,81
336,121,91,79
333,121,98,77
333,120,99,85
334,120,101,91
336,120,96,84
336,121,101,82
336,121,99,77
338,120,98,72
338,121,101,72
338,121,102,76
340,121,102,74
339,120,105,74
342,119,102,79
344,118,103,76
344,120,104,79
347,119,101,75
346,119,104,80
348,120,103,74
348,121,105,75
350,119,102,76
351,120,101,72
349,120,104,74
352,120,103,72
352,120,104,73
355,119,99,70
356,119,103,77
359,118,105,73
361,118,106,71
363,117,105,71
363,118,104,67
367,117,100,68
366,119,105,70
368,119,104,66
369,117,104,71
372,117,103,67
373,119,103,67
373,116,104,69
373,116,105,69
375,118,103,67
376,117,104,71
377,116,103,68
378,118,106,66
380,117,105,69
382,115,102,75
382,118,106,70
384,117,104,68
383,117,108,70
386,117,108,69
387,116,109,72
392,117,105,66
392,116,108,70
394,114,104,73
397,116,104,68
397,118,107,68
399,115,105,69
399,115,112,72
403,115,108,68
403,115,111,70
406,115,110,68
408,115,112,71
407,114,116,73
411,113,111,75
411,114,116,72
416,115,108,70
415,115,113,74
417,112,111,75
418,114,111,72
420,114,111,74
419,113,112,76
422,111,113,81
422,110,111,82
424,109,111,84
424,113,113,81
426,114,111,78
427,116,114,79
427,115,114,78
428,114,114,79
429,111,115,86
429,113,116,81
429,113,116,83
427,113,122,84
429,113,115,82
428,114,119,81
431,112,117,83
431,117,114,79
429,116,117,82
430,112,115,85
431,112,114,86
430,113,116,86
427,111,120,88
428,115,118,81
428,115,118,81
429,110,118,87
428,113,119,86
429,109,115,89
429,113,116,84
431,114,113,83
429,112,117,84
429,112,120,84
431,112,116,87
431,112,114,86
428,112,119,88
429,112,117,90
428,115,118,88
430,111,116,88
428,112,122,85
427,108,124,92
429,113,115,87
427,112,121,90
428,109,116,90
428,111,119,86
426,109,123,94
427,110,121,93
428,111,119,93
426,110,121,98
425,109,126,97
425,110,125,102
423,107,123,104
422,109,125,98
420,109,123,96
419,108,126,105
421,105,120,100
419,106,124,101
422,106,123,100
425,106,116,95
421,107,115,99
425,106,110,93
428,109,110,97
427,107,109,91
423,109,110,94
430,108,106,92
432,108,103,96
427,107,107,90
431,109,103,93
429,109,105,96
426,106,107,96
428,108,108,93
430,108,102,91
428,109,109,94
425,108,107,96
431,106,102,96
432,107,96,93
435,109,95,91
428,109,100,91
425,109,102,88
429,109,97,90
430,108,96,89
429,110,97,91
426,110,101,90
427,110,100,89
423,110,102,91
425,108,103,88
431,108,98,89
427,108,99,92
425,109,99,89
425,111,100,88
429,108,102,89
430,103,96,92
439,106,89,91
433,107,93,90
441,107,87,89
438,108,92,87
438,107,87,89
443,109,83,85
440,110,88,82
442,112,86,82
439,108,87,84
442,107,90,86
443,105,85,86
437,108,91,84
442,107,86,82
434,111,92,79
431,109,94,81
435,108,95,80
434,108,96,81
433,111,95,79
436,110,94,74
435,109,93,76
435,110,90,78
438,112,86,75
435,109,88,76
437,110,86,77
434,110,85,73
435,110,91,70
433,111,87,70
435,110,90,71
433,111,92,72
435,111,87,71
408,114,95,65
433,111,95,65
433,111,95,68
433,113,95,69
432,110,96,71
437,108,92,74
440,107,83,76
437,108,85,72
437,107,87,72
439,110,92,71
370,108,109,71
422,108,109,72
415,108,117,69
410,111,114,68
420,109,113,70
414,108,116,67
411,106,123,68
426,109,125,72
424,104,112,72
418,110,108,61
416,105,126,70
408,109,130,70
398,109,135,67
414,107,123,71
401,107,138,69
419,110,123,69
420,106,122,69
413,108,133,71
422,102,121,78
431,108,114,71
433,108,112,72
440,110,107,73
449,107,102,77
453,106,98,79
452,102,101,83
456,110,91,73
454,106,95,79
458,104,90,81
456,97,93,84
459,102,90,79
440,95,100,79
453,95,89,85
457,103,88,78
463,107,80,73
460,106,84,72
457,85,93,87
450,89,101,78
452,92,97,75
457,90,93,78
459,91,91,71
462,86,89,77
463,88,90,76
467,91,88,75
464,89,86,76
467,90,87,76
463,90,96,79
464,91,97,79
462,90,98,78
461,90,99,77
466,95,91,75
462,96,99,75
461,97,97,76
461,95,92,76
465,97,93,76
463,98,90,76
464,94,95,78
461,92,100,77
461,89,103,76
463,88,106,77
462,86,108,79
460,85,112,79
460,84,110,81
454,81,113,81
452,81,116,80
460,84,105,77
461,83,105,76
460,83,109,79
461,79,108,78
460,76,109,80
461,77,106,76
459,76,113,80
460,74,114,77
461,73,115,78
461,74,116,76
462,69,117,79
462,68,116,82
463,68,116,81
462,68,118,79
466,70,113,79
467,71,113,76
467,69,114,75
469,68,116,77
471,67,113,79
471,69,114,76
473,65,113,79
473,67,113,77
475,67,113,79
474,66,116,78
474,68,116,76
474,68,118,78
475,69,115,79
476,66,114,80
474,65,117,83
476,71,115,79
479,72,112,77
477,71,119,80
479,71,118,78
478,73,118,81
478,76,121,77
480,78,120,76
481,79,118,79
482,78,118,77
486,82,112,79
487,84,113,77
487,84,117,79
486,84,122,80
491,82,118,83
492,88,118,78
495,87,119,83
495,87,116,85
497,90,118,85
499,95,116,81
498,97,114,82
495,92,117,86
497,89,116,91
500,89,112,89
499,90,113,88
497,95,114,84
494,97,117,80
494,97,117,78
492,84,120,89
498,91,113,82
495,95,118,78
497,92,114,75
496,95,113,77
494,91,118,81
496,92,112,80
493,94,117,81
493,92,114,83
491,86,115,88
491,89,114,88
493,92,112,83
492,96,114,78
494,99,115,76
494,97,114,78
493,97,114,80
494,98,112,78
494,93,115,83
494,98,117,78
493,96,112,83
493,95,112,83
496,99,107,80
496,99,106,82
497,94,108,85
497,89,113,90
502,89,110,90
505,89,108,88
508,97,108,80
508,92,109,81
512,95,108,82
513,96,107,79
514,92,107,81
517,93,104,83
520,90,105,85
520,91,107,83
519,90,109,85
524,92,106,80
524,96,105,78
525,98,107,78
524,91,109,84
528,94,106,79
529,90,104,84
530,89,104,83
531,91,107,80
533,94,106,77
534,89,103,82
535,93,106,78
535,88,105,84
537,92,102,81
536,87,105,86
534,95,106,78
536,95,101,77
531,92,107,81
530,92,106,84
525,89,108,83
527,96,107,78
523,93,109,81
518,90,110,84
516,94,111,80
515,88,108,85
512,92,109,85
509,87,111,85
506,93,108,82
504,88,112,88
502,91,114,83
498,82,115,92
496,80,115,95
499,89,109,87
498,91,106,83
493,89,112,85
491,90,112,85
488,88,113,89
486,92,113,84
485,95,110,80
483,95,108,81
477,87,114,90
475,89,112,87
471,87,116,92
469,85,118,94
468,84,113,95
463,87,119,89
459,84,120,92
458,81,119,96
456,82,121,98
461,88,112,91
459,93,112,86
455,92,115,88
459,97,111,82
455,100,111,80
449,89,118,92
441,83,125,99
441,79,125,105
435,74,130,109
435,87,131,96
440,81,123,103
440,87,124,95
439,78,123,105
441,83,118,102
440,83,119,100
442,80,116,103
440,82,120,101
440,81,118,103
437,83,120,102
441,81,115,103
442,88,113,97
441,83,115,102
432,74,122,110
417,69,140,114
408,66,146,116
432,79,123,106
434,80,120,104
437,87,115,98
441,87,110,99
433,82,117,105
435,86,113,101
437,90,110,98
434,88,114,100
434,83,113,105
431,86,113,103
433,88,110,100
432,87,115,100
434,89,111,100
429,84,116,103
430,85,113,100
432,90,111,96
437,96,105,90
432,85,109,100
431,87,111,96
434,93,109,89
422,76,120,103
418,74,126,102
409,70,136,104
409,63,136,109
404,61,140,111
405,58,139,112
405,58,137,108
412,60,130,107
404,57,138,108
405,56,137,109
402,53,138,112
403,54,138,111
401,52,143,109
408,55,133,109
407,49,133,111
406,51,130,110
402,47,138,117
404,44,134,118
407,45,131,117
398,44,141,115
405,44,134,119
406,42,132,115
400,39,139,120
401,40,136,116
406,38,129,108
401,36,134,111
401,37,131,105
400,34,134,109
402,35,131,105
399,33,137,103
398,31,136,107
399,31,133,105
399,32,135,100
400,31,133,99
400,29,133,99
403,27,128,100
403,27,128,95
400,25,131,96
401,21,130,98
401,18,130,99
400,18,131,95
399,18,131,95
400,11,131,99
398,10,132,98
398,12,131,93
399,11,129,91
399,10,125,91
399,7,122,92
395,5,129,94
395,4,123,95
393,5,125,91
394,5,120,91
391,6,120,88
390,4,119,92
387,5,119,90
386,8,115,86
385,6,114,87
381,7,115,88
378,8,115,87
379,5,111,90
374,6,113,88
372,6,112,88
368,11,113,85
365,11,114,87
362,7,112,90
360,11,112,87
357,16,114,83
356,17,111,84
350,16,114,85
351,18,108,83
352,22,103,80
350,22,104,82
347,23,103,80
342,24,102,81
339,23,104,85
332,24,110,87
331,28,107,86
327,33,111,84
321,34,110,85
318,39,111,84
316,44,109,82
315,44,106,86
311,43,105,90
308,46,109,89
311,48,104,90
309,51,104,89
307,52,109,89
309,53,105,91
310,55,105,89
311,57,102,88
314,60,100,87
308,58,108,92
306,61,108,93
306,63,109,91
309,64,107,93
308,64,107,96
309,66,107,95
306,68,109,97
307,68,108,99
310,73,106,93
309,73,106,98
308,73,108,100
311,76,105,99
309,78,108,99
306,81,109,99
310,81,105,98
308,83,106,102
308,83,108,101
306,85,110,101
307,89,108,98
308,88,107,101
310,90,105,100
309,88,106,106
307,91,110,104
309,93,109,101
310,97,105,101
312,97,103,101
309,97,109,104
313,97,101,108
310,101,108,105
309,102,111,108
309,106,110,106
311,107,105,106
312,108,103,105
310,111,104,107
309,117,106,101
309,110,108,110
310,111,104,113
311,112,105,111
311,116,105,108
310,119,106,107
313,120,105,107
313,124,104,107
315,121,104,111
314,132,105,102
317,128,108,108
317,136,107,101
321,129,105,111
321,142,104,102
324,138,107,105
326,132,109,117
326,140,106,110
330,138,105,113
333,141,107,112
334,137,106,118
335,144,110,114
336,143,111,114
338,153,111,106
338,148,112,109
341,151,109,107
346,151,104,108
346,147,107,115
350,151,103,108
352,153,105,107
355,151,106,106
358,152,103,106
358,152,105,105
361,149,104,109
360,151,108,107
362,151,105,108
364,151,106,106
364,146,107,112
368,144,103,115
369,148,103,112
371,151,102,106
370,149,102,109
371,151,103,107
369,146,106,112
373,154,104,105
372,154,105,105
370,148,110,109
374,150,104,107
372,147,108,108
374,150,105,104
374,151,105,105
373,151,106,102
376,153,103,101
379,154,99,101
379,153,101,99
378,159,103,94
381,156,101,95
376,156,104,96
378,162,104,88
381,155,99,94
378,154,101,97
381,158,96,93
379,157,102,92
380,157,96,90
381,159,96,91
380,158,96,92
376,154,101,95
377,154,100,99
379,154,97,97
379,154,98,97
378,156,97,94
381,164,93,85
381,162,94,85
381,173,93,75
379,166,97,80
372,146,104,102
373,148,104,101
377,149,98,100
378,150,98,101
380,152,94,99
374,146,103,103
376,139,102,109
375,119,109,122
369,108,122,130
371,112,118,130
369,111,118,127
370,112,121,131
368,112,118,130
368,118,118,122
369,119,110,125
369,117,113,122
367,120,121,120
369,123,117,116
369,123,110,116
367,125,114,113
366,123,119,117
365,123,119,120
364,122,115,116
365,125,107,116
366,122,100,117
366,126,97,108
363,127,110,109
364,128,108,110
365,132,106,104
364,127,107,112
366,127,106,105
364,125,99,99
365,131,101,94
367,134,95,82
368,134,87,74
363,130,95,78
366,132,96,83
363,130,103,90
362,130,101,90
361,125,106,94
360,125,105,89
361,120,113,100
361,121,107,97
364,126,106,89
363,117,105,102
364,113,103,105
363,110,104,105
361,116,103,102
362,115,103,100
360,113,105,100
361,112,104,101
361,111,104,101
361,116,101,97
360,109,109,110
361,112,106,105
361,111,107,112
360,116,106,104
358,115,109,104
362,112,105,113
360,114,107,115
360,112,106,112
359,108,108,121
358,109,108,122
360,107,106,129
359,105,109,130
361,107,109,128
358,107,114,125
360,105,110,133
361,103,109,135
361,102,111,141
361,101,114,144
362,106,109,139
363,101,111,142
361,107,114,137
361,103,113,140
358,102,115,145
356,101,117,148
359,100,113,153
358,100,116,148
357,100,111,151
357,99,110,154
355,97,109,157
350,96,108,146
350,98,106,121
349,95,102,128
346,95,109,136
348,101,105,131
346,98,104,125
347,114,110,148
350,98,105,160
350,100,110,162
346,99,111,160
348,102,112,159
349,97,113,162
353,100,105,161
351,94,105,163
350,96,107,153
351,99,110,161
356,91,108,165
351,94,111,166
353,90,106,165
352,90,108,167
351,92,110,153
357,92,105,156
352,91,109,159
356,92,104,160
353,74,106,127
351,100,109,99
352,102,110,94
352,99,107,98
354,105,109,89
354,106,109,87
354,103,108,89
355,104,110,87
353,101,111,88
356,100,111,91
355,97,109,92
356,95,110,96
355,97,114,95
356,95,106,96
355,98,112,92
356,95,112,96
356,95,111,94
358,97,109,92
356,95,112,93
359,95,109,96
356,96,112,95
358,96,111,94
356,95,113,96
360,96,109,94
360,97,110,92
362,99,107,89
362,101,109,88
361,98,111,93
360,99,115,90
359,97,116,93
361,99,112,90
363,99,111,90
364,99,112,91
366,100,110,90
366,98,110,93
364,98,111,91
368,100,109,91
367,100,107,91
370,101,107,91
367,99,111,93
369,101,110,92
368,100,108,94
366,98,112,95
368,98,111,96
367,98,114,96
369,100,109,93
367,101,112,92
367,99,111,95
366,100,109,93
369,99,108,96
365,99,112,96
366,102,112,93
364,105,112,90
366,101,112,98
365,104,111,94
366,104,109,95
364,104,112,93
364,104,109,92
365,111,108,87
365,104,109,94
364,110,109,89
365,105,108,94
363,108,108,92
362,107,109,95
361,109,108,96
365,117,102,91
367,129,98,75
364,133,102,74
360,122,105,87
364,131,100,85
365,131,99,89
360,123,105,105
361,124,101,101
362,125,100,92
361,134,102,88
361,131,100,97
359,126,104,103
363,137,99,92
359,129,103,100
361,135,101,94
361,130,100,97
360,129,103,99
360,130,101,96
359,136,103,91
363,144,99,82
362,141,99,87
359,136,101,92
358,138,101,90
359,139,101,90
359,141,100,87
361,148,97,81
359,147,100,83
359,151,100,79
361,152,95,78
355,146,103,84
355,148,102,82
357,149,101,80
355,154,102,77
356,151,101,79
354,152,105,79
356,151,103,81
357,152,99,79
355,152,103,78
357,154,102,78
356,154,102,77
355,153,103,77
355,154,103,76
358,158,98,72
357,158,99,70
355,160,104,68
358,162,100,65
359,161,97,62
361,163,95,61
358,162,96,59
358,162,97,60
359,162,95,58
360,163,93,56
361,163,92,56
362,163,90,55
361,163,88,55
362,167,85,49
361,164,88,50
362,165,84,50
363,166,83,49
365,168,83,46
365,168,82,42
364,165,85,55
366,167,84,41
366,165,86,45
366,162,86,56
367,162,85,50
368,161,86,51
367,160,92,50
370,159,86,45
370,158,88,44
368,157,94,53
371,156,91,56
371,157,93,45
371,155,92,44
373,156,90,52
373,153,91,62
371,153,94,54
372,153,94,64
371,152,97,56
374,151,96,64
374,149,95,65
375,148,95,69
374,147,105,70
375,148,104,51
386,148,94,44
382,144,100,55
380,145,102,67
379,143,100,75
376,140,104,82
382,142,94,81
380,140,100,80
380,142,103,77
383,142,96,81
380,143,108,74
381,143,99,77
382,144,100,77
381,146,101,77
387,146,101,76
387,147,104,73
388,148,104,68
388,147,102,62
389,147,108,55
393,146,107,48
393,145,107,43
391,146,110,40
386,145,116,41
404,143,103,45
392,141,114,55
392,138,110,58
397,134,109,61
396,135,114,63
399,137,112,64
402,134,113,66
401,134,114,68
403,132,122,74
406,130,116,74
407,133,113,70
409,134,116,67
412,135,118,66
413,136,115,65
417,133,117,68
421,137,115,63
418,139,116,61
426,139,113,62
426,138,111,60
429,142,114,57
428,141,120,63
450,145,117,58
448,145,115,56
438,146,118,54
441,145,115,53
444,146,114,57
446,145,123,55
448,146,125,57
451,148,118,52
453,148,116,53
475,148,129,51
483,150,131,51
462,150,118,47
460,152,127,53
479,150,136,53
462,150,125,53
492,151,116,48
492,151,120,45
497,153,109,38
501,152,95,37
509,152,90,35
512,151,91,35
513,149,94,36
512,146,95,37
515,145,90,35
518,143,85,35
520,142,89,35
521,141,88,35
522,141,91,35
526,141,88,36
529,139,85,37
534,140,85,37
534,141,90,35
540,140,86,36
541,142,88,34
546,141,85,34
549,138,86,38
551,139,84,36
552,137,83,36
557,135,85,36
559,135,80,34
561,134,83,37
566,135,80,33
565,136,84,32
570,135,82,35
572,138,81,34
575,137,81,35
577,137,83,35
583,139,81,34
583,138,85,33
588,138,86,36
591,138,84,35
595,138,84,35
602,139,84,33
606,138,86,34
614,139,84,33
619,138,85,37
626,138,85,36
629,138,84,35
633,139,87,34
639,141,86,36
639,140,91,36
643,143,91,36
644,145,88,35
647,144,91,39
650,145,89,38
653,146,92,39
653,148,93,37
656,147,92,38
661,150,90,36
662,151,92,36
668,152,90,36
669,153,93,35
674,152,92,41
678,151,90,37
680,153,90,38
683,153,94,36
686,154,94,39
688,152,91,38
690,149,91,41
694,151,89,41
693,151,90,37
692,152,92,38
692,153,93,35
692,152,93,38
693,151,91,40
693,152,92,44
693,148,89,52
694,148,88,51
692,148,86,46
690,149,86,50
691,147,82,52
687,146,82,56
686,146,86,49
686,148,84,50
684,144,88,57
684,145,86,58
684,144,81,55
682,143,83,56
681,144,81,58
679,145,80,55
676,145,85,58
676,144,85,58
676,141,83,64
674,142,84,63
676,140,78,63
678,139,77,64
677,140,78,63
675,137,80,67
676,134,79,69
672,139,84,67
673,136,86,70
671,141,82,64
670,133,85,70
668,132,95,75
666,143,88,65
665,146,87,59
666,140,81,64
663,135,89,70
663,140,86,64
664,143,86,61
664,142,82,61
662,136,84,65
664,143,81,58
662,137,82,64
662,138,81,63
662,139,76,61
659,140,81,58
660,137,79,60
660,136,78,60
657,137,81,57
656,136,82,58
655,138,80,55
655,135,80,59
653,135,80,57
652,133,80,56
652,133,81,57
650,133,81,55
651,130,80,57
650,127,80,59
649,126,82,59
649,125,83,59
648,126,84,54
648,124,82,56
646,119,84,61
644,120,85,57
645,121,80,56
645,120,81,57
645,118,80,56
644,117,84,55
639,116,87,55
633,115,91,57
637,114,86,56
638,114,83,54
640,116,82,55
638,113,83,56
640,113,79,53
641,114,80,54
642,113,77,55
643,108,76,57
642,114,73,53
645,114,68,54
648,113,66,55
647,113,65,55
652,116,58,52
653,115,56,51
656,113,51,53
657,112,47,53
658,114,44,50
656,113,43,50
658,115,40,50
658,113,35,47
659,115,37,50
658,115,35,50
658,115,35,50
658,115,35,50
658,115,35,50
658,115,35,50
658,115,35,50
658,115,35,50
658,115,35,50
658,115,35,50
658,115,35,50
658,115,35,50
658,115,35,50
658,115,35,50
658,115,35,50
658,115,35,50
658,115,35,50
658,115,35,50
658,115,35,50
658,115,35,50
658,115,35,50
581,104,40,50
571,105,47,55
606,105,44,61
576,105,52,63
584,102,70,69
602,96,91,74
582,92,113,80
582,94,116,76
588,95,116,75
587,94,122,76
592,94,118,75
597,96,114,71
600,96,117,73
604,97,118,73
609,97,117,72
616,95,114,76
618,96,116,73
623,96,116,73
629,96,112,72
632,94,112,76
637,95,109,75
639,95,111,76
644,96,109,72
646,94,110,74
646,95,111,75
644,93,114,75
648,91,108,77
646,91,112,77
649,92,108,74
648,91,109,76
650,91,104,74
650,91,107,73
650,90,102,74
647,92,110,72
645,92,111,73
646,92,110,72
647,91,109,74
648,91,108,74
648,88,106,74
644,90,111,72
645,92,113,71
641,90,114,73
647,89,108,74
644,89,111,75
644,90,109,71
644,90,107,69
644,89,111,74
643,89,109,74
645,91,108,73
644,92,112,71
645,91,112,71
649,91,107,68
650,93,107,68
649,89,108,75
649,92,111,72
650,93,108,74
650,95,112,72
652,94,111,74
649,92,116,70
648,92,116,74
653,94,108,72
656,94,106,73
652,91,114,78
652,94,111,75
655,95,110,74
655,95,112,75
650,97,119,71
650,96,116,76
652,97,116,71
650,97,117,74
652,98,112,70
654,97,110,71
648,97,117,70
648,97,117,73
646,96,118,75
649,98,116,71
647,98,115,73
645,98,118,77
646,97,115,75
645,96,113,75
643,94,116,73
642,94,119,75
639,90,116,78
640,90,118,73
640,88,115,75
639,73,118,90
639,76,118,91
640,89,115,73
644,92,112,75
647,94,113,69
652,99,109,71
653,107,110,75
658,113,108,77
660,127,112,79
662,143,111,75
673,160,101,76
679,176,93,75
677,196,89,77
679,210,82,83
674,222,84,96
671,232,79,91
668,240,78,94
668,240,78,94
660,254,73,89
663,259,65,85
666,259,53,82
664,254,53,79
664,254,53,79
664,254,53,79
664,254,53,79
664,254,53,79
664,254,53,79
664,254,53,79
664,254,53,79
664,254,53,79
664,254,53,79
664,254,53,79
664,254,53,79
664,254,53,79
664,254,53,79
664,254,53,79
664,254,53,79
664,254,53,79
664,254,53,79
664,254,53,79
664,254,53,79
664,254,53,79
664,254,53,79
664,254,53,79
664,254,53,79
664,254,53,79
664,254,53,79
664,254,53,79
664,254,53,79
664,254,53,79
664,254,53,79
664,254,53,79
664,254,53,79
664,254,53,79
664,254,53,79
664,254,53,79
664,254,53,79
664,254,53,79
664,254,53,79
664,254,53,79
664,254,53,79
