464,141,43,44
464,144,42,41
460,146,44,40
459,148,42,39
458,149,43,40
458,148,44,40
461,149,44,41
464,149,43,42
465,149,44,42
465,150,44,43
464,151,44,43
456,153,45,41
449,153,47,42
440,153,46,41
433,154,47,41
428,155,47,43
426,159,47,43
424,162,50,41
424,166,47,42
426,171,46,43
424,176,49,45
421,176,51,47
423,174,51,44
429,167,49,46
435,158,49,45
444,148,49,49
451,139,51,45
463,129,45,43
473,118,44,45
480,110,44,44
488,100,44,45
493,92,43,45
498,86,44,48
504,80,46,45
508,76,48,47
512,75,48,46
515,72,48,46
519,71,42,46
519,69,48,46
521,68,47,46
522,67,48,46
522,66,49,45
521,65,49,46
523,64,48,46
523,63,48,46
523,63,48,46
521,64,49,46
520,65,49,44
518,67,46,45
515,69,46,45
511,73,43,43
505,76,44,45
498,81,46,46
496,87,42,49
493,92,40,49
488,99,42,45
482,105,42,45
473,114,43,45
464,122,46,43
456,129,46,42
447,136,48,43
441,142,43,46
432,148,47,45
426,154,47,44
423,158,46,43
418,165,48,41
420,168,46,42
419,170,47,42
423,171,44,43
426,173,47,44
429,175,48,43
437,176,47,44
446,177,47,45
454,178,45,46
458,177,50,47
465,178,48,46
473,176,48,49
479,177,50,49
484,178,50,52
492,182,48,50
505,188,47,50
567,134,52,48
514,199,51,50
519,203,50,50
519,206,53,51
517,207,53,53
515,209,53,54
512,209,54,55
509,211,54,52
505,211,54,54
500,210,53,53
494,203,52,53
484,192,54,52
474,174,52,54
463,154,55,54
459,136,53,49
455,116,49,49
452,101,50,48
451,90,50,47
453,84,49,45
456,83,47,44
455,85,47,45
454,90,44,44
449,96,45,44
441,102,44,44
431,108,44,42
419,115,46,42
406,124,46,41
395,134,46,41
387,144,45,41
379,154,47,40
374,163,45,39
371,171,45,40
369,180,44,39
366,188,44,39
367,199,43,38
368,212,43,39
371,227,46,40
373,239,46,39
375,246,46,42
382,248,45,46
391,247,46,46
400,247,47,44
414,243,47,49
429,242,46,48
443,240,46,47
458,235,49,49
473,231,48,47
488,227,48,47
500,223,48,47
514,219,47,48
526,216,48,48
538,214,46,48
546,212,49,48
555,208,47,48
559,205,48,48
563,202,49,46
590,167,57,51
580,168,59,52
571,169,57,55
566,172,57,55
561,174,59,56
562,173,56,58
562,171,57,55
561,173,56,55
562,171,57,56
563,170,57,56
561,169,60,56
563,169,59,56
562,170,59,55
563,169,60,57
563,170,62,57
511,226,61,46
517,230,52,42
508,232,60,44
513,235,56,37
510,231,57,40
573,181,61,51
570,179,61,59
568,183,59,56
566,186,59,57
518,147,42,47
519,131,41,44
521,112,44,45
522,98,43,43
525,83,41,44
527,72,44,44
527,63,45,45
529,56,46,43
530,52,47,44
532,48,47,45
533,47,47,45
535,46,48,44
537,44,50,47
537,42,54,49
540,42,54,51
541,44,56,53
543,47,55,56
543,48,57,57
547,57,58,56
549,65,59,59
552,76,59,59
553,88,61,61
555,101,62,61
559,117,59,60
559,132,61,63
560,142,57,62
559,149,56,60
556,154,57,59
553,157,57,59
548,159,57,58
544,161,57,56
540,161,57,56
538,163,55,58
538,167,53,56
537,172,56,54
539,178,55,56
542,185,54,57
544,193,53,55
545,198,55,55
545,201,52,53
542,200,54,51
541,192,51,52
536,183,51,50
533,173,50,50
532,160,49,49
530,149,47,48
530,138,46,48
571,110,55,53
568,118,57,56
563,126,63,59
562,136,64,64
561,146,63,61
531,98,49,53
532,95,49,52
535,92,46,49
535,88,50,49
535,84,50,51
537,81,49,50
536,78,51,49
535,75,52,47
538,71,49,47
539,68,51,48
537,62,52,50
537,60,53,50
537,59,54,50
534,59,57,54
535,61,56,55
533,62,60,58
532,63,62,59
534,65,62,60
534,65,64,62
535,69,64,62
540,74,64,63
544,84,64,63
545,96,65,65
545,111,66,65
545,131,66,67
544,147,63,65
540,162,59,62
535,174,59,60
530,181,60,62
526,190,63,62
527,197,60,62
525,205,64,59
530,206,59,60
531,208,61,59
532,206,58,58
533,205,58,59
534,206,58,58
535,206,60,58
536,205,61,60
537,205,59,60
538,203,59,59
537,203,59,59
534,203,60,59
533,204,58,59
532,204,58,57
530,203,59,58
530,202,56,57
529,199,56,57
530,196,53,54
530,193,53,53
531,188,51,51
530,183,52,50
531,178,51,48
532,171,47,50
535,167,41,50
569,120,45,59
560,117,59,64
556,117,68,66
557,117,71,62
558,118,68,66
559,120,67,66
559,121,70,67
560,122,70,69
562,124,68,65
563,127,70,63
562,126,68,69
549,131,81,66
558,134,70,64
558,137,68,66
539,65,57,59
539,47,56,56
540,33,54,57
539,25,53,55
537,20,54,54
540,18,52,53
539,17,54,52
537,14,55,53
537,12,54,54
537,11,53,52
537,12,54,53
536,16,52,54
536,24,54,54
538,32,53,59
538,41,53,55
538,52,55,54
540,69,54,52
541,82,54,54
542,97,53,49
566,135,64,56
564,129,71,62
562,126,73,63
556,122,78,70
562,119,71,67
563,118,67,63
561,117,69,65
559,119,69,67
556,120,70,67
555,123,70,64
553,123,74,69
552,128,75,68
551,131,73,68
552,135,68,69
549,142,66,64
546,149,61,65
541,160,59,57
537,168,60,57
536,175,57,56
535,183,52,55
535,189,57,53
537,194,58,47
557,192,51,49
494,194,45,42
481,190,45,43
466,186,47,42
453,182,45,43
439,179,44,44
426,179,47,44
417,179,47,42
408,179,48,42
401,177,46,44
397,177,46,43
391,176,48,43
389,177,46,41
387,177,47,44
384,179,48,44
382,182,49,45
382,186,51,46
386,193,50,46
395,201,50,48
406,208,53,50
420,210,52,52
432,203,55,50
449,191,49,49
459,177,51,48
470,165,49,49
481,157,46,51
489,155,44,50
493,155,46,48
494,154,47,49
494,154,46,50
491,158,46,49
488,162,47,49
483,167,49,48
479,173,47,50
475,183,47,50
474,196,48,48
474,206,50,50
474,209,49,49
473,206,46,46
460,201,53,45
454,204,50,47
450,225,52,46
446,262,56,55
452,305,58,63
448,340,62,68
445,366,65,69
442,367,64,68
436,356,65,66
436,357,61,66
433,366,67,69
438,384,69,69
440,391,67,70
441,389,68,71
444,392,65,67
441,392,68,63
435,377,71,68
436,337,60,64
440,266,61,68
444,214,52,52
445,196,47,46
444,204,47,47
441,242,47,51
439,302,52,59
441,316,54,67
441,336,59,66
444,367,63,63
448,399,62,66
450,379,65,66
459,308,60,64
474,244,54,64
485,211,48,49
490,206,47,46
498,228,50,48
506,284,51,54
513,354,50,49
508,342,54,50
499,340,54,57
482,365,66,66
466,419,67,56
594,406,71,65
460,403,69,69
458,312,69,65
468,213,55,54
468,145,47,46
466,102,47,47
463,88,47,46
460,100,49,48
457,143,49,49
453,225,52,56
452,318,57,63
449,333,63,70
457,354,61,67
461,400,63,69
452,423,67,58
454,419,59,59
453,373,65,69
456,274,60,70
459,189,50,58
460,136,49,45
456,109,48,45
454,123,46,45
451,166,48,48
450,243,48,50
449,308,53,57
448,352,63,68
449,398,66,72
584,405,72,69
445,414,68,63
446,358,66,67
441,251,71,78
452,153,52,73
453,108,45,55
448,86,46,50
445,87,44,46
442,114,45,47
439,168,43,50
432,258,45,57
434,307,47,65
427,351,64,69
438,396,71,65
445,418,64,60
448,422,66,56
447,395,70,68
446,319,69,63
465,220,56,66
473,145,47,53
476,100,47,49
480,83,48,47
485,92,47,48
491,134,50,52
498,207,49,61
497,280,59,69
490,309,70,70
485,346,71,80
489,409,60,62
463,432,63,50
457,440,59,40
464,407,58,47
469,302,57,51
470,182,51,41
468,118,49,45
465,95,51,49
464,104,50,50
461,141,53,54
459,218,55,56
463,292,54,62
455,341,68,75
457,400,69,70
446,424,67,56
449,435,55,47
443,431,59,46
450,433,60,45
452,426,56,46
452,385,58,49
450,289,63,53
441,235,60,67
436,213,63,81
434,226,65,84
438,267,61,75
437,312,62,67
444,355,57,66
439,374,55,61
431,361,57,55
418,324,65,57
415,276,63,65
417,237,63,70
425,224,66,74
431,239,65,76
437,281,67,73
440,338,67,71
439,350,64,69
436,268,64,73
441,178,58,59
445,121,53,56
447,98,48,50
445,102,50,51
446,138,51,49
447,210,49,51
442,312,57,57
454,355,59,64
468,389,60,70
470,414,65,59
463,423,71,53
463,413,74,58
465,382,74,60
462,354,71,65
453,342,71,70
448,345,68,70
442,356,68,71
438,380,69,64
443,404,60,62
447,426,54,51
447,421,51,48
445,394,56,47
434,378,66,56
427,388,75,66
428,417,70,61
428,417,70,61
438,439,73,47
441,401,71,59
446,291,68,66
452,181,57,47
452,109,53,46
452,67,47,48
449,54,46,47
447,65,46,49
443,104,45,52
439,186,43,48
434,277,43,54
433,329,50,64
415,360,60,68
402,379,62,73
403,370,64,77
405,336,63,73
407,296,65,65
412,265,63,68
416,259,62,72
424,280,62,74
438,302,70,67
475,295,68,72
547,297,55,53
572,289,63,63
583,313,72,69
606,344,75,70
647,375,79,74
489,277,81,76
477,313,74,76
467,357,75,74
456,406,70,67
441,429,66,50
446,433,62,45
453,433,70,44
452,411,75,49
454,364,77,60
465,313,75,65
487,274,78,68
540,258,68,63
564,248,68,77
575,275,75,76
601,315,81,69
623,344,79,69
541,196,61,70
535,288,65,73
512,314,75,75
486,348,80,74
467,395,73,74
445,419,70,62
438,427,60,50
442,418,59,57
439,399,67,67
435,369,69,74
444,325,67,69
462,283,72,70
497,260,67,67
552,260,71,58
578,258,67,64
599,291,73,70
632,322,71,68
643,338,81,70
637,339,89,68
638,333,82,66
630,333,85,69
634,342,76,70
638,359,69,69
642,389,62,70
643,414,63,59
648,417,57,56
655,385,51,63
630,283,64,63
611,169,58,50
594,94,51,47
577,51,49,48
560,35,48,47
549,43,46,48
536,76,46,50
521,141,47,56
510,240,45,59
502,322,52,66
493,345,60,69
473,371,68,72
457,399,71,66
444,410,72,62
442,410,63,63
432,387,68,66
427,354,71,70
443,321,70,67
460,294,73,65
492,283,68,68
555,283,67,60
561,299,69,66
586,332,72,69
614,356,74,70
654,374,68,72
683,373,55,65
692,357,53,62
694,350,48,56
696,362,48,50
697,382,49,49
695,389,48,49
691,399,49,51
691,403,54,48
689,346,51,54
660,243,57,47
629,152,53,46
601,100,53,46
579,76,51,49
555,77,51,49
537,107,49,52
511,173,51,56
493,272,53,58
499,322,58,66
474,352,65,70
473,384,68,72
463,405,66,69
454,404,67,69
449,383,69,71
460,348,68,66
478,315,77,65
517,299,80,60
545,288,95,66
581,303,76,73
601,335,74,73
632,362,77,83
496,322,75,69
474,343,71,76
469,364,68,71
458,385,66,71
451,392,64,70
448,384,65,70
447,368,66,69
441,354,68,69
427,352,74,67
406,352,77,66
382,347,77,71
370,341,74,71
366,318,75,67
376,253,68,67
406,183,53,55
427,151,52,47
446,146,49,49
467,171,50,53
484,228,53,52
501,261,56,59
498,276,65,70
479,314,74,76
463,358,72,75
452,379,68,76
458,373,69,74
476,358,75,74
487,351,93,67
616,308,76,67
588,293,65,62
582,290,63,58
582,304,66,51
584,319,52,43
586,319,51,38
588,309,49,42
585,292,53,46
571,276,58,50
551,258,63,58
522,239,72,64
484,217,81,70
443,195,85,81
391,184,96,79
287,207,120,82
149,251,133,107
34,284,154,126
34,284,154,126
34,284,154,126
34,284,154,126
34,284,154,126
34,284,154,126
34,284,154,126
34,284,154,126
34,284,154,126
34,284,154,126
34,284,154,126
34,284,154,126
6,313,149,165
6,313,149,165
6,313,149,165
6,313,149,165
6,313,149,165
6,313,149,165
6,313,149,165
6,313,149,165
6,313,149,165
6,313,149,165
6,313,149,165
6,313,149,165
6,313,149,165
6,313,149,165
6,313,149,165
6,313,149,165
6,313,149,165
6,313,149,165
6,313,149,165
6,313,149,165
6,313,149,165
