405,80,116,189
403,84,120,182
404,84,118,182
400,84,124,182
403,85,121,180
403,86,117,185
402,81,118,192
403,83,123,184
406,86,116,181
403,85,122,183
401,83,125,189
404,83,116,190
407,86,118,184
406,85,117,181
401,87,127,184
404,85,123,186
403,87,124,188
403,83,128,196
408,84,121,194
405,84,127,193
405,87,129,187
406,84,125,191
409,83,122,195
405,83,127,195
403,86,132,194
401,86,131,196
404,87,126,193
402,85,127,194
404,91,121,188
402,85,121,196
409,87,111,189
404,86,114,191
399,82,119,191
402,86,114,188
401,81,112,191
396,80,121,192
402,78,110,198
404,80,106,190
403,79,105,190
398,78,109,196
400,77,110,193
397,82,108,193
395,83,114,191
397,82,110,191
397,80,111,191
400,82,107,186
396,87,109,178
398,81,107,185
400,84,102,187
398,88,108,180
397,86,109,182
400,88,109,185
400,88,109,184
404,86,107,190
402,82,109,194
409,84,105,193
411,81,109,197
411,83,110,192
410,79,115,201
427,78,98,213
420,83,108,195
424,81,108,194
427,80,103,198
429,77,106,206
432,80,101,206
433,80,98,200
438,76,94,201
437,77,94,205
435,78,103,202
434,77,103,204
436,77,98,206
435,79,96,201
433,79,99,204
434,77,96,203
432,81,97,203
430,79,100,203
426,81,101,203
429,80,98,198
424,81,101,201
423,77,100,200
420,80,97,201
424,81,93,196
421,81,97,194
421,79,98,202
430,80,87,194
432,79,84,195
433,78,85,200
433,81,86,190
436,78,82,194
435,74,85,198
437,71,86,197
443,74,82,194
442,72,86,194
447,71,79,195
446,71,84,193
451,68,80,197
447,69,86,193
450,70,83,201
449,65,83,208
450,66,84,204
450,69,82,198
448,67,84,202
449,67,84,206
446,68,85,201
448,64,85,205
447,69,84,202
446,62,87,211
447,65,88,203
447,66,86,202
447,66,87,202
448,66,87,203
448,69,84,200
448,67,86,200
449,68,83,199
449,66,84,208
448,66,83,206
450,65,84,210
451,67,84,202
452,67,82,203
449,66,87,208
451,67,88,204
452,66,85,203
453,66,86,206
452,70,85,198
454,65,84,207
455,70,85,199
452,65,87,206
455,67,86,205
453,69,89,202
455,69,87,203
454,69,87,199
452,70,88,206
452,71,85,196
451,70,85,203
452,69,84,206
450,66,86,209
452,71,84,207
453,70,83,203
454,70,83,199
453,69,85,199
453,71,86,194
454,74,86,191
453,71,89,195
456,70,85,201
458,70,81,200
456,66,84,199
456,69,84,193
456,67,80,200
457,68,80,196
455,65,82,198
458,66,78,203
456,63,83,210
454,67,89,205
456,64,84,221
453,62,84,225
453,65,81,217
451,65,82,216
451,65,83,216
450,64,81,211
449,68,81,208
446,65,84,216
446,67,85,216
445,67,83,209
444,69,81,198
442,66,84,210
440,69,87,205
442,67,83,211
443,67,79,209
441,65,85,213
440,67,87,208
439,70,89,204
442,72,84,198
444,69,84,200
445,68,85,207
442,68,89,205
444,71,84,202
444,67,83,203
444,72,83,196
443,66,82,208
444,65,83,214
440,65,88,217
441,69,87,198
442,69,85,203
438,71,89,202
435,72,91,201
433,75,94,197
434,73,92,200
432,72,92,201
428,74,95,200
426,75,99,200
426,71,100,210
418,75,109,200
418,78,114,192
416,79,111,194
415,78,113,198
415,80,114,192
419,78,105,195
410,79,118,200
415,81,111,192
410,80,115,194
412,82,111,189
411,82,111,190
407,82,119,189
403,85,124,191
402,87,125,186
400,86,127,190
398,88,127,191
399,88,120,188
397,89,124,189
399,92,124,183
399,91,127,180
398,95,125,180
399,91,126,184
398,94,133,181
396,94,133,180
398,92,130,185
397,94,129,181
398,93,129,184
398,92,131,180
394,93,131,180
396,94,132,180
397,95,123,182
395,97,130,178
392,96,130,181
390,99,133,174
394,98,126,175
392,96,128,179
389,99,130,174
389,104,132,175
386,102,136,170
387,100,133,168
384,106,135,172
382,103,150,174
383,102,152,170
383,106,148,167
382,105,145,169
379,105,152,166
378,103,151,171
377,105,152,167
377,104,155,170
377,100,163,171
377,104,154,170
379,103,145,168
377,101,147,176
379,102,150,169
379,103,145,171
379,103,144,169
381,104,135,165
379,102,148,174
378,103,149,173
381,103,146,169
380,104,149,172
381,105,142,168
378,105,149,171
381,105,138,166
377,106,139,169
376,109,148,165
378,107,148,161
375,110,152,165
373,110,157,159
372,112,153,157
374,113,151,155
373,114,144,155
370,114,159,157
370,115,148,157
370,115,149,156
367,116,158,151
364,120,155,152
364,117,161,158
363,119,159,156
364,121,154,152
360,122,159,149
357,120,159,151
362,125,151,148
355,123,154,147
356,125,158,148
350,123,169,149
350,125,154,144
348,124,159,144
350,120,158,150
347,125,169,144
347,120,161,151
346,123,167,146
342,119,175,154
346,118,163,157
350,116,156,156
350,117,145,154
344,114,159,156
346,123,168,145
342,123,163,145
344,120,155,147
340,120,162,149
344,133,165,137
341,138,178,133
342,132,164,142
339,134,174,137
341,133,165,136
335,140,180,132
335,140,183,132
335,140,175,133
335,135,181,141
335,134,178,133
334,140,185,133
334,137,162,130
330,134,174,137
330,142,165,127
332,136,171,136
334,142,174,133
333,143,177,132
333,140,144,124
330,140,128,126
332,142,109,119
330,149,111,104
349,164,129,101
338,153,128,112
330,154,111,107
323,154,120,108
325,156,116,103
324,150,114,114
326,157,110,103
334,154,126,108
325,156,113,104
324,157,114,102
323,150,113,114
324,155,115,108
325,154,111,110
327,155,109,106
322,156,120,109
324,156,117,110
324,161,113,100
326,161,107,100
327,160,106,100
328,161,108,103
326,159,114,106
327,163,108,99
327,164,108,97
327,167,108,97
325,162,113,102
326,165,112,95
325,164,116,102
327,167,109,98
327,168,111,98
330,170,105,97
329,171,107,94
328,171,110,95
329,171,109,97
332,172,102,98
331,170,105,99
334,172,97,97
330,173,111,102
332,175,105,102
332,176,108,104
333,179,103,101
332,178,105,105
334,182,105,103
333,181,103,103
333,184,102,102
331,182,108,105
332,186,105,104
332,188,103,103
334,185,102,107
333,190,102,99
334,191,99,100
334,191,103,104
334,193,103,102
332,196,103,100
334,196,104,101
335,197,101,103
335,200,103,98
336,202,102,98
338,202,96,100
334,202,110,106
335,204,110,109
336,208,116,109
336,209,112,104
337,212,115,105
340,213,105,103
342,213,108,105
342,215,107,104
342,215,109,104
342,221,112,100
345,218,105,105
344,222,109,103
343,226,115,99
343,229,114,96
343,227,117,99
347,225,114,100
348,226,110,101
346,232,115,95
348,238,112,87
347,240,115,86
347,240,117,86
348,242,119,82
350,239,117,85
349,241,121,84
350,241,123,85
351,242,125,83
350,241,129,82
353,242,123,85
354,243,118,82
354,245,122,78
355,245,123,80
357,242,119,83
357,246,121,79
359,248,115,75
361,247,114,78
361,248,118,77
362,248,115,76
362,249,118,74
364,252,112,72
363,256,115,67
362,254,114,70
364,257,114,67
363,257,113,68
365,255,111,69
362,262,113,62
364,261,111,61
365,259,109,66
365,258,109,67
365,263,108,61
364,258,113,67
365,262,112,62
366,264,111,59
365,262,110,63
364,263,115,62
367,266,106,60
363,261,118,64
365,266,112,61
367,268,107,57
365,268,110,57
368,269,106,56
365,270,113,55
365,271,111,55
367,273,106,52
366,274,107,52
365,275,108,50
365,275,105,50
367,276,105,50
366,278,103,46
384,279,85,47
390,281,74,44
391,283,72,43
392,283,70,41
397,284,64,41
397,287,63,38
401,286,60,38
403,286,57,38
403,287,56,36
406,285,52,39
409,286,50,37
410,286,48,36
410,287,48,35
410,287,48,36
409,286,49,37
410,288,47,35
409,287,48,36
408,287,49,36
409,288,48,35
408,288,48,35
408,289,47,35
409,289,46,35
410,290,45,34
411,290,43,33
411,292,42,31
411,292,44,31
412,295,42,28
412,295,41,27
412,295,41,27
412,296,41,27
412,295,40,27
412,296,40,26
411,295,39,28
411,297,39,25
410,299,38,23
410,300,38,22
410,300,38,23
411,299,38,23
411,298,39,24
410,297,39,25
410,298,36,24
409,300,38,23
408,302,36,21
406,304,35,19
407,306,31,17
405,308,32,14
405,310,29,13
406,310,27,13
407,310,25,13
408,310,25,12
409,310,25,13
410,310,23,13
411,309,22,12
415,310,23,13
418,310,26,14
422,310,25,13
427,311,24,11
432,311,25,12
440,310,23,11
449,310,20,13
457,311,18,11
465,311,15,11
471,310,16,12
477,310,13,13
484,311,11,11
493,310,12,11
496,311,13,10
506,312,11,9
511,312,12,9
515,311,14,10
518,311,16,11
523,310,14,11
523,309,15,12
522,309,17,13
521,309,19,14
518,309,23,14
515,309,27,14
512,309,29,14
510,309,29,16
510,310,30,15
508,309,33,15
508,309,33,17
508,309,34,14
508,308,36,15
508,308,34,15
508,308,35,16
508,308,33,17
508,308,34,16
507,308,35,15
507,308,35,15
507,308,35,15
507,308,35,15
507,308,35,16
507,308,34,15
507,308,35,15
507,308,35,15
507,308,36,15
507,307,37,17
507,307,35,18
508,308,36,18
508,308,34,16
508,308,34,15
508,308,35,16
508,307,35,18
507,308,35,17
508,308,35,16
508,307,35,17
508,307,37,16
509,307,36,18
511,307,36,17
512,307,37,17
513,305,39,21
512,304,42,21
511,301,46,23
509,298,47,25
507,294,48,29
505,292,52,32
506,290,51,34
506,289,52,35
505,290,54,36
506,289,52,37
505,287,55,39
503,286,57,38
505,285,54,42
506,284,55,41
507,283,54,43
506,282,55,44
502,281,57,44
503,280,58,47
505,280,54,46
501,279,58,47
498,278,63,48
497,277,64,49
493,275,69,50
488,273,76,53
486,273,77,53
485,273,79,54
479,270,88,56
478,270,90,57
476,267,91,61
475,266,92,62
471,264,96,64
472,264,95,64
470,262,99,66
466,262,104,67
467,259,102,68
464,261,106,69
468,259,99,69
464,256,106,72
466,256,104,73
462,254,108,75
463,253,107,74
466,253,102,76
462,250,109,76
458,250,113,78
459,248,110,80
459,247,111,82
460,245,110,83
458,245,115,84
456,243,117,84
460,241,113,87
457,240,116,89
455,239,121,90
457,236,118,95
463,235,113,98
458,234,119,94
455,234,121,97
454,232,124,95
457,232,119,96
455,232,119,96
456,231,119,97
450,231,126,96
455,228,121,99
455,227,117,99
462,226,113,102
463,223,109,102
464,223,109,100
460,218,112,107
465,218,107,104
465,216,108,107
467,215,107,107
455,213,119,109
464,213,110,109
454,211,121,109
464,208,110,111
463,207,112,114
468,206,104,112
464,204,109,117
463,204,111,114
460,204,113,111
456,203,121,109
459,202,117,113
456,201,118,108
461,199,115,119
463,197,111,117
464,198,111,110
461,196,118,122
461,197,117,113
461,195,119,112
460,195,120,112
454,195,128,104
459,193,124,100
463,191,121,107
462,190,120,112
465,189,117,104
463,188,124,107
469,187,117,131
452,183,141,150
460,183,130,148
463,180,125,148
470,178,118,152
465,179,124,150
468,180,119,150
463,180,125,149
460,177,128,155
464,177,123,153
462,175,128,156
458,175,126,157
459,176,131,155
458,175,132,152
458,174,130,156
458,175,132,154
463,174,128,149
460,173,131,153
461,172,131,154
457,171,138,157
462,172,133,153
457,170,140,166
468,170,128,162
464,169,133,163
460,167,137,174
464,166,136,166
468,163,131,165
479,164,116,172
478,167,124,159
477,163,122,170
477,161,123,166
478,160,122,175
482,158,112,191
486,155,111,182
492,157,103,170
485,156,111,173
485,156,112,189
485,154,107,186
487,156,108,193
488,152,105,196
487,152,108,189
492,150,98,183
493,145,100,198
493,145,96,199
489,147,108,195
493,145,101,191
490,143,103,193
490,141,103,197
489,139,105,194
489,140,103,195
489,138,102,198
491,137,101,196
490,134,106,189
488,136,109,189
488,135,114,195
492,133,105,200
488,130,113,199
491,128,103,200
489,127,108,197
489,127,112,189
490,127,113,192
491,124,112,189
485,123,124,210
462,126,142,196
451,123,156,197
453,123,155,173
451,126,159,172
452,121,157,186
451,120,159,199
451,121,156,178
452,125,158,189
449,120,160,185
458,116,152,212
449,119,155,202
451,118,158,192
452,118,157,202
447,120,158,197
444,118,169,182
459,121,152,196
454,121,151,191
459,120,149,206
464,121,144,170
462,121,142,163
455,125,154,155
452,123,158,157
450,117,158,162
452,118,156,160
456,115,152,163
454,117,157,157
459,117,151,156
451,118,161,156
446,116,163,160
461,114,149,165
456,116,152,160
469,112,140,166
461,112,149,174
458,113,151,171
453,111,157,173
460,112,148,169
463,111,147,179
469,109,137,188
457,112,153,171
449,110,160,197
460,107,150,224
460,106,145,215
452,110,154,173
455,110,152,171
465,108,138,171
469,111,136,182
475,111,126,171
482,110,121,178
479,110,123,185
481,112,120,195
485,109,121,219
486,105,113,216
484,107,118,191
473,109,126,199
474,110,128,168
464,109,135,175
475,108,122,156
472,107,124,149
466,105,132,177
478,104,122,166
472,108,124,168
467,104,130,167
467,103,130,178
472,100,126,180
463,102,134,177
473,99,120,172
457,100,138,177
465,99,128,166
451,97,144,179
459,96,133,173
468,97,124,177
457,96,137,178
461,95,129,178
472,97,118,161
458,96,134,175
462,97,127,177
465,96,126,179
456,96,135,183
466,95,118,179
459,99,130,174
448,98,141,176
457,94,131,180
455,97,131,166
461,96,127,175
455,95,129,165
450,94,135,178
455,95,129,173
460,93,124,180
434,92,150,181
443,93,139,175
449,93,131,177
455,95,128,176
437,93,145,185
441,91,139,173
452,93,131,178
440,92,137,184
447,91,132,179
441,92,138,183
445,91,134,183
450,92,126,172
448,94,129,176
445,94,128,178
437,93,135,183
441,90,131,182
439,89,133,186
438,89,130,184
435,89,132,186
436,86,130,186
434,84,129,188
435,88,130,181
432,86,133,185
437,85,123,184
435,87,128,185
429,84,131,186
432,86,128,185
435,86,119,183
435,85,122,182
429,86,125,185
430,87,123,185
433,88,116,179
426,86,122,180
430,85,115,184
427,87,120,180
427,87,117,178
427,87,115,182
420,87,124,184
417,89,128,180
418,88,123,181
417,89,123,179
416,90,122,176
416,91,120,179
417,90,119,178
414,86,123,181
412,88,124,181
408,88,130,181
410,85,128,186
413,86,124,185
408,88,132,182
411,87,129,187
410,85,126,191
411,85,128,188
408,85,128,189
407,83,136,190
407,85,130,193
404,82,136,191
404,86,130,187
407,81,131,191
409,82,127,193
419,83,113,187
413,81,120,188
408,84,128,189
411,86,122,189
412,83,120,192
409,81,127,190
410,85,122,187
412,84,118,186
411,82,121,188
408,83,125,188
406,85,130,184
409,81,125,188
409,84,117,184
409,79,122,191
409,85,119,186
409,82,122,189
412,79,118,188
406,83,126,185
408,82,123,184
407,84,121,183
410,82,116,185
409,79,118,189
407,81,117,187
407,80,121,188
403,83,123,184
398,78,130,194
411,81,108,190
405,82,116,185
406,82,117,184
401,81,122,185
402,84,118,184
403,83,113,183
400,84,119,182
400,82,118,184
402,85,109,177
400,83,119,180
397,86,119,175
398,87,115,176
401,86,112,176
396,84,115,185
401,87,108,180
399,89,111,176
397,88,111,174
400,90,108,171
397,89,113,178
397,91,109,173
398,89,109,172
398,85,108,181
400,86,101,176
404,91,97,172
403,95,95,165
401,91,102,169
398,86,101,175
396,92,106,168
395,93,104,171
395,91,106,171
396,95,101,164
394,92,104,170
397,91,99,169
394,90,101,170
397,93,98,169
395,91,102,172
395,94,103,167
396,96,101,166
393,95,103,165
391,95,110,168
394,99,102,164
394,97,101,164
393,95,100,169
391,96,101,166
397,100,95,162
392,100,102,161
393,99,98,165
396,97,97,165
394,97,93,164
394,101,97,159
394,105,96,155
391,100,100,162
394,100,95,166
391,100,98,164
395,102,95,159
394,100,97,161
391,96,97,167
396,99,91,162
392,101,97,159
397,101,88,160
393,99,94,162
392,97,98,165
392,98,95,162
390,102,100,159
390,100,99,161
393,100,92,160
393,101,95,160
393,101,93,159
392,97,94,167
390,96,98,163
392,105,92,155
395,100,88,160
391,100,91,165
394,101,89,160
394,98,84,166
396,102,86,158
395,99,82,163
394,98,85,164
393,98,86,165
392,100,89,166
391,96,94,169
392,99,91,166
388,106,92,157
391,101,87,165
392,103,85,161
394,104,83,160
391,106,85,159
390,109,86,154
391,110,83,155
391,115,86,146
392,115,83,148
394,114,78,150
390,114,86,150
391,117,81,147
390,116,82,149
390,121,80,143
389,117,83,147
391,116,78,149
386,120,86,147
388,123,79,141
385,121,86,147
385,122,85,146
385,124,84,144
384,127,84,140
385,127,83,139
386,127,82,141
386,126,83,142
386,129,81,138
384,129,84,138
384,129,83,138
385,132,82,136
384,132,83,135
388,134,75,134
386,138,80,128
383,138,86,129
384,138,82,130
383,140,85,124
380,140,89,127
382,139,88,129
381,140,89,127
383,141,82,128
383,145,86,121
381,144,85,124
382,147,90,120
384,143,81,128
382,149,88,121
379,150,91,121
382,147,89,125
381,152,86,117
382,154,86,116
381,153,90,118
385,152,83,119
383,155,89,115
384,158,87,111
384,158,86,112
385,159,86,111
383,157,89,113
383,156,87,112
382,163,90,107
384,160,91,111
384,163,91,107
384,162,89,109
384,165,90,106
385,165,90,106
386,168,89,102
385,169,89,99
386,176,90,91
385,173,92,94
386,169,87,99
386,175,89,96
387,179,89,88
386,171,89,96
386,177,88,92
387,176,88,91
387,172,86,97
388,176,87,93
387,175,87,94
384,175,90,97
387,179,89,90
390,180,86,90
388,182,86,89
386,189,91,79
385,188,95,81
387,196,90,73
384,191,92,79
386,185,90,85
385,190,91,81
388,190,90,79
384,199,92,72
385,185,92,86
386,188,90,83
387,191,89,79
382,202,97,67
384,205,96,64
382,206,95,65
386,200,93,69
383,206,93,65
386,207,93,62
384,208,93,62
384,209,93,61
384,207,92,63
383,208,93,61
383,206,93,64
382,205,95,64
383,204,92,65
385,208,90,60
385,207,90,62
385,205,88,64
384,205,90,65
384,210,90,59
384,207,90,62
384,208,88,60
382,210,90,58
381,210,92,58
380,214,94,54
379,215,97,53
381,217,91,51
379,216,98,52
379,216,96,51
378,220,99,47
378,219,99,48
378,219,101,49
376,220,102,48
376,221,100,47
377,222,100,45
375,222,102,45
376,223,99,46
378,223,97,45
377,224,97,44
376,226,97,42
375,227,96,42
375,227,93,41
375,227,89,42
377,229,87,39
382,229,79,39
385,229,73,38
389,230,63,37
384,231,65,35
396,232,54,35
396,233,51,33
401,233,45,33
403,231,41,36
405,233,37,34
407,234,32,33
408,234,27,32
409,235,28,32
408,234,28,33
408,236,30,31
409,236,27,31
409,237,29,31
410,237,24,30
410,238,25,29
410,238,24,29
410,239,25,29
410,238,23,28
409,238,25,30
409,238,25,29
409,238,25,29
410,239,25,29
410,238,24,30
410,239,24,29
410,238,25,29
410,238,23,30
410,238,24,30
409,238,24,29
409,238,24,29
410,238,24,30
410,238,25,29
410,239,26,29
412,240,24,27
412,239,23,28
412,239,21,28
411,239,22,28
410,237,22,29
410,237,22,29
410,237,23,30
410,238,22,28
409,236,23,30
409,238,23,29
409,237,23,29
410,238,23,29
412,238,21,29
410,239,22,28
410,238,22,29
409,237,23,30
410,238,23,30
414,240,20,27
413,240,20,27
416,239,17,26
416,239,16,27
417,239,16,27
417,239,15,27
419,239,17,26
421,239,15,26
420,239,15,27
420,239,16,27
420,239,17,27
419,240,16,25
419,240,18,26
420,240,16,26
420,240,16,26
420,239,16,26
420,239,16,27
419,240,17,26
419,240,18,26
418,240,19,27
419,239,17,26
419,240,17,27
420,240,16,26
419,239,18,26
418,239,18,26
419,240,17,26
420,240,17,26
419,239,17,26
419,239,17,26
419,239,17,27
419,239,19,27
419,239,18,26
420,239,15,27
419,239,17,26
419,239,17,26
420,239,16,27
419,239,16,27
419,239,16,27
417,239,18,26
417,239,17,27
416,238,18,28
415,238,22,29
414,235,22,31
416,235,21,31
413,234,26,32
411,232,29,36
408,231,34,36
408,227,34,39
407,225,35,41
408,225,38,41
405,221,41,45
406,220,40,46
406,219,45,48
406,217,43,49
406,215,48,51
408,216,44,50
408,214,45,52
407,211,52,56
404,210,56,57
405,210,56,58
402,208,62,59
397,207,68,61
394,206,69,62
393,205,76,62
391,204,88,64
392,202,92,65
392,201,91,66
392,204,94,64
391,206,94,64
392,202,93,66
392,199,93,70
392,197,92,72
391,196,94,75
390,194,96,77
392,194,94,77
394,195,88,76
392,196,93,74
390,192,96,78
394,190,91,80
392,190,94,81
392,186,93,83
390,186,95,87
393,192,92,79
393,185,92,85
391,192,95,78
391,182,95,88
393,185,91,85
391,182,95,88
392,182,91,87
392,182,92,87
389,187,96,82
393,180,92,90
394,181,90,88
391,180,93,90
395,179,91,90
393,179,91,90
396,176,90,91
394,178,91,90
397,177,89,93
396,174,90,96
397,174,88,99
396,172,89,97
393,174,93,99
396,172,92,93
396,172,89,99
397,173,88,97
394,173,92,97
397,173,89,97
396,168,90,100
398,167,91,102
397,169,91,99
396,165,91,106
398,166,91,105
397,165,92,103
398,163,90,105
399,164,90,105
398,164,91,104
398,163,90,106
399,159,91,109
400,165,88,105
400,161,91,106
401,158,90,112
401,157,90,115
402,162,89,107
403,158,88,111
404,159,87,113
403,155,90,114
402,153,91,119
401,153,92,118
399,156,93,118
406,155,86,114
404,157,87,115
402,151,91,120
404,154,88,116
406,155,86,116
403,150,91,121
402,152,89,119
408,151,82,118
406,151,86,120
404,149,86,122
405,152,87,118
404,151,86,118
406,149,85,122
404,148,86,123
402,148,89,123
403,147,85,124
402,147,88,122
405,145,83,126
403,143,85,129
402,141,88,131
407,143,80,129
403,140,87,131
404,140,86,129
405,142,85,127
404,140,85,128
406,140,85,126
405,138,83,129
406,135,84,133
403,136,87,129
405,135,85,132
401,132,90,135
405,133,84,135
405,132,86,133
404,132,86,134
404,131,85,133
405,129,86,135
405,126,86,139
403,124,87,143
405,124,82,140
403,122,90,143
405,120,84,145
403,122,90,141
406,118,86,149
403,117,94,149
406,116,90,149
402,118,95,149
403,114,92,153
400,113,97,154
405,114,92,152
402,115,96,148
407,109,88,156
401,109,97,157
402,109,94,158
403,111,93,153
401,110,98,156
401,104,98,161
408,109,88,157
405,106,90,159
401,104,98,159
402,104,97,160
400,106,99,154
402,101,96,163
402,102,98,162
402,102,95,163
399,100,101,166
404,103,92,164
403,98,99,167
399,103,105,161
403,97,98,168
401,99,100,165
405,96,92,166
406,100,95,161
402,97,98,168
406,100,93,162
401,97,101,166
402,96,100,168
402,95,101,169
403,98,98,161
402,92,103,173
402,95,104,166
402,97,102,166
404,91,98,169
408,96,96,164
407,92,94,171
407,93,96,170
404,92,99,172
400,90,107,174
404,95,103,168
401,90,102,176
405,92,100,168
399,90,108,171
402,94,105,168
401,86,103,177
404,92,106,167
400,94,107,167
405,90,99,170
403,92,103,172
401,90,104,173
400,94,110,168
402,92,105,168
401,92,107,169
406,93,101,167
405,93,97,166
404,90,100,172
404,92,100,169
408,89,92,173
401,88,103,173
405,93,101,169
402,88,102,174
406,93,99,167
402,91,103,169
402,94,106,165
402,96,102,163
397,90,111,171
404,92,104,170
403,95,103,169
403,90,104,173
406,95,98,166
402,91,104,171
401,96,102,167
406,89,97,177
402,95,105,164
402,91,104,170
405,93,100,174
403,89,101,175
402,88,100,176
402,90,108,179
400,86,108,181
406,91,99,178
400,89,108,182
408,91,93,175
404,88,95,180
402,86,104,185
402,88,104,181
401,90,105,177
402,88,102,177
401,85,105,183
402,91,102,178
403,88,101,182
400,87,105,183
405,87,101,179
401,91,102,179
401,88,107,179
399,85,105,186
405,88,92,184
400,89,106,182
400,85,105,183
400,81,103,190
402,84,103,186
401,86,102,180
405,85,101,177
402,86,103,178
402,84,106,177
402,88,112,180
403,80,105,189
400,86,111,181
403,88,104,177
399,84,112,181
401,84,107,182
404,82,105,179
407,83,99,181
404,81,106,183
402,81,107,186
407,79,99,188
406,76,102,191
399,75,114,191
403,81,109,185
407,79,104,181
402,78,111,188
405,74,105,190
403,76,110,186
405,79,103,181
400,79,115,179
399,80,117,185
399,75,116,192
404,73,109,194
401,74,112,193
404,78,107,187
403,77,113,189
401,76,115,189
400,76,115,191
404,79,112,185
405,76,110,188
402,76,112,193
403,77,113,188
401,73,118,191
402,77,121,192
410,71,107,196
404,74,114,197
406,74,113,192
406,77,113,191
402,74,121,195
407,77,115,188
407,76,116,190
410,78,110,193
411,75,106,194
408,73,115,199
408,73,113,197
408,70,115,201
408,76,119,197
412,72,115,197
410,73,124,198
403,79,135,191
407,74,130,197
411,73,123,198
413,71,123,200
411,67,128,202
414,69,122,206
413,66,124,206
416,67,122,208
419,69,119,204
419,67,119,203
420,67,119,204
418,69,122,197
416,68,125,200
415,72,129,196
416,67,126,198
414,70,125,200
419,68,121,202
420,66,117,203
416,68,124,204
413,70,131,204
411,68,137,206
416,68,124,209
423,71,120,202
424,68,116,206
423,68,121,207
423,68,123,206
425,69,116,206
427,68,109,211
431,66,108,215
431,68,113,216
430,69,114,213
432,70,112,207
433,67,107,216
433,69,113,211
433,69,111,212
429,68,122,216
435,67,108,214
435,69,108,215
429,67,117,223
432,66,121,223
432,66,118,224
431,67,120,219
430,64,122,230
431,69,118,218
432,67,121,216
433,68,121,218
433,69,119,215
432,65,120,229
434,67,120,221
430,66,124,222
431,65,128,219
430,67,127,219
429,66,127,222
433,64,125,228
433,64,119,225
431,64,126,233
431,65,128,225
431,64,123,236
431,67,127,232
433,63,121,242
428,64,134,241
428,63,132,252
429,65,133,239
432,61,131,254
431,63,135,254
438,66,125,239
434,67,130,242
434,64,134,254
438,66,134,245
434,69,141,247
435,69,144,250
436,72,145,245
436,74,141,235
434,73,149,244
442,69,139,252
443,72,139,243
441,69,142,262
445,68,134,263
445,73,137,250
446,70,138,260
443,75,140,245
445,73,144,256
445,77,145,248
447,81,136,238
448,75,139,252
450,74,140,249
452,73,137,255
449,76,146,253
453,78,143,250
453,81,137,245
453,79,141,251
456,80,143,253
459,78,138,249
463,74,136,258
466,75,135,257
464,81,133,249
465,78,134,254
463,86,145,243
465,79,138,254
464,81,142,252
468,84,135,247
470,81,134,265
467,83,134,263
464,85,136,257
464,81,143,271
465,81,135,270
462,83,134,272
460,84,140,278
460,82,139,292
457,85,145,284
456,83,151,281
459,79,142,294
460,81,144,291
462,75,138,301
465,79,133,299
462,86,140,288
465,84,133,287
468,88,129,285
462,83,135,297
461,86,139,300
460,86,135,296
461,89,141,297
468,89,130,287
463,91,140,286
467,92,135,278
467,90,145,292
466,85,140,303
469,87,138,284
470,89,144,279
475,88,131,286
472,89,149,286
478,86,137,290
479,85,137,291
477,90,142,288
479,89,140,285
482,86,142,294
488,83,126,298
482,85,145,293
480,85,152,295
486,80,138,298
487,83,142,290
490,85,141,292
496,84,136,301
488,88,156,294
494,89,140,281
497,86,144,293
497,91,139,274
495,91,154,275
494,84,164,291
504,83,128,281
500,90,146,263
491,89,176,268
500,94,153,265
492,87,174,292
494,91,166,277
494,90,162,288
501,90,146,294
497,92,155,278
496,95,153,275
494,100,158,268
494,94,154,287
496,96,150,279
497,92,152,290
491,94,167,294
494,96,143,278
496,96,147,285
490,95,149,270
495,90,144,285
489,88,153,285
491,83,152,293
487,81,151,288
492,85,144,293
488,90,152,285
493,82,142,292
500,89,133,282
501,85,131,284
498,86,144,282
500,86,145,285
492,90,157,278
496,93,155,273
496,100,155,259
491,100,168,264
492,99,167,268
493,112,169,233
492,115,170,250
494,110,169,259
495,115,163,249
492,114,179,264
488,126,182,257
493,124,161,257
492,126,156,248
488,125,173,273
488,135,162,253
492,135,159,251
487,135,175,242
487,143,168,231
489,141,165,247
486,142,172,252
485,146,184,244
486,149,162,229
486,149,163,229
485,148,174,241
481,154,183,234
483,158,175,225
483,161,172,223
479,157,179,236
482,162,158,226
483,166,155,226
484,166,145,214
484,166,138,221
483,167,141,223
485,169,137,226
484,162,140,238
488,175,132,218
488,166,127,229
485,163,135,231
484,172,137,221
486,173,129,219
485,166,131,233
483,172,135,231
489,171,125,230
487,175,127,220
484,173,134,237
486,176,131,236
486,175,131,232
483,185,136,222
491,186,121,219
486,184,130,233
486,188,133,242
482,187,147,274
490,185,129,301
488,188,130,300
487,191,136,299
482,195,144,300
486,195,124,301
484,202,133,299
481,205,144,298
487,203,136,301
480,207,156,295
485,208,137,298
483,214,137,294
485,213,132,295
479,217,144,290
479,212,140,298
479,211,146,298
479,213,150,294
475,212,152,295
475,210,143,291
485,209,128,293
483,209,136,295
479,208,137,293
482,215,135,288
479,211,154,292
476,210,169,297
474,214,176,288
481,213,142,290
478,211,146,296
481,208,140,301
473,212,156,290
478,214,142,293
481,212,140,300
478,211,141,293
479,211,140,297
478,214,146,285
478,209,144,298
