418,122,48,70
424,123,41,64
424,125,42,64
424,126,46,66
423,126,47,67
424,129,48,69
422,126,49,75
421,129,44,77
421,128,41,73
420,129,41,72
421,129,42,71
422,128,44,70
420,128,46,73
423,129,45,76
422,128,45,81
427,130,44,81
425,131,47,80
430,137,44,79
430,136,47,78
436,138,48,83
436,140,50,82
439,140,52,84
442,140,52,85
444,141,53,86
446,140,53,88
448,140,54,87
450,140,54,91
454,139,54,91
456,141,54,94
456,142,55,91
458,140,52,87
459,141,53,87
460,140,53,92
459,139,53,86
459,139,53,86
460,138,52,85
459,138,50,86
455,135,52,85
455,134,53,91
455,132,51,90
456,132,50,87
455,131,50,87
454,133,50,88
455,130,50,91
455,133,49,90
455,134,49,91
454,134,50,87
454,135,51,89
454,135,49,85
454,137,50,87
455,139,51,82
455,147,49,82
458,151,49,83
457,161,48,81
457,166,47,81
455,174,49,80
455,177,46,80
450,186,49,78
451,195,49,74
449,194,50,74
450,200,50,73
449,198,53,72
451,202,51,71
449,201,49,72
447,200,52,73
447,198,52,71
449,197,47,74
447,197,48,76
446,197,50,75
446,196,51,77
446,195,50,77
448,195,48,72
447,194,49,74
448,195,50,75
448,195,49,77
448,195,52,80
449,196,49,73
449,196,50,73
449,195,50,73
449,194,50,73
449,193,52,75
450,194,50,76
450,192,50,74
451,191,52,74
451,192,51,73
452,191,49,73
451,191,53,73
453,191,54,71
453,190,59,69
453,184,61,73
454,185,59,75
453,181,55,75
454,179,52,74
456,177,53,75
455,176,55,74
456,174,55,74
457,173,56,74
455,169,54,78
457,163,55,81
457,164,56,78
457,158,53,79
457,157,55,81
455,155,53,85
455,156,56,84
453,155,55,81
450,155,58,85
449,157,57,83
446,157,53,85
446,158,51,84
441,162,48,84
439,159,47,84
438,170,46,79
435,168,45,79
433,174,43,78
431,177,41,72
429,174,45,83
431,176,43,78
426,173,48,83
434,177,42,75
436,175,43,77
439,173,46,78
441,171,48,80
445,168,45,82
447,171,45,83
449,169,49,88
452,170,54,89
452,172,55,82
454,168,55,83
453,167,57,82
453,164,54,81
454,162,54,79
454,158,56,82
454,156,54,84
454,153,57,87
453,154,57,82
451,151,60,86
458,152,58,82
458,151,59,83
464,150,58,79
466,148,58,80
479,142,55,83
479,140,58,84
492,136,68,83
496,129,64,85
517,120,69,90
537,116,69,87
541,116,65,82
557,107,72,83
561,107,68,86
575,102,63,90
575,100,63,92
579,91,60,99
587,90,54,98
586,90,51,100
584,89,56,100
580,89,58,100
569,92,69,102
567,97,69,97
559,107,68,104
553,109,77,113
538,124,72,115
542,127,71,122
516,152,77,115
506,181,82,123
503,184,83,121
495,201,86,117
491,213,92,105
486,228,81,104
486,234,74,105
479,245,65,98
480,246,69,100
471,257,63,90
470,258,57,78
468,266,51,72
465,268,52,70
462,268,55,73
459,265,56,72
462,266,52,71
461,266,52,69
460,268,52,76
456,272,44,68
455,275,40,66
446,281,44,69
434,290,43,66
433,291,41,64
425,294,40,62
421,296,41,61
412,295,40,63
411,298,38,61
398,300,41,57
398,300,41,57
369,283,48,62
361,277,49,65
358,272,49,69
344,265,47,67
340,259,49,69
331,249,49,71
331,252,48,66
324,240,46,64
325,239,45,69
317,231,47,67
311,223,45,71
311,222,45,68
304,208,45,74
307,210,43,67
305,201,43,70
310,196,40,75
309,187,45,67
315,192,39,57
320,178,38,61
324,171,35,69
323,170,36,73
322,170,37,75
324,172,37,70
323,182,35,68
323,186,36,63
325,207,41,62
326,214,42,60
329,230,46,67
331,230,47,69
340,239,47,74
344,243,44,76
348,247,45,74
354,243,46,73
355,236,56,78
369,226,43,74
371,217,45,77
379,204,43,76
381,202,40,74
391,185,44,75
391,185,44,75
391,185,44,75
391,185,44,75
391,185,44,75
366,141,42,63
366,140,42,68
360,139,56,67
357,133,60,74
349,129,70,82
337,123,79,91
337,123,79,91
332,126,85,96
332,126,85,96
332,126,85,96
332,126,85,96
332,126,85,96
332,126,85,96
332,126,85,96
332,126,85,96
332,126,85,96
332,126,85,96
334,127,90,89
334,127,90,89
334,127,90,89
334,127,90,89
334,127,90,89
334,127,90,89
349,139,84,74
359,142,83,66
360,144,85,63
372,146,82,51
392,148,73,54
412,147,57,57
420,150,47,56
431,148,42,61
430,149,46,58
441,149,40,59
443,148,44,62
450,146,46,63
453,147,46,61
461,147,49,66
464,148,50,60
474,150,44,56
474,149,45,58
479,149,49,56
482,150,46,53
488,150,56,58
488,149,68,63
499,146,73,67
498,149,61,59
506,149,53,62
507,148,55,62
510,148,48,62
511,149,47,55
508,147,54,61
508,148,50,62
505,146,56,65
502,149,60,63
502,157,65,54
501,155,70,56
501,155,70,56
497,162,79,46
498,161,74,43
494,157,79,51
485,157,86,55
483,160,90,54
477,156,89,61
475,158,86,65
469,153,77,63
473,150,74,70
465,149,79,70
467,148,79,77
459,149,85,71
456,149,86,73
451,151,88,72
449,148,91,74
444,149,97,79
444,149,87,93
443,150,83,98
443,148,74,102
440,148,71,101
443,148,66,102
439,143,67,106
439,144,66,104
443,143,60,102
438,144,66,103
441,143,58,100
442,143,52,98
446,140,46,95
448,142,46,95
452,143,60,108
449,142,61,110
450,143,64,108
451,143,61,109
452,143,60,102
451,143,46,98
452,143,47,97
451,139,35,94
453,141,35,86
449,138,35,84
445,139,39,87
444,139,39,80
440,142,39,66
440,142,38,64
434,146,37,65
435,145,34,68
432,152,32,66
433,151,31,67
432,151,32,65
432,153,31,65
432,154,32,63
429,153,31,65
429,156,31,65
427,155,33,64
424,155,34,65
421,154,38,67
421,157,37,63
419,155,43,65
416,157,51,64
416,159,48,57
416,162,50,53
417,160,51,57
416,161,53,56
415,161,58,50
415,163,56,50
416,165,59,42
415,166,59,42
415,166,64,40
415,166,66,39
415,166,66,39
467,180,58,35
424,158,65,35
422,157,68,37
423,151,70,37
426,148,66,41
436,138,59,46
435,136,60,49
443,128,51,57
444,131,51,51
447,127,47,55
448,125,46,56
447,123,44,56
448,123,43,57
447,124,41,55
447,123,41,60
448,127,37,58
449,125,38,65
446,125,41,67
446,125,39,65
446,126,37,65
447,125,39,62
445,127,40,65
445,129,40,64
444,126,40,66
443,128,41,63
443,126,40,63
445,124,40,64
443,122,39,66
442,122,40,66
441,122,42,65
441,122,41,62
440,121,41,65
441,120,43,67
441,119,41,62
439,118,44,67
442,116,41,62
443,119,41,59
443,111,44,58
444,110,43,55
445,104,41,50
445,106,41,45
444,99,41,40
448,101,39,40
446,88,41,37
446,91,39,37
446,91,39,37
440,88,45,39
440,88,45,39
440,88,45,39
436,83,57,45
436,83,57,45
436,83,57,45
435,87,65,44
438,81,63,45
436,81,67,46
441,68,66,49
448,66,58,51
460,63,52,57
461,61,49,58
472,60,38,63
472,60,37,65
478,63,36,63
482,76,28,66
496,65,29,61
496,65,29,61
501,70,23,56
499,72,27,51
498,76,27,51
493,77,31,49
490,79,33,53
487,81,35,56
487,81,33,64
486,79,36,67
483,78,35,67
482,80,32,63
479,78,37,66
480,78,34,66
472,73,42,72
473,74,40,71
465,77,37,67
466,76,39,70
458,76,43,69
456,79,43,64
456,78,50,60
454,76,56,59
463,77,57,53
459,74,63,55
463,80,72,44
457,79,79,46
448,79,91,42
446,80,95,42
441,84,109,47
432,85,120,44
423,84,119,46
409,83,133,48
420,91,118,43
418,90,117,43
418,90,117,43
406,81,120,48
427,65,113,53
408,63,125,54
440,61,110,64
446,59,99,68
458,66,93,67
462,64,87,71
466,73,75,73
478,72,63,83
490,84,45,78
491,83,40,70
490,86,39,70
493,84,36,71
493,87,35,72
490,88,38,68
490,89,40,64
492,91,41,65
490,94,45,65
491,95,46,66
489,100,50,73
488,100,55,79
489,108,56,80
489,108,57,73
491,112,60,73
492,109,62,83
491,109,65,88
493,108,61,98
493,106,66,93
493,104,57,89
488,97,59,99
488,95,60,101
487,90,60,108
484,87,62,108
480,83,67,113
479,85,71,119
475,81,72,127
476,77,74,120
474,76,71,126
474,71,72,120
467,72,76,121
467,75,79,123
464,65,81,132
464,65,81,140
463,64,83,141
467,67,82,134
470,70,79,125
469,67,77,119
475,71,75,122
479,73,67,123
478,73,75,119
477,73,74,108
478,75,76,108
477,74,75,113
477,75,71,108
476,75,70,106
480,74,65,102
477,73,65,110
479,73,67,98
478,75,68,103
479,77,66,109
477,78,66,109
478,85,70,100
481,88,67,99
482,96,67,94
481,99,67,96
487,107,68,94
484,108,71,84
487,115,69,78
485,116,73,72
489,107,65,83
489,103,71,84
487,84,68,81
486,83,69,91
486,78,67,98
487,76,65,98
485,70,67,102
482,69,69,98
484,69,71,104
485,71,73,96
485,69,69,100
485,69,70,112
485,71,71,115
485,72,67,114
484,74,70,109
484,73,70,119
483,75,69,111
485,76,70,118
486,85,72,109
486,92,72,106
487,101,76,100
483,104,78,93
483,94,74,111
482,94,72,105
481,83,67,118
483,84,69,120
481,83,72,121
479,82,73,123
474,83,72,121
473,87,72,116
472,88,74,116
471,88,72,116
467,92,74,119
467,92,74,122
463,94,76,121
464,96,74,118
464,97,77,122
461,101,78,123
463,98,75,124
461,104,77,122
459,104,79,122
458,109,79,117
455,109,79,119
455,112,80,113
456,109,82,118
456,119,83,116
454,128,84,107
451,127,88,105
454,130,78,102
447,127,74,113
444,127,76,112
441,127,68,105
440,124,68,108
436,118,66,114
432,119,67,106
422,121,68,110
416,120,72,109
401,126,76,109
395,130,84,104
380,138,83,92
375,138,86,92
361,139,83,90
355,136,90,91
355,136,90,91
355,136,90,91
335,140,95,89
331,142,104,91
325,139,105,91
319,138,108,90
322,137,101,95
321,133,100,96
315,136,106,95
313,135,106,93
309,139,112,91
305,138,112,90
308,139,109,91
308,141,107,88
309,146,104,85
310,146,106,85
312,149,101,82
317,162,98,72
305,143,108,90
322,144,93,93
318,132,95,98
316,132,99,100
311,133,107,95
314,133,107,99
310,134,110,94
306,135,113,97
318,138,101,88
324,153,98,77
319,146,95,85
312,143,104,87
303,145,114,85
309,146,104,82
306,147,110,86
305,146,110,86
306,144,109,87
305,143,108,89
316,143,105,93
313,144,105,98
293,136,112,95
288,119,78,93
292,106,66,93
292,109,67,92
292,101,61,87
301,102,54,90
291,104,67,97
295,109,67,91
298,106,79,98
299,106,88,102
313,105,94,100
311,110,99,94
337,104,95,101
340,103,94,95
357,99,94,96
366,98,84,96
372,94,78,95
378,98,74,90
364,87,89,97
362,85,92,102
360,79,92,101
359,82,93,100
365,82,84,98
358,78,87,99
359,73,88,105
364,71,85,105
364,65,82,105
351,72,92,102
351,57,82,107
362,51,87,117
346,53,76,118
357,52,66,124
332,71,79,124
347,73,60,122
324,98,69,104
319,102,75,97
310,120,76,89
309,124,75,84
300,135,70,78
299,135,69,80
298,142,67,78
295,143,68,77
290,142,68,82
288,141,65,78
286,144,66,77
283,144,66,74
275,143,65,79
278,144,62,79
267,146,65,74
264,144,69,78
254,151,65,76
251,152,67,79
243,157,59,81
243,162,62,78
230,170,60,85
229,177,60,82
216,197,48,75
219,199,45,72
220,202,39,73
218,196,43,77
218,198,42,74
218,198,43,77
218,198,41,78
215,199,42,76
216,197,38,79
217,197,41,78
216,197,39,80
223,197,33,79
223,196,31,81
225,197,31,78
225,197,30,80
223,195,32,81
224,195,33,81
224,196,32,80
222,195,32,81
220,195,33,80
220,194,24,81
223,195,22,79
224,194,20,81
224,196,18,79
221,196,21,76
221,195,20,79
222,194,23,84
222,198,35,80
223,195,35,82
221,196,36,82
222,197,35,80
218,196,40,82
217,194,38,82
216,195,37,81
221,197,37,79
220,195,35,86
220,196,37,83
220,196,35,81
220,195,34,82
219,196,36,82
220,198,37,78
222,197,34,78
223,198,33,78
222,197,35,75
224,197,33,78
222,196,35,80
224,197,34,80
223,198,36,78
221,197,37,82
224,197,33,80
224,194,33,81
223,197,30,80
223,194,34,81
225,198,32,79
224,196,34,81
221,197,37,80
223,196,34,80
224,195,32,80
223,197,32,79
223,196,34,79
222,197,35,80
223,198,34,79
223,198,33,80
222,196,33,83
223,195,29,81
223,196,27,79
223,197,29,80
222,196,26,77
223,196,30,82
222,195,27,80
222,197,22,79
223,197,28,81
222,197,29,78
223,197,23,81
222,197,23,80
222,197,24,78
223,197,28,82
222,196,30,81
222,196,32,81
223,196,31,80
223,197,27,82
223,198,23,78
224,197,27,80
221,196,29,80
221,195,27,80
222,197,24,78
224,199,20,75
224,198,20,75
222,197,21,73
223,197,20,76
223,196,24,79
224,198,29,78
223,198,29,79
222,198,27,77
222,199,27,79
223,196,20,77
223,196,24,80
224,199,21,76
222,197,24,79
223,197,31,82
222,196,31,79
224,197,26,78
224,198,20,77
223,198,27,79
223,197,24,79
224,198,29,77
222,198,30,79
223,196,28,80
224,198,26,80
223,195,24,81
224,198,22,75
223,197,23,76
223,199,22,74
223,199,23,74
223,197,25,79
224,197,27,79
224,198,28,79
223,196,23,79
223,197,24,79
224,198,26,79
225,199,26,78
223,197,25,78
224,197,23,79
223,195,21,78
224,197,21,77
222,197,23,76
224,197,28,81
223,197,28,83
222,195,25,81
221,196,24,80
224,198,23,79
224,197,19,78
224,197,20,78
222,197,23,80
222,199,22,77
222,197,24,81
220,194,25,81
222,197,23,80
222,195,21,79
224,197,23,80
222,196,24,79
223,195,25,80
221,195,27,80
223,196,22,80
221,195,26,75
223,195,22,77
222,195,20,71
223,197,20,72
222,195,21,75
222,196,21,74
222,193,23,74
222,197,33,76
222,196,35,80
227,197,36,79
225,196,37,81
229,198,40,77
227,199,41,71
228,197,41,74
227,201,40,70
225,203,40,63
226,203,39,67
224,201,39,62
223,203,38,67
224,202,38,65
225,200,38,68
226,199,39,69
224,199,39,72
225,200,40,70
225,198,39,71
226,200,38,72
224,200,40,70
226,202,41,69
225,200,40,71
225,199,40,68
225,198,40,69
226,199,40,69
224,198,42,72
226,200,42,68
227,200,41,68
225,198,43,72
230,193,49,76
233,188,48,77
234,184,50,80
236,183,48,76
229,187,55,83
226,188,57,81
216,199,44,76
218,199,47,78
225,200,45,67
225,188,49,77
224,185,47,78
226,182,48,81
226,182,47,85
220,196,48,86
219,196,45,83
220,198,49,75
220,193,47,85
223,190,48,81
229,186,51,79
228,185,56,81
224,184,61,96
225,188,60,99
220,196,54,89
222,198,56,85
227,193,55,89
227,189,52,89
232,183,54,90
230,181,57,91
233,179,59,98
228,194,57,97
225,195,57,92
226,193,56,91
227,196,54,85
226,194,56,83
228,196,54,85
227,195,53,80
226,193,55,86
226,196,56,88
226,196,56,85
226,195,55,88
224,193,59,89
223,196,56,89
225,194,55,89
226,195,57,86
229,194,55,84
227,195,52,91
226,194,55,89
225,196,57,83
225,196,56,83
228,194,52,88
228,193,52,89
229,195,53,91
227,195,53,97
226,194,54,91
226,195,55,97
226,194,56,90
227,193,57,86
228,196,54,92
226,196,54,85
226,192,55,93
226,194,54,92
227,194,53,86
227,195,54,90
225,196,55,91
225,194,54,90
225,193,56,97
227,195,55,91
225,194,56,94
223,193,58,94
223,196,58,89
222,195,60,90
224,195,57,88
226,195,54,92
226,194,53,97
225,193,57,98
226,194,56,95
223,194,57,89
223,193,60,88
223,196,59,87
226,194,55,85
226,193,54,89
226,192,56,92
227,194,54,85
227,192,52,92
226,195,54,92
227,194,53,93
225,192,56,94
228,194,56,91
228,197,54,92
226,195,56,92
225,195,56,85
228,193,52,93
227,193,54,97
229,193,55,94
229,195,54,94
227,194,54,94
225,194,58,91
230,195,52,94
227,192,55,100
225,194,58,92
227,196,55,92
227,195,54,94
228,197,54,92
227,195,54,99
227,196,54,94
227,194,54,98
228,194,54,98
228,195,54,95
226,195,57,93
230,196,53,93
228,196,51,94
227,195,53,94
227,195,52,95
228,194,53,101
228,195,54,99
227,195,55,92
227,195,54,100
227,194,55,98
227,194,53,97
229,195,50,96
227,195,54,100
228,193,54,98
226,192,56,103
228,196,54,99
227,194,54,102
228,199,52,94
229,195,52,98
227,195,54,95
230,194,52,101
228,193,51,100
226,197,55,98
230,195,51,95
227,193,52,95
229,193,51,95
229,195,51,92
228,195,49,88
228,192,47,94
229,193,47,96
229,192,49,97
228,195,48,90
229,194,48,94
228,192,48,88
228,193,49,93
227,194,49,89
227,192,49,90
226,193,46,92
227,194,47,93
228,191,46,92
227,190,49,89
230,183,49,92
232,183,48,93
229,186,48,95
208,191,49,88
211,190,45,87
211,190,39,93
213,189,45,92
225,187,34,87
221,185,31,85
222,189,30,83
224,186,26,81
221,189,39,80
219,180,35,85
218,182,40,86
215,176,44,89
218,174,42,84
211,175,43,83
210,174,43,84
205,191,39,77
206,188,37,76
204,188,39,78
201,181,37,76
200,182,39,73
202,176,36,74
200,175,36,74
192,179,39,79
190,177,38,81
183,191,39,76
182,191,39,73
182,188,36,72
181,180,35,72
180,175,28,71
179,168,30,74
181,168,30,75
173,172,32,74
170,171,34,76
164,191,30,70
166,190,29,72
165,186,34,69
163,185,31,69
164,182,32,66
162,179,28,63
162,183,32,65
156,190,26,71
158,190,26,68
154,187,25,64
156,185,25,64
156,176,24,64
157,174,24,66
156,169,30,66
154,174,29,65
153,173,26,62
146,189,35,71
147,191,31,69
147,189,35,68
147,188,31,70
146,184,30,66
147,185,23,60
149,178,24,62
146,181,27,66
147,180,27,69
146,190,28,63
145,191,34,56
144,191,38,58
142,192,43,60
125,192,54,61
131,193,52,63
141,192,43,68
128,192,49,61
124,193,56,62
124,190,54,65
129,191,51,64
133,190,45,64
143,191,39,68
139,193,39,71
139,191,45,70
138,193,45,68
139,192,41,71
138,190,42,68
140,189,32,69
138,189,38,67
139,190,37,70
140,191,37,68
141,191,43,68
140,192,39,68
141,191,39,70
143,193,36,65
143,191,39,67
143,192,44,68
142,190,45,68
144,191,37,66
144,192,37,64
142,191,36,69
142,192,35,65
142,191,35,67
143,191,35,66
141,190,31,64
137,178,27,68
137,176,27,58
141,149,31,66
141,149,31,66
141,149,31,66
141,149,31,66
141,149,31,66
141,149,31,66
185,53,39,67
163,63,45,75
163,60,50,79
163,60,50,79
163,60,50,79
163,60,50,79
163,60,50,79
163,60,50,79
163,60,50,79
163,60,50,79
163,60,50,79
163,60,50,79
125,194,54,68
135,197,40,55
137,198,37,53
136,197,29,49
138,195,30,47
137,197,31,45
138,197,31,45
141,197,32,48
143,180,28,54
145,179,27,54
151,176,29,58
151,182,30,56
153,197,33,48
152,201,35,44
152,202,26,48
152,203,25,46
152,201,25,43
156,200,26,47
155,197,24,48
160,188,22,44
160,189,23,46
160,188,24,40
163,186,22,42
160,203,25,45
160,207,22,41
159,206,22,40
159,204,24,40
159,204,22,38
159,202,24,43
160,201,21,43
156,203,25,42
153,205,28,42
150,209,32,37
146,209,34,35
147,207,37,35
146,210,42,33
145,212,49,30
140,212,45,31
144,213,51,31
151,214,53,35
146,211,58,36
139,213,65,37
138,210,66,37
143,211,62,39
140,212,64,37
143,211,62,37
140,212,64,37
142,212,61,38
113,192,49,38
148,214,52,35
152,216,52,35
152,214,48,35
145,211,59,35
149,213,54,37
144,212,63,36
143,210,67,38
142,210,64,38
143,211,65,38
145,210,63,39
149,209,55,41
156,208,55,42
155,213,52,36
155,213,51,37
159,215,49,36
157,213,50,36
158,212,48,38
159,211,47,38
161,212,45,37
162,212,49,36
154,208,59,38
153,200,56,46
168,209,48,40
165,188,37,44
179,186,35,44
184,185,29,48
192,185,36,48
193,186,36,50
210,184,36,53
209,183,37,49
225,184,37,49
227,185,37,47
242,185,36,51
253,185,34,51
253,184,36,51
263,183,38,52
265,183,38,52
278,182,38,52
277,182,42,51
287,180,42,55
289,179,42,54
299,178,43,56
300,177,41,55
310,176,41,60
320,173,41,64
318,174,44,60
327,174,43,62
331,175,43,57
337,176,43,59
338,173,50,66
352,174,48,66
351,171,50,67
369,169,41,67
379,169,39,68
382,167,37,70
397,167,42,72
398,167,45,73
407,168,45,77
405,168,54,78
416,169,51,78
417,168,48,75
422,169,46,78
422,168,49,78
424,167,49,77
423,168,49,77
427,166,52,82
426,166,55,77
428,161,48,82
430,159,46,81
429,151,53,86
428,151,51,85
422,144,59,83
422,143,57,85
417,137,58,85
417,138,54,83
410,132,57,84
407,130,56,86
397,120,58,83
399,119,56,82
395,108,55,81
392,102,55,83
382,85,57,92
380,85,56,90
379,70,59,98
377,73,62,92
369,64,56,99
363,70,61,97
354,73,57,96
355,77,59,93
352,92,48,85
349,97,42,70
345,112,45,75
347,111,39,76
340,125,41,69
339,128,39,66
371,158,48,68
337,134,47,65
337,134,47,65
337,134,47,65
324,146,47,61
322,144,44,58
324,145,40,56
324,144,39,58
324,145,40,57
325,146,38,56
325,146,37,58
327,146,35,57
330,146,35,56
331,146,35,59
337,148,37,58
336,149,36,57
341,153,37,55
341,153,38,57
342,166,40,51
343,167,43,49
339,173,40,52
335,175,42,57
327,175,41,62
328,177,41,62
322,176,45,57
322,177,45,55
319,180,48,53
318,179,44,54
320,183,48,53
320,183,50,50
324,173,46,57
323,169,45,64
323,153,48,81
325,147,49,89
328,141,57,98
327,140,57,94
330,141,54,89
331,140,56,83
331,121,62,88
332,119,63,90
339,105,63,88
339,105,67,98
343,105,76,109
341,107,81,112
341,107,81,112
341,107,81,112
341,107,81,112
355,71,85,114
366,66,83,131
366,69,85,125
374,67,100,128
381,78,88,113
194,118,97,114
194,118,97,114
369,122,95,97
369,122,95,97
330,137,110,113
330,137,110,113
289,140,126,123
311,128,135,131
258,168,108,125
252,175,83,123
226,187,79,114
227,191,74,106
229,191,70,111
228,190,72,109
230,190,69,109
228,190,68,111
231,189,63,107
234,191,62,109
