216,79,125,222
212,76,131,211
209,77,135,223
205,85,145,209
205,84,146,211
203,86,151,201
205,83,148,213
210,80,137,208
212,77,134,214
211,76,138,195
213,75,136,192
214,69,122,194
216,60,120,231
216,63,121,241
213,69,124,214
213,67,123,228
209,73,133,206
210,72,129,219
214,68,122,210
211,70,126,196
207,67,130,197
214,68,120,208
211,73,129,186
207,72,127,185
210,72,124,198
202,71,132,200
205,75,132,190
206,74,131,191
205,72,130,196
201,72,130,190
203,72,126,188
200,70,128,189
202,65,121,194
201,65,123,196
202,65,119,190
201,61,121,194
199,60,120,192
203,57,110,196
203,55,110,195
203,54,107,199
202,48,110,199
199,48,108,199
200,46,105,200
199,51,108,193
200,51,106,190
200,46,102,193
197,48,104,191
199,49,101,187
196,54,101,181
200,51,96,185
198,52,96,180
197,51,96,179
195,50,98,177
197,48,97,183
195,48,99,181
194,53,98,174
191,54,106,173
196,50,101,174
195,50,101,170
195,51,105,168
197,55,99,158
197,49,104,171
201,44,94,175
202,47,95,166
202,49,96,165
204,51,97,164
206,50,92,161
209,49,93,161
206,50,97,160
215,48,86,164
217,49,87,158
218,46,83,163
220,44,82,160
214,48,95,159
216,40,88,160
223,45,84,161
214,44,96,161
215,46,96,155
213,42,100,159
220,46,91,154
221,40,89,157
222,42,91,157
225,42,87,152
227,40,86,156
226,44,89,151
225,40,92,154
231,46,86,147
232,46,88,147
231,44,88,147
234,41,85,151
238,40,80,149
234,35,84,151
239,44,81,147
241,38,77,149
237,44,87,138
240,42,88,143
239,43,89,140
241,41,86,142
245,37,83,144
249,35,77,143
247,37,79,143
250,34,80,144
251,33,77,146
254,33,76,144
254,29,78,150
252,31,81,143
255,33,77,142
257,35,74,140
255,42,78,131
254,38,81,137
256,34,79,140
254,32,80,139
256,32,80,138
258,30,75,137
261,27,69,139
261,28,71,138
260,31,73,129
259,29,75,132
257,28,82,136
257,31,82,132
256,33,80,126
254,32,82,129
257,35,80,125
257,32,82,128
259,30,76,128
258,34,77,125
258,32,76,124
257,32,77,123
257,30,76,126
260,30,73,124
257,22,76,133
260,25,71,124
256,27,76,117
255,28,75,125
253,32,78,118
254,33,76,119
253,34,78,117
251,36,80,114
252,36,78,115
252,34,76,115
252,33,75,117
253,32,75,118
252,32,75,115
252,32,75,114
255,31,68,114
253,26,67,118
258,28,61,115
257,26,61,118
257,29,60,115
254,28,65,115
257,29,60,114
251,27,70,115
250,32,74,109
250,33,73,109
250,31,71,108
254,31,66,108
257,30,62,108
257,29,60,112
254,30,63,107
258,32,59,105
257,28,58,108
259,27,59,111
259,29,56,102
259,27,59,107
260,25,57,110
257,26,64,108
260,27,60,105
258,26,61,106
259,26,62,105
260,26,61,105
257,29,65,101
255,27,69,103
256,29,68,101
254,29,72,100
255,29,72,101
255,30,71,100
255,28,71,100
253,28,73,102
254,27,69,102
255,25,69,104
253,25,71,105
254,26,70,101
253,27,70,99
253,25,69,100
253,24,68,101
252,25,69,100
252,23,68,102
253,23,66,102
252,24,70,98
252,25,69,95
251,25,69,96
252,25,70,95
252,24,68,99
252,25,67,96
252,24,66,96
251,24,69,94
252,24,65,96
252,22,64,97
251,21,65,98
251,21,63,98
252,20,65,97
250,19,64,99
253,20,63,98
250,18,65,99
252,16,62,102
251,19,62,98
250,18,61,98
251,15,61,101
252,16,57,99
249,16,61,97
248,16,60,98
249,15,60,98
250,12,57,101
247,15,58,99
249,15,57,96
247,12,56,102
249,12,54,101
248,13,54,101
246,13,56,99
249,12,51,98
247,12,53,98
246,12,54,97
249,11,51,99
244,10,53,100
245,9,54,99
244,12,51,98
244,10,50,98
247,10,48,99
245,10,48,98
244,10,50,99
242,13,53,94
244,10,50,96
244,11,52,98
244,11,49,94
244,12,53,98
245,11,52,92
244,12,51,92
245,11,51,95
245,11,50,94
247,11,46,93
247,10,45,92
247,10,46,91
248,9,45,94
249,10,41,92
248,10,44,90
249,9,43,92
250,7,42,92
251,9,43,89
251,13,44,85
254,9,42,88
254,9,43,91
256,8,40,91
257,9,41,91
258,9,42,92
261,9,38,93
265,9,37,91
268,11,34,87
267,10,36,88
266,10,40,90
264,11,45,88
262,13,49,87
256,13,58,86
256,10,62,91
257,11,57,87
254,13,64,86
256,12,61,88
254,11,64,89
253,11,66,87
254,11,63,86
253,10,65,90
252,10,66,89
260,10,54,87
256,14,59,84
255,14,60,85
256,12,61,84
257,11,56,89
256,13,59,85
261,12,54,84
264,8,46,88
264,9,49,90
267,7,39,88
267,9,42,87
265,10,46,87
266,12,49,83
266,11,47,85
267,9,47,87
267,10,47,87
269,9,45,87
268,12,50,85
272,8,38,87
271,10,40,85
271,11,43,85
274,9,35,88
274,7,35,88
273,9,39,87
273,10,39,85
273,10,41,87
274,9,39,86
273,11,43,85
270,10,45,86
271,15,49,79
271,15,51,78
271,14,53,80
271,14,54,80
270,17,56,77
271,15,54,79
273,15,53,79
271,17,56,76
273,15,54,78
275,14,50,79
275,13,52,80
276,13,51,81
277,15,50,77
278,13,50,81
278,15,51,78
277,13,52,81
277,14,51,81
280,12,50,81
282,9,46,86
281,11,48,84
281,12,49,83
282,12,48,82
283,17,49,76
282,15,48,77
283,14,52,81
283,11,50,82
286,13,50,81
286,13,48,79
286,12,50,82
289,12,48,82
288,14,50,80
288,11,49,81
289,12,50,81
290,13,50,80
292,9,49,85
293,9,49,86
295,9,47,87
296,10,47,84
295,12,50,83
298,11,47,84
299,10,45,86
300,12,46,83
300,11,46,85
302,12,44,82
303,10,41,86
302,12,45,84
304,9,41,88
304,11,42,85
305,11,43,86
304,14,43,82
305,10,42,85
305,12,43,85
305,12,45,85
306,10,43,87
307,10,43,88
307,10,41,88
308,11,41,87
308,11,41,87
307,12,43,85
309,8,39,90
309,8,38,90
309,8,39,89
309,10,38,88
310,7,36,92
310,7,37,92
309,9,39,90
310,9,37,90
311,9,38,88
310,10,38,86
309,9,41,89
310,8,38,91
311,8,37,90
310,8,39,90
310,8,40,91
309,11,43,87
310,9,42,89
311,10,40,88
310,9,40,90
310,9,39,91
310,9,41,89
310,11,38,89
309,11,41,87
309,10,37,90
308,9,39,91
307,11,39,90
307,11,39,88
307,9,38,90
306,11,39,89
306,10,39,90
304,11,41,89
303,12,43,89
302,9,45,90
301,10,46,88
301,10,45,89
300,10,46,91
297,10,51,91
297,9,47,91
296,8,49,92
292,13,56,88
291,15,57,84
289,13,60,86
289,15,58,86
287,14,59,86
287,14,57,86
285,15,59,86
287,15,57,85
283,15,58,84
284,16,53,83
284,14,53,84
281,16,54,82
282,16,56,82
280,15,56,83
280,15,56,85
280,15,53,83
279,15,54,85
277,15,53,82
280,14,48,85
280,12,47,87
275,14,53,86
275,15,52,84
276,13,50,86
276,13,51,89
272,14,52,85
270,15,57,83
273,15,52,85
271,14,52,85
269,14,56,84
270,14,51,85
270,15,53,84
271,11,42,89
270,12,45,87
269,12,44,87
267,11,46,88
266,13,48,84
263,11,58,89
264,11,50,89
265,10,48,89
266,10,44,90
264,10,48,90
264,9,47,89
263,12,47,88
264,12,46,89
262,12,57,89
260,12,63,88
262,13,57,87
263,12,52,87
261,13,59,87
261,15,56,85
263,12,55,87
264,12,48,86
264,10,52,88
264,13,47,83
263,11,53,88
266,11,43,87
266,10,47,88
267,9,40,87
266,10,44,88
266,8,45,89
262,10,53,88
266,10,42,87
267,8,41,87
267,9,43,88
266,10,48,88
268,9,42,86
269,8,40,88
270,10,38,85
269,9,40,87
269,11,44,87
271,8,38,88
272,10,37,87
271,11,40,85
271,11,40,86
272,10,40,86
272,9,39,87
272,10,40,87
272,11,41,84
273,10,40,86
272,12,45,84
271,11,48,85
272,11,47,83
274,10,45,85
273,12,49,82
272,14,53,79
272,14,53,80
272,14,54,80
273,14,53,79
275,11,48,81
274,13,52,80
275,18,52,74
273,16,55,78
277,15,51,80
278,11,49,84
278,11,48,84
279,12,49,83
278,13,50,82
280,13,49,81
281,14,48,82
280,15,50,80
282,16,49,80
285,11,45,85
285,10,46,87
285,13,46,82
286,12,46,85
286,14,46,82
287,13,47,83
287,12,47,87
287,15,49,82
287,13,49,85
290,13,47,83
288,13,50,87
290,12,49,87
288,13,52,87
288,15,53,85
288,13,54,87
287,14,55,87
288,13,54,87
288,14,52,87
289,13,53,89
287,16,54,85
289,14,51,89
287,14,53,91
286,17,54,85
285,14,54,89
284,17,55,87
282,18,56,86
282,15,56,91
282,14,54,92
281,15,55,90
281,19,54,85
281,17,53,88
278,17,55,90
278,18,55,88
275,18,58,90
276,16,55,92
273,18,57,90
273,18,56,90
271,18,57,89
270,15,58,94
271,13,55,96
268,15,59,96
265,19,62,90
266,16,58,93
266,19,57,89
264,19,59,91
262,18,59,91
263,18,57,92
262,19,59,90
261,18,55,92
262,16,55,95
261,17,54,94
261,13,54,100
260,15,54,97
259,15,56,98
258,18,58,95
258,17,56,95
258,15,55,98
258,19,56,95
258,15,53,100
259,15,53,101
259,14,53,103
258,15,55,103
258,14,54,105
258,16,56,103
258,20,55,98
259,14,53,106
258,14,56,108
258,17,56,104
258,14,57,107
259,16,56,106
258,21,59,101
259,18,57,104
258,19,58,102
259,19,59,103
261,17,57,108
262,16,56,109
262,16,55,110
264,16,54,110
264,17,54,111
264,16,55,112
264,18,57,110
265,18,58,110
266,18,56,111
267,18,56,111
267,17,57,112
267,20,58,111
268,18,57,113
267,20,60,111
269,19,58,112
268,19,59,113
268,20,59,111
267,21,60,111
269,18,60,115
269,19,60,116
267,19,64,116
269,20,61,115
269,19,60,118
270,21,62,114
270,20,60,118
270,20,58,120
269,24,62,112
268,27,65,108
269,23,62,115
269,22,62,117
269,22,61,117
268,25,65,114
266,24,68,116
269,23,64,114
270,21,61,121
269,23,65,119
270,22,65,120
271,22,62,122
271,20,65,122
270,23,66,120
269,24,68,119
270,24,68,121
270,25,69,117
270,22,70,124
272,26,66,118
271,27,68,118
269,25,74,121
272,24,68,123
271,24,73,124
272,26,70,121
271,24,73,125
270,27,74,121
271,25,72,124
271,28,71,122
272,27,72,123
272,27,73,125
271,26,74,127
272,28,73,124
271,30,75,123
274,26,71,132
272,28,73,125
269,30,79,126
273,28,75,126
270,28,78,133
272,26,76,131
271,28,76,132
269,34,79,124
270,31,76,129
268,29,80,131
268,30,81,131
267,33,79,128
268,31,79,132
267,33,79,129
268,34,77,128
265,34,81,131
267,33,79,130
266,33,81,135
265,33,79,135
264,35,81,131
264,37,81,130
266,35,78,134
265,35,82,136
263,35,85,135
262,39,84,130
264,35,83,135
261,41,84,130
263,34,83,142
263,41,84,132
262,36,85,140
262,39,85,136
261,37,86,140
261,33,85,148
259,36,87,143
259,37,85,143
260,36,85,144
259,36,87,146
257,40,88,144
259,38,87,144
259,39,87,146
257,40,88,145
256,41,91,144
259,39,88,151
255,42,92,145
258,42,92,145
257,40,91,150
258,39,91,154
254,44,96,144
257,39,94,156
254,42,96,153
258,46,92,149
255,43,96,153
253,48,95,145
255,49,95,148
252,45,99,152
252,44,98,156
251,43,97,159
251,45,97,155
251,50,97,151
251,49,95,152
249,45,98,159
248,43,102,165
245,48,100,161
247,45,96,163
246,51,98,158
243,49,99,161
246,46,94,166
243,50,97,162
244,53,98,157
243,52,99,163
242,52,101,163
244,54,100,161
243,53,101,167
240,52,104,171
241,50,102,171
245,53,98,169
244,50,98,174
242,55,103,171
243,52,101,174
243,55,103,172
244,50,103,180
244,51,102,180
242,54,107,177
242,51,107,183
241,54,109,182
242,51,106,185
244,49,104,188
241,52,112,186
242,53,110,189
240,53,112,188
241,52,114,192
241,57,111,188
241,57,113,186
237,61,119,187
240,53,113,199
240,60,112,190
240,58,112,195
236,59,117,197
232,61,125,191
234,61,122,195
234,68,118,188
233,63,121,197
231,60,124,200
232,63,119,201
232,58,122,207
236,68,114,199
233,62,120,204
229,60,124,212
228,58,127,214
230,71,124,199
232,64,127,212
228,63,128,219
228,66,130,215
226,70,130,211
230,68,128,216
227,71,132,217
226,70,132,220
231,70,125,223
228,70,130,225
227,72,130,224
228,69,130,231
226,67,130,234
225,72,128,234
222,68,130,245
217,66,135,242
213,76,138,237
213,81,144,227
213,87,137,223
206,83,148,234
207,85,139,230
207,80,141,240
202,78,144,246
202,83,140,241
195,88,153,241
195,81,145,250
189,86,152,246
193,85,142,242
188,80,150,256
186,86,146,258
183,86,148,253
178,92,154,245
177,105,153,224
180,110,146,211
168,120,156,196
165,111,162,207
167,105,155,213
158,107,163,211
162,123,151,185
156,130,156,173
156,132,156,176
150,136,158,173
143,137,161,176
143,136,159,180
139,136,160,185
133,144,166,171
131,135,168,187
126,146,170,177
130,140,165,191
124,145,168,189
122,150,170,182
119,150,168,187
116,153,169,189
114,155,169,192
113,163,171,180
107,164,176,189
104,150,174,199
100,149,181,204
104,129,171,223
114,102,158,251
109,95,164,260
97,150,175,257
90,140,196,227
99,106,181,249
106,153,167,212
106,120,165,237
105,112,167,247
113,106,157,256
111,108,157,248
108,145,166,220
113,110,158,241
115,120,156,258
122,112,152,234
126,124,149,245
125,110,150,241
134,120,144,259
135,110,144,248
146,130,142,265
150,117,136,234
153,118,142,240
160,121,140,229
168,125,139,223
174,127,142,219
177,130,140,227
184,131,141,223
189,134,141,218
185,139,153,212
183,137,161,214
185,134,162,218
192,133,153,204
205,140,141,183
204,146,140,159
209,154,136,128
212,152,136,137
218,154,130,131
220,156,126,121
223,152,124,139
226,154,128,132
230,155,122,135
231,157,127,129
233,159,127,123
235,155,124,130
236,161,124,121
239,156,124,127
234,159,132,125
234,158,131,133
234,159,134,139
228,160,145,142
222,162,150,137
217,166,150,127
214,165,142,136
210,167,150,131
206,169,155,127
204,171,150,123
202,169,149,133
207,171,147,129
210,169,153,134
219,164,157,141
227,164,142,136
231,161,145,147
236,159,135,141
242,154,129,153
245,154,135,162
248,153,137,181
250,151,141,198
253,151,137,198
253,152,138,181
258,151,137,193
261,152,136,193
262,153,134,179
262,155,131,154
266,152,127,167
269,153,125,166
269,155,127,170
272,153,125,172
269,153,124,159
269,154,124,158
271,153,124,165
272,151,123,175
270,153,126,178
271,155,126,182
272,155,126,169
273,154,124,152
276,155,119,154
272,154,126,158
269,155,129,160
266,156,133,162
264,159,136,156
260,161,141,165
250,163,151,156
248,166,147,140
239,168,159,131
241,170,154,124
241,173,155,128
238,174,162,120
241,177,156,117
241,175,159,120
241,175,157,118
240,172,155,115
241,171,152,112
244,168,142,112
242,167,145,122
242,166,141,109
245,165,140,116
241,163,141,111
240,163,142,111
241,160,143,118
246,158,139,113
248,157,134,117
251,158,129,111
261,158,113,99
263,161,120,115
264,153,129,137
269,154,125,141
267,154,130,148
272,154,123,147
276,152,118,152
275,151,122,159
276,153,123,153
272,152,125,153
275,150,124,166
276,151,121,161
275,152,124,157
276,153,119,142
276,151,123,152
277,152,120,145
280,151,117,153
278,152,125,156
277,153,120,140
278,152,122,152
279,150,121,162
282,149,118,171
279,151,123,153
280,151,113,135
281,150,117,154
278,150,121,165
279,151,118,160
280,149,121,171
280,148,117,175
278,149,119,171
275,150,125,181
274,151,129,177
273,149,127,168
269,151,132,164
260,155,138,161
238,164,158,148
219,172,163,139
188,185,154,109
171,196,144,99
153,204,144,97
136,213,141,95
113,220,148,94
93,225,138,92
77,231,146,92
53,235,138,96
28,249,131,88
4,264,130,86
0,275,125,86
0,275,125,86
0,275,125,86
0,275,125,86
0,275,125,86
0,275,125,86
0,275,125,86
0,275,125,86
0,275,125,86
0,275,125,86
53,212,137,109
15,199,153,120
23,174,161,131
30,156,167,147
35,172,141,173
42,182,113,160
-22,94,113,193
-6,141,114,203
-6,141,114,203
-6,141,114,203
-6,141,114,203
-6,141,114,203
-6,141,114,203
1,158,127,176
250,-37,113,168
250,-38,90,173
283,-35,65,163
286,-43,45,173
286,-33,36,168
288,-22,33,162
283,-37,37,159
285,-24,35,154
281,-37,39,131
282,-6,38,126
281,-15,38,108
276,-9,43,97
276,-2,43,86
279,0,40,84
279,0,37,85
278,-1,39,89
279,0,36,82
279,-1,35,91
279,-2,35,88
277,0,37,87
277,0,35,90
276,1,38,86
275,0,38,88
274,0,41,94
274,0,40,96
273,-3,40,101
273,0,40,96
272,-1,41,99
271,-2,43,100
272,-1,41,101
271,0,40,97
269,1,42,101
268,6,44,97
268,12,43,91
268,9,45,93
268,7,44,100
267,6,46,104
267,9,46,100
267,9,47,102
266,4,50,107
263,3,53,112
262,0,54,118
261,1,53,115
263,2,51,115
263,1,55,118
261,-3,57,128
263,-3,55,130
258,-4,64,131
259,-3,62,126
261,-2,58,124
260,2,59,121
261,2,56,120
259,0,66,127
257,2,66,120
255,3,64,124
258,2,55,132
257,4,57,139
257,10,56,136
257,7,58,148
255,3,65,150
251,-1,66,157
250,-2,67,167
243,-4,78,172
247,0,72,165
243,-1,75,162
242,0,75,163
239,0,83,162
236,0,83,167
236,3,77,166
234,2,78,172
231,4,81,176
230,6,76,175
227,2,81,179
222,29,80,175
221,19,82,177
218,5,83,194
213,-3,81,211
210,3,80,214
211,-7,80,217
202,-7,88,223
205,-6,78,229
204,-6,75,246
189,-4,90,231
