324,156,92,58
328,156,89,57
327,156,90,57
324,157,90,58
324,155,92,58
327,157,87,57
328,158,88,60
329,159,89,57
326,158,91,60
330,159,91,58
330,158,87,58
330,158,89,57
328,156,90,58
330,156,89,59
328,155,88,60
332,154,89,59
330,157,89,59
332,156,90,57
331,155,91,59
331,155,91,57
330,154,90,59
333,153,91,59
331,151,89,60
331,150,88,61
331,150,93,60
329,152,94,63
330,151,92,58
329,149,88,62
330,151,90,61
330,150,92,61
331,151,87,60
333,151,91,62
331,150,88,62
329,151,90,62
332,152,91,59
334,153,87,58
332,153,88,58
333,152,88,60
334,150,88,60
331,152,91,60
334,150,92,61
331,151,91,60
332,149,91,61
333,153,89,59
332,152,90,57
331,152,90,59
333,149,91,60
334,151,89,58
333,148,92,63
334,147,89,63
332,147,93,63
336,148,90,62
334,147,90,64
333,148,89,62
336,150,89,58
336,149,90,59
338,146,89,60
338,148,92,58
337,147,90,60
339,149,91,60
338,149,88,58
337,149,91,57
336,148,93,59
338,151,89,55
337,149,90,55
338,149,92,57
337,148,92,59
336,148,94,59
338,149,91,56
338,152,91,52
340,150,88,57
340,151,90,54
340,151,89,56
343,150,88,53
341,153,89,52
341,150,90,51
341,150,90,55
341,149,93,56
341,149,91,56
342,149,93,57
341,148,93,60
343,148,92,58
342,147,96,61
345,148,94,55
344,149,95,53
345,147,97,60
345,149,99,58
347,149,93,56
349,150,94,59
345,149,99,61
346,149,97,61
346,149,94,56
346,149,93,63
346,147,96,60
344,147,97,65
347,148,95,61
345,146,98,65
344,147,100,62
344,147,99,62
342,147,102,62
344,147,100,62
343,149,99,60
345,148,97,64
346,150,97,62
345,149,98,65
345,150,96,63
343,151,98,63
345,150,97,64
346,151,96,62
346,150,97,63
345,150,98,64
344,150,97,60
346,149,94,65
345,150,98,65
345,151,99,62
348,149,94,65
347,150,97,64
348,151,96,64
350,151,94,63
348,152,96,60
347,152,98,63
350,153,96,61
348,152,96,62
348,154,97,61
346,154,98,63
347,152,95,68
348,152,96,68
346,154,96,63
347,154,96,65
350,155,93,63
347,156,94,62
349,155,95,65
349,156,96,62
348,156,96,64
350,156,95,64
351,156,95,62
351,155,95,66
352,156,94,64
352,156,95,63
353,155,95,61
352,155,94,65
353,157,94,64
353,156,94,61
352,156,92,63
353,157,92,62
352,157,93,59
352,155,93,64
353,155,92,64
348,155,95,62
351,155,95,65
353,156,93,61
351,157,95,61
351,156,96,61
354,154,92,62
353,155,95,61
351,155,97,60
350,155,98,61
352,153,94,61
350,153,97,61
351,154,97,60
351,156,96,59
352,153,96,61
352,152,98,62
352,154,99,57
353,152,97,55
351,150,101,58
356,149,96,55
352,150,101,54
352,149,101,55
354,149,101,54
354,153,101,51
354,152,100,51
355,156,101,46
355,159,99,45
356,161,99,44
356,160,100,45
355,161,98,45
354,160,100,44
356,160,100,44
357,160,97,46
358,163,98,41
358,162,98,40
357,163,98,40
357,163,97,39
358,162,96,41
357,164,100,39
358,166,97,38
360,165,95,38
360,166,97,36
360,166,96,36
358,168,97,37
359,168,98,37
357,169,101,36
361,170,94,37
366,169,91,37
362,171,94,35
361,171,95,36
360,171,96,36
358,171,100,36
357,171,100,35
359,172,98,35
357,171,99,35
357,173,101,36
354,172,102,35
355,173,106,36
356,174,99,36
358,175,97,34
354,175,101,36
353,177,104,36
355,178,99,33
355,178,100,35
355,177,99,37
354,176,100,38
354,178,101,35
354,178,102,36
353,178,106,36
354,178,101,36
355,179,101,35
355,178,101,36
356,179,101,36
356,179,99,37
355,179,102,35
355,178,103,37
355,177,102,37
355,177,105,38
355,176,103,38
355,176,102,39
355,175,102,40
356,176,103,41
356,175,102,43
358,174,102,45
356,175,105,46
356,174,107,45
358,176,104,45
360,178,106,43
359,177,104,45
362,178,102,45
363,179,103,41
362,178,102,42
363,178,104,45
364,179,103,44
364,178,103,44
364,179,104,45
361,179,103,48
361,179,105,49
361,180,104,49
363,179,102,51
360,179,105,50
363,179,103,52
361,179,102,50
362,181,103,50
359,180,105,52
361,181,103,50
360,180,103,52
361,178,104,54
360,177,103,55
362,177,99,55
361,176,100,55
360,178,102,53
361,177,99,53
358,176,105,56
361,175,102,57
361,175,104,58
361,177,97,53
360,176,99,55
364,175,101,55
361,175,102,56
360,175,101,57
364,173,102,57
361,172,101,58
362,173,103,57
364,171,103,60
362,168,102,61
365,169,103,60
363,169,104,60
365,169,103,59
366,168,103,59
364,168,103,61
366,169,105,58
364,168,102,60
364,169,102,61
363,168,106,63
360,172,104,59
362,173,102,58
364,171,101,61
363,173,101,59
364,173,101,57
365,171,100,60
365,167,102,62
362,168,101,62
366,169,95,59
366,168,100,60
363,167,103,61
369,168,101,60
365,170,102,57
364,167,101,61
368,166,103,63
366,167,99,59
368,166,98,63
365,171,99,56
369,167,101,60
365,165,101,63
369,163,98,63
366,162,100,66
371,162,95,65
366,163,98,62
368,162,101,62
365,165,100,59
364,161,102,63
369,162,94,64
369,163,97,61
366,161,101,62
364,161,98,64
371,163,95,64
367,164,97,59
367,162,104,62
365,165,100,58
369,162,97,63
365,165,98,59
368,166,99,55
364,163,98,61
367,164,97,60
366,164,96,60
368,163,99,60
368,164,93,60
366,163,97,62
369,168,97,56
365,166,94,58
366,166,97,56
373,166,90,57
363,162,95,67
366,164,97,59
366,164,96,60
366,161,95,72
368,164,97,58
365,166,96,58
368,163,94,59
368,164,91,61
370,165,90,59
367,165,94,57
367,163,94,61
365,163,94,63
367,165,94,57
367,165,91,61
368,164,91,59
371,166,87,59
368,163,90,63
369,164,91,62
368,164,91,62
369,165,91,60
368,164,93,61
370,163,88,65
372,166,90,57
366,164,93,62
368,165,94,64
370,166,90,59
368,166,91,61
368,167,91,62
367,166,92,63
370,167,90,59
374,166,86,63
369,166,90,64
367,166,91,61
371,166,91,64
373,167,85,63
367,166,93,69
366,166,95,58
367,167,95,60
372,167,88,64
367,167,94,62
368,167,93,64
367,167,94,60
371,167,89,65
371,167,89,64
373,167,86,65
368,166,92,67
372,167,86,61
370,166,87,64
371,166,87,67
371,165,87,63
372,166,86,66
369,166,90,64
370,166,89,66
367,165,92,66
368,166,91,62
371,165,84,64
369,165,92,64
372,167,88,65
373,168,87,60
368,167,92,63
376,168,85,62
373,168,85,60
372,167,87,62
375,167,86,62
371,168,94,60
374,165,86,62
373,166,87,63
377,167,86,62
375,166,84,64
378,166,85,61
378,166,84,62
373,165,91,63
378,166,86,57
377,164,85,62
376,161,87,60
373,161,90,60
375,161,88,61
375,158,88,61
375,158,89,61
372,158,91,63
377,156,88,62
372,157,94,63
377,160,87,60
372,159,91,60
372,161,91,61
374,160,89,59
372,161,89,62
374,157,85,63
370,160,89,60
369,160,87,62
367,159,89,62
367,158,89,62
367,159,87,63
362,158,94,62
362,159,90,62
363,159,88,61
362,160,90,63
361,162,92,59
362,162,89,61
360,160,90,61
361,160,87,61
362,162,84,60
359,164,85,62
358,162,87,61
357,164,87,60
356,165,84,61
354,168,86,62
355,169,84,58
353,169,85,61
351,170,85,60
351,167,82,61
350,171,81,61
347,168,87,62
349,171,84,59
346,169,83,62
345,169,86,64
344,169,86,64
345,171,85,62
344,171,80,62
344,170,83,62
343,172,85,61
341,173,85,62
339,174,84,59
341,173,84,60
340,173,81,63
337,176,83,59
337,175,87,58
338,175,82,60
335,177,81,61
335,175,81,61
333,176,82,60
332,176,82,60
330,178,84,59
332,178,82,59
330,177,81,62
329,179,85,60
329,179,81,59
328,180,82,61
328,180,84,58
327,181,86,61
326,181,87,60
326,181,82,59
326,181,83,60
326,183,84,60
325,183,84,61
324,186,82,59
323,184,85,60
325,184,83,62
323,187,86,59
322,185,85,62
326,185,80,60
323,187,81,60
321,188,83,62
322,188,84,61
320,191,85,62
322,191,81,61
319,192,84,61
320,193,84,62
320,193,84,61
319,197,89,61
320,198,86,58
320,197,86,60
321,198,81,59
321,200,83,57
319,201,89,55
318,203,87,54
319,202,85,57
318,204,87,56
319,203,82,54
319,203,83,53
317,205,87,53
317,207,86,50
319,206,84,51
318,207,87,49
317,208,85,49
320,209,78,48
318,211,85,45
317,212,84,45
317,214,85,46
318,214,83,43
318,214,86,42
316,214,90,43
319,213,83,43
321,216,78,44
319,215,84,44
319,217,80,41
318,215,87,42
319,222,81,36
318,223,83,35
319,221,82,37
320,223,79,35
320,227,80,33
320,226,80,32
320,228,78,30
321,228,75,32
320,225,82,32
319,227,84,32
320,229,82,28
320,231,79,26
321,231,79,26
320,230,76,28
320,231,80,26
321,233,77,25
321,234,79,24
320,235,81,22
320,236,78,22
319,235,78,22
320,236,78,21
319,237,80,21
319,238,79,20
319,238,80,19
320,238,79,20
319,237,80,20
319,238,80,20
319,238,78,20
318,238,78,20
319,239,74,19
318,242,77,17
319,240,77,17
319,237,79,21
318,243,77,16
318,243,79,15
318,243,79,15
318,243,79,15
318,243,79,15
318,243,79,15
318,243,79,15
318,243,79,15
318,243,79,15
318,243,79,15
318,243,79,15
318,243,79,15
318,243,79,15
318,243,79,15
318,243,79,15
318,243,79,15
318,243,79,15
318,243,79,15
318,243,79,15
318,243,79,15
318,243,79,15
318,243,79,15
318,243,79,15
318,243,79,15
318,243,79,15
318,243,79,15
318,243,79,15
318,243,79,15
318,243,79,15
318,243,79,15
318,243,79,15
318,243,79,15
318,243,79,15
318,243,79,15
318,243,79,15
318,243,79,15
318,243,79,15
318,243,79,15
318,243,79,15
318,243,79,15
318,243,79,15
318,243,79,15
318,243,79,15
318,243,79,15
318,243,79,15
318,243,79,15
318,243,79,15
318,243,79,15
318,243,79,15
318,243,79,15
318,243,79,15
318,243,79,15
318,243,79,15
318,243,79,15
318,243,79,15
318,243,79,15
318,243,79,15
318,243,79,15
318,243,79,15
318,243,79,15
318,243,79,15
318,243,79,15
318,243,79,15
318,243,79,15
318,243,79,15
318,243,79,15
318,243,79,15
318,243,79,15
318,243,79,15
318,243,79,15
318,243,79,15
318,243,79,15
318,243,79,15
318,243,79,15
318,243,79,15
318,243,79,15
318,243,79,15
318,243,79,15
318,243,79,15
318,243,79,15
318,243,79,15
318,243,79,15
318,243,79,15
318,243,79,15
318,243,79,15
318,243,79,15
318,243,79,15
318,243,79,15
318,243,79,15
318,243,79,15
318,243,79,15
318,243,79,15
318,243,79,15
318,243,79,15
318,243,79,15
318,243,79,15
318,243,79,15
318,243,79,15
318,243,79,15
318,243,79,15
318,243,79,15
318,243,79,15
318,243,79,15
318,243,79,15
318,243,79,15
318,243,79,15
318,243,79,15
318,243,79,15
318,243,79,15
318,243,79,15
318,243,79,15
318,243,79,15
318,243,79,15
318,243,79,15
318,243,79,15
318,243,79,15
323,234,86,22
323,233,86,25
323,232,87,25
322,231,88,25
321,231,87,26
323,230,87,26
324,227,84,29
323,228,85,29
323,226,86,30
322,225,86,32
325,225,84,32
323,225,86,33
325,225,84,34
324,223,84,35
325,223,83,35
324,219,84,38
324,221,85,36
325,219,83,38
324,218,84,39
325,219,84,38
322,218,85,39
326,220,84,38
326,219,84,39
324,215,85,43
325,217,82,42
326,214,83,43
325,217,83,40
324,216,85,41
326,215,84,43
324,213,88,45
327,213,84,45
329,215,80,42
327,216,83,40
328,214,81,42
324,214,87,45
322,216,90,41
325,212,85,45
327,213,85,43
329,213,81,44
325,214,85,45
326,212,86,47
328,211,82,47
326,213,85,43
327,209,84,46
326,215,83,44
326,214,85,43
326,213,83,44
326,211,84,46
327,212,83,43
326,212,82,44
324,210,86,45
327,210,82,46
326,210,80,47
328,209,82,48
327,208,81,49
326,209,83,47
329,207,79,49
328,209,82,46
328,209,79,46
327,206,82,49
331,206,79,49
329,205,81,49
328,199,81,55
331,196,78,58
329,199,77,52
329,200,81,49
329,197,82,51
332,201,78,44
331,198,77,47
333,196,80,48
332,197,79,46
332,196,79,47
332,195,78,48
334,199,78,42
332,195,77,46
332,190,81,49
333,191,77,48
334,190,81,48
330,185,80,52
335,183,79,54
334,184,78,50
337,183,79,51
335,181,77,52
338,182,79,51
335,179,79,53
340,180,77,51
340,181,77,50
341,178,79,51
342,178,77,52
341,179,75,50
342,175,78,55
343,175,78,54
344,180,77,49
344,179,76,49
343,174,80,54
339,178,84,52
344,176,80,51
341,173,86,56
346,180,80,47
346,177,79,50
347,174,78,53
345,176,79,50
345,177,82,50
346,173,82,53
347,175,84,51
344,177,83,51
347,174,83,54
345,177,84,50
344,174,87,53
348,176,85,50
347,172,82,53
348,173,82,52
348,173,83,54
347,174,83,52
348,174,84,50
347,175,85,52
349,173,83,52
346,174,84,53
350,177,80,48
350,175,82,49
348,173,82,52
349,172,85,55
350,174,86,53
348,174,88,50
350,175,84,51
351,172,82,53
351,170,85,53
348,174,87,51
350,172,82,53
350,172,85,54
353,174,82,51
348,176,85,52
351,173,85,53
353,177,84,49
351,174,82,53
353,176,83,50
351,178,83,48
352,175,82,50
352,174,82,50
354,173,82,50
351,172,84,52
352,169,85,53
351,169,85,55
352,168,78,57
353,167,82,58
352,166,78,56
352,166,82,55
353,165,79,57
352,165,80,56
351,165,81,54
351,164,80,56
352,162,79,57
352,162,80,56
353,161,74,57
350,162,78,54
350,164,80,53
352,163,77,53
349,162,80,53
348,160,80,56
348,162,83,52
347,161,81,56
350,160,79,57
348,162,80,54
348,162,79,54
347,160,81,56
349,159,80,56
347,160,77,55
348,158,79,57
348,158,78,55
348,157,77,58
347,157,77,52
346,156,75,55
354,151,70,61
348,154,73,55
352,149,68,61
345,153,76,57
346,149,75,62
344,147,74,63
345,153,69,58
343,152,72,58
340,155,72,52
338,156,73,54
338,155,74,55
336,154,73,56
335,149,74,62
332,154,78,55
335,155,72,56
331,154,72,55
331,150,75,60
330,153,75,56
330,153,73,57
329,150,73,56
328,152,73,58
326,151,74,58
329,151,69,57
328,151,71,58
325,150,74,57
322,152,75,56
322,148,72,58
323,144,69,64
319,146,74,63
319,145,71,59
323,144,71,62
325,148,67,58
323,147,68,54
322,148,68,51
319,147,70,52
318,146,71,51
317,148,71,50
319,144,69,52
320,147,70,51
320,145,69,50
317,143,71,55
322,141,68,54
320,142,68,54
318,140,72,53
316,143,74,48
320,140,68,50
317,141,72,51
316,140,73,53
315,140,74,52
320,139,72,54
316,142,73,48
319,144,72,48
320,141,69,48
320,143,68,50
320,144,68,49
321,141,66,51
319,143,69,51
318,144,68,52
318,143,69,51
319,146,67,49
319,146,67,48
321,146,65,49
318,145,68,52
314,146,69,47
315,145,70,52
316,147,66,49
320,146,65,50
319,149,65,46
317,149,67,49
317,148,66,46
318,149,66,48
322,149,64,47
320,150,63,49
319,149,67,48
317,150,67,48
318,151,67,48
319,149,64,47
317,152,67,48
317,151,67,47
319,153,65,45
320,152,65,46
320,150,65,48
321,151,62,47
321,150,63,48
322,153,60,46
321,150,63,46
322,150,64,49
323,153,60,45
320,152,64,46
322,154,59,47
320,154,64,45
319,155,63,47
321,156,62,44
317,157,64,44
318,156,65,45
321,157,62,44
316,158,67,45
315,159,66,44
316,160,67,46
317,161,65,46
320,160,62,47
316,162,64,48
318,163,65,47
316,164,64,46
316,167,64,43
315,166,67,44
318,168,63,42
315,169,66,45
318,168,61,43
318,174,60,37
317,172,62,39
314,175,65,38
316,173,63,36
319,178,58,34
318,177,60,36
314,179,65,36
317,179,61,33
313,180,65,31
315,179,62,33
313,180,64,37
311,178,67,35
312,180,65,33
311,180,67,33
309,183,70,31
308,184,70,30
311,183,66,30
309,184,68,28
313,186,65,26
311,186,66,27
312,188,68,25
311,189,67,25
309,190,70,23
312,190,67,24
311,191,69,22
313,192,67,20
312,192,68,21
310,192,72,20
308,193,75,19
302,192,78,20
305,193,76,19
310,194,68,17
303,193,70,19
311,196,69,16
304,195,74,17
311,197,70,16
308,197,69,15
301,198,66,14
302,199,62,14
310,199,53,14
310,200,47,12
314,200,42,14
313,199,36,13
315,200,31,13
315,200,31,13
315,205,30,10
315,205,30,10
315,205,30,10
315,205,30,10
315,205,30,10
315,205,30,10
315,205,30,10
315,205,30,10
315,205,30,10
315,205,30,10
315,205,30,10
315,205,30,10
315,205,30,10
315,205,30,10
315,205,30,10
315,205,30,10
315,205,30,10
315,205,30,10
315,205,30,10
315,205,30,10
315,205,30,10
315,205,30,10
315,205,30,10
315,205,30,10
315,205,30,10
315,205,30,10
315,226,28,13
315,226,28,13
331,221,27,16
331,221,27,16
331,221,27,16
331,221,27,16
331,221,27,16
331,221,27,16
331,221,27,16
331,221,27,16
331,221,27,16
331,221,27,16
331,221,27,16
331,221,27,16
331,221,27,16
331,221,27,16
331,221,27,16
331,221,27,16
331,221,27,16
331,221,27,16
331,221,27,16
331,221,27,16
331,221,27,16
331,221,27,16
331,221,27,16
331,221,27,16
331,221,27,16
331,221,27,16
331,221,27,16
331,221,27,16
331,221,27,16
331,221,27,16
331,221,27,16
331,221,27,16
331,221,27,16
331,221,27,16
331,221,27,16
331,221,27,16
331,221,27,16
331,221,27,16
331,221,27,16
331,221,27,16
331,221,27,16
331,221,27,16
331,221,27,16
331,221,27,16
331,221,27,16
331,221,27,16
331,221,27,16
331,221,27,16
331,221,27,16
331,221,27,16
331,221,27,16
331,221,27,16
331,221,27,16
331,221,27,16
331,221,27,16
314,223,27,17
314,223,27,17
314,223,27,17
314,223,27,17
314,223,27,17
314,223,27,17
314,223,27,17
314,223,27,17
314,223,27,17
314,223,27,17
314,223,27,17
314,223,27,17
314,223,27,17
314,223,27,17
314,223,27,17
314,223,27,17
314,223,27,17
314,223,27,17
314,223,27,17
314,223,27,17
314,223,27,17
314,223,27,17
314,223,27,17
314,223,27,17
314,223,27,17
314,223,27,17
314,223,27,17
314,223,27,17
314,223,27,17
314,223,27,17
314,223,27,17
314,223,27,17
314,223,27,17
314,223,27,17
314,223,27,17
314,223,27,17
314,223,27,17
314,223,27,17
314,223,27,17
314,223,27,17
314,223,27,17
314,223,27,17
314,223,27,17
314,223,27,17
314,223,27,17
314,223,27,17
314,223,27,17
314,223,27,17
314,223,27,17
314,223,27,17
314,223,27,17
314,223,27,17
314,223,27,17
314,223,27,17
314,223,27,17
314,223,27,17
323,201,30,13
316,205,31,11
316,202,30,12
317,204,28,9
318,202,28,11
319,201,27,11
320,202,27,11
320,201,27,11
320,200,27,12
320,198,28,14
321,199,27,13
320,197,28,15
320,196,27,16
321,196,27,16
321,195,27,17
321,195,27,18
320,193,29,20
320,193,28,19
320,192,29,21
320,192,29,21
321,190,29,23
322,190,27,22
321,190,29,23
321,190,29,23
321,189,29,23
321,187,29,26
323,186,28,26
323,186,27,27
324,184,27,28
324,181,28,30
325,182,27,30
326,180,28,32
326,179,28,33
325,180,29,33
326,180,28,33
326,177,29,35
326,178,29,35
326,176,28,36
325,176,30,37
325,175,30,37
327,175,27,38
327,173,27,39
326,174,27,39
327,174,28,39
326,172,29,40
326,171,29,40
327,170,28,40
328,171,28,39
328,169,27,41
327,167,29,43
328,168,28,41
327,166,30,42
329,166,29,41
329,165,28,42
329,164,27,42
330,162,28,45
329,162,27,43
329,161,29,41
329,160,27,42
329,160,28,43
330,159,27,42
331,159,27,42
330,158,29,42
330,157,30,40
331,156,28,42
330,156,29,42
330,155,29,42
331,155,29,42
330,155,31,41
331,153,29,43
332,153,28,42
332,153,29,42
331,154,29,41
330,153,31,42
331,153,30,41
331,154,29,40
330,153,30,41
331,153,30,42
331,154,30,42
331,153,29,42
331,153,30,43
331,154,28,42
330,155,29,42
332,154,28,44
330,156,29,42
331,156,29,41
331,156,29,43
330,157,29,42
331,157,30,42
331,158,27,42
331,157,29,43
331,157,29,43
331,157,30,42
331,155,29,45
331,156,31,43
332,156,29,41
331,156,30,42
330,155,32,43
331,155,30,43
333,155,31,40
332,155,28,42
334,154,30,44
334,154,31,42
334,154,29,40
334,152,28,43
335,153,29,42
334,153,30,42
335,153,29,40
333,152,28,42
334,152,30,42
336,150,27,43
334,151,30,42
337,149,29,44
336,150,30,42
336,149,29,44
337,148,31,45
338,147,28,44
339,148,29,44
339,148,29,43
338,147,28,43
339,147,28,43
339,145,30,45
338,144,30,44
339,143,32,45
339,143,32,43
340,142,32,43
341,142,28,43
340,142,32,45
341,142,30,43
341,140,31,46
341,140,30,46
341,140,32,44
341,139,31,47
340,138,31,46
341,138,31,46
342,136,30,47
341,136,32,48
343,135,31,47
344,133,30,50
342,134,33,49
341,135,31,47
342,134,32,48
343,132,31,50
342,136,32,46
343,134,33,48
341,133,32,50
342,133,34,49
341,132,32,51
343,134,30,48
340,132,32,50
342,133,31,49
341,133,29,49
339,132,34,51
340,133,31,51
339,132,32,51
340,132,30,51
337,133,32,51
337,134,32,49
338,133,32,52
337,133,30,51
336,138,31,47
334,135,34,51
336,135,31,51
336,137,30,49
330,136,36,51
331,135,35,51
330,137,32,50
331,136,31,50
330,135,29,50
330,135,29,50
328,137,29,48
327,135,31,51
326,136,30,51
325,137,30,48
325,138,28,47
323,138,29,47
323,137,30,46
322,136,29,45
323,136,27,47
321,137,27,47
321,137,29,46
324,135,35,47
319,130,51,54
318,131,51,52
318,134,53,49
315,130,56,50
316,133,59,48
314,130,58,48
316,133,58,48
314,133,60,46
314,133,58,50
314,133,57,50
313,136,60,47
312,134,62,48
311,134,61,49
312,135,60,50
312,135,59,49
308,136,65,48
308,136,64,51
309,138,64,48
310,139,62,46
313,138,58,48
311,137,62,48
313,138,60,48
313,138,61,50
314,137,58,49
314,139,61,47
313,139,62,47
313,138,60,49
312,137,62,49
309,140,62,51
308,139,65,48
307,140,66,49
308,139,62,48
304,138,65,51
307,140,64,52
304,140,67,49
301,139,66,47
303,141,70,46
303,140,68,46
304,138,69,51
302,139,69,49
300,138,69,49
301,141,69,48
304,141,69,46
302,141,68,45
302,139,70,50
302,137,69,50
302,139,71,52
301,138,73,50
300,139,72,51
300,138,69,48
301,139,72,49
298,137,71,50
298,137,72,51
301,141,70,45
300,138,71,49
299,139,71,46
298,139,69,45
301,139,72,46
299,138,68,46
301,137,71,47
297,137,72,47
303,136,66,47
307,137,63,46
302,137,66,48
300,137,69,47
299,137,68,49
301,137,71,48
297,135,73,50
299,141,72,43
296,140,71,44
298,138,73,47
300,137,69,47
301,138,67,50
302,139,68,47
297,141,67,45
299,139,71,47
302,139,65,48
295,138,73,50
297,142,70,45
298,140,68,48
296,140,70,48
294,139,73,49
294,142,71,47
297,138,70,49
297,142,71,47
296,139,70,48
293,139,73,49
298,138,72,50
296,141,70,48
295,139,72,49
297,142,71,46
292,140,74,50
295,141,72,48
294,140,74,49
295,144,69,45
296,141,71,49
293,141,74,48
296,143,72,48
297,143,70,49
296,143,70,49
295,144,73,48
296,146,71,47
291,146,74,47
297,148,71,46
295,147,72,49
295,148,73,49
296,149,72,49
297,151,71,47
300,157,70,44
300,158,69,44
302,160,69,47
300,165,74,47
298,173,76,48
297,183,78,51
294,191,81,55
293,200,86,55
297,213,86,47
292,218,86,41
296,230,82,31
311,236,70,23
311,236,70,23
311,236,70,23
311,236,70,23
311,236,70,23
311,236,70,23
311,236,70,23
311,236,70,23
311,236,70,23
311,236,70,23
311,236,70,23
311,236,70,23
311,236,70,23
311,236,70,23
311,236,70,23
