161,226,55,74
157,226,56,77
157,221,56,85
155,219,58,85
156,218,56,82
154,218,57,81
158,215,58,82
155,214,56,86
158,212,60,86
156,213,59,89
161,212,58,83
157,212,58,87
162,208,61,92
166,209,54,90
164,207,58,93
167,208,56,89
170,207,58,89
169,205,58,96
175,204,59,90
176,203,57,92
181,201,57,93
183,199,59,94
186,202,58,86
192,198,57,91
198,195,57,96
201,189,58,97
209,187,56,90
214,184,53,85
220,183,53,80
226,185,53,73
233,183,53,79
239,185,54,75
248,184,55,75
254,187,53,74
266,186,51,74
273,186,53,74
284,184,50,78
294,186,48,70
301,185,49,76
306,184,50,77
308,185,49,85
306,186,48,87
303,193,48,76
297,197,51,78
290,200,48,86
279,210,44,78
267,212,52,72
260,213,52,62
258,208,48,61
255,204,45,61
253,209,45,55
255,210,43,60
258,216,43,56
261,221,44,60
265,219,46,70
274,234,43,65
280,240,44,72
286,248,44,76
289,261,44,70
292,266,47,68
291,267,51,72
288,266,51,75
282,261,50,81
271,261,52,78
262,261,51,72
245,260,54,69
226,261,59,64
206,260,61,62
190,256,65,60
180,249,64,66
166,241,67,70
160,226,71,78
157,214,71,77
159,205,72,71
163,195,76,79
174,191,75,74
192,185,69,79
212,190,63,74
231,193,58,72
253,195,50,67
268,198,54,64
289,195,48,63
306,189,44,62
317,177,47,67
327,167,45,66
335,157,43,65
337,148,45,63
336,140,46,62
335,132,45,61
329,128,46,60
322,127,48,61
312,127,50,66
298,130,53,67
284,135,52,66
264,142,51,68
241,146,54,63
210,144,61,71
179,141,66,68
144,127,76,76
124,120,74,62
110,104,62,65
93,95,63,66
78,86,62,63
74,79,56,63
66,75,61,56
63,71,67,56
74,67,59,60
85,70,57,58
96,76,58,57
117,80,50,51
134,86,47,49
154,92,44,48
172,94,39,50
188,96,39,48
204,98,35,47
216,98,40,47
227,95,40,50
231,89,42,52
234,87,40,53
235,84,40,53
231,81,41,51
224,80,43,53
214,82,47,58
205,85,51,60
189,89,46,58
174,94,44,54
154,92,52,61
135,95,53,62
121,94,52,59
104,93,56,62
93,90,56,64
90,93,55,57
86,92,55,57
87,89,50,57
87,90,50,52
90,91,46,51
89,92,49,53
93,94,53,55
105,96,50,51
121,96,49,51
136,100,44,46
153,97,44,47
171,98,42,47
188,97,42,50
208,97,48,52
226,100,40,56
244,103,38,48
257,101,39,49
270,97,38,51
281,90,41,54
291,85,37,56
297,80,37,53
300,75,35,54
299,69,37,54
296,65,38,51
292,63,38,50
285,61,39,50
277,61,38,50
267,62,37,52
255,62,39,53
246,64,39,49
239,68,37,41
231,72,38,39
225,71,38,43
221,73,38,42
220,74,38,41
223,73,37,44
227,78,36,42
233,78,37,42
242,87,33,35
250,91,32,37
257,95,31,39
265,93,31,47
275,93,28,48
283,88,30,50
288,85,31,50
294,78,29,52
296,72,30,51
298,65,30,51
296,54,29,54
292,44,31,57
286,35,31,58
280,29,31,56
272,22,32,57
263,20,32,56
254,20,29,53
242,21,31,50
229,23,35,51
217,28,34,50
206,31,35,54
198,40,33,49
192,50,35,47
188,56,35,50
189,63,32,51
188,72,35,49
192,81,35,50
200,92,35,47
211,99,40,49
223,110,42,56
237,121,32,57
251,119,28,64
263,131,29,57
277,138,29,56
288,142,29,53
299,146,28,50
308,149,26,47
315,149,26,45
320,150,25,43
323,151,24,41
324,150,24,43
324,151,23,43
322,151,24,44
318,152,23,46
314,151,23,49
307,152,23,49
300,150,23,51
292,148,26,51
283,145,26,51
276,141,26,51
268,139,29,49
263,134,28,49
260,131,26,45
257,128,27,44
255,124,28,45
255,120,27,48
257,118,26,48
260,117,26,49
265,114,24,52
271,116,22,48
278,116,20,48
284,116,19,48
289,116,20,49
293,114,22,51
296,114,22,49
297,113,22,47
298,112,22,46
296,110,23,45
294,108,24,45
291,104,23,47
285,103,24,48
279,103,24,48
272,104,24,48
264,103,25,49
257,103,25,50
250,103,26,47
244,108,27,47
236,108,30,46
229,105,32,48
223,106,35,47
220,108,41,54
218,109,47,60
218,108,49,63
218,108,47,66
219,109,48,66
218,107,48,73
223,110,46,70
223,111,45,71
228,113,41,72
235,116,36,69
240,119,36,68
254,121,32,59
262,125,31,58
271,135,30,56
282,142,29,57
290,153,28,54
298,162,29,51
305,172,29,48
312,181,28,44
316,186,28,48
318,194,27,48
320,200,25,51
319,209,26,52
316,216,26,56
311,226,28,55
304,236,30,59
294,242,35,64
283,250,37,64
273,258,36,66
261,262,39,63
242,266,45,66
232,272,45,67
223,273,42,64
214,270,45,64
210,266,42,64
208,263,41,65
207,262,40,62
208,252,40,66
212,245,37,64
211,237,40,62
214,224,36,60
217,212,33,57
219,199,31,53
217,184,32,55
213,169,34,54
212,157,31,52
208,144,32,52
206,133,30,50
203,127,28,44
197,123,30,45
194,123,29,45
187,123,29,48
179,122,32,49
174,119,33,50
167,114,36,48
161,111,34,45
157,106,34,41
153,102,34,39
147,95,36,43
145,88,36,47
143,83,36,49
145,79,36,48
145,77,36,46
147,73,35,47
150,72,34,45
151,70,33,48
154,69,30,47
157,69,28,41
159,68,26,44
161,68,27,45
163,68,26,41
163,67,27,40
164,68,25,40
165,69,25,37
164,69,26,38
162,69,26,36
162,68,26,37
160,66,26,37
159,63,26,38
157,60,27,41
153,54,27,41
150,48,26,39
147,45,27,39
143,39,28,38
140,38,30,38
139,35,32,39
139,35,31,40
140,40,30,39
143,46,29,37
146,52,29,38
150,60,30,40
154,67,33,45
163,71,33,45
174,74,29,46
183,77,30,50
193,79,28,48
206,84,26,44
213,87,26,42
222,90,33,37
226,91,30,33
232,93,26,30
234,91,27,30
235,90,27,34
233,89,26,33
226,87,30,32
218,87,36,33
208,87,33,35
200,88,27,31
185,86,30,35
172,84,30,36
158,79,31,37
145,75,30,40
132,66,34,38
122,61,32,40
112,56,35,45
106,52,37,45
96,50,44,46
97,49,45,45
107,52,38,44
114,56,37,42
126,64,34,42
138,70,32,43
152,77,33,40
166,81,33,40
184,85,30,42
201,89,33,40
207,93,33,39
217,93,33,32
219,92,36,34
235,93,32,34
247,90,31,38
251,88,35,40
260,86,32,38
263,83,31,38
265,82,30,38
263,82,30,40
260,86,32,41
252,89,33,45
245,92,32,43
226,95,40,40
211,100,41,30
190,101,39,33
172,97,38,31
153,93,40,31
133,88,39,34
116,83,37,35
97,75,39,38
86,71,43,35
78,67,41,34
79,63,39,39
80,63,35,38
83,63,37,37
90,64,38,36
99,70,38,35
110,78,39,36
125,79,41,38
137,89,42,36
160,96,36,30
179,101,33,35
198,103,32,31
216,101,29,26
231,98,28,28
243,94,28,32
250,89,27,36
253,82,29,36
254,77,31,41
251,72,33,39
249,70,32,41
245,70,32,43
238,71,32,36
224,72,35,35
210,74,33,32
191,74,36,36
172,69,36,35
154,62,37,35
134,54,39,37
109,48,46,45
94,37,44,42
82,29,45,42
74,23,44,41
65,22,45,37
66,21,40,38
63,23,42,37
67,26,45,40
77,31,44,44
86,41,44,44
98,54,44,43
120,64,45,47
146,74,39,50
169,78,36,48
191,93,36,43
211,92,45,42
229,101,39,38
251,102,31,37
256,99,36,42
265,96,35,44
270,94,33,40
269,92,35,41
267,91,35,41
260,91,38,44
251,94,42,47
245,97,36,53
228,104,38,47
210,110,35,48
188,112,35,45
162,107,39,43
138,107,43,43
110,98,48,43
91,86,47,48
77,74,48,46
67,69,45,40
57,59,46,41
53,54,45,39
55,50,42,39
58,49,43,38
62,50,46,39
71,56,47,41
83,61,46,43
95,70,48,48
110,81,50,54
137,86,43,49
160,96,39,39
182,101,38,39
202,101,41,37
223,100,36,37
235,94,38,36
245,90,38,41
253,86,35,42
253,77,38,47
251,75,38,46
249,74,39,49
245,73,38,51
235,76,40,52
220,79,41,42
204,86,44,37
183,89,40,36
161,90,40,33
140,88,39,38
116,85,42,41
92,72,47,50
80,63,49,47
64,59,51,42
58,51,49,42
57,45,46,38
57,40,48,40
68,39,43,37
78,39,43,39
91,45,42,37
92,45,44,41
100,51,48,37
106,52,52,45
130,60,46,45
150,71,48,44
175,81,46,39
200,86,51,38
224,88,47,35
251,90,41,40
265,87,43,44
279,80,43,48
292,73,40,45
298,67,38,43
299,63,38,41
296,58,41,42
292,59,40,41
283,60,42,44
271,66,45,48
257,71,44,52
241,77,44,44
213,80,49,40
186,78,48,40
158,73,46,38
133,68,52,38
109,57,53,41
94,49,47,39
83,41,45,40
75,34,45,39
74,31,41,37
74,28,39,39
76,28,40,42
82,37,41,42
91,45,42,44
99,58,44,44
123,69,43,44
146,79,39,46
168,91,39,43
188,103,42,46
215,109,39,43
238,113,38,38
257,110,37,44
268,109,41,46
280,109,40,43
287,108,39,45
291,111,42,42
292,118,39,43
291,128,40,44
289,142,39,48
284,161,41,52
278,181,41,58
265,200,40,54
246,215,41,48
217,213,38,56
192,213,48,48
163,208,55,46
143,202,48,47
126,195,46,45
105,193,50,50
88,185,55,54
78,182,51,47
72,180,48,51
67,186,48,48
72,184,45,53
75,189,48,55
84,204,50,51
93,216,58,58
108,234,62,56
129,252,60,58
155,263,58,64
187,267,62,70
215,273,51,68
251,271,51,61
274,264,48,60
295,258,43,58
311,245,42,57
322,233,41,52
328,222,39,52
331,213,37,46
332,205,38,46
328,201,39,41
324,200,40,39
318,202,41,44
311,208,41,48
304,219,40,54
295,231,38,59
278,244,41,64
261,257,40,60
238,266,41,53
208,275,45,53
182,278,42,57
154,275,55,59
130,267,63,61
116,264,61,65
103,259,59,54
90,251,62,56
87,246,60,56
90,247,57,53
95,245,58,55
105,248,58,56
122,251,55,56
136,259,54,57
151,262,61,62
171,268,54,57
206,269,49,57
229,269,44,56
256,270,38,49
270,267,40,51
284,266,40,49
298,265,36,48
306,261,34,49
311,259,35,47
314,259,33,46
312,260,33,45
309,260,32,49
302,261,35,51
291,267,39,52
279,271,39,56
265,278,38,55
238,285,49,58
213,289,50,59
185,291,59,62
185,294,58,61
160,291,63,60
157,286,61,68
132,277,62,75
114,277,59,69
91,266,62,63
75,261,60,64
65,252,61,58
58,245,60,55
51,245,62,53
52,245,63,54
54,245,64,56
65,252,59,57
79,258,53,61
90,268,59,65
112,275,56,62
134,268,57,70
158,282,55,71
182,285,52,69
208,285,47,66
223,280,47,58
247,276,43,53
264,265,40,54
275,257,37,53
284,249,36,50
289,243,34,47
297,238,33,44
296,237,31,40
293,237,35,42
289,237,35,46
280,242,40,48
272,248,39,53
262,258,38,54
244,266,40,54
218,271,40,62
193,279,50,60
158,279,59,64
131,271,65,70
107,274,65,65
82,267,65,63
69,254,58,56
56,239,59,58
41,233,62,53
36,227,57,47
32,223,55,46
29,219,59,48
39,220,56,46
49,219,55,50
60,219,54,56
74,231,53,57
88,239,55,61
111,241,53,55
135,243,52,59
158,250,53,53
181,243,48,54
204,240,43,50
221,231,37,50
235,224,43,48
251,218,39,48
258,209,39,47
265,205,36,46
267,198,37,47
267,196,37,48
263,194,38,49
258,196,41,49
252,198,38,51
232,198,43,54
215,196,39,54
192,195,48,52
167,180,49,62
141,170,53,62
117,161,52,53
95,146,55,54
78,133,53,52
69,117,41,52
57,102,42,47
52,88,40,48
51,81,38,44
53,71,36,44
53,68,39,42
59,65,41,39
64,66,47,38
76,70,45,38
89,75,41,45
100,83,47,49
125,87,43,43
144,96,40,41
163,103,38,41
183,105,36,40
203,106,33,36
221,102,34,40
234,94,38,37
247,90,34,42
252,81,35,51
259,75,36,49
265,72,34,46
268,67,33,45
268,67,33,45
265,63,35,48
260,62,35,47
250,61,38,47
242,63,36,48
230,65,38,42
215,67,39,42
197,64,39,43
180,62,40,44
165,61,38,42
150,60,41,42
136,60,38,40
118,60,44,41
107,60,44,41
97,59,45,44
90,60,46,46
92,67,42,41
93,72,40,40
97,79,40,39
102,85,41,42
109,94,43,45
129,97,40,46
144,105,38,43
165,108,34,45
187,112,36,47
194,116,39,46
212,113,30,51
217,112,40,55
240,112,38,45
256,110,39,49
273,105,42,49
291,96,42,50
305,87,42,53
314,80,44,50
324,75,44,46
328,68,47,48
331,65,48,47
331,63,48,46
326,62,48,48
314,63,53,53
301,64,53,59
280,67,53,64
250,77,60,60
217,88,62,58
183,94,74,60
149,100,64,61
124,104,53,60
100,105,55,53
82,104,64,57
79,101,56,58
77,103,56,54
79,105,55,49
84,103,53,51
100,101,47,53
116,98,43,59
132,104,38,55
143,115,39,49
159,118,39,55
174,124,36,56
190,131,33,53
205,135,32,50
219,138,33,50
230,144,39,50
244,144,38,51
250,142,40,57
254,142,41,53
258,136,41,58
258,128,40,61
253,125,45,56
245,119,46,58
234,114,46,63
217,113,51,54
202,106,56,61
183,107,48,57
164,102,49,65
152,105,45,57
134,104,53,57
131,101,49,59
130,101,48,60
130,102,50,59
134,102,48,58
140,104,46,59
151,106,43,60
164,111,44,56
177,112,38,56
191,111,33,58
201,123,34,53
214,126,31,51
224,130,42,46
231,132,39,47
242,134,34,51
247,137,35,50
250,138,36,55
251,137,38,55
249,136,39,58
245,132,40,63
237,130,42,56
228,127,43,53
214,123,49,51
198,119,47,50
184,115,49,49
169,111,52,50
158,109,52,53
144,109,55,57
134,111,57,59
129,117,55,62
129,127,49,54
128,139,50,56
129,149,50,55
135,163,51,54
144,171,47,57
153,181,44,52
165,195,45,54
178,194,41,58
191,204,40,60
205,211,36,53
217,213,34,50
228,217,36,49
238,218,33,45
247,217,33,46
255,215,30,43
257,214,33,47
260,214,33,48
262,214,33,48
260,217,34,46
257,217,35,50
255,221,32,52
247,225,34,47
238,234,37,51
228,237,36,56
217,240,35,53
205,241,39,56
191,243,43,54
181,243,42,53
172,234,43,58
169,232,39,51
166,229,42,50
164,229,42,43
164,225,41,43
168,220,42,45
171,218,42,44
178,218,42,45
185,219,43,49
193,218,41,51
204,227,38,48
214,231,37,48
216,231,35,54
222,233,37,54
224,235,37,54
234,236,35,51
242,236,36,48
246,233,38,52
252,231,37,58
251,229,40,60
247,231,42,56
240,231,44,57
231,234,45,52
220,239,45,55
206,246,51,63
191,252,46,63
170,259,52,65
150,264,59,73
133,269,59,64
118,277,58,57
107,282,56,54
100,283,55,55
96,281,58,59
102,283,56,53
112,279,55,53
128,277,51,53
139,284,55,50
155,286,56,52
176,292,54,48
201,293,50,52
225,294,44,54
255,297,41,53
270,295,48,46
294,289,42,46
319,282,38,44
337,273,36,44
355,264,31,41
368,254,26,41
368,254,26,41
368,254,26,41
368,254,26,41
368,254,26,41
368,254,26,41
368,254,26,41
368,254,26,41
368,254,26,41
368,254,26,41
368,254,26,41
368,254,26,41
365,294,34,39
340,306,42,41
305,312,51,43
267,320,57,36
217,318,62,39
174,310,66,44
126,293,76,53
79,274,70,61
38,250,75,61
0,230,63,55
0,230,63,55
0,230,63,55
0,230,63,55
0,230,63,55
0,230,63,55
0,230,63,55
0,230,63,55
0,230,63,55
0,230,63,55
0,230,63,55
0,230,63,55
0,230,63,55
0,230,63,55
1,223,58,65
54,249,50,69
78,275,60,76
124,291,65,68
166,306,71,53
212,322,69,42
259,318,57,43
292,307,53,45
320,290,43,49
342,274,37,45
359,258,32,49
370,242,29,41
370,242,29,41
370,242,29,41
370,242,29,41
370,242,29,41
370,242,29,41
370,242,29,41
370,242,29,41
370,242,29,41
370,242,29,41
370,268,26,42
355,284,31,46
331,304,40,45
300,321,47,40
265,334,48,28
265,334,48,28
265,334,48,28
265,334,48,28
265,334,48,28
265,334,48,28
265,334,48,28
265,334,48,28
265,334,48,28
265,334,48,28
265,334,48,28
265,334,48,28
265,334,48,28
265,334,48,28
265,334,48,28
265,334,48,28
265,334,48,28
265,334,48,28
265,334,48,28
265,334,48,28
265,334,48,28
265,334,48,28
265,334,48,28
191,256,54,22
210,240,50,31
235,226,50,37
256,212,44,44
257,208,43,48
268,201,42,47
269,198,43,48
277,190,41,46
282,188,41,41
286,185,39,38
288,187,37,37
286,189,36,41
282,196,37,45
274,206,42,50
266,220,41,54
256,234,40,56
233,247,46,58
209,277,45,56
180,286,54,62
150,289,58,64
119,285,61,71
89,290,61,65
68,273,58,65
49,266,59,57
34,260,57,62
24,247,56,58
18,245,55,51
7,242,64,53
8,243,67,50
17,242,61,53
38,246,52,53
49,252,55,55
68,256,56,59
88,263,52,56
115,268,49,56
137,269,53,55
164,275,48,53
188,272,47,56
211,271,42,49
226,265,46,53
242,263,45,46
260,261,40,44
266,258,39,48
273,259,37,51
274,259,38,54
274,261,38,55
269,264,39,54
263,268,40,56
253,268,39,55
238,278,40,47
222,275,37,53
206,274,42,52
188,272,42,54
174,260,40,60
165,256,43,58
155,253,46,48
151,247,41,44
149,241,38,44
147,237,37,40
149,233,35,39
153,231,35,37
158,228,33,36
165,225,32,36
170,221,32,35
177,217,32,40
184,214,31,41
192,211,29,38
197,210,30,40
203,207,30,43
207,204,29,44
210,200,28,46
211,198,29,47
211,196,30,48
209,194,29,46
205,191,31,51
199,191,32,52
194,191,30,52
187,191,32,50
178,193,33,48
169,193,36,49
162,195,35,47
157,195,36,44
149,192,39,49
145,188,36,48
145,201,35,38
145,198,35,40
148,200,34,41
150,202,36,40
154,204,37,41
164,212,32,34
172,211,34,40
183,214,35,40
194,217,33,40
205,216,31,40
216,215,29,37
223,211,27,41
228,208,31,41
233,206,32,36
235,203,32,34
234,202,32,33
232,202,34,35
228,204,34,35
221,207,32,41
210,207,35,46
197,211,37,48
181,213,40,47
163,214,44,43
148,210,43,40
132,204,47,45
121,203,44,43
106,203,52,44
97,199,51,47
95,200,50,42
93,199,49,43
97,200,47,43
105,201,45,46
113,204,46,47
127,206,43,46
140,221,44,36
157,216,43,42
172,228,42,42
190,229,41,44
204,218,41,51
219,220,32,45
231,214,35,39
232,214,35,37
240,213,32,35
240,212,33,37
247,210,32,36
247,208,33,39
251,204,30,41
254,203,29,44
252,203,29,43
249,205,30,44
238,208,33,39
228,214,36,43
214,215,34,50
198,219,39,50
179,225,43,46
161,214,43,43
143,212,42,40
125,204,42,44
105,203,51,49
89,198,50,49
82,189,48,47
79,183,47,46
75,178,51,48
76,179,50,47
80,181,50,48
87,190,49,46
100,199,51,44
117,203,46,43
137,204,43,44
157,218,42,39
171,223,44,39
191,222,42,43
209,221,39,45
224,214,42,43
237,213,38,36
251,209,32,42
255,205,32,43
257,202,32,43
255,199,32,43
253,196,32,43
245,195,33,39
230,189,36,35
216,185,33,37
200,177,33,40
178,166,38,39
158,151,41,38
133,135,47,45
115,122,47,42
97,100,50,44
87,84,44,50
79,69,43,45
70,58,43,42
63,51,45,37
61,43,48,35
62,38,47,36
71,35,42,37
79,35,42,38
88,40,42,38
100,47,42,40
116,53,41,39
138,59,36,45
154,66,36,40
171,73,35,42
187,77,32,43
204,77,29,38
214,76,30,31
223,74,31,32
226,71,32,34
231,68,27,34
230,66,28,36
227,65,29,37
219,65,33,31
211,67,30,35
201,70,30,29
186,72,30,30
171,71,31,30
154,69,34,34
137,60,38,37
117,59,42,37
100,53,44,40
89,48,42,37
80,44,43,38
77,44,41,37
74,46,42,37
76,48,41,38
79,55,43,37
87,62,43,39
97,72,44,44
113,89,44,36
135,94,40,39
155,103,38,40
178,111,34,42
198,118,30,39
214,121,31,40
232,123,36,37
249,122,33,36
259,124,32,38
264,127,35,40
272,132,33,39
276,139,33,42
278,148,31,46
277,160,34,48
274,175,34,50
266,189,36,52
256,202,35,52
237,215,40,59
218,224,42,51
205,229,38,44
183,234,45,39
168,231,44,43
156,232,44,40
146,230,42,41
136,232,45,39
134,233,41,40
132,234,41,43
133,235,43,43
139,236,41,43
147,242,41,39
156,242,45,40
168,245,39,39
180,242,37,39
193,236,36,42
202,225,39,45
211,213,36,51
212,210,36,52
216,201,34,51
218,198,33,52
221,183,33,56
220,171,33,54
217,160,35,55
213,147,32,55
205,133,34,58
196,121,31,58
198,124,30,59
198,124,30,59
198,124,30,59
198,124,30,59
198,124,30,59
198,124,30,59
198,124,30,59
198,124,30,59
198,124,30,59
141,31,33,57
150,37,30,53
160,44,33,47
168,47,31,41
176,58,29,41
181,67,30,41
187,76,29,37
191,84,28,37
195,94,25,36
195,104,28,40
195,115,26,46
196,125,26,43
193,136,28,44
191,146,29,44
188,154,31,49
185,164,34,51
184,173,36,51
184,182,33,52
185,193,32,52
184,204,32,49
186,214,32,50
188,224,33,49
190,234,34,53
194,242,33,55
199,250,33,54
203,258,33,52
208,263,31,54
211,268,33,54
214,268,33,54
219,269,33,54
224,269,29,49
224,267,30,50
226,266,28,43
226,262,29,46
225,255,29,47
221,250,29,49
220,240,29,49
214,231,31,50
209,219,29,52
201,205,34,53
196,192,33,55
190,177,33,56
181,166,37,52
175,150,34,52
170,136,33,46
163,119,34,46
158,107,33,41
154,94,32,39
151,81,31,38
147,70,32,40
144,57,34,44
142,48,32,43
141,40,33,41
139,36,32,41
140,29,34,45
140,28,35,42
143,26,33,44
145,25,32,45
148,25,30,46
151,27,28,45
155,31,29,41
156,40,29,39
160,45,26,35
163,51,28,38
166,59,28,36
169,67,26,40
171,78,26,38
173,88,26,36
174,98,27,38
175,111,27,41
176,121,27,41
177,133,25,39
176,144,27,42
177,157,29,43
177,166,31,49
177,176,29,45
177,186,30,48
177,197,30,52
179,208,31,51
178,221,30,50
180,232,30,53
181,242,31,56
183,252,30,55
185,261,31,50
188,269,30,50
190,273,33,53
194,278,30,50
197,281,29,45
201,281,28,46
203,278,28,44
205,273,28,45
207,266,27,44
206,256,30,47
207,246,29,50
206,237,29,46
208,227,27,51
204,217,30,54
205,215,30,52
203,201,30,55
200,188,31,54
196,172,32,57
193,160,32,53
188,137,31,51
184,116,31,50
178,103,33,51
175,89,29,45
169,71,31,45
165,59,31,42
160,47,32,42
156,35,33,46
154,28,33,44
151,23,35,45
149,20,38,46
149,17,39,47
151,17,37,46
155,18,34,48
158,22,33,44
163,28,31,43
166,38,30,39
171,46,29,38
174,54,26,40
176,67,27,40
178,76,27,46
180,88,29,47
182,99,28,51
186,110,27,54
189,124,26,45
191,144,27,41
191,164,30,38
194,171,30,44
196,187,31,44
200,201,29,41
202,211,32,45
206,224,31,44
208,234,30,46
211,244,28,52
215,252,29,55
215,259,33,57
217,269,32,57
219,279,29,49
220,286,34,52
220,294,32,47
220,298,34,49
220,301,34,52
219,306,34,46
220,307,35,50
219,311,34,48
219,315,35,42
222,317,33,40
224,315,34,43
227,312,36,46
232,315,35,44
239,317,38,40
248,316,35,37
259,312,31,39
265,302,32,40
274,294,29,47
280,284,30,48
285,275,30,47
289,268,29,45
290,260,31,46
290,256,31,42
288,254,29,41
283,253,31,42
277,252,32,45
268,255,35,45
261,258,34,47
243,264,39,45
226,266,39,51
208,267,44,53
185,261,51,59
159,256,56,58
146,245,55,56
129,229,54,56
119,223,52,50
104,216,61,50
102,209,54,51
103,204,51,57
99,202,55,53
99,204,61,46
111,210,57,54
129,214,51,49
146,222,55,49
156,231,57,57
181,233,52,62
206,239,42,56
228,243,45,48
252,238,37,45
265,231,37,48
276,224,38,48
284,218,37,43
292,214,37,41
297,212,34,39
297,212,33,39
295,213,34,42
292,216,35,46
286,223,36,47
276,231,38,52
263,239,41,55
242,248,47,54
216,256,51,57
196,254,54,56
169,252,60,55
147,241,62,58
137,231,56,51
124,221,52,54
109,219,57,49
99,218,61,46
96,217,57,46
92,218,61,46
108,224,50,45
116,230,49,46
127,239,52,46
141,251,54,46
154,260,56,51
182,269,53,52
185,271,54,54
207,273,47,49
210,270,44,51
235,273,41,49
261,264,34,50
271,259,39,50
283,251,39,50
292,245,39,46
300,241,35,42
305,237,34,42
306,236,34,40
306,236,35,41
302,239,36,44
291,243,39,48
280,248,42,52
265,256,46,51
244,261,47,53
220,266,44,52
194,268,53,50
164,260,60,54
144,250,62,52
128,235,56,54
116,230,51,49
103,227,53,45
100,221,46,43
95,220,47,43
92,219,50,45
100,224,45,45
106,230,49,46
116,238,50,48
131,249,52,48
147,259,55,50
166,273,51,55
188,282,51,61
212,294,48,59
229,300,53,58
262,309,41,50
281,313,42,44
304,321,40,38
321,330,37,29
340,332,36,27
357,330,34,27
371,325,31,32
381,322,25,33
381,322,25,33
381,322,25,33
381,322,25,33
381,322,25,33
381,322,25,33
381,322,25,33
381,322,25,33
381,322,25,33
381,322,25,33
381,322,25,33
381,322,25,33
381,322,25,33
381,322,25,33
382,286,18,32
373,294,23,38
352,306,31,41
331,319,33,38
302,331,40,31
269,337,46,25
269,337,46,25
269,337,46,25
269,337,46,25
269,337,46,25
269,337,46,25
269,337,46,25
269,337,46,25
269,337,46,25
269,337,46,25
269,337,46,25
269,337,46,25
269,337,46,25
269,337,46,25
269,337,46,25
269,337,46,25
269,337,46,25
269,337,46,25
269,337,46,25
269,337,46,25
269,337,46,25
206,317,38,33
227,316,41,37
260,325,37,32
287,330,39,30
312,332,42,28
332,325,41,33
352,314,36,42
367,303,29,45
378,297,20,40
378,297,20,40
378,297,20,40
378,297,20,40
378,297,20,40
378,297,20,40
378,297,20,40
378,297,20,40
378,297,20,40
378,297,20,40
378,297,20,40
378,297,20,40
378,297,20,40
367,313,26,37
356,321,32,35
322,331,37,33
280,337,45,28
280,337,45,28
280,337,45,28
280,337,45,28
280,337,45,28
280,337,45,28
280,337,45,28
280,337,45,28
280,337,45,28
280,337,45,28
280,337,45,28
280,337,45,28
280,337,45,28
280,337,45,28
280,337,45,28
280,337,45,28
280,337,45,28
280,337,45,28
280,337,45,28
280,337,45,28
280,337,45,28
280,337,45,28
280,337,45,28
280,337,45,28
280,337,45,28
242,257,41,35
257,251,39,43
268,254,38,50
281,259,34,51
290,262,33,52
296,267,32,51
301,267,30,53
307,272,28,45
311,273,26,46
314,274,27,44
317,275,25,42
320,275,25,42
321,276,25,39
323,275,24,40
325,277,25,38
327,277,22,38
327,274,24,43
328,277,24,39
330,276,23,39
332,276,25,40
335,276,25,41
338,277,25,38
342,276,25,38
344,279,28,36
349,278,27,38
354,279,25,39
359,279,27,40
364,281,28,39
369,280,25,42
374,280,21,41
376,282,19,38
376,282,19,38
376,282,19,38
376,282,19,38
376,282,19,38
376,282,19,38
376,282,19,38
376,282,19,38
376,282,19,38
376,282,19,38
376,282,19,38
376,282,19,38
376,282,19,38
376,282,19,38
376,282,19,38
376,282,19,38
376,282,19,38
376,282,19,38
376,282,19,38
376,282,19,38
376,282,19,38
376,282,19,38
376,282,19,38
376,282,19,38
376,282,19,38
376,282,19,38
376,282,19,38
376,282,19,38
376,282,19,38
376,282,19,38
376,282,19,38
388,300,15,38
387,301,14,37
383,299,18,37
377,299,22,36
371,306,24,37
365,306,26,35
360,307,26,34
353,306,27,35
348,305,27,36
341,301,27,40
334,298,27,40
326,297,28,41
316,295,30,44
307,295,31,43
296,294,33,46
284,293,37,46
273,288,37,50
263,275,36,55
251,279,38,50
236,264,42,49
220,265,45,58
212,253,42,55
199,256,49,56
187,252,54,51
184,250,52,47
182,245,51,50
183,246,50,47
188,244,49,49
197,239,47,54
209,236,40,52
218,232,36,57
228,224,35,59
236,224,36,52
243,217,35,50
249,215,34,46
252,213,33,44
253,213,32,43
252,214,33,43
252,216,32,46
248,221,32,43
241,222,34,44
233,229,35,47
226,231,33,49
217,234,34,52
207,233,38,55
195,239,41,55
183,239,43,57
174,241,45,57
168,242,46,57
166,236,44,61
165,237,46,60
165,238,46,56
167,238,45,54
170,236,44,52
177,232,48,54
189,231,46,54
203,229,42,57
214,230,40,57
228,237,43,61
244,236,44,55
258,234,39,61
269,233,40,62
277,229,42,64
284,226,42,65
287,225,41,61
287,221,41,61
285,220,42,64
278,219,45,65
271,219,45,70
261,222,44,65
249,229,43,56
234,237,43,61
220,232,40,72
207,234,38,66
192,232,41,65
179,228,42,62
169,225,42,59
163,223,43,53
158,220,42,49
153,218,47,48
150,216,49,52
148,218,54,52
153,219,52,54
157,223,52,58
170,226,43,62
183,228,42,66
203,228,49,72
224,228,40,74
246,225,47,69
259,214,55,77
283,204,52,77
298,194,53,75
309,181,60,74
322,175,56,70
327,171,60,62
331,173,58,56
329,174,60,60
324,177,59,66
317,186,55,68
307,194,53,76
290,204,50,77
274,214,45,77
256,229,44,65
232,234,45,60
214,238,37,65
196,237,37,61
180,234,41,61
167,228,43,61
158,227,47,55
156,221,46,54
154,218,46,53
155,220,44,51
156,218,48,55
160,222,45,58
166,226,41,60
175,234,41,63
183,240,45,65
196,246,46,66
209,252,43,60
224,252,38,56
239,252,40,55
251,248,39,53
259,247,37,50
267,243,38,56
273,242,36,56
277,242,36,56
277,243,36,55
277,244,34,54
275,246,33,50
271,247,30,51
265,247,30,47
260,246,29,43
253,244,30,46
243,245,32,43
236,244,34,44
229,244,32,44
223,243,29,43
217,241,30,45
210,239,32,48
203,239,34,45
198,237,35,44
193,234,34,44
189,230,34,46
187,228,34,45
186,226,34,43
185,223,33,46
184,220,34,48
186,220,35,46
187,220,35,44
191,218,34,47
194,216,34,49
198,218,33,45
203,217,31,47
206,217,35,50
213,217,33,51
217,218,32,51
223,223,30,49
228,223,30,51
234,228,30,48
240,230,28,47
243,232,30,41
247,231,28,40
250,231,27,41
250,230,28,40
250,230,27,39
247,230,29,36
243,229,30,34
238,229,31,31
230,228,33,39
223,223,29,44
214,216,32,43
204,213,34,45
201,210,36,46
192,206,38,47
190,201,38,51
180,197,38,49
170,185,39,54
162,177,38,51
157,167,37,48
151,163,36,42
146,150,37,47
145,139,35,45
144,126,34,49
147,118,34,43
151,109,31,44
153,99,31,47
156,91,32,45
160,83,31,43
163,75,30,48
167,65,29,51
169,61,27,53
171,54,29,52
173,57,27,47
174,55,27,48
174,56,26,42
175,56,25,40
175,56,25,45
174,58,26,44
172,59,26,46
172,62,27,44
171,65,29,43
171,67,29,42
171,64,30,46
173,66,29,41
176,67,28,42
179,66,29,41
183,66,28,37
185,66,27,37
187,63,28,41
193,62,25,41
195,61,26,42
195,60,25,38
195,59,26,35
194,59,25,32
189,58,28,36
184,58,29,41
179,58,28,41
170,57,29,40
162,54,28,45
152,51,31,46
144,42,31,42
135,44,33,38
128,43,33,35
122,40,33,39
116,40,36,40
112,39,39,39
111,41,41,42
114,43,41,47
125,47,34,47
130,53,37,45
141,60,33,40
152,68,32,38
166,74,33,37
180,75,32,39
192,82,35,34
210,81,28,34
220,83,35,33
233,81,30,31
242,77,28,36
245,69,29,38
248,63,29,39
248,57,31,40
244,55,31,39
244,54,29,38
241,52,28,43
229,51,31,44
215,52,35,43
203,53,32,36
182,53,36,34
163,49,35,32
142,45,35,35
119,34,37,37
97,24,39,37
79,10,40,41
63,6,43,39
53,2,44,36
43,1,47,29
46,0,38,31
47,0,36,33
50,3,38,35
56,11,40,36
66,22,42,36
83,33,41,40
102,47,38,38
124,60,38,36
146,70,40,38
171,77,34,43
191,85,34,35
212,88,27,30
226,89,31,27
243,87,28,29
250,85,28,33
250,77,32,40
255,75,31,36
254,73,30,34
250,72,32,38
245,73,32,41
243,79,28,42
231,83,31,40
218,90,29,38
201,100,33,36
184,106,31,41
166,109,33,36
145,115,36,34
127,114,35,36
101,115,43,34
94,116,38,37
80,119,42,37
73,124,40,37
71,129,37,38
69,137,39,41
74,144,39,47
77,153,45,53
78,153,45,54
88,171,46,49
88,174,51,49
104,184,52,45
106,189,57,45
134,198,46,48
154,208,50,43
176,220,47,49
205,225,39,48
221,228,39,46
239,229,41,43
257,226,37,45
263,223,38,42
271,220,36,42
275,216,33,42
273,214,34,40
268,214,36,39
263,214,37,40
255,215,38,44
244,220,37,40
226,226,41,47
209,231,37,45
192,236,40,42
167,239,45,43
147,239,43,34
127,234,47,36
108,228,52,41
89,222,55,47
79,206,54,52
75,202,52,53
75,192,50,61
77,203,50,51
78,208,54,49
86,218,52,47
103,226,49,47
116,232,54,51
133,242,56,47
153,248,57,49
177,253,50,44
204,253,43,44
226,245,38,49
246,239,34,39
258,231,36,43
266,224,35,44
272,219,35,42
277,215,33,39
278,213,35,38
278,212,34,37
275,213,34,39
267,215,35,41
257,219,37,43
244,224,37,37
222,229,40,45
200,231,44,42
170,229,50,40
148,218,44,35
124,202,42,42
97,190,46,41
78,168,42,47
62,150,43,46
49,135,46,42
41,111,41,43
35,97,41,41
34,82,41,43
37,69,36,43
45,61,35,41
49,59,39,36
60,54,41,34
75,52,41,34
90,52,40,37
109,54,39,36
137,54,34,36
157,55,35,37
178,63,34,34
199,64,34,31
217,64,35,33
232,62,35,34
244,58,32,40
249,52,33,42
253,47,30,42
253,45,31,40
250,45,33,38
245,47,34,37
244,52,30,39
238,53,29,44
222,60,35,41
210,68,29,35
190,73,32,33
171,74,33,32
151,72,35,30
132,68,37,32
112,61,39,33
93,54,41,35
81,46,41,36
72,40,41,34
65,38,42,33
61,34,44,35
61,34,46,40
74,37,38,32
85,41,39,32
96,49,39,33
111,60,43,34
135,68,38,40
155,76,38,41
175,80,37,44
196,90,37,40
216,92,40,33
236,96,34,30
250,96,33,36
261,97,33,37
269,99,34,38
276,104,33,39
283,112,30,39
285,121,30,42
285,133,32,43
279,145,33,45
268,156,38,48
252,169,41,48
224,179,52,46
197,184,50,51
166,179,56,52
131,179,62,48
97,162,59,55
91,157,58,49
70,147,54,55
64,140,54,58
37,126,57,54
8,105,64,52
0,94,53,49
0,82,45,56
0,82,45,56
0,82,45,56
0,82,45,56
0,82,45,56
0,82,45,56
0,123,56,58
12,144,66,57
45,158,65,72
76,192,59,73
108,217,64,63
140,232,67,60
174,240,55,53
209,244,43,53
228,238,45,48
251,236,38,44
259,229,39,46
265,223,38,46
268,220,38,44
267,219,36,41
266,219,35,42
261,221,38,46
255,226,37,47
240,231,39,43
224,239,39,48
206,242,39,42
182,238,43,47
163,228,42,43
142,211,44,43
123,195,46,45
107,180,46,43
93,159,47,48
84,141,46,52
79,114,49,54
76,96,47,52
73,76,44,45
76,60,41,43
79,45,39,41
82,32,36,40
84,19,38,43
87,7,38,47
91,5,39,46
95,3,40,41
102,2,36,39
107,2,33,38
113,2,31,41
120,8,31,44
126,20,28,38
130,30,28,40
136,49,29,39
141,69,28,40
147,87,28,44
150,107,29,44
154,126,31,47
159,146,31,50
166,170,31,52
164,173,34,60
192,163,31,52
187,139,31,46
183,115,28,48
175,85,27,50
166,61,29,51
156,41,30,48
148,22,31,46
137,2,33,45
128,0,33,36
128,0,33,36
128,0,33,36
128,0,33,36
128,0,33,36
128,0,33,36
128,0,33,36
128,0,33,36
77,-8,33,35
75,1,33,39
74,17,37,43
76,37,39,48
83,59,36,52
88,83,41,53
99,114,40,64
111,145,43,54
126,164,43,62
142,190,40,60
157,213,42,59
171,237,39,63
183,258,39,68
195,276,40,70
206,293,37,64
212,305,39,54
224,316,34,44
230,313,37,45
237,310,37,48
246,298,38,50
259,280,33,54
266,261,34,58
275,235,33,60
280,214,32,64
284,192,31,58
286,170,31,58
285,149,31,59
284,133,32,58
281,121,32,50
274,108,35,50
270,97,32,50
262,89,34,49
259,89,35,45
252,83,36,47
249,82,37,46
240,76,35,44
218,70,43,42
201,63,41,43
183,62,44,43
160,61,50,47
132,63,56,48
103,67,47,47
79,66,48,49
56,70,46,44
32,70,51,46
11,75,51,48
0,74,43,53
-2,78,47,50
-3,77,50,54
-3,77,50,54
-3,77,50,54
-4,114,46,56
0,130,53,56
10,142,64,57
45,145,56,60
68,164,54,66
92,175,54,61
120,179,49,59
137,182,51,53
157,184,46,54
174,185,43,55
190,183,40,59
203,184,39,60
214,184,32,59
223,188,34,56
230,191,37,55
235,196,39,52
242,201,34,52
246,208,33,48
248,214,32,44
246,218,32,46
243,223,35,47
239,227,35,49
233,232,35,54
225,236,36,53
220,238,32,53
212,243,35,54
207,246,34,47
201,245,35,50
198,247,36,47
125,258,31,44
132,258,29,40
138,257,29,40
143,255,28,40
147,252,26,40
148,252,28,38
149,251,27,38
147,252,27,37
145,252,27,39
140,253,28,40
202,237,30,37
198,239,31,36
190,241,32,38
180,242,34,43
170,241,36,45
155,238,41,49
142,236,43,43
131,231,42,38
118,230,43,42
106,225,45,48
94,221,48,48
84,216,49,54
81,217,51,50
80,214,50,51
82,217,52,49
89,220,53,49
101,224,53,51
116,225,50,47
133,230,49,47
151,238,49,50
168,240,45,53
188,242,44,52
207,240,43,54
224,231,42,56
237,228,40,45
251,221,34,48
256,215,33,45
259,210,35,45
257,207,34,47
257,207,36,41
255,207,34,42
248,209,36,47
234,213,40,43
220,221,41,45
204,226,43,49
181,231,48,51
156,235,53,54
131,234,52,49
105,231,58,47
82,222,60,56
66,216,54,50
54,210,54,50
41,207,54,46
37,204,49,42
36,202,47,42
36,200,50,45
43,204,48,43
52,206,48,46
63,210,50,49
80,218,46,46
96,219,51,49
116,225,54,46
132,230,58,42
158,229,48,42
179,222,44,49
194,213,43,45
206,209,40,51
217,203,37,49
222,198,40,45
225,196,37,40
227,194,38,42
226,195,36,38
222,196,36,43
221,197,37,47
214,200,36,48
213,200,35,48
201,202,40,49
190,205,40,50
175,205,41,47
162,204,41,45
148,196,43,41
135,197,44,42
125,193,44,40
115,189,43,44
109,185,41,43
105,181,40,42
103,179,40,41
105,177,39,40
108,177,36,31
112,172,36,35
119,170,33,34
126,170,30,31
131,168,31,32
137,167,31,31
145,166,29,32
147,163,30,35
153,162,30,38
155,160,31,40
159,158,31,44
161,157,30,45
161,156,31,49
160,155,31,50
160,151,31,53
159,152,28,48
157,152,29,44
155,151,30,45
154,151,28,46
153,152,29,45
152,153,29,46
150,155,31,46
150,156,31,45
150,159,29,42
150,161,30,42
150,165,30,40
149,167,30,43
150,169,27,40
150,171,26,39
149,172,26,38
147,173,26,33
146,173,27,33
144,174,27,30
144,175,27,30
142,176,27,28
142,177,26,27
142,177,26,31
140,178,29,35
140,178,29,37
141,177,29,41
142,177,27,43
143,178,28,42
145,178,27,41
145,177,27,44
146,176,29,43
147,175,28,43
148,174,28,47
148,174,28,42
148,175,27,38
147,175,27,35
147,176,27,31
148,175,26,30
149,175,26,28
149,175,25,27
147,175,27,31
147,176,27,30
146,177,27,25
144,177,28,29
143,177,26,26
143,177,25,25
142,178,25,24
140,178,26,25
139,177,26,24
137,181,26,25
138,178,25,27
138,178,26,26
138,178,25,25
138,178,25,25
137,179,27,25
139,179,25,24
139,179,25,25
139,179,26,24
139,180,25,24
139,180,27,28
139,181,27,28
139,181,27,31
139,181,27,39
138,181,27,43
131,183,35,43
127,183,40,47
128,185,41,47
127,187,42,48
129,189,43,49
130,193,41,47
131,197,39,45
132,202,40,44
133,206,40,46
134,210,40,45
135,214,39,46
137,218,40,43
137,222,42,43
140,227,41,43
140,230,42,41
141,234,43,42
142,234,44,43
141,237,44,44
142,239,45,48
140,240,48,47
140,242,48,48
137,245,53,45
140,244,65,49
131,249,61,47
141,254,66,43
138,256,68,43
145,258,63,45
152,259,55,47
156,262,50,48
139,264,54,48
158,260,47,54
159,259,47,54
159,262,47,53
163,269,38,46
167,269,35,49
170,269,34,49
174,270,33,46
176,271,32,46
180,270,29,49
182,270,29,49
185,270,28,47
187,269,29,50
189,268,27,48
188,268,27,48
187,268,29,47
187,268,27,47
185,267,29,48
183,268,30,46
179,269,30,43
177,268,30,44
176,269,28,44
172,269,30,46
168,269,33,47
165,271,34,46
162,270,34,47
161,270,33,48
159,272,34,46
158,272,34,47
157,272,36,47
157,273,36,46
158,270,37,50
160,271,35,48
161,269,35,49
163,267,34,47
165,265,35,49
167,264,35,49
169,264,32,48
169,263,33,47
170,263,33,46
170,262,33,48
169,262,34,47
168,260,34,49
166,260,33,49
165,262,32,45
163,263,31,41
160,262,32,42
157,261,32,44
155,261,32,45
152,261,34,45
150,262,34,44
148,262,33,45
147,264,33,44
144,265,36,46
144,267,35,44
143,269,36,46
145,271,37,46
147,273,37,46
148,273,38,48
153,274,37,49
159,276,35,48
165,276,34,47
173,275,34,46
179,274,30,47
184,273,29,46
189,270,29,46
193,268,28,44
196,265,29,47
197,264,29,49
197,263,27,47
194,262,28,49
190,263,30,47
186,264,29,47
180,267,31,43
173,268,33,45
165,270,35,47
157,272,37,45
147,272,39,46
140,273,39,46
135,274,38,42
128,274,40,41
126,274,41,39
124,273,41,40
126,273,40,39
127,273,41,40
134,275,38,40
139,276,39,43
146,276,40,48
156,277,37,48
165,276,38,49
175,275,33,46
183,273,31,46
190,270,32,49
198,268,28,50
201,265,30,47
205,264,28,47
205,263,30,46
204,263,30,47
202,264,29,50
199,268,29,48
194,270,29,51
186,273,32,50
178,277,32,53
171,280,35,50
161,284,40,47
153,285,41,46
147,286,40,47
144,284,38,45
142,285,36,41
140,285,38,41
142,285,37,42
145,286,37,42
148,288,40,44
157,286,35,46
164,285,36,46
172,281,33,47
180,277,31,46
185,274,30,42
190,267,30,45
194,264,31,41
196,263,29,42
196,261,29,45
197,260,28,47
198,260,28,45
195,259,29,45
194,260,30,46
188,263,31,45
185,265,30,47
179,270,33,48
173,270,35,47
166,270,37,50
162,271,38,49
159,274,36,47
158,274,36,46
157,272,35,49
156,270,35,48
157,267,34,47
158,260,34,49
160,256,32,45
161,252,30,45
159,248,30,47
158,248,31,44
156,251,30,43
154,253,31,44
151,256,35,44
150,259,35,43
149,259,38,45
149,260,41,47
152,261,40,49
157,262,40,50
163,262,40,51
170,261,38,48
179,257,32,53
185,254,31,51
188,250,31,47
191,246,32,46
192,244,31,45
192,245,32,44
192,250,29,43
193,252,30,43
191,252,31,43
192,251,28,44
191,249,27,44
188,248,28,42
186,245,27,45
181,243,28,44
174,240,32,45
169,239,32,43
162,238,33,43
154,238,34,44
146,238,35,39
135,238,38,34
129,237,38,34
123,235,38,36
119,235,39,36
117,233,40,37
117,231,39,39
120,228,40,38
123,225,40,41
131,222,35,38
139,215,33,37
146,211,33,36
153,207,33,37
159,204,34,35
164,202,32,39
170,200,32,41
174,200,32,45
176,199,33,49
176,199,32,50
174,196,33,55
171,194,35,58
165,196,38,57
159,197,36,60
150,201,38,60
140,200,41,64
130,202,40,64
118,205,44,60
107,203,46,64
97,200,49,66
88,200,53,62
85,192,52,63
82,197,54,58
81,194,54,65
81,202,57,59
89,206,55,58
101,208,53,57
115,212,51,54
131,214,50,54
148,214,49,56
164,213,49,60
181,209,44,63
197,201,45,68
210,191,43,68
225,186,45,64
239,174,47,62
254,172,48,59
264,165,58,64
279,159,61,67
298,156,64,64
320,156,73,67
352,143,76,79
386,132,90,82
423,118,81,92
461,110,90,89
474,104,104,84
478,110,109,81
480,124,117,96
480,143,102,110
480,164,93,135
466,179,91,132
451,206,81,141
424,216,97,126
411,215,102,129
390,208,113,108
373,206,90,104
372,201,78,103
370,205,72,96
363,202,68,99
361,204,65,96
359,202,65,99
356,198,72,106
359,195,65,113
358,194,72,111
357,193,70,110
360,193,77,104
357,195,77,97
364,194,78,82
371,194,81,89
381,198,85,82
399,201,78,82
415,203,86,92
432,203,84,94
454,196,83,107
465,192,88,115
475,190,80,113
475,185,87,114
466,185,83,110
451,183,91,114
434,185,96,119
415,187,97,125
393,196,110,114
369,213,80,106
343,226,73,97
319,234,66,85
297,237,71,79
279,235,72,75
267,235,68,73
258,236,68,74
257,246,64,70
256,256,66,67
260,260,70,73
268,270,74,77
290,280,73,77
311,296,71,65
337,313,68,49
373,316,65,39
395,320,63,39
395,320,63,39
447,336,67,27
472,332,62,28
489,325,66,34
503,317,64,41
511,311,66,47
513,303,69,53
514,289,66,64
507,280,68,75
503,277,65,76
489,273,68,79
473,272,67,79
454,272,66,75
431,273,61,77
403,272,66,78
376,273,67,78
343,271,69,82
311,270,70,76
272,267,88,81
251,262,72,86
206,267,84,76
168,261,91,82
142,260,87,90
108,256,94,95
79,253,88,105
59,267,97,93
35,275,100,85
24,286,102,74
15,290,109,68
16,279,103,77
50,275,121,84
29,281,140,80
43,286,126,75
76,293,138,64
96,301,142,57
96,301,142,57
108,298,153,59
108,298,153,59
108,298,153,59
108,298,153,59
108,298,153,59
108,298,153,59
108,298,153,59
108,298,153,59
108,298,153,59
108,298,153,59
108,298,153,59
108,298,153,59
108,298,153,59
108,298,153,59
108,298,153,59
237,309,154,71
212,323,152,70
215,303,161,66
184,304,175,55
161,302,190,57
133,296,185,63
125,298,172,59
109,295,153,62
96,310,156,47
124,302,150,55
93,308,147,50
128,316,133,40
138,305,129,51
133,310,112,48
156,305,106,54
166,306,98,53
165,323,102,36
163,319,89,38
161,317,76,40
161,317,76,40
161,317,76,40
161,317,76,40
164,315,70,44
