94,0,121,328
99,1,132,339
108,0,128,347
118,0,126,338
125,0,125,330
129,3,119,315
131,2,118,315
128,1,117,305
133,0,120,309
138,4,128,301
144,-3,120,306
150,5,116,306
148,-6,120,306
163,0,110,295
166,1,107,290
171,3,103,280
170,5,105,258
178,7,100,250
174,0,104,250
180,0,102,245
179,4,104,244
190,4,93,246
190,1,93,248
191,-2,91,255
199,2,89,244
202,2,84,234
201,3,87,221
212,4,85,219
205,6,88,208
207,2,88,210
217,0,89,213
216,5,79,211
214,1,89,207
218,2,87,208
216,-1,94,212
212,2,89,206
217,2,93,210
227,1,75,204
228,3,75,196
227,0,78,196
224,1,82,186
226,0,83,186
225,3,86,181
230,3,81,183
235,3,75,185
239,4,68,176
243,4,68,178
245,2,68,177
249,2,63,181
250,2,64,176
253,3,61,168
254,2,63,160
254,5,63,154
253,5,64,156
253,4,64,157
252,3,66,157
258,2,60,161
254,1,64,162
257,1,60,159
255,1,61,154
256,3,62,147
257,4,59,142
257,4,62,143
253,2,66,147
257,3,61,141
255,1,65,134
260,3,61,138
259,1,61,141
261,2,61,140
265,3,56,138
266,1,53,134
270,2,50,136
268,2,52,131
270,3,52,128
273,1,51,128
275,1,49,128
276,3,49,128
273,1,52,129
275,1,49,129
276,3,48,127
278,2,47,123
280,3,46,125
281,3,45,121
281,1,48,119
282,3,46,121
284,1,43,119
282,2,46,118
284,1,45,115
284,2,47,111
285,1,45,115
285,3,47,109
287,3,45,108
290,5,43,105
292,2,42,109
294,4,41,104
297,3,38,103
300,3,36,104
300,4,38,105
300,2,38,106
298,2,42,104
303,2,40,103
307,0,35,104
306,3,39,103
312,3,35,100
313,1,35,99
314,2,35,95
319,0,35,94
320,3,36,92
322,0,35,91
321,0,36,96
323,0,36,96
324,0,37,93
329,0,35,88
330,2,38,89
334,1,34,88
339,3,33,82
340,3,34,85
341,0,37,87
348,2,44,85
350,1,45,85
351,1,45,86
351,0,43,86
353,3,48,86
354,0,43,85
355,0,42,87
356,0,42,86
357,1,43,88
358,0,44,90
358,-1,45,87
360,2,45,85
357,3,52,82
354,6,56,79
350,10,62,77
350,12,58,75
353,15,49,72
352,19,51,70
354,19,47,68
347,23,56,67
348,25,52,65
347,23,55,66
351,25,48,58
352,27,47,58
351,27,48,59
351,28,47,59
351,25,47,61
353,24,44,61
354,23,44,63
352,22,46,67
351,23,48,65
353,21,47,66
354,18,45,67
351,18,50,70
354,16,44,70
353,14,48,73
350,12,49,76
352,9,47,77
350,8,47,81
352,8,46,80
350,8,49,80
349,8,51,80
350,7,47,81
352,6,47,83
350,8,46,79
355,8,44,80
358,5,41,81
356,4,39,78
359,4,38,80
355,5,40,78
358,6,40,79
361,6,40,81
360,6,38,77
359,6,39,78
359,2,39,83
359,2,41,83
359,2,43,82
361,9,39,75
362,7,39,77
363,6,39,79
360,7,39,78
363,3,38,82
361,2,40,83
358,5,43,84
355,3,46,85
356,1,45,85
357,6,44,80
357,4,44,84
356,3,46,86
355,9,45,79
357,7,45,79
356,4,47,83
355,7,46,81
356,5,47,84
356,4,44,83
354,3,46,84
355,4,45,83
353,3,47,88
355,3,46,86
356,1,43,86
356,3,44,84
355,4,46,83
354,6,47,80
354,4,48,82
353,4,49,82
354,5,48,80
353,3,48,85
352,3,48,85
351,7,50,81
350,4,51,85
351,6,50,81
352,8,48,80
352,6,52,81
354,7,48,80
353,4,49,84
351,7,49,80
351,2,51,83
354,5,48,83
352,5,50,83
352,7,51,82
351,7,52,81
352,6,51,83
353,6,47,82
353,6,50,81
351,5,51,83
353,7,47,79
355,5,44,83
352,5,46,83
353,3,47,85
351,6,49,82
354,8,47,79
350,4,54,85
352,9,53,78
351,9,54,77
352,5,61,82
351,3,66,83
350,3,67,87
350,4,61,83
350,1,64,85
349,1,63,85
350,5,62,82
350,3,57,84
349,9,53,78
349,8,55,79
349,7,54,79
348,7,55,79
348,4,55,81
351,7,53,81
347,4,57,83
343,4,61,83
347,4,57,85
351,6,53,82
350,5,54,82
349,4,54,84
351,5,54,85
351,5,52,83
350,3,52,86
350,3,53,90
351,4,52,85
350,3,54,86
351,5,53,85
349,4,55,85
350,3,54,84
349,3,55,87
351,4,53,84
351,5,52,84
351,1,53,90
352,3,52,85
349,1,56,89
352,4,52,83
352,5,52,85
351,5,51,83
351,3,52,87
351,5,53,83
352,2,53,86
352,3,53,87
353,3,56,87
353,2,52,84
352,6,53,80
352,10,52,78
353,7,54,80
354,13,53,73
356,8,55,79
355,1,53,86
355,6,51,80
355,8,55,78
356,10,50,75
356,3,52,83
357,7,53,79
356,2,54,85
357,1,56,85
358,4,50,83
358,6,53,82
359,5,48,82
358,12,50,75
359,4,53,84
359,6,51,82
361,5,53,82
360,14,49,72
361,14,49,72
362,13,47,74
362,14,45,72
364,16,50,71
364,15,41,69
365,17,41,68
365,16,45,68
366,16,46,72
367,16,45,72
368,16,45,69
370,16,44,71
371,13,44,73
371,8,49,77
370,14,43,69
372,15,49,71
370,15,49,71
372,13,51,73
370,8,50,76
372,8,47,74
375,15,47,70
372,7,48,77
375,5,47,79
374,4,48,80
375,0,46,84
373,3,48,80
376,3,45,79
375,2,44,82
374,2,42,83
376,1,43,83
375,1,42,83
377,3,42,84
376,2,42,82
377,2,41,85
378,1,41,82
375,1,43,79
375,1,43,80
376,2,43,76
372,4,47,76
376,2,41,75
377,6,39,74
377,9,40,69
376,10,43,71
376,12,42,69
375,13,39,66
376,13,42,66
375,14,37,66
375,14,36,64
375,13,37,65
374,13,40,67
374,11,42,68
374,12,40,67
371,11,41,68
373,12,40,68
372,12,42,67
371,12,42,67
370,12,40,66
367,15,41,66
367,14,42,64
363,12,46,67
364,16,45,65
363,14,46,65
358,13,49,69
356,14,49,65
356,14,50,66
354,15,51,66
354,15,51,67
352,14,51,67
352,13,52,70
352,11,49,74
352,11,49,75
352,14,46,71
353,13,45,67
352,13,45,65
353,13,44,68
352,13,42,67
351,13,45,69
351,12,43,68
352,13,44,66
351,11,44,69
350,12,44,68
348,12,45,70
349,13,45,68
349,12,45,68
348,14,47,69
348,14,48,69
346,13,47,69
346,15,46,67
348,12,45,70
348,14,46,69
348,11,46,72
346,11,46,72
350,12,45,71
348,13,47,73
348,12,46,72
346,12,47,72
346,14,49,72
346,13,50,72
347,10,49,75
343,14,50,73
344,12,50,73
348,10,48,76
347,6,51,82
344,12,50,76
346,9,51,79
348,12,49,78
349,9,47,81
350,13,49,77
349,7,50,82
348,11,53,80
351,10,51,81
351,10,50,81
353,10,49,83
354,7,49,84
356,14,46,76
356,12,48,81
354,4,49,86
357,14,47,77
354,14,49,78
355,5,51,86
353,8,54,87
353,8,54,87
354,18,52,76
355,12,54,82
354,11,55,83
359,20,49,73
363,18,48,76
358,17,52,77
360,16,50,78
360,19,52,79
361,18,50,79
361,17,50,80
359,12,53,85
357,9,55,87
362,5,48,92
359,2,56,97
360,9,52,89
361,10,55,89
364,12,52,84
368,14,48,84
362,8,53,91
361,4,52,94
365,13,55,85
363,14,54,84
366,17,53,84
368,13,53,86
367,9,52,91
366,4,55,97
366,5,52,94
367,13,56,83
367,19,54,77
366,19,59,79
368,11,59,86
367,6,57,92
369,8,56,90
367,10,61,90
366,3,63,98
368,12,62,90
369,20,62,79
368,19,62,79
368,18,61,80
367,16,66,87
368,19,64,81
367,17,66,85
368,20,62,83
369,17,65,85
365,11,73,93
364,14,70,90
365,12,70,92
365,17,72,88
365,20,66,85
368,21,64,83
369,20,59,83
368,23,63,77
366,22,64,82
364,19,65,87
364,21,63,84
363,19,66,85
362,21,64,86
362,14,65,93
362,9,62,100
360,11,64,96
359,7,61,103
355,9,64,102
356,8,67,100
356,11,64,98
352,11,66,98
353,11,64,97
349,10,70,103
347,10,68,101
352,11,64,96
348,8,71,103
349,9,70,103
350,13,64,99
344,13,70,99
343,12,70,100
341,13,70,99
347,21,63,89
340,15,68,97
340,19,67,93
338,18,67,95
339,20,68,95
337,12,68,102
338,15,67,98
336,16,68,98
336,17,64,98
336,17,67,99
335,15,65,100
335,17,65,100
337,20,62,97
337,12,63,108
334,16,62,102
333,11,63,108
333,17,61,100
332,22,63,95
332,12,61,106
332,14,62,107
329,27,60,90
329,22,61,94
328,9,63,108
329,15,63,105
330,14,59,108
327,20,62,99
329,24,58,95
327,28,59,91
331,28,60,94
329,29,63,95
324,23,65,101
331,14,60,113
330,10,59,119
331,19,61,108
332,14,57,111
332,18,60,111
330,14,64,115
333,19,60,108
330,12,63,119
328,9,69,126
333,13,64,119
331,11,63,120
331,12,63,118
331,8,63,124
332,14,65,120
326,17,70,121
331,11,63,125
329,8,63,129
331,13,64,120
332,12,68,122
330,9,69,129
335,12,62,121
335,12,63,123
335,10,65,125
330,14,69,123
334,24,64,109
334,20,68,114
335,24,64,109
335,22,68,111
338,19,65,113
336,20,66,119
338,33,64,102
335,35,69,102
337,35,68,101
337,34,69,102
337,36,67,102
340,35,67,105
337,36,69,105
339,36,68,103
339,38,70,101
340,37,67,102
338,40,70,101
336,36,70,104
338,38,70,103
335,38,72,104
336,40,73,102
335,39,75,102
334,38,78,109
332,40,77,108
335,39,74,105
335,38,73,110
336,40,73,108
334,38,71,109
334,40,75,111
332,38,72,109
330,39,76,110
336,38,70,109
333,41,76,106
332,41,73,108
332,40,72,110
331,40,72,109
331,41,74,108
330,40,75,111
333,42,76,116
331,41,77,111
331,41,75,112
330,39,76,118
333,42,78,117
331,43,76,112
333,41,75,118
332,41,74,117
332,39,77,117
326,40,79,122
330,41,82,120
330,42,78,121
333,44,75,121
331,44,76,118
331,40,75,122
331,44,79,120
334,44,74,119
334,41,79,120
331,45,78,117
336,46,77,116
334,44,78,114
332,43,81,121
331,45,80,121
335,45,81,123
334,47,77,119
331,44,82,127
333,46,76,122
335,44,78,120
331,44,83,125
333,44,85,127
332,45,84,126
333,47,80,122
330,47,86,124
333,47,83,124
332,47,84,123
330,46,84,128
334,47,86,130
334,46,82,128
334,49,87,129
331,47,85,130
331,49,83,131
331,47,85,133
333,49,86,131
332,48,85,131
333,49,85,130
332,46,84,134
335,50,86,129
333,49,82,134
332,50,88,131
335,52,85,133
334,50,87,136
333,50,87,135
332,50,89,138
333,53,90,135
334,50,87,140
332,50,90,141
331,43,88,147
331,45,88,148
330,47,92,144
326,40,96,156
325,36,96,158
328,48,93,147
328,44,97,153
326,40,94,159
325,44,95,153
323,48,100,149
326,48,96,151
322,47,100,150
320,45,101,152
319,51,99,152
322,46,95,156
323,56,97,144
323,57,95,143
321,54,97,150
319,55,96,149
318,57,96,147
322,60,95,147
317,58,99,149
316,54,97,154
316,49,99,164
314,53,99,156
315,52,93,160
315,57,97,154
310,58,100,156
309,56,104,157
309,54,98,162
308,58,102,155
310,55,104,159
303,44,104,174
307,60,105,156
303,49,106,172
304,58,107,161
303,47,109,179
302,44,106,181
296,51,116,174
306,62,103,167
304,67,106,156
299,67,112,160
305,69,103,163
300,67,108,164
309,67,106,163
300,61,109,173
300,49,111,191
304,40,110,199
304,42,107,193
302,41,109,198
301,48,109,195
301,40,110,206
299,47,109,199
296,70,112,173
303,73,110,172
297,73,113,171
303,54,109,197
302,75,111,175
301,55,118,195
304,57,111,197
298,58,115,197
301,59,119,197
299,60,115,198
302,57,115,203
301,55,113,203
301,53,118,215
298,69,117,193
303,67,114,195
301,77,119,185
298,76,122,189
299,75,119,185
297,79,122,193
297,80,125,186
296,76,127,194
297,82,119,189
296,86,123,187
298,84,123,189
296,86,125,191
298,87,127,189
292,85,129,190
293,91,132,188
296,94,127,193
291,93,130,191
288,85,133,203
294,91,130,200
293,90,129,194
293,93,124,190
287,94,138,204
287,67,140,226
285,91,132,207
281,94,142,209
279,97,143,205
276,97,148,212
281,95,139,209
287,98,137,216
275,99,145,211
273,90,146,226
270,77,149,236
262,57,157,261
267,68,148,257
259,71,158,253
260,70,154,248
259,72,154,250
258,81,157,247
264,107,153,220
256,103,161,223
249,105,158,225
250,103,159,223
251,105,159,230
248,100,163,238
247,117,163,224
245,101,160,241
238,91,163,252
239,117,158,228
246,116,160,229
240,105,164,247
241,108,157,240
234,105,166,246
234,93,159,265
230,110,162,244
232,118,154,232
234,117,162,238
226,115,159,239
228,115,161,243
232,116,167,244
229,118,161,240
231,119,160,241
230,104,162,257
231,83,162,275
233,79,162,278
230,98,159,269
222,85,166,280
228,88,167,279
228,111,167,250
230,99,167,268
231,113,158,247
228,109,170,251
231,107,155,246
234,110,158,248
224,109,158,243
230,95,154,265
225,103,159,251
224,115,164,243
221,119,161,236
228,114,169,245
225,108,155,253
228,98,160,259
227,94,157,268
225,99,159,266
220,88,162,275
224,107,173,259
220,112,163,253
227,100,160,261
222,107,171,257
224,100,159,260
220,88,160,278
224,88,161,274
214,118,168,249
219,107,162,251
226,114,157,255
219,109,154,259
223,100,163,268
220,121,163,244
213,115,172,247
216,121,158,240
220,105,164,257
213,109,164,260
220,121,165,244
223,114,168,255
207,117,171,251
204,110,182,256
218,118,155,255
211,117,169,242
206,115,171,252
206,109,183,264
210,122,164,247
202,122,178,246
199,113,178,254
200,120,174,250
193,117,183,255
192,123,184,248
182,128,182,249
186,124,181,244
188,125,178,253
182,123,185,248
186,127,186,247
180,122,195,253
174,131,204,244
173,131,206,254
171,128,193,241
170,127,184,249
168,125,189,255
170,118,188,263
155,129,203,256
157,118,214,275
147,115,229,274
148,112,225,281
159,122,215,275
146,74,224,314
144,82,225,303
156,83,211,304
156,82,206,309
152,110,206,278
152,88,195,301
151,91,207,299
128,113,217,278
128,117,226,267
141,109,211,278
140,102,192,294
142,105,204,293
130,97,190,294
138,99,190,298
144,115,200,277
133,99,222,306
129,91,216,303
130,88,226,304
125,90,241,311
129,98,234,313
128,92,241,319
132,95,243,307
132,89,234,313
134,86,242,325
132,93,235,319
129,106,243,305
133,111,241,299
128,97,243,310
134,108,238,305
128,108,203,308
137,121,240,301
125,116,208,303
130,132,170,291
132,117,171,309
140,119,170,299
142,118,163,297
143,124,167,305
133,128,186,305
133,143,189,284
131,151,200,275
132,143,203,287
137,130,207,297
142,134,212,291
145,146,215,288
139,135,217,295
156,152,211,276
158,137,210,299
159,142,219,285
164,143,230,288
170,138,223,285
184,150,215,287
177,155,224,283
183,141,227,294
176,155,237,275
184,155,236,263
194,150,234,290
197,129,241,301
204,150,236,281
209,146,233,288
209,146,242,279
218,157,236,274
223,112,241,316
227,95,238,326
227,89,250,337
233,75,261,356
231,102,238,326
230,115,250,312
233,75,256,353
238,78,252,348
241,85,260,348
235,83,263,340
242,97,258,328
241,89,264,332
229,89,274,340
235,89,264,341
231,94,274,328
241,88,259,329
250,101,249,322
236,88,268,334
241,97,261,320
257,96,242,325
267,88,233,337
273,85,220,341
270,89,219,340
236,87,252,338
242,105,256,322
241,94,241,333
241,90,250,338
231,92,262,334
229,89,247,327
232,103,253,319
222,86,268,331
227,100,252,314
227,91,264,325
222,92,255,327
226,111,252,304
219,101,261,312
217,103,257,318
221,112,253,310
220,108,256,317
218,106,242,314
216,98,253,322
211,115,247,311
211,106,252,319
214,133,249,294
211,102,251,323
212,119,248,306
211,114,247,314
212,119,241,310
208,104,246,323
211,137,244,289
205,118,246,300
202,123,246,301
206,147,243,278
200,117,249,303
199,129,247,294
202,131,249,283
198,134,251,290
202,125,246,300
198,118,249,304
200,141,245,285
207,154,243,277
207,154,244,272
203,156,244,266
204,158,245,266
204,155,249,265
213,161,243,265
215,173,244,254
214,162,252,261
210,164,254,265
222,176,237,257
220,182,248,247
219,171,244,257
213,139,259,288
210,119,262,316
209,164,258,274
214,154,270,289
206,113,273,319
207,98,273,327
209,107,275,317
200,104,289,322
202,99,287,324
196,114,296,320
197,96,297,324
183,116,319,311
186,117,305,316
190,121,304,318
188,149,282,288
186,170,269,251
187,179,269,243
179,203,278,220
177,163,268,259
182,147,263,277
181,142,270,279
176,155,280,273
190,143,277,278
185,166,260,258
191,156,272,271
173,160,275,273
176,166,273,269
168,161,271,261
166,171,279,265
180,168,265,260
171,178,275,260
166,175,274,260
149,175,292,259
140,173,306,254
149,199,300,239
140,197,299,232
136,206,302,232
126,212,314,227
121,203,317,229
127,212,315,226
118,208,319,222
117,215,318,226
112,215,321,210
111,223,316,206
133,229,290,195
111,231,305,201
106,238,304,194
105,246,301,186
108,250,292,180
96,255,296,176
84,258,284,170
84,267,283,165
67,269,270,157
49,278,244,155
33,278,195,151
29,291,196,139
22,294,196,139
31,311,182,126
15,320,192,112
32,317,168,112
18,318,185,108
5,323,194,107
5,320,197,110
5,322,192,106
7,324,182,110
3,325,186,107
12,323,178,105
10,327,176,110
9,326,180,107
5,325,182,106
7,325,174,105
6,328,177,103
10,332,168,102
8,333,173,96
3,332,174,100
4,327,174,103
7,331,171,103
3,331,178,97
9,331,175,99
6,330,173,98
8,343,173,88
2,356,179,75
11,370,170,62
16,386,150,47
16,386,150,47
16,386,150,47
16,386,150,47
16,386,150,47
16,386,150,47
16,386,150,47
16,386,150,47
16,386,150,47
16,386,150,47
16,386,150,47
16,386,150,47
16,386,150,47
16,386,150,47
16,386,150,47
16,386,150,47
16,386,150,47
16,386,150,47
16,386,150,47
16,386,150,47
16,386,150,47
16,386,150,47
16,386,150,47
16,386,150,47
16,386,150,47
16,386,150,47
16,386,150,47
16,386,150,47
16,386,150,47
16,386,150,47
16,386,150,47
16,386,150,47
147,376,158,57
147,376,158,57
-52,360,151,72
-52,360,151,72
-52,360,151,72
56,188,125,54
129,157,137,61
71,83,125,65
-1,61,142,76
3,95,115,83
-11,83,99,100
-1,62,77,99
3,87,72,85
4,124,65,67
6,181,78,69
6,181,78,69
6,181,78,69
6,181,78,69
6,181,78,69
6,181,78,69
6,181,78,69
6,181,78,69
6,181,78,69
6,181,78,69
6,181,78,69
6,181,78,69
6,181,78,69
6,181,78,69
6,181,78,69
6,181,78,69
6,181,78,69
6,181,78,69
6,181,78,69
6,181,78,69
6,181,78,69
6,181,78,69
6,181,78,69
6,181,78,69
6,181,78,69
6,181,78,69
6,181,78,69
6,181,78,69
6,181,78,69
6,181,78,69
6,181,78,69
6,181,78,69
