305,233,229,127
302,237,230,131
309,242,227,119
304,240,231,122
302,244,233,121
301,245,231,117
303,241,234,120
302,241,233,126
303,241,228,122
300,233,236,133
308,239,225,127
302,246,232,117
303,246,230,118
303,244,232,118
302,243,233,121
304,239,233,124
302,243,233,120
301,242,234,118
303,237,232,126
305,236,228,129
304,237,228,127
303,241,233,124
305,246,230,115
303,242,233,119
299,244,232,119
304,242,231,124
302,236,231,127
307,234,227,130
302,235,233,128
301,239,233,125
300,234,233,129
303,242,232,120
302,243,235,121
304,242,228,119
301,235,233,130
304,234,231,131
303,232,228,135
307,235,224,132
305,235,228,128
304,236,230,129
300,236,233,130
305,244,234,117
301,243,234,124
305,246,231,116
304,238,230,126
301,241,232,123
302,241,233,123
302,239,229,126
301,241,233,121
302,242,232,121
302,242,232,122
309,241,223,121
302,241,233,122
304,243,232,121
307,243,225,123
304,242,233,124
301,246,231,121
305,234,228,130
302,235,229,129
304,239,230,125
300,240,231,125
301,237,232,126
302,239,231,124
304,235,226,131
302,238,233,127
300,237,231,126
303,241,228,125
304,242,229,120
303,241,231,124
298,238,233,124
305,237,231,128
302,243,229,120
303,241,232,119
301,240,228,125
302,237,234,127
301,237,232,126
304,239,228,127
303,240,230,122
302,243,227,117
304,249,232,114
304,246,231,118
302,243,231,119
300,244,234,119
307,244,232,118
305,235,229,128
304,234,232,128
307,242,228,119
304,248,230,116
300,238,232,124
307,242,229,120
302,243,231,119
306,239,235,123
303,245,234,118
301,238,232,124
307,236,228,128
304,241,228,122
308,237,230,124
303,244,235,118
302,245,236,115
307,245,229,115
301,248,230,114
306,246,233,112
304,243,228,118
306,250,233,112
305,251,230,108
310,246,227,114
312,241,225,120
309,240,231,121
319,234,226,127
315,242,228,118
309,237,228,127
321,239,225,122
314,241,227,121
316,239,230,123
317,239,229,123
317,233,230,131
320,238,228,125
317,235,230,127
315,236,233,126
317,234,233,128
321,228,225,134
317,235,230,126
320,236,231,123
316,232,232,131
322,237,231,125
318,234,235,126
320,235,232,124
318,236,235,123
313,240,236,121
322,234,233,129
318,239,233,123
320,236,233,128
319,230,236,135
313,225,234,146
323,221,240,144
318,228,235,134
319,232,234,131
322,235,232,126
317,236,236,128
321,236,236,129
319,236,240,129
321,240,238,125
326,232,233,137
319,232,237,137
325,235,236,135
318,231,239,138
325,230,235,140
320,231,232,138
323,231,239,143
327,225,232,146
326,232,230,138
327,233,240,137
324,227,237,144
328,226,231,145
324,234,236,138
328,230,238,143
328,241,231,129
325,239,235,129
326,233,235,139
328,230,231,141
329,232,226,142
336,234,226,138
327,233,230,138
335,238,225,131
326,228,230,144
332,233,230,136
327,232,232,141
332,229,224,142
331,234,229,141
327,231,231,140
329,226,228,147
328,227,227,145
334,232,223,137
325,238,227,132
330,235,230,136
322,237,231,132
328,227,229,142
329,227,223,145
328,232,223,136
328,235,220,137
325,236,227,134
322,232,229,137
328,233,220,138
323,228,222,141
324,228,221,145
323,230,223,142
320,234,225,134
326,232,216,139
325,233,215,136
325,236,213,133
322,231,220,137
321,223,215,146
321,230,217,136
318,227,217,143
319,226,214,142
319,228,212,137
320,227,207,143
317,228,211,141
314,231,212,138
316,230,209,137
316,239,207,124
316,230,204,135
312,230,207,137
314,231,202,134
310,228,207,137
311,224,202,142
309,232,204,132
309,235,199,128
307,227,204,135
307,225,202,139
302,224,203,138
301,216,203,147
302,227,203,133
301,221,198,141
300,223,198,143
297,221,199,146
296,223,199,143
298,222,200,139
294,231,198,132
297,218,194,143
297,230,193,133
296,241,191,119
292,231,193,126
295,236,187,120
293,231,185,127
294,227,185,134
293,220,188,138
287,226,189,134
286,224,184,135
289,225,180,132
287,226,180,132
285,217,179,143
287,226,182,132
287,221,179,136
287,225,177,134
284,224,177,132
283,221,175,136
280,225,176,132
285,219,173,137
280,225,171,132
280,229,172,127
280,217,169,137
276,228,172,127
272,221,166,135
282,218,160,138
275,224,167,130
271,221,165,135
283,219,161,136
274,224,160,131
276,215,158,139
274,220,157,136
275,219,153,133
273,217,156,135
276,224,155,131
269,222,157,131
275,224,148,125
271,223,152,128
273,228,149,122
268,222,151,125
271,221,149,130
272,224,142,124
270,223,146,126
271,218,146,128
269,232,145,116
268,223,145,123
271,221,142,127
265,220,148,130
267,227,144,123
268,225,145,123
265,225,143,123
266,221,148,126
264,220,146,127
268,215,145,132
264,224,142,120
267,220,141,126
272,220,135,129
267,221,138,127
263,220,144,126
267,222,144,124
263,226,144,120
262,222,141,123
269,217,138,127
265,226,141,121
262,222,141,124
268,223,138,122
265,222,138,125
265,226,140,120
265,225,141,121
265,222,142,123
267,223,142,123
265,223,142,124
266,223,139,125
268,218,138,128
265,227,143,120
266,226,146,119
265,218,146,129
269,220,141,130
267,220,144,125
268,222,143,128
271,215,140,129
269,220,146,129
271,216,144,134
270,216,142,132
272,226,145,125
272,219,146,131
272,231,149,119
269,227,148,124
275,219,146,131
272,225,151,127
275,229,150,123
277,227,150,125
276,226,153,128
275,224,155,128
277,223,156,131
276,223,155,131
278,229,155,124
278,222,156,132
281,225,157,132
276,225,164,131
280,226,164,130
271,229,165,125
281,230,162,124
276,230,161,125
283,223,162,133
282,225,167,131
279,224,170,133
282,229,171,127
282,222,171,137
279,218,173,142
287,228,169,132
282,229,171,129
288,225,172,132
282,231,175,127
285,224,177,135
287,215,175,147
286,223,180,138
287,227,182,132
285,233,180,122
291,226,178,135
289,228,182,130
288,225,183,133
289,225,183,137
290,234,188,123
288,234,189,121
292,228,185,132
287,226,191,137
285,228,191,136
292,236,196,126
288,235,197,125
294,227,195,137
290,222,200,142
292,224,207,140
292,226,200,140
300,221,204,144
298,211,201,155
296,220,207,150
301,221,202,146
299,222,204,142
300,225,203,141
298,226,210,138
300,228,210,135
300,231,211,133
304,227,211,138
302,226,211,139
302,227,217,141
304,224,215,146
304,222,219,147
304,221,215,147
306,227,219,142
308,236,218,131
313,240,220,126
304,238,228,127
312,245,225,122
308,241,230,126
310,245,230,121
311,240,227,127
315,239,228,126
310,241,230,128
317,233,228,132
319,241,226,122
321,236,222,132
322,228,223,141
320,234,223,130
319,235,230,127
321,238,229,125
320,243,233,119
321,237,232,124
319,231,235,130
329,233,224,131
322,236,229,126
324,230,232,133
325,231,225,135
327,236,229,128
325,242,228,121
328,237,229,126
325,231,229,134
331,226,221,138
330,229,219,136
330,232,227,127
325,235,226,124
329,231,223,128
326,233,230,126
327,238,228,120
328,232,223,127
334,228,218,129
328,229,216,127
335,231,213,128
335,235,208,121
328,229,218,127
334,231,214,126
327,237,219,117
334,235,214,120
329,225,216,131
336,227,208,126
336,229,207,125
334,235,208,118
337,232,209,122
336,236,202,116
339,234,204,121
340,233,203,122
338,231,202,123
339,241,201,110
341,240,201,112
342,241,198,110
339,243,203,108
343,235,201,117
337,228,200,125
344,230,195,121
341,234,194,120
346,229,192,124
346,226,193,124
345,237,193,115
346,235,193,118
348,242,188,107
350,238,187,111
351,240,189,107
350,240,189,109
353,237,185,112
357,236,177,115
358,235,179,118
359,237,181,111
362,240,176,107
360,231,176,115
364,231,175,118
361,233,171,116
361,231,170,118
363,236,171,112
362,232,172,119
363,229,165,120
366,230,162,120
370,231,164,118
366,231,164,120
365,225,165,125
369,226,159,124
363,223,163,128
370,235,158,109
369,232,162,109
370,237,162,110
370,236,161,111
369,227,159,121
366,233,161,113
369,233,161,114
367,233,160,119
369,232,163,114
370,232,160,117
367,231,159,120
366,227,164,121
365,227,165,124
362,226,165,121
360,227,167,122
365,238,168,111
363,238,165,104
361,236,165,111
363,240,162,104
363,239,163,106
362,238,161,110
360,241,166,105
358,237,167,113
358,233,163,119
355,234,172,115
355,234,164,117
357,235,170,114
354,236,166,115
356,235,168,116
351,238,171,110
354,236,167,114
351,240,171,111
352,235,167,114
350,237,167,115
350,231,168,125
349,238,170,110
348,231,165,122
348,237,167,115
342,238,172,111
340,234,171,117
343,234,168,121
342,236,170,120
339,230,174,124
340,233,175,120
337,235,170,117
334,230,173,123
333,231,176,123
330,234,175,119
323,235,181,116
324,238,180,111
326,234,177,120
318,231,183,123
320,237,180,121
320,234,176,122
317,230,180,124
318,217,176,142
311,214,180,148
315,219,178,141
308,222,185,137
309,236,183,119
307,228,185,126
306,231,183,124
304,226,186,127
304,230,186,126
297,229,187,128
301,231,189,127
298,236,188,125
295,237,191,122
298,238,186,125
294,233,185,131
288,235,194,128
290,232,189,132
287,242,197,117
280,236,195,128
282,239,197,125
282,233,190,136
279,236,194,128
275,234,200,132
274,238,197,130
270,238,203,125
273,234,195,133
269,240,198,124
264,236,208,125
263,237,203,124
265,233,206,127
263,235,204,122
255,233,211,131
266,233,204,127
258,227,208,136
256,229,207,130
255,228,210,135
250,231,214,127
254,230,210,129
244,237,214,120
254,234,213,125
246,228,208,130
254,228,206,127
242,234,209,124
252,225,208,132
250,229,201,127
248,225,208,131
247,232,209,123
248,227,208,126
250,233,208,119
247,232,206,121
250,230,204,122
253,226,197,125
251,229,200,122
252,225,199,127
254,229,195,123
256,233,194,117
255,226,196,123
255,221,188,130
258,225,192,124
260,227,187,122
257,228,190,120
264,227,184,121
263,220,184,130
262,224,182,122
264,220,180,123
264,226,175,121
263,220,181,126
262,223,178,125
270,221,171,126
266,222,178,125
265,217,177,132
264,226,175,118
266,222,170,124
270,219,170,126
268,220,171,128
269,222,173,124
267,227,171,117
269,224,168,120
273,216,171,132
268,221,172,126
268,217,165,129
270,220,167,122
269,222,164,121
272,226,164,120
274,217,161,129
270,221,164,124
271,219,164,121
274,219,158,125
279,219,155,127
276,214,153,132
278,218,154,128
276,217,154,127
276,218,152,125
283,221,149,122
277,220,142,124
287,213,137,131
287,222,137,123
290,221,127,122
289,220,132,127
287,225,130,119
293,227,131,117
289,224,124,117
294,226,126,117
294,225,124,119
293,224,122,123
294,225,120,116
296,224,119,117
292,217,121,128
297,223,117,120
295,220,115,119
298,214,113,125
295,222,115,117
297,222,112,117
298,221,111,119
297,224,111,114
298,223,109,116
295,219,110,120
295,223,111,117
293,228,109,111
295,226,107,111
295,221,106,114
296,225,105,113
295,213,104,124
294,224,105,113
294,222,105,116
295,222,103,116
295,225,103,115
295,223,101,114
294,215,101,124
293,221,104,118
293,220,102,116
293,224,100,112
295,226,99,110
293,215,101,121
295,219,99,118
293,208,101,128
294,221,98,115
293,225,96,110
295,220,96,116
295,218,94,116
294,215,94,119
292,212,95,122
293,210,96,125
293,216,95,116
294,203,94,130
295,194,94,139
295,180,95,151
293,162,101,167
294,166,97,165
301,166,86,165
293,161,99,169
298,178,91,152
294,163,96,168
297,153,91,174
298,175,90,155
299,163,85,167
299,171,86,160
298,159,90,169
301,162,85,170
302,170,85,156
296,190,90,137
299,184,90,142
298,178,87,149
300,166,88,159
304,170,80,159
302,185,82,140
303,167,79,160
305,172,75,155
304,161,74,164
305,168,71,158
307,156,65,167
307,158,69,170
308,153,67,172
307,158,68,167
307,152,66,166
307,161,65,159
307,162,66,160
306,158,67,163
304,161,70,161
300,168,75,154
298,166,76,160
297,160,77,162
294,166,83,160
295,160,80,157
292,175,88,144
288,165,91,155
286,166,94,152
284,166,98,155
280,166,103,155
280,165,103,154
277,179,112,135
276,176,109,141
276,164,111,153
276,161,109,155
277,168,114,153
273,169,114,148
276,168,111,149
273,169,116,151
272,167,123,146
274,175,126,140
274,170,131,137
275,176,127,138
274,176,138,136
274,172,135,140
274,177,139,137
278,180,133,130
273,183,143,128
275,189,146,121
272,201,149,110
272,209,148,100
275,208,144,99
276,201,146,108
276,190,145,120
277,194,147,118
277,188,149,124
283,173,144,141
279,189,142,122
287,174,139,142
282,179,145,133
283,185,144,127
288,173,141,141
287,171,137,143
290,177,135,139
288,173,137,143
282,179,146,138
288,173,139,141
290,168,136,150
287,182,138,136
289,180,143,134
287,174,143,140
286,192,143,125
282,179,153,136
288,179,142,133
286,171,148,146
291,180,138,137
294,180,139,137
291,177,137,138
293,170,135,147
285,182,143,134
276,196,160,119
286,188,149,128
298,173,138,145
298,177,133,138
293,169,140,149
298,162,135,154
297,159,137,156
308,172,127,141
294,163,139,151
309,174,124,141
315,179,120,136
321,188,115,126
330,205,110,105
326,217,113,92
336,223,107,86
343,216,100,94
353,222,89,86
356,219,85,86
358,218,83,89
356,216,89,90
356,215,88,92
366,219,79,89
366,213,78,92
369,216,78,90
374,216,76,90
380,215,69,92
382,217,66,91
387,217,63,95
390,218,61,95
394,219,58,92
398,221,53,92
388,219,65,94
398,236,57,83
402,234,55,83
405,244,51,72
413,244,44,68
413,244,44,68
413,244,44,68
413,244,44,68
413,244,44,68
413,244,44,68
413,244,44,68
413,244,44,68
413,244,44,68
413,244,44,68
413,244,44,68
413,244,44,68
413,244,44,68
413,244,44,68
413,244,44,68
413,244,44,68
413,244,44,68
402,221,47,81
392,224,56,87
391,230,65,81
392,224,65,87
387,222,73,89
383,226,82,85
385,228,80,84
381,224,85,90
387,224,77,88
392,222,73,94
380,216,84,99
379,213,88,102
390,221,76,92
392,220,72,96
392,220,73,94
390,217,73,97
397,220,63,92
394,219,69,102
402,218,60,100
403,218,57,105
406,217,57,110
408,216,55,108
407,217,55,107
406,218,57,106
408,217,56,110
394,217,72,106
399,227,66,95
381,222,81,96
396,221,69,100
378,226,83,89
379,221,88,98
385,210,84,113
374,206,92,116
374,198,93,126
373,186,95,139
374,170,92,156
375,156,89,174
373,150,90,180
372,156,93,176
376,161,92,171
373,155,92,176
378,155,90,180
375,152,91,182
374,157,90,176
377,153,86,181
378,163,85,171
373,158,90,176
375,154,88,183
377,156,86,183
374,157,86,181
375,156,87,182
375,178,91,162
378,160,85,181
376,164,90,176
374,156,87,185
374,165,89,180
373,157,90,184
376,168,88,177
373,182,93,166
376,165,84,182
374,158,87,192
370,155,90,191
370,162,90,187
368,153,91,201
370,160,90,194
370,149,89,205
372,149,83,206
368,161,89,189
370,152,86,203
367,147,89,207
368,153,84,202
371,160,80,197
363,152,88,207
364,155,87,202
367,156,81,203
369,151,79,205
371,165,75,194
364,150,83,209
363,149,83,210
367,152,78,209
365,148,81,213
363,147,82,213
366,146,81,217
363,143,81,220
364,142,76,224
364,144,79,221
365,140,77,224
363,144,79,226
360,143,81,220
360,142,83,221
360,149,81,212
358,148,82,212
359,144,79,218
359,140,81,222
359,146,82,218
359,146,79,216
358,145,80,218
359,143,79,222
358,142,78,223
356,141,81,217
356,142,82,223
356,142,81,219
358,144,78,211
357,145,82,216
355,144,83,216
355,144,85,220
356,141,85,228
356,146,82,218
355,145,84,221
354,143,85,225
356,146,85,217
356,150,83,219
354,154,83,206
356,150,83,213
352,148,87,223
351,143,90,226
353,149,89,227
350,152,91,220
349,146,90,225
351,147,90,228
350,151,90,222
348,145,91,232
348,145,90,227
348,148,89,231
347,149,92,224
349,148,89,226
347,154,89,214
343,141,94,236
345,150,91,223
347,150,90,226
344,146,94,228
345,147,90,233
346,149,91,227
346,152,90,221
346,149,90,226
345,149,92,227
346,147,92,229
342,143,96,233
343,150,94,223
343,147,93,229
343,150,95,224
342,153,97,218
344,156,92,217
345,147,92,228
343,150,94,222
343,153,95,217
342,150,97,219
343,159,96,209
344,148,93,221
343,152,97,215
344,153,96,215
344,152,97,211
341,152,100,213
346,156,92,210
344,154,98,212
345,155,94,216
345,154,97,211
347,155,96,214
348,164,95,204
348,152,93,213
347,158,98,203
349,160,94,201
349,159,97,195
348,159,101,196
350,153,97,204
351,168,97,189
355,166,93,194
353,160,94,197
353,160,99,196
353,159,97,198
353,164,99,191
354,159,97,191
353,157,98,199
353,158,100,195
353,154,99,197
353,153,99,199
353,163,99,183
356,158,98,190
356,166,98,180
356,165,100,178
355,159,103,188
356,163,98,181
358,165,98,175
355,159,101,183
357,160,99,180
359,165,98,178
362,161,94,180
357,161,102,180
361,162,96,175
358,167,102,171
356,159,105,177
355,163,103,171
357,166,105,168
356,169,100,162
359,168,105,164
356,162,102,171
354,163,103,167
352,164,107,165
356,161,103,168
354,161,104,164
353,168,105,157
354,165,108,157
356,160,101,164
356,165,107,159
354,163,103,160
356,159,98,159
358,165,96,156
359,159,95,161
358,164,95,154
359,164,94,156
360,165,96,155
361,165,94,155
361,162,94,156
362,162,95,161
362,167,95,156
362,164,98,155
363,166,94,155
363,156,94,164
363,160,93,164
366,160,96,162
364,162,95,159
368,165,91,156
367,160,92,162
368,161,90,159
367,162,93,160
368,157,89,164
368,161,91,160
368,162,92,157
369,164,88,158
369,160,91,158
367,161,93,159
368,154,87,163
370,166,89,158
368,157,92,165
370,163,90,159
368,163,93,157
368,163,93,160
369,158,90,163
369,158,90,168
372,160,85,161
371,158,88,167
371,155,85,167
368,159,88,163
371,160,86,162
368,158,88,169
368,155,88,166
367,163,89,162
371,159,85,163
370,156,86,167
369,158,88,170
370,155,86,172
370,158,85,170
369,158,87,166
367,156,89,167
368,157,87,172
369,159,87,169
369,158,88,167
368,157,87,170
367,154,88,172
367,159,87,172
367,157,87,172
369,158,87,173
368,155,88,175
369,157,87,174
367,158,88,172
365,155,91,178
366,154,89,180
366,152,90,182
366,155,88,178
366,156,91,179
366,154,87,181
366,157,88,174
366,157,90,174
366,154,88,181
367,155,87,180
364,155,89,181
366,155,91,182
366,158,88,177
367,156,87,180
367,159,86,177
366,157,92,174
368,158,88,178
369,158,89,180
367,160,91,182
367,159,95,185
369,158,91,188
369,154,90,188
369,160,89,187
367,156,92,191
369,156,88,194
370,157,88,193
369,158,92,192
371,158,89,193
374,158,86,192
377,160,83,192
372,159,90,193
376,159,82,197
376,160,82,194
378,161,82,194
379,159,81,197
380,158,79,200
381,161,78,197
382,161,78,197
381,160,81,196
380,163,80,197
380,171,82,186
382,164,80,193
383,171,80,186
382,165,81,190
385,162,79,195
386,161,77,196
385,164,78,194
387,164,79,192
386,166,79,188
385,168,80,190
386,162,79,192
387,173,80,184
388,163,79,193
388,167,79,188
390,180,77,176
391,171,75,183
394,174,73,180
394,173,73,180
395,176,73,177
396,171,74,184
396,166,75,189
395,163,78,192
396,169,77,188
398,170,76,184
396,172,79,183
397,176,80,180
397,177,79,176
399,178,79,175
396,167,83,183
396,172,82,184
398,166,80,192
398,169,83,185
396,165,82,188
395,173,85,184
396,186,83,167
395,192,84,162
396,205,83,145
394,214,86,138
396,213,86,139
394,221,87,129
395,220,85,130
397,210,83,144
397,206,85,147
397,217,83,135
395,227,87,122
395,223,88,127
394,222,89,128
393,235,92,114
395,224,91,127
393,225,90,126
394,218,92,135
396,213,93,139
394,218,96,132
393,227,95,125
394,214,94,138
393,220,99,130
393,215,100,138
391,219,102,132
395,215,97,132
394,216,97,135
392,227,96,124
392,229,91,121
391,233,92,118
391,232,91,119
390,242,95,107
392,229,90,122
390,239,93,113
392,235,88,115
390,240,88,109
389,244,94,105
391,233,91,117
388,241,93,107
389,247,93,101
388,252,90,94
389,259,89,90
389,251,90,97
390,258,86,89
390,259,85,86
391,249,83,97
391,255,84,91
391,248,83,100
393,242,80,105
393,237,77,111
396,237,76,112
398,231,70,122
398,233,68,118
399,235,68,114
403,237,60,114
405,235,57,118
406,231,53,123
408,235,52,115
410,235,48,115
411,228,50,123
415,229,47,121
418,232,45,118
414,235,47,108
421,236,40,111
418,240,40,111
419,228,40,102
420,231,39,93
415,238,43,107
415,239,43,114
418,241,41,118
414,225,45,131
416,227,46,134
414,228,48,132
416,227,49,136
415,227,54,137
415,227,57,136
415,226,61,140
414,215,69,148
414,217,75,150
416,222,74,145
417,222,73,147
416,226,74,142
418,225,75,143
417,225,76,144
419,230,75,142
419,223,77,148
418,227,80,147
419,222,80,148
421,228,77,144
419,226,84,145
422,219,82,157
422,221,80,157
421,226,85,150
423,225,84,152
422,219,91,157
421,221,91,157
422,217,92,160
420,208,98,172
419,191,100,192
419,189,101,198
418,190,103,194
420,188,105,193
421,187,109,202
419,165,110,222
419,162,113,224
420,153,113,232
420,171,119,213
416,172,122,215
417,156,122,234
418,157,121,241
420,152,124,236
417,187,136,203
413,192,139,198
416,199,141,188
415,223,151,165
414,224,149,162
410,228,158,156
411,232,156,154
410,234,162,151
407,233,170,155
406,233,171,155
400,233,180,156
399,239,184,146
395,232,188,153
396,232,195,155
389,231,200,152
390,223,200,162
389,224,205,161
383,230,208,153
389,223,204,161
385,230,213,153
381,231,218,146
380,228,212,156
380,226,219,155
377,240,225,139
374,237,220,136
374,225,218,149
367,228,233,148
368,229,233,143
361,234,238,142
365,230,231,143
361,220,234,153
363,215,232,161
360,231,239,140
353,235,242,141
355,224,240,149
362,233,231,143
353,215,245,160
355,225,239,149
354,233,240,143
357,231,238,141
351,232,237,142
355,232,236,141
356,241,231,130
349,238,241,137
351,249,236,124
349,243,237,129
351,252,239,116
353,249,237,121
351,245,235,126
351,248,238,122
349,235,234,135
354,241,234,131
350,249,234,127
353,246,232,127
350,241,236,132
354,245,231,127
352,248,236,124
349,249,238,126
359,240,234,137
350,238,235,135
355,236,227,136
356,246,235,127
354,243,237,127
358,250,233,121
354,255,240,117
355,245,237,128
360,248,236,124
356,248,242,125
360,251,236,121
355,245,241,124
353,242,245,129
360,254,244,118
357,255,242,114
362,248,242,121
362,245,241,124
359,246,249,124
363,244,247,127
365,238,244,134
363,240,251,131
362,239,252,133
366,245,253,126
365,235,254,136
371,225,250,147
370,230,248,142
372,223,247,149
372,228,249,147
372,225,254,148
374,224,252,149
376,236,242,136
374,227,254,147
376,225,254,148
370,226,252,150
378,207,254,169
379,204,247,172
378,213,247,160
379,208,249,170
378,205,247,170
378,216,248,159
380,203,246,174
378,211,247,167
382,213,246,170
381,216,247,165
384,200,243,180
383,207,245,172
382,216,243,161
385,219,241,158
387,220,236,157
387,202,242,179
386,195,243,188
383,206,252,179
387,186,244,198
381,195,244,184
383,203,245,177
389,185,240,194
385,192,250,187
387,190,251,196
385,195,256,186
390,199,242,182
393,187,238,194
392,177,239,206
392,178,251,200
392,176,243,207
396,179,245,203
