473,181,50,28
471,179,54,35
471,180,60,37
471,179,64,35
472,180,62,36
475,178,65,38
475,181,64,36
477,181,60,33
480,180,58,33
483,179,57,34
482,179,57,34
484,179,57,32
484,177,59,33
487,179,60,32
488,176,62,34
489,177,59,37
492,176,59,32
493,175,59,33
497,173,59,32
499,175,61,37
501,174,60,42
501,174,61,43
502,175,63,45
504,175,64,45
504,179,62,39
505,177,61,39
505,178,59,38
501,177,61,36
500,175,60,39
497,174,64,40
495,174,63,37
494,174,62,40
491,174,62,38
490,175,60,35
489,178,64,39
486,178,65,38
488,181,65,40
488,188,62,39
488,195,64,38
489,200,61,38
488,208,65,36
487,210,63,37
488,213,62,36
485,215,64,34
481,214,66,37
477,212,66,35
473,209,62,35
468,204,61,36
458,195,60,36
451,186,60,34
443,174,53,30
434,159,50,29
427,146,51,31
418,131,48,28
414,120,49,26
408,108,49,28
406,99,46,30
396,93,46,30
391,89,47,30
384,86,44,31
379,86,43,32
374,87,41,32
368,90,39,33
362,93,39,33
357,100,37,33
351,107,34,33
345,116,34,35
340,128,34,36
334,140,31,36
329,153,32,39
322,170,31,46
322,170,31,46
322,170,31,46
322,170,31,46
322,170,31,46
322,170,31,46
322,170,31,46
322,170,31,46
322,170,31,46
322,170,31,46
322,170,31,46
322,170,31,46
322,170,31,46
322,170,31,46
322,170,31,46
268,188,35,40
268,188,35,40
268,188,35,40
268,188,35,40
268,188,35,40
268,188,35,40
268,188,35,40
266,194,36,40
266,194,36,40
267,194,35,37
267,192,36,38
265,191,38,37
265,189,38,38
263,186,37,35
242,245,43,34
242,245,43,34
264,175,40,39
264,172,39,47
264,172,39,47
264,172,39,47
264,172,39,47
264,172,39,47
264,172,39,47
264,172,39,47
264,172,39,47
264,172,39,47
264,172,39,47
264,172,39,47
264,172,39,47
264,172,39,47
264,172,39,47
264,172,39,47
264,172,39,47
264,172,39,47
264,172,39,47
264,172,39,47
264,172,39,47
264,172,39,47
264,172,39,47
234,246,53,53
234,246,53,53
266,157,47,40
270,153,42,43
270,153,42,43
270,153,42,43
270,153,42,43
270,153,42,43
270,153,42,43
223,158,43,51
223,158,47,51
223,158,47,51
223,158,47,51
223,158,47,51
223,158,47,51
223,158,47,51
223,158,47,51
223,158,47,51
222,160,50,54
222,160,50,54
222,160,50,54
224,157,62,58
224,157,62,58
225,225,62,72
225,225,62,72
225,225,62,72
225,225,62,72
225,225,62,72
225,225,62,72
225,225,62,72
225,225,62,72
225,225,62,72
225,225,62,72
225,225,62,72
225,225,62,72
225,225,62,72
225,225,62,72
225,225,62,72
225,225,62,72
225,225,62,72
225,225,62,72
225,225,62,72
225,225,62,72
225,225,62,72
225,225,62,72
225,225,62,72
225,225,62,72
225,225,62,72
225,225,62,72
225,225,62,72
225,225,62,72
225,225,62,72
225,225,62,72
225,225,62,72
225,225,62,72
225,225,62,72
225,225,62,72
225,225,62,72
225,225,62,72
225,225,62,72
208,126,65,83
208,126,65,83
208,126,65,83
208,126,65,83
208,126,65,83
208,126,65,83
208,126,65,83
208,126,65,83
208,126,65,83
208,126,65,83
225,122,54,79
225,122,54,79
243,138,45,73
243,138,45,73
246,66,47,70
253,58,40,63
267,45,28,58
274,39,28,51
281,31,26,44
291,30,23,34
298,26,25,30
305,20,24,29
313,18,25,29
322,17,24,29
330,17,25,27
338,20,25,27
346,23,26,28
356,29,25,27
365,35,25,27
371,43,26,27
380,55,28,28
389,68,29,29
395,83,29,29
404,99,31,30
414,121,34,32
422,143,35,32
430,167,38,34
441,194,40,39
455,214,40,40
470,230,43,46
489,245,47,43
509,252,42,44
506,168,42,47
505,170,42,54
524,261,40,44
523,261,45,42
519,254,49,47
515,251,54,49
512,246,54,59
505,242,62,59
505,242,62,59
524,217,51,40
482,244,45,41
470,232,46,41
527,197,48,35
526,191,44,38
527,184,46,31
527,179,46,33
528,175,48,36
528,172,48,38
528,170,48,38
529,168,50,39
528,168,48,40
529,170,48,39
531,172,48,40
529,173,50,39
528,176,49,38
526,180,52,37
522,182,54,37
520,186,53,39
515,188,55,39
507,189,58,32
504,194,55,34
501,198,53,33
500,202,55,32
497,204,54,32
499,204,53,34
500,206,55,36
500,208,62,36
497,210,59,34
495,210,65,34
491,207,68,35
485,208,74,31
481,203,77,32
478,198,76,28
477,188,78,32
471,180,82,34
472,166,74,42
473,155,56,48
472,145,54,54
484,140,44,52
484,131,43,52
486,128,43,54
487,125,39,54
487,123,35,50
489,126,35,50
489,129,35,51
488,130,35,49
491,136,35,47
490,137,37,51
492,142,39,48
494,144,40,52
494,150,42,51
495,155,42,52
493,160,44,47
493,163,45,43
491,165,47,43
492,166,48,39
494,166,49,42
497,168,53,41
500,170,50,45
501,172,53,41
501,177,53,35
503,180,53,34
505,183,46,32
506,186,47,33
506,189,48,32
503,193,46,32
502,193,51,32
499,192,47,29
494,189,51,28
491,182,51,30
489,176,52,30
487,168,45,34
488,161,42,37
488,154,40,35
488,151,42,37
489,148,41,39
487,149,43,41
488,147,43,40
488,151,46,40
490,153,50,42
491,158,52,42
491,168,56,37
490,174,56,36
491,179,59,36
489,184,64,36
492,187,62,35
493,188,61,33
493,185,55,32
498,182,52,33
502,178,49,34
507,175,47,34
512,175,41,34
511,176,44,36
511,177,44,36
513,181,44,35
512,184,45,33
516,187,40,33
516,191,36,32
520,191,36,36
523,195,31,35
522,198,29,35
523,199,30,38
523,194,30,43
520,193,31,45
516,189,35,46
513,189,35,43
510,186,36,41
506,181,38,41
501,178,36,39
498,172,38,37
497,168,38,37
496,166,39,35
495,163,38,37
496,166,39,36
495,166,39,37
496,170,36,34
496,174,35,34
495,178,35,36
496,184,38,39
495,188,38,42
495,193,40,46
493,196,43,45
493,200,38,44
491,198,40,44
485,197,39,42
481,194,40,41
479,185,38,38
474,181,40,31
474,174,41,31
475,166,42,37
471,143,41,43
473,137,40,45
470,131,35,42
472,133,34,37
469,134,35,35
468,132,29,35
470,130,27,39
468,131,28,42
467,138,32,44
466,153,36,45
466,161,45,41
464,166,48,36
466,169,49,35
467,176,50,35
469,181,52,34
473,185,48,36
475,197,49,29
479,207,47,29
487,214,40,30
492,219,38,31
496,224,37,33
502,225,35,36
502,226,36,36
502,226,37,37
502,225,38,35
500,222,37,36
496,220,37,33
492,215,38,33
485,211,41,30
480,207,43,30
478,204,43,29
477,200,42,30
472,197,42,32
468,197,44,31
466,199,43,31
460,200,43,32
459,206,39,31
457,205,49,32
455,212,49,32
457,217,40,35
458,223,40,36
465,229,50,40
470,232,50,44
482,235,49,48
492,244,50,49
511,254,43,48
526,259,43,48
526,259,43,48
526,259,43,48
589,254,40,65
604,252,37,63
604,252,37,63
597,194,36,72
597,194,36,72
597,194,36,72
597,194,36,72
610,171,29,58
623,178,16,56
614,172,23,57
609,182,29,62
609,182,29,62
621,259,28,57
605,260,33,67
580,261,40,66
580,261,40,66
534,259,46,58
510,250,53,55
492,243,58,50
470,238,65,38
461,228,61,33
453,215,65,32
452,202,68,32
453,190,69,30
453,178,70,33
459,170,72,41
461,166,72,48
466,160,61,59
473,156,50,63
475,156,40,60
479,158,41,56
482,161,37,53
484,171,42,49
486,177,39,49
485,181,43,49
483,186,47,47
484,188,47,46
482,187,43,44
476,184,48,42
474,181,51,36
472,177,53,35
472,173,52,34
473,171,54,32
475,171,51,33
477,169,52,36
481,171,50,34
483,171,50,36
484,174,50,39
486,177,52,40
486,179,53,41
489,184,52,42
489,191,54,39
491,197,57,35
489,200,64,33
490,201,65,33
491,199,65,33
491,198,64,33
490,194,68,34
490,190,65,35
489,187,51,32
493,184,48,30
493,186,46,31
494,187,47,32
497,190,47,31
499,193,46,32
501,199,48,32
504,204,47,31
508,208,45,30
512,213,42,31
518,215,38,30
520,218,40,32
526,219,49,33
530,220,46,35
530,220,43,34
533,218,40,33
533,218,39,34
533,218,35,34
531,216,35,36
527,214,39,36
524,208,40,41
503,201,41,31
532,215,33,31
484,188,38,25
532,214,33,27
532,213,31,29
531,211,29,30
533,212,28,30
532,211,25,30
533,213,25,31
531,213,26,29
532,214,26,29
531,212,27,30
531,214,26,29
533,214,25,29
532,214,26,30
532,216,27,32
532,216,29,31
531,215,25,29
533,215,26,30
534,215,27,30
535,216,26,29
537,216,27,32
540,215,27,31
541,217,26,29
544,217,24,28
549,220,22,28
551,221,21,28
555,226,21,25
556,234,18,22
557,234,17,21
557,240,16,24
557,240,16,24
551,254,16,22
549,254,18,25
540,253,22,27
523,249,25,26
509,239,29,26
491,227,30,25
477,212,31,24
469,195,36,25
460,175,41,26
451,157,44,26
447,142,42,26
442,127,40,27
471,177,44,24
475,176,40,24
480,179,36,24
482,179,35,24
489,184,32,24
499,191,29,21
504,193,31,21
519,191,31,23
524,167,27,29
522,171,27,33
524,171,36,40
522,175,43,41
522,176,44,45
522,178,43,47
523,181,43,48
525,186,43,46
525,187,44,47
526,186,41,45
529,187,39,45
531,189,39,48
533,192,36,47
533,197,35,44
535,200,34,44
538,204,31,43
540,206,31,45
539,208,31,45
538,211,30,44
537,211,32,45
536,211,33,44
532,210,38,44
527,208,40,45
521,204,46,44
515,198,50,46
510,192,49,44
505,186,50,45
504,181,50,42
501,173,48,45
502,169,51,43
502,164,51,44
501,161,53,47
503,158,50,47
503,160,53,47
504,159,53,47
503,159,55,50
502,162,56,49
503,164,55,49
505,169,53,49
508,170,53,47
507,173,51,43
507,174,48,44
511,176,47,41
511,174,48,47
514,176,48,46
516,178,48,45
516,181,45,44
514,181,46,45
514,182,45,46
513,181,45,45
512,181,45,44
508,179,43,42
507,176,43,40
503,173,44,41
503,169,43,43
502,167,43,42
503,165,42,42
502,164,41,42
502,164,42,43
503,162,44,43
502,165,44,45
506,167,43,44
506,167,44,45
508,169,44,44
508,171,45,42
511,173,44,42
512,174,45,45
513,175,45,42
516,176,45,44
517,177,47,45
518,177,51,47
518,177,48,46
521,178,46,46
521,177,47,49
523,178,44,46
519,178,48,47
520,180,46,46
518,179,48,46
512,179,55,44
508,180,57,44
507,178,59,45
508,176,59,50
511,176,54,51
511,174,53,52
509,178,55,51
512,179,53,48
515,182,50,48
515,183,51,45
517,184,49,45
518,186,50,45
519,184,49,45
523,184,47,47
523,184,46,49
524,182,47,49
525,183,44,48
525,181,46,48
527,183,44,50
526,184,45,48
527,183,46,49
526,183,44,47
529,183,43,49
528,185,43,50
530,186,41,48
530,187,44,48
531,188,42,48
530,189,45,47
532,185,42,49
533,188,46,44
533,188,43,43
532,187,43,42
531,186,45,41
531,190,44,39
531,187,42,41
532,179,43,47
532,169,39,44
530,157,44,40
554,189,39,39
554,188,29,40
553,186,29,42
552,186,29,43
552,186,28,44
550,185,29,44
549,186,28,45
548,184,30,46
548,186,29,44
546,185,31,44
544,183,32,45
544,185,36,45
542,186,36,46
541,185,38,45
539,185,40,47
537,186,38,43
538,188,39,46
536,189,41,44
534,189,41,44
533,191,42,43
532,194,44,43
530,195,43,43
524,190,46,47
524,193,48,48
523,200,49,44
521,202,51,46
518,204,51,45
519,210,55,47
518,213,56,47
517,216,50,45
513,215,48,43
508,211,48,45
502,207,49,44
494,195,49,45
484,182,52,42
481,162,50,41
479,140,47,37
483,114,45,43
483,90,46,41
487,65,47,43
488,45,48,41
490,23,49,44
493,6,50,44
495,-3,51,37
495,-3,51,37
495,-3,51,37
495,-3,51,37
520,87,57,42
528,79,60,48
528,79,60,48
545,61,49,42
550,54,41,46
558,49,36,51
559,44,41,58
564,37,40,58
564,37,40,58
572,32,41,58
572,32,41,58
571,25,46,67
575,25,43,67
550,-8,50,67
551,2,56,58
553,21,57,56
552,41,58,54
551,60,60,59
550,87,62,55
543,108,58,57
535,140,58,56
530,172,48,52
521,191,51,50
515,209,54,48
512,221,60,45
513,224,67,49
515,228,59,47
519,228,55,49
526,226,55,51
527,225,51,46
525,222,50,45
527,220,47,44
525,214,44,43
520,211,50,42
518,199,48,46
512,197,50,43
507,191,48,42
502,181,46,41
498,173,47,41
494,167,49,41
491,158,45,40
487,148,44,44
483,142,45,41
479,136,45,41
479,133,45,42
474,129,47,44
472,127,44,47
471,128,47,46
470,131,44,47
468,132,46,51
468,137,49,51
466,142,51,57
468,148,53,54
470,153,52,53
472,157,51,56
475,162,53,51
475,162,51,51
475,166,54,50
479,168,50,45
481,169,49,44
485,171,51,46
489,172,47,42
490,176,48,44
492,178,48,44
493,180,49,44
494,181,49,46
495,183,47,47
497,185,46,47
498,186,46,48
497,188,46,49
495,189,47,45
498,191,43,44
501,186,45,49
500,184,47,51
501,190,45,45
502,189,45,43
503,190,45,44
503,190,47,46
505,189,46,42
503,190,47,44
505,190,46,42
507,189,48,45
508,190,45,44
510,190,45,44
509,190,45,46
510,192,46,45
510,192,46,44
511,194,43,45
512,195,42,45
512,195,42,45
511,197,43,45
509,197,44,45
509,199,43,45
508,201,43,46
506,201,43,44
506,203,43,45
504,205,42,45
505,206,41,45
506,207,40,44
504,209,41,43
504,209,41,45
505,211,40,44
505,210,43,43
487,157,39,43
486,178,48,37
487,197,51,39
489,209,58,36
492,214,55,38
500,214,49,41
503,215,54,42
505,217,53,43
509,216,50,45
504,216,53,46
501,218,53,45
501,219,56,42
500,219,55,39
503,218,57,38
503,216,55,38
503,213,62,39
500,210,63,38
501,208,64,39
499,204,63,38
500,199,60,36
499,196,63,36
500,191,67,36
503,187,68,37
502,182,70,36
506,182,71,33
500,249,64,37
487,244,56,40
474,236,55,42
461,224,47,41
446,210,42,40
438,195,39,40
426,176,39,38
421,161,37,38
411,144,41,37
405,130,38,37
396,120,38,39
388,111,39,38
382,101,39,38
373,96,38,37
367,91,38,37
358,88,37,38
351,87,36,37
343,86,38,37
334,89,38,38
330,93,38,36
322,98,36,37
314,103,36,38
305,114,37,37
296,122,39,37
288,135,39,37
285,147,43,41
285,164,40,41
285,164,40,41
285,164,40,41
292,237,35,39
295,270,38,42
296,307,38,41
297,333,38,28
297,320,38,32
297,297,36,35
298,280,36,35
298,262,35,34
298,250,35,34
297,237,34,33
296,228,36,31
296,221,34,28
295,210,34,32
294,197,35,37
291,195,36,33
296,194,32,33
294,195,32,33
295,195,32,37
294,203,32,33
295,206,32,33
291,207,36,36
291,207,36,36
291,207,36,36
291,207,36,36
296,210,37,36
299,206,38,36
305,202,38,34
309,195,39,34
308,188,42,33
313,184,43,35
318,182,42,33
319,181,40,35
326,182,36,32
326,184,38,34
330,193,37,36
334,205,38,36
338,222,38,36
342,242,36,36
347,260,35,39
352,285,34,37
353,308,35,38
355,334,36,26
354,325,38,29
358,305,34,35
357,291,34,35
354,279,34,33
356,268,34,35
358,259,31,34
360,250,29,33
360,245,28,34
361,240,27,33
361,231,27,37
361,231,27,37
361,231,27,37
361,231,27,37
313,305,24,33
313,305,24,33
358,315,23,36
358,332,25,27
359,326,27,31
359,326,27,31
353,293,30,27
353,282,29,32
352,271,31,33
351,261,33,35
348,250,33,38
349,247,34,36
347,239,38,40
346,241,43,39
346,247,37,42
345,256,36,41
346,274,36,40
347,295,36,38
349,317,35,41
346,333,37,32
347,328,36,31
349,317,36,36
352,303,35,39
351,294,35,36
354,286,35,37
354,280,34,37
355,274,34,39
357,271,35,38
356,268,35,39
358,270,37,38
359,271,36,39
357,284,36,37
352,303,36,40
345,325,37,34
343,329,35,30
346,314,33,34
344,298,35,35
346,285,33,35
347,273,34,36
345,263,34,36
347,257,33,34
348,250,34,36
347,254,34,35
341,268,35,34
333,285,32,36
327,305,35,37
321,324,34,34
317,328,34,30
318,314,35,34
320,301,36,37
322,290,35,37
325,281,33,36
327,275,35,36
328,268,35,36
329,262,35,38
330,267,34,41
336,284,33,40
343,307,37,39
351,330,36,29
355,336,39,22
361,323,40,29
366,304,37,36
372,291,38,38
375,279,37,36
382,270,35,38
385,261,38,40
386,257,40,38
389,264,39,39
389,276,39,41
385,300,40,39
383,323,38,36
375,336,42,25
381,327,40,32
384,310,35,35
383,295,36,36
385,284,35,35
385,275,33,35
385,266,34,37
386,259,33,37
388,255,33,40
388,259,35,40
392,271,36,37
394,293,39,38
399,317,36,39
384,252,30,46
409,328,35,49
406,312,39,47
409,311,35,46
411,298,35,35
410,286,37,35
412,273,37,38
413,270,37,37
408,274,38,36
405,283,36,40
399,302,36,39
389,320,36,36
389,320,36,36
380,331,39,27
379,320,41,35
378,305,36,36
375,296,36,37
372,285,37,39
370,279,37,38
367,271,39,39
367,271,37,39
367,278,38,41
373,299,38,40
377,320,39,39
381,337,40,39
379,336,44,28
384,329,43,29
388,317,39,39
389,305,41,40
392,295,41,41
395,283,41,41
398,280,42,40
399,273,49,39
454,182,50,38
459,192,53,41
466,206,50,37
471,215,49,36
477,225,45,32
481,233,45,31
488,236,43,31
495,235,42,31
500,232,40,30
507,228,42,30
516,218,46,34
522,207,42,36
523,200,43,34
529,194,49,34
537,188,49,35
544,183,53,37
594,171,40,35
601,169,36,42
603,164,36,46
569,172,48,47
565,174,58,51
559,185,67,46
552,187,68,47
544,201,66,44
535,207,63,39
522,212,65,36
509,215,70,37
506,213,76,41
506,213,76,41
506,213,76,41
506,213,76,41
506,213,76,41
506,213,76,41
506,213,76,41
506,213,76,41
506,213,76,41
491,217,75,36
490,217,74,35
490,213,73,34
487,211,70,31
485,207,74,30
485,200,70,29
485,193,68,32
487,185,68,33
492,179,64,33
496,173,71,33
503,169,74,34
508,166,75,36
515,165,67,37
526,165,62,37
529,168,63,39
531,172,67,37
531,178,69,37
535,186,66,32
534,189,67,33
536,193,63,35
533,196,66,34
534,200,62,32
534,202,61,32
532,203,56,33
529,201,54,34
530,202,54,33
529,203,55,32
530,205,54,30
531,207,49,30
532,209,47,32
532,210,49,35
533,210,48,39
535,210,45,45
539,214,42,46
543,224,42,39
543,224,42,39
550,238,30,35
552,247,26,28
558,251,22,29
560,253,19,28
564,254,17,27
565,255,15,29
565,258,13,26
566,264,12,25
565,258,12,25
566,263,13,22
565,263,14,21
564,262,15,23
562,259,16,23
560,258,18,22
561,255,19,26
560,255,19,24
560,255,20,25
558,253,21,26
558,252,20,28
560,250,20,30
558,250,21,30
556,250,21,30
554,249,21,31
552,247,23,32
548,246,25,33
545,245,26,32
540,244,31,31
533,241,34,33
525,238,37,31
514,232,40,32
503,226,41,31
493,214,42,29
482,199,43,28
472,183,43,29
467,169,42,34
456,160,42,29
450,148,41,30
443,141,38,31
437,133,35,30
429,130,34,30
422,124,32,30
413,123,33,31
407,123,30,31
400,123,30,35
394,128,27,32
385,133,26,32
380,139,25,32
371,145,24,33
365,157,24,33
355,170,24,32
346,182,26,33
342,191,30,31
336,198,34,30
334,198,35,26
330,197,39,27
329,193,40,27
329,190,42,28
331,182,40,30
333,178,38,31
336,171,34,32
336,167,31,29
337,162,28,30
337,162,28,29
338,164,25,28
337,165,24,31
335,169,23,33
329,176,26,31
331,179,24,30
330,186,25,27
327,191,27,27
323,191,29,29
321,192,31,30
320,194,33,29
318,198,37,26
321,195,36,28
323,195,35,28
327,192,35,27
339,186,28,27
345,183,26,30
348,179,25,29
353,176,25,31
353,174,25,30
356,176,24,26
356,178,27,24
358,182,28,23
361,186,29,22
361,187,29,26
363,188,30,32
363,188,31,35
364,190,29,33
366,195,30,27
366,196,35,25
367,195,34,26
370,194,33,21
372,193,33,23
374,193,34,24
377,188,31,27
377,188,31,27
373,192,37,28
379,187,33,29
379,188,35,29
381,189,35,29
379,195,38,26
381,198,39,25
385,200,40,28
385,199,41,29
387,200,40,27
391,200,41,25
402,197,37,26
411,195,33,25
420,191,27,24
422,188,27,25
422,185,27,27
421,183,29,22
420,182,29,22
416,182,31,19
413,181,32,21
413,181,28,20
412,183,26,20
409,185,24,22
410,188,28,27
410,188,28,27
395,194,25,27
393,195,25,24
387,197,27,24
387,197,27,24
382,199,27,24
382,199,27,24
377,198,29,22
381,198,29,22
380,195,30,22
381,194,33,23
380,192,33,26
380,192,33,26
380,192,33,26
380,192,33,26
403,180,34,33
408,178,30,37
414,178,32,37
414,181,31,36
403,186,37,38
417,184,35,35
417,186,37,34
421,189,40,32
433,190,33,34
430,192,34,29
432,193,36,31
434,196,35,29
435,197,33,30
433,198,34,30
435,198,33,32
433,201,31,32
438,200,27,33
437,203,28,33
433,199,29,29
433,199,29,29
433,199,29,29
409,229,31,26
403,235,31,24
404,236,30,25
403,235,29,25
403,236,30,25
404,234,31,27
405,230,32,26
409,227,31,28
411,225,31,27
414,220,33,26
415,218,32,26
417,215,31,26
415,211,29,25
417,211,31,26
419,207,31,27
419,204,30,28
418,202,28,27
419,200,30,27
418,194,32,28
486,191,28,33
502,166,22,36
529,145,24,37
524,171,30,33
524,169,31,32
519,166,32,32
515,166,35,35
516,167,34,33
514,170,34,32
515,173,33,29
453,213,32,23
454,214,33,22
458,215,33,23
460,213,31,23
466,211,28,25
466,205,29,27
467,200,28,27
470,196,27,28
468,190,26,28
463,185,29,27
457,183,31,28
456,181,32,29
453,181,31,29
448,179,35,29
443,181,35,27
438,184,40,26
432,187,38,27
429,189,33,32
455,185,25,28
424,200,30,25
421,201,33,24
422,204,32,27
421,207,32,27
420,207,32,30
494,196,26,35
499,191,34,38
494,190,44,42
488,186,45,41
483,181,44,42
481,173,42,40
481,164,39,38
480,152,42,35
480,138,43,37
483,129,42,36
485,116,41,38
488,109,41,38
491,102,44,42
492,96,46,43
495,93,45,44
497,91,44,43
500,92,45,43
501,95,46,43
504,100,47,43
510,107,47,42
512,115,45,43
515,122,44,45
518,130,45,43
517,139,49,45
525,148,47,51
529,161,48,48
530,170,49,48
532,176,46,46
531,183,45,42
529,187,43,42
525,189,42,40
517,189,45,39
515,192,48,40
508,193,59,42
504,193,63,44
498,190,70,45
493,191,72,41
494,190,69,40
486,190,63,41
479,185,54,40
477,182,45,39
476,179,40,38
475,171,39,40
473,165,38,40
473,158,41,40
478,149,41,39
484,142,42,39
487,132,45,40
490,127,45,40
497,122,42,39
500,118,46,41
502,116,46,42
508,113,47,43
513,110,48,44
517,108,50,47
523,109,48,46
530,111,51,47
533,113,51,46
541,113,53,50
544,118,52,51
547,118,52,55
550,119,52,54
550,124,53,53
554,123,51,55
552,127,53,51
553,129,51,50
551,131,52,48
548,134,52,45
544,137,53,44
542,139,58,48
535,142,60,44
530,150,49,45
527,153,46,50
521,157,47,50
517,160,49,54
514,163,47,55
509,165,49,56
506,168,51,55
506,177,56,51
502,181,61,51
497,184,68,47
494,188,71,47
490,190,68,47
486,194,69,44
482,197,66,39
476,197,71,39
472,191,68,44
466,192,59,40
462,185,52,43
460,181,55,46
456,175,57,42
456,168,59,46
459,158,49,48
463,147,47,43
476,139,42,41
488,128,43,41
500,118,44,42
511,109,49,44
517,102,52,45
527,96,47,46
539,96,53,49
547,96,56,49
558,96,52,52
563,99,58,56
568,109,61,54
570,115,65,54
574,121,61,51
575,128,57,51
576,134,57,53
570,141,57,56
567,145,57,62
561,151,62,63
553,163,60,58
536,169,65,53
534,173,58,49
529,175,61,46
520,179,48,43
511,178,45,42
503,179,46,41
499,181,43,39
495,180,43,40
491,180,40,41
486,181,41,41
482,182,38,40
479,181,40,41
474,180,40,38
472,179,41,38
469,177,44,37
468,172,44,39
468,165,47,42
471,157,47,41
478,150,51,43
486,143,48,40
496,132,45,41
507,125,50,44
517,113,50,48
530,109,50,49
543,100,55,53
553,96,51,55
557,97,54,54
561,99,63,52
565,101,69,58
570,103,66,58
573,106,64,55
568,113,67,53
565,116,66,51
563,122,62,49
560,127,56,46
550,136,52,47
542,145,48,44
531,154,49,45
524,166,45,46
512,176,47,41
508,184,45,41
508,189,46,43
507,193,45,44
508,196,48,45
504,196,56,46
503,200,58,46
500,199,64,45
499,199,68,45
494,198,73,43
491,197,75,44
486,197,68,42
486,193,78,42
486,188,73,43
487,185,64,43
485,182,51,44
484,181,51,45
483,182,50,47
485,184,48,46
483,183,48,48
482,182,48,49
483,187,48,47
482,189,44,47
484,194,49,44
485,198,45,42
486,200,46,41
487,202,45,40
489,205,49,38
493,205,52,42
497,204,49,44
505,202,49,46
512,206,50,45
520,205,57,45
523,210,66,44
523,210,68,47
523,214,70,48
517,216,74,49
514,220,71,45
514,220,70,45
511,219,73,47
512,218,74,48
513,216,72,50
517,217,65,48
524,217,63,47
526,215,62,44
531,214,67,43
538,212,69,46
545,210,64,49
545,210,64,52
543,210,61,51
536,211,55,45
525,210,54,45
515,210,55,42
508,207,50,40
503,204,50,41
497,203,48,40
493,200,45,40
489,199,50,40
484,196,41,37
482,193,41,40
477,186,42,41
472,180,42,40
472,172,41,38
473,163,39,41
475,155,41,40
480,148,41,39
482,141,43,40
488,137,43,39
493,133,44,42
499,133,45,43
502,130,49,42
510,134,50,43
515,141,48,44
518,144,52,43
524,146,50,46
526,154,56,48
524,159,58,49
521,167,50,46
516,170,51,44
499,173,62,46
497,178,57,45
495,180,52,44
492,180,47,44
489,184,47,43
485,185,45,41
485,191,53,40
486,190,45,41
486,192,49,40
488,192,45,38
490,191,44,40
494,189,47,42
496,189,53,41
500,187,54,43
506,188,53,44
517,185,52,43
525,185,48,45
532,186,53,47
541,188,59,48
545,191,65,51
553,193,64,51
557,197,63,51
559,199,58,52
555,205,58,48
548,207,60,50
538,210,58,46
534,210,57,45
528,208,47,45
520,206,47,42
509,204,48,42
503,200,52,41
500,198,50,41
499,194,48,42
501,192,48,41
503,196,48,38
509,194,46,39
516,194,42,39
525,196,32,38
535,198,24,38
545,202,19,33
545,202,19,33
545,202,19,33
545,202,19,33
545,202,19,33
545,202,19,33
545,202,19,33
545,202,19,33
598,255,20,37
598,255,20,37
598,255,20,37
598,255,20,37
598,255,20,37
598,255,20,37
598,255,20,37
606,203,29,38
595,201,35,43
588,198,43,45
574,196,53,51
563,198,58,54
549,200,59,48
537,198,60,46
538,199,58,45
530,196,51,47
517,197,53,46
511,194,54,45
507,196,63,44
505,195,60,41
506,195,52,40
509,193,50,42
509,190,60,45
512,190,56,44
514,190,53,43
515,189,55,41
516,188,55,42
519,187,52,41
517,185,55,43
522,185,48,44
526,180,43,48
525,171,50,56
526,184,49,43
528,186,43,44
529,186,45,41
529,184,44,43
529,184,47,44
532,184,47,44
530,186,47,45
531,184,48,45
533,183,47,44
535,183,48,44
537,184,46,44
535,185,47,45
538,185,46,45
539,187,45,45
539,186,47,46
539,187,47,45
540,188,47,44
541,187,46,44
540,189,46,46
540,189,47,45
543,189,46,44
542,189,46,44
544,189,47,44
542,190,44,43
542,190,46,45
542,189,47,43
543,191,46,46
544,190,47,44
543,190,47,43
547,191,44,44
544,189,47,45
544,189,46,44
542,188,47,46
542,188,47,45
545,187,42,45
542,188,47,46
543,188,46,46
542,187,46,46
543,188,44,46
540,188,46,45
541,190,45,45
540,189,47,45
539,190,48,43
538,192,49,44
538,193,46,44
538,193,47,43
536,191,46,47
536,193,47,43
537,193,46,41
536,192,48,41
537,190,46,42
537,189,48,42
539,188,48,43
539,186,52,44
538,186,54,44
541,185,53,44
545,185,49,44
544,183,51,46
545,185,51,47
545,183,52,46
544,182,54,47
545,183,52,49
544,183,52,48
544,184,52,48
544,183,52,48
542,183,51,50
540,186,51,49
543,187,48,49
538,187,52,52
540,187,54,54
540,192,51,50
539,193,53,52
540,197,51,51
541,201,51,51
539,205,53,50
540,208,52,51
543,212,53,49
541,218,53,48
542,221,51,47
538,221,50,46
531,218,48,45
524,214,45,44
511,210,49,42
500,199,48,43
490,187,46,44
481,175,46,40
473,159,43,42
465,143,46,42
457,128,45,43
447,118,44,40
440,110,43,39
432,100,42,40
423,96,45,41
415,92,43,40
410,89,40,40
402,88,41,41
396,92,40,39
387,95,40,40
381,100,38,40
375,106,41,39
365,114,40,40
359,123,41,39
358,126,45,38
360,136,41,40
363,137,38,39
365,154,37,38
368,176,41,35
375,199,37,41
378,222,37,41
384,253,37,43
387,286,40,43
392,321,41,38
392,321,41,38
395,330,43,28
395,309,42,38
398,289,40,38
397,269,39,38
399,254,38,39
399,240,40,38
400,226,39,38
399,215,39,37
399,204,39,39
400,196,37,39
400,185,36,44
400,185,37,38
400,188,38,38
399,196,39,38
400,209,40,38
403,224,38,38
403,244,35,38
404,263,36,42
405,287,38,40
403,313,37,42
402,334,34,32
399,329,37,31
396,313,35,35
398,295,29,34
398,295,29,34
398,295,29,34
398,295,29,34
398,295,29,34
398,295,29,34
398,295,29,34
398,295,29,34
398,295,29,34
398,295,29,34
382,297,28,38
382,321,32,37
384,329,35,28
384,315,34,32
386,301,34,34
386,301,34,34
386,301,34,34
386,301,34,34
384,320,28,36
384,320,28,36
384,320,28,36
384,320,28,36
384,320,28,36
384,320,28,36
381,247,30,29
380,250,29,33
377,269,32,36
370,291,35,36
362,311,35,39
360,329,34,32
358,323,33,34
358,305,34,36
356,291,35,36
354,281,35,35
355,270,35,37
353,260,37,38
351,253,36,37
351,247,36,37
349,246,38,38
349,252,35,43
348,268,38,43
351,293,37,42
351,318,39,41
354,342,34,39
359,333,36,29
364,324,38,34
369,308,39,39
374,292,39,40
376,279,43,42
382,270,43,41
390,262,42,43
394,255,44,45
393,264,48,46
395,283,45,49
390,306,49,51
386,330,46,38
386,330,46,38
386,330,46,38
386,331,44,30
385,322,42,37
387,305,43,44
386,294,46,46
386,284,45,46
386,276,45,49
386,269,44,49
388,268,44,45
386,270,44,53
383,292,44,53
379,316,44,42
379,316,44,42
379,316,44,42
375,331,45,36
373,321,47,37
374,301,44,46
373,289,45,42
370,272,50,51
370,261,47,50
370,251,45,51
367,242,47,49
366,237,48,47
366,234,48,45
363,232,47,48
363,233,49,47
360,233,57,47
364,231,55,44
366,228,56,44
366,223,59,44
370,216,56,46
374,216,53,45
374,216,53,45
374,216,53,45
398,209,44,50
402,210,44,47
404,211,45,46
406,213,45,44
416,214,40,43
418,212,40,42
419,209,43,42
419,203,45,40
417,196,45,42
417,192,47,38
414,186,47,37
412,175,43,40
406,172,49,42
400,170,51,40
391,169,50,41
389,168,48,46
379,169,49,48
369,169,51,51
360,176,53,53
353,190,50,46
344,195,46,47
335,194,47,46
322,186,56,50
315,180,55,48
312,174,56,48
338,148,54,56
345,149,42,64
345,149,42,64
345,149,42,64
345,149,42,64
316,127,52,60
320,124,52,52
327,132,50,48
334,137,52,48
340,145,51,49
348,156,48,49
354,173,47,48
362,190,44,49
365,217,44,48
367,250,44,49
370,286,45,47
369,317,46,42
369,317,46,42
369,317,46,42
368,331,44,35
363,312,46,41
362,289,44,45
359,272,45,44
356,256,43,44
354,241,43,43
351,228,43,44
347,218,43,42
345,211,43,42
340,204,45,42
337,198,43,42
334,194,47,47
333,205,46,48
340,227,43,49
346,252,46,50
355,286,44,48
360,319,44,39
360,319,44,39
360,319,44,39
370,332,47,29
375,315,45,36
379,291,45,42
380,272,42,42
383,260,40,39
386,248,41,40
387,237,43,40
390,227,41,38
393,220,41,39
394,215,40,41
398,213,41,41
398,209,44,42
401,211,44,41
400,212,45,40
401,217,46,39
398,223,44,42
395,228,41,41
384,236,43,41
370,243,45,40
359,251,42,42
344,259,40,41
332,263,39,41
319,265,39,40
308,265,40,41
302,264,41,41
298,259,38,42
299,259,38,41
301,255,40,43
311,254,37,40
321,248,40,40
330,242,43,40
343,232,40,40
352,221,36,38
354,213,43,36
368,189,38,36
375,166,41,39
375,142,44,40
378,122,46,40
383,102,43,40
387,82,42,42
392,66,41,42
394,50,41,40
397,38,42,41
401,25,42,43
403,16,43,43
406,7,42,44
409,2,41,42
410,0,43,40
413,1,41,36
417,2,44,35
419,1,43,36
424,2,40,38
425,1,41,41
429,8,40,42
431,16,42,44
428,16,42,43
432,25,43,44
435,39,44,43
437,52,42,44
440,68,42,45
443,87,45,45
444,107,43,45
449,128,41,43
452,142,42,42
459,157,43,41
468,169,46,48
474,180,44,50
487,188,45,49
498,195,47,50
511,201,47,48
528,206,48,47
536,206,50,49
543,204,51,49
545,203,53,50
547,198,57,52
546,196,54,49
547,191,53,48
550,189,53,49
551,186,51,48
553,186,50,48
553,184,51,46
555,185,50,47
556,186,49,44
558,188,49,46
556,189,52,47
553,192,53,48
553,195,54,48
552,199,52,45
550,200,51,44
548,200,46,45
547,205,54,44
546,206,56,42
545,207,63,43
545,206,62,44
544,205,60,46
544,205,59,47
546,204,63,48
547,206,61,49
548,207,62,48
547,206,62,49
547,207,64,47
543,207,65,45
542,206,58,43
539,202,58,44
535,196,66,44
533,189,67,42
530,179,69,40
530,170,71,41
532,159,67,39
533,150,65,43
536,140,60,40
538,132,63,41
541,126,60,43
546,120,54,45
550,118,53,44
553,117,51,45
559,119,51,45
564,122,56,47
568,131,55,46
574,135,56,51
575,145,58,50
579,152,55,51
581,161,56,53
583,171,53,53
579,180,58,53
578,191,56,48
569,199,60,46
562,205,60,44
561,213,56,44
555,217,56,41
554,218,58,40
550,218,59,41
548,216,62,41
549,214,60,40
550,214,56,40
550,212,51,40
552,210,52,42
551,205,54,46
553,206,47,44
555,210,42,41
557,212,43,43
558,215,42,41
560,218,41,40
560,224,38,40
559,223,38,41
560,222,37,41
559,224,37,41
556,224,37,39
554,223,39,39
551,223,38,39
549,222,38,39
546,222,37,40
544,221,37,39
539,221,39,40
535,221,41,40
535,218,40,40
533,217,38,41
529,215,41,41
527,215,41,40
527,216,42,40
525,214,42,41
521,215,45,40
519,213,45,41
517,213,44,40
514,212,45,41
509,214,47,40
508,215,44,40
505,213,46,41
