181,145,123,120
180,146,124,125
183,138,124,131
184,140,123,131
188,141,117,127
184,142,126,121
185,138,126,131
183,140,127,129
186,133,126,135
185,134,122,130
187,134,122,133
181,134,123,133
179,131,124,136
176,133,127,135
171,133,125,134
162,134,131,137
153,134,132,137
145,134,133,145
144,140,133,140
148,142,132,138
149,144,132,139
151,145,133,140
156,147,130,137
153,145,134,140
148,148,138,142
135,144,143,148
130,150,142,146
125,153,136,145
123,152,144,147
128,154,145,143
139,151,144,149
142,152,145,150
146,153,147,153
154,151,144,151
162,158,139,147
161,157,142,145
160,157,144,152
156,158,146,146
158,156,142,150
156,152,136,153
144,158,154,154
142,158,150,153
142,156,145,148
139,155,148,148
138,152,147,143
145,151,147,147
150,152,146,155
147,145,148,148
143,150,153,150
141,149,151,156
142,156,147,153
136,156,151,154
137,165,144,147
137,171,146,149
138,170,142,150
139,171,142,149
135,176,145,148
142,180,138,142
140,170,142,143
138,176,145,145
141,166,143,149
134,170,148,152
130,168,147,149
127,174,150,153
122,176,149,153
111,170,154,165
107,178,156,165
108,182,149,164
95,178,161,159
92,185,155,166
86,177,156,164
75,178,161,159
78,172,159,165
67,168,164,172
62,167,165,169
60,172,157,165
56,162,159,164
56,169,160,164
55,158,159,165
55,158,156,159
48,153,167,166
58,153,156,168
53,145,159,163
61,154,147,166
58,145,150,165
52,147,156,174
62,153,145,158
51,145,153,163
59,151,148,166
49,153,164,165
54,150,155,166
55,152,157,170
51,154,161,169
53,157,157,169
46,157,165,163
38,160,168,167
53,160,150,171
40,151,163,180
46,155,160,181
26,164,183,169
42,151,167,184
20,156,186,179
31,151,175,180
45,159,161,181
40,155,168,178
23,154,181,188
30,159,180,178
46,163,163,176
30,159,176,179
33,165,187,183
45,166,185,191
56,174,176,174
56,175,182,184
62,178,184,174
72,186,178,169
81,188,171,159
76,191,175,162
78,194,174,167
88,189,175,163
104,186,169,167
106,192,170,167
116,199,164,158
113,198,171,166
111,201,168,151
113,206,168,157
122,195,154,157
106,193,172,162
108,186,167,165
121,177,154,163
129,170,149,153
126,160,151,156
135,161,142,146
138,163,146,144
131,152,156,148
143,150,145,150
142,153,155,142
156,144,146,141
165,140,137,140
176,139,132,129
180,129,131,137
181,127,130,134
184,124,127,132
184,127,126,125
184,118,128,129
183,112,124,131
178,105,124,128
178,106,124,130
178,102,120,132
169,106,121,130
167,104,118,126
164,105,121,128
161,108,124,126
161,110,122,126
166,112,115,126
162,117,118,127
166,120,120,124
166,122,120,124
171,128,115,122
175,128,115,122
177,133,115,117
179,134,115,120
182,133,116,121
183,136,116,122
183,137,114,122
189,141,115,124
190,144,114,122
190,145,114,122
191,142,113,121
194,141,114,123
191,141,114,121
190,140,114,125
190,139,113,124
185,142,117,126
183,147,115,128
179,151,119,128
177,152,116,130
172,164,119,121
170,157,112,122
163,159,119,127
163,163,113,128
155,166,120,127
152,165,120,129
151,168,119,131
150,169,118,133
146,170,115,131
148,174,114,129
148,177,120,129
146,180,118,128
149,177,117,130
151,178,117,130
153,175,113,126
155,179,117,123
155,172,117,130
157,173,114,128
161,172,113,131
164,172,110,125
168,174,108,120
170,174,110,121
174,171,112,126
179,168,112,119
189,164,105,119
193,157,108,121
194,157,107,118
202,153,102,121
206,149,105,119
211,143,103,120
220,140,103,119
221,142,102,117
226,137,105,123
232,134,101,124
236,132,102,122
238,130,99,126
240,129,102,126
241,130,100,127
246,131,102,123
251,127,100,126
254,131,103,122
255,130,100,125
257,131,99,124
254,134,95,117
254,129,98,120
253,127,99,117
249,121,98,121
244,119,98,122
243,119,97,124
233,120,101,123
225,121,104,124
225,120,98,125
217,128,99,122
215,128,100,120
205,132,101,117
198,128,101,126
196,128,99,127
188,128,101,124
187,128,99,124
185,118,101,122
186,112,99,125
186,114,102,125
190,108,101,126
196,109,99,119
205,97,101,128
213,96,99,125
213,91,107,125
227,84,109,123
238,77,106,127
251,70,105,135
265,67,103,134
263,62,101,129
272,52,100,129
276,43,99,130
271,32,103,133
270,19,101,134
268,19,103,136
269,6,99,135
275,2,96,124
270,3,103,120
271,2,103,116
273,4,98,112
274,2,95,117
266,3,97,125
264,5,96,126
265,4,99,134
277,1,93,140
287,3,94,141
304,8,94,137
317,17,89,132
327,18,84,136
338,26,87,137
345,31,82,130
352,38,82,129
356,43,78,128
356,51,78,127
359,55,77,125
359,55,76,126
366,55,78,124
367,54,77,126
370,51,72,122
372,48,76,132
379,53,76,129
385,54,75,128
395,58,75,128
401,57,71,124
406,63,72,122
408,67,74,123
411,71,72,118
412,69,75,123
413,74,73,123
416,77,70,121
412,78,72,119
406,85,68,116
405,83,70,122
399,81,70,120
393,78,69,120
389,76,68,120
386,72,68,119
387,71,65,119
390,70,69,120
394,70,67,121
397,74,66,120
399,75,67,117
400,78,65,116
401,72,68,123
399,78,64,118
398,77,70,122
393,77,75,126
394,82,74,122
387,88,81,120
387,92,88,124
387,100,114,118
382,105,129,133
376,105,138,149
376,110,127,159
373,111,137,168
378,114,135,171
384,118,133,160
386,116,134,167
392,115,134,165
395,114,135,164
399,110,144,172
407,109,143,174
416,112,137,170
416,113,143,181
413,112,145,179
413,117,141,181
413,117,146,182
409,121,143,180
409,118,142,183
411,120,145,172
409,120,139,174
400,116,139,180
402,121,139,173
398,111,129,177
392,110,134,178
383,114,131,166
380,108,122,176
373,110,123,171
364,102,118,167
365,103,122,167
358,93,124,178
356,93,115,171
348,90,110,156
346,83,108,166
344,85,105,162
343,81,109,163
346,84,104,163
352,82,100,163
349,82,100,155
346,83,97,148
348,86,88,122
346,85,84,115
344,86,92,116
340,86,87,116
337,85,87,117
333,89,85,121
327,89,85,118
320,91,81,115
314,90,83,118
314,89,76,112
312,91,72,112
310,92,68,111
307,96,70,111
306,99,69,111
306,102,69,109
303,100,73,111
302,101,72,108
300,101,74,103
294,98,75,102
296,98,74,107
296,98,74,107
278,91,83,83
278,91,83,83
258,89,69,68
258,89,69,68
258,89,69,68
258,89,69,68
258,89,69,68
258,89,69,68
258,89,69,68
258,89,69,68
258,89,69,68
258,89,69,68
258,89,69,68
258,89,69,68
258,89,69,68
258,89,69,68
258,89,69,68
258,89,69,68
258,89,69,68
258,89,69,68
258,89,69,68
258,89,69,68
258,89,69,68
258,89,69,68
258,89,69,68
258,89,69,68
258,89,69,68
258,89,69,68
258,89,69,68
258,89,69,68
258,89,69,68
258,89,69,68
258,89,69,68
258,89,69,68
258,89,69,68
258,89,69,68
258,89,69,68
258,89,69,68
258,89,69,68
258,89,69,68
258,89,69,68
258,89,69,68
258,89,69,68
258,89,69,68
258,89,69,68
258,89,69,68
258,89,69,68
258,89,69,68
258,89,69,68
258,89,69,68
226,53,67,73
224,57,62,81
222,60,56,82
216,75,52,95
222,74,50,77
225,78,60,73
222,100,60,90
233,82,62,85
235,86,66,77
230,114,64,90
234,93,69,102
233,92,79,117
233,92,80,121
235,92,76,122
233,91,75,121
230,91,78,123
226,92,81,121
220,90,81,126
222,93,81,126
220,95,87,127
221,92,86,130
218,95,91,129
219,99,91,131
221,102,94,131
222,108,98,127
227,110,97,129
229,112,99,127
233,111,100,124
230,107,107,134
222,104,111,131
225,105,110,129
221,106,110,135
209,101,115,136
207,101,115,140
196,97,124,134
192,95,122,139
189,97,119,143
181,96,124,142
180,99,126,141
177,97,127,139
174,98,132,137
178,96,134,139
181,96,139,147
192,97,123,138
194,95,137,148
204,93,131,143
211,90,134,168
225,90,123,168
224,92,129,166
226,91,131,171
233,92,130,163
233,88,145,164
240,96,140,154
240,92,143,159
246,91,140,151
247,96,138,144
246,90,145,148
246,90,153,139
246,87,156,151
242,84,160,146
244,82,159,149
246,90,154,151
246,91,156,138
246,90,158,139
247,88,161,145
251,94,167,141
254,96,169,153
266,100,164,163
263,100,155,154
272,109,161,157
267,109,146,146
269,119,155,152
266,120,153,136
264,118,156,142
258,119,163,147
260,118,158,138
270,118,157,134
263,112,159,136
270,108,158,150
275,107,152,134
274,102,159,137
279,100,155,140
283,100,152,141
279,98,155,139
280,96,158,143
271,99,160,138
279,103,152,135
282,100,158,144
284,105,153,142
286,107,151,138
285,108,155,140
283,112,152,136
286,112,152,135
280,109,155,137
280,110,158,139
287,108,160,139
294,102,147,144
285,102,161,141
288,101,149,143
285,101,158,139
287,102,155,134
284,102,152,134
289,102,150,135
284,104,159,134
287,104,161,136
292,102,158,142
296,105,157,141
297,106,162,143
291,107,163,142
302,107,157,149
300,109,152,141
294,108,170,140
295,107,168,150
299,102,159,136
296,99,165,139
299,91,149,141
297,84,159,146
292,83,175,148
285,80,180,144
288,79,170,140
284,70,176,153
281,66,173,153
276,62,176,147
272,53,176,153
267,49,173,153
265,47,177,167
259,47,178,152
252,46,183,157
257,40,172,166
251,40,188,170
252,44,187,175
255,48,180,166
249,54,192,164
256,63,186,180
263,84,173,178
264,107,171,183
258,145,173,193
254,177,176,176
259,206,166,146
258,227,158,133
252,241,160,124
244,245,172,122
256,251,159,105
259,260,156,104
264,262,152,101
264,259,163,99
273,260,151,104
276,252,148,103
276,243,150,114
283,232,153,119
281,217,156,131
280,211,151,132
285,200,137,131
281,189,141,125
279,180,129,121
280,175,126,124
273,172,136,122
277,172,137,121
280,170,131,124
282,173,132,122
287,176,130,121
294,179,125,117
293,176,126,118
297,172,128,116
299,171,128,125
300,162,127,131
304,162,123,132
292,160,130,119
294,159,132,127
289,157,128,130
287,153,127,132
285,154,120,121
281,156,121,122
283,154,124,117
281,153,124,122
282,151,123,117
280,149,131,137
282,149,133,135
278,145,140,147
286,148,133,132
281,150,134,131
286,154,133,131
282,157,141,137
290,160,126,133
283,167,137,128
286,169,135,130
275,174,140,144
285,180,134,142
276,185,138,131
279,188,136,128
279,193,132,124
274,192,134,130
277,196,131,121
275,193,135,125
280,194,134,124
278,192,135,127
281,188,140,147
289,182,140,145
289,182,141,147
293,178,140,141
294,171,142,152
296,169,144,132
294,158,146,154
299,151,150,154
297,147,148,161
297,149,149,148
294,147,153,148
294,139,157,164
294,137,159,154
291,135,159,163
297,137,153,163
301,134,155,170
304,134,159,178
305,132,163,173
308,136,165,173
313,135,165,176
312,133,164,176
310,125,164,178
315,130,154,169
310,122,153,178
309,125,151,170
303,122,155,176
301,119,157,173
296,118,161,184
296,121,153,176
300,120,148,185
294,120,146,180
296,118,144,180
292,123,134,169
290,120,127,164
291,117,119,171
279,120,119,162
281,104,115,150
277,100,115,140
273,88,114,146
273,80,112,158
276,77,112,142
274,75,108,147
274,77,105,144
273,76,108,132
273,70,101,147
268,70,102,155
268,69,100,150
266,71,94,145
271,73,97,139
272,69,99,147
269,74,92,137
268,75,92,138
274,75,88,139
276,76,85,138
278,79,85,136
281,82,86,134
283,75,85,142
286,82,84,139
288,81,85,142
289,87,86,139
295,92,85,134
297,93,81,135
300,98,83,132
302,95,85,139
302,100,82,138
300,104,86,131
296,104,86,132
296,106,82,133
291,104,84,130
287,108,81,128
286,104,83,131
286,98,79,128
285,98,75,129
281,96,80,128
282,92,75,130
281,91,68,127
278,85,68,128
274,83,64,125
274,79,60,131
270,75,56,128
267,74,47,131
260,73,50,128
256,78,52,123
256,78,52,123
248,77,52,120
250,74,45,124
245,69,47,122
245,69,51,119
244,64,55,122
245,65,54,121
244,61,57,123
245,65,53,123
243,66,53,122
242,68,54,124
242,68,51,125
246,71,49,124
248,70,51,126
248,73,51,127
249,71,58,126
250,71,59,128
251,71,63,130
258,72,66,131
259,74,76,124
260,80,72,123
262,80,66,128
261,85,70,128
266,94,71,127
268,100,76,120
272,102,76,122
271,102,74,125
279,104,75,123
280,107,76,120
282,109,80,116
287,104,79,117
290,107,76,116
291,106,80,116
294,107,74,118
292,101,80,113
291,104,74,114
292,102,77,114
290,103,77,112
287,104,79,112
282,103,75,114
281,101,74,114
278,103,70,111
275,102,72,112
274,105,68,112
271,106,71,108
266,109,70,108
266,111,72,104
266,117,66,103
265,119,67,100
268,112,66,102
272,112,65,101
274,112,66,103
277,110,66,103
276,109,67,103
280,107,64,101
280,108,65,102
281,108,64,103
285,110,62,102
288,113,62,111
292,117,63,103
298,118,61,100
300,118,59,102
306,117,59,103
310,119,58,103
316,120,60,98
318,120,61,100
318,120,57,104
323,121,55,103
325,120,55,101
323,121,55,98
326,119,56,103
329,120,55,99
328,120,55,98
328,117,59,99
328,118,50,101
329,119,55,96
330,120,51,98
329,118,59,101
329,120,55,100
329,119,57,99
330,120,57,96
328,120,57,93
329,119,61,101
327,120,60,99
327,122,54,102
328,123,59,104
328,124,58,101
325,127,56,99
319,128,55,99
301,130,54,96
286,127,60,98
284,129,59,97
270,130,61,98
266,129,64,101
267,133,65,102
268,133,66,101
271,133,71,101
279,133,68,104
286,134,66,103
293,133,65,102
299,134,63,101
304,132,69,105
311,132,71,107
314,134,73,103
319,135,73,105
320,137,72,107
325,136,68,107
324,136,68,109
320,137,78,107
316,134,75,108
310,135,75,105
303,132,77,110
297,131,80,104
293,133,76,107
290,131,79,107
289,132,78,106
289,133,75,107
286,134,77,107
288,134,75,106
286,132,78,107
286,134,79,106
289,137,79,106
289,136,82,102
293,139,81,106
288,136,83,107
286,139,83,106
284,140,82,103
280,144,85,107
280,143,82,105
280,143,82,112
276,143,83,105
275,147,84,103
273,146,87,106
271,145,89,113
274,145,83,104
270,146,85,106
274,147,87,106
271,146,85,105
277,145,83,105
274,145,84,103
271,146,86,107
274,151,85,105
273,151,87,107
272,154,86,109
265,154,89,111
266,156,86,114
253,156,93,119
242,152,94,121
237,149,93,125
236,155,94,110
231,150,94,108
227,146,94,105
231,143,91,103
230,138,98,116
237,138,97,115
241,138,97,119
245,132,100,113
248,134,98,104
254,134,103,115
256,139,98,107
266,145,95,106
280,149,100,110
282,149,107,117
300,151,98,102
310,154,110,99
324,153,113,106
330,153,118,101
334,154,116,100
337,152,118,109
341,153,115,109
330,156,121,105
335,160,118,101
340,161,113,100
343,163,110,97
346,163,114,101
356,163,105,103
366,167,78,97
370,164,79,100
377,167,79,102
382,168,78,102
393,176,81,97
405,177,80,102
407,178,80,102
416,177,84,103
424,181,82,105
434,177,88,103
448,178,83,101
451,178,82,99
460,176,82,102
460,176,81,104
453,183,81,109
454,190,80,106
454,193,82,102
463,193,85,103
468,195,83,105
472,203,82,105
478,211,91,109
482,216,93,108
499,224,91,115
508,235,91,111
518,240,90,109
523,239,87,107
520,242,90,101
518,238,85,105
513,239,85,103
519,233,84,102
521,221,86,102
520,218,88,105
524,213,87,102
529,209,98,105
537,198,95,108
538,192,91,103
537,191,95,102
520,181,95,107
508,174,91,101
497,168,89,96
494,161,88,99
497,164,85,97
501,171,86,98
498,165,89,98
494,164,83,88
491,146,83,92
491,140,82,100
493,133,84,94
498,130,87,97
503,133,91,98
504,138,89,99
506,138,89,96
507,146,88,98
510,149,89,97
510,156,86,93
512,154,88,97
517,156,93,100
527,160,91,99
529,157,92,98
527,160,88,95
526,160,91,97
524,161,92,98
516,162,90,99
509,163,89,98
502,164,92,101
488,168,93,100
479,169,91,105
470,179,88,100
456,189,93,101
435,199,92,100
414,211,92,102
404,223,85,99
389,228,85,96
381,229,84,98
387,228,85,95
389,222,86,94
395,217,84,95
397,210,86,98
398,208,85,94
389,208,89,97
383,213,88,97
372,216,90,97
363,213,86,99
359,213,85,98
352,207,86,99
356,210,85,98
356,208,84,102
359,209,83,100
365,207,87,99
367,205,87,105
372,203,88,104
374,200,87,104
378,200,92,103
375,201,84,101
374,199,90,105
367,205,91,107
368,207,90,107
361,208,92,108
353,208,92,106
353,209,90,108
349,206,91,109
343,211,88,107
344,208,89,108
335,208,93,112
334,212,88,114
321,215,97,112
319,212,95,116
315,216,94,114
309,216,95,118
306,221,91,112
302,217,95,120
300,219,92,114
294,220,94,121
295,226,90,117
290,225,95,117
278,219,92,118
266,226,92,124
255,229,90,117
247,226,92,122
234,231,90,122
228,240,91,115
223,241,92,114
212,237,93,118
196,237,95,120
184,253,93,111
176,254,93,106
175,251,94,108
158,250,98,106
145,252,97,105
134,255,95,103
129,248,91,106
130,249,92,109
122,249,90,109
109,248,97,111
98,244,97,114
84,253,97,106
82,252,96,108
78,252,95,109
72,248,97,111
64,247,95,111
65,249,91,110
63,250,92,110
57,244,109,108
54,249,139,97
56,258,140,94
62,275,129,91
56,269,143,87
55,279,145,83
60,280,142,79
61,280,150,78
63,277,148,84
70,279,144,79
81,266,148,89
87,261,148,88
100,262,148,86
120,255,146,92
125,250,140,103
139,243,134,101
145,251,136,99
155,258,131,91
160,255,130,92
157,254,130,97
164,250,122,96
174,259,116,90
174,257,114,89
180,251,121,98
184,250,114,93
184,249,110,108
190,247,109,98
196,246,110,108
206,241,107,112
211,235,103,113
217,237,103,111
224,239,98,107
234,226,93,109
234,220,90,105
231,221,92,104
230,223,90,105
231,233,93,102
227,229,83,108
216,228,88,100
215,230,86,107
204,238,88,105
196,241,85,103
187,246,87,98
184,245,85,99
182,242,86,99
174,250,87,109
165,265,89,94
163,266,87,89
163,262,87,93
163,252,88,99
167,244,83,96
170,239,85,98
175,229,83,96
184,222,84,99
188,214,84,102
191,209,81,100
197,196,80,93
199,185,79,95
197,176,80,107
201,173,81,100
197,166,79,106
199,164,81,103
203,162,80,109
205,162,79,99
205,163,81,107
212,165,76,104
210,167,81,99
213,171,79,100
218,170,78,92
219,168,77,108
219,168,78,111
227,167,75,105
232,164,77,103
238,161,77,102
242,156,78,99
244,151,76,98
251,150,76,110
257,151,74,102
256,150,75,103
260,148,75,107
264,147,73,95
267,146,73,104
266,142,76,107
268,141,78,108
266,141,78,95
266,143,76,82
262,139,80,81
262,134,81,86
259,129,78,85
256,129,90,84
252,135,73,80
253,129,62,81
249,127,64,84
247,125,68,83
243,128,70,82
238,127,72,82
234,125,77,88
234,127,80,85
231,128,79,82
227,125,80,84
223,126,82,86
221,129,79,79
219,128,84,82
221,127,80,80
217,126,82,84
218,126,82,84
214,127,84,84
214,132,79,76
211,130,85,82
210,131,84,85
209,130,84,84
210,133,80,85
209,133,86,84
204,133,84,88
205,138,86,89
202,137,88,88
197,139,91,89
199,140,88,89
195,143,91,89
188,147,98,92
188,147,95,92
184,150,97,92
189,150,90,92
186,153,96,92
182,152,100,96
180,150,99,95
178,149,99,94
186,151,97,95
184,151,100,95
180,149,102,99
182,150,100,97
183,153,99,95
183,151,101,99
178,154,104,100
180,156,101,99
180,154,100,99
179,156,103,99
183,157,99,97
184,157,98,99
190,157,94,96
191,157,95,97
192,156,98,100
194,156,96,98
195,156,95,97
195,156,100,97
196,156,100,102
200,153,96,100
202,155,97,99
204,154,95,100
204,154,93,101
204,156,96,96
202,152,99,101
204,152,94,98
207,152,96,97
216,153,91,90
215,155,88,91
215,155,92,84
218,154,91,86
220,152,88,88
220,151,89,91
222,150,86,90
221,150,87,88
222,146,87,91
227,151,86,85
227,147,88,88
229,148,85,85
230,145,83,86
232,147,83,83
233,149,78,84
234,147,81,82
233,151,82,80
236,148,79,81
243,150,75,81
245,148,71,82
233,149,82,80
231,148,85,76
232,155,82,67
231,143,84,78
234,139,81,80
233,139,81,78
232,136,84,85
229,131,80,85
229,136,82,81
225,135,81,81
225,135,80,83
223,132,80,82
221,132,83,81
220,134,84,83
224,135,81,81
222,132,78,84
223,131,80,80
224,130,79,83
224,128,82,83
226,130,79,81
232,128,71,83
225,129,81,81
217,129,88,83
218,131,84,82
215,129,85,84
218,131,83,83
214,130,85,80
215,128,85,87
212,132,87,86
217,140,83,83
210,139,87,79
215,141,84,79
214,140,86,78
217,136,84,77
215,134,85,80
216,132,87,83
218,134,87,84
221,134,86,83
222,134,86,82
222,133,88,83
221,135,93,86
224,135,84,87
223,138,83,85
222,138,86,86
222,142,84,84
219,142,87,84
219,147,84,82
214,141,88,86
214,142,88,89
215,140,80,87
211,146,86,88
208,148,87,90
207,144,91,91
205,149,87,90
205,150,90,88
200,151,89,90
202,154,88,89
198,154,88,88
199,152,87,87
192,155,91,90
197,159,90,90
202,158,83,87
203,157,86,88
199,157,93,89
197,157,93,92
202,155,88,89
203,160,94,89
205,157,91,89
212,159,91,93
214,163,91,91
214,160,93,91
221,164,91,89
223,161,93,88
227,165,93,86
226,167,97,87
228,165,94,88
225,160,98,91
231,166,97,93
228,161,96,96
229,167,96,91
234,169,92,86
237,165,93,89
236,163,92,94
234,165,93,92
238,164,95,94
239,161,93,97
239,172,97,93
242,156,96,102
247,157,96,107
246,145,99,124
246,158,93,111
247,153,98,118
247,151,102,120
249,145,98,116
249,152,103,114
246,162,97,105
249,163,100,101
253,159,96,108
251,172,96,99
249,169,94,99
250,162,95,102
254,171,94,98
248,170,100,98
250,165,100,103
243,168,97,98
244,170,103,96
243,170,101,99
242,175,103,99
237,167,106,99
235,171,104,100
238,173,99,100
234,173,105,96
241,175,95,98
234,178,97,98
227,173,104,98
225,174,102,99
222,164,105,108
220,167,103,106
218,179,102,97
216,175,100,101
216,184,101,100
212,182,101,98
214,179,97,101
208,181,101,107
215,185,90,98
206,181,99,106
210,186,95,100
202,182,102,101
205,186,99,100
206,183,96,102
211,183,96,101
208,182,96,101
214,183,89,97
207,187,97,95
208,181,101,101
213,179,97,100
216,183,96,98
214,172,101,102
217,170,99,104
215,164,100,108
212,164,108,101
213,159,104,105
215,162,99,107
214,161,102,104
214,163,99,106
215,157,97,110
208,164,104,103
211,160,99,106
213,158,100,108
212,156,101,111
214,156,103,111
217,162,101,104
221,157,101,108
225,162,102,101
234,159,98,104
232,162,103,93
238,157,99,98
242,160,99,96
254,163,89,93
253,161,90,93
257,161,87,93
264,160,79,92
267,155,80,94
269,153,82,91
268,153,86,92
263,143,92,104
264,142,94,101
272,142,88,99
275,138,84,106
280,138,80,103
282,137,78,106
283,133,87,101
285,138,106,107
289,133,108,112
299,134,103,122
299,128,105,128
303,123,107,134
300,123,107,136
308,128,104,128
314,126,97,132
312,123,103,136
314,124,104,131
314,123,106,122
313,125,111,130
313,127,109,131
310,129,114,129
307,118,119,133
301,121,128,137
300,119,129,147
294,120,133,148
289,118,141,139
285,125,143,123
281,128,157,111
272,133,163,109
272,135,166,87
307,142,137,90
329,132,116,95
340,136,108,91
339,134,109,94
357,131,96,98
362,135,90,93
360,136,93,94
374,137,81,89
374,138,81,91
371,141,77,90
372,139,82,90
363,138,86,92
355,140,90,90
361,139,89,89
366,141,78,87
373,141,74,83
372,143,76,82
359,139,82,89
360,138,82,85
351,139,92,87
347,137,100,87
347,140,98,88
348,137,95,88
346,139,90,88
343,138,90,85
346,139,92,85
340,139,87,85
341,138,85,83
337,139,85,82
333,139,86,81
331,138,85,82
327,138,84,81
324,138,86,81
317,138,89,82
314,139,87,80
313,140,84,83
310,140,87,81
307,140,84,82
303,140,86,81
308,138,82,84
302,138,86,85
301,140,89,84
303,137,90,86
295,135,96,82
294,135,86,84
294,134,86,82
292,133,80,83
290,133,79,82
285,133,83,83
286,133,69,83
284,130,72,86
278,131,76,86
279,132,75,85
276,134,76,83
273,131,76,83
275,133,77,84
267,131,79,85
264,134,81,85
260,135,79,84
253,137,80,83
249,138,87,85
239,141,85,82
237,141,81,83
230,144,80,83
226,148,79,79
222,145,81,81
218,148,78,76
216,147,72,78
207,151,77,73
195,154,84,67
196,155,79,67
196,155,79,67
196,155,79,67
184,159,77,62
181,158,74,56
181,159,77,58
181,157,74,55
182,158,72,57
182,160,73,50
182,160,70,44
179,160,76,49
179,160,76,49
179,160,76,49
179,160,76,49
179,160,76,49
186,180,77,55
191,153,67,44
196,152,64,42
196,151,63,43
202,151,58,42
200,151,60,41
204,150,59,42
204,152,59,43
203,152,60,45
204,154,63,47
206,155,61,43
207,157,58,35
210,158,59,38
226,156,46,39
233,153,41,36
238,153,38,39
240,152,39,38
240,152,39,38
249,151,40,38
249,151,40,38
249,151,40,38
262,146,44,45
262,143,48,50
270,146,48,51
275,151,46,46
271,146,53,48
277,143,49,50
286,144,41,47
288,143,43,42
291,143,45,50
291,143,48,53
297,142,45,50
301,141,43,50
300,138,44,51
297,136,51,51
300,133,52,54
297,129,55,38
303,128,53,36
309,125,49,39
313,125,45,29
317,123,44,33
320,118,43,34
328,116,41,33
330,113,43,34
334,111,44,36
333,109,48,39
334,110,54,36
335,109,54,37
336,108,56,37
345,108,49,45
345,108,49,45
354,98,46,48
348,104,51,47
341,104,59,49
338,102,65,46
340,103,63,44
339,105,64,59
329,102,75,46
324,103,86,42
330,105,83,38
330,104,85,42
334,100,78,57
332,101,83,72
336,98,82,77
335,96,80,87
333,97,85,82
336,98,87,88
335,95,84,87
337,94,83,93
339,96,89,87
342,94,85,90
346,94,87,92
347,93,86,96
349,97,87,91
353,98,91,91
356,98,91,90
355,101,89,90
356,100,92,91
360,102,92,92
357,101,97,93
363,103,93,91
363,102,98,95
362,100,100,98
372,103,94,96
370,101,99,100
371,100,95,100
375,101,101,104
378,101,100,99
377,103,101,93
378,104,106,96
382,104,105,96
387,103,104,98
384,101,109,101
388,96,107,105
389,98,109,101
390,96,108,99
394,101,110,110
394,96,111,106
397,100,114,111
397,97,114,113
397,104,116,109
401,106,119,110
405,107,120,113
410,103,119,113
412,104,124,120
417,106,118,117
421,106,120,116
427,106,115,116
424,109,123,119
433,109,119,117
429,108,126,118
425,110,135,119
430,108,127,120
434,104,121,121
431,117,128,123
424,113,142,116
427,112,137,120
429,114,134,118
431,113,130,118
430,112,141,120
434,115,133,126
432,111,140,130
436,112,135,122
432,110,141,122
439,111,132,125
440,109,133,124
437,109,137,130
442,108,135,133
437,109,143,128
443,108,133,124
442,107,140,133
443,108,139,125
450,112,133,127
451,113,134,120
447,112,133,122
436,108,148,126
441,115,134,127
443,106,132,128
443,116,130,121
443,112,134,126
442,117,135,122
444,117,136,119
447,117,126,122
445,119,132,121
441,113,132,124
446,116,129,121
439,114,132,124
438,119,132,120
444,114,123,120
440,116,126,119
437,114,128,112
440,112,124,116
441,108,122,117
444,106,120,119
436,109,130,111
436,106,122,113
436,110,124,112
439,103,126,113
441,106,123,108
434,100,126,116
436,103,124,112
432,96,129,116
436,96,126,120
435,94,125,117
436,93,126,116
442,93,123,115
436,95,124,114
444,95,120,113
440,96,123,111
444,92,123,115
451,93,118,114
449,98,120,108
448,93,121,112
453,93,121,113
461,95,108,115
457,90,116,116
462,97,110,111
456,94,117,110
457,90,119,111
462,94,114,106
461,93,118,109
468,95,117,102
468,94,118,106
468,92,121,107
468,92,117,110
472,95,118,104
474,94,122,109
475,95,119,107
481,95,116,106
482,92,120,105
485,95,117,105
487,96,112,107
476,94,124,111
475,102,123,107
473,109,115,107
470,106,114,103
457,101,117,110
448,99,123,111
436,109,117,115
429,108,117,112
422,109,121,117
413,118,121,112
407,122,117,113
393,121,111,110
382,119,118,111
376,120,121,111
369,118,121,110
360,117,120,111
350,121,119,120
348,121,114,110
346,125,113,112
339,128,114,114
340,127,106,106
335,129,116,111
331,128,111,113
332,127,112,110
330,128,112,114
325,128,112,112
327,129,114,111
324,133,111,109
323,132,110,110
322,137,110,110
315,140,109,111
312,138,110,108
312,141,110,107
312,143,109,110
308,140,107,105
306,144,111,107
300,144,113,108
300,144,108,109
299,147,112,108
297,146,115,106
295,143,108,112
299,147,101,107
290,148,107,106
287,149,112,112
286,148,107,109
288,150,106,109
289,153,99,107
291,148,99,110
289,152,101,106
292,150,97,106
287,151,106,106
289,148,104,107
290,148,102,105
291,148,98,103
292,152,105,101
290,151,108,103
288,154,108,101
292,146,107,101
297,149,104,99
296,150,104,100
298,152,102,98
293,148,109,105
297,148,109,103
306,153,99,99
303,150,101,99
302,147,108,101
303,152,107,103
309,149,105,102
309,152,104,98
307,148,110,103
312,148,103,101
308,145,111,98
316,146,100,99
315,150,108,97
314,146,106,98
320,150,108,99
327,153,102,92
326,147,102,100
324,150,108,99
330,149,103,93
330,151,100,98
336,153,95,93
336,149,93,97
336,154,101,98
340,162,99,88
344,157,97,95
337,159,102,96
333,164,104,98
326,164,105,100
319,172,113,94
321,180,105,87
318,181,105,87
317,180,109,92
314,180,107,94
314,185,101,86
314,185,102,92
311,188,101,85
313,187,103,90
310,183,103,91
312,183,104,95
310,181,102,96
307,178,106,95
307,178,103,93
309,177,104,97
306,178,102,92
307,179,103,94
305,182,102,95
305,176,98,97
301,181,105,97
304,181,99,98
302,179,104,97
299,180,104,100
303,182,102,100
303,184,100,99
301,189,101,93
305,185,100,96
298,185,101,98
293,187,106,97
292,185,106,97
291,191,106,99
294,186,108,106
298,190,107,102
291,193,100,99
294,189,103,103
293,190,102,97
293,196,102,98
291,195,101,100
283,194,98,95
281,189,103,100
284,196,102,97
276,190,100,97
276,188,101,100
274,187,102,103
263,182,106,102
267,185,103,105
260,185,105,101
258,183,107,107
250,182,112,112
250,185,106,107
250,186,107,103
247,196,103,101
240,192,106,107
233,194,113,109
230,195,109,108
221,197,113,108
216,201,111,111
201,204,114,112
189,204,114,117
196,207,111,118
185,206,114,116
182,211,109,117
177,211,113,117
180,211,111,120
177,213,115,118
167,215,121,117
176,215,113,116
167,215,112,122
171,216,108,120
172,218,114,117
168,217,117,119
179,218,109,123
175,220,116,119
173,217,117,123
178,219,112,120
180,218,111,118
179,218,116,122
184,219,110,116
188,220,115,121
184,221,115,119
187,222,111,119
186,226,120,123
188,226,123,116
190,232,122,117
191,234,128,115
194,229,118,121
198,227,120,126
196,225,122,128
192,222,125,130
195,221,124,129
193,221,128,128
199,223,125,129
199,227,128,123
204,225,124,127
208,228,123,127
206,221,124,124
207,226,131,125
206,222,131,130
210,215,142,137
208,204,144,149
209,206,146,149
212,203,146,151
213,193,151,159
214,203,140,148
218,199,140,158
218,198,143,155
220,198,140,159
227,208,130,150
230,209,133,149
229,201,136,152
227,201,142,150
235,207,132,147
233,200,135,154
229,201,138,157
233,199,138,152
233,205,135,151
232,207,134,151
233,195,136,167
237,204,132,154
235,202,137,153
243,203,134,154
242,207,128,151
244,207,134,148
250,203,127,153
252,209,132,153
261,197,129,161
265,218,127,137
272,222,129,135
278,217,131,141
284,217,130,134
288,213,133,138
295,224,132,132
295,218,136,135
300,212,132,140
302,215,131,134
306,209,134,145
300,200,144,154
308,201,141,153
299,201,151,156
317,206,135,148
330,223,125,133
326,220,132,131
327,224,124,127
324,217,139,130
324,224,138,124
328,222,128,135
327,217,132,136
329,210,136,136
340,207,126,139
342,211,125,142
340,199,136,147
344,205,136,138
344,224,136,130
350,220,139,137
349,202,139,140
347,212,146,137
366,229,129,134
367,226,135,126
366,225,142,130
376,230,136,124
388,225,123,128
385,218,129,130
388,220,128,128
383,219,136,124
393,220,129,121
393,219,127,128
398,219,127,121
391,214,129,121
390,211,132,126
392,214,131,125
394,214,130,124
393,209,131,124
393,210,130,124
398,213,127,123
397,208,127,127
402,207,124,128
400,210,128,124
400,207,129,125
404,207,129,124
403,204,130,128
404,200,132,128
407,205,130,124
413,203,133,127
418,203,132,128
417,205,133,124
423,203,129,128
428,203,128,127
430,208,133,121
430,206,135,125
430,204,134,129
432,207,133,125
436,207,136,128
434,204,136,134
435,210,134,129
436,209,135,125
436,210,139,127
440,210,129,129
438,209,138,131
435,210,136,131
441,213,134,126
437,210,140,132
440,211,139,133
441,211,143,133
439,212,139,134
442,213,140,134
442,212,144,134
441,214,143,132
440,217,147,133
440,217,146,137
438,218,148,132
438,217,150,135
435,215,153,136
441,215,149,138
440,215,150,138
444,219,149,135
444,218,150,136
442,218,150,136
440,211,150,141
444,213,146,140
444,214,148,140
446,217,148,140
444,216,148,139
440,213,153,140
435,210,149,141
434,212,147,140
426,207,153,139
425,212,145,135
418,211,141,132
416,210,134,132
409,207,134,131
402,204,134,132
391,205,134,131
382,199,131,129
380,203,129,126
377,203,131,124
369,202,127,122
362,200,128,121
356,198,127,123
350,198,124,120
352,198,121,118
345,197,123,116
344,196,120,122
344,197,116,114
344,201,111,111
348,199,115,109
349,197,113,109
354,191,115,111
352,192,118,114
354,187,117,116
356,188,116,119
364,183,111,118
365,187,111,112
365,186,110,113
370,182,111,116
375,177,112,116
386,179,103,115
387,173,105,115
398,169,107,113
404,168,99,111
407,165,103,99
410,166,100,96
415,166,98,93
419,165,101,87
422,162,100,85
430,161,93,81
437,159,90,75
435,161,96,78
443,157,90,77
439,154,98,77
444,155,97,82
442,153,104,75
442,152,109,72
452,151,105,78
453,155,102,78
450,155,106,79
451,156,106,77
461,157,97,79
463,159,98,76
458,160,102,75
461,161,100,73
466,160,90,69
457,160,93,65
460,161,87,47
478,187,72,47
477,175,70,52
474,169,66,43
476,167,68,47
471,164,60,46
470,162,62,48
470,161,61,47
469,161,51,47
472,161,47,48
475,160,49,42
471,159,51,42
471,154,50,46
470,152,48,47
469,148,48,48
469,146,56,45
469,141,55,47
471,141,48,50
470,140,47,47
470,139,47,48
470,140,47,49
469,141,49,48
471,141,47,47
469,144,48,48
470,144,47,47
470,144,47,45
468,143,50,44
469,143,53,43
470,143,48,46
470,147,48,45
470,150,47,39
496,157,46,35
497,164,45,31
469,147,50,35
464,148,54,39
463,148,48,30
461,149,49,33
463,148,47,36
463,147,49,36
462,146,46,39
461,147,51,40
462,148,48,38
461,147,52,38
452,147,51,38
443,147,54,37
431,152,56,35
419,156,57,33
426,157,59,36
412,159,68,36
387,161,56,38
410,164,63,45
401,167,65,46
401,166,65,47
382,169,73,52
368,171,77,51
362,175,74,53
362,178,75,56
359,180,78,51
349,182,83,52
345,185,77,56
334,184,84,48
380,225,98,57
315,171,93,63
316,171,85,61
312,182,90,50
302,185,94,47
298,185,87,54
293,186,92,58
290,189,85,57
284,190,86,53
273,191,88,61
255,184,93,41
253,187,94,39
247,186,91,40
244,192,93,35
245,195,89,39
230,198,97,48
222,196,106,57
218,199,97,54
212,196,101,59
213,195,103,70
201,186,83,75
208,185,78,74
217,195,78,65
216,192,82,59
222,195,79,52
227,196,77,38
213,196,88,32
204,198,97,29
204,196,96,27
194,194,103,26
200,196,96,27
201,196,94,25
197,194,90,27
210,196,81,39
212,193,73,44
206,190,75,45
206,190,73,51
201,190,76,51
195,190,79,48
189,190,83,42
178,187,85,41
174,187,90,41
170,187,86,38
172,188,85,36
173,190,82,35
157,188,87,30
154,188,81,28
153,186,88,31
148,187,86,30
146,188,96,29
145,189,91,24
149,187,86,25
189,155,76,28
201,155,72,31
174,185,69,30
177,185,68,31
181,184,67,31
186,185,69,32
192,183,68,32
195,182,69,36
197,178,71,38
202,174,70,41
207,170,71,39
212,165,69,40
214,161,69,40
216,163,70,36
220,162,63,33
228,158,57,28
228,158,57,28
231,152,57,27
197,203,64,36
196,198,71,46
196,198,71,46
196,189,74,57
184,186,86,60
187,187,91,66
180,186,106,71
174,184,108,72
175,177,104,78
176,177,103,86
184,165,88,101
180,166,93,104
175,161,102,113
173,167,105,114
163,174,111,109
169,176,100,107
167,175,107,105
167,172,104,108
167,170,108,109
165,167,106,109
165,171,110,107
170,170,105,106
167,169,106,106
166,172,108,100
171,166,105,105
165,161,117,111
175,160,111,112
176,157,115,116
175,161,115,120
174,166,119,117
176,168,122,117
189,171,112,118
183,176,124,117
190,177,122,115
190,179,132,119
204,178,121,124
211,178,125,126
207,178,128,126
213,178,127,127
222,184,126,127
223,188,129,126
230,189,129,131
227,194,133,123
242,193,129,130
241,192,130,130
249,198,128,130
245,197,139,128
251,197,138,125
265,195,127,127
263,200,125,122
270,193,125,130
266,179,133,137
273,180,130,128
282,178,131,131
284,182,132,124
288,180,140,129
293,173,135,132
298,170,134,129
302,165,130,129
302,165,133,127
309,160,134,131
315,162,133,132
319,161,133,129
318,158,133,135
318,152,132,127
326,155,138,133
326,151,137,129
324,153,143,136
331,145,137,137
331,151,142,132
330,156,148,127
331,147,143,131
338,155,139,133
345,156,137,132
345,150,140,131
353,149,132,129
351,150,141,135
349,160,139,127
350,153,148,136
356,153,141,128
361,148,138,132
362,149,134,135
360,156,137,135
365,156,140,136
368,154,140,138
366,159,142,138
365,149,144,143
366,153,135,138
374,155,131,139
378,149,136,144
372,153,142,141
365,152,151,141
361,153,149,143
370,154,149,142
368,155,145,144
377,153,138,139
368,158,147,138
373,158,144,139
371,154,140,142
373,156,145,140
369,153,149,139
365,159,142,140
372,157,137,143
373,159,134,145
366,157,144,137
364,159,134,138
368,158,135,135
366,158,139,137
358,157,143,140
356,158,140,140
361,156,140,138
357,150,148,140
348,152,150,146
348,150,145,143
348,150,147,141
344,149,146,141
349,139,140,138
351,142,145,142
355,142,153,135
350,145,153,140
355,144,153,142
358,148,162,143
362,156,150,148
366,157,151,152
366,158,152,146
366,165,143,152
353,168,144,145
349,171,154,148
347,177,143,148
337,178,152,149
327,171,159,149
327,173,159,147
323,167,160,151
319,173,156,152
321,170,152,151
317,169,154,151
318,166,155,158
315,163,159,159
311,156,167,166
319,169,164,160
322,166,159,157
328,168,158,165
328,181,152,161
329,178,167,164
326,185,168,162
329,191,170,157
324,199,168,160
325,196,166,154
322,200,163,155
325,205,166,149
318,206,169,151
314,205,172,149
315,206,176,150
317,207,174,148
313,204,181,152
315,204,181,151
316,207,175,154
314,206,182,150
314,204,182,150
309,205,187,151
321,201,181,155
315,202,186,152
315,202,188,156
318,204,186,147
314,205,191,156
319,209,186,152
321,211,188,150
321,213,193,136
319,219,199,140
328,226,189,137
320,232,197,129
334,235,185,122
333,237,188,122
336,240,186,119
336,240,187,117
339,242,193,115
346,242,186,114
335,239,189,120
336,241,191,119
332,237,190,119
331,239,193,123
334,239,190,113
324,238,199,118
338,236,189,119
331,239,200,121
344,240,181,114
340,244,184,113
350,241,175,118
344,241,182,117
346,242,178,112
339,244,184,113
338,243,182,116
344,242,176,110
335,241,180,116
338,239,176,122
337,238,172,119
340,239,166,119
332,234,172,121
324,238,173,120
330,239,164,120
324,240,166,119
317,239,171,118
316,245,167,117
315,232,162,119
314,241,157,115
315,235,152,115
313,238,149,118
304,237,153,118
297,238,153,117
295,234,154,123
293,229,145,128
290,231,147,123
291,225,144,126
290,224,142,131
288,219,140,136
279,217,145,138
280,217,144,141
281,215,128,142
273,215,142,140
279,213,138,136
276,212,134,141
279,220,136,137
286,218,130,134
284,209,134,137
283,209,131,134
278,206,133,134
277,208,130,135
276,205,128,131
275,205,131,129
274,204,130,134
266,205,135,137
271,208,129,135
263,206,127,127
260,203,123,129
254,200,124,126
258,199,125,131
257,200,127,126
261,193,122,130
251,199,125,121
255,190,118,129
253,193,120,123
251,199,122,120
247,191,121,126
263,197,112,124
265,193,115,120
265,185,119,126
264,186,125,122
272,185,120,117
275,183,112,114
280,185,120,117
285,185,113,115
285,186,115,119
286,185,115,116
292,185,125,113
306,181,116,117
305,174,114,107
309,177,113,111
322,177,105,109
321,180,109,110
320,180,111,111
323,180,105,110
318,184,114,111
315,177,115,111
314,181,116,108
320,178,104,110
315,177,113,110
314,179,115,117
316,182,110,113
304,187,119,113
305,183,117,113
309,188,113,115
307,194,119,112
302,192,115,119
302,199,113,114
304,204,113,122
300,208,117,120
299,211,117,121
292,218,121,121
292,222,124,120
291,223,120,128
290,225,127,125
286,224,126,128
287,230,128,123
287,230,125,124
284,234,127,128
282,237,133,121
283,244,133,112
282,245,135,111
280,247,137,109
286,251,135,105
286,258,137,101
286,260,142,98
284,258,143,99
290,262,142,95
292,265,143,100
292,258,142,99
288,254,155,100
295,255,151,102
303,254,146,105
303,245,150,112
306,234,156,121
309,234,154,118
311,229,153,125
310,231,157,123
312,234,150,120
307,233,154,123
301,235,157,120
297,236,161,124
300,241,157,118
302,238,153,118
296,243,161,115
291,242,166,120
290,243,164,115
296,245,162,114
292,249,167,114
290,251,164,111
296,252,161,105
289,252,168,103
302,258,156,98
303,259,155,92
289,264,168,97
293,263,162,94
295,263,158,94
300,261,158,92
302,264,157,95
311,267,150,88
303,270,153,89
300,264,162,92
302,265,163,93
304,264,162,91
300,258,164,97
294,261,170,107
294,254,165,108
290,253,167,107
296,252,163,108
297,250,162,107
295,251,162,110
297,249,163,107
298,253,163,109
299,249,159,112
299,249,160,112
301,242,160,110
302,248,157,113
305,251,154,112
304,247,160,110
303,246,158,111
304,243,152,112
304,240,151,119
306,242,146,116
303,242,147,114
294,241,152,113
297,241,150,114
300,241,146,115
298,241,143,115
301,242,135,113
303,245,136,110
299,243,139,113
300,248,141,108
293,248,147,108
294,251,137,105
292,253,135,102
295,252,129,103
297,250,128,105
296,248,129,110
301,246,126,111
296,242,129,115
288,242,138,116
305,241,118,114
305,238,120,116
303,242,117,114
296,243,121,110
294,245,124,112
296,245,118,109
298,245,113,110
291,242,116,108
292,244,114,106
296,241,113,110
291,235,115,114
292,235,110,112
292,231,111,115
300,231,107,113
301,231,112,115
302,230,111,114
306,230,107,112
306,226,108,113
304,225,114,111
298,215,116,118
304,213,107,110
307,207,103,112
303,206,103,105
299,203,104,108
299,198,101,103
293,199,111,107
294,196,105,108
298,195,101,105
298,191,104,105
299,187,103,104
301,185,105,105
300,186,103,101
304,185,105,105
306,183,106,102
310,182,96,107
306,182,102,105
307,183,107,104
308,179,101,104
311,180,98,108
309,179,98,104
300,175,107,103
302,176,107,102
301,175,103,106
299,178,109,102
303,174,102,104
305,171,100,104
305,170,101,102
302,172,103,103
299,174,106,102
301,170,108,104
302,171,107,105
304,175,106,103
308,173,105,101
306,174,105,104
305,173,107,106
311,175,100,103
313,173,104,100
309,170,105,104
312,167,107,104
310,171,107,102
317,173,105,105
313,171,106,105
311,174,107,104
319,179,100,109
321,181,103,105
317,184,108,104
319,189,108,107
324,196,102,105
329,195,99,111
321,200,110,106
322,210,111,107
320,213,108,108
321,218,105,114
320,223,104,110
316,220,106,114
320,228,107,110
316,230,109,108
324,226,103,111
323,230,109,109
324,231,111,110
327,229,107,110
327,232,111,112
331,234,111,113
335,235,112,116
334,236,113,115
339,238,110,111
335,238,117,113
342,239,112,114
344,239,111,114
344,238,115,114
347,239,113,111
350,234,112,117
350,230,117,117
352,228,123,118
355,229,122,114
362,229,119,116
367,224,124,123
373,223,120,119
376,223,127,120
377,222,123,117
385,219,122,122
386,214,127,123
386,221,132,115
395,215,120,121
387,212,131,127
389,216,126,116
391,212,132,124
393,206,132,127
391,211,131,125
393,213,133,124
392,209,132,121
402,208,131,129
389,208,138,133
386,207,134,129
389,210,140,132
385,207,138,134
395,210,130,132
388,213,136,131
383,210,133,127
376,207,140,139
371,207,140,133
370,211,140,134
367,207,132,139
353,207,138,139
352,205,144,139
343,206,152,151
343,206,151,135
341,206,150,144
336,202,139,140
339,199,148,142
332,197,158,146
328,198,163,147
321,198,156,145
326,197,160,145
326,198,141,145
336,194,144,149
333,191,142,146
322,193,157,150
334,193,152,150
329,195,153,148
328,195,153,148
324,195,158,157
331,200,148,154
332,204,148,148
335,208,152,144
331,210,150,146
321,212,154,142
311,219,157,142
296,227,166,132
288,231,153,132
282,232,144,130
282,226,139,130
260,227,149,131
241,241,156,121
243,237,152,118
236,247,152,110
226,254,159,102
243,256,142,100
251,266,124,90
237,275,131,82
236,276,130,80
228,271,137,86
225,276,138,79
225,275,137,81
229,271,129,83
225,267,135,89
220,264,136,83
220,257,136,96
226,257,126,99
221,256,129,97
215,254,137,100
222,244,123,112
223,239,126,118
213,229,128,127
203,231,143,126
198,228,141,128
192,220,145,131
194,218,137,134
190,221,142,132
195,216,136,132
194,205,133,132
197,200,131,127
198,190,128,131
203,184,122,130
200,181,126,123
205,185,120,121
205,174,116,120
200,181,121,114
201,168,121,127
206,174,109,110
207,172,110,112
204,182,109,106
202,181,106,105
197,181,109,111
194,192,102,107
192,190,104,106
197,186,99,105
193,191,108,105
199,188,105,105
203,190,103,100
206,186,104,101
206,183,100,104
205,185,101,103
206,180,103,99
204,181,102,103
206,176,106,104
209,181,101,101
215,179,99,98
220,185,96,98
221,178,98,96
220,184,98,97
225,183,95,98
225,182,93,99
219,183,102,100
223,183,98,97
219,186,102,100
223,188,99,100
229,187,96,98
231,187,95,98
230,187,94,97
234,189,97,100
234,189,95,99
235,190,94,94
237,191,93,97
238,188,93,94
243,192,95,99
243,198,95,97
245,196,94,95
248,199,95,96
248,200,96,92
249,206,99,93
249,206,92,100
249,204,93,96
247,208,94,98
245,210,93,96
245,210,89,97
241,209,93,99
235,211,94,96
234,209,98,97
236,212,92,99
228,211,97,99
230,208,93,97
225,210,94,97
220,211,97,99
221,207,94,99
221,206,90,99
223,211,84,94
217,212,93,95
218,209,96,100
217,211,93,96
217,209,95,99
216,215,98,94
214,211,100,100
214,219,98,100
215,212,97,99
214,212,96,99
212,212,97,96
215,212,92,96
213,209,96,94
214,215,96,88
208,209,96,92
207,209,98,95
207,207,95,94
205,205,93,96
203,207,93,96
201,202,97,96
198,204,95,95
199,204,93,94
198,203,91,92
199,200,93,97
194,200,94,91
194,203,89,90
196,202,87,94
194,207,92,89
193,204,89,87
196,211,83,88
197,205,87,95
198,205,86,93
201,205,82,91
202,204,82,92
210,205,81,90
219,205,87,91
233,203,83,89
239,195,84,90
239,186,83,90
243,179,79,88
246,171,81,88
242,156,82,91
238,152,83,86
233,144,86,85
232,139,78,84
225,133,79,88
217,127,87,89
212,120,83,89
203,115,86,86
199,112,97,85
193,110,101,86
193,106,96,87
186,103,96,86
179,96,96,86
182,94,96,83
178,94,98,86
179,92,100,86
176,93,103,87
182,88,98,88
187,85,101,87
190,79,97,86
198,68,89,90
196,69,96,90
200,63,93,92
203,62,97,87
207,59,97,85
209,61,96,84
211,59,97,89
213,56,89,84
209,53,92,84
210,51,96,85
211,49,90,88
210,46,87,85
211,43,86,91
211,44,86,89
207,44,90,90
207,48,88,87
208,48,84,87
209,52,86,90
215,54,86,88
217,57,82,86
212,58,88,86
213,61,82,90
213,62,75,85
207,64,81,85
206,67,80,89
206,73,80,85
205,75,79,87
203,80,79,84
201,77,76,81
200,76,77,81
203,71,74,77
204,63,75,81
208,58,74,76
212,57,70,74
211,57,72,74
211,61,72,73
209,63,76,72
208,64,78,70
206,65,80,71
209,67,79,74
212,67,77,72
218,64,73,73
218,62,76,74
228,57,71,71
234,49,69,70
240,40,71,70
243,25,73,72
244,24,74,72
254,9,75,76
254,1,78,78
263,0,77,71
271,-5,75,69
266,0,82,60
284,2,71,56
294,2,69,57
302,2,69,59
312,2,68,66
314,1,68,69
318,1,67,69
323,3,66,69
328,3,66,70
331,3,68,68
333,5,65,68
334,1,67,70
338,4,63,68
342,1,65,71
345,2,64,69
344,3,65,69
346,3,67,68
348,0,66,65
350,1,64,62
350,2,66,59
350,1,65,60
351,0,65,56
350,0,66,48
350,0,68,45
352,1,64,46
348,0,69,45
344,0,69,39
339,0,72,35
335,2,70,31
329,1,70,34
328,0,67,32
319,2,73,40
314,1,74,43
302,1,79,49
286,1,82,57
283,1,82,61
269,1,85,68
258,5,82,80
252,16,81,80
246,30,83,81
243,34,86,78
241,44,82,72
241,54,77,67
239,55,78,70
241,60,73,68
240,60,74,69
239,64,72,64
235,66,73,67
232,67,72,68
229,71,70,65
228,70,72,68
223,73,72,68
221,72,71,67
215,75,73,68
212,76,72,68
211,76,73,69
202,73,76,70
194,75,80,72
185,72,80,71
180,78,78,72
166,79,84,70
158,75,84,72
150,74,85,74
142,72,83,73
134,72,86,72
132,72,75,75
123,68,80,73
122,66,74,71
115,64,71,72
112,61,73,73
101,57,79,73
100,54,80,76
100,55,76,74
96,51,76,79
97,53,74,76
91,58,78,74
90,63,79,76
84,68,80,80
82,79,76,74
77,88,80,72
75,96,80,71
72,97,78,74
71,100,75,74
64,105,75,75
59,108,76,74
57,112,74,73
49,114,76,69
43,116,78,69
39,116,73,71
35,120,76,70
27,119,80,68
23,121,79,70
20,120,76,68
8,119,83,69
3,121,84,70
1,120,79,71
6,119,71,70
1,116,70,73
1,116,69,72
8,122,58,65
5,119,58,66
2,118,55,71
2,124,54,72
2,130,52,70
1,137,49,70
1,139,41,72
1,139,41,72
1,139,41,72
0,139,33,74
0,139,33,74
0,139,33,74
0,141,33,76
0,141,33,76
1,141,38,78
-1,143,44,80
0,145,45,79
1,149,49,78
3,153,51,75
3,154,59,83
2,152,64,88
2,154,66,84
2,152,69,86
1,151,79,90
4,150,81,91
2,150,84,94
1,154,86,94
2,156,92,95
3,156,94,101
6,165,92,98
9,170,89,99
6,174,95,96
15,178,93,103
20,182,88,99
21,186,91,103
15,187,98,103
4,187,108,103
1,182,120,107
5,187,121,104
3,183,126,113
10,181,129,114
8,182,127,112
24,180,118,113
30,185,118,111
41,182,109,112
50,183,109,111
46,181,115,113
47,177,115,118
46,173,121,123
56,174,114,124
58,169,118,123
60,168,119,124
65,165,126,128
68,164,127,129
73,163,128,129
76,157,131,131
88,158,115,130
83,156,124,131
83,156,125,127
95,163,118,119
100,165,115,116
100,158,117,124
106,158,115,120
111,156,113,121
114,154,109,121
122,151,104,123
118,137,110,132
125,139,113,126
131,148,111,121
134,147,112,116
145,146,108,113
145,148,112,112
153,151,110,115
157,143,110,114
167,145,111,115
174,145,105,112
180,154,105,110
182,145,110,114
193,150,102,107
199,144,104,113
205,149,93,104
208,148,98,108
219,145,95,111
223,142,90,103
228,141,95,101
231,143,78,99
235,129,95,112
235,126,109,110
239,121,107,115
245,122,93,112
246,120,100,115
248,127,94,105
249,116,95,118
259,115,89,120
265,120,84,121
268,120,85,136
273,118,86,141
272,120,89,141
281,120,82,140
285,115,86,144
284,112,88,142
280,113,93,133
279,114,94,121
285,116,96,105
290,127,93,96
293,129,89,95
298,131,84,97
297,128,89,100
294,125,99,105
304,135,91,94
316,134,81,92
317,131,79,90
316,131,84,90
318,129,87,89
319,126,86,88
321,125,88,88
319,126,91,92
321,120,91,91
323,124,95,88
328,125,91,92
334,122,94,92
338,123,91,91
340,125,93,88
341,121,98,94
346,119,94,95
354,120,90,89
356,120,91,88
359,119,97,93
364,118,94,89
369,113,92,93
372,113,99,93
375,113,94,92
384,109,91,92
385,106,97,95
390,110,97,94
395,110,97,91
398,112,99,91
403,113,96,93
401,118,98,96
407,118,101,92
411,117,96,92
422,119,94,94
430,122,97,93
431,123,98,92
436,122,97,96
439,129,95,91
443,129,95,91
439,134,99,91
442,129,96,91
435,136,101,98
437,138,92,91
429,140,98,89
433,136,89,95
428,139,94,92
418,139,99,93
417,141,97,90
414,139,97,96
405,141,103,95
406,142,100,98
404,144,100,93
404,145,103,92
403,146,103,97
408,141,99,94
406,142,104,97
405,140,104,96
407,142,101,97
405,141,107,99
411,141,102,99
407,139,101,101
410,137,99,97
409,138,101,94
409,140,106,94
410,135,101,96
413,136,99,91
406,140,103,95
411,139,99,96
405,139,103,98
410,136,99,96
409,137,100,98
405,131,107,94
410,132,99,94
409,133,99,97
402,130,104,92
406,130,101,95
405,129,101,93
407,124,101,91
401,125,108,90
403,125,99,93
404,120,98,95
407,115,96,94
405,123,102,93
401,119,100,92
413,122,88,92
409,124,96,90
404,122,101,89
402,118,99,94
409,119,95,89
409,119,98,91
409,118,99,90
408,121,101,88
408,119,105,94
408,116,105,89
408,114,104,94
409,114,100,90
411,110,96,97
413,111,100,90
414,110,101,96
412,112,100,93
412,110,97,90
406,113,105,92
406,118,97,94
405,117,101,92
400,124,105,89
398,124,104,94
398,128,98,93
391,135,104,93
400,142,95,92
401,138,98,90
397,144,100,93
396,142,100,90
397,144,98,93
399,145,96,92
395,149,100,91
399,149,97,97
395,152,97,93
397,156,95,90
394,156,99,86
391,159,101,94
388,161,98,92
387,165,97,90
386,160,98,90
379,154,99,91
381,148,94,85
378,148,95,87
374,145,96,86
368,138,95,90
370,137,93,92
370,135,86,85
370,133,89,85
367,127,91,87
360,121,96,89
361,117,96,86
367,116,93,88
361,109,97,88
366,110,94,86
370,108,91,84
371,111,94,83
373,103,93,88
375,101,95,88
382,97,98,88
384,97,98,89
391,93,102,88
401,87,97,90
404,91,100,87
406,89,99,92
415,94,97,93
417,94,104,92
420,97,100,91
426,99,100,92
425,105,100,90
428,109,104,91
435,106,101,92
435,108,102,91
437,110,105,92
442,109,102,92
446,110,102,89
447,114,101,89
449,113,102,92
451,119,103,93
444,119,106,92
449,122,101,93
452,122,103,95
453,128,103,93
449,128,104,93
446,129,104,90
447,132,104,90
449,130,103,94
445,135,104,91
445,131,98,85
446,133,99,90
446,135,101,90
445,137,97,89
443,143,98,90
442,144,104,96
438,145,101,95
442,152,97,90
440,154,100,90
442,158,102,92
439,155,99,89
436,157,100,94
434,152,102,96
432,155,100,93
436,158,106,92
428,151,104,94
426,147,104,85
424,146,101,92
422,137,102,94
421,140,103,95
418,136,98,94
421,139,101,94
418,140,99,92
417,145,100,97
417,152,101,95
416,156,103,94
417,157,101,95
419,161,99,96
424,172,98,99
422,173,103,101
433,181,96,98
430,186,99,98
434,192,99,95
437,199,98,93
434,197,102,93
445,200,99,91
446,200,101,91
442,197,102,94
442,203,102,90
448,202,100,92
441,202,104,92
436,199,105,94
426,200,105,92
424,201,101,87
421,198,98,91
409,196,102,89
401,195,102,90
397,189,95,86
382,183,98,85
379,180,101,86
366,174,95,86
361,170,95,85
352,169,93,84
347,164,93,82
346,165,90,84
341,161,90,84
337,155,87,82
329,151,88,81
326,147,88,85
323,145,87,83
324,145,87,83
319,144,86,78
313,142,84,80
306,141,84,81
306,141,84,80
294,138,84,82
288,139,84,80
284,138,79,79
280,135,83,78
280,135,82,79
277,132,83,79
278,135,78,76
283,132,75,78
284,133,79,77
284,129,79,80
288,131,79,82
293,135,78,79
302,137,77,81
304,140,78,79
308,143,77,79
311,146,78,79
307,150,79,77
307,149,78,79
309,154,80,78
310,159,81,79
310,165,79,77
311,171,77,82
303,175,80,81
300,184,78,81
299,193,76,77
301,199,76,81
302,202,82,80
300,207,81,81
298,210,81,78
299,210,80,77
296,209,85,77
298,210,81,78
296,208,80,81
295,213,83,80
297,218,76,79
299,225,78,77
291,223,78,79
280,223,80,84
272,229,81,83
265,233,80,85
250,236,84,83
237,239,84,87
228,249,83,87
226,252,80,87
221,257,80,88
217,262,79,87
211,265,82,88
218,268,79,86
219,271,81,85
219,273,84,85
220,262,77,87
214,254,78,87
214,245,73,86
218,236,75,85
217,229,73,85
218,221,74,83
220,215,75,82
218,209,78,82
213,204,75,80
211,201,75,80
206,199,76,80
207,198,77,81
206,195,73,82
201,195,76,83
200,192,73,81
195,188,76,81
188,184,83,81
189,185,77,81
188,183,79,81
188,184,80,77
190,183,76,78
187,180,77,81
191,183,77,81
192,184,76,80
195,186,73,75
196,181,72,80
199,177,70,82
199,176,72,81
197,177,75,81
195,178,77,82
196,178,77,80
199,175,74,79
195,175,72,78
195,177,71,78
196,175,71,78
195,176,68,77
201,180,61,77
202,179,58,79
199,178,61,81
202,178,53,81
204,177,53,80
206,175,50,78
207,174,47,77
208,170,44,68
211,171,43,66
208,167,46,63
204,168,47,72
206,164,42,82
196,159,49,78
191,156,53,63
192,154,51,65
189,156,53,76
175,156,63,71
170,154,66,71
168,153,66,72
163,152,67,76
158,153,70,73
142,153,79,81
131,154,84,82
127,152,85,83
123,155,87,80
121,155,91,81
113,154,88,81
111,151,88,82
109,152,89,81
106,149,91,82
103,146,88,82
100,142,90,86
89,141,95,80
89,137,93,86
86,139,92,87
84,140,96,83
78,138,94,83
73,139,90,80
72,141,91,80
68,141,94,83
62,143,95,83
55,143,99,81
52,148,98,81
54,145,96,79
46,143,107,78
54,144,100,79
57,141,97,79
58,139,96,80
59,141,92,79
67,144,94,77
77,145,92,79
89,146,96,76
103,144,97,77
106,146,97,72
122,147,94,73
132,145,89,77
146,139,84,74
155,135,80,74
155,135,86,75
165,134,89,71
176,135,82,73
187,134,81,72
196,136,81,71
197,136,81,71
210,138,79,70
221,140,71,71
222,143,75,69
225,141,77,67
232,139,77,71
238,137,74,75
242,137,73,78
244,146,75,76
249,143,73,81
253,146,75,81
256,154,79,76
264,152,78,76
272,149,79,77
288,145,78,73
299,142,81,72
314,134,80,72
335,125,78,71
347,116,79,74
359,107,79,76
373,99,80,78
379,94,80,74
388,86,80,78
400,83,77,78
409,83,77,80
418,83,72,80
423,84,75,80
431,85,79,81
442,91,77,77
445,92,77,78
445,93,78,78
446,96,81,82
448,105,82,78
447,109,86,79
446,112,83,79
452,121,80,81
457,125,79,78
455,127,78,76
450,125,80,75
446,127,84,78
445,128,82,79
441,133,81,76
433,134,84,80
431,136,80,76
424,139,79,74
418,137,81,75
410,136,85,76
408,136,79,75
411,135,78,73
402,133,82,75
393,130,83,74
379,132,87,79
365,138,85,77
345,146,86,85
325,161,83,83
301,172,88,82
281,182,87,81
265,193,83,81
247,201,87,75
218,203,91,77
205,209,85,80
186,218,85,80
167,224,87,85
148,235,89,86
138,244,88,85
128,251,91,91
123,252,94,89
115,259,96,94
106,264,97,91
102,269,94,86
100,272,93,86
96,269,100,84
86,267,106,88
89,258,101,89
82,250,101,89
74,240,104,90
70,242,103,92
63,233,105,92
58,228,106,91
59,222,103,88
57,218,105,85
60,218,101,87
57,213,104,87
58,217,99,88
54,214,107,86
57,217,101,88
56,217,103,87
54,216,106,87
58,215,97,88
54,208,101,84
51,202,100,87
53,200,101,87
52,191,101,93
49,187,99,87
52,178,96,84
48,168,101,85
45,165,103,87
48,155,100,92
47,152,97,86
47,145,96,87
48,141,96,82
49,138,98,83
55,134,95,83
56,129,95,81
60,128,98,81
61,130,94,84
67,128,92,85
64,130,92,82
70,134,91,86
71,140,91,83
75,142,93,84
75,145,93,82
87,145,86,80
93,147,90,79
100,149,88,77
109,150,87,76
115,149,83,75
120,147,83,74
125,144,82,76
129,144,82,77
131,144,82,71
135,143,82,74
135,146,83,73
139,146,81,75
147,149,79,79
154,156,81,75
156,157,83,72
161,157,79,72
166,158,77,72
175,153,80,72
180,150,78,76
184,152,77,72
187,150,78,72
190,148,79,71
195,145,78,70
206,143,77,71
209,141,75,68
215,137,76,71
223,131,76,73
230,129,75,70
241,128,75,70
250,137,73,70
254,145,73,71
256,151,72,69
256,156,71,70
253,159,72,75
254,165,72,69
252,165,70,71
256,166,74,68
260,166,72,68
263,167,73,67
266,171,72,70
271,175,71,68
271,179,71,71
269,184,71,70
268,193,69,71
264,200,74,71
263,207,73,71
263,210,70,72
262,213,70,71
264,214,70,67
263,212,71,68
267,208,70,67
270,206,70,65
270,200,72,68
274,197,70,66
276,194,68,71
279,193,69,67
276,191,69,69
275,189,71,68
280,190,71,65
279,189,72,67
282,190,72,66
281,191,72,64
281,192,68,69
278,191,71,68
280,195,68,70
282,198,69,69
281,200,68,67
275,196,72,67
273,196,70,68
274,197,72,70
273,196,72,70
274,196,67,70
273,197,69,68
272,196,73,68
276,200,67,63
277,197,70,66
277,195,68,66
278,196,69,65
278,194,73,68
278,194,72,67
282,193,68,65
279,193,70,67
282,192,70,66
281,192,74,65
282,191,73,67
283,190,72,68
284,190,73,66
286,192,72,67
287,191,71,67
289,191,71,65
292,190,72,68
296,189,71,71
301,190,70,66
301,189,72,66
303,189,71,67
311,189,71,72
314,190,72,70
321,193,69,72
329,194,70,69
329,195,72,71
334,196,74,67
340,199,72,71
344,201,71,69
344,205,71,68
347,204,70,68
346,209,70,69
