358,127,60,91
360,125,57,88
359,125,60,91
354,122,63,92
352,120,65,92
353,118,63,91
354,111,59,91
353,107,64,94
352,108,61,93
351,108,61,93
356,109,58,92
356,107,59,93
357,111,56,92
353,111,64,95
351,111,62,94
354,115,62,92
356,117,62,94
352,118,66,97
353,122,65,95
350,122,66,93
343,124,71,92
343,121,64,93
340,119,62,93
336,115,62,94
339,113,55,92
337,109,56,91
331,101,60,97
329,94,60,93
329,92,59,88
330,90,59,88
330,88,54,93
332,88,54,94
335,89,60,92
340,96,62,88
339,96,67,91
338,94,63,92
332,89,69,93
329,84,71,93
331,79,62,98
331,77,58,96
324,74,65,94
322,72,66,92
316,67,66,95
307,69,80,91
305,60,81,91
304,57,83,90
306,48,76,90
305,46,75,87
310,45,64,86
315,37,54,86
314,33,54,91
317,27,56,91
320,25,57,90
323,22,58,87
330,16,54,91
336,12,51,92
342,7,54,92
348,3,54,92
355,4,51,90
362,3,51,88
369,3,56,89
376,1,55,89
384,0,56,93
394,4,54,88
402,6,51,93
405,5,56,96
411,9,51,89
414,13,53,88
417,17,54,90
416,19,55,91
412,23,57,96
405,21,56,97
396,22,58,98
389,24,54,95
380,19,57,102
374,21,51,95
362,21,54,97
352,19,62,93
343,17,66,97
339,17,63,95
336,16,59,98
329,15,63,99
327,18,59,96
321,17,58,98
315,18,50,98
308,20,51,98
302,29,55,94
296,29,60,93
298,32,51,94
295,30,59,96
299,32,60,93
306,34,56,93
311,34,57,93
315,32,59,99
320,28,60,101
326,32,60,95
332,31,62,93
337,30,62,95
341,33,66,97
350,32,60,98
352,37,58,99
357,37,56,98
360,39,57,98
363,43,54,99
371,44,47,102
375,50,52,94
376,55,58,97
372,58,59,92
383,62,54,91
365,70,66,82
363,67,69,85
358,69,74,85
357,68,73,88
349,70,78,89
335,69,83,93
333,71,85,101
331,55,71,112
334,57,69,108
333,55,66,107
334,56,58,113
333,57,55,111
335,55,58,105
332,57,65,103
329,57,67,110
327,56,71,112
332,59,70,108
332,58,67,110
332,56,57,112
333,56,54,113
331,55,54,116
335,54,50,118
335,56,51,116
335,56,52,110
335,57,64,107
332,57,59,109
332,54,62,109
335,57,54,106
330,57,57,113
334,56,52,109
333,57,57,113
333,54,55,108
334,56,53,113
333,56,54,110
333,56,54,112
336,57,50,114
334,55,51,108
333,57,51,110
334,57,51,110
333,57,53,104
333,56,53,109
331,57,52,107
333,56,48,104
330,57,51,104
329,55,52,104
327,59,55,105
325,61,59,121
329,59,56,108
328,60,54,124
327,61,59,118
327,61,60,131
325,59,63,139
328,59,62,145
331,57,61,156
332,55,65,162
332,58,67,162
331,58,83,169
332,63,88,165
331,62,84,167
333,56,82,165
330,58,88,148
330,56,75,150
332,52,65,157
332,52,53,119
398,64,55,99
401,69,58,84
406,70,55,78
411,70,57,78
414,69,59,79
414,68,65,84
415,66,67,86
416,67,68,82
419,68,73,85
420,67,75,84
425,65,75,82
425,67,79,84
430,65,77,86
437,65,75,84
438,66,75,88
446,64,74,85
446,63,76,84
451,62,78,82
454,61,80,83
458,58,80,81
461,57,78,84
463,53,82,82
466,53,75,83
468,50,79,84
467,45,78,86
464,45,83,84
465,46,79,82
464,42,81,85
463,43,82,83
462,44,80,81
463,46,83,81
464,46,80,83
466,48,79,84
464,48,83,81
462,49,87,81
463,51,85,78
463,51,87,78
466,52,84,76
468,52,84,76
464,54,89,79
468,55,85,77
469,58,84,69
477,57,76,76
483,60,70,78
485,58,71,77
488,58,68,79
486,58,69,81
483,60,76,82
480,58,78,80
469,59,84,76
468,58,84,79
466,58,83,81
461,57,84,81
458,59,85,83
452,59,86,83
451,61,82,81
443,58,84,88
441,59,79,84
431,62,78,87
426,59,80,83
420,58,80,90
424,59,66,89
413,60,72,85
410,59,67,90
404,61,67,85
400,59,61,86
392,60,61,85
388,58,59,85
380,60,60,83
374,58,62,76
371,59,58,81
368,59,57,79
365,60,54,92
350,61,65,90
332,59,77,91
329,57,77,89
328,56,74,88
326,56,76,85
328,56,72,87
327,58,71,87
327,57,67,87
328,58,64,87
326,58,64,91
325,59,66,90
321,58,70,95
321,60,71,95
321,59,70,96
321,59,68,97
321,59,69,100
316,62,72,97
319,62,70,98
319,61,72,102
317,62,77,99
315,65,82,106
315,69,85,106
319,72,85,91
322,73,89,97
319,73,100,106
320,75,102,106
321,77,102,103
325,81,99,104
328,80,90,105
330,81,93,108
336,81,83,111
338,82,78,111
341,81,80,113
334,81,88,113
330,84,90,106
332,94,94,96
335,100,89,86
337,104,90,89
337,108,92,82
341,112,88,69
340,114,92,75
337,111,104,66
345,117,95,67
341,118,97,64
347,123,92,76
348,126,88,77
349,129,87,81
348,131,92,75
344,134,95,75
347,137,96,79
345,137,95,83
348,138,91,88
347,141,87,84
343,143,86,79
343,143,100,69
347,143,99,83
340,143,95,83
345,145,92,84
346,148,85,83
355,149,77,82
359,151,67,82
365,154,54,82
367,154,58,82
371,153,58,84
363,154,59,84
367,155,63,81
362,158,59,78
363,158,55,73
357,153,60,83
346,157,65,79
340,159,72,75
326,156,87,83
320,156,97,81
321,152,98,85
329,144,90,81
341,144,79,68
350,146,72,51
353,154,67,39
346,150,76,40
350,150,71,38
350,145,70,42
352,147,67,40
352,150,68,38
354,152,68,36
353,152,68,35
355,150,69,38
352,152,73,32
353,152,72,34
353,153,74,34
351,152,76,35
348,153,80,35
352,153,75,33
353,151,74,37
351,153,75,36
355,151,72,38
354,151,72,36
356,152,74,37
358,152,68,33
366,152,63,36
367,152,65,43
369,152,61,44
375,156,61,48
378,155,61,48
361,156,73,45
363,155,80,49
362,157,93,55
365,157,106,58
365,158,114,52
368,154,117,54
373,148,114,63
376,151,122,55
378,150,125,53
373,141,132,62
377,146,131,60
379,147,129,55
385,144,127,55
394,146,119,57
411,146,103,55
415,145,102,56
418,148,105,55
422,145,101,58
424,143,94,61
426,143,97,61
430,144,92,55
434,142,91,57
437,141,97,60
435,137,103,60
441,139,105,57
442,137,103,57
446,134,104,59
452,133,102,57
453,129,105,60
452,127,107,61
454,121,111,62
459,110,103,59
454,97,107,61
447,84,105,62
441,71,103,63
438,58,101,63
429,47,104,66
427,37,101,69
423,31,97,68
417,29,87,56
407,24,80,51
395,24,76,46
387,20,72,47
371,17,76,50
358,18,76,55
348,22,76,53
339,22,70,46
328,25,65,47
322,31,72,45
312,37,70,43
303,45,68,45
295,52,70,46
291,59,63,47
280,63,64,54
277,71,60,60
271,78,62,70
263,84,70,73
256,92,75,79
252,102,77,77
250,117,75,71
248,125,74,69
250,138,77,71
245,156,81,71
250,163,84,71
227,170,95,79
224,190,102,75
223,200,100,81
221,207,104,89
226,215,106,94
188,226,129,95
186,236,135,84
194,247,138,73
193,250,121,68
197,256,103,62
197,256,103,62
197,256,103,62
197,256,103,62
197,256,103,62
197,256,103,62
197,256,103,62
197,256,103,62
197,256,103,62
197,256,103,62
197,256,103,62
197,256,103,62
197,256,103,62
197,256,103,62
197,256,103,62
197,256,103,62
197,256,103,62
197,256,103,62
197,256,103,62
197,256,103,62
197,256,103,62
197,256,103,62
197,256,103,62
197,256,103,62
197,256,103,62
197,256,103,62
197,256,103,62
197,256,103,62
197,256,103,62
197,256,103,62
197,256,103,62
197,256,103,62
197,256,103,62
197,256,103,62
197,256,103,62
197,256,103,62
197,256,103,62
197,256,103,62
197,256,103,62
197,256,103,62
197,256,103,62
197,256,103,62
197,256,103,62
197,256,103,62
197,256,103,62
197,256,103,62
197,256,103,62
197,256,103,62
197,256,103,62
197,256,103,62
197,256,103,62
197,256,103,62
197,256,103,62
197,256,103,62
197,256,103,62
197,256,103,62
197,256,103,62
345,271,102,49
345,271,102,49
345,271,102,49
345,271,102,49
345,271,102,49
345,271,102,49
345,271,102,49
345,271,102,49
345,271,102,49
345,271,102,49
345,271,102,49
334,254,107,60
334,254,107,60
334,254,107,60
496,129,113,65
550,100,93,78
551,100,84,97
542,99,92,106
533,104,98,107
528,108,99,104
521,106,96,105
517,110,91,99
508,113,98,99
504,110,85,103
495,112,88,101
489,117,87,101
482,115,91,102
481,119,82,101
478,115,78,103
471,118,90,95
473,113,74,102
470,119,79,98
466,113,85,101
465,120,78,101
463,118,79,96
457,114,82,98
458,114,78,99
459,114,74,100
457,115,71,98
450,115,78,98
447,112,77,98
443,112,72,98
440,111,71,99
434,104,66,97
431,99,62,102
422,95,65,103
417,88,64,106
414,88,61,102
404,85,65,102
402,87,61,101
397,86,61,100
392,84,62,103
386,84,67,101
382,85,66,102
377,85,68,97
375,83,62,102
374,81,60,103
369,83,63,101
365,84,62,103
359,83,60,107
358,87,57,104
356,83,50,108
354,81,54,107
349,80,56,107
346,79,60,108
337,79,71,106
332,78,74,106
335,77,65,110
334,81,59,106
332,79,70,105
328,76,67,106
331,76,63,104
329,77,66,102
327,79,72,102
326,79,69,102
329,75,72,107
324,65,65,116
323,61,71,116
319,40,65,135
320,41,62,132
318,41,63,131
310,41,70,132
305,39,76,131
283,46,96,122
267,47,117,120
248,55,134,112
240,49,142,111
236,46,150,111
230,42,158,113
226,47,162,108
215,42,174,108
213,43,176,103
205,42,177,106
211,44,171,103
211,41,171,106
214,45,167,106
220,48,160,104
220,51,159,105
225,47,154,110
231,52,141,105
265,47,111,109
288,38,88,118
301,40,80,114
311,38,70,115
314,40,67,116
321,40,61,113
329,40,55,121
332,38,53,123
332,37,57,119
336,41,54,119
341,38,47,118
343,35,47,122
346,35,44,122
349,37,45,122
345,34,45,127
342,34,48,125
344,35,48,121
344,32,47,126
342,33,49,125
346,31,46,128
346,34,45,127
354,33,44,120
346,35,45,122
343,37,50,118
343,35,55,120
351,35,51,120
375,45,55,106
388,56,56,92
365,65,43,91
372,60,45,91
377,55,49,93
387,52,48,97
393,43,55,99
405,38,58,99
416,34,61,103
422,26,73,105
436,23,65,103
441,17,77,107
450,12,75,105
458,10,71,107
465,6,69,106
469,4,74,106
476,4,72,105
480,1,68,102
481,-1,64,103
469,0,78,92
469,2,81,81
466,5,87,71
462,0,89,67
460,-4,91,61
461,-4,92,49
459,-17,93,50
462,-26,86,52
462,-26,86,52
462,-26,86,52
462,-26,86,52
462,-26,86,52
462,-26,86,52
462,-26,86,52
462,-26,86,52
462,-26,86,52
462,-26,86,52
462,-26,86,52
462,-26,86,52
462,-26,86,52
462,-26,86,52
462,-26,86,52
462,-26,86,52
462,-26,86,52
462,-26,86,52
462,-26,86,52
462,-26,86,52
462,-26,86,52
462,-26,86,52
462,-26,86,52
462,-26,86,52
462,-26,86,52
462,-26,86,52
462,-26,86,52
462,-26,86,52
462,-26,86,52
462,-26,86,52
462,-26,86,52
462,-26,86,52
462,-26,86,52
462,-26,86,52
462,-26,86,52
462,-26,86,52
462,-26,86,52
462,-26,86,52
462,-26,86,52
462,-26,86,52
462,-26,86,52
462,-26,86,52
462,-26,86,52
462,-26,86,52
462,-26,86,52
462,-26,86,52
462,-26,86,52
462,-26,86,52
462,-26,86,52
462,-26,86,52
462,-26,86,52
462,-26,86,52
462,-26,86,52
462,-26,86,52
326,-1,91,60
326,-1,91,60
326,-1,91,60
169,15,96,71
161,4,88,93
177,0,78,109
180,3,88,112
190,9,86,114
196,16,84,113
205,24,75,111
208,23,79,110
215,28,77,104
224,35,74,104
229,44,81,106
233,52,86,109
246,59,78,110
249,62,82,110
268,70,69,104
279,71,68,110
284,74,70,111
290,78,70,106
298,79,70,112
303,79,80,110
301,78,89,116
320,83,82,112
325,82,85,115
338,83,83,113
334,82,94,117
343,83,96,119
341,81,102,105
355,84,102,109
353,79,110,111
360,81,113,116
366,81,113,123
370,83,124,125
370,79,138,125
381,82,136,130
384,83,134,129
384,82,133,138
380,75,135,144
385,73,135,150
385,72,136,156
388,65,130,161
404,70,115,162
400,67,119,160
402,66,119,156
405,67,117,157
401,67,122,160
395,65,128,165
375,64,147,161
373,71,148,152
367,71,153,151
357,77,164,139
355,83,171,120
368,87,159,112
359,93,167,111
345,101,179,111
334,106,192,105
336,113,184,103
262,153,181,135
344,117,172,103
360,121,152,100
366,120,149,104
362,126,153,98
293,155,134,79
266,161,130,87
304,137,107,94
320,140,113,87
300,140,87,99
314,143,70,94
314,147,68,98
310,149,74,98
318,154,79,97
320,152,74,102
320,155,80,101
330,161,75,86
328,161,83,90
330,164,78,91
327,162,81,97
329,164,78,100
329,166,76,102
331,171,76,102
334,171,71,104
333,171,72,108
340,171,65,109
343,175,69,109
340,172,84,107
342,169,91,108
345,167,96,109
336,168,108,107
321,161,100,113
324,159,98,109
327,150,98,111
328,155,87,102
329,152,100,101
332,141,124,107
334,144,146,104
333,144,150,100
334,138,149,109
340,132,145,107
341,129,142,112
351,128,147,123
367,130,134,134
353,127,149,125
343,126,147,111
355,122,135,121
351,123,143,108
353,119,140,118
354,118,137,129
393,112,109,101
396,113,99,99
405,111,82,98
406,111,80,99
409,108,74,100
411,107,81,102
414,110,77,98
419,106,77,96
422,106,77,93
428,103,76,93
422,102,82,95
427,102,73,92
428,101,77,95
426,104,80,96
425,107,79,96
425,105,74,102
428,106,70,100
428,106,70,101
435,108,72,97
439,109,71,98
438,111,77,97
437,107,76,98
436,104,73,97
436,102,69,98
434,99,73,98
433,94,80,105
435,95,75,100
441,98,75,97
446,91,78,106
449,92,81,103
454,84,83,104
456,81,84,106
461,74,83,116
465,75,82,114
466,83,77,109
461,93,78,99
457,96,81,103
458,93,77,106
456,94,77,108
455,91,80,112
456,88,78,115
454,87,79,115
452,87,82,115
451,88,84,117
453,88,83,112
452,91,84,111
453,88,81,116
454,90,82,116
455,90,82,118
455,90,85,117
453,90,87,116
457,88,82,118
459,94,82,112
454,85,88,117
455,90,89,117
454,83,88,120
450,85,97,120
449,81,95,119
454,87,87,121
452,83,88,120
456,94,83,110
457,91,83,112
452,86,88,114
449,80,97,120
453,87,87,116
