362,114,109,71
359,119,107,68
356,123,101,66
350,121,108,69
345,122,101,68
340,121,106,69
336,119,105,73
332,117,109,75
329,117,107,74
328,119,108,76
328,118,109,77
326,119,108,76
324,120,109,75
326,118,113,75
324,117,111,79
325,116,112,82
325,116,109,79
327,119,115,79
329,116,111,80
327,115,111,81
329,115,110,82
334,116,108,82
332,114,110,84
336,115,107,82
334,115,108,83
336,112,108,84
335,115,114,81
337,115,113,81
338,116,112,79
339,117,111,77
340,115,113,79
341,116,113,77
343,115,113,79
344,117,114,75
344,115,112,76
345,116,112,76
346,116,115,77
347,116,115,75
349,117,111,75
352,117,110,73
354,118,120,75
357,116,116,74
359,119,114,73
362,117,115,77
360,116,115,74
364,119,114,75
364,118,113,72
366,118,115,75
366,118,114,69
368,117,113,75
368,115,116,77
371,118,115,73
371,119,115,71
369,119,115,72
374,117,112,74
374,117,116,73
375,117,115,76
376,116,115,75
377,119,117,73
378,117,119,72
380,118,116,75
383,117,118,73
378,114,121,76
386,114,119,75
387,115,121,79
388,116,121,72
391,118,123,75
390,114,122,75
395,115,120,78
395,114,120,75
396,115,120,75
397,114,125,74
402,114,124,76
401,111,141,80
404,113,132,74
403,113,143,76
407,112,147,75
405,113,145,75
409,115,132,74
410,114,137,75
411,115,134,76
413,117,129,77
418,114,123,79
417,115,121,78
421,112,118,82
418,113,121,84
421,112,120,84
418,110,124,89
424,111,119,83
419,107,126,87
425,109,119,87
424,109,121,87
422,111,123,85
424,108,122,88
424,107,123,89
425,106,122,93
424,112,123,86
427,109,123,88
427,110,116,90
426,112,122,86
425,109,120,90
426,109,124,90
422,112,123,89
427,106,119,89
427,115,124,81
427,115,120,84
428,108,120,88
428,109,116,90
424,104,119,96
424,108,123,92
428,106,121,90
424,109,120,90
428,107,122,91
428,107,117,93
427,107,120,95
430,108,119,94
426,109,122,93
428,109,121,94
425,108,124,98
424,109,129,96
424,108,124,98
421,108,132,98
419,108,131,98
417,109,130,103
417,105,132,103
419,109,124,106
418,106,125,102
420,107,122,106
418,104,128,105
417,109,120,104
416,105,126,112
413,106,133,107
414,104,134,111
413,105,137,109
409,102,135,113
411,100,133,113
412,106,131,105
412,104,133,107
411,105,130,106
413,104,132,107
414,104,128,105
415,103,123,106
417,104,127,104
414,108,125,106
416,103,127,109
416,106,125,106
414,105,125,102
415,106,127,102
419,105,118,99
415,105,127,98
416,106,126,93
417,106,121,94
420,104,116,94
414,106,126,90
417,105,116,93
419,104,120,94
422,105,114,94
424,105,111,93
421,103,113,89
418,106,117,89
420,106,113,88
420,106,115,91
422,104,116,90
421,104,112,93
422,105,116,92
426,104,107,94
424,102,109,95
425,104,108,94
426,104,110,86
427,103,106,83
428,104,109,79
427,105,111,68
429,105,108,62
434,103,104,64
431,103,106,64
435,104,104,62
437,104,101,62
430,104,107,62
422,116,102,75
426,102,112,90
424,104,116,81
423,103,116,88
426,101,111,89
422,102,118,87
426,102,110,88
424,102,111,88
424,101,117,88
422,103,115,88
421,101,118,88
421,106,118,84
420,102,122,88
422,106,119,86
421,103,114,87
417,105,124,86
416,105,124,84
420,103,120,85
421,105,120,86
425,103,113,85
422,102,117,87
418,106,120,84
416,103,127,85
414,106,126,82
412,105,128,82
409,106,129,82
412,106,124,83
403,107,134,81
406,106,132,83
417,105,124,83
430,103,112,87
434,103,108,88
431,104,110,84
431,103,110,84
426,104,114,83
410,104,131,81
414,104,124,82
406,105,132,80
411,106,126,80
409,105,132,80
409,106,129,79
409,106,130,79
412,104,127,83
410,105,127,81
416,102,126,84
415,103,125,83
412,101,129,85
419,101,125,88
423,102,119,89
432,100,114,92
428,94,121,101
423,97,124,97
434,96,115,102
438,100,113,93
442,98,108,97
446,96,104,100
446,101,104,98
451,92,99,105
447,89,102,109
444,90,105,108
446,91,102,106
448,89,99,106
448,84,99,115
448,85,95,110
448,85,101,108
445,86,101,108
451,87,98,108
447,85,97,107
447,86,105,102
449,94,99,94
449,88,101,91
454,83,99,95
456,84,96,91
458,86,95,88
458,83,98,92
456,84,95,94
459,86,92,91
458,85,97,92
459,91,98,87
457,87,103,92
459,89,99,86
455,91,103,84
460,90,101,87
456,92,101,86
456,98,106,81
453,94,105,86
458,95,105,84
455,92,108,89
455,92,111,84
457,91,112,80
459,90,115,84
461,86,117,83
458,87,122,84
460,87,123,84
457,81,123,86
457,83,117,89
456,80,119,86
453,81,123,84
455,81,123,81
458,83,118,78
458,80,117,85
458,79,119,83
455,79,123,82
458,81,120,80
460,74,121,82
457,75,124,85
460,75,123,84
459,68,125,87
458,73,127,85
458,71,129,85
459,73,127,82
462,73,123,79
461,69,123,82
461,70,128,84
459,67,129,83
464,69,130,82
458,68,139,84
458,67,136,84
468,68,129,83
472,71,126,78
468,67,129,82
469,69,130,83
471,71,126,82
472,69,125,84
471,72,128,82
466,71,133,85
466,76,131,80
472,75,134,80
479,78,123,81
475,73,131,89
471,78,127,85
474,81,134,77
476,82,130,84
477,82,130,80
479,85,127,83
483,84,131,84
480,86,129,84
489,87,129,88
482,89,129,85
483,89,132,85
486,91,134,84
488,92,130,86
496,94,124,85
495,97,123,86
498,96,126,91
495,102,124,84
496,97,127,92
492,104,129,86
496,100,124,89
491,101,127,88
493,100,127,89
490,102,126,86
490,100,125,86
494,101,125,82
492,93,127,93
492,97,125,84
492,96,125,83
495,96,123,81
497,97,118,86
495,99,118,82
496,100,118,81
491,95,121,91
489,98,127,85
489,99,122,81
494,99,117,84
496,100,121,80
495,100,120,83
493,98,123,86
488,100,128,84
491,100,124,81
493,104,121,79
498,105,121,78
498,103,121,80
489,104,123,79
488,104,124,81
496,106,118,78
494,105,118,82
501,101,114,86
503,105,114,79
506,101,117,85
506,98,116,85
506,102,119,78
506,101,116,82
509,103,118,76
508,99,119,79
511,103,124,79
515,99,115,81
519,97,115,86
513,98,122,82
522,103,119,72
523,98,115,82
520,99,117,79
523,99,119,82
524,98,113,78
522,97,121,80
525,97,120,80
529,94,115,83
527,96,119,81
526,96,122,80
529,97,122,79
531,96,117,78
534,97,116,83
531,99,119,77
532,98,117,80
532,98,116,78
525,99,120,81
529,98,116,81
523,99,118,77
515,99,127,80
515,100,123,77
524,99,112,83
517,99,115,79
512,97,119,83
506,102,123,74
512,99,115,82
507,98,118,79
503,100,118,85
498,98,125,85
495,94,126,88
493,101,123,80
497,100,123,82
491,96,122,85
490,100,118,80
489,97,122,87
484,99,126,84
483,100,125,83
481,101,122,81
475,99,122,83
476,96,124,89
473,97,127,88
470,99,125,86
466,99,132,84
463,101,132,83
460,101,133,85
455,99,139,83
456,102,133,83
456,100,132,86
456,103,126,83
457,105,123,84
450,104,134,81
448,99,132,84
444,102,134,88
444,104,131,79
445,105,125,81
443,103,128,81
439,107,129,76
436,103,130,84
443,104,126,82
436,103,128,83
445,109,123,79
439,100,121,86
444,109,120,74
444,106,121,80
443,103,116,87
449,108,118,78
451,105,110,84
448,102,116,86
441,101,118,84
448,104,119,85
452,105,105,85
449,92,110,95
444,103,112,85
444,106,120,83
438,105,120,87
444,106,116,85
443,106,114,84
451,110,104,79
439,106,114,86
439,103,116,88
438,111,115,82
440,107,112,87
449,94,98,100
436,105,113,89
436,100,116,92
436,107,112,86
436,102,115,91
442,104,104,89
446,101,100,89
440,106,106,83
436,108,114,82
431,110,124,78
428,107,125,78
433,105,120,79
430,103,123,79
435,102,119,77
429,102,124,79
434,98,122,80
436,97,115,78
430,95,126,78
433,91,122,83
427,96,128,76
428,91,124,80
432,90,120,80
429,88,121,81
430,90,121,81
432,84,117,84
430,82,116,84
428,78,121,87
425,75,125,89
423,75,124,87
424,74,122,88
422,72,125,88
422,71,124,88
422,70,123,86
422,68,122,83
419,65,126,94
417,64,127,89
414,59,131,89
412,53,133,92
409,49,133,94
398,37,145,108
401,35,144,107
400,18,148,128
393,18,157,121
397,20,149,114
400,24,147,118
398,23,148,111
404,29,140,102
399,28,138,100
405,30,135,95
406,32,133,91
401,26,142,94
396,14,159,102
400,13,144,101
403,15,141,102
402,16,133,92
401,14,131,92
404,15,129,92
399,12,133,91
399,11,131,90
397,12,138,93
397,12,125,88
394,12,132,88
394,12,124,85
391,15,124,87
391,14,117,85
385,16,121,81
389,14,120,81
385,16,119,82
379,20,121,78
381,16,116,84
378,16,118,83
369,13,120,83
369,14,121,86
365,13,123,85
363,16,123,89
360,17,121,83
359,13,124,91
355,15,120,85
354,20,124,86
351,17,118,87
347,22,123,83
346,19,119,90
342,22,119,90
337,22,118,89
337,23,115,89
334,26,113,86
330,26,118,91
328,32,115,89
322,31,118,89
317,33,116,91
314,39,116,91
314,43,117,86
310,43,118,91
309,48,114,91
308,49,117,89
305,50,117,93
303,55,119,94
301,55,124,92
302,56,116,95
302,57,123,89
303,62,120,90
302,56,120,93
301,56,119,99
302,57,120,97
300,59,121,101
301,60,120,101
300,61,116,103
301,63,114,104
302,65,114,103
305,66,112,104
302,69,115,103
303,70,117,105
302,71,114,105
301,71,119,110
302,73,116,109
300,76,119,109
301,77,120,108
300,79,118,109
302,80,121,110
298,80,119,110
300,82,122,112
303,84,122,110
302,86,121,109
301,87,121,111
304,88,116,111
304,92,116,108
306,92,115,109
304,94,119,110
308,97,116,110
305,96,117,110
308,101,117,112
305,98,116,113
306,101,119,118
304,102,119,115
305,105,114,117
306,104,113,116
306,106,115,120
306,107,115,119
306,110,115,118
307,109,114,121
303,111,120,119
307,112,117,120
308,113,115,121
309,114,119,123
312,116,117,128
312,118,116,129
311,122,118,127
314,119,115,132
316,123,109,131
317,123,114,129
318,124,121,129
320,129,118,132
321,131,130,124
325,128,115,130
323,136,125,122
327,135,127,124
328,133,126,127
330,138,118,127
334,132,121,129
334,151,121,112
336,145,122,118
340,134,115,131
339,133,116,135
342,124,112,143
344,130,113,143
346,126,111,139
348,139,112,128
350,135,108,132
349,129,114,135
351,134,113,132
351,128,111,136
354,137,111,130
354,133,111,130
351,126,115,140
363,147,105,116
359,141,108,122
360,135,107,127
360,141,106,122
357,133,118,132
360,129,116,131
357,131,114,135
362,143,113,121
364,135,109,124
362,141,112,119
363,130,109,129
358,144,128,116
359,132,120,128
368,145,111,115
368,141,109,114
373,163,112,95
377,168,108,87
380,180,108,77
379,186,111,66
381,181,105,74
377,185,109,67
380,183,110,68
374,189,113,62
379,183,106,71
382,183,105,70
377,185,109,66
383,181,103,72
382,183,101,69
374,187,107,63
376,187,109,64
376,191,108,59
376,191,103,59
376,181,106,72
376,190,106,60
374,185,107,66
375,189,107,61
376,192,105,58
376,189,106,60
374,187,106,63
379,186,104,63
372,187,109,61
378,180,103,70
375,184,104,66
373,187,107,61
373,182,106,65
375,183,102,63
373,180,107,67
374,177,106,70
372,177,108,71
371,180,110,68
370,183,109,63
363,150,119,60
368,163,116,82
368,148,132,97
365,123,127,125
359,121,137,126
362,123,133,126
362,120,132,127
362,121,126,130
362,123,106,127
362,124,110,123
360,125,111,122
358,123,120,124
361,126,104,121
361,124,104,111
358,126,107,88
367,140,127,98
359,123,127,117
357,120,141,101
358,126,120,94
356,127,110,90
358,127,105,90
358,126,106,96
359,126,106,97
359,129,106,96
358,128,107,97
356,122,106,104
358,125,108,98
355,121,109,105
355,121,110,104
356,132,108,94
357,135,110,92
358,134,107,91
356,129,109,95
361,139,108,86
358,150,105,78
358,138,111,91
361,151,105,79
359,143,109,86
357,124,110,107
361,140,106,90
358,148,107,83
356,133,113,99
362,149,107,86
359,139,104,99
358,118,107,122
358,141,111,102
360,138,104,103
362,144,103,104
361,150,102,97
360,141,104,106
360,150,101,101
362,138,106,112
362,136,104,116
361,107,106,146
359,112,108,140
360,111,108,143
363,126,104,128
361,138,107,119
364,102,100,153
361,107,109,151
359,101,111,156
358,106,109,151
358,108,111,151
358,109,110,153
358,112,108,149
355,95,111,167
357,97,102,170
352,98,110,169
349,95,113,173
346,108,117,158
347,118,118,150
360,128,100,139
366,147,94,124
355,148,107,122
349,149,114,121
357,151,106,117
349,128,113,142
353,143,110,128
355,145,108,121
355,115,105,152
351,99,108,169
350,91,108,177
348,94,113,175
351,95,111,169
352,96,109,170
351,90,108,175
348,89,113,176
353,88,110,175
351,89,108,177
355,87,108,173
352,88,109,181
354,87,108,180
355,85,108,180
357,87,104,181
355,86,106,180
358,88,108,178
356,85,111,175
356,88,108,177
357,87,106,180
356,84,110,177
354,87,110,178
355,87,112,179
357,86,107,180
357,87,108,180
357,86,107,182
357,74,104,179
357,82,104,185
357,87,110,180
358,88,109,181
358,88,110,181
358,87,107,185
359,88,108,180
357,86,111,185
362,90,106,183
360,89,105,180
363,86,105,186
363,88,105,186
361,84,107,188
363,89,107,187
365,88,104,187
364,86,104,190
364,83,109,191
365,89,109,189
365,84,107,189
368,89,108,190
363,84,111,191
369,90,108,187
366,88,111,184
369,91,108,187
368,85,108,190
372,88,108,188
372,92,104,183
372,89,106,185
371,89,107,185
370,87,110,186
375,89,103,168
370,90,107,167
366,91,112,154
363,92,117,142
367,95,112,113
364,102,113,100
365,101,111,98
362,104,115,99
364,104,114,100
362,101,115,104
361,101,115,102
361,103,114,104
362,104,111,104
357,104,116,101
360,102,113,106
360,104,111,101
361,104,113,105
360,106,110,102
359,107,109,101
360,107,112,102
366,128,104,130
372,106,97,148
364,101,106,149
361,100,109,155
359,102,110,145
359,110,108,141
359,115,109,134
363,114,106,134
361,109,105,138
357,109,106,138
361,109,106,138
359,117,106,132
363,128,101,116
360,123,104,120
358,135,107,106
363,150,103,86
361,147,104,89
361,148,105,88
360,144,106,93
361,152,104,84
361,148,106,85
362,154,106,80
361,150,104,83
362,157,104,79
364,153,101,82
359,153,107,81
358,156,106,77
363,158,103,76
358,158,108,76
358,156,104,78
359,161,105,73
356,157,108,76
355,160,108,74
359,159,107,74
356,159,109,76
358,159,108,75
358,160,106,73
356,159,109,76
359,158,107,76
359,161,105,73
357,161,107,74
356,165,108,70
354,159,109,75
354,162,109,72
355,165,108,68
355,177,107,56
357,183,103,48
354,163,106,66
356,173,101,58
353,165,109,65
355,170,104,61
353,171,109,57
353,177,106,52
355,174,105,52
354,175,103,49
353,172,102,53
355,173,101,54
356,171,103,56
356,170,103,53
356,171,98,50
358,169,95,56
357,168,105,50
358,167,102,53
357,166,103,50
357,165,105,44
358,163,102,40
357,162,105,48
361,161,103,42
360,160,102,43
363,158,105,45
363,158,100,41
366,157,99,43
364,158,100,42
365,157,102,41
365,156,104,41
363,156,107,40
365,156,103,42
365,157,107,40
366,155,104,41
367,155,105,41
367,153,108,40
367,152,112,41
373,150,104,44
373,148,109,45
373,147,108,49
377,146,109,48
379,145,108,51
383,144,104,49
386,143,104,48
389,141,98,47
383,141,104,48
388,141,100,46
388,142,99,44
385,142,106,44
382,144,110,45
377,144,116,44
380,147,118,42
383,146,110,42
387,147,106,42
385,147,108,42
389,149,104,42
388,149,109,42
393,147,111,41
398,145,107,43
400,144,105,43
403,142,102,43
401,141,104,42
403,141,107,44
405,138,104,46
404,138,106,44
404,136,106,47
411,136,104,44
411,136,105,45
411,134,107,47
417,133,103,45
418,132,101,50
420,134,100,44
422,134,101,47
424,134,100,46
425,135,103,45
428,135,104,47
430,136,104,46
430,138,107,45
436,138,103,46
441,138,98,46
446,139,100,45
446,140,99,45
450,141,99,43
453,143,98,43
455,144,98,43
458,144,97,43
459,143,101,45
463,145,102,45
466,145,102,45
467,146,103,42
470,146,104,43
471,146,100,43
474,147,102,44
476,149,101,45
476,149,106,43
478,151,108,44
478,151,112,43
483,151,107,45
486,151,107,44
494,151,102,42
499,150,99,43
500,150,100,40
502,150,100,42
503,149,101,40
504,149,101,40
506,147,99,41
508,145,98,39
507,143,99,39
509,141,101,40
510,140,102,39
512,139,101,40
514,137,102,42
518,140,99,38
521,138,103,40
528,140,97,39
526,139,102,40
531,140,101,38
535,139,100,39
537,139,100,38
535,138,107,38
539,136,102,38
538,135,109,39
542,135,103,38
546,135,104,38
547,135,105,40
546,135,110,39
551,136,108,38
551,137,108,38
556,136,108,40
559,138,109,38
560,138,111,41
564,138,110,39
569,137,108,40
574,139,106,38
574,138,114,39
581,138,111,40
587,137,112,39
594,138,111,40
600,137,110,39
606,137,112,41
613,138,108,39
618,139,110,40
621,140,111,40
628,141,106,39
626,142,113,39
632,144,107,40
638,144,104,39
637,146,111,40
639,147,110,41
646,147,102,40
646,148,110,42
649,150,106,38
652,150,108,38
654,151,111,40
658,151,110,39
661,152,113,41
664,151,109,41
668,151,111,44
670,151,111,43
677,153,104,40
675,152,107,40
676,151,106,40
680,152,104,37
680,151,103,43
682,152,102,44
683,152,102,43
686,151,99,51
686,152,99,47
685,152,101,55
681,152,103,52
683,152,108,50
681,152,102,50
680,151,100,53
678,150,106,53
675,149,103,55
676,149,102,56
677,149,97,56
677,149,97,57
674,148,98,58
675,148,95,56
671,146,99,59
671,146,100,59
671,147,95,59
669,147,96,60
668,146,95,61
672,147,92,63
666,144,96,63
669,145,92,62
668,143,95,61
668,143,95,63
666,142,98,62
666,142,94,64
667,143,97,66
664,140,92,64
665,144,96,64
664,142,92,63
662,141,92,66
664,145,94,63
661,142,91,64
660,141,91,64
662,141,93,65
659,140,88,64
661,145,89,62
664,143,88,63
660,141,89,65
658,141,91,60
657,140,89,61
660,137,87,62
658,138,88,63
656,135,88,64
656,136,86,63
657,135,88,62
652,134,86,61
655,138,88,58
650,132,87,61
652,134,90,61
650,133,85,61
648,131,87,63
646,131,93,63
647,129,86,62
648,130,88,60
646,130,88,60
643,125,86,61
642,126,93,62
644,125,90,61
643,122,89,63
642,121,87,61
642,119,90,63
640,122,91,59
643,119,86,63
640,116,86,59
640,119,92,61
631,117,97,59
630,118,98,60
634,117,93,58
632,115,93,59
635,116,89,62
632,113,87,59
634,115,89,62
638,116,83,59
638,113,78,59
639,114,80,60
638,112,78,59
640,113,76,61
644,113,71,58
647,113,67,56
649,114,63,56
651,115,58,55
652,114,53,56
653,115,50,55
654,113,49,57
654,113,49,57
654,114,43,57
655,113,42,56
657,113,38,57
658,113,36,56
658,113,36,56
658,113,36,56
658,113,36,56
658,113,36,56
658,113,36,56
652,115,38,51
652,115,38,51
652,115,38,51
652,115,38,51
652,115,38,51
652,115,38,51
652,115,38,51
652,115,38,51
652,115,38,51
652,115,38,51
652,115,38,51
652,115,38,51
652,115,38,51
652,115,38,51
652,115,38,51
600,116,46,51
601,118,56,50
597,113,72,55
590,113,85,57
584,106,97,67
580,101,114,71
580,102,119,69
585,101,114,70
588,101,116,67
593,99,110,71
595,102,117,66
597,103,120,68
603,102,117,66
609,105,114,58
618,102,109,68
619,100,115,70
625,101,113,68
628,99,115,67
630,100,112,69
634,99,117,66
636,98,117,67
639,98,116,69
642,98,116,65
641,98,119,65
645,94,113,69
647,96,113,66
645,94,117,68
648,90,113,74
649,95,110,65
647,93,113,67
650,93,111,67
646,93,114,68
647,94,113,67
650,95,109,66
645,97,114,63
643,94,119,67
641,95,119,66
643,96,118,67
645,94,115,68
639,91,121,71
643,93,115,68
642,90,118,73
643,94,114,66
641,91,119,69
644,92,111,68
647,92,109,69
642,91,114,70
644,93,112,67
643,94,118,65
641,93,120,67
644,94,117,68
644,96,119,64
646,96,116,64
646,96,118,63
653,100,102,56
655,100,98,51
661,104,93,49
663,103,94,53
664,106,88,46
665,111,84,38
665,111,88,39
664,112,91,38
665,110,87,39
666,114,87,34
664,112,89,39
664,111,90,41
666,114,88,38
665,113,88,38
666,114,86,36
666,113,85,36
665,114,86,34
664,114,87,35
665,114,85,33
664,113,86,36
664,115,86,35
662,115,87,36
662,115,86,36
660,115,87,34
660,114,86,33
659,112,85,35
659,110,83,34
660,111,80,32
655,110,83,32
656,109,83,34
656,109,81,33
657,109,82,32
657,111,82,30
660,111,81,35
658,113,85,33
655,111,98,43
658,118,108,56
654,121,118,65
658,128,119,76
664,142,117,85
668,159,115,87
671,173,105,91
672,190,104,101
671,201,100,105
671,214,96,106
670,222,86,104
668,233,81,102
667,244,72,95
668,252,65,92
666,254,63,93
667,252,54,93
662,251,56,88
662,243,57,84
666,224,56,90
666,224,56,90
666,224,56,90
666,224,56,90
666,224,56,90
666,224,56,90
666,224,56,90
666,224,56,90
666,224,56,90
666,224,56,90
666,224,56,90
666,224,56,90
666,224,56,90
666,224,56,90
666,224,56,90
523,282,74,84
520,282,88,83
520,289,108,74
508,294,133,66
505,292,135,66
509,293,132,67
510,292,132,63
509,292,132,65
507,293,132,66
506,292,133,66
507,291,130,69
507,290,132,66
507,291,133,66
504,292,136,66
505,292,135,65
506,291,134,65
502,292,139,67
508,289,130,70
502,291,136,68
505,290,134,67
506,292,136,65
506,294,137,63
507,292,135,69
