239,248,66,61
235,243,69,69
240,241,65,73
241,241,64,71
244,242,60,70
246,241,61,71
248,241,55,72
249,241,56,72
250,242,53,72
254,244,50,72
254,245,48,72
258,248,45,70
260,249,42,73
264,248,37,74
265,246,34,77
266,246,32,76
267,246,28,79
269,244,24,81
269,244,24,81
270,250,20,74
270,250,20,74
270,250,20,74
259,252,23,73
255,252,25,75
248,255,28,71
241,253,30,71
237,247,29,75
231,246,29,76
225,245,30,75
217,247,34,70
211,245,34,68
203,245,41,63
197,244,42,63
192,245,43,58
188,245,46,55
185,245,49,56
184,245,52,56
187,247,50,56
186,245,57,63
189,248,58,60
194,252,61,56
211,253,51,55
223,255,54,54
235,255,54,56
248,255,61,53
262,255,57,53
284,252,55,56
301,248,63,57
312,244,72,62
312,244,72,62
367,236,70,63
400,229,62,66
425,223,64,72
444,221,64,72
469,218,61,71
487,217,60,70
510,215,59,66
525,216,61,62
540,215,55,70
547,215,54,72
554,214,54,72
552,216,55,74
553,221,53,69
547,225,55,68
547,225,55,68
547,225,55,68
547,225,55,68
547,225,55,68
547,225,55,68
547,225,55,68
414,259,67,73
414,259,67,73
414,259,67,73
414,259,67,73
414,259,67,73
414,259,67,73
414,259,67,73
414,259,67,73
414,259,67,73
414,259,67,73
414,259,67,73
332,270,74,83
176,236,64,84
178,224,48,84
175,210,39,75
173,217,36,63
169,215,36,59
168,213,38,59
167,214,40,61
169,217,39,59
173,219,40,60
178,225,41,60
185,232,44,60
196,241,48,61
207,250,52,61
225,253,53,62
244,265,53,56
267,272,53,52
293,274,54,48
293,274,54,48
293,274,54,48
293,274,54,48
293,274,54,48
293,274,54,48
293,274,54,48
293,274,54,48
293,274,54,48
293,274,54,48
293,274,54,48
293,274,54,48
293,274,54,48
293,274,54,48
293,274,54,48
293,274,54,48
293,274,54,48
293,274,54,48
293,274,54,48
293,274,54,48
293,274,54,48
293,274,54,48
293,274,54,48
293,274,54,48
293,274,54,48
293,274,54,48
293,274,54,48
293,274,54,48
293,274,54,48
293,274,54,48
293,274,54,48
234,282,45,53
217,272,43,54
202,258,42,59
186,246,49,64
179,237,48,63
174,231,45,58
171,223,46,57
170,219,45,55
172,218,45,49
173,216,45,49
176,218,44,46
181,221,42,45
189,226,40,43
202,232,34,39
202,232,34,39
202,232,34,39
202,232,34,39
202,232,34,39
202,232,34,39
202,232,34,39
202,232,34,39
202,232,34,39
202,232,34,39
202,232,34,39
202,232,34,39
202,232,34,39
202,232,34,39
202,232,34,39
202,232,34,39
202,232,34,39
202,232,34,39
202,232,34,39
202,232,34,39
202,232,34,39
202,232,34,39
202,232,34,39
202,232,34,39
202,232,34,39
202,232,34,39
202,232,34,39
202,232,34,39
202,232,34,39
202,232,34,39
202,232,34,39
202,232,34,39
202,232,34,39
202,232,34,39
202,232,34,39
202,232,34,39
202,232,34,39
202,232,34,39
202,232,34,39
228,285,34,32
213,273,38,38
199,264,43,40
188,252,51,46
180,245,56,45
176,241,56,42
172,238,57,43
171,236,56,44
173,238,52,39
178,238,51,40
182,238,50,42
184,238,48,44
184,238,48,44
184,238,48,44
184,238,48,44
184,238,48,44
184,238,48,44
184,238,48,44
240,257,39,52
252,258,43,54
262,261,49,55
274,265,49,52
284,269,50,50
298,272,54,49
298,272,54,49
298,272,54,49
298,272,54,49
298,272,54,49
352,284,41,51
352,284,41,51
352,284,41,51
352,284,41,51
352,284,41,51
352,284,41,51
352,284,41,51
370,292,44,56
370,292,44,56
370,292,44,56
349,294,56,55
337,296,65,57
329,296,63,59
325,299,59,54
313,303,62,54
306,302,58,53
302,303,55,51
302,303,55,51
286,309,46,45
286,309,46,45
286,309,46,45
286,309,46,45
267,303,40,52
267,303,40,52
267,303,40,52
267,303,40,52
255,293,30,50
251,289,33,53
249,286,39,60
246,284,45,59
243,282,55,62
243,282,57,58
243,279,55,58
243,277,59,56
244,275,58,53
249,272,57,55
252,271,58,55
257,268,54,53
262,267,50,55
265,267,50,53
272,266,46,52
281,266,38,56
288,264,31,55
293,265,27,56
293,265,27,56
293,265,27,56
293,265,27,56
310,268,24,58
311,266,31,61
312,272,38,63
310,272,47,62
310,273,53,63
311,278,56,64
308,280,62,63
311,280,61,67
308,281,65,66
308,277,64,72
308,280,63,69
305,277,61,73
303,279,60,71
304,278,53,70
302,276,52,72
302,272,50,77
299,278,44,68
296,278,39,62
296,279,33,60
295,278,30,62
295,278,23,62
295,278,23,62
295,278,23,62
295,278,23,62
284,278,24,57
281,275,27,51
276,276,30,59
271,275,37,57
267,274,43,54
264,275,44,50
261,275,47,51
258,274,51,54
258,273,49,53
258,273,51,56
258,274,52,55
258,274,54,53
261,276,51,52
263,276,50,53
265,276,51,52
266,279,50,53
271,279,45,52
275,283,39,49
279,283,34,53
281,283,33,51
286,284,30,60
280,283,36,61
288,269,44,54
288,269,44,54
293,283,31,66
301,278,24,68
300,282,26,68
299,283,32,67
297,285,38,65
294,282,46,69
292,285,50,66
289,285,54,67
285,288,58,63
283,287,59,62
279,287,59,62
279,284,57,66
276,286,60,63
271,285,63,67
269,283,59,69
268,287,57,64
265,290,53,59
264,288,52,63
261,287,48,65
259,287,48,66
259,292,46,57
258,291,44,59
255,290,39,59
256,293,34,53
253,292,31,58
254,295,26,57
254,296,23,56
254,296,21,58
255,297,19,56
257,298,18,57
257,296,19,53
258,295,20,55
259,293,24,55
259,290,29,58
260,289,39,61
262,286,46,69
265,285,42,68
268,285,45,69
271,286,47,67
272,285,55,69
281,288,56,65
285,292,60,61
294,296,54,57
299,298,58,54
303,301,61,52
308,299,60,54
314,301,59,53
313,300,61,53
320,298,56,55
322,296,55,57
325,298,49,55
327,297,46,57
328,299,42,53
325,300,39,52
323,304,36,49
318,305,30,48
312,309,30,45
308,310,25,46
302,313,22,41
297,311,20,39
289,313,18,38
289,313,18,38
272,324,22,34
265,313,23,38
258,314,16,37
252,321,14,34
240,325,17,32
235,315,20,36
230,312,21,36
225,309,23,35
222,306,24,35
220,302,26,35
218,299,29,34
219,295,30,35
220,294,31,35
224,292,31,34
229,288,32,36
234,284,34,39
240,281,36,38
245,282,39,35
252,278,42,37
263,276,45,40
275,272,39,42
282,271,39,45
290,272,46,40
385,231,45,34
389,210,55,34
383,198,61,31
391,175,75,31
373,162,84,35
366,150,91,38
348,231,83,38
373,225,68,46
387,220,57,48
397,217,58,50
405,214,54,52
411,214,51,54
415,216,49,53
422,212,43,56
423,214,42,54
424,214,38,56
423,216,37,54
423,215,32,56
421,218,31,52
417,219,28,50
412,217,28,50
407,217,26,48
402,216,24,48
397,214,21,49
391,213,20,49
385,213,19,49
378,212,17,48
372,212,16,50
366,213,14,49
358,212,16,49
352,211,17,47
346,211,18,45
340,209,18,44
338,206,15,44
334,204,15,44
330,198,16,46
327,194,18,45
324,191,20,44
321,189,21,46
320,187,21,47
318,187,23,49
317,190,24,49
315,196,27,48
313,205,30,45
313,215,30,45
312,225,30,39
311,243,33,33
311,243,33,33
311,266,36,38
312,264,34,43
314,283,37,43
314,283,37,43
314,283,37,43
318,304,36,48
320,302,38,49
320,302,38,49
330,297,51,55
334,296,53,54
339,298,55,48
346,297,54,49
347,298,58,51
355,292,56,59
358,294,61,58
358,294,61,58
369,292,58,60
376,292,68,57
379,283,69,68
382,287,65,62
386,285,65,57
389,283,61,53
390,279,62,55
393,277,57,55
394,277,56,54
392,273,60,56
394,272,55,58
393,271,58,51
388,264,54,51
384,256,54,49
380,247,50,45
372,238,50,47
366,225,48,45
356,215,49,44
351,207,45,46
340,201,48,47
334,196,44,47
325,194,44,47
317,191,44,50
312,189,40,49
305,186,41,53
301,185,38,51
297,183,36,51
293,182,38,50
289,181,36,48
287,181,36,49
285,185,37,47
281,196,37,44
279,210,36,40
275,228,37,36
272,242,38,41
266,269,43,44
261,314,42,43
261,314,42,43
261,314,42,43
261,314,42,43
261,314,42,43
261,314,42,43
261,314,42,43
261,314,42,43
261,314,42,43
261,314,42,43
261,314,42,43
261,314,42,43
261,314,42,43
261,314,42,43
261,314,42,43
261,314,42,43
261,314,42,43
261,314,42,43
261,314,42,43
261,314,42,43
261,314,42,43
261,314,42,43
261,314,42,43
261,314,42,43
261,314,42,43
261,314,42,43
261,314,42,43
261,314,42,43
261,314,42,43
261,314,42,43
261,314,42,43
261,314,42,43
261,314,42,43
261,314,42,43
261,314,42,43
261,314,42,43
261,314,42,43
261,314,42,43
261,314,42,43
357,229,38,38
350,213,30,43
336,200,33,48
336,200,33,48
301,167,41,44
284,159,47,39
266,147,57,34
259,138,58,37
252,131,60,40
252,126,52,43
258,123,43,47
262,123,40,48
268,123,39,44
272,122,42,48
279,122,40,52
286,121,40,56
302,129,33,49
305,126,35,53
321,130,30,46
340,132,23,40
348,128,28,42
355,124,35,43
358,121,42,46
365,123,43,41
371,122,41,40
375,121,39,40
382,122,34,42
386,126,29,39
389,130,26,38
386,132,33,40
384,133,34,39
380,134,39,41
379,136,41,38
374,144,43,32
367,147,44,31
364,152,42,31
358,155,38,31
353,157,35,34
347,160,30,36
340,165,28,36
337,168,22,36
331,174,22,33
327,178,19,32
324,182,19,33
318,186,22,34
316,191,24,35
312,199,29,32
312,203,29,29
312,208,32,27
314,209,33,30
316,212,37,30
321,219,36,29
326,225,35,28
330,233,37,27
336,238,36,26
345,241,33,25
352,246,30,22
360,251,26,18
364,256,25,17
364,256,25,17
364,256,25,17
364,256,25,17
364,256,25,17
364,256,25,17
364,256,25,17
364,256,25,17
364,256,25,17
364,256,25,17
364,256,25,17
364,256,25,17
364,256,25,17
364,256,25,17
364,256,25,17
364,256,25,17
364,256,25,17
364,256,25,17
364,256,25,17
364,256,25,17
364,256,25,17
364,256,25,17
364,256,25,17
364,256,25,17
364,256,25,17
364,256,25,17
364,256,25,17
364,256,25,17
364,256,25,17
364,256,25,17
364,256,25,17
364,256,25,17
318,245,19,18
318,239,18,23
319,234,18,25
318,230,20,28
318,227,23,29
317,223,26,33
317,219,30,35
319,217,33,34
321,213,34,35
324,211,35,36
327,209,37,36
328,209,39,35
334,207,37,36
339,207,33,35
342,208,32,34
347,209,30,33
352,209,25,33
357,210,21,35
360,211,20,37
361,214,21,37
363,219,21,37
365,225,18,40
367,233,19,35
365,237,22,33
364,248,22,27
364,248,22,27
364,248,22,27
364,248,22,27
364,248,22,27
364,248,22,27
364,248,22,27
364,248,22,27
364,248,22,27
364,248,22,27
364,248,22,27
364,248,22,27
364,248,22,27
364,248,22,27
364,248,22,27
364,248,22,27
364,248,22,27
364,248,22,27
364,248,22,27
364,248,22,27
364,248,22,27
364,248,22,27
364,248,22,27
364,248,22,27
364,248,22,27
364,248,22,27
364,248,22,27
364,248,22,27
364,248,22,27
364,248,22,27
364,248,22,27
364,248,22,27
364,248,22,27
364,248,22,27
373,252,24,26
376,249,23,22
378,248,22,20
380,250,19,20
381,252,18,18
380,253,17,14
381,255,16,12
390,256,12,12
392,254,14,14
393,250,16,16
391,250,20,17
390,246,22,21
393,246,25,22
393,242,30,26
394,237,35,31
394,233,40,35
394,230,43,38
396,227,46,40
399,224,46,41
404,221,44,45
407,220,41,44
411,218,39,44
414,215,36,46
417,215,35,46
422,218,30,43
424,217,28,42
421,218,31,38
420,219,32,38
420,218,27,41
420,217,21,44
415,215,19,47
409,212,18,48
398,211,20,47
387,210,23,48
375,212,27,47
362,212,29,49
348,214,29,50
337,217,22,46
323,221,23,44
323,221,23,44
290,231,24,43
273,231,27,47
273,231,27,47
243,235,37,44
234,232,31,44
225,237,32,40
219,242,34,36
214,245,38,29
216,245,40,26
219,244,39,29
226,243,36,29
233,242,33,33
237,245,35,33
246,249,34,30
254,253,34,27
263,255,34,26
279,256,34,27
283,253,32,26
283,253,32,26
283,253,32,26
283,253,32,26
283,253,32,26
283,253,32,26
283,253,32,26
283,253,32,26
283,253,32,26
283,253,32,26
283,253,32,26
283,253,32,26
283,253,32,26
283,253,32,26
283,253,32,26
283,253,32,26
283,253,32,26
283,253,32,26
283,253,32,26
283,253,32,26
283,253,32,26
283,253,32,26
283,253,32,26
283,253,32,26
283,253,32,26
283,253,32,26
283,253,32,26
283,253,32,26
283,253,32,26
283,253,32,26
283,253,32,26
283,253,32,26
283,253,32,26
286,267,28,28
277,254,30,34
270,242,23,41
264,245,22,37
255,239,25,42
256,231,22,35
256,231,22,35
256,231,22,35
240,206,26,29
239,204,27,27
238,197,29,29
238,193,31,30
239,190,34,32
239,189,39,36
242,188,41,39
245,191,46,40
251,196,49,40
259,201,47,42
268,203,48,42
280,205,46,43
294,209,41,40
314,208,29,46
337,212,24,43
362,212,22,45
375,214,26,44
389,217,29,42
404,215,33,43
417,214,39,43
429,213,45,44
438,212,51,43
447,211,52,42
454,212,53,38
461,214,50,36
464,216,51,33
468,218,49,33
468,218,44,36
467,218,44,36
466,217,40,39
465,217,38,39
459,217,35,42
453,221,30,39
446,223,28,40
433,228,28,36
420,231,29,34
408,234,28,34
397,240,29,30
384,239,22,28
373,236,21,29
359,232,20,31
349,227,20,30
349,227,20,30
321,220,17,28
321,220,17,28
305,201,16,28
295,197,16,27
286,193,16,26
274,190,19,28
262,188,21,27
252,188,25,27
241,188,30,27
234,189,31,27
226,192,32,29
219,194,36,31
214,199,40,33
214,204,41,34
213,211,45,36
214,220,47,36
219,229,50,35
231,235,52,40
244,240,51,40
263,242,51,44
288,251,40,43
313,263,39,43
338,268,38,43
338,268,38,43
392,269,43,47
392,269,43,47
437,267,33,45
449,266,43,47
462,263,49,45
472,264,54,43
480,263,56,43
486,264,57,41
489,264,58,42
489,263,57,45
491,266,51,41
489,266,50,41
486,266,46,42
481,267,42,41
476,267,37,43
470,270,32,38
460,275,28,44
440,276,35,44
440,276,35,44
440,276,35,44
440,276,35,44
440,276,35,44
440,276,35,44
440,276,35,44
440,276,35,44
440,276,35,44
440,276,35,44
440,276,35,44
440,276,35,44
440,276,35,44
440,276,35,44
440,276,35,44
440,276,35,44
440,276,35,44
440,276,35,44
440,276,35,44
440,276,35,44
440,276,35,44
440,276,35,44
440,276,35,44
440,276,35,44
440,276,35,44
440,276,35,44
440,276,35,44
440,276,35,44
440,276,35,44
440,276,35,44
440,276,35,44
440,276,35,44
351,273,34,48
358,274,36,50
380,271,45,52
394,276,46,52
394,276,46,52
432,276,37,48
441,276,45,50
452,274,49,50
460,273,53,50
463,272,55,50
464,269,57,52
464,269,54,48
465,268,52,47
464,268,45,43
463,269,42,40
459,270,37,39
449,271,38,39
443,272,32,34
438,273,32,36
438,273,32,36
438,273,32,36
438,273,32,36
438,273,32,36
438,273,32,36
438,273,32,36
438,273,32,36
438,273,32,36
438,273,32,36
438,273,32,36
438,273,32,36
438,273,32,36
438,273,32,36
438,273,32,36
438,273,32,36
438,273,32,36
438,273,32,36
438,273,32,36
438,273,32,36
438,273,32,36
438,273,32,36
438,273,32,36
438,273,32,36
438,273,32,36
438,273,32,36
438,273,32,36
438,273,32,36
438,273,32,36
438,273,32,36
438,273,32,36
438,273,32,36
438,273,32,36
438,273,32,36
438,273,32,36
438,273,32,36
365,296,31,37
386,292,31,48
405,292,35,53
423,299,45,53
440,297,46,55
458,293,40,55
467,298,44,51
474,297,49,53
477,299,56,51
481,300,55,48
480,300,54,45
476,302,54,41
470,301,54,40
466,299,49,39
459,298,45,37
449,297,44,36
438,296,46,37
425,293,46,36
438,298,42,28
438,298,42,28
438,298,42,28
438,298,42,28
438,298,42,28
438,298,42,28
438,298,42,28
438,298,42,28
438,298,42,28
438,298,42,28
438,298,42,28
438,298,42,28
438,298,42,28
438,298,42,28
438,298,42,28
438,298,42,28
438,298,42,28
438,298,42,28
438,298,42,28
438,298,42,28
438,298,42,28
438,298,42,28
438,298,42,28
438,298,42,28
438,298,42,28
438,298,42,28
438,298,42,28
438,298,42,28
438,298,42,28
438,298,42,28
438,298,42,28
438,298,42,28
438,298,42,28
438,298,42,28
438,298,42,28
438,298,42,28
390,297,44,31
411,283,44,37
423,282,37,42
432,286,43,38
432,282,50,40
439,279,45,43
438,278,41,46
441,278,40,45
441,276,42,45
439,275,44,47
439,275,38,48
436,277,36,47
438,282,26,40
438,282,26,40
438,282,26,40
438,282,26,40
438,282,26,40
438,282,26,40
438,282,26,40
438,282,26,40
438,282,26,40
438,282,26,40
438,282,26,40
438,282,26,40
438,282,26,40
438,282,26,40
438,282,26,40
438,282,26,40
438,282,26,40
438,282,26,40
438,282,26,40
438,282,26,40
438,282,26,40
438,282,26,40
438,282,26,40
438,282,26,40
438,282,26,40
438,282,26,40
438,282,26,40
438,282,26,40
438,282,26,40
438,282,26,40
438,282,26,40
438,282,26,40
438,282,26,40
438,282,26,40
438,282,26,40
445,293,32,36
442,297,35,29
442,297,35,29
442,297,35,29
409,267,33,33
438,266,28,43
450,259,31,50
441,251,35,44
466,255,28,49
468,253,24,51
443,248,29,42
432,253,32,37
421,256,33,38
421,256,33,38
421,256,33,38
421,256,33,38
421,256,33,38
421,256,33,38
421,256,33,38
421,256,33,38
421,256,33,38
421,256,33,38
421,256,33,38
421,256,33,38
421,256,33,38
421,256,33,38
421,256,33,38
421,256,33,38
421,256,33,38
421,256,33,38
421,256,33,38
421,256,33,38
421,256,33,38
421,256,33,38
421,256,33,38
421,256,33,38
421,256,33,38
421,256,33,38
421,256,33,38
421,256,33,38
421,256,33,38
421,256,33,38
421,256,33,38
344,295,27,37
367,300,27,46
369,303,29,45
396,305,35,41
418,307,34,43
434,302,41,50
441,295,50,53
460,294,42,47
470,285,39,53
479,276,39,54
489,275,38,50
501,266,32,47
508,255,29,45
507,244,33,43
503,237,37,40
498,229,42,38
491,223,47,35
485,218,46,34
477,212,49,32
469,205,47,33
460,198,43,35
452,196,38,32
443,192,36,34
433,192,32,37
426,191,25,41
414,192,23,39
402,192,24,36
391,190,27,34
379,188,31,34
369,186,35,32
358,180,38,35
350,174,41,37
341,166,44,38
336,163,44,32
336,154,39,31
336,146,37,29
335,139,40,29
335,133,41,29
337,129,41,28
340,128,39,27
345,129,33,27
349,129,29,31
357,126,28,34
363,125,35,35
367,125,41,39
373,130,47,36
377,138,50,35
383,146,53,34
388,150,56,38
394,151,52,44
397,154,51,46
397,156,47,49
399,161,43,47
399,169,39,43
397,176,37,40
393,180,31,37
388,179,28,41
379,177,25,41
370,177,25,41
361,178,23,42
350,179,25,41
340,183,23,38
327,184,24,36
316,188,26,37
313,190,21,37
293,192,24,43
291,195,24,40
282,202,30,33
267,206,30,32
269,206,29,29
262,206,23,29
262,207,21,29
259,207,20,28
248,199,23,30
248,201,22,34
242,202,25,31
238,202,27,30
236,201,29,27
235,198,33,28
237,194,32,29
240,190,33,30
243,185,36,32
246,182,39,35
251,182,41,37
258,181,42,37
266,180,44,37
273,179,42,43
280,182,44,44
289,184,46,45
300,184,46,47
309,186,46,45
318,183,48,45
328,184,46,44
338,183,45,41
342,180,48,40
352,177,42,43
358,175,37,44
363,173,35,46
368,173,30,48
369,177,28,46
368,180,27,46
365,184,28,44
361,189,24,40
356,193,22,40
350,199,21,38
339,205,18,37
332,203,15,42
320,210,18,44
320,210,18,44
320,210,18,44
282,245,22,38
280,241,23,40
277,239,23,42
273,236,24,42
273,229,20,40
265,223,22,43
261,218,23,44
261,209,22,45
261,203,22,43
261,192,24,44
262,183,26,42
264,176,26,42
266,171,26,42
268,170,24,41
270,169,24,43
270,171,28,45
271,177,29,45
275,176,31,44
278,174,33,45
281,173,36,43
283,175,36,42
288,181,37,41
293,190,38,41
296,197,40,42
303,201,39,45
310,200,38,51
316,203,38,51
323,205,38,48
329,206,38,50
336,208,38,51
340,210,42,52
346,215,42,48
353,218,40,46
358,221,41,43
364,220,43,45
367,222,43,46
370,225,45,44
371,228,48,46
373,229,46,48
375,227,45,48
371,225,48,48
367,222,46,46
364,222,43,41
358,217,43,44
352,216,41,43
342,216,42,42
334,216,42,42
326,214,40,41
317,213,36,47
309,209,37,50
300,209,33,50
290,207,32,51
283,206,32,55
274,210,30,51
265,208,32,53
259,207,32,51
253,210,31,47
251,210,30,44
250,211,30,44
248,214,24,43
247,216,23,44
247,220,22,44
249,220,28,46
247,223,35,46
253,224,30,53
260,226,31,54
277,231,26,53
277,239,23,46
281,241,25,43
205,280,33,47
183,266,40,52
154,267,48,49
137,262,51,52
118,257,54,53
111,238,48,58
94,240,51,65
94,240,51,65
51,247,57,56
42,244,55,49
42,249,45,40
31,254,48,36
25,255,50,33
13,259,55,31
4,259,61,29
4,258,52,36
0,257,48,40
-5,270,39,29
-13,277,39,30
-13,277,39,30
-13,277,39,30
-13,277,39,30
-13,277,39,30
-13,277,39,30
-13,277,39,30
-13,277,39,30
-13,277,39,30
-13,277,39,30
-13,277,39,30
-13,277,39,30
-13,277,39,30
-13,277,39,30
-13,277,39,30
-13,277,39,30
-13,277,39,30
-13,277,39,30
-13,277,39,30
-13,277,39,30
-13,277,39,30
-13,277,39,30
-13,277,39,30
-13,277,39,30
-13,277,39,30
-13,277,39,30
-13,277,39,30
-13,277,39,30
-13,277,39,30
-13,277,39,30
-13,277,39,30
-13,277,39,30
-13,277,39,30
-13,277,39,30
-13,277,39,30
-13,277,39,30
-13,277,39,30
-13,277,39,30
-13,277,39,30
-13,277,39,30
-13,277,39,30
-13,277,39,30
-13,277,39,30
-13,277,39,30
-13,277,39,30
-13,277,39,30
-13,277,39,30
-13,277,39,30
-13,277,39,30
-13,277,39,30
-13,277,39,30
-13,277,39,30
-13,277,39,30
-13,277,39,30
-13,277,39,30
-13,277,39,30
-13,277,39,30
-13,277,39,30
-13,277,39,30
-13,277,39,30
-13,277,39,30
-13,277,39,30
-13,277,39,30
-13,277,39,30
-13,277,39,30
-13,277,39,30
-13,277,39,30
-13,277,39,30
-13,277,39,30
-13,277,39,30
-13,277,39,30
-13,277,39,30
-13,277,39,30
-13,277,39,30
-13,277,39,30
-13,277,39,30
-13,277,39,30
-13,277,39,30
-13,277,39,30
-13,277,39,30
-13,277,39,30
-13,277,39,30
-13,277,39,30
-13,277,39,30
-13,277,39,30
-13,277,39,30
-13,277,39,30
-13,277,39,30
-13,277,39,30
-13,277,39,30
-13,277,39,30
-13,277,39,30
-13,277,39,30
-13,277,39,30
-13,277,39,30
-13,277,39,30
-13,277,39,30
-13,277,39,30
-13,277,39,30
-13,277,39,30
-13,277,39,30
-13,277,39,30
-13,277,39,30
-13,277,39,30
-13,277,39,30
-13,277,39,30
-13,277,39,30
-13,277,39,30
-13,277,39,30
-13,277,39,30
-13,277,39,30
-13,277,39,30
-13,277,39,30
-13,277,39,30
-13,277,39,30
-13,277,39,30
-13,277,39,30
-13,277,39,30
-13,277,39,30
-13,277,39,30
-13,277,39,30
-13,277,39,30
-13,277,39,30
-13,277,39,30
-13,277,39,30
-13,277,39,30
-13,277,39,30
-13,277,39,30
-13,277,39,30
-13,277,39,30
-13,277,39,30
-13,277,39,30
-13,277,39,30
-13,277,39,30
-13,277,39,30
-13,277,39,30
-13,277,39,30
-13,277,39,30
-13,277,39,30
-13,277,39,30
-13,277,39,30
-13,277,39,30
-13,277,39,30
-13,277,39,30
-13,277,39,30
-13,277,39,30
-13,277,39,30
-13,277,39,30
-13,277,39,30
-13,277,39,30
-13,277,39,30
-13,277,39,30
-13,277,39,30
-13,277,39,30
-13,277,39,30
-13,277,39,30
-13,277,39,30
-13,277,39,30
-13,277,39,30
-13,277,39,30
-13,277,39,30
-13,277,39,30
-13,277,39,30
-13,277,39,30
-13,277,39,30
-13,277,39,30
-13,277,39,30
-13,277,39,30
46,311,46,27
46,311,46,27
46,311,46,27
46,311,46,27
46,315,46,24
46,315,46,24
46,315,46,24
46,315,46,24
46,315,46,24
46,315,46,24
46,315,46,24
46,315,46,24
46,313,43,25
46,313,43,25
46,313,43,25
46,313,43,25
46,313,43,25
46,313,43,25
46,313,43,25
46,313,43,25
46,313,43,25
46,313,43,25
46,313,43,25
46,313,43,25
46,313,43,25
46,313,43,25
46,313,43,25
46,313,43,25
46,313,43,25
46,313,48,25
46,313,48,25
46,313,48,25
46,313,48,25
46,313,48,25
46,313,48,25
46,313,48,25
46,313,48,25
46,313,48,25
46,313,48,25
46,313,48,25
46,313,48,25
46,313,48,25
46,313,48,25
46,313,48,25
46,313,48,25
46,313,48,25
46,313,48,25
46,313,48,25
46,313,48,25
46,313,48,25
46,313,48,25
46,313,48,25
46,313,48,25
46,313,48,25
46,313,48,25
46,313,48,25
46,313,48,25
46,313,48,25
46,313,48,25
46,313,48,25
46,313,48,25
46,313,48,25
46,313,48,25
46,313,48,25
46,313,48,25
46,313,48,25
46,313,48,25
46,313,48,25
46,313,48,25
46,313,48,25
46,313,48,25
46,313,48,25
46,313,48,25
46,313,48,25
46,313,48,25
46,313,48,25
46,313,48,25
46,313,48,25
46,313,48,25
46,313,48,25
46,313,48,25
46,313,48,25
46,313,48,25
46,313,48,25
46,313,48,25
46,313,48,25
46,313,48,25
46,313,48,25
46,313,48,25
46,313,48,25
46,313,48,25
46,313,48,25
46,313,48,25
46,313,48,25
46,313,48,25
46,313,48,25
46,313,48,25
46,313,48,25
46,313,48,25
46,313,48,25
46,313,48,25
46,313,48,25
46,313,48,25
46,313,48,25
46,313,48,25
46,313,48,25
46,313,48,25
46,313,48,25
46,313,48,25
46,313,48,25
46,313,48,25
46,313,48,25
46,313,48,25
46,313,48,25
46,313,48,25
46,313,48,25
46,313,48,25
46,313,48,25
46,313,48,25
46,313,48,25
46,313,48,25
46,313,48,25
46,313,48,25
46,313,48,25
46,313,48,25
46,313,48,25
46,313,48,25
46,313,48,25
46,313,48,25
46,313,48,25
46,313,48,25
46,313,48,25
46,313,48,25
46,313,48,25
46,313,48,25
46,313,48,25
46,313,48,25
46,313,48,25
46,313,48,25
46,313,48,25
46,313,48,25
46,313,48,25
46,313,48,25
46,313,48,25
46,313,48,25
46,313,48,25
46,313,48,25
46,313,48,25
46,313,48,25
46,313,48,25
46,313,48,25
46,313,48,25
46,313,48,25
46,313,48,25
46,313,48,25
46,313,48,25
46,313,48,25
46,313,48,25
46,313,48,25
46,313,48,25
46,313,48,25
46,313,48,25
46,313,48,25
46,313,48,25
46,313,48,25
46,313,48,25
46,313,48,25
46,313,48,25
46,313,48,25
46,313,48,25
46,313,48,25
46,313,48,25
46,313,48,25
46,313,48,25
46,313,48,25
46,313,48,25
46,313,48,25
46,313,48,25
46,313,48,25
46,313,48,25
46,313,48,25
46,313,48,25
46,313,48,25
46,313,48,25
46,313,48,25
46,313,48,25
46,313,48,25
46,313,48,25
46,313,48,25
46,313,48,25
46,313,48,25
46,313,48,25
46,313,48,25
46,313,48,25
46,313,48,25
46,313,48,25
46,313,48,25
46,313,48,25
46,313,48,25
46,313,48,25
46,313,48,25
46,313,48,25
46,313,48,25
46,313,48,25
46,313,48,25
46,313,48,25
46,313,48,25
46,313,48,25
46,313,48,25
46,313,48,25
46,313,48,25
46,313,48,25
46,313,48,25
46,313,48,25
46,313,48,25
46,313,48,25
46,313,48,25
46,313,48,25
46,313,48,25
46,313,48,25
46,313,48,25
46,313,48,25
46,313,48,25
46,313,48,25
46,313,48,25
46,313,48,25
46,313,48,25
46,313,48,25
46,313,48,25
46,313,48,25
46,313,48,25
46,313,48,25
46,313,48,25
46,313,48,25
46,313,48,25
46,313,48,25
46,313,48,25
46,313,48,25
46,313,48,25
46,313,48,25
46,313,48,25
46,313,48,25
46,313,48,25
46,313,48,25
46,313,48,25
46,313,48,25
46,313,48,25
46,313,48,25
46,313,48,25
46,313,48,25
46,313,48,25
46,313,48,25
46,313,48,25
46,313,48,25
46,313,48,25
46,313,48,25
46,313,48,25
46,313,48,25
46,313,48,25
46,313,48,25
46,313,48,25
46,313,48,25
46,313,48,25
46,313,48,25
46,313,48,25
46,313,48,25
46,313,48,25
46,313,48,25
46,313,48,25
46,313,48,25
46,313,48,25
46,313,48,25
46,313,48,25
46,313,48,25
46,313,48,25
46,313,48,25
46,313,48,25
46,313,48,25
46,313,48,25
46,313,48,25
46,313,48,25
46,313,48,25
46,313,48,25
46,313,48,25
46,313,48,25
46,313,48,25
46,313,48,25
46,313,48,25
46,313,48,25
46,313,48,25
46,313,48,25
46,313,48,25
46,313,48,25
46,313,48,25
46,313,48,25
46,313,48,25
46,313,48,25
46,313,48,25
46,313,48,25
46,313,48,25
46,313,48,25
46,313,48,25
46,313,48,25
46,313,48,25
46,313,48,25
46,313,48,25
46,313,48,25
46,313,48,25
46,313,48,25
46,313,48,25
46,313,48,25
46,313,48,25
46,313,48,25
46,313,48,25
46,313,48,25
46,313,48,25
46,313,48,25
46,313,48,25
46,313,48,25
46,313,48,25
46,313,48,25
46,313,48,25
46,313,48,25
46,313,48,25
46,313,48,25
46,313,48,25
46,313,48,25
46,313,48,25
46,313,48,25
46,313,48,25
46,313,48,25
46,313,48,25
46,313,48,25
46,313,48,25
46,313,48,25
46,313,48,25
46,313,48,25
46,313,48,25
46,313,48,25
46,313,48,25
46,313,48,25
46,313,48,25
46,313,48,25
46,313,48,25
46,313,48,25
46,313,48,25
46,313,48,25
46,313,48,25
46,313,48,25
46,313,48,25
46,313,48,25
46,313,48,25
46,313,48,25
46,313,48,25
46,313,48,25
46,313,48,25
46,313,48,25
46,313,48,25
46,313,48,25
46,313,48,25
46,313,48,25
46,313,48,25
46,313,48,25
46,313,48,25
46,313,48,25
46,313,48,25
46,313,48,25
46,313,48,25
46,313,48,25
46,313,48,25
46,313,48,25
46,313,48,25
46,313,48,25
46,313,48,25
46,313,48,25
46,313,48,25
46,313,48,25
46,313,48,25
46,313,48,25
46,313,48,25
46,313,48,25
46,313,48,25
46,313,48,25
46,313,48,25
46,313,48,25
46,313,48,25
46,313,48,25
46,313,48,25
46,313,48,25
46,313,48,25
46,313,48,25
46,313,48,25
46,313,48,25
46,313,48,25
46,313,48,25
46,313,48,25
46,313,48,25
46,313,48,25
46,313,48,25
46,313,48,25
46,313,48,25
46,313,48,25
46,313,48,25
46,313,48,25
46,313,48,25
46,313,48,25
46,313,48,25
46,313,48,25
46,313,48,25
46,313,48,25
46,313,48,25
46,313,48,25
46,313,48,25
46,313,48,25
46,313,48,25
46,313,48,25
46,313,48,25
46,313,48,25
46,313,48,25
46,313,48,25
46,313,48,25
46,313,48,25
46,313,48,25
46,313,48,25
46,313,48,25
46,313,48,25
46,313,48,25
46,313,48,25
46,313,48,25
46,313,48,25
46,313,48,25
46,313,48,25
46,313,48,25
46,313,48,25
46,313,48,25
46,313,48,25
46,313,48,25
46,313,48,25
46,313,48,25
46,313,48,25
46,313,48,25
46,313,48,25
46,313,48,25
46,313,48,25
46,313,48,25
46,313,48,25
46,313,48,25
46,313,48,25
46,313,48,25
46,313,48,25
47,323,41,15
47,323,41,15
47,326,41,11
47,326,41,11
48,327,41,10
48,328,40,9
53,328,36,9
52,328,36,9
48,327,40,10
48,327,40,10
48,327,40,10
48,327,40,10
52,328,39,9
52,328,39,9
48,328,41,9
48,328,41,9
48,327,40,9
48,327,40,9
49,327,39,10
47,327,41,10
47,328,40,10
47,328,40,10
47,327,42,10
49,327,41,10
49,327,41,10
48,327,41,11
48,327,41,11
49,328,42,10
49,328,42,10
47,327,41,10
47,327,41,10
47,327,41,10
47,327,41,10
47,327,40,10
47,327,40,10
48,327,41,9
48,327,41,9
48,327,41,9
48,327,41,9
48,327,40,9
48,328,41,9
48,328,41,9
52,328,38,8
49,327,40,9
48,327,39,9
48,327,39,9
47,327,42,10
47,327,42,10
48,327,42,9
48,326,41,11
53,327,42,11
53,327,42,11
51,327,37,10
51,327,37,10
56,328,38,10
56,328,38,10
50,327,38,10
51,328,42,9
49,327,41,10
48,328,41,9
49,327,41,9
49,328,39,9
49,327,39,10
47,326,41,10
52,327,38,9
48,327,39,9
51,328,38,9
49,328,40,9
47,327,41,9
48,328,39,9
48,327,39,10
47,325,43,12
48,328,40,9
48,328,43,9
47,327,41,10
50,328,38,9
50,329,39,8
48,327,40,10
48,328,40,9
47,327,42,10
47,328,43,9
47,328,43,9
48,328,41,9
47,327,44,10
47,328,44,9
47,328,43,9
47,328,41,9
47,326,44,11
47,327,41,10
48,326,42,11
49,327,40,9
48,328,42,9
49,328,41,9
49,327,41,9
48,326,40,11
48,327,40,10
48,327,41,9
47,327,43,9
48,327,41,10
47,327,42,10
47,327,42,9
47,327,41,10
49,328,39,10
48,328,40,9
47,327,41,10
47,327,41,10
47,327,42,10
48,327,41,10
48,328,42,10
47,327,42,9
48,327,43,10
47,326,40,11
53,327,42,10
48,327,42,10
48,327,41,10
47,328,41,10
54,328,43,9
48,327,41,10
48,327,39,10
47,327,42,10
47,327,42,10
47,327,43,11
49,328,39,9
47,327,41,9
47,327,42,10
47,327,45,9
48,327,44,10
48,326,42,10
48,327,41,10
48,327,41,10
47,327,42,9
47,326,42,11
47,326,42,11
47,326,42,11
48,328,40,10
47,327,43,10
48,328,45,9
47,327,43,10
48,328,43,10
49,328,41,9
48,328,40,9
48,327,41,9
48,328,41,9
47,327,41,10
48,327,41,9
48,328,42,9
47,327,43,10
48,328,42,9
48,328,41,9
47,327,41,10
47,326,43,10
48,327,43,10
48,328,42,10
47,327,42,9
49,328,40,9
48,327,41,9
47,327,40,10
49,328,40,9
48,328,42,9
47,327,43,9
48,328,41,9
48,327,41,9
48,327,42,9
48,327,41,10
47,327,41,10
49,328,41,10
48,328,43,10
47,327,46,10
47,327,43,10
48,327,39,10
48,327,41,10
47,327,42,10
48,327,41,10
47,327,42,9
48,327,41,9
46,325,42,12
47,326,42,11
48,328,42,11
47,328,42,10
48,327,40,10
48,327,39,10
48,327,40,10
48,328,40,10
47,327,40,11
49,327,40,9
48,329,43,8
48,327,43,9
48,327,41,9
49,327,40,9
49,327,41,10
48,328,41,9
48,327,40,9
48,327,41,10
47,327,41,10
48,327,42,10
48,327,41,9
48,327,42,9
47,327,43,10
47,327,42,10
48,327,39,10
48,328,42,9
48,328,41,9
47,327,43,10
49,328,40,9
48,328,39,10
48,328,42,9
48,328,41,9
47,327,43,10
48,327,41,10
48,327,40,11
47,326,42,10
48,327,41,10
47,327,42,10
49,327,39,10
48,328,40,9
49,326,41,10
48,328,40,10
50,327,38,10
49,327,39,11
48,327,40,10
48,327,40,10
48,327,39,10
48,327,40,10
49,326,38,12
50,328,40,8
48,327,40,10
47,327,43,10
48,328,42,9
47,328,41,9
51,328,44,10
47,326,42,11
48,327,41,10
48,328,39,9
48,327,42,10
47,327,41,10
48,328,41,9
48,328,42,10
49,328,40,9
49,328,40,9
48,327,41,10
47,327,39,10
48,327,41,10
48,328,42,9
47,327,43,10
47,327,43,10
48,327,40,10
47,327,41,10
48,328,41,10
47,327,43,10
47,328,42,10
47,327,44,10
47,327,46,11
47,327,47,10
48,327,43,9
48,327,41,10
46,327,41,11
48,327,41,10
48,328,40,9
48,327,41,10
47,327,42,11
47,325,44,12
48,326,41,11
47,328,43,10
46,327,44,9
48,326,43,11
48,327,39,10
48,327,39,10
47,326,41,10
48,327,41,10
47,326,42,11
47,326,41,11
49,328,39,9
49,328,38,9
48,328,41,9
47,328,42,10
47,327,42,9
47,327,42,10
47,326,42,11
47,327,41,10
48,326,40,11
47,327,43,10
47,327,40,11
48,327,41,10
47,327,40,10
47,327,41,10
47,326,40,11
48,327,41,12
49,327,39,11
47,327,42,10
48,327,40,10
48,327,40,10
49,328,40,9
49,328,40,8
48,327,41,9
48,327,41,9
49,328,39,9
47,327,43,12
47,327,41,11
47,327,41,11
48,328,40,10
48,328,40,9
48,327,41,10
47,326,42,10
48,328,42,8
47,327,42,9
47,327,41,9
48,327,40,10
47,325,40,11
48,325,39,11
47,326,41,11
47,326,41,11
47,327,42,10
47,326,41,12
47,327,41,11
47,327,40,11
47,326,41,10
48,327,40,10
46,327,43,10
47,327,45,10
48,327,41,10
47,326,40,11
48,328,42,9
47,326,43,10
47,326,40,11
48,327,41,11
48,327,40,9
47,325,42,11
48,326,41,11
48,327,39,11
48,327,41,10
48,327,41,10
48,327,41,10
48,327,39,12
49,327,40,10
47,326,41,10
47,326,40,13
46,325,41,13
48,326,42,11
47,326,40,11
48,327,41,10
47,327,43,11
47,327,42,10
48,327,40,10
48,328,41,9
48,327,41,10
48,327,40,10
48,327,40,10
48,327,40,10
47,327,42,10
48,328,41,10
47,326,43,10
47,325,46,12
46,327,45,10
47,327,42,10
47,327,44,10
47,328,42,9
48,328,41,9
48,328,40,9
48,327,43,10
47,326,40,10
47,326,40,11
48,326,41,10
48,328,41,10
47,327,46,10
47,327,48,10
46,326,46,11
45,325,47,12
46,326,44,11
48,327,42,10
47,327,42,10
46,326,44,11
47,327,43,10
47,327,41,10
47,327,41,10
49,328,40,10
48,327,40,9
49,328,40,10
47,327,40,11
48,327,41,10
49,328,41,9
48,327,42,10
48,327,41,10
51,328,38,8
49,327,41,10
48,327,40,9
48,328,40,10
48,327,41,10
47,327,42,10
48,327,41,11
47,327,41,10
47,327,41,10
48,328,40,9
48,328,41,9
49,328,41,9
47,326,40,11
47,327,41,10
47,327,41,10
47,326,44,11
47,327,42,10
47,327,43,10
48,326,40,11
47,325,41,12
48,328,42,9
48,327,41,9
48,327,40,10
47,327,40,11
48,327,39,10
48,327,43,9
46,328,43,9
48,328,44,8
47,328,47,9
47,327,47,10
46,327,43,10
47,327,41,10
48,327,41,10
47,327,42,10
47,327,43,10
47,327,43,10
47,327,42,11
48,328,39,11
48,328,41,10
48,327,40,10
48,326,42,11
47,326,41,11
48,326,41,11
49,327,39,11
48,327,40,11
48,327,39,11
49,327,39,10
48,327,40,10
47,327,42,10
49,328,40,10
47,326,42,11
48,327,40,10
47,327,42,10
46,327,44,10
47,327,44,10
47,327,42,10
47,326,41,11
47,327,41,11
46,324,41,13
46,324,42,13
48,327,41,10
47,325,41,11
47,328,44,9
48,328,42,8
48,327,41,9
49,327,41,10
48,327,41,10
48,327,40,11
47,325,42,12
48,328,43,9
46,326,43,11
48,328,40,9
48,327,42,10
49,327,39,10
47,327,40,10
47,326,40,11
47,326,41,11
47,327,44,10
47,327,41,10
48,327,39,10
47,326,42,12
47,325,40,12
47,327,41,10
48,328,41,10
47,328,43,9
47,327,40,10
47,327,42,11
46,325,45,12
48,327,43,10
48,327,43,10
47,327,42,10
48,328,40,10
47,327,43,9
48,328,43,9
47,328,43,9
48,328,41,9
48,326,41,11
48,327,40,9
49,327,39,9
48,327,41,9
47,326,42,10
47,328,43,10
47,326,42,12
47,328,42,9
47,326,43,10
47,326,42,10
47,326,42,10
47,326,43,10
47,328,40,9
48,328,41,9
47,327,42,9
47,328,42,9
47,327,43,9
48,327,42,10
48,326,41,11
47,326,42,11
48,327,42,10
47,327,41,10
48,328,42,9
47,327,43,9
47,327,43,10
47,327,41,10
47,328,42,9
48,327,43,10
48,328,43,10
48,327,41,10
48,327,40,11
47,327,43,11
47,327,43,10
48,327,42,11
48,328,42,10
47,327,42,9
47,328,40,9
49,328,39,9
48,327,43,10
47,328,45,8
47,328,46,9
46,326,46,11
46,325,46,11
47,327,46,10
47,328,44,9
48,328,42,9
48,328,41,10
47,328,42,9
48,327,42,10
47,328,42,10
47,328,43,9
47,327,45,10
48,328,44,9
47,327,43,10
47,327,41,9
47,328,41,10
48,328,41,10
48,327,40,10
47,328,41,10
48,326,42,10
47,327,44,10
47,327,42,10
48,328,42,9
48,327,41,10
48,327,41,11
46,326,42,10
48,328,41,10
48,328,43,9
48,328,45,9
47,328,47,10
47,325,41,12
47,326,41,12
48,327,39,10
48,327,41,10
47,327,41,10
48,327,44,10
47,327,46,10
46,327,47,11
48,328,45,9
47,327,48,10
46,326,49,11
47,327,44,10
47,327,44,9
47,326,40,11
48,328,42,9
48,328,42,9
48,327,41,10
48,327,41,10
48,327,40,10
48,327,42,11
47,327,41,10
47,327,41,10
47,327,40,11
48,327,39,10
48,327,42,9
48,327,40,9
48,327,41,9
47,327,42,10
47,327,41,11
48,327,40,10
48,326,40,11
48,326,40,12
47,327,42,11
48,327,40,10
46,326,43,11
47,326,43,10
46,325,43,11
47,327,42,9
47,326,42,11
46,326,42,11
47,325,41,12
46,326,42,11
47,327,42,11
48,327,42,11
47,327,40,10
48,327,41,9
48,327,41,9
47,326,41,11
47,325,40,12
48,326,40,11
48,326,40,11
47,327,41,11
49,328,40,9
48,326,41,10
47,327,40,11
48,327,39,11
50,327,38,10
49,327,38,10
48,327,40,10
48,328,41,10
48,326,41,11
47,327,41,10
48,327,40,10
48,327,40,9
48,328,40,9
47,328,43,9
47,327,43,10
47,326,42,10
47,325,41,11
48,326,41,11
47,327,41,10
48,327,41,10
47,327,41,9
49,327,39,9
48,328,41,9
47,327,42,10
47,325,42,11
48,328,43,9
47,327,45,10
47,327,42,10
48,327,43,10
47,327,45,9
46,326,45,10
47,327,41,9
47,327,41,9
48,326,40,11
46,325,43,12
47,327,42,11
49,327,40,10
49,328,38,10
48,328,39,10
48,325,40,11
47,326,41,11
48,326,41,11
48,327,40,11
46,326,42,10
48,327,40,10
48,327,40,10
48,327,40,10
49,328,38,10
48,327,40,11
48,327,40,11
48,327,40,10
47,326,41,11
48,327,42,10
47,327,41,10
47,327,43,10
47,327,41,10
49,327,38,10
48,328,40,9
48,327,41,10
47,327,40,11
47,327,40,10
49,327,40,10
48,325,39,11
47,327,42,10
47,327,44,11
47,327,48,11
46,327,48,11
46,327,48,11
47,327,46,11
47,327,42,12
47,326,43,11
47,326,43,11
46,326,42,11
47,325,42,12
47,327,43,11
48,327,39,10
48,327,41,10
48,327,40,10
49,328,40,9
47,327,41,10
48,327,42,10
47,327,41,10
48,326,42,11
48,327,42,10
47,328,43,10
47,328,43,11
47,327,44,11
47,326,42,11
48,327,40,10
48,327,41,10
48,327,41,10
49,327,40,10
47,328,41,10
48,327,40,10
48,328,40,10
47,327,42,10
48,328,41,9
48,327,41,10
47,327,42,10
48,327,40,10
48,328,40,9
48,327,40,9
48,328,41,9
48,327,42,9
48,328,41,9
48,327,41,10
47,327,44,10
47,327,43,10
47,328,45,10
46,327,43,10
47,327,41,9
47,327,42,10
47,326,43,11
47,326,42,11
48,328,43,9
47,326,43,10
48,328,40,9
47,327,42,10
46,326,42,11
47,326,44,11
48,327,42,10
48,328,42,10
47,327,42,10
48,327,41,10
48,328,40,9
49,328,39,9
49,327,39,9
48,328,41,9
48,326,40,11
49,327,40,10
48,328,40,9
48,328,41,9
47,327,42,9
47,327,42,10
47,327,42,10
47,326,40,11
48,327,42,9
46,328,44,9
48,327,43,10
48,327,40,10
47,328,42,10
47,328,43,9
47,327,42,9
47,326,41,11
47,328,42,9
48,328,42,10
47,327,42,10
47,327,41,10
47,327,41,10
48,327,41,9
46,326,42,10
48,327,43,10
48,327,41,10
48,328,40,10
48,327,40,10
47,327,42,10
48,327,42,9
48,327,41,10
48,328,41,9
48,327,42,9
47,327,42,10
47,327,42,10
48,327,40,10
48,327,39,10
48,327,42,10
48,327,41,10
48,327,43,10
48,328,42,10
49,328,40,9
48,327,41,10
48,327,41,10
48,327,41,11
48,328,39,10
49,326,41,10
49,327,40,10
48,327,42,10
49,327,41,11
47,327,41,11
47,325,41,11
47,327,41,10
48,328,40,10
49,327,39,10
48,327,39,10
49,328,39,9
48,327,40,9
47,326,42,11
49,328,39,8
48,328,42,9
48,328,40,9
49,327,39,9
49,327,40,10
47,326,40,11
48,328,41,9
47,326,41,10
49,328,39,9
49,328,39,9
47,327,40,10
48,327,41,10
48,327,40,10
50,328,39,10
47,327,41,10
50,327,39,10
49,328,38,10
49,328,40,10
49,328,40,9
48,327,41,10
48,327,42,10
48,328,41,10
48,328,42,10
48,328,42,9
48,328,40,9
47,327,42,10
47,327,40,10
48,327,41,10
47,327,43,10
47,327,44,10
49,328,42,9
48,327,40,10
48,327,40,10
47,328,44,9
48,328,41,9
48,327,40,9
48,328,41,9
49,328,42,9
48,328,41,9
48,327,41,10
49,327,40,11
49,327,40,10
48,328,39,10
49,327,39,9
49,328,40,9
47,327,41,10
47,327,44,10
47,328,42,10
47,327,42,10
47,327,41,10
48,328,40,10
48,327,41,10
47,326,42,12
48,327,42,10
47,327,43,10
47,327,45,10
48,328,42,9
48,327,40,11
48,327,42,10
48,327,40,10
48,327,41,10
48,326,43,11
47,326,44,10
47,327,42,10
48,327,41,9
48,328,41,9
47,326,43,11
48,328,41,9
48,328,41,9
49,328,39,10
48,327,42,9
49,327,42,10
48,328,43,9
48,328,42,8
47,328,44,9
47,327,46,10
47,328,44,10
47,328,42,10
48,328,41,9
48,328,41,9
47,327,42,10
47,326,41,11
48,328,42,9
48,328,41,9
47,328,42,9
48,327,40,9
48,327,40,9
48,327,40,11
48,327,41,10
48,327,41,10
47,327,41,10
48,326,39,11
47,327,41,10
48,326,42,11
49,328,41,9
48,328,43,10
47,327,43,10
47,327,43,11
48,327,42,10
48,327,40,10
48,328,40,9
48,327,44,10
47,328,45,10
46,327,45,10
47,327,43,11
47,327,42,10
47,327,42,10
47,327,41,11
49,327,39,10
48,327,43,10
47,328,42,9
47,327,43,10
48,327,43,10
47,327,42,10
47,328,46,9
47,328,47,10
47,327,46,9
47,326,44,10
48,327,40,10
48,327,42,9
47,327,41,10
48,327,42,10
47,328,41,10
47,327,44,10
46,327,46,11
46,327,46,11
48,328,46,10
46,326,46,11
48,327,43,10
48,328,40,9
47,327,42,9
48,327,42,10
47,327,43,10
48,327,43,10
48,327,41,9
47,327,39,10
48,327,41,10
47,327,42,10
48,328,40,9
48,327,40,10
48,326,40,10
48,327,40,9
48,327,41,9
48,328,41,9
48,328,42,9
48,328,42,9
48,327,43,9
48,327,40,10
48,328,40,9
47,327,41,10
48,328,42,9
47,327,42,9
47,328,44,9
47,327,42,10
47,328,42,9
47,328,43,10
47,327,43,10
48,328,43,9
46,328,44,9
47,328,42,9
49,327,41,10
48,327,43,10
48,327,41,10
47,327,40,9
48,327,40,10
48,327,40,10
48,327,40,9
47,327,41,10
48,327,40,10
49,327,41,10
47,327,42,10
49,327,40,9
49,327,40,9
47,327,41,10
46,327,44,10
46,327,46,9
47,327,44,11
48,327,43,10
48,328,41,10
48,327,42,10
47,327,43,9
47,328,44,9
47,327,43,10
47,328,45,9
48,328,43,9
49,328,42,9
47,327,42,10
47,326,42,11
46,325,41,12
49,327,41,10
47,326,42,11
48,327,40,10
48,327,40,10
47,326,42,11
48,327,44,11
47,327,42,10
47,327,45,10
47,327,43,10
47,326,41,10
48,327,43,9
47,327,43,9
47,327,43,10
47,327,41,10
48,327,43,10
47,326,44,11
47,326,43,11
47,326,42,11
46,327,43,11
47,325,41,12
47,323,40,14
46,321,41,16
45,317,43,20
47,313,43,24
46,317,43,19
46,314,44,23
