799,712,370,233
809,726,353,226
812,730,341,207
819,730,329,217
820,727,320,218
814,719,331,227
811,725,334,218
810,725,339,219
813,734,340,216
824,743,309,203
820,748,313,200
806,734,337,212
810,736,342,222
812,729,331,218
804,728,350,219
806,731,353,218
814,729,342,225
824,738,313,206
805,726,350,212
811,735,340,212
806,724,351,225
808,731,349,213
818,738,335,213
819,735,319,212
819,730,323,210
811,718,342,227
812,730,343,215
810,723,342,227
813,730,337,217
816,731,330,216
821,718,322,229
815,732,334,211
811,716,331,229
832,732,316,215
810,724,337,219
808,730,337,216
805,728,342,218
807,726,345,220
809,725,345,229
810,726,349,215
815,723,349,219
804,735,363,209
818,725,350,213
807,721,364,207
818,743,347,207
806,731,376,214
809,728,355,220
816,734,342,204
819,727,336,205
823,737,331,209
812,717,339,228
805,734,362,209
813,738,368,205
804,719,360,220
812,705,355,240
812,724,343,223
817,713,344,233
818,696,344,240
822,695,346,226
824,695,341,218
831,684,355,224
834,684,370,216
841,677,361,229
839,674,370,231
862,676,353,232
869,669,344,230
856,672,374,223
869,669,380,231
877,664,377,226
871,670,395,214
874,664,420,214
887,666,413,234
888,654,412,216
908,669,383,209
929,663,355,210
953,668,332,221
944,661,345,221
933,652,384,235
928,646,389,220
938,652,389,234
932,650,418,225
956,650,366,221
952,646,378,229
957,647,378,230
954,654,404,227
958,648,396,222
962,641,396,232
983,647,364,223
979,642,360,222
965,639,388,232
966,639,396,230
974,631,394,234
982,626,388,242
981,641,395,232
978,635,394,237
978,630,393,244
982,627,401,247
990,629,390,251
986,636,392,244
984,633,391,238
979,636,406,239
983,637,399,235
992,641,389,230
977,631,395,240
990,634,380,235
991,630,387,244
975,636,409,243
971,631,399,233
968,637,426,232
974,629,407,241
972,627,420,236
972,626,425,241
956,629,443,244
991,626,401,217
997,630,397,221
977,630,416,235
971,623,434,246
974,626,417,225
977,627,427,239
977,620,432,228
984,625,422,229
966,622,442,237
971,617,439,254
966,620,435,248
977,620,438,248
983,619,428,242
981,615,430,256
979,618,430,251
986,620,423,254
984,614,429,241
977,619,435,251
983,618,426,258
974,619,427,250
998,620,408,260
975,615,421,249
980,621,433,249
972,612,426,243
977,611,434,261
981,621,427,235
969,611,437,240
971,606,439,237
975,612,444,251
985,611,422,252
971,603,439,252
985,609,423,250
978,608,439,227
960,607,458,243
969,601,438,257
962,607,443,240
968,609,450,239
968,611,435,242
956,615,451,236
962,611,463,242
963,607,443,252
963,606,441,258
946,607,457,255
960,594,449,228
961,599,452,243
955,601,447,231
962,599,458,225
963,602,456,228
960,599,441,223
953,601,462,212
948,599,453,217
948,599,452,215
946,598,455,212
941,601,457,211
940,598,463,214
939,594,454,205
941,591,431,210
936,595,445,205
921,595,450,203
927,594,461,207
917,594,475,205
921,591,462,205
910,593,475,200
924,588,455,212
917,583,469,214
921,577,444,213
914,580,460,215
912,594,470,198
910,584,475,205
912,583,478,206
917,567,456,222
920,572,469,214
925,574,458,208
920,571,467,207
910,563,471,213
910,568,457,205
912,587,467,194
912,579,474,205
919,550,452,233
919,555,469,230
914,587,469,197
911,577,458,211
910,567,461,218
900,566,456,214
904,571,455,211
904,557,448,221
906,570,455,209
916,578,439,203
903,569,470,208
909,564,468,216
909,561,475,216
904,581,469,197
903,576,478,198
912,554,466,217
913,554,473,224
913,569,439,196
902,561,487,209
915,564,467,203
924,555,470,220
911,553,477,208
914,549,479,224
912,549,480,214
916,564,479,205
927,552,479,218
924,551,474,211
947,557,459,205
940,547,473,223
937,548,464,217
967,548,446,218
921,553,484,223
950,551,461,219
966,552,451,220
966,539,459,219
921,552,458,228
921,548,464,228
924,551,496,222
930,551,439,229
925,559,460,218
927,549,455,231
934,550,418,224
930,547,455,225
930,544,489,229
937,545,513,224
944,546,508,211
941,532,488,238
938,531,483,234
938,533,487,229
945,520,475,236
956,524,449,214
958,537,474,212
961,513,458,238
959,534,465,210
969,554,471,191
988,546,464,186
966,539,489,221
970,529,485,240
963,503,506,264
956,554,488,211
968,553,480,219
972,547,479,221
970,564,453,208
964,564,451,211
965,554,410,223
975,550,382,228
961,563,398,211
957,546,419,239
967,533,397,242
955,529,461,248
968,539,458,221
958,512,506,271
950,531,518,248
954,543,488,229
957,558,426,212
957,560,407,216
967,540,438,241
947,546,406,228
975,538,411,221
955,553,404,213
954,541,412,231
955,535,430,236
952,541,446,220
949,527,427,232
946,543,445,232
942,517,485,250
936,536,516,227
940,524,518,243
947,525,515,236
948,523,515,239
945,524,516,230
955,518,492,238
946,523,482,232
939,509,515,246
943,517,505,246
936,508,522,249
953,523,513,252
944,499,509,265
952,521,513,256
943,514,507,252
943,507,446,254
957,513,467,252
949,495,408,277
957,501,405,272
963,491,405,283
966,506,383,267
964,495,421,280
961,496,386,280
962,494,393,287
964,497,383,291
968,497,382,286
967,486,372,308
978,482,369,303
968,489,372,293
974,487,350,292
965,473,371,306
975,463,365,310
967,470,361,305
972,457,364,312
958,475,369,298
994,472,337,303
991,468,332,301
976,480,352,293
966,482,360,295
986,499,341,278
971,466,365,305
972,479,346,288
994,492,326,275
986,488,331,275
980,498,337,265
980,512,337,261
970,503,352,272
975,479,337,290
984,506,330,266
983,490,333,277
978,503,339,266
972,495,349,266
983,507,335,265
971,506,331,258
971,497,345,270
966,507,359,260
974,512,351,261
984,490,332,282
969,500,361,269
974,497,353,262
980,512,366,263
966,505,382,274
972,506,365,274
968,508,383,279
964,514,382,273
966,516,375,268
971,504,358,281
974,499,352,277
971,508,355,269
980,503,343,275
963,508,361,279
957,525,378,272
967,512,378,281
960,527,386,267
967,532,375,263
966,538,337,254
986,508,326,277
975,515,344,278
964,520,372,271
968,520,375,270
976,521,366,268
976,516,364,277
969,520,371,276
964,524,378,268
976,523,368,272
978,527,367,275
978,526,368,263
989,529,355,262
988,524,363,275
985,530,373,263
990,527,365,250
999,515,357,267
1000,531,370,251
998,517,364,256
1010,517,349,264
993,514,371,269
997,517,351,269
996,513,360,255
1006,507,355,262
1013,500,346,266
1011,515,324,256
1004,513,348,256
1001,507,371,264
1007,513,366,253
1007,510,378,257
1009,511,372,262
1009,511,377,272
1006,519,341,247
1008,519,358,244
1004,514,366,257
1017,516,363,261
986,513,394,256
994,505,395,270
995,509,384,268
1001,513,371,266
1014,511,360,273
1010,506,385,275
1001,505,399,276
1011,504,387,277
1007,510,393,272
1006,512,398,271
1014,521,385,271
1010,521,375,266
1010,519,399,273
1016,528,370,261
1020,537,371,261
1012,533,378,258
1021,528,359,268
1022,534,338,267
1016,543,373,241
1017,533,370,258
1006,532,378,269
1013,532,340,264
1012,532,345,250
1024,543,350,249
1015,541,361,253
1012,535,380,266
1021,535,358,269
1023,526,364,269
1035,537,324,254
1013,538,358,253
1027,540,337,247
1008,526,372,253
1013,532,375,254
1012,533,378,245
993,529,402,254
974,516,449,257
998,521,429,257
998,522,406,260
1002,524,325,258
991,522,326,253
993,521,322,252
1006,523,306,249
989,519,312,252
973,527,321,257
967,534,329,259
953,528,336,254
970,539,309,255
946,542,326,252
959,537,310,257
942,545,322,261
933,551,331,258
914,561,341,242
931,564,314,245
914,559,323,251
887,560,347,250
888,560,338,258
891,567,324,242
888,567,321,251
898,564,302,253
864,562,327,255
849,566,345,250
856,553,319,256
830,561,329,255
830,557,339,265
811,562,340,261
809,566,331,261
797,565,333,259
802,565,334,271
786,572,339,270
792,574,329,251
782,565,345,262
777,576,335,254
766,562,351,272
766,558,333,261
753,564,343,255
761,549,330,268
749,554,329,263
747,567,334,258
740,552,332,254
721,553,349,260
709,555,352,252
708,554,339,262
703,550,326,269
707,547,343,266
692,537,339,280
674,551,342,255
665,557,348,266
663,548,349,252
655,548,339,259
644,557,349,243
633,546,355,256
628,549,347,258
624,541,350,261
610,556,350,260
612,555,361,246
602,549,345,255
593,551,354,259
567,553,372,263
569,544,364,262
574,546,360,240
545,542,379,265
549,550,372,258
560,538,358,264
562,543,340,247
547,540,368,260
537,535,362,260
537,528,372,265
541,547,352,248
539,536,348,252
528,539,359,255
525,535,349,250
516,534,363,252
516,536,345,253
507,535,356,241
497,544,363,245
492,532,356,246
482,546,360,238
489,534,343,245
483,536,353,244
475,548,346,224
470,542,350,226
472,540,336,226
470,542,337,237
459,546,346,224
466,538,334,229
459,530,342,230
450,545,345,227
457,543,336,219
464,544,324,222
457,543,326,215
445,543,341,219
426,539,346,220
425,530,335,230
420,535,349,225
421,542,340,220
418,528,349,221
423,535,324,210
432,536,316,218
430,531,317,211
403,527,337,215
416,536,331,223
408,521,337,226
411,525,332,223
411,528,327,220
386,526,348,217
397,528,334,216
396,522,331,214
404,523,324,219
400,528,325,219
390,519,325,213
393,526,328,218
385,528,331,209
380,530,337,220
375,523,340,215
388,536,314,214
373,535,324,211
369,536,324,209
367,532,326,220
363,537,324,214
357,535,329,217
356,546,327,216
354,541,324,208
344,539,335,214
340,544,332,214
346,544,319,208
337,552,338,200
332,543,330,209
337,549,324,212
325,538,331,209
323,537,343,221
318,544,328,219
316,547,327,208
316,543,326,216
322,547,316,200
323,539,312,210
309,535,323,211
313,538,318,213
318,531,310,210
317,524,300,204
304,519,316,216
302,519,324,216
302,525,325,208
299,524,325,209
299,523,325,206
294,519,318,202
301,515,320,205
302,513,310,219
293,512,328,207
302,510,317,199
293,516,320,214
295,511,315,204
300,509,318,210
287,514,324,208
290,505,327,203
294,512,317,218
285,511,322,207
287,503,320,205
292,508,302,210
284,499,315,212
283,502,319,205
291,509,302,200
295,501,300,206
280,506,310,207
275,496,323,205
273,501,317,212
268,500,332,215
266,510,324,203
280,500,308,202
280,498,315,217
274,494,313,211
265,499,326,210
256,501,316,202
256,495,327,198
261,491,320,217
255,484,318,213
257,484,324,214
261,480,324,223
255,481,332,215
249,481,332,223
247,482,339,218
252,476,338,220
251,468,321,237
249,472,326,226
247,475,337,225
246,478,337,221
253,476,322,214
250,478,316,227
249,473,321,231
250,478,330,224
254,476,319,217
239,487,325,218
248,487,314,215
245,489,322,207
252,481,328,226
247,488,327,210
248,478,318,223
251,484,306,223
246,491,320,210
257,484,313,213
248,493,315,214
258,496,302,200
254,495,314,207
262,503,318,200
258,494,309,221
261,507,297,201
260,499,296,208
266,505,301,200
260,502,316,202
272,501,302,214
264,504,313,208
268,510,294,195
274,507,304,206
272,517,297,208
274,516,299,202
275,516,302,203
272,519,305,209
275,526,298,203
276,521,291,197
273,530,288,195
288,528,294,194
285,532,298,199
281,533,290,194
292,532,287,205
289,536,293,191
295,538,289,191
296,544,283,199
293,543,300,197
298,545,296,193
310,551,283,193
318,551,271,191
312,558,276,191
316,561,279,180
314,561,282,187
317,569,281,186
320,565,273,190
327,567,283,184
330,566,278,182
327,572,291,174
333,571,278,181
334,577,274,172
340,579,285,176
345,574,273,182
347,577,279,176
348,579,288,178
354,581,280,173
360,582,272,173
362,577,286,174
366,581,265,175
365,579,269,176
368,588,268,172
369,580,285,174
368,584,289,176
378,584,271,171
381,580,277,172
383,579,279,176
375,579,283,175
382,580,275,176
381,577,275,181
378,576,285,201
382,575,282,181
385,577,274,188
393,585,264,175
392,580,275,180
395,578,274,200
403,590,276,170
402,579,265,180
407,586,269,176
412,588,263,177
415,589,260,173
423,594,257,165
425,587,254,168
423,589,251,176
426,592,260,175
421,589,256,192
424,586,264,181
428,592,245,171
432,595,265,171
437,593,256,172
439,591,247,172
440,594,245,170
445,596,246,186
446,592,255,206
456,600,228,165
456,596,243,158
458,593,239,170
462,598,243,158
463,596,242,174
463,594,232,172
467,595,240,165
472,597,223,174
473,598,234,172
478,598,213,193
490,598,224,168
486,597,217,169
483,600,214,189
496,589,229,240
494,596,204,221
503,580,216,255
502,553,241,275
510,575,186,268
525,552,195,292
518,587,180,278
522,532,198,282
515,553,187,281
538,567,192,286
539,551,205,287
550,587,140,264
545,572,151,274
540,595,161,254
561,599,130,263
574,603,118,244
579,610,111,246
582,606,104,239
579,610,112,230
549,611,140,215
562,615,134,219
553,612,136,228
536,612,160,222
534,613,164,216
530,611,170,205
528,611,171,204
534,615,168,216
546,614,152,209
537,618,161,203
534,619,166,193
543,618,152,199
545,620,155,210
547,620,141,202
550,616,147,203
560,619,135,208
565,619,127,224
563,617,132,215
563,619,134,240
564,613,128,231
562,621,130,196
570,620,125,203
575,621,116,216
579,621,114,245
577,624,119,246
576,625,117,246
581,625,116,239
582,630,114,237
585,625,112,243
583,633,114,236
584,635,113,238
586,636,109,241
585,630,111,247
586,633,112,239
586,622,112,246
581,640,118,228
584,637,115,235
588,638,110,234
586,630,114,244
585,632,117,240
585,624,118,252
586,633,115,240
587,638,113,233
588,636,112,228
586,646,112,222
587,642,112,238
587,635,114,245
587,630,118,252
585,643,121,234
589,639,114,240
586,629,113,247
586,642,116,232
585,639,115,237
585,622,97,259
586,613,107,255
582,624,110,257
584,628,107,247
584,625,93,250
584,624,106,252
581,626,103,248
581,627,121,243
584,640,112,234
586,621,100,251
585,623,103,255
581,635,110,241
583,632,107,244
585,619,101,253
584,619,99,257
583,619,104,255
582,626,104,242
587,631,100,242
582,634,101,236
584,621,102,248
585,641,103,231
586,633,95,237
586,627,101,246
582,620,102,251
583,644,104,226
586,625,97,242
584,617,102,251
585,635,103,245
586,619,96,255
583,616,100,258
585,626,101,252
581,619,105,256
586,619,100,255
585,612,101,266
583,631,104,243
584,642,99,225
585,649,103,227
585,626,97,247
584,627,100,247
585,620,95,249
585,622,102,251
585,614,113,264
587,623,100,251
584,626,105,249
580,644,106,227
585,651,104,218
586,633,94,234
584,628,99,245
583,612,105,259
585,622,101,253
585,621,104,251
586,618,103,260
586,624,102,247
585,628,101,250
584,613,107,262
584,630,107,246
583,624,105,252
584,627,102,251
584,620,102,256
585,618,102,259
584,613,98,263
582,621,110,260
582,616,111,260
582,627,108,248
583,630,107,245
585,619,104,255
586,617,99,258
585,613,101,265
584,616,111,270
581,619,106,260
581,621,109,254
585,630,104,244
583,621,100,251
583,620,104,262
583,621,109,253
585,630,106,246
584,637,103,239
585,632,102,241
582,621,105,250
584,619,103,261
585,625,105,255
581,634,103,241
582,628,106,249
583,619,107,257
585,626,102,249
583,620,104,253
584,615,100,261
585,610,106,265
583,625,104,251
584,618,103,258
585,624,103,253
584,637,105,237
585,630,101,244
584,619,102,257
584,628,107,245
585,627,101,247
585,623,102,250
586,617,102,263
584,624,111,248
587,628,95,247
584,615,104,261
583,619,103,258
586,619,100,256
585,614,101,267
583,615,106,261
583,621,107,256
585,614,101,259
583,617,102,261
583,614,109,265
582,620,106,255
584,618,102,262
584,619,109,257
583,622,101,254
587,639,94,237
583,646,101,231
586,626,97,253
584,617,98,258
584,623,105,259
584,620,104,254
585,623,101,255
583,615,100,260
587,626,96,251
582,615,99,263
585,621,99,253
587,614,93,268
585,612,104,268
586,624,94,247
584,617,97,259
584,609,102,270
584,617,98,258
584,628,98,253
585,616,93,258
585,619,101,261
584,611,105,267
583,634,105,241
581,625,106,249
585,645,105,227
587,641,98,236
583,633,97,241
584,638,103,234
583,637,102,236
585,628,97,247
584,619,103,253
586,630,98,248
585,629,96,248
586,624,99,248
584,617,108,260
583,629,108,247
585,627,101,247
584,621,102,248
584,617,99,259
585,609,100,268
584,616,101,256
586,611,97,263
585,614,100,265
584,620,103,253
583,617,102,261
584,611,106,263
585,621,104,254
583,613,103,257
585,638,101,240
585,622,98,249
586,617,100,260
585,616,105,265
584,631,100,241
582,629,103,241
584,625,102,249
583,619,103,257
585,632,105,240
585,616,96,257
584,613,105,263
582,623,103,246
584,614,104,265
582,616,108,257
581,620,103,253
584,621,99,252
585,616,98,260
587,614,98,258
586,615,99,261
584,630,98,242
587,622,97,253
585,614,94,257
584,612,100,262
586,630,97,246
584,622,98,247
587,618,98,255
582,622,101,253
585,613,103,260
586,618,101,257
585,621,100,249
585,622,101,256
584,618,109,254
581,620,107,249
586,616,101,258
586,621,103,252
584,617,99,260
583,612,103,265
582,624,108,245
583,618,103,253
584,613,104,254
586,622,104,262
581,621,102,248
584,615,103,264
582,621,105,253
582,624,107,251
583,636,108,239
584,630,100,245
582,616,105,258
581,622,110,252
584,628,106,240
585,622,99,248
585,622,102,252
582,623,105,249
584,618,104,252
584,615,102,257
585,616,102,264
583,631,107,240
585,626,105,247
582,628,101,243
586,616,104,251
587,613,90,257
583,615,99,255
586,629,97,249
584,637,102,233
585,633,100,237
586,626,93,246
584,624,100,247
586,616,98,257
585,614,96,261
585,613,102,263
587,619,102,256
586,616,98,258
584,613,104,260
583,623,108,248
583,620,110,253
583,624,105,247
583,622,107,251
584,629,100,241
586,616,98,260
583,619,103,254
584,615,105,257
586,625,99,250
584,615,107,260
584,623,107,252
584,623,105,250
586,613,104,260
581,629,110,243
583,617,112,253
583,630,102,238
584,617,99,255
585,613,105,268
583,622,106,256
582,615,109,263
580,624,107,244
584,647,106,229
588,625,90,254
586,620,98,255
586,613,102,256
587,618,103,255
583,627,96,248
582,620,104,251
584,623,107,250
579,624,110,245
584,624,107,246
582,624,103,245
584,620,100,250
583,613,101,266
585,613,100,262
582,615,103,258
586,610,96,268
585,612,97,264
585,617,97,258
585,616,99,260
582,619,108,249
582,621,106,249
583,621,105,258
586,620,100,250
585,637,100,241
586,622,98,247
585,616,95,241
586,624,104,245
584,615,108,267
584,625,101,248
586,616,101,257
585,620,102,255
584,609,99,265
586,623,98,257
583,618,97,249
585,623,101,255
583,619,103,253
584,622,102,252
585,612,108,261
586,621,99,249
584,625,100,252
582,613,107,256
584,622,101,249
581,617,111,258
583,624,105,247
584,613,105,259
584,611,105,262
584,620,100,253
587,609,104,264
585,632,96,238
585,629,99,244
584,619,99,248
586,610,94,265
584,611,103,267
586,615,99,259
584,615,98,260
585,615,102,263
583,610,103,264
585,618,93,250
584,616,102,263
586,623,101,252
585,622,99,254
582,615,104,260
579,631,115,245
582,614,105,265
583,627,107,246
582,649,104,220
584,632,104,242
584,613,99,258
586,621,99,259
583,619,103,253
584,616,100,261
587,619,99,255
585,628,100,248
584,622,97,247
585,623,99,251
584,614,104,260
580,623,105,253
583,615,102,258
585,626,102,246
587,623,97,248
585,618,97,256
583,613,100,260
585,615,99,267
585,616,101,261
585,614,94,256
584,612,96,264
583,636,100,240
587,638,104,235
585,633,98,247
587,630,104,243
584,634,100,240
586,624,100,251
586,618,94,254
585,614,104,256
586,619,98,257
586,621,96,254
586,616,104,258
584,631,103,245
583,620,99,249
583,612,103,266
584,614,101,262
584,608,93,260
585,626,101,250
581,619,104,251
586,625,98,249
584,616,97,254
584,610,99,263
583,626,98,250
582,625,104,241
585,615,99,257
584,612,96,266
587,613,100,265
583,620,100,253
585,610,106,270
582,626,93,245
583,616,104,256
586,611,102,270
581,616,109,264
581,625,109,247
584,624,101,243
585,623,100,254
584,614,101,252
587,614,99,264
584,611,102,266
585,620,101,256
585,614,98,262
585,622,106,260
582,631,102,236
584,625,100,250
584,615,104,253
583,623,101,254
585,613,100,261
586,624,101,254
583,613,105,257
581,618,111,264
583,624,106,248
585,618,106,257
583,630,98,241
584,620,91,235
588,630,95,244
585,629,98,246
582,617,100,240
586,637,99,240
586,626,101,246
584,631,104,242
583,623,104,249
583,622,104,254
584,621,105,252
585,615,101,259
584,616,105,261
583,614,104,263
583,627,104,249
582,615,106,257
584,632,103,246
583,625,100,251
583,616,105,254
584,623,100,247
587,618,98,256
585,612,100,261
585,616,103,261
585,618,101,251
585,610,99,266
583,619,107,258
581,622,104,251
582,625,112,248
583,640,112,231
583,618,99,253
584,614,103,266
581,620,109,252
583,620,106,249
584,622,105,251
585,613,108,257
587,629,80,237
586,632,94,242
584,629,99,243
582,621,103,248
584,615,96,256
583,616,99,256
585,613,100,265
583,612,107,269
584,616,106,253
587,619,99,258
583,616,106,255
584,621,101,247
586,613,99,260
585,615,101,260
585,612,102,264
584,614,104,256
584,626,104,249
584,613,102,258
584,625,100,245
586,612,100,262
586,617,96,263
585,616,108,264
582,614,110,258
583,635,103,236
584,631,105,241
581,625,102,245
583,614,102,255
584,619,107,264
584,624,101,245
583,614,103,256
585,613,100,267
585,620,102,251
588,613,99,262
586,612,103,275
583,610,103,265
583,620,103,256
584,611,103,262
583,628,106,246
581,619,105,252
584,616,100,261
586,621,101,251
584,616,101,257
586,614,97,261
585,623,99,247
586,616,99,259
586,615,98,265
583,612,105,259
583,622,104,259
582,617,105,259
584,618,105,255
585,614,106,263
584,622,105,250
584,614,103,257
586,624,105,257
583,612,103,255
585,618,100,259
584,612,102,271
583,613,107,262
584,630,105,239
582,620,104,250
586,627,99,250
584,615,104,258
585,615,93,259
587,610,97,264
586,618,102,265
584,624,109,249
583,628,106,246
584,621,106,255
584,632,105,243
582,615,102,262
587,617,98,259
584,612,102,272
582,617,106,257
585,628,103,246
586,623,98,252
582,631,105,245
583,624,104,248
584,631,104,245
582,628,103,244
583,614,104,255
583,619,103,262
582,610,110,267
583,620,109,258
583,615,105,264
583,620,103,254
583,622,102,254
583,614,102,264
585,619,99,257
586,614,93,262
585,614,99,260
586,613,97,259
584,619,98,255
583,617,102,260
583,615,102,259
586,622,100,258
584,618,102,258
585,616,95,261
587,612,100,269
585,610,101,263
586,631,103,251
583,621,98,259
584,613,100,261
583,622,100,255
584,613,96,262
582,609,101,268
584,611,98,266
583,618,102,266
583,615,102,259
584,616,104,261
584,625,105,251
584,614,99,259
586,627,102,253
584,631,100,241
585,614,98,256
582,620,106,260
583,614,103,264
583,619,104,255
582,620,102,251
586,613,101,263
583,622,98,256
583,613,102,258
583,630,105,251
582,616,100,259
585,624,101,252
583,615,98,261
584,610,97,267
582,619,101,262
584,615,102,259
583,612,96,266
584,609,100,271
588,625,98,248
586,619,93,259
584,614,103,263
582,617,109,263
583,636,105,240
585,617,100,251
584,614,100,260
586,627,96,251
587,618,93,256
584,616,98,259
583,616,95,262
584,614,102,261
586,623,102,250
585,626,100,249
583,624,104,248
584,614,101,263
586,615,98,264
582,622,105,251
583,619,100,257
584,615,104,257
585,616,99,262
586,618,102,259
585,614,100,259
585,616,105,264
584,622,102,247
586,625,95,250
584,613,98,257
587,637,99,242
585,629,92,245
583,616,103,259
583,617,99,260
583,610,107,262
583,618,107,255
585,622,103,246
583,629,98,247
581,617,101,252
583,624,105,257
583,625,106,253
583,623,101,251
583,616,111,258
583,638,102,234
586,640,99,232
587,634,95,242
587,645,97,230
585,645,96,227
588,633,98,239
583,633,100,240
583,648,107,225
586,628,99,250
583,620,100,255
583,619,105,256
586,635,101,240
584,632,101,243
582,619,104,255
584,609,104,263
584,615,101,261
584,610,100,268
585,622,101,256
583,615,101,263
585,619,102,256
581,625,101,252
582,620,101,252
583,636,106,244
582,628,100,246
582,621,106,249
583,625,100,252
583,618,103,254
582,614,105,260
583,625,103,247
585,622,100,253
583,618,99,255
585,627,101,252
582,619,106,257
582,627,102,246
581,613,109,259
583,630,103,243
584,628,103,243
586,619,97,254
583,614,101,263
584,621,100,255
585,615,96,258
583,614,106,261
582,622,106,249
583,611,105,267
580,624,104,250
584,614,101,258
585,620,100,258
582,613,101,259
585,618,100,263
584,622,105,256
583,614,103,261
583,622,104,259
580,625,106,250
583,625,102,247
585,615,101,261
584,626,102,249
584,622,104,252
581,630,103,242
582,624,106,251
584,634,105,243
584,634,102,242
585,631,97,247
585,636,104,236
583,631,98,244
583,635,100,237
585,629,99,244
585,619,105,253
586,622,97,250
584,624,103,252
586,616,102,261
585,619,96,252
585,635,101,242
585,621,97,249
587,616,95,265
585,615,101,255
585,616,96,259
586,612,97,265
585,610,102,260
584,630,101,245
582,624,99,252
581,611,106,261
585,609,102,268
584,620,102,258
584,624,105,253
583,623,108,247
583,625,103,246
583,616,108,255
584,622,105,257
582,631,108,243
585,632,105,240
586,618,104,254
583,620,100,262
582,613,108,256
584,616,95,258
585,613,98,265
584,613,98,266
580,623,109,254
583,623,111,250
582,638,93,237
586,626,95,247
586,622,100,256
585,629,105,244
583,624,102,250
583,617,102,253
584,630,101,244
586,616,101,251
585,611,99,264
585,641,102,241
585,615,97,244
585,635,101,238
583,634,101,239
584,632,102,239
582,628,99,245
584,622,98,249
586,629,103,249
581,618,100,258
582,612,105,266
584,623,109,252
584,630,102,241
584,619,100,254
585,621,98,255
585,611,101,261
584,625,103,256
583,625,106,251
582,619,107,254
583,619,103,254
585,621,103,251
586,620,98,260
582,620,106,256
583,632,107,240
582,639,101,232
585,628,98,244
585,620,102,254
584,619,101,256
583,612,106,262
583,619,106,251
583,625,101,247
585,613,103,263
584,621,96,255
583,611,105,260
586,632,104,250
586,634,97,242
588,627,95,248
586,627,99,247
586,619,98,252
586,623,96,252
583,617,102,258
582,615,107,252
584,624,100,256
582,617,97,253
582,618,100,261
583,619,100,252
586,632,103,246
585,634,98,239
585,638,96,231
584,643,99,229
586,646,96,230
586,638,97,233
586,640,98,231
584,641,93,231
586,634,95,242
585,621,96,252
585,612,98,264
585,632,97,248
584,629,101,236
586,621,101,251
585,616,99,260
583,623,102,251
585,613,100,261
583,622,103,257
583,619,106,256
581,618,106,256
581,624,108,251
581,618,111,261
581,624,115,250
583,621,115,252
582,637,111,231
584,635,103,236
581,632,113,239
582,623,107,250
584,621,104,255
580,630,112,240
583,623,102,252
584,639,112,233
584,643,106,234
585,647,108,223
586,650,103,222
586,646,105,228
585,650,109,231
586,643,107,232
586,661,112,217
584,655,108,220
585,651,107,224
586,656,110,218
587,652,108,218
587,664,109,209
587,653,108,225
585,648,110,230
584,659,111,221
587,654,106,228
584,648,112,234
586,645,105,238
585,652,107,228
584,636,107,247
585,652,109,223
586,652,106,231
584,640,110,242
582,647,112,232
586,652,107,225
585,638,107,238
583,645,113,229
585,645,107,234
579,649,113,232
579,638,110,230
579,633,109,236
577,626,111,247
574,639,120,230
570,644,120,229
573,638,117,243
569,643,122,235
575,634,121,243
572,636,116,242
579,639,115,237
582,628,112,250
579,648,113,230
582,643,111,238
582,643,112,238
583,643,113,237
582,642,111,237
580,647,111,229
579,642,113,232
579,641,111,235
577,651,111,222
576,647,114,229
572,639,117,233
574,642,114,235
574,627,117,255
569,643,121,233
569,629,120,246
574,629,118,248
572,638,119,242
574,634,116,244
561,638,131,237
569,631,118,243
556,631,136,244
570,627,119,251
564,624,127,247
561,632,131,243
573,626,117,254
571,632,118,244
580,628,107,252
583,639,108,233
584,622,106,248
582,628,107,242
583,624,108,247
584,621,107,248
584,627,106,241
584,622,107,246
584,627,104,246
582,621,111,249
581,627,108,250
581,627,112,242
582,626,109,246
584,634,108,236
582,626,108,245
582,621,112,254
581,624,112,246
583,629,107,243
581,617,113,255
580,622,113,246
582,626,110,242
579,614,115,262
581,616,111,258
582,623,110,247
581,620,114,252
580,618,113,254
581,621,109,251
576,626,117,242
577,625,110,247
578,615,110,252
579,624,103,251
579,613,106,258
581,612,104,259
583,608,104,267
585,616,100,252
580,612,103,260
582,612,102,264
583,611,98,257
583,612,97,263
580,607,103,263
582,621,106,257
582,613,105,262
585,613,100,260
582,629,105,241
586,614,97,256
580,613,106,257
583,617,108,260
579,624,107,250
583,629,105,242
583,632,102,237
583,623,105,248
582,623,104,251
582,646,106,225
585,636,101,237
584,628,98,244
584,616,99,253
584,616,100,260
585,625,98,247
582,623,105,246
581,611,105,259
583,620,103,253
580,620,107,247
581,618,106,250
586,621,107,251
588,640,102,226
586,627,102,240
586,621,105,252
586,622,105,248
589,617,103,253
586,616,107,264
587,622,103,252
587,617,99,257
587,614,99,261
586,608,102,269
585,604,101,272
587,609,102,271
587,619,95,258
587,608,94,267
585,604,95,273
586,615,100,267
583,640,101,230
585,623,101,249
584,631,97,241
584,606,98,260
584,618,102,258
585,631,104,256
584,630,94,247
583,640,105,236
583,637,97,238
585,634,103,238
583,623,99,248
583,607,100,261
581,638,104,246
582,625,104,254
580,610,106,265
581,609,101,266
581,601,105,276
584,620,103,262
582,621,102,251
584,607,102,265
583,618,100,265
585,607,100,267
585,612,103,271
583,608,98,269
585,618,95,257
583,632,97,247
583,653,102,218
583,637,96,240
585,646,97,225
585,629,93,244
583,633,98,249
580,640,102,238
581,659,101,215
581,642,108,235
585,636,97,243
584,656,97,220
583,651,101,222
585,638,99,234
586,640,97,233
584,640,94,233
587,627,98,247
584,628,95,241
585,642,99,234
586,653,94,221
583,646,101,228
583,619,95,252
583,615,98,261
578,642,109,240
582,645,106,237
584,648,100,234
583,624,94,245
582,625,98,248
584,618,97,261
581,612,102,255
584,629,95,249
585,634,94,239
584,628,97,248
584,628,100,248
582,618,97,254
583,613,99,254
582,610,99,268
585,603,92,270
581,623,103,259
581,613,98,258
586,612,93,273
581,612,101,260
583,622,96,261
581,611,100,260
585,637,98,249
584,622,94,253
581,612,104,262
583,617,102,257
583,617,92,255
584,617,98,264
583,614,100,259
585,622,96,258
582,608,100,263
581,629,106,250
581,620,104,251
585,616,98,258
585,616,104,259
582,619,98,252
581,615,105,259
585,616,94,254
582,616,95,255
581,636,107,242
583,630,99,247
583,633,97,235
582,636,98,240
582,643,99,228
583,647,98,224
583,638,98,234
586,661,96,210
586,636,100,240
583,630,100,244
582,629,101,247
584,617,101,258
585,616,103,265
582,623,104,254
582,625,103,248
584,624,100,242
583,620,96,253
584,622,99,254
587,624,98,254
583,619,97,253
585,627,97,251
583,630,101,243
584,627,107,249
584,627,100,245
586,631,101,245
584,635,98,235
587,637,97,234
586,632,99,241
586,625,99,248
585,620,100,253
582,627,104,245
581,619,103,249
581,641,108,238
583,638,112,246
582,630,96,245
582,614,100,263
585,634,100,246
588,635,93,235
583,632,95,240
584,627,101,252
581,625,99,245
584,626,100,254
584,628,97,242
584,628,98,250
584,621,100,249
584,617,98,259
586,612,98,264
585,629,104,246
582,621,100,246
586,614,96,259
585,615,99,259
588,616,95,258
