300,209,43,74
296,210,41,69
297,211,45,67
301,211,45,68
303,209,45,69
305,205,48,74
308,205,53,73
312,205,54,74
312,203,57,74
322,207,56,69
333,203,49,69
333,203,49,69
349,202,46,76
357,197,45,81
364,197,45,79
373,198,46,80
381,195,48,81
388,189,48,84
396,187,48,87
400,180,50,88
407,176,50,90
409,170,55,90
413,169,55,85
416,165,57,87
422,165,54,82
427,163,53,78
432,159,52,79
432,156,53,81
431,157,56,80
429,155,60,79
429,156,60,78
428,156,59,79
429,159,59,77
429,160,55,74
430,162,50,72
430,165,46,72
432,167,45,71
431,171,47,69
428,173,51,70
424,172,58,70
424,172,58,69
426,170,57,71
432,172,48,69
434,174,46,66
437,174,42,65
439,178,41,63
441,175,43,63
444,177,46,62
446,177,51,63
447,178,52,65
450,179,55,67
457,182,54,68
459,180,57,69
465,182,54,67
471,184,49,69
474,183,55,71
477,185,57,68
477,187,61,69
480,185,61,67
482,188,61,68
482,189,59,68
482,188,57,65
482,189,56,64
483,188,54,68
480,185,54,68
479,188,51,65
474,187,48,65
471,189,46,65
466,191,49,62
459,190,45,59
455,192,39,61
448,194,39,58
441,196,35,58
433,197,35,58
428,200,35,56
421,201,33,54
415,203,36,54
410,204,35,54
403,210,37,50
399,211,37,50
394,215,39,45
394,216,39,44
392,215,40,43
394,216,39,42
398,217,37,43
399,215,38,43
405,219,39,41
411,220,38,40
413,223,40,41
420,224,42,42
426,227,44,41
434,230,46,40
444,230,43,44
456,233,45,47
467,236,46,50
479,239,44,57
490,243,46,52
502,245,43,48
515,243,41,50
527,245,42,51
537,245,41,51
546,244,41,53
555,244,37,53
560,243,39,53
561,242,40,54
563,242,42,57
564,242,42,58
564,245,42,58
558,247,43,60
551,249,42,61
542,249,41,64
533,251,40,62
521,252,39,60
504,257,41,59
489,259,43,57
478,260,42,59
467,262,40,59
455,267,37,55
442,268,37,53
432,267,37,53
422,267,35,51
416,265,32,49
410,261,31,48
405,258,30,46
401,255,30,44
403,254,28,40
400,249,27,41
400,245,26,40
401,243,26,39
403,240,25,40
403,237,29,42
407,238,38,43
407,239,41,44
408,237,39,46
410,240,39,44
412,245,40,40
411,243,45,44
414,244,43,43
416,243,39,43
417,243,33,42
421,245,32,44
426,244,31,44
431,244,31,44
437,243,31,45
439,243,31,46
445,242,31,47
450,242,31,48
455,239,33,47
460,237,34,47
466,235,31,45
469,230,34,48
473,231,33,45
477,230,33,43
478,226,30,45
479,226,31,44
479,226,31,43
480,226,33,43
479,226,35,43
477,225,38,42
475,220,40,46
471,225,43,45
470,226,45,47
464,224,44,47
462,227,45,46
457,224,44,47
453,227,44,43
450,227,43,44
448,226,44,44
446,227,45,44
445,227,45,43
443,227,49,43
442,228,52,41
442,227,53,43
443,225,52,44
446,225,49,44
449,226,46,42
451,226,45,44
453,225,46,43
455,225,43,44
455,225,45,44
457,224,46,44
461,225,41,44
461,224,41,43
461,223,43,43
463,224,42,44
464,225,42,44
465,223,42,45
467,225,41,46
467,225,42,46
467,224,41,44
469,224,39,44
469,226,38,44
470,225,38,42
469,224,39,45
469,225,40,45
468,223,38,47
465,223,41,46
465,224,42,43
464,225,43,45
462,224,42,43
461,226,41,43
461,227,41,42
458,227,45,41
457,227,44,43
457,228,45,44
453,228,48,44
454,228,46,43
456,229,45,43
455,227,45,42
454,228,44,42
456,228,44,42
453,228,46,42
454,228,45,42
456,230,45,42
454,228,45,42
455,229,44,42
456,228,45,42
455,228,45,42
456,229,45,43
458,227,43,43
457,228,45,44
459,228,44,42
460,228,42,41
462,230,43,43
462,229,43,43
462,228,43,46
465,230,40,43
466,231,40,41
466,230,40,44
466,230,38,42
465,229,40,45
463,228,41,43
462,229,41,43
459,226,44,44
458,223,42,45
454,220,44,48
451,221,44,45
446,220,46,46
440,219,47,44
435,217,48,47
429,216,48,47
419,215,55,47
416,212,51,49
411,213,50,46
403,213,54,43
395,210,45,41
390,214,36,37
383,212,35,37
377,213,37,37
373,211,39,38
369,212,39,39
365,209,41,40
361,208,40,39
363,209,39,38
361,206,40,39
361,206,40,40
363,205,41,41
365,203,41,42
368,203,39,41
373,206,39,40
376,203,39,43
382,202,38,44
388,203,40,44
393,203,39,44
399,203,40,46
408,205,37,45
415,206,39,46
419,204,40,47
429,205,39,46
434,205,38,48
443,205,36,47
450,205,35,50
455,203,33,50
459,204,33,49
462,202,33,52
463,204,33,51
463,206,32,52
462,208,33,52
460,209,33,49
455,212,34,47
452,213,34,51
445,216,36,50
437,218,37,51
430,219,38,50
419,223,39,50
414,225,38,49
401,228,39,48
393,229,39,46
384,227,38,45
376,224,39,48
364,224,43,43
356,220,44,44
351,220,41,43
347,217,41,43
341,212,42,42
337,208,44,42
335,208,44,41
333,204,43,40
334,202,42,39
335,200,42,40
337,198,42,41
341,199,39,40
345,198,39,40
350,199,40,40
356,199,40,42
356,200,40,41
361,201,40,42
360,201,41,40
372,201,38,43
380,204,39,43
390,204,38,46
398,205,40,48
414,204,38,50
415,206,47,49
430,207,40,49
440,206,43,51
451,203,41,51
463,204,40,53
472,199,41,54
479,199,37,56
484,196,38,58
489,196,36,57
494,192,35,60
496,193,38,57
493,193,36,59
493,194,37,57
486,195,39,56
481,198,38,56
473,200,40,57
462,205,37,55
451,208,38,53
440,213,37,50
427,216,41,51
414,215,38,53
405,219,41,48
393,221,39,45
381,218,38,47
370,219,40,46
357,216,41,44
352,214,40,43
344,213,40,42
337,210,40,40
331,207,42,38
327,204,41,38
324,200,42,39
326,199,39,37
324,196,42,39
326,196,42,38
326,194,41,39
330,196,41,37
334,196,40,38
339,197,40,38
346,200,37,39
352,202,39,41
358,205,40,42
366,206,41,43
378,206,37,48
386,209,42,48
397,211,43,46
415,212,38,49
423,208,41,50
437,208,41,50
451,205,42,53
465,201,44,52
476,197,39,54
488,193,38,54
498,189,37,56
505,183,37,60
512,183,40,59
514,180,40,61
517,180,41,60
515,177,39,62
513,180,39,62
507,183,39,60
500,185,39,61
490,190,40,59
479,196,42,57
468,199,46,57
453,202,48,56
437,208,50,53
421,209,50,52
415,211,42,51
397,215,46,46
387,212,44,47
377,208,40,47
366,204,43,46
356,202,45,45
351,199,44,43
347,194,44,40
342,191,42,38
340,185,42,37
340,182,42,36
340,178,44,36
342,175,43,34
345,172,42,36
348,171,42,36
350,168,41,37
357,169,41,38
362,169,42,41
370,172,41,42
376,172,41,45
384,177,40,44
394,178,39,45
403,181,41,45
414,182,39,46
417,183,44,46
431,180,46,47
442,180,44,48
453,181,45,48
465,179,44,51
477,181,43,51
488,180,45,56
495,183,45,59
507,186,44,62
513,187,45,59
519,187,43,61
520,185,45,65
526,187,44,60
521,185,45,65
520,187,46,63
514,188,49,63
509,188,50,66
501,188,52,67
488,188,57,66
481,186,55,65
467,187,61,65
465,188,61,62
460,187,58,62
453,188,62,63
446,189,56,61
434,191,59,59
421,193,59,58
417,192,55,59
412,196,51,54
405,195,50,54
399,197,52,53
394,195,48,53
396,198,46,51
390,200,44,50
390,201,43,48
391,201,43,47
392,202,42,46
393,203,41,43
395,203,41,41
395,199,41,43
398,198,39,42
402,196,35,42
404,195,35,42
408,195,33,41
412,195,33,42
414,195,34,43
414,197,35,42
414,198,37,42
416,201,39,43
417,203,40,46
422,205,39,45
425,208,40,51
429,210,37,52
429,212,38,55
431,213,38,57
430,217,41,57
429,217,45,59
429,216,46,64
429,221,45,62
430,222,45,65
427,222,44,63
428,220,45,65
425,217,48,67
427,211,47,70
422,210,48,70
418,206,50,71
417,208,49,71
414,208,48,74
414,210,47,74
414,216,44,71
410,222,45,68
408,227,45,68
407,234,45,65
406,236,42,64
408,235,41,66
406,240,40,62
406,240,39,61
406,241,38,58
408,240,35,55
409,242,35,50
412,238,32,51
413,237,33,49
415,233,30,48
413,233,31,41
417,232,31,37
418,228,30,37
416,227,32,38
420,224,30,39
419,223,31,40
419,222,33,41
418,222,33,42
419,223,29,42
420,225,31,41
422,226,30,41
419,230,31,42
419,231,33,47
420,233,33,50
418,235,35,54
417,236,34,56
418,236,33,58
415,238,36,60
414,237,39,64
414,235,37,65
414,235,39,65
413,235,38,65
411,231,40,66
409,228,41,66
408,221,41,65
408,217,42,71
405,208,41,75
406,204,40,75
403,203,40,74
404,206,43,68
402,206,41,66
403,204,43,68
403,205,42,68
402,205,42,71
405,209,41,66
406,208,40,69
406,211,40,69
405,217,39,65
405,215,39,67
407,218,38,65
409,219,38,65
411,220,38,64
412,218,36,58
415,217,38,59
416,219,39,54
418,215,39,53
422,213,37,51
422,213,38,49
428,210,37,49
430,208,39,50
431,207,38,50
435,207,37,51
434,207,38,51
437,207,38,50
437,207,41,49
438,208,40,50
440,208,40,50
440,208,42,50
440,208,41,51
441,208,42,54
441,207,42,56
440,206,42,54
439,208,44,54
437,208,44,56
435,207,45,59
434,206,46,62
432,206,44,60
430,209,44,59
425,206,46,59
421,205,47,59
421,204,44,57
419,202,44,58
415,198,43,60
415,197,41,61
411,198,41,59
412,195,42,62
410,195,42,63
408,198,41,59
405,197,42,60
406,197,41,62
407,198,40,62
406,199,41,59
410,200,39,60
410,201,40,59
411,203,41,63
413,203,41,62
415,204,44,61
416,203,44,60
415,203,48,61
419,204,49,60
420,205,47,56
424,204,46,55
428,203,46,56
431,203,45,54
431,202,47,55
433,204,44,53
433,203,46,54
436,203,44,54
437,203,44,56
439,203,42,55
440,202,42,54
440,203,41,55
439,202,44,54
439,199,45,57
438,198,46,57
437,198,47,57
437,198,48,55
436,197,47,56
435,194,47,57
435,193,46,57
434,192,47,58
431,191,47,58
430,193,48,56
428,190,48,60
426,190,49,60
420,188,50,61
417,187,49,58
417,184,50,60
414,184,49,59
413,179,46,61
414,176,43,59
411,174,45,59
409,171,45,60
408,170,47,59
406,169,44,59
406,169,42,57
405,169,42,58
405,167,40,57
406,168,39,58
405,168,39,57
404,169,38,54
405,172,39,52
408,172,38,53
409,172,37,53
409,170,38,54
411,172,37,52
415,172,36,52
415,172,38,50
419,173,38,49
423,174,38,49
423,175,41,49
428,174,42,51
432,176,41,51
434,176,42,51
436,178,43,50
438,177,43,51
440,178,43,52
443,179,44,54
443,178,46,56
445,180,47,58
443,180,50,58
446,180,51,59
444,181,50,61
442,182,51,59
442,185,50,61
442,183,47,61
441,183,47,63
438,179,47,65
435,179,48,64
432,176,49,61
432,176,49,62
430,171,48,64
428,168,47,65
431,167,44,64
428,162,42,64
430,164,40,63
428,165,39,64
429,164,41,63
428,161,43,65
432,163,42,60
432,162,45,61
437,162,43,59
443,161,40,61
445,161,39,56
448,161,41,59
454,163,40,58
457,165,41,56
461,165,42,57
466,167,47,59
470,169,48,55
476,171,46,55
475,172,49,54
482,173,46,54
482,173,46,54
487,173,45,54
486,173,48,54
493,174,44,55
496,172,45,56
500,171,48,57
505,173,47,55
507,173,51,57
506,172,52,58
512,176,53,57
511,175,52,60
513,180,53,59
511,182,53,59
513,186,53,60
512,189,55,62
507,193,54,62
504,193,56,63
502,193,55,63
496,192,56,62
490,189,55,64
485,186,53,64
479,183,52,63
471,180,46,62
468,177,47,65
460,173,45,63
456,169,44,62
448,168,43,63
444,165,42,61
440,162,41,62
438,161,39,62
434,161,38,62
430,161,36,61
429,164,37,62
426,166,38,60
429,166,37,61
430,169,37,61
431,170,36,59
435,170,37,57
438,171,37,58
442,173,38,58
446,172,38,57
450,171,39,57
453,173,39,58
458,174,41,56
462,175,43,56
466,176,44,54
468,179,47,55
473,180,47,55
475,180,43,58
478,183,43,57
478,185,45,56
481,188,45,55
483,191,46,56
482,194,48,54
483,195,48,57
483,198,47,56
483,198,45,58
480,198,45,59
476,200,45,57
476,200,45,58
475,200,45,59
472,199,46,60
470,197,47,62
466,198,49,60
461,196,43,58
460,193,44,63
456,192,44,64
453,189,43,63
451,187,42,64
448,189,42,65
445,185,43,64
442,186,43,63
442,185,42,64
440,184,42,64
439,184,40,63
438,184,42,63
434,182,43,64
437,184,41,63
433,182,43,63
434,181,39,65
436,184,41,61
433,182,42,63
437,184,43,62
439,183,42,61
439,185,41,64
438,188,41,61
440,190,42,62
441,193,40,61
443,198,40,61
445,203,42,60
442,205,42,58
442,210,45,59
439,214,44,58
440,220,44,58
439,222,44,58
439,227,41,56
438,228,42,61
436,233,41,62
436,234,40,60
433,235,39,61
431,235,38,62
429,235,39,59
429,236,38,60
428,236,36,58
426,236,36,59
426,237,37,57
424,237,36,57
425,236,33,56
425,237,32,56
425,236,32,59
424,236,33,59
426,234,31,58
428,234,35,54
427,235,42,51
431,233,45,50
431,232,44,50
431,233,44,48
433,230,45,47
431,231,47,49
431,229,49,50
431,230,51,51
432,230,50,49
431,227,51,53
432,229,51,49
433,227,53,53
432,226,54,52
432,224,57,54
432,224,59,52
430,220,47,53
429,220,37,51
431,219,32,53
433,218,30,52
431,218,34,54
430,216,33,54
430,214,33,54
428,214,34,55
427,214,34,55
427,216,32,53
426,213,32,57
423,213,33,56
422,214,33,54
420,213,33,57
416,216,35,54
417,215,35,57
413,216,33,56
411,219,34,55
410,216,35,58
407,218,36,59
404,216,33,60
402,216,34,57
395,217,36,58
395,220,35,54
390,220,34,55
385,219,34,56
383,218,35,56
378,220,35,54
374,218,36,56
370,219,38,55
364,217,40,54
361,216,39,52
359,218,39,52
357,216,39,51
354,216,41,52
354,217,41,53
353,217,43,50
355,217,45,51
359,216,45,52
362,216,44,51
368,217,43,49
373,218,43,50
381,219,42,49
386,221,44,51
396,221,41,50
408,222,40,52
414,222,44,49
423,222,44,51
435,223,44,52
446,221,45,54
458,222,41,55
469,219,40,54
478,217,44,57
487,217,40,55
497,217,40,55
503,212,41,60
507,216,39,55
513,208,40,61
513,209,39,63
514,210,39,61
511,211,40,60
506,213,39,58
499,215,41,59
491,218,43,59
479,221,41,58
470,226,42,58
454,229,47,60
442,234,47,59
426,239,51,57
413,241,48,56
402,242,43,53
390,244,43,49
374,246,45,47
364,243,42,46
352,241,42,42
339,236,46,42
332,236,46,41
327,231,43,39
319,228,47,39
314,224,48,39
311,219,49,41
312,214,48,40
314,212,49,38
317,210,48,39
320,207,49,38
323,205,49,39
330,205,47,40
337,206,47,38
348,206,43,41
360,206,40,44
368,209,40,45
379,209,41,48
390,212,39,45
402,216,43,49
412,217,44,51
427,217,49,54
439,217,50,55
456,219,43,53
472,219,42,56
484,217,45,58
501,214,44,61
511,211,44,60
524,209,43,61
531,205,44,63
535,205,44,63
537,201,44,62
539,200,47,64
538,201,46,65
533,201,45,64
526,203,46,66
517,206,46,64
506,206,46,66
494,210,47,65
478,210,47,66
467,211,53,68
461,217,44,64
448,218,50,63
444,221,45,60
432,223,41,60
413,223,47,60
404,221,38,58
393,221,39,54
382,220,39,52
369,218,37,51
361,218,37,46
355,214,36,46
346,209,38,48
342,207,37,45
339,205,38,43
337,203,38,43
337,201,38,41
338,200,38,43
342,198,34,43
348,198,33,41
353,200,31,41
358,199,33,43
365,201,31,45
373,205,32,46
384,205,31,47
396,209,31,47
408,214,32,46
416,218,39,46
427,218,41,50
445,219,39,53
455,223,42,53
472,222,45,57
486,223,44,56
498,219,46,59
511,214,48,59
525,211,46,61
535,205,49,65
540,202,51,64
543,198,56,67
545,196,58,66
544,193,59,69
544,191,59,67
539,193,61,69
534,193,57,71
524,196,58,71
510,198,59,68
499,203,56,68
481,206,56,67
466,209,57,67
447,219,50,59
432,221,49,59
417,222,44,59
406,219,39,62
390,221,36,58
377,217,31,58
368,214,28,53
355,210,31,53
348,207,28,52
342,203,29,51
334,199,29,49
331,195,29,48
329,190,27,46
329,187,27,46
327,183,26,46
330,181,28,45
332,180,27,46
336,178,26,46
338,179,27,48
342,183,27,46
349,185,26,46
354,189,27,48
360,193,30,48
369,198,30,48
378,201,30,51
388,205,34,54
400,212,35,51
409,216,41,53
421,223,45,49
436,222,46,54
447,219,50,57
462,219,52,59
475,216,57,61
489,210,60,66
498,209,62,65
507,208,64,63
518,206,65,63
522,204,67,65
524,202,68,66
523,203,73,65
523,202,70,68
522,202,69,66
516,204,68,64
508,207,64,64
499,210,63,64
483,213,64,65
472,216,60,66
459,220,58,63
444,224,56,63
427,225,55,60
414,222,48,60
401,223,45,59
390,223,40,53
376,220,35,53
364,217,34,52
357,211,30,51
350,209,29,50
343,205,27,48
336,201,28,48
332,194,27,47
329,190,27,47
327,185,27,47
327,182,27,48
331,179,26,47
334,177,27,48
335,174,28,48
339,173,27,48
343,175,29,48
350,177,29,48
354,179,32,49
362,182,33,49
370,186,37,52
376,188,42,53
381,187,40,52
389,188,40,53
391,188,42,54
401,188,43,54
411,188,50,56
423,186,57,60
433,185,58,59
444,183,63,61
457,179,68,64
466,175,67,65
475,173,71,66
485,169,71,66
493,166,73,64
496,161,77,66
501,158,80,67
500,155,83,68
500,149,82,72
496,149,83,69
493,145,80,71
485,140,79,73
475,139,75,73
466,138,73,74
453,134,72,74
442,135,67,68
431,131,60,68
418,124,57,68
405,121,57,67
396,118,51,64
387,116,47,63
379,111,43,65
370,107,42,61
365,107,36,59
359,105,34,56
357,100,33,56
352,100,33,55
349,97,31,55
349,100,33,52
349,102,32,51
350,104,31,50
350,108,30,50
354,112,28,48
356,116,27,47
360,119,27,46
365,125,27,47
371,128,27,45
373,132,28,45
380,138,26,45
386,142,27,44
390,148,28,43
397,152,28,42
403,157,27,41
407,160,30,39
416,166,29,35
420,169,29,31
426,174,28,27
431,179,27,24
437,183,26,19
442,191,23,18
448,196,22,23
448,196,22,23
448,196,22,23
448,196,22,23
448,196,22,23
448,196,22,23
448,196,22,23
448,196,22,23
448,196,22,23
448,196,22,23
448,196,22,23
448,196,22,23
448,196,22,23
448,196,22,23
448,196,22,23
448,196,22,23
448,196,22,23
448,196,22,23
448,196,22,23
448,196,22,23
448,196,22,23
448,196,22,23
448,196,22,23
448,196,22,23
448,196,22,23
448,196,22,23
448,196,22,23
448,196,22,23
431,194,24,21
431,186,24,18
433,180,24,21
434,174,27,27
435,168,26,32
436,160,26,36
437,155,27,38
440,152,25,39
442,147,27,38
444,144,27,39
445,141,27,41
447,138,27,42
449,136,28,45
449,134,30,46
449,134,30,46
449,134,32,44
449,131,31,49
448,131,32,47
448,128,33,52
447,126,35,50
446,124,37,52
443,122,38,51
443,119,40,49
441,117,43,48
440,114,44,49
438,111,45,49
439,108,44,51
438,109,46,51
437,107,48,51
438,111,50,53
435,115,50,56
436,123,51,57
436,129,52,56
439,133,50,59
439,134,50,60
441,137,48,58
446,135,48,62
446,138,46,61
446,138,48,59
448,141,48,55
449,144,50,55
450,147,47,55
453,150,49,58
455,152,44,58
456,158,41,59
457,159,37,58
457,165,36,57
456,169,38,56
453,171,39,55
450,175,40,54
448,179,39,53
444,181,38,50
438,182,37,48
433,182,38,47
427,180,36,48
420,178,35,46
410,177,40,46
406,175,35,47
396,176,39,45
387,174,41,45
382,175,36,45
373,174,36,45
363,176,38,44
356,175,37,46
349,171,39,47
339,170,42,46
330,166,43,46
324,164,47,44
319,162,49,43
314,157,50,44
310,153,50,46
310,149,50,48
309,145,52,49
312,141,53,51
313,139,53,50
315,140,55,48
320,141,59,47
325,139,62,50
334,142,59,50
343,142,61,55
356,142,56,58
369,143,57,62
385,145,54,62
398,145,54,67
410,146,55,67
425,147,57,69
441,151,55,67
456,151,57,68
468,154,57,69
482,157,53,71
494,161,48,69
501,164,46,70
510,166,45,71
515,169,46,72
514,170,46,69
514,172,49,69
511,177,48,66
507,178,49,65
503,180,49,66
494,183,48,64
484,185,48,60
472,188,49,58
462,188,47,57
448,188,49,57
434,189,53,56
423,188,52,54
407,187,55,52
404,189,48,50
394,189,47,51
387,187,46,53
377,188,45,48
371,187,43,49
365,185,44,46
359,188,48,42
353,187,50,41
349,187,51,41
349,187,50,40
350,187,50,41
352,188,50,42
355,190,48,44
361,192,48,46
366,197,48,46
371,202,50,46
378,205,51,48
389,211,52,47
403,214,50,50
411,216,56,56
425,221,57,57
444,225,54,60
463,230,51,59
478,231,51,61
496,230,57,63
514,229,61,63
538,228,52,66
550,227,56,66
564,221,53,69
575,219,54,73
585,216,52,76
591,215,48,81
593,212,44,82
597,212,39,76
595,212,42,74
591,213,48,73
580,214,52,73
571,219,52,72
557,223,48,65
545,228,44,65
530,228,43,65
509,234,49,60
487,237,54,67
478,235,47,67
460,237,48,64
440,237,55,63
422,239,54,60
406,239,49,57
397,238,42,54
382,237,41,47
379,235,42,47
367,232,44,47
370,229,38,48
357,228,42,43
352,224,40,41
343,221,44,40
337,217,44,38
333,213,43,36
331,211,41,37
329,207,41,38
330,206,39,38
330,204,41,38
331,206,40,37
332,207,41,37
336,207,41,36
342,209,40,37
345,211,42,40
354,213,39,42
362,215,40,44
372,217,36,47
384,222,40,49
398,225,38,49
407,225,43,52
421,228,42,53
434,227,44,57
450,227,43,59
464,226,44,60
478,224,45,60
492,219,44,63
506,213,41,62
515,211,46,61
526,207,45,61
538,204,44,61
543,200,45,65
543,198,47,64
545,197,48,69
543,197,46,64
542,197,45,65
535,194,45,65
525,193,44,64
512,188,45,67
499,188,45,67
486,185,45,66
472,184,48,64
458,184,47,63
443,184,47,62
435,186,40,60
416,189,45,60
408,193,41,55
401,194,37,53
391,193,38,50
382,193,37,47
377,192,35,46
374,191,36,48
369,189,38,46
369,187,37,43
367,186,37,43
367,186,37,45
369,188,35,41
372,188,35,41
375,188,34,44
379,189,32,45
384,191,30,46
388,194,30,47
394,196,31,48
400,198,29,48
408,199,29,50
410,202,34,45
419,205,34,47
425,204,34,51
433,205,34,48
438,207,32,48
444,206,33,49
450,205,33,51
454,206,35,50
457,202,36,54
461,201,33,53
463,199,36,53
465,198,34,54
464,196,33,57
462,198,34,56
462,198,36,56
460,203,36,54
459,205,35,52
456,204,35,53
453,201,35,57
450,201,35,54
446,201,33,53
442,201,34,51
440,203,34,51
438,205,34,50
434,205,32,49
433,205,40,52
430,205,50,51
428,202,50,53
426,203,46,50
426,200,48,52
425,199,45,51
427,197,44,53
426,196,44,53
424,195,48,54
424,193,47,54
424,191,49,54
426,191,48,52
429,190,45,54
429,189,46,55
429,189,51,56
433,187,48,56
432,188,48,57
436,188,48,56
439,187,48,58
439,189,47,56
440,190,49,54
443,187,48,56
444,188,48,57
446,190,50,56
447,188,48,55
449,186,45,57
447,186,50,56
447,184,45,55
448,183,49,54
447,180,53,56
449,179,48,55
448,178,51,56
448,178,46,55
445,175,42,55
445,175,48,55
445,175,50,55
443,175,50,56
440,176,55,55
437,176,56,57
435,177,55,58
433,178,56,57
430,177,58,59
429,178,58,59
428,178,58,60
421,177,44,48
421,176,34,48
419,174,33,47
419,171,33,46
416,171,34,46
415,168,35,49
415,168,34,46
416,169,33,47
417,171,32,44
415,172,34,44
415,170,34,46
417,171,32,44
417,173,35,45
418,173,37,42
421,175,36,41
423,175,37,44
424,175,46,51
425,173,44,54
429,173,41,53
428,171,40,51
430,170,42,51
429,169,39,46
430,170,39,48
428,169,42,49
427,170,43,52
428,169,41,50
426,169,38,48
427,171,41,50
425,172,42,51
427,172,37,49
426,173,35,49
425,173,34,50
425,174,33,49
423,174,34,48
423,173,34,46
422,175,32,47
421,175,41,47
423,174,39,51
422,174,31,46
421,174,29,45
420,174,29,43
421,175,31,46
420,173,36,50
421,174,28,47
418,174,28,44
418,175,31,47
419,176,29,46
420,175,29,48
418,175,28,47
418,177,28,47
419,175,32,49
420,176,29,46
419,176,28,46
420,177,28,42
422,178,29,45
421,175,30,47
421,177,29,46
422,175,31,47
424,177,30,48
424,179,31,48
426,179,35,48
424,180,33,49
426,182,38,49
427,183,40,51
429,185,45,52
430,189,47,50
431,190,54,58
433,192,54,59
434,196,57,58
433,196,58,56
436,197,57,61
438,193,51,56
436,196,61,60
436,196,64,63
437,193,67,65
436,194,70,62
436,194,82,56
437,194,86,50
435,191,89,53
437,186,83,61
436,185,82,54
434,181,71,61
430,178,67,53
427,177,63,49
424,175,66,54
422,173,60,51
416,172,65,55
412,172,62,50
409,170,58,55
407,169,58,66
401,169,63,57
393,170,55,50
389,171,48,52
385,171,44,51
377,172,32,50
373,174,30,49
367,175,28,51
361,174,29,51
355,173,30,51
349,171,32,53
346,172,35,51
343,167,35,52
342,165,39,53
341,162,39,53
342,159,39,54
345,156,42,54
351,151,42,56
356,149,42,56
359,150,43,56
365,147,43,58
362,148,46,56
372,146,46,59
382,145,44,61
391,145,44,62
401,144,46,63
410,145,48,65
420,146,47,65
432,148,46,62
438,150,46,62
449,150,43,63
456,148,46,64
462,148,42,64
465,147,44,64
465,146,44,66
467,147,44,66
464,150,46,65
459,153,47,63
449,156,52,63
443,159,54,61
432,157,56,67
423,155,55,67
412,154,57,69
405,153,58,69
393,151,60,69
384,150,63,66
377,149,60,66
370,149,63,65
365,149,65,63
363,148,69,63
361,147,66,64
367,148,64,62
370,150,65,62
378,150,65,61
390,150,61,63
404,150,59,66
421,151,54,64
436,154,54,69
456,158,51,69
471,162,55,77
488,167,52,76
503,171,57,74
518,173,59,76
532,171,64,77
544,170,69,76
552,169,73,77
560,167,72,76
561,164,71,74
565,161,71,71
565,158,70,70
563,155,70,70
562,155,71,70
559,151,72,73
554,155,72,72
546,157,69,71
539,160,65,71
531,161,63,69
521,164,62,68
513,167,60,71
501,167,60,71
493,170,59,70
477,171,59,71
464,173,58,73
453,176,55,71
442,176,55,75
430,176,57,75
416,176,59,79
408,177,58,82
399,176,54,85
391,178,55,83
380,176,54,84
372,177,52,83
365,180,55,82
358,179,52,86
351,181,52,86
344,183,54,89
339,184,51,88
336,184,55,92
333,187,52,90
333,187,57,94
330,191,55,94
330,194,59,93
329,196,63,95
331,197,65,98
330,198,62,95
331,200,63,94
334,200,62,97
333,196,63,98
337,197,65,99
334,192,67,108
334,193,68,106
331,189,65,103
329,191,62,106
327,186,65,108
320,187,66,108
315,188,70,109
307,191,65,107
305,194,65,112
297,195,65,114
289,194,68,124
287,196,66,113
281,197,69,109
273,197,69,114
276,198,68,113
271,201,68,106
273,195,68,114
273,201,78,105
274,201,72,105
275,198,75,110
274,200,81,106
270,200,90,109
274,203,91,101
271,203,95,102
272,204,98,104
273,201,97,104
275,203,97,100
280,199,90,106
284,201,81,99
291,198,73,100
288,202,74,100
291,201,73,97
297,200,62,100
295,199,64,99
296,198,59,102
297,198,59,105
300,199,51,105
298,200,55,102
296,202,59,99
293,201,63,98
291,198,68,102
291,202,70,96
287,201,74,97
284,200,79,98
284,200,75,100
288,201,69,96
292,200,62,101
297,203,62,96
306,204,58,96
307,207,64,92
309,208,73,94
307,208,83,92
304,208,94,95
305,209,99,94
310,211,96,91
315,208,97,93
317,210,90,89
322,207,84,92
329,209,74,93
334,212,64,88
336,208,56,91
328,207,63,92
321,206,67,94
315,203,84,99
310,207,83,93
305,205,79,93
302,207,78,88
302,209,69,83
304,212,58,84
309,213,55,81
309,216,56,77
304,217,72,77
290,217,88,76
285,218,96,79
279,220,97,77
280,219,97,80
277,217,97,84
282,216,90,85
281,216,84,87
282,214,75,89
286,214,62,90
283,210,62,98
279,206,59,98
275,207,64,97
270,203,68,97
265,198,76,102
257,200,83,100
254,197,86,104
253,198,85,102
247,195,90,108
250,197,82,102
255,198,76,103
265,200,65,101
271,202,64,97
275,204,71,98
275,207,85,98
272,209,101,99
276,209,106,102
282,214,109,100
294,210,101,94
306,214,84,88
312,215,74,96
319,214,60,90
322,216,58,87
316,214,66,90
313,213,75,90
310,212,86,89
304,213,88,90
302,211,80,90
297,207,79,88
304,210,63,88
305,208,56,86
308,204,53,91
308,205,61,85
302,203,64,89
298,203,73,86
291,207,83,84
286,208,88,86
285,205,86,88
286,207,83,89
282,205,82,88
284,209,74,87
289,206,66,92
292,205,60,93
293,204,52,95
289,204,53,94
287,207,56,93
280,205,62,92
274,200,71,99
268,202,80,96
261,203,84,93
262,199,83,98
260,198,83,105
268,200,72,97
267,198,70,100
273,196,61,99
273,189,62,100
275,185,65,97
280,178,64,103
283,173,65,99
284,166,71,106
290,164,74,105
287,162,85,107
288,168,91,103
293,172,89,101
297,174,83,99
305,176,79,100
314,176,73,101
318,177,68,101
320,181,60,101
323,183,56,99
329,181,55,96
328,180,57,92
324,178,60,95
323,177,65,97
323,178,62,92
325,171,69,93
327,168,63,92
327,169,63,89
330,162,61,91
331,154,63,96
331,151,61,94
334,147,62,94
338,143,58,96
343,141,58,96
345,139,66,99
344,138,72,101
344,137,80,105
344,140,85,105
349,139,87,106
350,141,93,106
358,141,92,111
362,141,94,112
372,143,93,116
385,146,85,112
405,145,73,119
408,149,78,121
418,156,79,123
422,160,96,131
426,172,98,130
432,180,101,125
437,190,106,121
442,200,104,116
450,211,101,114
450,219,96,120
456,233,91,123
464,248,79,111
464,248,79,111
464,248,79,111
464,248,79,111
464,248,79,111
464,248,79,111
464,248,79,111
464,248,79,111
464,248,79,111
464,248,79,111
464,248,79,111
464,248,79,111
464,248,79,111
464,248,79,111
464,248,79,111
464,248,79,111
464,248,79,111
464,248,79,111
464,248,79,111
464,248,79,111
464,248,79,111
464,248,79,111
464,248,79,111
464,248,79,111
464,248,79,111
464,248,79,111
464,248,79,111
464,248,79,111
464,248,79,111
464,248,79,111
464,248,79,111
464,248,79,111
464,248,79,111
431,260,67,89
439,255,68,83
448,248,68,79
451,239,68,76
454,233,67,75
459,225,71,78
462,216,70,83
462,210,72,89
467,208,68,86
466,202,65,87
466,198,62,86
462,190,63,88
458,187,61,86
451,181,65,81
444,169,70,84
440,161,71,85
434,152,63,86
431,142,58,88
424,134,54,85
420,128,52,85
412,124,52,82
405,122,53,81
400,120,50,83
393,120,52,87
388,119,53,90
384,119,52,91
382,123,51,90
383,126,53,86
384,130,53,84
383,131,53,86
389,137,51,85
394,140,51,89
398,142,51,94
399,147,55,96
402,156,59,95
407,165,62,93
414,174,61,96
423,189,58,94
428,204,66,95
434,209,74,103
438,216,71,110
446,225,64,108
451,255,62,95
460,271,58,87
462,286,62,72
467,294,58,60
473,302,54,57
472,310,58,47
472,317,58,43
475,323,55,41
475,328,53,36
475,328,53,36
475,328,53,36
475,328,53,36
475,328,53,36
475,328,53,36
475,328,53,36
475,328,53,36
475,328,53,36
475,328,53,36
475,328,53,36
475,328,53,36
475,328,53,36
475,328,53,36
475,328,53,36
475,328,53,36
475,328,53,36
475,328,53,36
475,328,53,36
475,328,53,36
475,328,53,36
475,328,53,36
406,287,53,45
406,287,53,45
403,259,57,50
404,268,60,58
406,243,62,70
408,222,62,82
411,200,61,92
421,187,55,92
425,175,56,97
429,167,59,93
435,159,59,94
434,153,60,94
444,150,57,93
444,147,60,95
451,146,56,93
451,143,56,94
459,143,58,97
457,141,58,89
462,136,57,92
462,135,57,88
463,134,55,88
467,133,56,85
464,132,56,88
463,135,56,87
462,131,55,88
466,134,54,85
463,135,56,86
462,135,54,84
460,139,56,87
458,139,57,86
457,142,57,88
456,146,55,87
454,151,56,84
452,157,52,79
451,159,53,77
449,162,54,77
449,164,54,78
448,166,52,77
447,170,51,73
445,171,50,76
444,177,51,74
444,184,51,72
446,186,46,69
445,190,47,70
444,192,47,67
446,192,44,64
447,195,45,61
445,195,47,56
448,192,44,56
449,191,42,55
449,191,44,56
452,189,40,55
451,188,39,55
452,188,40,49
450,186,39,50
451,186,40,50
449,186,38,48
449,182,38,51
449,180,38,52
447,178,39,55
445,173,39,56
443,173,40,55
440,168,42,60
437,165,45,62
431,163,49,65
431,163,49,67
428,161,51,70
421,157,53,70
422,157,51,71
422,152,53,69
419,144,58,71
418,137,61,73
420,127,61,75
420,119,64,77
422,110,64,84
423,108,65,83
424,108,63,82
426,107,64,83
427,107,60,85
432,111,63,85
431,118,68,86
432,119,69,91
434,126,72,93
438,134,73,94
439,144,73,95
440,158,70,93
440,171,70,97
444,187,68,98
447,210,63,100
450,240,60,99
451,267,59,90
451,267,59,90
451,267,59,90
451,267,59,90
451,267,59,90
451,267,59,90
451,267,59,90
451,267,59,90
451,267,59,90
451,267,59,90
451,267,59,90
451,267,59,90
451,267,59,90
451,267,59,90
451,267,59,90
451,267,59,90
451,267,59,90
451,267,59,90
451,267,59,90
451,267,59,90
451,267,59,90
430,289,48,75
421,273,59,65
414,263,63,62
409,246,64,64
411,226,60,69
407,209,59,73
406,194,61,76
408,182,61,78
408,171,61,74
404,158,65,77
404,154,66,76
401,150,71,78
401,149,69,76
402,150,69,77
400,148,67,81
402,152,65,79
405,158,64,76
407,167,59,76
406,179,59,75
405,189,58,77
403,200,60,75
407,214,61,76
408,230,63,72
403,243,67,70
408,258,62,64
413,268,55,64
415,281,54,57
419,286,50,55
423,296,47,50
423,296,47,50
423,296,47,50
423,296,47,50
423,296,47,50
423,296,47,50
423,296,47,50
423,296,47,50
423,296,47,50
429,309,45,42
431,304,47,42
425,295,48,44
425,283,53,53
413,263,62,63
413,250,62,67
417,237,56,67
417,220,58,70
418,211,57,65
417,196,60,67
411,178,66,76
414,169,63,69
416,160,66,71
411,152,69,70
409,143,70,70
411,134,69,75
411,132,67,74
413,129,67,77
416,129,66,77
417,130,64,77
417,135,66,74
416,139,66,76
418,142,64,75
419,146,62,71
417,147,65,73
418,145,62,77
420,149,61,72
421,151,58,72
421,157,56,68
421,161,55,67
420,167,54,64
420,172,52,65
419,174,52,64
419,179,51,62
416,181,50,62
414,184,47,58
415,185,46,59
412,186,46,57
410,186,43,55
405,185,49,56
402,188,49,53
402,189,49,50
401,189,48,51
402,187,45,51
402,188,44,52
401,191,45,50
402,191,44,50
399,192,45,50
399,194,45,50
402,196,43,48
399,199,47,50
401,198,47,51
404,202,47,53
410,205,44,53
415,208,40,52
415,211,42,52
417,212,43,50
421,213,43,50
427,210,44,51
429,210,48,51
437,209,43,50
440,210,44,53
443,207,46,54
448,207,45,55
455,213,42,53
459,213,41,56
464,207,44,63
465,207,42,63
467,211,40,60
468,214,39,60
466,216,39,59
464,221,39,54
461,218,37,58
458,219,33,54
453,224,33,52
441,223,38,53
435,223,38,51
426,222,38,50
423,222,39,51
415,222,40,50
414,224,42,49
406,217,40,50
399,213,41,52
389,211,48,49
383,208,46,46
377,202,47,45
371,199,49,43
371,195,49,42
368,192,49,42
370,191,50,40
371,187,49,40
374,187,49,40
380,188,47,41
384,188,49,41
391,187,48,46
400,188,45,48
413,190,43,49
424,189,41,50
436,191,39,50
451,196,39,47
463,193,43,50
475,186,38,54
484,185,39,56
492,179,41,57
500,174,41,58
505,167,41,62
512,164,42,60
514,159,42,62
511,157,44,63
511,153,42,69
504,152,44,66
496,152,43,68
485,149,51,70
471,152,54,67
456,150,60,67
443,147,63,64
428,146,65,63
413,144,67,63
401,142,66,61
390,143,67,60
376,142,67,58
368,143,65,59
358,144,64,59
353,144,63,60
346,144,67,61
341,144,63,64
338,146,63,64
334,148,60,63
334,149,63,65
332,152,61,67
332,154,63,66
334,155,59,69
337,160,59,71
338,164,60,70
341,168,58,72
343,165,61,75
347,167,57,77
349,171,59,74
351,171,59,76
358,172,56,75
359,172,56,79
359,172,59,79
361,170,58,80
362,172,57,80
359,171,59,81
358,175,61,80
356,178,61,81
356,183,62,81
354,188,62,78
352,192,60,80
351,197,61,80
347,202,60,81
343,204,65,82
341,205,68,81
341,208,65,81
339,204,69,82
337,208,67,80
336,205,62,79
334,205,62,79
335,206,56,81
337,207,53,80
332,209,53,77
330,210,48,75
327,207,48,78
322,207,50,81
318,208,50,75
314,209,52,73
309,210,50,73
311,208,46,75
303,209,49,73
303,208,46,74
302,209,46,73
301,212,43,68
302,210,42,73
303,215,42,68
302,213,43,71
303,213,44,68
304,213,43,70
302,216,43,67
300,214,45,70
301,215,44,69
300,212,45,70
301,210,44,74
301,214,45,69
