362,75,133,350
364,76,147,351
365,81,150,339
366,74,139,347
368,78,138,343
370,80,138,335
376,75,130,353
376,84,136,334
378,82,134,326
381,90,133,328
385,86,131,338
384,84,135,341
382,89,136,330
390,96,135,324
392,93,128,332
397,101,125,313
394,88,136,330
392,85,142,335
392,82,146,334
400,90,133,327
402,93,140,311
405,92,127,334
409,87,126,325
404,92,133,324
413,91,121,330
421,85,123,333
429,98,119,330
433,95,116,331
441,93,111,338
442,93,108,335
454,90,102,336
450,91,106,331
459,91,96,338
467,93,91,336
471,92,87,328
475,93,85,330
478,95,84,325
477,96,89,336
478,98,89,327
476,98,91,334
478,105,94,319
475,106,101,315
473,111,111,315
473,110,113,308
473,100,113,316
477,102,107,317
476,103,108,315
472,104,111,313
471,103,108,315
472,103,109,309
472,111,109,306
470,112,110,302
464,122,107,290
468,115,104,297
465,120,104,290
464,114,103,294
467,118,103,278
469,125,100,273
459,111,114,282
462,118,103,271
464,116,103,280
468,120,97,275
465,119,93,278
466,122,89,271
466,125,84,264
469,127,87,253
468,122,88,245
468,116,85,247
469,122,87,244
468,121,88,246
464,125,92,238
468,126,91,234
465,122,92,242
468,128,88,230
466,136,85,217
468,123,83,231
468,131,84,221
471,128,79,223
475,129,77,222
474,126,76,209
477,130,76,206
478,128,77,211
480,132,69,203
482,131,71,211
483,134,64,209
486,137,67,201
485,138,68,195
487,128,67,202
487,125,70,205
490,128,70,195
489,134,71,192
488,126,71,195
484,133,74,192
486,139,74,180
486,131,74,186
489,137,73,182
489,139,71,179
492,133,70,184
493,139,68,178
496,134,66,176
498,132,67,186
499,128,67,182
500,128,66,176
499,130,65,172
501,131,64,179
503,131,61,177
503,135,60,175
508,135,57,173
504,135,62,172
510,129,55,174
509,130,57,172
508,128,57,170
514,128,54,172
508,127,59,174
508,135,56,164
513,130,54,165
512,133,54,160
510,138,56,155
499,148,68,145
512,137,51,152
510,144,54,143
512,141,51,147
514,134,52,152
506,140,59,147
518,128,49,158
516,122,53,163
518,127,48,155
516,133,52,150
509,142,57,141
522,136,46,146
522,132,44,150
523,133,46,146
524,133,47,146
522,129,47,147
524,122,48,154
522,131,43,144
525,123,46,153
525,126,48,149
526,134,43,139
524,133,47,138
524,127,49,146
523,134,50,142
522,128,53,144
524,127,48,146
523,125,52,148
525,124,51,150
526,121,50,147
524,127,49,139
527,131,50,139
526,133,50,135
525,129,50,139
528,135,49,131
531,134,49,130
530,133,47,133
532,129,46,136
532,133,45,130
535,137,45,126
532,129,44,131
536,136,45,129
535,130,43,128
539,137,41,122
535,137,42,123
538,136,42,124
533,133,46,121
537,138,44,122
536,137,44,120
534,133,44,123
540,139,44,119
538,137,39,121
539,139,41,117
542,138,40,118
541,136,38,120
540,137,39,119
543,137,40,120
542,134,41,119
541,140,45,110
541,144,44,104
542,137,40,113
543,138,46,111
544,141,40,111
542,136,39,115
545,138,41,110
544,137,38,113
546,139,39,112
545,140,38,111
544,136,36,112
544,139,39,106
543,138,42,109
544,144,39,104
543,141,48,105
545,141,40,103
545,141,42,103
546,143,46,103
544,138,44,106
546,142,47,102
546,141,44,102
547,142,36,102
548,142,35,103
548,144,32,98
548,145,34,97
550,146,33,93
549,145,32,96
551,147,32,96
547,146,36,99
550,142,36,98
551,146,32,95
551,147,32,94
552,144,29,96
551,141,33,100
550,139,35,100
548,142,45,96
551,142,33,96
553,140,30,97
553,142,33,97
553,142,36,97
551,143,34,94
552,143,46,91
552,145,47,93
550,145,47,90
552,147,44,83
553,143,39,91
552,144,34,90
552,145,29,88
552,141,30,96
555,142,27,91
555,141,26,95
556,141,25,95
553,141,27,94
553,140,27,92
556,137,30,97
555,138,28,97
557,141,28,95
556,138,26,98
556,137,26,98
556,143,31,90
557,144,31,87
556,146,37,84
557,145,28,85
557,147,28,80
556,146,28,78
557,143,28,86
557,139,28,91
557,143,27,84
558,145,31,83
557,142,32,82
558,144,29,83
558,145,29,84
557,141,35,88
558,141,32,86
558,144,31,84
558,145,31,81
558,146,31,79
559,148,30,77
559,145,31,79
558,145,32,81
558,145,34,80
558,144,35,81
559,143,42,83
560,145,36,77
560,145,33,81
559,146,31,78
558,146,29,79
559,141,37,83
559,142,38,81
560,146,35,78
559,146,31,79
558,145,32,81
560,145,36,79
559,145,38,79
560,143,42,80
560,144,45,78
559,145,37,75
559,143,40,78
560,144,38,74
560,146,39,76
558,142,42,80
560,144,36,76
561,141,32,79
561,142,28,79
561,147,27,74
560,147,27,72
560,146,26,75
560,146,26,73
560,145,28,72
560,145,26,73
560,147,25,71
560,150,24,70
560,146,28,72
561,146,31,73
560,144,41,77
560,145,44,73
559,144,45,71
560,144,44,74
559,142,44,78
560,143,41,75
560,141,43,73
560,145,37,71
560,145,41,73
560,145,40,72
561,148,40,71
560,145,36,72
560,143,36,73
562,146,28,72
560,144,34,74
562,145,28,70
560,145,34,73
559,146,33,70
559,147,33,71
561,145,32,71
560,148,32,69
560,149,32,68
560,146,30,70
562,147,28,71
561,147,30,67
562,148,32,67
563,146,30,69
563,146,30,67
562,147,28,69
563,147,28,66
563,146,33,66
562,147,31,70
561,146,33,69
562,146,33,68
562,146,39,66
561,145,36,69
560,144,43,72
561,145,35,70
561,146,35,67
562,143,37,72
563,145,31,70
563,147,32,66
561,143,39,69
561,145,38,68
563,144,40,69
562,145,34,70
563,143,37,76
564,140,39,74
562,142,38,75
561,143,41,72
562,144,40,71
564,145,31,73
562,146,33,66
561,146,31,67
563,145,34,70
560,141,45,73
561,141,40,72
562,141,45,75
561,142,43,70
559,143,40,70
560,142,42,69
561,140,46,72
562,142,43,69
561,140,45,71
563,147,41,64
561,144,46,67
560,140,46,73
562,146,39,63
561,144,43,66
562,144,34,68
562,145,34,63
562,147,40,61
561,145,44,66
561,145,38,63
561,143,45,69
561,140,42,72
561,139,46,70
560,145,44,67
560,141,48,71
562,145,43,62
562,147,40,63
562,142,46,69
561,143,40,65
562,143,42,65
561,140,46,69
560,146,41,64
563,144,44,65
562,142,42,68
560,140,45,71
563,143,34,66
561,143,44,71
562,144,37,64
559,144,45,66
559,141,47,68
563,148,35,61
562,145,39,63
560,144,43,65
560,142,46,68
562,142,33,67
561,146,37,66
561,145,37,64
561,146,38,62
561,145,37,62
561,145,39,63
562,145,33,61
562,144,31,61
562,147,34,58
562,148,31,60
561,148,32,56
561,146,37,62
560,146,42,62
560,146,38,66
561,145,36,63
559,146,40,61
561,145,37,61
559,146,41,61
559,145,38,61
560,145,39,61
559,145,43,62
560,144,44,61
558,143,43,64
558,144,46,62
558,145,44,60
557,147,46,57
558,144,48,63
558,149,40,55
557,148,30,58
555,148,25,54
556,149,21,53
555,156,17,47
581,150,12,47
555,156,17,47
552,154,20,47
551,156,23,44
550,154,22,45
551,155,22,42
549,155,24,43
546,156,26,43
543,157,29,43
541,156,31,44
538,156,32,43
540,155,31,44
541,154,31,43
541,156,32,43
542,156,29,43
542,155,34,43
578,152,26,43
555,152,17,45
558,158,12,38
559,158,13,37
581,160,16,37
556,159,16,37
559,158,14,39
558,159,12,37
558,161,13,35
558,160,14,35
558,160,14,36
557,160,16,37
558,156,15,39
556,156,17,40
557,155,14,42
558,159,14,37
558,157,15,40
558,161,14,36
558,159,14,37
558,159,15,39
557,156,16,39
557,157,16,40
557,156,15,39
557,160,13,37
558,160,15,35
558,159,15,34
558,161,13,33
557,162,15,32
559,162,17,33
559,161,13,35
559,162,15,32
557,161,15,31
560,162,15,31
558,161,16,31
558,161,16,33
558,160,15,32
557,163,16,32
558,163,15,32
558,162,16,33
557,160,15,33
559,162,17,33
557,160,17,35
557,158,16,35
557,158,15,36
557,161,16,36
558,161,16,35
558,158,15,37
557,161,15,35
558,161,13,33
557,160,14,34
559,161,15,32
558,160,16,33
558,162,15,31
558,161,15,33
558,162,15,33
558,162,16,32
558,161,14,32
557,161,16,32
558,160,14,32
558,162,15,31
558,161,15,31
557,162,15,30
559,162,15,32
559,163,15,32
557,162,15,31
557,161,16,31
557,160,16,33
558,162,14,33
559,161,14,31
557,160,16,33
559,162,16,33
558,160,16,33
557,161,15,33
557,158,17,34
558,162,16,31
558,158,15,34
558,157,16,36
557,155,15,41
557,159,17,42
559,162,25,39
558,161,25,38
558,161,25,38
558,161,25,36
559,162,24,37
558,161,24,37
559,162,24,38
559,161,24,40
558,159,22,40
558,156,22,44
558,158,21,46
558,155,21,47
558,157,20,44
557,156,21,44
560,157,19,45
559,157,20,44
559,158,18,44
558,159,18,43
559,159,18,41
558,161,17,40
559,156,19,45
558,159,15,43
559,160,15,40
557,159,15,40
558,159,16,41
556,156,18,43
555,155,18,45
557,155,17,44
556,156,18,45
554,156,18,46
555,154,17,45
555,155,17,45
555,157,16,45
553,155,18,45
552,157,18,46
550,156,20,45
550,156,20,45
549,156,22,43
547,155,24,44
545,156,28,44
545,156,28,42
544,156,30,42
541,158,31,43
539,154,30,44
541,154,30,44
541,152,34,46
539,150,34,48
540,155,31,45
541,154,34,47
543,149,34,47
538,154,34,43
554,153,23,44
559,156,15,42
558,154,16,41
558,155,17,41
559,155,17,38
558,158,14,37
559,159,14,36
559,161,16,33
558,163,17,32
558,162,15,32
559,160,18,34
559,161,17,34
558,161,15,32
558,162,15,32
557,161,16,32
557,161,16,33
559,158,16,36
559,160,15,36
559,160,16,37
559,161,15,33
559,162,16,34
559,160,16,33
557,159,17,34
558,160,17,34
557,158,15,35
560,161,16,32
559,161,16,34
559,159,17,34
558,159,16,33
558,161,16,31
558,159,16,33
559,160,15,35
558,158,17,37
558,157,16,36
559,159,16,35
558,160,16,37
557,155,17,39
558,153,17,42
558,156,18,37
559,159,17,34
558,160,18,36
558,161,15,36
558,159,15,35
559,160,15,36
557,162,15,33
557,161,15,34
559,159,17,35
558,159,15,35
557,160,17,34
558,156,17,37
559,159,16,36
559,160,16,33
558,160,15,33
558,160,16,35
557,155,20,38
558,158,14,36
558,160,17,34
558,158,16,35
559,159,16,36
559,161,15,38
558,158,16,35
559,160,16,34
558,161,18,34
558,162,16,31
558,161,15,33
559,160,16,34
558,161,14,32
558,160,16,34
557,159,16,34
559,162,16,32
558,162,15,32
558,159,19,34
559,158,18,35
557,160,16,36
559,161,14,34
559,160,16,36
558,156,18,38
557,161,16,34
557,160,18,35
558,156,18,37
558,159,19,36
558,161,16,32
558,159,18,34
560,157,20,37
559,157,15,38
559,158,16,37
559,157,16,36
559,157,16,36
559,156,16,38
557,158,17,36
557,158,16,36
558,160,16,34
558,159,15,34
559,162,15,34
559,162,14,31
558,160,15,34
559,157,15,36
560,160,14,34
558,159,18,35
558,157,18,37
558,155,20,39
557,155,18,38
558,156,18,38
558,157,19,37
558,161,15,33
558,159,16,35
558,156,16,37
558,157,16,37
558,157,16,36
559,159,15,35
558,161,17,35
559,158,15,34
559,159,16,35
557,159,16,35
558,160,15,34
558,156,17,37
558,155,17,38
558,157,19,38
559,158,20,36
559,160,16,34
558,159,15,34
560,159,15,35
562,158,14,37
563,160,12,36
562,158,12,37
564,156,12,37
560,154,15,40
558,155,17,44
551,155,22,45
548,153,27,45
547,154,26,47
551,153,20,48
552,153,21,47
552,153,20,46
554,153,21,47
555,152,21,50
556,151,19,53
558,152,19,50
556,153,19,48
557,152,16,51
559,153,16,51
559,154,17,53
557,151,19,53
559,153,18,49
558,153,20,51
559,157,22,47
558,156,30,48
560,154,31,53
559,152,30,50
560,152,30,53
559,151,32,53
558,150,31,57
559,150,31,59
559,149,37,55
560,151,37,53
558,150,46,55
559,146,47,60
560,146,43,61
561,146,45,64
561,143,47,66
561,148,43,59
561,149,38,61
560,146,41,61
567,143,37,65
560,147,43,62
567,142,41,68
568,142,38,65
564,145,41,62
562,146,41,62
564,145,44,63
565,145,40,63
562,146,40,61
561,144,44,67
569,140,39,71
565,142,43,65
566,145,39,64
570,142,36,64
561,146,40,61
570,144,35,62
571,145,33,62
563,147,37,60
559,145,47,64
562,139,47,71
564,144,42,63
569,141,38,66
575,141,32,67
575,141,33,66
575,141,33,68
577,139,33,73
573,140,34,69
574,140,37,73
574,142,31,66
574,142,34,68
575,141,34,71
573,142,36,65
574,141,35,69
573,138,36,71
573,139,37,73
573,137,36,74
573,139,34,71
573,139,36,72
573,142,37,70
572,138,38,72
572,139,38,72
574,137,37,77
573,136,35,75
572,142,36,68
570,140,36,70
573,142,35,70
573,140,34,73
570,139,40,72
571,142,36,69
570,142,36,68
575,141,33,71
574,141,33,71
571,144,37,66
570,142,36,70
574,141,32,70
574,141,33,69
573,144,33,66
569,143,37,66
572,141,37,72
571,142,38,69
572,144,37,66
570,143,37,69
577,142,30,70
578,139,30,72
577,140,30,73
577,141,31,72
576,141,30,70
576,138,31,71
575,139,31,71
577,141,30,69
576,143,30,67
577,140,31,72
575,141,33,69
578,140,31,72
574,141,33,71
579,138,28,73
578,139,29,71
576,138,31,73
577,141,32,74
576,145,31,68
575,141,31,71
574,146,31,67
573,144,32,69
574,143,33,70
573,142,33,68
572,142,34,70
573,140,35,75
572,138,38,74
573,139,34,72
575,139,34,74
573,141,34,70
576,141,33,74
574,143,35,69
575,140,34,71
575,141,33,71
575,139,34,75
575,141,32,71
576,139,31,75
578,137,29,74
577,140,32,76
574,140,33,74
574,143,34,73
575,140,32,73
574,143,33,70
572,142,34,71
572,144,34,69
571,144,35,71
573,146,34,69
573,143,33,70
573,142,33,73
574,144,33,73
575,141,32,75
574,142,34,74
574,142,35,72
572,142,35,73
572,144,34,70
570,144,34,70
571,143,34,73
575,140,32,77
575,139,33,77
573,139,34,76
573,140,36,74
577,143,32,73
575,140,32,79
572,139,33,81
573,141,34,78
573,143,33,73
571,142,36,76
571,143,34,73
573,145,33,73
572,143,32,74
576,143,30,74
573,145,33,75
571,144,34,71
569,142,34,77
574,145,31,74
571,141,34,76
568,143,36,70
573,141,33,76
570,143,37,73
570,144,37,74
572,145,34,74
572,144,35,78
573,140,36,79
571,143,35,78
573,142,34,77
572,140,33,78
572,142,33,79
570,142,36,79
570,145,35,77
570,144,33,77
569,143,35,79
570,143,35,78
571,144,35,78
570,142,34,79
570,143,33,81
569,143,36,79
568,141,36,82
570,141,35,83
569,141,36,81
568,142,39,80
568,143,38,77
569,141,37,80
569,144,35,78
569,144,35,79
568,145,36,77
571,143,33,79
568,141,35,82
569,139,35,85
570,142,34,86
568,142,36,85
569,145,36,79
568,144,37,81
568,142,38,81
568,143,35,81
568,142,36,85
569,142,35,84
569,144,34,83
568,145,35,81
569,145,33,83
568,143,36,88
568,142,36,84
568,142,35,84
567,143,36,82
567,142,36,85
568,140,35,88
569,141,35,86
567,143,35,84
569,143,34,86
568,142,35,89
567,143,35,87
566,143,35,86
568,144,33,84
566,142,37,86
567,139,35,89
566,145,39,82
567,145,35,80
567,147,32,80
571,142,35,90
568,140,35,93
568,142,35,91
568,141,35,94
567,141,36,89
568,143,35,88
566,143,37,88
567,142,38,88
568,143,35,86
568,143,35,89
567,144,36,88
567,145,36,88
569,142,36,90
567,143,39,97
567,142,40,91
567,141,40,91
566,142,37,93
565,144,39,91
564,142,40,92
566,140,41,94
564,145,38,88
564,144,37,91
567,143,36,91
563,145,37,94
567,141,35,99
566,143,37,94
564,142,40,94
563,142,45,91
563,143,40,91
564,143,40,92
564,140,39,96
562,144,40,93
562,139,45,98
562,145,40,96
562,144,39,95
562,142,39,99
561,144,40,95
558,143,44,95
559,143,43,93
559,142,42,97
558,143,40,94
558,140,43,100
560,147,33,95
558,142,38,93
556,141,46,89
556,143,46,86
557,145,37,75
555,146,46,66
555,148,48,57
552,151,48,53
557,148,49,48
553,153,50,39
556,150,46,44
558,150,46,43
561,146,53,45
556,148,48,41
565,145,43,43
572,141,38,44
578,140,31,47
581,140,27,48
582,137,26,51
589,138,20,52
584,138,23,54
588,138,18,57
590,137,17,57
591,136,16,59
592,136,16,58
591,136,18,56
590,137,18,52
590,137,18,52
591,137,17,52
590,136,17,52
590,135,17,53
589,135,17,52
589,138,18,51
590,135,17,52
590,137,17,53
590,136,17,57
591,136,16,54
591,136,18,56
591,137,17,54
589,135,18,53
590,136,18,53
590,137,18,52
590,135,17,48
590,137,18,47
590,135,16,52
589,137,18,50
590,137,17,48
592,136,18,51
590,136,18,48
589,137,19,50
590,137,19,50
590,136,17,50
590,136,18,51
590,136,18,50
591,137,17,49
590,137,18,47
590,137,19,49
590,137,19,51
590,138,17,51
590,135,17,51
589,136,18,49
592,135,16,45
592,136,18,48
590,137,18,48
589,137,18,51
591,137,16,49
590,138,19,53
590,136,18,51
589,137,19,52
589,138,19,51
589,136,17,52
590,136,18,49
590,137,17,50
590,136,18,47
589,136,18,49
591,137,17,49
591,137,18,49
590,135,17,48
591,137,17,50
592,136,16,51
591,137,17,48
590,136,18,50
591,137,18,50
590,135,17,50
589,137,18,52
590,137,17,52
591,137,16,53
590,136,17,51
590,137,18,49
591,137,18,47
589,137,18,48
591,137,18,45
589,137,20,47
589,138,19,47
589,137,18,49
590,137,18,51
590,136,18,52
590,136,17,52
591,136,18,51
590,136,17,51
591,137,17,49
590,137,17,49
590,136,17,52
590,136,19,53
589,136,18,49
591,135,17,50
590,137,19,53
590,138,17,52
592,136,17,49
592,138,17,52
589,137,19,51
592,136,16,56
590,136,18,53
590,136,18,52
592,138,18,53
591,135,18,53
590,137,18,54
591,136,17,56
591,137,18,52
591,137,18,53
591,135,17,52
590,137,18,51
591,138,17,55
591,136,18,51
590,136,19,54
592,136,16,55
590,137,17,53
591,137,17,52
590,137,18,55
591,136,18,51
590,138,18,50
591,138,18,51
592,136,18,54
591,135,18,55
591,138,18,53
591,136,17,53
591,137,18,53
591,135,17,53
591,135,17,55
591,135,17,57
591,136,17,56
591,136,18,53
591,137,17,57
590,136,18,55
592,136,16,55
591,137,17,55
591,137,18,52
591,138,16,54
590,136,20,53
591,137,18,55
590,137,18,52
591,136,16,58
589,136,18,54
591,135,17,57
591,137,17,54
590,137,17,53
590,136,17,56
590,137,17,54
592,136,18,50
591,137,18,50
590,138,17,48
591,136,19,47
591,137,18,50
591,136,17,49
589,137,17,47
589,136,19,48
588,137,19,49
588,138,19,48
590,137,18,46
591,138,16,43
593,138,18,46
592,137,17,46
590,138,19,43
590,138,19,42
591,138,17,38
592,137,16,39
592,137,16,39
592,137,15,38
592,136,16,41
592,136,15,43
592,137,16,43
591,137,17,42
590,136,19,43
589,138,18,40
589,137,19,38
589,139,21,39
587,138,24,38
586,138,26,37
586,139,22,35
586,139,24,37
584,138,25,40
583,139,26,40
585,137,24,43
586,138,23,45
585,137,21,46
589,137,19,47
590,138,19,47
590,138,18,52
590,136,18,53
589,138,19,53
590,137,18,51
589,136,19,51
589,137,20,53
590,138,19,51
591,136,17,51
591,137,19,49
588,137,21,49
589,139,20,50
588,137,21,50
591,138,19,48
591,137,19,49
593,137,17,47
591,138,19,48
593,137,17,45
591,137,19,43
591,137,19,43
590,138,21,43
588,138,23,44
588,137,23,43
586,138,24,48
585,137,24,56
585,140,27,59
585,139,27,70
584,138,25,74
585,138,25,77
586,138,28,80
586,135,24,81
587,137,24,79
588,135,24,82
588,135,24,82
587,136,23,77
590,138,22,79
589,137,21,80
590,135,20,81
591,135,19,82
591,136,20,80
591,136,19,81
593,136,19,82
591,137,18,81
593,135,17,84
593,133,18,86
594,133,18,87
594,135,16,86
594,133,16,85
594,132,18,86
593,133,18,86
596,131,15,88
592,124,19,95
592,128,19,93
591,128,21,90
592,135,19,83
593,136,20,79
593,135,18,84
595,135,16,85
593,135,18,83
592,135,19,82
594,135,18,83
593,136,16,82
593,135,20,85
594,137,18,80
593,135,20,83
591,136,20,81
593,136,17,78
593,136,19,79
593,134,17,81
593,138,19,79
594,130,17,86
593,129,18,88
592,134,19,83
592,136,18,82
594,135,18,81
596,134,17,84
594,135,16,82
592,137,21,77
594,137,15,80
593,136,17,79
592,136,17,79
594,136,16,80
594,131,16,84
593,135,18,84
593,135,20,81
592,136,15,79
590,134,18,79
593,136,15,78
592,134,18,80
592,135,17,81
591,135,18,80
593,135,18,80
594,136,17,77
592,136,17,79
593,136,18,80
592,136,17,79
594,137,16,77
593,135,17,79
592,136,17,77
593,136,16,79
592,137,18,79
591,137,18,79
590,137,20,78
592,135,19,80
592,137,18,76
592,136,19,79
590,137,21,77
594,136,15,77
593,137,18,79
593,136,17,78
592,136,18,78
592,136,18,78
591,136,17,77
591,136,16,76
591,134,18,78
590,136,18,79
593,136,16,77
592,137,17,78
591,136,18,78
591,136,20,78
593,137,16,77
591,136,18,78
592,135,18,78
591,136,18,78
592,137,18,77
593,136,17,78
591,138,17,76
591,137,19,78
591,136,16,76
592,136,17,78
592,138,16,77
591,135,17,79
592,137,16,75
591,137,17,77
593,136,17,77
590,137,17,76
592,136,16,78
592,135,18,78
592,136,18,79
591,136,19,78
591,136,19,79
592,136,18,78
591,137,19,78
590,137,20,78
592,136,18,78
592,137,17,79
594,137,16,81
591,136,20,80
592,138,18,78
593,137,18,80
594,136,16,77
593,137,16,78
593,136,17,78
592,137,16,78
595,137,15,78
592,137,16,80
593,138,16,79
594,136,16,79
593,137,14,77
591,136,18,76
592,137,17,79
592,136,17,78
590,136,21,78
592,136,19,77
590,137,19,77
590,136,20,76
589,139,21,75
592,136,18,78
590,136,20,78
591,137,19,78
592,136,18,81
593,135,18,80
592,136,18,79
592,136,20,80
594,136,18,79
593,136,18,79
593,135,17,79
592,137,20,79
593,137,16,78
592,135,17,78
593,136,17,78
591,137,19,79
591,135,20,79
592,135,19,81
592,137,18,79
592,137,19,78
592,136,19,77
594,137,17,77
591,137,21,78
593,137,16,78
592,137,17,77
592,137,18,79
594,137,17,79
595,136,15,80
594,135,17,79
593,137,19,78
593,136,18,79
592,135,17,80
592,136,19,78
593,135,18,78
592,135,19,80
593,136,18,78
593,136,18,78
593,136,18,79
593,137,18,80
593,136,16,78
591,136,18,78
592,136,18,78
591,136,19,80
592,135,18,79
592,137,19,79
592,137,16,81
593,136,17,80
593,137,17,79
594,137,16,78
592,138,18,76
592,138,16,78
591,136,17,79
594,137,15,79
591,137,17,77
592,135,18,79
592,137,16,78
591,136,17,79
593,136,16,79
594,136,16,80
594,136,15,78
594,137,14,78
591,136,18,77
593,137,16,78
591,135,20,80
593,136,18,78
592,135,20,79
594,138,18,77
594,135,17,79
592,135,18,79
592,136,19,78
592,138,19,76
593,135,18,80
590,137,19,78
593,134,18,80
594,136,17,79
591,137,19,78
592,134,17,81
590,137,20,77
589,135,20,78
591,136,19,78
593,137,15,79
594,136,15,79
595,136,16,79
594,137,15,78
595,134,15,80
591,136,18,79
593,136,17,78
593,136,16,78
589,138,19,76
594,137,16,80
593,138,16,77
594,134,16,79
593,135,17,79
594,137,16,79
595,134,13,80
592,137,17,80
593,135,18,79
593,135,17,80
594,135,17,81
594,137,15,78
590,136,19,78
592,135,17,79
592,136,17,79
593,137,17,78
590,137,18,77
589,135,18,78
