376,14,76,241
376,15,80,236
382,17,82,241
388,14,83,242
395,17,78,236
402,14,77,232
406,15,83,239
408,6,105,246
414,6,110,241
420,6,105,240
421,9,104,240
429,3,98,242
435,7,92,242
441,5,87,249
450,8,82,234
459,9,72,231
463,9,68,230
470,10,61,231
463,11,67,230
460,14,69,226
463,15,63,222
455,14,73,224
460,15,62,224
458,18,66,216
459,16,62,213
455,18,65,209
455,18,66,209
460,18,58,206
457,18,62,207
452,16,69,207
458,15,65,209
458,16,63,207
461,18,63,206
462,18,63,203
456,17,71,203
460,18,64,203
464,19,62,198
469,17,56,204
469,17,57,200
467,20,59,197
466,17,62,199
470,17,58,204
471,16,56,199
475,18,53,196
476,15,51,201
530,54,57,216
477,16,51,220
481,16,45,204
525,52,59,227
484,26,73,234
485,38,102,237
489,42,98,238
488,36,102,236
490,42,95,240
489,39,93,236
487,42,89,233
483,37,80,238
479,36,85,242
478,29,79,249
475,23,70,249
474,27,68,247
466,26,72,241
458,29,78,242
458,30,72,232
446,32,84,233
436,25,98,237
434,24,101,230
439,32,87,227
435,31,92,228
434,25,91,234
429,31,89,225
429,35,80,217
428,25,77,225
428,29,78,221
426,24,75,223
425,35,76,221
423,32,81,214
423,32,80,217
424,37,78,211
426,34,80,213
427,35,76,207
429,34,77,207
431,35,74,203
435,32,70,202
436,34,69,202
440,30,64,202
439,35,65,195
440,34,61,195
438,35,63,193
438,37,62,192
437,35,62,192
431,37,66,189
432,36,65,191
431,38,65,184
430,35,62,187
429,36,60,184
427,33,58,187
428,30,53,192
427,33,50,188
427,37,58,181
436,29,69,199
423,25,55,201
420,38,50,194
423,39,42,187
421,42,41,188
430,36,56,186
416,41,57,183
433,32,62,187
426,25,73,194
426,25,73,194
426,25,73,194
426,25,73,194
426,25,73,194
426,25,73,194
426,25,73,194
426,25,73,194
426,25,73,194
426,25,73,194
426,25,73,194
426,25,73,194
426,25,73,194
426,25,73,194
426,25,73,194
426,25,73,194
290,9,77,197
290,9,77,197
289,4,79,202
288,1,82,203
287,4,82,203
290,7,78,199
289,-2,77,207
290,2,78,206
288,-2,77,208
291,4,72,201
290,2,69,198
292,7,63,202
290,4,60,199
294,30,49,175
291,35,46,167
295,47,42,157
292,49,40,154
293,45,38,157
292,46,38,157
293,49,35,154
293,48,38,154
292,52,37,150
292,53,35,149
292,49,36,155
292,53,34,150
292,50,31,154
292,58,31,145
294,62,26,142
288,50,33,155
289,32,32,170
291,37,29,166
291,37,29,166
291,37,29,166
291,37,29,166
291,37,29,166
291,37,29,166
291,37,29,166
291,37,29,166
291,37,29,166
291,37,29,166
291,37,29,166
291,37,29,166
291,37,29,166
291,37,29,166
291,37,29,166
291,37,29,166
291,37,29,166
291,37,29,166
444,49,39,176
453,38,58,173
440,19,69,190
428,34,84,208
421,14,87,240
418,8,89,246
412,6,91,251
410,4,91,250
397,3,105,254
396,7,99,255
396,8,95,251
393,9,99,261
386,2,102,266
386,7,98,260
395,6,88,273
393,3,88,272
388,7,91,279
389,2,93,275
389,1,93,282
388,2,97,284
386,3,96,283
388,-1,95,289
385,-2,95,279
387,7,96,279
381,1,101,288
381,-1,94,300
381,1,96,295
378,9,94,295
375,0,96,304
373,4,97,308
371,1,96,313
370,-1,95,316
365,0,99,321
361,0,103,315
359,3,106,313
359,2,102,316
358,0,106,316
360,0,100,320
350,3,105,322
350,0,107,329
347,-2,105,337
340,-2,109,343
334,-1,113,350
337,-5,102,355
331,-5,104,366
333,-7,102,367
333,-10,98,366
324,-9,97,370
320,-11,95,367
321,-9,87,365
324,-4,83,364
322,-5,83,361
312,-2,91,354
302,-1,102,361
292,-5,105,364
290,-3,106,360
282,-6,113,365
284,-7,106,366
277,-6,109,367
273,-10,110,375
271,-8,108,375
265,-10,110,382
255,-5,117,376
245,-13,125,386
241,-5,124,378
236,-6,135,383
226,-6,145,382
210,-7,156,383
202,-10,159,394
205,-1,154,387
192,0,167,394
169,-3,195,404
165,0,195,398
167,-3,186,412
174,-3,179,404
171,-2,176,419
173,-2,156,405
175,0,145,426
178,-4,137,418
188,-6,121,421
182,-5,128,423
177,-10,133,427
171,-9,138,428
178,-5,125,423
173,-10,135,434
173,-5,139,432
174,-2,138,435
175,-9,135,441
170,-9,139,438
164,-10,153,439
178,-11,140,444
170,-9,149,437
168,-5,178,429
165,-12,178,427
163,-3,167,423
162,-2,180,423
172,-3,165,430
170,-8,168,430
175,-4,168,421
178,-6,158,436
186,-3,162,431
187,-14,162,449
194,-18,165,457
200,-9,160,444
208,-12,157,448
211,-6,157,440
218,-8,158,445
227,-6,150,433
233,-5,143,435
247,-4,133,426
251,0,138,427
257,-2,138,432
265,-8,139,442
273,-4,134,434
285,-6,131,431
289,-5,135,426
294,-8,138,428
296,-4,148,429
308,0,145,432
313,0,155,436
310,-1,169,423
324,-6,174,432
323,-2,182,428
341,-4,169,431
345,-6,170,442
351,-5,173,430
359,-2,176,439
365,-1,184,436
367,2,194,427
370,-6,205,443
374,-5,205,442
382,-6,209,449
395,-9,200,449
398,-6,208,443
403,-12,203,447
400,-14,214,450
402,-10,218,450
423,-13,192,455
415,-15,192,451
409,-14,210,440
418,-16,204,449
443,-14,185,433
420,-6,203,436
411,-11,218,439
434,-15,194,439
409,-11,218,438
415,-11,221,439
406,-8,226,425
387,-5,251,427
397,-4,246,422
387,-6,259,426
385,1,265,417
407,0,238,415
457,-4,179,433
460,-3,180,426
462,0,175,428
461,-7,185,430
458,-3,187,419
461,-4,176,429
464,-8,181,432
467,-2,171,421
473,-3,168,428
478,-7,161,432
474,-15,165,439
489,-6,148,434
479,-13,160,437
488,-11,152,437
493,-9,149,432
502,-10,145,433
502,-11,143,431
511,-18,136,443
505,-13,147,434
507,-10,150,424
509,-12,147,426
510,-15,144,427
514,-13,143,417
516,-9,140,408
518,-11,134,412
527,-8,129,407
521,-10,131,415
525,-13,125,416
525,-9,125,406
522,-8,127,409
526,-10,123,408
520,-6,125,397
516,-6,128,400
511,-8,133,405
505,-8,138,401
500,-11,137,396
495,-10,135,406
493,-6,135,396
488,-4,137,379
485,0,134,370
489,-7,131,384
478,-4,140,372
475,-4,138,372
485,-7,126,379
486,-7,121,380
489,-7,118,378
487,-6,114,380
487,-2,112,375
489,0,114,370
483,-4,112,369
484,-7,109,374
489,-6,105,377
493,-1,99,367
487,-6,104,377
492,-5,99,381
496,-2,96,370
494,-5,97,372
495,-4,89,373
501,1,89,364
501,-3,82,368
506,-6,80,367
505,1,81,355
501,0,83,356
502,0,82,353
500,0,84,352
499,0,82,347
499,1,83,346
499,0,84,345
497,0,84,344
492,0,89,341
489,-3,94,345
484,-4,95,345
484,0,98,335
484,-6,96,351
478,-6,105,346
474,4,104,336
469,-2,110,339
470,-7,106,347
466,-3,109,342
465,3,104,330
467,0,103,309
471,2,88,311
476,3,87,305
485,1,74,335
489,-7,66,347
490,-5,65,347
489,-7,65,354
475,0,80,341
399,46,111,348
380,20,157,384
363,-4,185,423
359,-3,188,426
372,0,181,430
384,-6,171,439
388,-7,167,436
392,-9,160,447
394,-17,170,455
393,-12,172,452
393,-14,187,439
398,-11,182,437
400,-10,189,441
411,-6,176,441
411,-2,192,430
413,-8,191,439
419,-4,198,442
418,-6,201,442
422,-6,202,442
425,-11,204,448
425,-9,208,439
426,-16,211,450
435,-16,212,439
430,-12,220,440
437,-21,212,452
446,-21,210,443
463,-15,198,446
477,-19,185,444
480,-15,190,445
482,-15,194,442
487,-19,193,442
491,-17,196,438
499,-17,188,439
504,-18,189,440
508,-16,189,436
504,-16,201,435
513,-18,183,442
523,-16,176,433
526,-15,173,430
528,-14,180,421
529,-13,183,421
536,-11,172,416
537,-9,178,414
537,-11,176,419
543,-11,166,418
539,-9,181,407
542,-12,174,412
540,-12,184,410
548,-11,172,410
548,-12,172,412
555,-10,163,401
556,-12,173,403
545,-12,188,406
553,-14,175,409
557,-11,177,397
554,-11,176,398
554,-14,177,407
558,-17,174,417
570,-12,169,406
579,-7,153,397
579,-20,158,416
589,-10,144,396
603,-16,138,396
617,-17,120,385
616,-14,122,389
627,-13,113,381
616,-8,127,381
628,-10,115,376
622,-7,124,381
625,-9,119,373
627,-9,120,373
625,-9,121,382
614,-7,133,381
620,-6,126,363
627,-13,112,384
620,-8,119,379
631,-8,110,357
619,-7,120,370
610,-7,124,379
610,-10,121,382
601,-10,124,389
603,-8,118,376
595,-11,118,390
590,-10,120,397
589,-11,110,398
582,-6,112,398
574,-6,120,405
576,-3,109,405
582,-8,103,416
572,-7,113,417
565,-8,114,405
568,-10,105,421
566,-14,109,427
562,-10,104,422
565,-14,99,432
567,-9,91,418
572,-13,85,436
557,-16,102,435
527,-31,129,472
481,-26,150,468
467,13,166,423
468,6,178,422
472,7,180,416
469,9,182,413
472,12,190,407
475,8,186,418
484,6,182,417
485,7,184,411
496,16,179,409
502,0,173,419
507,7,176,419
509,7,166,413
502,0,181,421
507,2,179,421
512,0,175,425
503,0,183,423
502,2,187,421
500,9,185,415
499,21,190,403
501,1,172,417
495,24,173,404
491,26,168,395
483,21,170,406
479,20,172,407
480,34,163,388
483,43,154,376
485,46,149,374
623,68,137,316
611,83,154,285
620,96,140,274
619,106,146,256
613,112,149,251
619,120,146,246
610,124,153,242
613,122,157,243
608,131,162,230
622,131,148,236
620,138,148,227
628,136,146,223
629,134,138,227
640,138,112,226
647,139,119,225
649,142,115,229
660,143,104,227
658,147,111,224
657,201,117,223
655,170,107,199
658,161,104,208
652,157,114,219
649,172,120,203
655,144,103,229
664,204,111,210
668,227,101,195
674,243,93,187
667,227,97,164
665,242,103,158
662,253,109,138
664,255,105,124
668,260,99,103
695,259,76,102
693,259,79,105
626,193,100,122
654,208,113,132
661,202,112,142
665,195,109,169
654,258,96,175
660,255,86,158
660,253,81,136
660,260,71,119
657,265,67,119
668,234,84,127
696,200,80,139
693,195,80,138
699,190,72,149
697,188,76,151
704,195,68,137
656,246,73,135
649,260,85,116
657,258,89,110
650,260,91,107
655,260,96,103
649,258,101,111
649,257,108,108
650,258,101,106
651,258,95,103
652,259,102,107
651,258,95,106
653,258,101,109
649,259,101,104
649,256,94,116
650,261,97,102
650,261,92,104
650,260,93,101
651,260,95,104
650,260,89,103
652,258,87,108
652,261,91,101
651,260,89,101
652,258,94,110
651,259,99,103
649,260,101,102
649,259,100,106
651,257,97,106
651,257,99,106
650,256,98,111
650,257,101,109
649,258,101,106
650,257,97,107
651,259,102,103
650,258,98,106
651,260,97,103
650,259,100,105
651,260,92,100
650,261,97,103
649,261,100,100
649,260,107,105
650,259,99,103
650,260,103,104
651,260,96,102
648,260,104,106
650,261,105,103
649,259,107,107
649,258,103,107
650,259,105,106
648,259,102,105
651,259,103,105
649,258,106,110
648,260,110,104
650,258,106,106
649,259,108,106
649,260,108,105
649,260,109,105
649,260,108,105
651,260,107,104
649,260,108,106
648,261,110,104
650,260,108,105
650,260,107,104
650,261,107,103
649,262,108,104
647,263,111,101
648,261,110,105
653,259,103,107
651,260,106,104
649,261,108,105
649,260,108,107
649,260,108,105
649,260,108,105
651,261,105,105
649,262,108,102
650,258,106,109
651,259,106,105
651,259,106,103
651,260,106,102
649,259,108,105
650,258,104,105
651,259,106,106
649,259,107,105
650,260,107,104
651,258,105,104
650,261,105,102
649,260,108,105
649,260,109,105
650,258,106,107
651,258,106,107
651,257,105,107
649,260,108,105
650,259,108,104
650,258,107,107
651,259,107,106
650,257,108,107
649,257,107,111
650,256,108,113
650,258,110,108
650,256,107,109
650,260,108,104
650,260,107,105
650,259,108,108
650,261,108,102
649,260,108,106
650,260,108,107
651,261,107,103
649,262,107,103
650,262,106,102
651,261,104,104
650,261,107,103
650,261,107,104
653,258,102,108
652,262,103,102
647,262,111,103
650,263,110,100
650,262,108,102
650,262,109,102
650,261,109,103
651,260,107,107
653,260,103,104
649,261,109,109
650,260,108,106
650,260,109,105
651,260,109,105
651,260,109,105
648,261,114,104
651,261,113,102
650,261,114,103
651,261,113,103
650,262,115,102
650,262,115,102
649,261,116,102
649,262,115,103
650,261,116,104
651,258,113,106
650,259,110,107
651,257,108,106
651,264,106,100
649,262,108,100
650,260,105,105
649,260,109,106
648,257,110,110
652,257,106,108
652,260,105,104
646,260,115,108
650,259,110,107
650,259,111,106
652,258,107,104
650,260,109,108
650,259,111,106
651,260,110,103
651,259,108,104
650,263,110,101
650,261,111,103
650,260,109,105
648,259,114,109
651,258,111,107
649,261,111,106
650,261,111,105
652,259,108,104
648,261,112,104
649,258,112,108
650,260,111,104
650,258,112,107
650,259,110,106
651,259,107,105
652,259,108,104
649,259,110,104
650,259,110,107
649,258,111,109
649,261,110,106
651,260,109,105
650,258,110,108
650,259,109,106
649,259,111,106
651,258,108,107
652,259,107,104
652,259,106,104
652,256,107,111
651,260,108,104
652,260,107,105
650,259,109,110
652,259,106,104
649,259,109,108
649,260,111,106
652,259,109,107
650,262,108,102
650,261,111,104
649,259,111,109
652,260,109,104
649,259,111,108
649,256,110,113
650,258,110,112
650,257,109,110
649,262,112,104
650,260,110,106
646,259,114,108
652,258,108,107
652,259,108,106
650,261,109,103
649,260,111,107
652,258,108,106
651,258,108,108
651,260,108,104
650,261,110,103
649,260,110,104
649,259,111,108
651,259,109,105
650,259,110,105
649,262,110,103
647,262,113,102
649,260,111,104
650,260,111,105
651,259,108,106
651,259,108,106
650,260,111,105
651,260,109,103
650,261,109,102
649,261,112,105
650,260,109,104
649,259,111,107
650,259,110,108
651,259,109,106
650,259,108,106
651,258,107,109
651,258,108,106
650,259,108,105
651,260,106,105
649,260,111,106
648,260,111,106
649,259,111,107
650,259,110,107
650,260,109,104
649,256,111,116
647,258,112,110
651,258,109,108
650,258,110,107
650,258,111,108
651,258,108,108
650,259,108,107
650,260,110,106
651,260,111,105
651,256,108,109
649,259,112,109
650,260,109,106
651,258,108,107
647,257,114,114
650,258,110,110
650,262,111,103
651,259,108,105
649,261,112,105
649,261,112,103
648,262,112,103
651,261,109,103
648,258,112,113
650,258,109,107
652,259,107,105
652,259,106,107
650,259,108,108
652,260,108,104
648,259,110,108
650,257,106,110
652,258,102,106
651,258,99,104
650,258,101,111
650,259,95,103
650,259,94,107
651,259,89,105
651,259,85,106
651,263,85,106
650,261,86,105
649,263,84,105
651,264,80,103
651,265,75,100
651,268,67,99
649,280,60,90
650,287,53,85
651,292,40,75
651,292,40,75
651,292,40,75
651,292,40,75
551,368,48,78
546,369,59,63
533,372,69,58
533,372,69,58
533,372,69,58
684,264,59,55
688,263,64,66
685,262,75,71
684,265,78,56
683,265,77,60
686,264,75,62
687,262,72,65
689,261,67,67
688,263,69,60
687,263,71,64
688,263,72,64
687,263,71,61
687,264,70,59
687,263,70,62
687,263,70,63
688,263,70,64
687,263,72,62
685,263,73,63
685,265,77,58
689,264,73,62
699,266,64,60
710,272,62,55
723,275,49,62
723,275,49,62
723,275,49,62
651,298,49,66
652,296,55,71
652,292,53,71
654,290,60,71
673,262,61,80
663,271,75,92
653,267,88,103
649,262,107,119
651,262,104,112
651,262,99,109
651,262,95,112
652,261,90,111
652,260,87,118
652,258,86,129
651,262,87,122
650,274,92,108
648,290,95,86
649,292,95,81
643,286,98,80
649,290,98,85
649,271,94,107
652,267,92,117
650,262,93,122
652,259,90,129
651,262,91,125
650,262,90,126
651,258,89,128
652,260,89,129
651,260,88,122
651,261,89,128
651,263,90,118
651,260,90,131
651,262,92,125
652,259,89,143
651,258,91,144
651,255,92,142
647,257,99,157
646,254,101,166
652,248,92,180
649,249,96,178
652,237,89,184
651,237,89,192
653,243,89,183
650,248,91,181
650,247,94,173
648,253,95,174
650,241,91,182
650,250,92,178
652,245,89,180
649,251,93,176
649,246,93,175
653,243,89,182
654,238,85,189
653,245,86,180
651,254,93,171
649,252,94,169
648,255,97,167
651,251,94,168
648,252,94,172
649,250,94,174
651,247,95,181
650,241,93,181
651,246,90,183
650,238,92,190
649,249,95,181
650,243,93,178
650,251,95,178
651,249,90,178
650,247,95,185
650,242,93,185
652,241,95,190
650,242,92,184
654,242,90,188
651,238,92,192
653,246,92,183
649,246,95,183
649,243,97,183
651,243,93,189
651,243,93,183
651,244,91,184
653,246,90,182
652,243,90,184
653,242,87,185
651,243,89,184
652,243,89,186
653,241,90,190
653,242,87,189
652,242,93,187
651,241,91,189
653,241,89,187
649,241,94,185
654,237,89,193
654,238,87,188
653,237,86,191
654,239,88,187
650,237,93,190
652,239,89,185
652,237,89,188
652,238,90,187
653,244,89,182
650,243,92,185
650,242,96,187
649,241,95,185
653,244,90,186
651,239,93,190
652,245,91,184
653,244,89,184
650,245,92,185
648,239,97,191
652,239,91,191
649,243,94,187
650,241,95,184
650,239,90,191
651,244,84,185
651,246,85,181
649,244,89,183
651,239,81,190
650,242,86,185
648,246,92,180
649,247,94,180
648,244,88,183
650,248,93,178
652,242,81,184
648,246,95,178
647,250,96,180
650,247,86,174
650,248,87,176
651,242,83,184
650,238,86,190
651,240,82,186
650,239,86,188
650,239,88,187
649,240,92,185
650,237,89,191
650,238,91,177
648,236,93,191
647,232,95,198
648,235,95,196
653,236,89,191
649,237,95,193
650,234,95,192
649,237,94,191
649,235,100,181
654,233,92,154
646,249,100,154
652,242,95,129
645,271,77,106
649,279,79,96
647,289,92,82
647,295,99,74
642,296,105,71
646,297,99,67
644,296,99,68
644,296,100,70
643,296,100,70
647,295,96,72
646,296,94,68
646,297,91,67
648,300,83,64
646,303,79,63
650,300,62,68
652,304,53,59
686,262,51,59
684,263,56,66
687,261,50,64
688,262,51,60
689,261,49,67
689,261,45,61
689,260,43,60
689,261,42,57
690,260,40,59
689,261,37,57
690,260,34,61
663,296,43,65
656,296,55,59
652,294,58,62
653,295,52,60
653,295,49,60
653,295,45,62
653,294,38,65
654,293,34,67
655,294,27,69
655,297,24,68
663,301,35,64
654,304,42,60
653,307,38,56
648,301,38,57
648,302,30,53
648,302,30,53
648,302,30,53
722,269,39,57
712,267,44,60
699,264,46,59
690,262,55,64
688,264,61,61
688,262,60,63
687,263,58,61
688,263,58,63
687,263,58,64
688,264,59,54
688,264,58,57
688,264,58,50
686,266,62,44
687,266,60,39
688,267,60,42
687,265,55,40
689,266,55,47
687,266,56,39
688,268,58,44
688,266,52,37
688,266,58,45
687,266,60,40
688,267,62,43
688,265,54,39
689,271,56,38
688,265,57,45
687,266,61,39
688,267,57,45
687,265,57,42
688,265,57,38
687,266,60,48
688,265,55,47
688,266,58,42
688,267,56,37
689,266,56,36
689,266,55,36
690,265,54,36
692,263,53,38
693,264,54,38
694,263,61,40
694,261,74,44
696,262,72,43
696,262,72,39
694,264,75,36
688,265,77,36
698,264,69,42
698,270,67,34
699,267,62,42
699,269,59,37
697,266,65,40
697,267,67,35
696,268,69,31
697,267,68,33
698,267,66,32
698,267,67,34
697,267,67,34
697,267,68,35
698,267,69,35
697,267,69,35
697,267,68,35
697,268,69,32
697,267,68,33
696,267,68,35
698,267,67,35
697,267,69,35
698,267,68,35
698,267,68,36
698,267,67,35
696,268,70,33
697,267,68,34
697,267,68,34
697,268,68,33
697,267,70,35
697,267,71,35
697,267,70,33
697,267,68,35
698,268,68,34
697,267,68,35
697,267,67,35
698,267,68,35
698,267,67,35
697,267,69,34
697,267,68,35
698,267,68,34
698,268,69,34
698,268,68,34
697,267,68,34
698,268,67,31
698,268,63,37
697,268,60,37
693,267,63,43
694,265,69,42
695,274,72,35
697,269,69,41
697,269,69,40
695,270,71,39
692,270,75,36
690,270,71,35
684,271,68,28
676,272,69,29
668,271,67,30
674,272,63,28
674,272,63,28
674,272,63,28
674,272,63,28
674,272,63,28
694,349,56,36
693,343,57,40
694,339,54,49
694,339,54,49
694,339,54,49
694,339,54,49
694,339,54,49
694,339,54,49
694,339,54,49
694,339,54,49
694,339,54,49
694,339,54,49
653,291,59,59
653,291,59,59
653,291,59,59
653,291,59,59
653,291,59,59
653,291,59,59
653,291,59,59
653,291,59,59
653,291,59,59
653,291,59,59
653,291,59,59
653,291,59,59
653,291,59,59
653,291,59,59
653,291,59,59
653,291,59,59
653,291,59,59
653,291,59,59
653,291,59,59
653,291,59,59
653,291,59,59
653,291,59,59
653,291,59,59
653,291,59,59
653,291,59,59
653,291,59,59
653,291,59,59
653,291,59,59
653,291,59,59
653,291,59,59
653,291,59,59
653,291,59,59
653,291,59,59
653,291,59,59
653,291,59,59
653,291,59,59
653,291,59,59
653,291,59,59
653,291,59,59
653,291,59,59
653,291,59,59
653,291,59,59
653,291,59,59
653,291,59,59
653,291,59,59
653,291,59,59
653,291,59,59
653,291,59,59
653,291,59,59
653,291,59,59
653,291,59,59
653,291,59,59
653,291,59,59
653,291,59,59
653,291,59,59
653,291,59,59
653,291,59,59
653,291,59,59
653,291,59,59
653,291,59,59
653,291,59,59
653,291,59,59
653,291,59,59
653,291,59,59
653,291,59,59
653,291,59,59
653,291,59,59
653,291,59,59
653,291,59,59
653,291,59,59
653,291,59,59
653,291,59,59
653,291,59,59
653,291,59,59
653,291,59,59
653,291,59,59
653,291,59,59
653,291,59,59
653,291,59,59
653,291,59,59
653,291,59,59
653,291,59,59
653,291,59,59
653,291,59,59
653,291,59,59
653,291,59,59
653,291,59,59
653,291,59,59
653,291,59,59
653,291,59,59
653,291,59,59
653,291,59,59
653,291,59,59
653,291,59,59
653,291,59,59
653,291,59,59
653,291,59,59
653,291,59,59
653,291,59,59
653,291,59,59
653,291,59,59
653,291,59,59
653,291,59,59
653,291,59,59
653,291,59,59
653,291,59,59
653,291,59,59
653,291,59,59
653,291,59,59
653,291,59,59
653,291,59,59
653,291,59,59
653,291,59,59
653,291,59,59
653,291,59,59
653,291,59,59
653,291,59,59
653,291,59,59
653,291,59,59
653,291,59,59
653,291,59,59
653,291,59,59
653,291,59,59
653,291,59,59
653,291,59,59
653,291,59,59
653,291,59,59
653,291,59,59
653,291,59,59
653,291,59,59
653,291,59,59
653,291,59,59
653,291,59,59
653,291,59,59
653,291,59,59
653,291,59,59
653,291,59,59
653,291,59,59
653,291,59,59
653,291,59,59
653,291,59,59
653,291,59,59
653,291,59,59
653,291,59,59
653,291,59,59
653,291,59,59
653,291,59,59
653,291,59,59
653,291,59,59
653,291,59,59
653,291,59,59
653,291,59,59
653,291,59,59
653,291,59,59
653,291,59,59
653,291,59,59
653,291,59,59
653,291,59,59
653,291,59,59
653,291,59,59
653,291,59,59
653,291,59,59
653,291,59,59
653,291,59,59
653,291,59,59
653,291,59,59
653,291,59,59
653,291,59,59
653,291,59,59
653,291,59,59
653,291,59,59
653,291,59,59
653,291,59,59
653,291,59,59
653,291,59,59
653,291,59,59
653,291,59,59
653,291,59,59
653,291,59,59
653,291,59,59
653,291,59,59
653,291,59,59
653,291,59,59
653,291,59,59
653,291,59,59
653,291,59,59
653,291,59,59
653,291,59,59
653,291,59,59
653,291,59,59
653,291,59,59
653,291,59,59
653,291,59,59
653,291,59,59
653,291,59,59
653,291,59,59
653,291,59,59
653,291,59,59
653,291,59,59
653,291,59,59
653,291,59,59
653,291,59,59
653,291,59,59
653,291,59,59
653,291,59,59
653,291,59,59
653,291,59,59
653,291,59,59
653,291,59,59
653,291,59,59
653,291,59,59
653,291,59,59
653,291,59,59
653,291,59,59
653,291,59,59
653,291,59,59
653,291,59,59
653,291,59,59
653,291,59,59
653,291,59,59
653,291,59,59
653,291,59,59
653,291,59,59
653,291,59,59
653,291,59,59
653,291,59,59
653,291,59,59
653,291,59,59
653,291,59,59
653,291,59,59
653,291,59,59
653,291,59,59
653,291,59,59
653,291,59,59
653,291,59,59
653,291,59,59
653,291,59,59
653,291,59,59
653,291,59,59
653,291,59,59
653,291,59,59
653,291,59,59
653,291,59,59
653,291,59,59
653,291,59,59
653,291,59,59
653,291,59,59
653,291,59,59
653,291,59,59
653,291,59,59
653,291,59,59
653,291,59,59
653,291,59,59
653,291,59,59
653,291,59,59
653,291,59,59
653,291,59,59
653,291,59,59
653,291,59,59
653,291,59,59
653,291,59,59
653,291,59,59
653,291,59,59
653,291,59,59
653,291,59,59
653,291,59,59
653,291,59,59
653,291,59,59
653,291,59,59
653,291,59,59
653,291,59,59
653,291,59,59
653,291,59,59
653,291,59,59
653,291,59,59
653,291,59,59
653,291,59,59
653,291,59,59
653,291,59,59
653,291,59,59
653,291,59,59
653,291,59,59
653,291,59,59
653,291,59,59
653,291,59,59
653,291,59,59
653,291,59,59
653,291,59,59
653,291,59,59
653,291,59,59
653,291,59,59
653,291,59,59
653,291,59,59
653,291,59,59
653,291,59,59
653,291,59,59
653,291,59,59
653,291,59,59
653,291,59,59
653,291,59,59
653,291,59,59
653,291,59,59
653,291,59,59
653,291,59,59
653,291,59,59
653,291,59,59
653,291,59,59
653,291,59,59
653,291,59,59
653,291,59,59
653,291,59,59
653,291,59,59
653,291,59,59
653,291,59,59
653,291,59,59
653,291,59,59
653,291,59,59
653,291,59,59
653,291,59,59
653,291,59,59
653,291,59,59
653,291,59,59
653,291,59,59
653,291,59,59
597,219,56,67
597,218,57,66
598,220,57,64
597,221,57,63
597,222,60,65
598,219,59,66
598,221,60,66
599,220,58,66
601,220,55,67
601,221,56,65
601,222,57,65
603,223,57,63
606,224,53,62
608,226,52,61
609,225,51,62
612,226,48,61
619,224,40,63
625,222,35,66
628,223,33,71
629,223,29,70
627,225,30,67
627,222,30,70
627,224,31,69
627,224,30,68
627,224,31,68
628,223,30,69
628,221,29,72
628,224,28,68
628,224,29,68
629,225,28,68
629,225,27,68
630,226,28,66
630,224,27,70
631,226,27,68
631,225,26,69
632,225,26,69
632,227,28,68
633,226,25,69
633,227,27,68
637,227,20,68
637,228,20,69
637,228,21,68
634,230,25,63
631,228,28,64
637,229,21,59
637,230,21,57
635,229,22,57
635,229,21,57
635,229,21,59
636,231,21,55
636,230,22,58
635,231,22,57
635,230,22,58
635,230,22,57
634,231,23,57
634,230,24,57
635,230,22,58
635,230,22,58
635,231,21,58
635,230,22,58
635,230,22,58
634,229,23,60
635,229,22,60
635,230,22,57
635,230,21,58
636,229,21,59
633,231,24,57
633,231,24,58
631,232,26,57
635,231,23,57
635,232,23,56
635,232,22,56
634,232,23,56
634,232,23,57
635,231,22,57
635,232,22,57
636,231,21,57
636,231,22,57
635,232,22,57
635,231,22,57
634,231,24,59
634,232,23,57
636,229,22,60
635,230,22,58
634,231,24,57
633,231,24,59
634,232,24,58
635,231,23,58
635,232,22,56
635,231,22,57
635,231,23,57
633,232,24,57
635,232,22,57
635,231,23,57
636,231,21,58
636,230,21,58
635,231,22,57
635,232,22,56
634,231,24,57
633,232,24,57
635,231,22,58
635,231,22,57
635,231,22,57
634,231,23,58
635,232,22,56
635,232,22,57
636,230,21,59
636,231,22,57
636,231,21,58
636,230,21,58
635,231,22,57
635,230,22,59
634,230,23,58
634,231,23,57
633,232,24,55
636,231,22,58
635,231,22,57
635,231,22,57
633,232,24,57
633,232,25,57
633,231,24,58
633,231,24,58
636,230,22,59
634,231,23,58
635,231,22,58
635,231,22,57
634,231,24,58
634,231,24,58
636,231,21,58
636,231,21,57
636,231,21,57
635,230,22,58
635,230,22,58
634,232,23,57
635,232,22,58
635,231,22,58
635,231,22,59
634,231,23,58
635,231,22,58
635,232,22,57
635,232,22,56
635,230,23,59
635,231,22,58
636,231,22,58
636,230,21,59
635,231,22,58
633,230,24,58
634,231,24,58
635,231,23,57
635,231,23,57
634,231,24,57
634,230,23,58
632,231,25,58
635,232,22,56
635,231,22,57
636,231,21,57
634,231,23,58
635,231,23,58
636,231,21,57
636,232,22,57
636,231,21,56
635,230,22,59
635,231,22,57
637,228,20,60
636,230,22,60
635,229,22,59
635,230,23,59
636,230,21,58
635,231,23,58
636,231,22,58
635,230,22,59
635,229,22,60
635,230,23,59
635,231,23,58
636,231,21,58
635,230,22,59
635,231,23,58
635,231,22,59
635,230,23,59
635,231,23,57
634,232,22,56
634,231,24,58
633,230,24,58
633,230,24,59
633,230,24,59
633,230,23,59
633,230,24,59
633,231,24,58
632,231,25,56
631,228,26,59
629,228,27,59
624,229,32,59
625,228,31,60
622,228,34,59
622,229,37,60
621,229,43,63
629,230,51,62
629,231,57,60
637,233,57,60
638,232,54,64
636,233,56,62
642,234,51,56
649,233,44,54
654,231,37,55
656,232,35,53
658,232,33,56
657,231,34,59
656,232,35,56
657,232,36,58
657,232,35,55
657,233,36,55
657,232,36,56
657,233,35,55
657,233,35,55
657,231,34,58
658,231,32,58
656,232,35,55
657,233,34,55
656,233,34,56
658,231,33,57
657,232,34,56
657,232,34,56
657,232,33,56
656,232,35,57
656,232,34,58
658,232,33,55
657,232,34,56
657,233,33,54
656,232,36,57
658,234,34,55
657,232,35,57
657,232,34,58
657,233,35,57
657,233,36,56
657,234,37,54
656,233,37,54
656,233,37,54
656,233,37,55
656,232,36,56
656,232,37,57
656,232,34,57
656,231,35,58
657,232,34,55
657,232,34,58
658,232,32,55
663,233,26,52
663,233,26,52
663,233,26,52
663,233,26,52
663,233,26,52
663,233,26,52
659,237,29,51
655,232,35,55
658,229,32,59
662,229,37,60
662,229,37,60
662,229,37,60
662,229,37,60
662,229,37,60
662,229,37,60
662,229,37,60
662,229,37,60
662,229,37,60
645,195,35,67
645,195,35,67
645,195,35,67
701,80,45,64
701,80,45,64
701,80,45,64
685,178,42,76
651,188,49,87
646,192,63,92
636,184,79,95
633,186,99,99
637,192,100,90
643,196,109,83
649,191,108,93
656,192,111,94
673,283,98,82
672,278,96,87
671,273,99,92
666,256,104,110
667,259,101,104
664,256,105,108
661,256,106,108
657,245,111,123
653,227,113,138
652,213,115,153
649,243,119,137
652,228,112,133
652,221,113,144
652,221,112,144
655,223,114,144
649,219,117,145
650,228,118,145
650,223,116,143
651,228,114,135
653,232,113,131
653,240,111,124
654,243,110,120
656,253,112,109
657,258,116,106
657,257,113,106
658,256,114,108
657,253,113,112
655,260,116,103
659,257,113,106
658,261,112,104
656,261,117,103
659,258,111,107
659,256,111,110
659,255,109,110
659,258,110,107
658,258,111,105
658,260,114,103
656,260,115,103
657,257,114,107
659,249,112,114
659,253,115,111
658,254,113,110
656,249,116,116
660,262,109,99
657,258,112,107
658,254,112,108
657,248,112,116
656,238,110,127
654,235,112,131
651,231,117,136
651,231,115,133
653,233,114,132
655,238,113,126
655,256,116,108
658,258,114,105
656,254,115,110
657,255,114,109
658,252,113,114
658,249,114,115
657,242,113,124
654,258,119,109
658,258,113,106
657,256,114,109
659,258,113,103
655,260,118,105
658,262,113,100
657,259,114,103
659,253,112,111
658,251,111,114
659,255,111,108
659,253,111,111
659,254,111,109
659,257,112,105
659,255,111,107
660,259,107,104
659,257,108,110
660,255,108,108
660,253,107,111
659,252,108,111
659,254,108,109
659,259,107,104
659,255,109,108
661,256,105,107
660,257,109,107
662,253,106,112
663,254,107,110
662,254,107,111
663,250,104,114
663,251,106,114
663,249,104,115
663,248,102,114
663,249,104,116
664,249,103,114
662,249,106,117
665,251,102,113
662,250,107,114
662,252,106,111
663,247,104,118
666,248,102,115
665,249,103,113
666,248,101,116
664,247,102,117
664,248,104,116
666,247,100,118
663,244,102,120
659,242,108,122
656,232,110,135
658,263,111,111
658,267,108,97
660,267,108,97
658,268,108,96
659,267,108,97
659,268,105,97
660,267,106,97
658,269,107,96
660,267,106,99
657,266,109,101
659,267,105,97
658,268,108,96
658,268,109,96
658,267,107,97
659,268,108,95
658,267,108,97
659,267,105,97
660,268,106,97
658,267,108,98
659,266,108,100
659,267,106,98
659,267,108,98
661,267,105,97
659,267,106,96
662,266,105,98
659,266,106,99
664,267,102,97
662,269,103,97
666,275,102,89
667,279,95,85
670,281,97,84
673,284,96,80
675,281,92,84
674,273,96,96
672,243,96,121
674,238,99,130
672,233,100,135
668,225,104,143
661,219,109,150
657,217,112,151
655,197,115,171
647,192,124,180
635,180,136,192
612,188,162,179
616,190,155,176
609,191,161,175
609,191,163,175
610,190,160,178
610,188,162,178
610,191,161,174
603,190,169,173
605,189,166,174
609,189,164,176
600,187,171,176
599,186,171,178
604,184,165,180
593,185,176,179
601,183,167,183
603,189,167,176
608,179,163,188
600,181,170,184
594,186,175,177
598,175,171,191
599,182,170,182
603,177,166,187
592,182,179,172
587,163,182,194
594,150,175,206
603,132,164,232
598,130,168,232
608,124,163,241
619,116,150,250
630,97,136,271
631,85,136,278
637,65,128,298
635,41,132,318
638,20,127,337
651,29,113,334
649,10,118,345
643,14,119,341
643,1,125,349
635,13,130,342
629,-4,132,361
622,0,138,364
619,-5,141,365
603,-1,160,363
551,-2,208,384
536,0,220,394
548,2,197,353
550,-4,188,365
548,-1,184,380
550,0,165,359
549,-4,161,368
547,-5,154,368
526,-4,164,368
530,-3,147,369
530,0,146,372
524,-3,143,380
523,-4,139,393
513,-9,142,389
511,-4,140,385
503,-4,144,377
501,-2,141,375
503,0,135,362
511,-5,119,395
505,-3,123,371
514,-1,109,388
509,-3,111,375
506,-5,113,382
507,-5,106,368
506,-2,104,379
500,-8,110,373
505,-1,103,353
496,0,116,348
496,-5,113,350
497,-3,109,347
492,-1,111,345
488,0,120,338
490,0,111,342
487,0,111,339
487,3,109,332
481,4,113,332
477,-1,114,336
476,10,113,322
471,13,118,321
471,6,115,325
468,9,111,324
464,3,106,325
464,3,100,325
462,5,100,318
457,4,103,316
457,6,98,313
461,8,95,312
456,1,95,311
451,2,99,314
457,2,88,313
456,0,85,313
456,0,84,312
461,2,81,319
454,-3,85,314
462,5,78,316
460,-1,76,317
463,0,79,313
451,3,91,314
454,-3,89,316
454,0,88,301
450,0,95,296
449,2,96,290
453,0,93,292
450,0,95,289
450,3,93,285
450,5,95,276
450,5,87,280
448,6,93,274
447,6,92,276
446,8,90,273
442,11,90,267
441,12,88,265
436,13,88,254
440,10,87,256
440,8,85,254
439,7,87,254
439,10,82,249
338,34,117,243
357,14,138,265
354,12,142,297
360,8,149,324
364,1,147,372
378,0,135,389
386,0,136,383
400,1,128,392
421,-1,115,394
436,0,107,406
442,0,123,392
440,0,126,393
445,4,134,390
447,3,155,388
449,5,178,391
453,12,196,390
466,-1,198,409
502,-1,166,407
527,3,140,402
561,2,105,402
573,0,111,405
582,1,108,406
596,-2,106,404
606,1,103,390
609,1,116,376
619,11,115,354
597,11,152,363
567,16,187,354
569,18,196,389
542,26,217,389
556,33,199,372
552,33,200,375
554,40,187,373
552,51,190,353
556,42,132,369
568,42,174,354
558,40,181,370
563,24,141,392
578,16,181,395
566,24,125,397
594,27,156,387
563,24,167,404
557,31,129,389
580,16,171,393
559,15,142,402
618,7,151,376
608,7,162,335
646,-3,124,351
583,14,174,330
599,0,163,339
631,-2,123,351
572,3,168,360
587,6,165,345
596,-4,159,366
589,-4,149,387
572,3,162,396
565,-1,171,391
553,0,166,403
554,5,162,382
538,3,167,391
531,3,166,390
506,9,177,379
456,4,215,395
457,14,202,393
457,2,188,401
449,1,186,409
441,2,189,416
437,2,197,411
440,0,175,407
431,9,168,402
414,-2,200,411
397,3,245,386
388,3,261,399
390,12,277,355
381,-3,290,399
360,8,332,360
355,10,360,356
370,2,348,380
484,-3,274,353
509,-2,203,346
511,-3,165,349
524,-3,132,353
526,5,125,347
528,-1,120,352
528,2,124,348
523,-5,133,353
522,0,136,353
523,6,126,348
528,0,127,353
529,-3,117,363
528,0,124,357
526,0,124,359
525,-7,126,370
528,-2,128,362
526,-5,126,367
529,-11,121,382
529,-8,120,379
529,-11,119,383
525,-5,131,374
521,-10,132,390
519,-8,130,383
515,-6,135,380
515,-5,131,384
506,-7,139,380
504,-1,138,371
500,-5,142,379
499,-4,138,381
494,-7,135,385
489,-2,137,373
489,-4,134,381
486,-8,132,381
489,-3,128,376
482,0,129,378
479,-2,130,374
479,2,121,376
477,-5,120,387
476,-3,118,386
467,-3,129,381
464,-4,130,384
464,0,127,382
461,-5,126,379
459,0,121,380
455,-2,125,382
448,0,127,369
449,-1,118,379
447,-2,115,367
442,0,113,372
445,-3,110,365
447,-4,99,367
445,-4,99,372
442,-2,97,373
441,-3,96,372
437,-2,94,377
437,-2,89,371
430,-4,96,380
430,-6,98,378
428,2,98,363
421,-2,109,370
417,4,113,363
411,0,106,370
406,-6,115,383
406,2,103,375
403,-2,106,382
403,-5,98,385
392,-1,102,388
374,3,118,386
367,0,118,386
361,1,122,381
363,-4,111,387
357,-5,109,390
352,-3,106,393
348,-7,106,392
347,-1,103,385
335,-1,112,389
331,-4,113,393
318,-4,124,391
308,-5,132,393
298,-1,132,393
289,0,141,391
283,0,153,388
280,1,155,383
275,-3,142,390
268,-11,133,402
258,-4,138,400
254,-9,134,406
251,-11,127,420
238,-7,137,411
228,-6,142,403
210,-6,161,388
214,-4,140,413
207,-9,136,419
198,-6,141,421
187,-4,142,419
183,1,133,417
173,-5,136,422
165,-4,136,429
159,-12,132,430
152,-5,127,416
138,-5,126,422
127,-4,137,417
117,-2,141,420
111,2,143,431
99,0,152,425
93,0,158,422
74,2,171,426
43,4,200,424
24,10,209,417
16,5,212,416
10,8,206,415
0,12,211,414
5,14,210,407
-2,23,213,407
8,26,197,409
8,19,187,413
6,17,190,412
6,30,185,402
5,31,179,394
6,25,174,404
1,23,177,402
1,18,174,413
0,13,175,419
-2,11,172,418
0,0,167,433
0,-6,171,439
-1,3,177,427
0,5,173,427
0,0,176,428
1,4,175,427
1,-3,189,435
11,-7,185,434
20,1,175,428
27,-4,175,431
30,-1,179,424
54,1,154,428
69,-5,135,438
76,-4,140,432
79,-6,150,428
104,5,130,417
115,3,127,426
124,4,133,427
132,7,136,425
144,3,130,423
147,6,135,416
157,2,125,414
165,3,137,408
176,6,159,421
184,7,166,409
194,2,170,421
212,3,155,422
228,2,147,425
240,-5,142,427
