338,324,182,180
339,318,192,192
338,316,184,196
342,312,175,194
343,316,182,178
335,310,187,186
339,313,179,184
340,307,175,180
338,308,175,177
338,301,172,177
340,300,173,180
331,303,180,163
335,296,175,176
341,293,165,175
332,291,161,176
340,288,156,172
337,284,164,177
332,288,171,165
329,291,174,160
319,288,177,163
321,289,182,163
310,289,172,157
310,288,189,155
296,293,181,156
302,293,182,157
293,293,194,155
292,292,202,157
284,284,198,155
279,290,211,156
280,288,209,155
272,289,215,158
274,289,215,151
266,289,226,157
270,282,227,168
257,287,224,164
261,285,230,161
258,282,235,167
256,286,230,169
255,285,228,165
256,284,236,166
245,293,233,157
255,290,241,151
254,285,238,160
252,284,241,158
254,291,233,159
248,285,236,156
254,288,227,157
251,291,231,151
263,295,220,149
258,288,223,158
254,290,217,149
256,290,229,145
250,283,216,149
263,288,220,148
251,285,218,146
255,284,216,149
255,280,214,147
257,292,208,135
258,290,203,133
256,290,210,135
253,287,206,135
252,291,211,132
252,288,202,130
256,287,205,125
244,290,213,130
252,285,216,131
250,290,212,132
251,287,217,129
259,281,215,130
251,289,220,130
252,283,226,126
250,287,222,129
254,284,230,122
256,283,222,130
256,284,223,122
257,282,233,129
266,280,223,127
266,283,214,124
262,283,226,126
263,279,223,125
277,284,211,130
266,273,221,133
273,280,216,130
274,279,218,127
272,280,217,126
274,278,217,128
277,283,219,127
278,281,211,125
281,277,218,130
280,279,209,120
287,279,206,124
286,283,202,124
293,275,205,128
292,283,201,125
304,274,188,137
299,278,195,125
299,270,192,139
308,275,184,126
311,278,180,127
316,272,176,131
320,277,168,126
322,275,169,128
331,270,161,136
327,274,154,129
330,272,153,130
330,270,154,129
330,270,154,135
329,276,158,130
331,280,165,122
329,278,162,128
332,280,170,119
326,278,170,125
330,284,179,121
326,278,179,117
326,276,184,123
325,279,191,126
324,283,189,117
332,282,197,120
321,274,200,129
325,285,202,118
327,279,202,121
326,286,203,115
325,283,214,115
325,280,223,125
329,283,213,125
329,280,215,127
329,284,211,121
333,279,218,123
327,281,217,122
330,286,222,122
335,282,223,127
334,283,221,124
337,284,228,125
334,282,226,124
339,284,220,122
343,286,220,125
340,279,219,131
340,289,223,120
346,282,220,129
345,289,222,127
349,286,214,124
351,284,216,126
351,288,213,122
357,283,210,128
358,286,206,127
358,285,211,124
355,291,207,122
363,289,207,121
356,291,204,122
358,286,208,121
346,292,208,125
349,284,215,125
344,289,215,129
346,292,214,122
348,290,214,126
343,287,216,131
338,289,226,126
337,290,221,126
340,290,223,127
337,293,230,131
331,291,224,130
336,293,228,126
333,294,240,130
337,294,233,130
328,289,237,142
322,291,239,139
326,290,238,143
327,289,235,139
324,287,236,149
322,284,237,152
328,290,231,149
323,288,227,147
328,284,232,161
321,287,224,150
334,288,224,154
326,288,225,154
335,288,222,157
332,290,213,155
324,288,216,159
322,286,203,154
333,282,207,169
323,282,206,164
337,286,198,164
330,285,195,163
331,289,193,159
327,288,190,171
331,290,195,153
332,295,192,151
330,294,182,164
337,285,179,155
330,290,181,155
324,288,188,159
320,293,186,157
316,281,186,167
316,281,179,167
313,280,183,170
308,277,163,172
319,277,173,157
314,279,167,161
314,277,172,150
308,275,171,159
307,273,182,154
310,270,178,156
311,268,178,152
305,264,185,157
303,262,191,157
306,264,192,144
308,267,193,143
313,262,188,144
315,261,190,145
316,259,184,142
314,260,189,139
324,254,182,146
321,250,180,137
322,251,179,142
333,251,164,137
341,252,174,136
348,244,157,138
360,248,151,134
356,246,146,133
363,243,146,132
369,242,142,134
374,237,145,138
376,238,131,136
371,235,132,134
372,235,139,135
371,234,140,132
368,231,135,134
369,231,136,132
365,226,134,131
367,231,138,127
364,227,133,128
369,226,142,127
364,224,141,130
370,223,134,127
370,219,137,131
368,220,135,127
369,222,133,119
376,218,129,121
382,215,134,121
383,217,130,118
386,216,124,120
386,215,124,114
388,212,123,119
385,212,121,116
386,212,123,118
387,209,124,119
380,210,129,115
374,203,127,116
379,203,125,116
375,205,129,111
377,210,131,107
371,201,130,109
369,205,137,107
364,199,147,114
363,200,150,112
362,203,150,105
364,198,153,108
364,199,153,109
367,198,152,105
362,197,159,107
364,193,162,110
367,191,160,108
368,190,160,109
366,192,166,105
373,192,160,104
366,192,168,101
372,192,163,102
370,190,164,101
372,191,164,97
367,190,170,99
368,190,166,98
364,192,169,95
366,188,167,98
366,190,168,96
361,191,167,96
370,194,162,89
363,192,168,93
371,191,167,95
368,187,164,97
372,189,166,97
374,186,169,101
375,190,167,94
382,189,168,93
382,189,170,91
386,185,171,99
394,187,167,96
395,186,170,93
397,187,170,92
401,184,169,95
409,182,164,95
413,189,167,88
418,186,162,88
422,186,164,89
425,185,165,91
428,183,164,91
433,182,166,92
436,182,168,93
441,183,161,88
445,184,160,87
449,184,160,86
449,183,161,88
452,183,161,85
451,183,158,88
455,182,154,86
455,180,158,90
457,181,152,87
459,182,153,85
458,180,156,89
457,181,157,87
460,180,157,91
459,180,159,91
459,181,157,85
459,183,161,84
463,179,162,88
462,180,160,87
462,180,163,85
461,180,161,87
464,181,161,88
464,178,152,91
468,181,148,87
466,179,149,89
466,181,153,85
465,178,149,88
466,182,152,86
466,180,156,87
467,180,160,86
470,178,156,89
470,179,157,87
467,181,161,84
473,181,164,84
469,181,160,83
471,183,159,81
476,179,159,85
473,181,160,84
474,182,159,84
473,177,155,88
475,180,155,84
476,179,153,85
475,180,156,84
475,180,157,84
473,181,159,84
476,179,158,86
475,179,157,86
477,177,155,86
482,179,155,83
477,180,158,83
488,179,150,84
485,179,148,83
489,181,144,81
489,182,146,81
491,179,143,85
489,180,142,81
491,179,141,82
487,178,141,84
490,179,142,82
490,178,141,82
488,179,141,84
491,179,140,83
488,177,145,83
493,181,141,81
491,179,140,81
489,180,146,83
494,180,146,81
492,182,146,78
501,181,135,78
505,182,130,78
509,182,125,78
510,181,124,82
513,181,122,80
519,181,118,78
523,182,108,77
524,179,107,80
529,182,103,78
531,182,99,80
537,183,94,77
537,183,93,76
540,181,92,77
539,184,88,74
539,182,94,75
541,181,89,75
541,182,89,77
544,183,85,75
548,181,84,77
546,181,81,78
549,182,81,77
548,181,78,77
550,181,78,78
549,181,82,78
550,180,79,80
550,181,78,74
551,182,79,75
553,182,77,73
553,180,78,74
556,182,77,72
561,182,71,73
565,181,66,72
567,180,66,75
567,181,61,72
570,182,61,72
572,180,57,76
572,181,58,74
573,182,57,71
575,181,54,72
577,182,53,73
580,182,48,73
581,181,47,72
581,181,48,74
584,181,44,73
584,181,44,73
584,183,43,74
583,180,46,72
584,181,43,74
584,182,43,73
583,180,44,76
585,179,42,77
586,180,43,77
588,178,42,78
589,180,37,76
590,179,39,79
592,178,39,82
593,178,41,81
593,176,39,87
594,177,36,82
594,176,34,83
594,178,34,83
594,175,33,85
594,177,35,81
593,177,38,83
594,177,38,80
593,176,37,81
593,177,35,76
593,177,35,75
595,181,33,71
597,184,30,66
599,184,28,65
600,186,27,65
600,186,27,65
600,186,27,65
600,186,27,65
600,186,27,65
600,186,27,65
600,186,27,65
600,186,27,65
600,186,27,65
600,186,27,65
600,186,27,65
600,186,27,65
600,186,27,65
600,186,27,65
600,186,27,65
600,186,27,65
600,186,27,65
600,186,27,65
600,186,27,65
600,186,27,65
600,186,27,65
600,186,27,65
600,186,27,65
600,186,27,65
600,186,27,65
600,186,27,65
600,186,27,65
600,186,27,65
600,186,27,65
600,186,27,65
600,186,27,65
600,186,27,65
600,186,27,65
600,186,27,65
600,186,27,65
600,186,27,65
600,186,27,65
600,186,27,65
600,186,27,65
600,186,27,65
600,186,27,65
600,186,27,65
600,186,27,65
600,186,27,65
600,186,27,65
600,186,27,65
600,186,27,65
600,186,27,65
600,186,27,65
600,186,27,65
600,186,27,65
600,186,27,65
600,186,27,65
600,186,27,65
600,186,27,65
600,186,27,65
600,186,27,65
600,186,27,65
600,186,27,65
600,186,27,65
600,186,27,65
600,186,27,65
600,186,27,65
600,186,27,65
600,186,27,65
600,186,27,65
600,186,27,65
600,186,27,65
600,186,27,65
600,186,27,65
600,186,27,65
600,186,27,65
600,186,27,65
600,186,27,65
600,186,27,65
600,186,27,65
600,186,27,65
600,186,27,65
600,186,27,65
600,186,27,65
600,186,27,65
600,186,27,65
600,186,27,65
600,186,27,65
600,186,27,65
600,186,27,65
600,186,27,65
600,186,27,65
600,186,27,65
600,186,27,65
600,186,27,65
600,186,27,65
600,186,27,65
600,186,27,65
600,186,27,65
600,186,27,65
600,186,27,65
600,186,27,65
600,186,27,65
600,186,27,65
600,186,27,65
600,186,27,65
600,186,27,65
600,186,27,65
600,186,27,65
600,186,27,65
600,186,27,65
600,186,27,65
600,186,27,65
600,186,27,65
600,186,27,65
600,186,27,65
600,186,27,65
600,184,26,67
601,182,26,69
599,178,28,72
597,177,29,72
596,177,32,73
595,176,34,74
594,177,35,74
594,176,34,75
594,176,33,75
594,175,33,75
592,176,35,75
588,176,42,73
583,174,44,73
579,175,50,70
575,175,53,70
574,175,53,72
573,174,56,70
573,176,51,70
572,177,53,66
571,176,54,68
567,175,57,70
567,175,59,70
563,174,63,71
560,176,66,69
555,175,72,69
551,175,78,70
547,176,83,70
543,176,83,70
540,175,89,72
536,175,97,73
530,173,99,73
530,174,102,75
524,172,109,80
520,174,110,76
515,173,117,77
513,173,122,77
509,176,124,72
504,174,124,74
502,175,127,76
499,173,131,76
494,172,136,77
489,172,143,76
486,170,142,76
483,171,141,75
479,171,141,75
476,169,137,76
472,174,137,74
470,171,127,75
464,172,128,75
462,173,132,75
456,172,131,72
455,174,131,72
451,174,131,73
446,173,133,74
441,171,131,78
435,172,135,77
432,174,137,76
430,174,134,78
428,172,133,79
419,173,136,78
416,174,138,78
410,172,143,82
409,176,144,78
409,173,136,81
401,177,141,79
398,177,144,77
395,173,143,82
395,173,142,80
392,178,149,80
392,176,146,80
389,175,147,80
387,173,149,85
390,174,150,84
389,176,146,86
392,177,147,86
386,172,151,86
389,172,151,87
392,174,148,85
393,173,152,89
395,173,151,86
394,173,151,86
395,170,153,86
397,173,155,87
400,173,157,87
401,174,156,85
403,171,160,87
411,170,156,87
411,172,158,84
418,172,151,82
422,169,152,85
425,170,152,84
425,168,152,85
428,172,157,78
430,172,159,81
433,172,159,78
437,169,154,82
441,168,153,83
444,166,149,86
445,172,145,77
449,166,144,82
445,169,145,82
449,167,144,82
451,171,141,77
453,165,137,84
455,165,135,86
453,167,132,84
454,165,133,89
451,167,134,90
446,167,136,90
444,166,140,92
441,175,134,82
438,171,138,90
437,173,133,84
436,171,140,90
437,171,134,90
434,173,141,88
436,173,136,85
435,173,139,88
438,172,134,95
438,172,133,91
442,175,129,87
442,171,130,91
441,170,128,91
446,169,128,93
447,169,120,91
450,172,122,90
451,172,121,91
450,171,117,93
449,173,121,87
454,174,114,90
449,169,117,90
454,171,118,89
449,169,123,90
452,168,121,91
448,166,119,92
458,165,116,96
458,166,108,91
470,167,102,92
464,165,102,94
468,164,105,94
466,163,102,93
471,163,97,90
470,162,98,91
470,161,102,89
470,161,105,91
473,162,98,84
476,160,100,86
479,161,103,84
476,161,107,83
474,157,109,88
476,158,111,86
476,158,112,84
474,158,114,84
472,155,119,85
471,154,116,86
469,154,118,84
469,154,119,83
465,152,118,84
468,152,118,85
464,153,117,78
464,152,118,83
462,151,120,80
458,149,119,85
460,151,118,78
458,148,116,83
458,147,115,83
457,148,114,81
458,148,109,78
457,144,113,83
454,146,111,78
450,146,112,79
452,145,114,78
449,143,113,79
451,142,110,80
449,141,108,80
447,141,110,78
446,143,110,74
447,140,110,79
442,140,112,78
442,144,112,69
442,141,114,73
444,140,111,74
438,143,115,69
434,141,117,71
435,142,114,67
433,137,116,75
433,136,120,77
430,139,118,70
427,136,119,75
427,138,116,69
426,136,120,70
422,138,120,67
422,135,118,69
420,135,117,70
419,135,115,68
417,133,113,71
414,131,114,72
416,135,108,66
414,130,109,70
412,130,114,70
414,129,108,71
411,127,109,74
413,127,109,68
409,129,104,72
412,128,101,66
409,128,96,69
411,128,91,69
409,126,91,70
407,126,92,71
411,125,84,68
410,126,82,70
409,125,85,66
411,124,80,70
409,124,83,72
408,121,86,72
410,121,83,70
409,121,82,72
409,122,82,63
409,122,79,67
407,121,80,68
408,119,80,67
405,119,82,69
407,117,81,69
405,117,84,70
407,116,80,66
404,116,78,71
404,115,80,70
403,115,82,69
405,115,80,65
404,116,77,66
403,114,78,67
405,114,78,65
403,114,77,67
404,114,76,63
402,114,76,64
405,114,75,64
402,113,74,64
405,113,75,62
401,113,75,63
403,111,75,63
402,112,74,62
400,108,76,67
401,109,76,65
400,109,74,62
401,107,76,63
400,107,74,65
401,109,73,61
399,108,73,59
401,109,72,61
400,109,71,58
397,109,70,58
394,110,70,54
396,110,72,56
396,108,72,56
395,108,74,58
398,106,70,58
399,104,69,59
396,105,69,59
403,105,68,57
399,106,71,55
401,105,71,56
402,103,70,57
402,103,71,56
404,102,71,57
402,102,69,59
403,102,71,57
400,102,71,59
402,103,70,53
400,101,73,57
400,103,74,55
397,103,73,58
398,102,72,56
393,102,73,57
396,103,74,55
388,106,76,51
389,102,78,55
387,105,79,50
385,106,83,53
386,104,82,53
384,103,84,54
385,104,85,53
386,104,85,55
386,104,88,54
386,104,89,52
388,103,89,55
387,102,89,55
388,101,90,55
389,101,90,53
389,99,90,55
392,100,90,53
392,99,89,54
392,97,92,56
396,99,90,51
398,99,89,52
398,98,88,54
401,100,88,50
406,98,81,52
409,99,83,50
407,97,81,51
411,97,77,52
412,97,78,52
413,96,79,53
414,97,76,50
416,95,77,52
416,95,76,53
416,96,77,50
418,93,74,54
421,93,76,54
423,92,70,56
425,91,68,53
428,91,66,53
432,92,63,52
432,91,63,53
436,91,62,51
434,91,62,50
434,89,65,52
436,88,63,53
434,88,65,53
434,88,66,52
433,87,68,54
433,87,63,55
435,88,63,52
433,87,64,52
435,86,63,50
434,86,63,53
431,87,65,50
430,88,61,50
432,87,59,48
432,86,59,51
429,86,62,50
430,86,60,49
431,86,64,50
431,86,62,49
431,84,59,53
432,84,59,50
430,84,60,50
432,84,59,49
432,84,58,49
436,83,61,50
435,82,59,50
437,82,60,49
435,82,60,47
435,82,61,48
433,82,66,50
433,81,68,48
432,81,70,50
432,82,71,45
430,81,73,48
433,84,73,43
432,83,75,45
431,82,79,47
430,84,80,44
431,85,80,43
431,83,81,46
432,83,81,46
431,83,82,47
431,85,82,44
431,85,85,42
431,85,83,42
434,84,80,44
433,86,80,43
432,85,83,42
434,85,84,43
433,85,83,47
435,83,80,46
434,84,82,45
436,84,80,45
436,83,80,47
437,83,78,46
437,84,79,45
437,84,83,45
436,84,80,46
440,84,76,44
441,84,73,43
442,84,75,43
439,85,75,43
442,85,76,41
441,84,74,43
444,85,71,42
444,84,72,44
443,84,73,43
446,84,72,43
445,83,71,44
445,84,72,44
444,83,73,41
443,84,73,41
442,81,75,44
439,83,76,43
441,83,76,41
439,81,78,43
436,83,81,42
437,82,80,45
435,82,81,45
434,82,81,44
435,81,81,46
435,83,81,44
434,83,82,43
434,82,81,45
433,83,82,42
433,83,82,43
431,83,83,43
432,83,83,42
430,84,83,42
433,84,81,42
429,84,80,40
432,84,80,40
430,83,83,45
427,83,86,43
428,85,85,40
427,85,85,42
424,85,85,43
423,84,86,42
422,85,84,44
420,86,81,42
420,87,80,40
419,87,80,41
420,88,78,40
417,87,77,41
418,86,76,42
417,86,73,43
418,86,71,45
417,87,68,41
418,88,67,42
419,86,64,44
419,89,61,42
418,88,60,47
419,89,59,43
419,89,58,44
419,88,57,49
417,89,60,45
419,90,62,45
416,89,63,48
418,90,64,47
417,89,62,49
419,90,61,48
418,91,60,47
418,92,63,47
418,92,61,47
421,92,62,46
419,93,59,45
420,92,60,50
419,92,66,47
419,92,63,48
418,93,65,48
415,94,68,49
417,94,67,50
413,95,65,48
415,94,68,51
415,96,68,47
415,96,68,47
416,97,64,46
415,96,65,52
417,97,63,48
416,98,60,50
415,97,63,49
414,98,65,46
417,98,65,48
411,97,68,52
414,99,68,49
410,100,70,48
410,100,75,50
413,100,73,48
414,101,72,48
413,101,75,49
413,101,76,49
413,101,77,49
416,101,77,51
412,100,81,53
413,101,80,52
417,100,80,53
416,103,77,50
419,104,77,49
418,103,76,50
420,103,78,53
422,104,74,53
421,103,74,55
422,102,75,56
426,104,73,52
426,106,70,49
427,106,70,54
427,107,69,51
428,106,71,56
427,106,69,54
432,107,65,56
427,109,65,52
431,109,66,52
431,109,68,53
430,108,70,57
430,108,65,58
431,110,63,51
430,110,66,57
432,110,65,58
427,110,68,58
426,110,72,57
427,112,74,54
425,112,78,55
424,113,78,55
422,113,82,54
421,114,81,55
423,115,81,52
419,114,85,54
416,114,89,54
413,115,89,52
413,116,92,50
411,116,96,51
409,117,100,51
408,116,99,52
406,118,100,50
407,117,102,53
404,120,104,51
401,117,105,55
402,117,110,55
400,117,107,52
400,117,109,53
402,116,108,54
403,116,110,54
403,117,109,56
406,116,109,54
405,116,106,55
406,115,107,56
406,117,105,54
405,116,101,55
407,116,105,53
403,119,107,56
402,117,109,55
397,116,111,58
394,117,112,55
391,116,111,56
390,118,112,55
384,119,113,54
384,119,111,54
380,117,112,56
378,118,112,56
376,119,110,55
374,118,110,55
376,119,107,53
375,117,109,57
375,119,108,55
375,120,105,54
378,119,102,55
378,121,102,55
380,120,100,53
380,119,97,55
378,120,99,55
379,120,100,54
378,120,102,53
375,120,104,54
372,121,107,54
372,121,103,54
366,121,105,53
362,122,107,53
359,122,107,54
358,121,105,52
355,122,106,53
350,123,109,53
350,123,106,52
348,124,105,53
348,120,107,54
348,123,103,53
348,120,104,52
347,123,106,50
343,122,107,54
346,122,106,55
343,123,105,54
344,122,105,53
346,121,103,54
342,124,105,51
342,123,101,52
340,124,103,53
338,124,101,53
335,123,105,56
331,125,106,52
328,124,107,55
326,123,108,53
325,125,106,54
326,125,108,52
321,125,108,55
323,124,110,52
320,124,110,55
320,125,108,53
315,125,110,55
309,125,113,53
312,125,110,53
313,125,107,54
309,125,109,54
313,125,107,52
314,125,107,52
313,125,106,52
314,124,104,53
317,124,100,53
311,125,104,54
313,125,103,54
317,124,101,52
311,126,105,54
314,125,102,53
313,126,104,53
310,126,105,54
313,126,103,53
314,126,101,53
313,126,102,52
312,126,104,55
314,126,101,55
311,127,104,54
311,125,106,56
309,125,106,55
310,125,106,57
310,126,106,55
311,126,105,52
311,127,104,52
309,126,106,54
307,126,105,54
307,125,107,56
303,127,108,54
308,125,106,53
306,127,107,52
305,126,108,53
306,127,108,52
306,126,108,55
306,125,106,55
307,126,108,53
305,126,107,55
305,126,109,54
304,127,109,54
304,128,108,52
303,127,109,54
304,127,106,52
303,127,105,53
303,127,104,53
306,130,96,49
304,129,97,51
303,128,95,51
303,128,94,52
305,130,91,50
304,126,91,54
306,130,85,49
305,128,85,50
306,128,82,51
304,128,81,51
305,129,76,48
305,127,73,50
305,128,71,49
305,128,70,49
306,128,64,48
306,128,61,48
305,129,61,47
306,128,58,48
305,128,56,48
305,127,56,48
305,128,54,49
305,128,53,48
304,128,54,49
306,128,54,48
303,127,58,51
306,127,56,49
306,127,55,49
305,128,58,48
305,128,59,49
305,127,58,49
304,127,59,50
306,127,55,48
305,127,57,50
305,127,57,49
306,127,58,49
305,126,58,51
303,127,59,50
304,127,59,51
305,127,57,48
305,127,55,49
305,128,56,50
304,127,55,51
304,127,56,50
303,127,54,51
304,127,56,50
303,127,54,51
306,128,53,50
306,129,54,48
303,128,56,51
304,130,56,47
304,129,57,47
305,127,54,48
305,127,50,49
306,128,49,48
306,128,48,48
305,128,48,49
305,127,48,49
306,126,45,50
306,127,44,48
304,127,45,49
306,127,38,50
305,126,36,50
305,126,34,50
305,128,32,47
305,127,28,49
305,128,25,47
305,126,24,48
305,126,23,48
305,126,20,48
304,122,25,49
304,122,25,49
304,122,25,49
304,122,25,49
304,122,25,49
304,122,25,49
304,122,25,49
304,122,25,49
304,122,25,49
304,122,25,49
304,122,25,49
304,122,25,49
304,122,25,49
304,122,25,49
304,122,25,49
304,122,25,49
304,122,25,49
304,122,25,49
304,122,25,49
304,122,25,49
304,122,25,49
304,122,25,49
304,122,25,49
304,122,25,49
304,122,25,49
304,122,25,49
304,122,25,49
304,122,25,49
304,122,25,49
304,122,25,49
304,122,25,49
304,122,25,49
304,122,25,49
304,122,25,49
304,122,25,49
304,122,25,49
304,122,25,49
304,122,25,49
304,122,25,49
304,122,25,49
304,122,25,49
304,122,25,49
304,122,25,49
304,122,25,49
304,122,25,49
304,122,25,49
304,122,25,49
304,122,25,49
304,122,25,49
304,122,25,49
304,122,25,49
304,122,25,49
304,122,25,49
304,122,25,49
304,122,25,49
304,122,25,49
304,122,25,49
304,122,25,49
304,122,25,49
304,122,25,49
304,122,25,49
304,122,25,49
304,122,25,49
304,122,25,49
304,122,25,49
304,122,25,49
304,122,25,49
304,122,25,49
304,122,25,49
304,122,25,49
304,122,25,49
304,122,25,49
304,122,25,49
304,122,25,49
304,122,25,49
304,122,25,49
304,122,25,49
304,122,25,49
304,122,25,49
304,122,25,49
304,122,25,49
304,122,25,49
304,122,25,49
304,122,25,49
304,122,25,49
304,122,25,49
304,122,25,49
304,122,25,49
304,122,25,49
304,122,25,49
304,122,25,49
304,122,25,49
304,122,25,49
304,122,25,49
304,122,25,49
304,122,25,49
304,122,25,49
304,122,25,49
304,122,25,49
304,122,25,49
304,122,25,49
304,122,25,49
304,122,25,49
304,122,25,49
304,122,25,49
304,122,25,49
304,122,25,49
304,122,25,49
304,122,25,49
304,122,25,49
304,122,25,49
304,122,25,49
304,122,25,49
304,122,25,49
304,122,25,49
303,124,23,49
304,129,17,45
305,125,17,51
305,125,20,52
304,127,21,51
305,126,22,52
305,126,24,51
305,128,23,51
305,127,23,50
306,128,25,52
306,127,26,52
305,128,27,51
305,127,27,52
305,128,27,52
305,126,27,52
305,128,27,51
305,129,27,50
305,127,27,53
306,127,26,53
305,126,27,53
306,127,25,53
305,126,27,52
305,127,27,53
305,127,26,52
305,126,27,52
305,127,26,52
305,127,27,53
305,127,26,52
306,128,25,51
306,128,25,52
306,127,25,53
306,127,25,53
306,127,26,53
305,127,29,52
306,128,29,50
306,127,31,50
307,127,34,49
307,126,36,49
306,128,41,47
306,127,44,49
306,127,48,49
305,127,53,49
306,128,55,47
307,131,57,46
309,129,59,48
308,129,61,47
305,128,66,49
305,127,72,50
305,130,75,47
305,126,75,51
307,127,77,50
304,126,82,52
307,129,85,49
303,126,91,52
306,127,92,51
304,126,96,53
306,125,97,53
305,127,100,53
309,126,101,54
309,126,103,57
314,128,101,53
319,128,101,51
317,128,104,52
321,124,105,57
327,124,99,56
329,125,104,56
331,124,103,56
335,126,102,54
339,126,101,53
342,125,102,54
345,126,99,54
349,127,100,54
351,125,100,55
353,125,101,53
351,125,102,55
355,126,102,55
354,125,102,55
359,124,101,54
358,123,98,55
361,125,97,54
360,124,97,56
362,122,100,54
360,125,95,55
364,123,96,57
364,124,98,53
360,123,99,55
363,123,99,54
361,122,98,55
361,123,101,53
359,123,101,53
358,123,104,55
356,123,102,54
355,123,106,54
353,123,109,54
352,124,107,54
348,124,112,54
349,122,110,55
347,123,112,53
349,123,112,54
346,124,112,53
347,124,110,53
344,123,111,54
344,124,112,53
344,124,109,53
346,124,113,51
343,123,111,52
342,123,110,52
341,123,111,52
342,124,107,51
342,125,105,49
345,124,102,51
342,127,105,48
341,125,102,49
341,124,99,51
342,124,101,51
341,124,98,53
343,126,97,51
343,123,99,57
341,125,96,57
342,124,93,55
341,125,90,54
341,125,89,57
342,124,87,57
344,127,83,54
341,126,84,53
344,125,82,55
342,127,81,55
344,127,77,54
341,127,79,52
341,125,80,55
343,126,83,55
340,126,82,57
339,128,84,53
337,127,87,56
336,128,89,55
336,127,89,56
337,129,91,53
336,130,92,54
340,130,91,53
337,130,92,53
342,131,90,54
338,130,95,57
341,130,95,57
342,132,92,54
340,131,97,58
343,132,92,60
344,131,93,63
347,133,86,61
347,133,90,61
352,132,88,63
353,135,87,58
352,134,84,61
356,135,83,58
357,134,84,63
356,136,85,61
357,137,83,58
356,135,85,63
359,138,80,62
359,139,82,59
360,139,84,62
361,138,88,66
356,139,89,65
359,141,90,60
360,140,87,63
357,141,87,65
359,142,92,64
357,142,88,65
359,143,91,61
360,143,89,63
361,142,90,69
361,143,93,67
361,146,90,64
360,144,92,68
361,146,92,67
362,146,96,67
362,147,90,65
364,148,94,65
362,149,94,66
364,147,97,70
360,150,95,65
364,151,96,66
366,151,93,66
367,152,94,65
363,151,97,71
365,151,99,69
367,153,96,69
369,151,99,71
366,154,99,68
367,154,98,69
366,155,100,73
368,157,98,69
367,158,101,68
368,158,97,70
369,156,99,73
374,158,96,70
375,162,95,69
376,161,93,68
373,160,93,70
378,162,91,69
374,161,93,71
376,162,92,71
376,164,93,69
375,163,94,73
374,164,96,73
379,165,95,73
376,167,93,73
378,165,98,71
377,168,97,72
376,169,95,69
376,171,97,68
379,169,97,71
374,170,98,77
379,168,98,73
376,171,100,74
378,169,99,76
378,171,95,80
376,172,100,76
378,177,98,69
377,178,96,73
379,175,103,74
376,176,100,78
374,178,104,79
380,177,104,76
375,180,104,79
379,182,100,78
378,179,103,81
377,183,105,76
377,185,101,77
377,181,106,84
375,183,108,80
378,185,108,79
377,185,106,84
376,187,107,82
376,187,108,86
377,186,109,87
376,189,109,83
377,190,108,87
380,192,110,82
376,192,111,86
374,195,110,86
376,193,110,90
377,193,112,91
375,196,113,89
374,198,115,87
376,199,112,88
378,200,111,86
378,200,114,90
378,201,112,91
377,200,115,90
379,201,114,92
379,202,115,94
376,205,114,92
377,204,116,96
377,206,117,94
376,207,114,97
377,208,117,96
378,210,117,94
376,211,120,96
374,210,120,101
376,211,119,100
380,213,122,99
382,215,117,98
381,217,114,97
383,213,119,103
380,215,125,103
379,218,124,101
383,216,122,106
378,218,124,106
381,218,125,106
378,222,124,105
379,224,128,101
378,225,124,104
378,226,128,108
379,229,130,101
383,229,126,106
380,229,131,110
379,232,133,108
380,235,131,104
379,240,132,99
378,237,126,108
381,239,134,104
378,240,128,108
379,241,134,106
377,244,135,105
380,247,130,104
381,251,136,101
381,257,130,97
383,251,134,104
381,249,135,112
384,247,133,117
382,251,133,115
381,260,136,105
381,256,131,110
385,260,130,108
378,256,135,115
376,264,140,110
378,259,138,118
369,264,136,115
379,270,142,114
371,268,141,119
373,274,136,113
374,274,142,114
370,272,144,119
371,271,143,125
374,274,145,124
370,278,146,125
368,278,147,127
368,280,150,124
367,285,147,125
371,284,155,125
362,286,158,128
363,286,157,134
364,285,161,141
365,288,158,138
364,290,156,132
360,289,160,136
360,300,160,131
360,294,159,135
363,296,155,137
364,303,163,135
357,303,160,138
355,303,162,144
350,310,162,136
355,306,167,146
356,307,167,147
353,312,168,152
358,313,167,150
348,317,169,148
354,318,175,149
355,321,165,145
355,327,167,140
354,328,164,150
352,327,171,155
343,329,179,152
348,336,172,150
343,341,179,151
350,339,170,154
345,341,176,158
336,340,180,158
338,345,180,161
340,349,186,158
337,351,181,165
335,352,180,165
338,358,183,162
338,357,186,163
333,362,190,168
333,361,195,170
329,365,199,168
327,367,203,170
329,367,195,162
324,376,194,151
323,377,205,154
322,382,198,148
323,381,205,151
326,383,201,153
317,387,201,140
319,393,209,138
311,395,215,134
316,401,210,136
308,402,219,139
312,408,214,126
318,412,212,121
314,413,214,119
310,416,221,123
317,422,210,109
310,422,217,114
307,419,220,112
309,431,216,110
310,436,219,106
304,439,221,99
302,444,231,97
305,447,224,95
306,452,225,94
308,452,225,83
301,457,231,77
302,458,229,82
307,465,228,72
299,472,228,72
305,476,231,61
299,480,235,57
302,485,231,54
296,488,232,49
300,492,235,45
303,494,232,44
315,496,227,43
313,499,224,42
320,506,215,47
320,506,215,47
320,506,215,47
320,506,215,47
320,506,215,47
320,506,215,47
320,506,215,47
320,506,215,47
320,506,215,47
320,506,215,47
320,506,215,47
320,506,215,47
320,506,215,47
320,506,215,47
320,506,215,47
320,506,215,47
320,506,215,47
320,506,215,47
320,506,215,47
320,506,215,47
320,506,215,47
320,506,215,47
320,506,215,47
320,506,215,47
320,506,215,47
320,506,215,47
320,506,215,47
320,506,215,47
320,506,215,47
320,506,215,47
320,506,215,47
320,506,215,47
320,506,215,47
320,506,215,47
320,506,215,47
320,506,215,47
320,506,215,47
320,506,215,47
320,506,215,47
320,506,215,47
320,506,215,47
320,506,215,47
320,506,215,47
320,506,215,47
320,506,215,47
320,506,215,47
320,506,215,47
320,506,215,47
320,506,215,47
320,506,215,47
320,506,215,47
320,506,215,47
320,506,215,47
320,506,215,47
320,506,215,47
320,506,215,47
320,506,215,47
320,506,215,47
320,506,215,47
320,506,215,47
320,506,215,47
320,506,215,47
320,506,215,47
320,506,215,47
320,506,215,47
320,506,215,47
320,506,215,47
320,506,215,47
320,506,215,47
320,506,215,47
320,506,215,47
320,506,215,47
