405,80,116,189
413,84,112,173
413,87,108,170
411,89,107,171
408,88,118,171
407,89,129,172
410,85,120,173
410,89,119,170
413,87,110,175
411,92,106,173
414,93,107,166
409,89,116,177
408,86,119,177
412,85,118,179
411,87,107,178
409,91,124,172
411,89,122,175
413,90,118,176
413,91,116,173
415,89,112,175
416,92,118,174
418,92,107,179
415,90,121,172
413,91,118,178
416,89,115,175
411,92,128,168
410,94,117,172
413,94,117,172
416,96,108,175
410,96,114,171
412,92,110,175
411,91,104,176
410,91,110,172
409,94,112,168
406,86,112,173
406,87,119,174
405,91,115,167
403,86,109,173
401,87,115,167
407,87,106,173
402,88,115,174
403,89,118,173
403,88,110,169
403,86,105,171
401,89,107,170
403,86,99,172
405,89,105,169
402,86,107,169
404,88,98,168
407,92,95,162
408,86,94,170
410,89,98,162
410,89,95,166
409,89,103,171
413,85,100,172
416,89,103,165
420,84,99,171
420,85,98,174
430,88,94,171
434,86,88,174
435,84,87,175
433,88,97,174
432,83,100,175
439,84,92,170
438,84,96,171
437,80,96,173
436,86,97,168
438,86,100,167
442,86,95,170
439,84,96,168
442,86,93,168
441,84,93,174
440,83,94,178
439,84,92,172
439,84,95,176
437,84,99,178
436,88,93,167
435,87,96,169
431,88,93,170
426,88,98,169
434,86,88,178
432,89,86,166
434,85,81,171
435,85,78,174
438,85,80,168
439,85,82,175
440,86,83,177
441,86,81,164
442,82,76,168
444,82,81,169
443,82,86,174
442,82,82,165
447,79,78,170
450,82,74,163
453,80,69,160
456,81,67,148
457,76,69,151
455,76,76,152
458,76,70,163
456,76,71,164
452,77,84,176
452,75,88,163
453,75,78,163
453,75,78,159
453,73,75,166
452,73,77,167
452,75,82,170
450,76,89,179
451,73,85,171
451,72,83,176
454,79,87,168
453,73,83,167
452,74,82,169
452,76,90,172
452,74,86,175
452,74,86,162
451,73,91,179
451,75,87,171
457,73,84,173
455,72,84,169
456,71,85,181
457,70,81,178
459,74,83,172
458,75,87,163
459,70,84,170
461,72,84,174
459,73,86,171
459,72,82,175
461,73,83,179
459,76,81,164
462,77,76,165
461,76,79,171
457,78,81,158
459,75,78,163
456,75,82,164
458,76,78,168
461,76,72,156
461,76,76,162
461,80,80,155
459,78,81,150
461,77,82,163
464,73,81,163
465,74,75,162
464,76,76,164
464,76,75,161
461,75,79,161
463,72,78,159
462,73,76,164
461,75,78,159
460,73,77,151
461,71,77,166
462,71,79,158
462,70,78,162
461,73,76,176
461,75,77,173
457,75,82,179
454,75,81,182
453,79,80,168
453,70,81,180
452,73,79,171
452,73,79,182
453,76,76,178
451,76,77,166
448,78,75,152
447,75,76,159
447,75,78,159
448,75,77,172
449,76,80,182
450,77,74,174
448,78,79,166
452,77,73,172
448,75,77,184
448,72,78,166
449,78,79,152
449,73,81,156
447,74,81,153
448,72,79,159
446,74,83,151
445,79,79,141
444,76,84,151
444,80,84,147
442,76,87,154
446,72,77,152
442,76,84,146
436,78,87,155
437,73,86,153
436,76,86,146
434,77,86,144
433,78,83,140
436,80,78,141
430,79,85,140
429,80,88,141
428,80,86,132
430,80,88,145
428,78,87,142
428,80,84,136
427,82,88,136
426,81,88,127
424,80,91,139
423,83,93,138
425,81,91,145
423,85,92,131
417,84,93,122
419,87,93,121
418,88,87,128
419,90,91,136
415,91,92,125
412,90,98,135
411,92,95,126
412,94,93,128
417,92,83,116
408,95,99,121
411,93,103,119
410,97,101,116
406,93,104,131
410,94,96,132
412,94,98,133
408,96,96,129
406,97,115,137
404,96,138,164
400,97,132,158
400,99,119,151
400,97,132,162
397,97,124,150
396,99,123,150
396,101,144,157
395,102,123,147
394,100,108,146
392,103,112,146
391,105,106,146
388,104,110,152
392,106,107,152
388,105,119,154
388,105,133,155
384,105,136,149
388,109,124,146
386,100,116,152
388,106,118,149
387,106,125,150
388,107,143,152
386,107,135,145
388,105,117,152
385,104,116,157
382,103,130,158
382,105,133,160
384,101,122,156
385,107,127,151
386,104,142,160
386,104,129,152
385,106,125,157
386,107,145,156
387,106,146,152
383,107,133,144
386,108,138,148
385,105,124,157
384,109,132,147
385,105,150,157
382,103,141,158
383,106,124,152
382,109,130,153
379,109,133,152
377,111,135,150
376,110,140,148
376,114,140,145
376,111,141,145
373,111,134,153
374,114,165,146
370,113,162,150
372,117,157,143
371,117,145,142
369,116,140,142
365,120,146,137
365,120,140,134
359,117,158,144
358,122,169,138
354,124,167,137
352,124,171,137
352,120,178,141
349,125,171,143
348,112,173,151
348,121,175,147
348,129,181,136
351,125,180,141
351,118,171,145
349,115,173,154
352,116,166,147
350,123,178,142
348,123,172,144
349,118,156,144
350,121,163,140
346,126,182,132
343,124,177,139
347,125,178,137
347,128,172,136
343,121,168,142
341,132,173,133
343,125,166,140
342,135,179,128
340,127,161,130
340,132,169,130
339,135,181,129
337,129,173,134
339,130,174,133
335,141,175,123
338,135,176,128
335,139,180,124
334,141,178,122
333,141,183,123
333,139,181,126
334,146,175,119
334,145,178,119
329,152,181,109
331,151,170,113
330,150,184,117
328,154,180,116
325,159,181,109
324,161,182,102
326,160,179,104
323,156,190,116
323,162,187,113
324,161,192,110
323,157,182,116
325,161,186,114
325,165,192,110
323,164,192,106
328,164,179,101
326,165,180,104
325,163,182,111
331,156,176,116
327,160,177,113
326,162,183,116
328,164,181,110
329,168,176,106
328,171,174,101
333,169,178,108
329,169,179,107
328,172,182,105
330,169,177,108
331,172,182,110
326,174,185,104
329,171,179,111
329,174,182,108
328,174,178,110
330,173,175,112
329,174,179,110
331,173,174,115
336,178,179,126
332,176,183,131
332,179,181,121
334,180,184,122
332,180,188,127
334,183,183,125
334,184,184,128
332,187,176,112
334,183,185,123
339,182,181,131
333,183,184,132
334,189,188,122
331,193,184,119
334,196,183,115
331,199,184,112
335,196,181,117
335,196,183,122
335,202,185,110
334,193,186,122
334,193,182,122
332,196,184,120
332,203,181,106
333,199,183,118
330,205,186,108
333,205,173,107
332,208,184,109
334,209,180,104
335,211,178,104
334,219,181,95
337,216,166,103
339,219,168,98
339,215,156,101
343,212,149,106
344,210,126,104
349,216,105,103
350,221,110,98
354,219,96,98
353,222,95,95
354,222,101,95
355,227,98,94
354,235,97,83
357,226,98,95
355,234,102,86
355,236,98,85
359,230,101,96
354,237,109,84
356,236,100,84
359,227,105,93
354,231,116,88
358,235,107,88
358,243,105,78
356,252,113,68
359,246,107,75
358,249,110,72
357,255,117,65
357,258,122,66
363,239,123,83
363,244,121,77
362,237,139,86
359,249,140,74
360,255,114,66
362,259,114,59
361,257,119,65
364,259,110,62
367,263,106,59
364,256,109,65
366,257,113,64
363,257,117,66
365,256,113,66
363,254,119,66
364,258,125,67
376,258,137,63
368,258,147,64
368,260,149,64
368,257,152,63
370,263,146,62
369,260,148,62
365,262,153,61
366,264,152,61
365,264,149,60
367,261,148,61
370,266,147,61
366,262,153,61
367,262,149,60
367,267,152,54
365,263,151,58
367,263,144,59
369,264,143,58
368,267,149,59
367,263,147,58
367,266,144,56
366,268,148,54
364,262,146,61
367,265,146,60
366,264,148,62
363,268,152,59
365,274,146,52
378,259,141,63
388,260,125,62
387,259,131,60
373,259,139,62
377,262,140,59
381,260,135,60
384,261,132,58
390,264,128,56
393,263,121,59
399,259,116,61
391,262,124,61
399,260,115,60
401,262,119,59
397,262,120,58
395,262,119,61
404,261,113,60
404,260,111,63
397,257,119,64
403,259,115,61
408,259,108,63
408,261,104,59
411,259,101,62
411,259,102,63
410,260,106,63
407,258,110,64
404,262,111,58
394,259,121,62
396,259,117,62
400,258,111,61
405,258,107,62
407,259,107,63
406,258,106,62
408,262,107,60
412,260,103,63
412,256,102,64
414,260,102,62
408,260,107,62
409,259,104,64
408,259,107,63
400,259,115,66
400,257,112,65
399,260,113,65
400,257,112,66
404,258,110,63
401,258,113,64
404,259,109,63
404,257,109,65
409,259,105,65
410,257,104,65
412,259,101,61
414,260,100,64
406,257,106,67
419,259,93,63
432,259,84,63
424,261,88,61
437,260,75,61
445,259,67,60
447,259,65,61
450,259,61,61
450,261,64,59
451,260,62,59
445,258,68,62
449,261,64,63
440,258,72,61
447,259,65,62
440,259,73,60
441,261,71,60
422,260,90,61
430,258,84,62
439,259,75,60
443,257,69,63
445,258,67,61
450,260,62,59
457,258,55,59
459,260,55,59
456,257,56,63
451,259,61,59
456,259,57,62
461,260,50,63
451,259,60,60
443,258,68,62
446,261,66,60
443,260,69,61
444,260,67,62
445,258,65,64
448,259,62,63
448,259,63,62
443,258,69,63
447,257,64,63
443,260,68,62
445,260,66,61
438,258,73,62
445,259,65,61
445,260,66,60
447,259,64,61
444,260,67,62
437,259,73,62
433,259,78,61
437,259,74,63
431,259,79,62
432,260,80,63
442,261,68,61
433,258,77,62
446,258,63,61
445,260,64,63
442,259,68,61
443,260,67,62
445,260,67,60
447,260,63,61
445,258,65,63
446,259,65,62
439,257,72,62
447,260,62,63
442,259,68,63
444,259,67,62
442,261,68,61
445,258,65,63
442,260,69,61
442,261,70,60
444,258,66,62
444,260,66,62
446,259,67,61
442,259,67,61
443,257,65,63
441,260,68,60
445,260,66,61
438,259,71,62
448,259,63,61
443,260,67,60
443,260,69,61
446,259,64,61
441,259,68,62
448,260,64,60
448,259,65,61
448,259,65,61
449,260,63,60
450,260,61,62
462,265,54,57
463,260,52,61
465,262,47,62
468,259,44,63
465,261,48,61
464,261,47,61
463,260,49,60
464,258,41,62
464,261,46,59
450,259,41,63
462,260,44,60
464,259,43,61
465,259,40,60
460,257,48,60
470,257,40,60
470,257,32,59
474,254,29,56
472,257,26,52
472,257,26,52
471,258,25,48
471,258,25,48
469,259,27,44
469,259,27,44
466,254,25,45
469,255,26,42
463,255,32,42
464,254,24,41
470,256,23,38
476,251,18,43
462,259,22,38
460,260,27,33
462,259,27,33
463,260,26,30
464,259,27,29
462,257,28,31
463,257,23,28
466,259,23,25
469,249,26,32
474,250,19,33
474,238,21,38
467,246,24,34
468,242,24,36
466,239,28,35
467,243,23,31
468,240,24,32
473,238,21,32
467,239,24,31
467,233,27,34
468,239,26,30
469,237,22,31
470,236,22,33
467,236,27,31
463,232,30,34
464,235,26,30
465,233,29,31
466,230,27,29
468,231,26,29
470,229,24,33
468,230,28,30
466,225,31,32
470,226,28,34
471,225,28,36
470,222,28,36
471,224,27,33
473,221,28,34
472,221,28,33
477,218,23,36
474,218,26,35
476,219,23,36
475,216,25,33
472,216,28,31
475,217,27,32
473,215,30,32
475,216,28,30
473,213,29,32
476,214,24,28
478,213,24,29
476,211,26,32
478,210,25,32
478,210,25,29
479,212,25,31
480,214,25,30
478,209,27,27
480,211,26,30
482,213,26,30
482,210,25,28
480,208,26,30
482,208,26,30
484,207,26,31
481,206,29,30
483,208,28,32
485,204,26,38
488,204,25,47
490,201,23,51
491,193,22,60
488,196,26,56
491,193,25,60
492,193,25,61
492,192,25,60
496,193,22,60
494,192,26,60
496,191,21,61
498,191,20,63
496,190,21,61
496,191,23,60
496,192,24,57
496,190,22,58
499,189,22,59
501,190,21,58
500,191,18,53
497,188,20,55
497,188,21,53
497,189,21,53
495,187,23,53
496,186,19,49
496,186,19,51
497,185,16,51
496,185,19,49
497,182,18,53
497,182,17,53
497,180,17,54
496,178,18,52
497,177,17,44
497,176,19,48
500,175,14,48
503,175,14,44
503,174,15,42
505,176,14,41
503,172,18,41
506,171,13,45
507,168,14,45
507,166,15,42
508,171,15,39
506,169,17,39
501,171,19,38
503,167,18,39
503,169,21,38
504,169,18,38
506,170,15,38
506,169,16,38
506,169,15,40
505,169,17,35
505,170,18,40
508,171,16,42
504,169,19,37
504,169,22,32
508,170,18,36
511,168,13,41
510,167,16,39
507,167,21,35
508,167,19,37
506,162,20,40
507,160,20,40
508,162,19,40
507,161,20,39
508,161,18,39
508,160,19,38
508,159,19,39
507,161,19,38
507,161,20,35
508,159,20,38
507,161,20,37
508,162,18,36
506,163,20,33
508,161,19,33
507,163,19,35
507,161,21,37
508,160,18,36
506,161,16,32
507,160,17,32
507,163,16,30
505,164,17,28
503,165,16,27
503,163,15,28
502,165,15,28
502,164,14,27
502,165,14,27
501,164,15,29
498,167,15,27
497,165,16,28
497,167,16,27
495,167,15,26
495,168,13,24
494,166,13,26
494,164,13,29
493,163,14,28
492,161,16,31
491,160,17,31
489,162,15,28
489,161,16,27
488,161,15,28
488,162,15,27
488,163,13,27
487,158,14,31
487,159,14,29
487,159,14,28
486,160,14,27
487,159,13,29
486,159,15,27
485,159,14,27
486,157,14,30
483,155,16,31
483,156,16,32
481,157,15,32
480,156,15,32
480,157,15,33
478,160,15,30
477,159,17,31
477,160,15,30
476,160,14,30
476,161,16,29
476,161,15,29
476,160,15,29
474,160,16,29
475,160,14,29
473,160,15,29
473,160,16,29
473,161,15,30
472,162,15,28
472,163,16,28
472,162,17,29
471,163,17,29
469,161,17,29
469,163,15,28
469,164,18,26
469,167,19,25
468,167,20,26
467,167,19,24
466,165,20,26
466,166,18,27
465,165,21,27
463,168,18,26
464,166,18,27
462,167,18,26
461,168,20,25
458,167,21,26
459,167,19,27
459,170,20,24
457,169,20,24
456,169,20,25
455,169,22,25
456,177,19,19
455,174,22,18
454,175,20,20
453,175,20,20
453,174,21,20
451,174,20,24
452,175,19,24
452,173,20,23
449,172,21,24
447,174,23,23
448,176,24,23
448,174,26,26
449,176,22,29
447,176,21,27
447,181,22,28
448,179,19,29
447,177,20,36
448,178,22,34
447,175,20,38
447,177,20,37
447,177,19,36
447,176,21,36
447,177,19,35
449,175,17,37
447,177,21,35
447,173,24,39
447,174,21,36
449,174,25,35
447,174,21,39
447,177,25,39
445,175,21,42
445,173,21,44
447,174,24,43
448,173,34,42
446,180,42,38
445,180,47,39
444,183,54,34
443,180,61,35
443,182,64,36
443,180,61,35
444,180,61,36
443,183,63,31
443,179,58,30
441,182,63,32
443,177,58,35
442,179,61,29
442,180,57,29
445,180,59,30
442,181,62,30
444,178,59,31
444,177,59,30
443,180,59,27
440,180,62,26
441,177,63,31
444,176,56,34
443,177,60,26
440,175,63,35
438,176,59,32
438,178,58,33
439,178,61,30
438,178,61,27
438,177,59,24
437,178,61,21
438,178,58,22
437,178,59,23
435,176,60,21
435,179,61,20
436,177,57,22
435,180,58,17
431,178,58,20
433,179,56,21
434,178,53,16
430,179,51,18
433,179,47,19
432,178,50,17
431,180,52,19
431,180,47,18
432,179,52,14
425,180,55,11
422,177,60,15
428,180,57,19
427,179,58,13
427,180,59,15
428,181,57,14
423,182,57,13
427,182,56,13
429,183,57,10
425,184,59,11
425,184,59,15
425,182,55,9
426,182,54,11
425,184,57,11
427,185,53,10
424,185,53,12
426,184,54,10
425,185,51,10
426,184,53,11
424,185,54,11
425,182,52,13
425,183,50,12
426,182,50,13
424,181,54,18
425,181,50,14
424,185,55,12
422,186,58,12
423,183,55,14
423,184,54,14
422,182,49,17
422,179,50,15
421,183,49,13
421,184,55,12
421,183,60,12
420,185,56,13
421,183,55,14
421,181,56,14
422,183,57,12
421,183,54,14
421,180,54,13
421,181,53,14
420,181,53,16
421,183,51,10
422,183,51,12
421,182,57,14
420,184,57,11
418,185,60,12
419,183,53,11
420,183,52,12
420,184,53,13
420,183,52,10
419,185,52,9
419,184,51,11
419,183,53,10
417,183,53,10
419,185,51,10
419,183,51,12
418,185,50,12
418,184,51,10
420,184,48,11
419,184,47,13
418,182,46,14
420,184,42,13
420,185,43,12
417,184,43,10
420,187,39,11
422,187,34,11
429,188,31,11
421,190,28,10
420,193,24,9
420,193,24,9
400,172,27,9
400,172,27,9
420,192,24,10
419,197,23,9
419,197,23,9
420,197,23,10
418,196,25,12
416,199,22,8
417,198,20,10
419,197,21,12
416,196,21,15
417,199,20,11
417,203,19,9
415,203,17,10
416,207,18,9
420,206,20,9
415,205,20,11
413,203,21,14
415,204,21,16
414,203,23,17
412,206,21,14
414,205,19,16
415,207,17,15
415,208,18,14
415,214,18,11
413,215,19,10
413,216,18,10
414,217,18,11
413,219,19,10
412,220,18,11
412,221,18,9
413,222,18,9
412,223,18,9
411,224,20,11
410,225,21,10
410,227,22,9
409,228,22,7
410,230,21,9
412,228,19,10
411,232,19,8
412,230,17,7
411,233,18,6
413,233,19,8
413,235,20,8
411,235,20,10
410,232,23,11
412,236,20,9
412,237,21,7
412,238,20,8
414,238,19,8
412,239,20,7
413,240,19,8
413,240,18,8
414,241,20,10
411,240,20,12
411,242,22,11
410,243,26,10
409,244,24,10
409,245,24,12
410,247,23,10
413,248,22,12
410,247,23,12
408,247,26,16
409,249,24,17
411,243,26,20
411,245,27,18
412,247,25,17
414,248,22,16
413,248,21,17
413,248,22,18
415,251,17,14
416,256,17,11
410,254,18,10
421,260,17,8
414,258,14,6
434,255,14,8
434,255,14,8
434,255,14,8
433,257,15,8
433,257,15,8
433,257,15,8
433,257,15,8
433,257,15,8
433,257,15,8
433,257,15,8
433,257,15,8
433,257,15,8
433,257,15,8
433,257,15,8
433,257,15,8
433,257,15,8
433,257,15,8
433,257,15,8
433,257,15,8
433,257,15,8
433,257,15,8
433,257,15,8
411,234,14,10
423,216,15,9
423,219,16,8
421,217,18,9
422,219,18,9
419,223,18,7
421,222,18,9
422,222,17,9
421,223,17,9
422,224,16,9
420,224,19,9
422,226,18,10
420,225,18,10
421,226,17,9
420,227,14,9
421,230,13,9
421,230,12,8
422,232,10,9
422,232,8,9
421,233,10,10
420,234,12,9
421,235,11,10
421,236,11,9
420,237,12,10
419,237,13,10
420,239,13,10
419,239,13,9
419,240,13,11
420,241,12,10
419,243,12,9
419,243,13,9
420,244,13,10
419,243,14,9
419,244,13,10
420,244,13,10
419,246,13,9
419,246,12,9
419,247,13,9
418,246,14,9
419,248,13,9
419,247,13,9
420,247,13,9
420,249,13,8
418,249,13,9
419,250,14,9
417,251,16,9
416,250,16,9
415,250,16,8
416,251,16,8
416,251,16,10
416,252,16,7
416,251,16,6
415,252,16,7
416,252,17,4
415,251,17,6
417,251,16,4
417,252,14,5
417,251,14,5
418,251,14,4
415,252,16,5
416,251,16,5
415,252,17,4
419,254,14,4
419,252,14,6
419,251,13,7
420,251,12,10
418,250,13,9
416,250,13,10
417,251,15,8
415,252,16,8
415,251,17,9
414,251,17,9
415,251,17,10
415,252,17,11
413,251,19,9
413,250,20,12
412,249,21,14
412,251,19,14
413,249,17,16
415,250,17,15
415,250,17,12
415,248,16,16
415,244,16,20
416,242,16,21
418,240,16,23
416,241,16,24
415,241,17,23
417,240,17,25
422,239,13,24
421,240,13,24
420,241,12,24
423,240,13,23
421,240,11,22
422,240,10,23
423,239,10,24
422,240,11,23
422,241,11,23
423,239,10,24
423,240,11,23
423,239,11,23
423,240,11,24
422,241,12,23
423,240,11,22
423,241,10,22
423,240,11,22
423,240,10,22
423,239,10,23
422,240,10,22
423,240,10,23
423,240,11,23
423,241,11,24
422,240,12,24
423,241,11,23
423,239,11,23
423,239,10,24
423,240,10,22
421,240,12,24
422,239,11,23
422,240,11,22
421,240,13,24
420,240,11,25
420,239,12,26
419,238,13,27
418,237,15,25
420,234,12,25
422,233,11,28
421,231,11,24
423,231,11,25
423,228,11,24
424,226,13,26
424,225,15,25
423,222,17,28
423,222,17,26
424,221,16,26
425,217,15,27
424,216,17,26
427,215,16,24
426,215,20,27
427,212,18,30
430,211,16,31
431,208,13,32
431,207,14,37
432,207,16,36
432,208,15,35
430,205,15,36
431,206,15,36
431,202,14,37
431,203,15,37
432,201,16,37
433,201,14,37
432,200,14,41
433,197,16,40
435,198,13,35
434,197,12,36
435,195,13,37
435,195,12,35
432,194,15,37
433,191,15,34
433,192,16,37
431,193,18,36
433,192,14,36
435,191,14,33
434,191,13,34
431,188,16,37
433,188,15,36
433,187,16,37
435,188,14,35
435,186,14,37
434,185,13,37
433,184,14,37
435,185,13,36
435,184,12,36
433,184,15,34
434,181,14,32
436,181,14,30
436,180,12,32
437,180,11,36
437,179,13,37
436,177,13,37
436,178,13,36
436,177,13,35
435,175,14,36
436,176,13,38
436,175,14,37
437,174,13,36
437,174,13,37
437,172,13,37
435,171,13,37
436,170,13,36
437,170,14,37
437,169,13,37
437,168,13,37
439,169,13,36
439,166,12,37
438,166,15,37
439,165,14,33
439,163,15,36
438,164,14,35
439,163,14,37
440,163,14,37
440,162,14,37
441,161,15,38
442,161,13,36
443,159,15,36
443,159,13,36
442,158,15,37
445,157,13,38
445,156,14,36
445,156,12,35
445,156,13,36
444,153,14,38
443,154,13,36
445,154,13,37
445,152,14,36
445,151,15,36
444,150,15,37
444,151,15,36
445,149,14,36
444,150,14,37
445,150,13,34
444,148,13,37
444,150,14,34
444,149,14,35
445,148,13,37
444,146,13,37
440,144,15,41
442,144,14,38
442,144,16,38
442,144,16,36
441,144,15,37
440,145,17,34
442,143,16,34
444,142,13,31
444,142,13,27
444,140,13,27
446,139,12,27
445,139,15,25
445,138,14,28
445,137,15,28
445,136,15,29
446,136,12,27
446,134,14,28
445,134,14,28
447,134,14,28
446,132,14,27
446,132,15,30
446,130,15,33
447,128,15,34
447,128,17,34
448,126,14,30
448,124,15,27
448,124,16,28
448,122,15,28
449,121,14,32
450,121,14,36
450,120,14,34
449,118,16,36
449,116,15,38
447,115,18,41
449,115,16,39
451,114,15,35
450,114,15,40
449,113,17,40
449,111,17,39
449,112,18,39
450,112,16,36
449,111,16,40
449,108,17,42
449,108,16,39
447,108,19,41
448,107,19,41
451,107,18,38
449,105,19,38
445,105,22,44
450,104,18,41
448,104,20,45
450,104,23,47
447,103,21,46
449,103,23,46
447,103,23,48
452,101,17,44
452,102,16,42
455,100,15,40
454,101,16,39
454,101,17,43
456,98,14,42
456,100,15,44
454,99,17,44
453,98,16,45
454,97,17,44
455,97,16,44
457,98,15,41
454,97,17,40
457,96,15,44
456,96,16,43
455,96,16,43
456,96,16,44
455,96,16,42
456,96,15,43
455,94,17,44
456,95,16,44
455,96,17,42
457,96,15,42
457,94,16,42
457,94,15,41
455,95,17,44
455,95,17,42
455,96,16,41
454,96,18,42
456,94,16,44
455,95,17,41
455,95,14,42
455,94,16,40
455,95,17,39
454,94,17,41
454,95,17,42
456,94,15,41
455,94,16,40
454,95,16,41
453,95,16,42
455,95,15,44
455,96,16,43
454,95,17,42
456,96,14,39
454,95,15,41
455,95,16,43
454,96,17,43
454,95,15,44
455,96,16,43
453,95,16,42
454,95,16,41
454,96,16,42
456,96,14,39
455,95,17,42
455,94,16,44
455,95,17,45
455,94,16,44
456,95,15,44
454,95,17,45
457,94,15,44
454,95,16,43
454,95,16,45
453,93,17,44
455,93,16,43
455,92,17,45
453,91,16,45
454,93,18,46
453,90,17,47
452,91,16,45
453,93,17,45
454,93,16,46
453,92,16,46
452,92,17,45
451,91,18,48
450,90,19,46
451,92,16,44
449,90,17,46
450,90,18,47
452,90,16,45
451,89,16,47
452,90,16,47
449,88,18,49
454,88,16,46
452,88,17,46
456,88,15,47
455,89,16,47
454,89,16,47
454,89,16,45
453,89,16,46
455,87,16,44
454,88,16,41
454,87,17,40
455,88,17,42
457,86,17,44
455,86,17,45
455,83,19,44
455,81,20,46
457,81,21,47
456,81,18,46
455,79,21,50
455,81,20,46
457,81,19,48
457,79,18,48
457,80,23,47
459,80,17,46
457,79,20,47
456,78,21,45
457,79,20,45
457,81,18,49
456,80,22,47
458,80,19,47
458,80,18,46
456,80,19,48
459,81,19,43
457,78,21,43
459,79,18,43
461,80,18,49
461,79,18,52
460,78,18,50
462,79,18,51
461,80,18,47
461,79,18,50
462,79,18,50
463,79,18,50
462,79,18,47
463,78,18,46
463,80,18,49
463,78,18,48
464,80,18,49
464,77,19,51
462,78,21,49
464,76,23,43
466,77,22,45
466,76,23,49
468,75,25,50
467,74,28,41
469,74,22,40
471,73,20,37
474,74,19,33
473,75,20,32
473,74,20,33
472,73,21,36
473,73,20,33
474,74,21,36
475,75,19,30
475,74,22,32
475,73,20,31
473,74,21,29
473,75,21,26
473,75,22,27
472,75,23,29
473,74,22,30
474,77,21,27
475,75,21,28
476,76,20,29
477,74,20,31
477,75,20,32
478,76,19,29
478,74,21,31
478,75,21,31
479,75,21,31
479,75,22,32
482,76,23,33
484,75,22,30
486,76,22,32
486,76,23,30
486,76,24,30
486,74,22,32
486,74,24,32
487,74,23,32
487,75,24,32
487,73,24,34
488,73,24,33
488,75,22,32
490,75,23,31
490,74,22,33
488,74,23,33
488,74,24,31
489,74,24,31
491,73,22,32
490,72,21,32
491,73,22,32
491,73,23,31
492,72,23,32
492,73,22,33
491,73,22,33
493,73,23,33
490,72,23,31
491,72,23,32
492,71,22,33
493,72,24,33
493,71,25,33
494,71,23,33
495,71,22,31
495,71,24,34
495,70,22,34
495,71,24,33
496,71,25,34
498,72,24,33
497,74,26,32
500,74,26,32
502,73,26,34
503,73,24,34
504,74,24,35
507,73,23,36
507,74,23,34
509,74,26,36
511,74,25,36
513,74,25,36
514,75,23,33
514,76,25,34
515,76,25,35
516,76,25,34
515,77,26,34
516,76,25,36
517,77,25,35
518,78,26,34
520,77,26,36
521,78,26,36
522,78,27,35
522,78,27,35
524,78,27,36
526,78,26,37
529,79,25,36
530,78,26,35
532,78,27,35
533,76,25,37
533,77,27,36
535,78,25,34
537,78,24,36
537,78,24,36
536,77,27,37
538,78,26,36
538,79,25,36
539,80,26,37
538,82,26,36
538,80,26,35
537,82,26,35
535,83,25,36
534,84,25,35
532,86,27,35
531,86,27,36
532,85,26,37
532,85,25,36
531,85,26,37
531,83,27,39
534,85,27,36
532,85,26,37
533,86,26,37
532,87,27,37
532,89,27,36
532,90,27,36
534,90,25,37
534,91,27,37
534,92,26,36
533,92,27,36
536,90,28,38
537,89,28,38
537,90,31,38
539,89,31,38
542,89,29,40
544,87,28,39
545,87,28,38
547,88,27,36
548,89,27,39
551,87,26,38
553,89,27,38
555,87,27,38
556,86,27,36
558,87,27,36
557,86,27,38
559,85,26,37
559,84,26,38
561,83,26,38
564,85,27,38
566,84,26,37
566,85,27,40
565,86,27,38
566,85,26,37
565,84,26,40
565,85,26,41
566,83,26,40
566,84,25,41
566,84,26,39
567,85,24,38
564,86,25,37
561,86,24,41
560,87,24,41
561,89,26,42
560,90,26,43
560,89,24,42
559,91,25,39
558,93,25,43
558,93,24,44
556,92,25,43
557,93,23,43
554,93,24,41
555,93,23,41
552,92,24,40
550,92,25,40
548,89,25,41
547,88,24,39
545,86,25,39
544,84,26,40
542,83,27,39
544,82,24,41
547,83,25,40
550,85,26,41
554,85,26,44
556,87,24,43
557,88,23,41
556,92,24,37
554,93,24,39
555,95,25,40
556,96,25,41
558,99,23,41
560,100,24,41
560,104,23,43
562,105,24,43
561,109,25,39
562,113,25,44
560,116,26,42
559,121,24,43
559,125,24,44
556,126,25,42
557,129,24,45
557,130,25,43
558,131,24,43
559,133,23,44
558,135,24,42
556,136,25,43
556,138,24,38
555,141,23,40
555,141,24,39
551,143,26,42
553,146,24,43
552,148,24,45
550,150,24,45
551,153,25,42
551,157,25,39
550,157,25,39
550,160,25,39
549,161,26,41
550,161,25,40
550,162,25,43
552,162,24,45
551,163,27,42
550,164,25,40
551,164,24,44
549,167,25,39
549,167,26,40
549,167,25,43
549,169,24,40
546,171,26,40
549,173,27,41
548,174,25,41
547,176,26,40
547,177,26,39
549,180,26,44
548,181,25,41
548,184,25,41
547,187,26,40
545,190,26,39
546,193,26,43
544,197,26,39
544,200,27,43
544,203,26,42
542,207,26,40
544,209,26,39
544,211,25,40
544,213,26,41
544,217,25,39
543,218,25,39
541,219,26,39
539,219,25,40
539,218,25,41
537,219,24,40
538,220,26,40
538,221,25,39
539,221,24,40
539,220,24,40
539,221,24,40
538,220,24,43
537,219,25,42
537,219,23,44
538,219,24,41
537,219,23,40
538,219,24,43
538,220,25,40
538,219,24,40
537,220,24,42
539,220,25,40
539,219,24,43
538,219,24,41
539,220,24,42
537,219,25,44
538,220,24,42
538,218,24,43
