242,60,58,50
235,62,65,53
248,69,62,49
254,77,61,49
261,85,58,52
273,97,57,52
277,107,58,53
286,119,58,54
299,131,52,55
304,142,56,56
312,149,52,50
309,159,60,60
309,157,62,64
310,163,68,62
313,163,67,62
309,170,73,61
309,176,74,61
313,174,71,71
318,180,66,70
315,180,69,73
316,189,66,65
310,192,73,64
311,187,70,69
316,189,64,65
312,187,66,65
310,187,66,64
312,184,63,67
305,178,67,69
305,176,66,66
302,173,65,68
297,169,69,68
300,168,63,64
296,167,64,62
299,162,61,67
297,158,63,65
298,154,61,62
299,148,60,60
297,144,61,60
299,139,56,62
293,134,63,65
298,129,63,64
299,125,63,65
302,122,60,65
296,117,66,68
300,118,63,65
298,116,61,68
292,118,70,66
292,118,66,67
288,118,69,68
290,120,72,65
287,123,73,61
288,125,74,65
292,125,70,60
310,129,54,67
312,133,51,64
315,138,48,64
305,141,58,64
310,148,55,64
309,153,54,64
313,159,50,67
312,168,53,67
312,172,55,67
316,179,52,64
317,187,50,68
315,193,53,69
311,198,58,68
318,204,51,68
313,205,58,75
312,209,65,74
317,211,63,75
322,215,62,77
332,216,58,78
334,215,60,78
337,208,59,78
338,206,60,76
340,204,57,77
334,199,63,80
337,198,62,78
337,197,64,77
344,195,62,81
343,194,66,78
336,191,76,82
327,195,82,74
324,193,86,81
326,197,86,78
311,197,95,82
333,201,74,80
333,201,69,85
328,198,68,86
325,198,68,83
318,193,73,86
308,194,80,84
296,193,88,88
291,195,87,85
285,196,90,87
274,198,96,83
271,198,102,86
266,200,103,83
267,202,95,77
261,203,98,76
259,198,101,84
256,197,99,79
256,195,91,81
264,191,88,81
253,192,92,78
253,191,89,76
253,188,93,79
254,189,87,78
250,190,90,76
256,187,85,79
252,188,92,81
246,189,98,79
244,189,99,77
257,187,93,78
252,188,87,78
251,185,90,80
248,179,98,88
254,176,96,91
276,171,85,90
280,165,87,89
282,172,98,87
280,177,102,81
268,175,114,82
271,184,102,70
267,183,112,73
267,184,116,74
264,187,112,70
261,189,117,69
256,187,124,70
264,188,112,70
269,186,112,74
268,185,107,70
265,186,110,66
261,185,114,67
262,186,110,66
263,188,117,67
255,188,129,68
258,187,128,71
253,191,134,70
266,192,118,70
286,194,97,68
291,195,93,67
295,197,86,64
297,199,86,61
294,194,90,65
300,198,87,65
298,194,89,67
297,182,89,77
296,186,95,75
298,184,91,81
299,185,94,79
299,183,92,79
296,183,94,80
292,181,98,83
296,180,93,90
299,175,91,95
296,174,91,88
305,175,84,92
307,176,81,91
312,177,78,90
309,177,82,91
307,176,82,91
305,175,85,92
305,176,84,96
311,174,78,96
308,173,82,94
308,174,82,90
306,173,82,97
303,173,83,98
307,178,82,85
309,181,79,85
304,171,85,91
300,170,91,91
308,176,81,89
300,173,89,85
296,174,93,91
290,171,98,89
282,167,107,103
294,169,102,99
306,172,90,101
335,171,72,96
348,169,68,95
363,165,67,95
361,174,81,81
380,183,76,69
385,177,79,69
394,163,79,69
396,161,82,61
391,159,88,53
388,140,91,63
383,171,77,53
392,106,73,54
393,90,62,53
396,76,46,57
387,73,47,53
373,71,52,54
368,70,50,52
366,67,47,54
361,68,50,47
360,67,49,55
356,66,49,57
267,113,55,58
354,67,49,59
356,66,44,56
354,66,45,55
354,66,43,59
358,66,38,67
356,69,41,65
351,71,45,60
358,73,39,51
361,78,37,50
357,85,40,51
352,89,43,46
350,99,46,45
341,106,51,47
341,118,51,53
337,112,53,63
337,110,48,55
337,108,45,58
284,37,57,63
328,102,51,57
328,102,51,57
334,109,46,55
273,39,57,60
332,106,46,54
339,105,39,61
342,103,39,53
344,102,37,44
282,44,39,49
340,95,40,38
309,103,32,38
311,98,33,39
353,97,36,34
357,94,37,39
326,90,33,39
299,37,39,39
367,100,35,40
368,93,31,35
368,93,31,35
368,93,31,35
351,84,28,30
348,89,33,31
362,115,33,38
342,96,42,37
291,46,48,44
296,43,50,51
322,97,58,60
288,37,61,65
287,40,65,53
307,95,58,46
310,95,50,48
292,39,55,50
306,93,47,46
305,94,44,43
304,94,42,37
295,47,46,44
341,117,49,54
341,114,50,54
340,114,56,59
339,114,55,55
341,113,58,57
349,112,53,58
350,111,53,51
355,109,47,57
352,105,47,52
345,102,50,50
344,100,46,53
339,98,45,61
335,98,41,55
326,95,45,56
323,94,44,55
320,92,47,52
318,92,45,58
314,92,48,52
313,94,47,50
313,92,45,54
313,95,48,56
311,96,48,54
312,99,44,54
311,101,46,49
309,103,45,52
308,102,47,55
306,102,49,55
305,103,52,56
309,103,47,57
310,102,45,58
310,101,44,56
311,101,42,51
308,102,48,50
308,101,45,52
306,99,50,52
307,101,46,52
304,100,51,52
307,101,45,52
307,101,45,51
308,102,44,52
305,102,48,52
307,104,48,55
306,102,50,55
305,104,51,55
307,105,47,57
307,106,47,58
305,105,49,59
305,108,49,56
307,111,47,57
302,111,51,57
286,43,65,67
279,44,75,66
272,47,81,67
296,118,62,56
300,119,53,54
295,117,56,58
246,112,46,53
246,112,46,53
288,48,62,59
294,118,52,52
293,41,59,53
275,42,72,56
298,112,56,54
303,111,49,59
304,112,52,62
296,100,59,56
301,95,60,66
295,93,72,76
302,93,66,86
304,92,70,86
304,91,70,85
303,91,66,83
302,93,67,82
297,90,72,87
289,91,81,84
298,92,69,85
299,95,65,83
298,95,65,85
295,99,66,79
287,109,72,74
293,110,69,78
295,107,63,84
296,109,57,83
300,111,57,83
319,131,46,63
322,131,50,59
331,123,47,57
284,107,45,49
338,104,41,44
345,97,38,39
289,107,35,45
346,89,35,44
283,112,37,44
286,113,36,42
346,81,36,42
340,79,42,44
340,79,41,39
288,113,33,38
287,112,35,37
283,110,39,38
337,78,37,41
277,110,42,41
332,84,38,46
328,82,39,55
275,108,40,51
323,91,38,56
319,93,40,56
320,110,39,60
313,106,41,57
310,116,44,58
305,126,48,57
341,197,50,55
301,133,45,51
299,132,48,51
274,107,38,49
276,108,35,39
277,108,32,35
280,108,32,30
282,107,33,34
284,109,32,36
289,111,30,38
316,136,38,44
314,134,42,46
315,135,41,48
314,135,41,46
311,134,48,51
315,132,42,48
315,131,42,51
318,130,40,52
313,130,45,54
318,128,42,57
311,128,50,53
312,132,49,55
319,130,43,55
315,133,46,52
315,135,46,51
313,137,49,47
316,137,46,52
319,137,44,51
318,136,44,50
319,135,44,52
348,197,44,51
319,137,41,56
311,134,47,50
311,135,47,48
311,136,48,53
313,136,46,51
312,136,48,50
310,136,50,51
310,136,49,54
311,137,49,54
311,136,49,55
310,137,49,53
308,135,50,56
302,133,56,58
295,132,60,48
286,127,70,55
283,130,75,48
298,146,64,57
290,134,62,57
291,136,64,61
285,137,67,61
340,197,56,57
345,204,49,49
274,120,46,56
270,119,48,55
279,129,52,66
277,128,62,68
275,129,61,66
272,131,64,59
273,129,71,63
278,123,68,71
281,120,55,76
289,121,60,76
289,117,62,80
288,115,66,77
286,114,67,77
294,114,54,67
299,112,57,73
302,112,57,74
301,114,58,74
297,110,64,76
299,108,61,76
299,105,64,85
296,104,62,82
292,101,62,85
297,104,60,80
306,111,54,78
299,106,61,78
308,108,54,71
309,113,63,75
321,115,56,68
328,113,55,65
331,108,54,66
327,101,58,72
331,98,54,62
333,99,49,60
332,94,45,58
332,94,41,61
328,88,45,55
323,86,46,57
321,85,46,54
324,84,41,55
322,82,41,58
320,82,40,52
316,81,43,59
314,83,41,55
308,85,44,51
305,88,43,50
299,89,44,47
294,88,47,46
287,88,48,46
286,91,48,42
286,91,48,42
277,100,46,43
279,100,45,38
279,100,45,38
287,107,49,35
287,107,49,35
287,107,49,35
287,107,49,35
287,107,49,35
287,107,49,35
287,107,49,35
287,107,49,35
287,107,49,35
287,107,49,35
287,107,49,35
287,107,49,35
375,118,48,38
364,111,45,47
349,97,49,58
350,93,43,67
338,94,50,67
330,91,54,74
327,93,55,77
320,91,59,84
319,91,60,83
322,92,54,89
314,91,59,90
166,45,51,99
166,45,51,99
166,45,51,99
166,45,51,99
166,45,51,99
166,45,51,99
166,45,51,99
166,45,51,99
166,45,51,99
166,45,51,99
166,45,51,99
211,26,47,97
211,26,47,97
214,58,56,86
226,34,51,84
231,73,52,72
233,59,55,67
264,98,44,71
265,87,51,75
253,90,54,83
254,86,47,80
257,79,46,71
257,88,42,70
257,85,40,61
255,89,43,47
255,90,41,37
259,90,38,30
256,92,42,30
256,92,45,31
259,96,41,36
258,97,47,31
259,101,45,33
263,101,42,32
260,105,47,36
263,107,45,32
265,109,45,31
270,110,41,30
273,111,40,30
274,112,40,30
276,112,39,30
277,112,40,30
278,112,43,29
281,111,42,32
283,110,42,30
282,108,46,30
287,104,43,31
294,102,39,31
296,99,36,31
298,98,40,30
300,97,41,30
302,95,42,35
309,91,36,33
308,87,40,37
307,87,43,37
306,86,47,38
309,83,45,38
315,81,37,40
315,85,39,38
315,85,41,39
315,93,39,34
318,92,34,37
319,98,32,37
319,101,33,36
319,108,33,36
317,105,34,37
318,105,33,38
317,109,38,41
319,111,34,40
318,117,36,46
316,118,40,52
320,123,40,51
322,128,44,51
323,133,43,46
325,139,45,48
329,142,42,47
330,145,44,45
335,144,42,49
342,142,40,53
345,163,41,56
350,164,40,53
354,165,41,58
352,166,50,60
353,165,57,54
363,166,53,48
377,168,48,37
388,166,39,38
399,165,32,37
402,164,33,36
406,164,32,34
407,161,36,36
409,159,37,37
413,159,38,35
416,160,38,33
420,156,37,36
422,155,38,36
412,155,43,38
410,152,45,42
403,152,51,44
419,151,46,42
425,154,42,37
429,154,39,37
428,157,41,34
430,155,42,34
431,151,40,36
429,151,43,38
430,149,42,39
432,147,43,39
436,146,37,38
434,142,35,44
434,141,39,42
423,138,46,48
427,141,48,41
430,143,44,38
435,141,42,37
432,139,42,38
422,136,49,39
427,138,46,32
424,140,46,34
420,135,49,38
403,142,57,39
397,141,62,36
395,140,60,36
398,140,55,35
395,139,53,37
398,139,46,38
401,140,40,35
400,140,39,36
398,139,41,37
394,138,45,38
398,139,39,37
391,138,45,37
387,137,47,36
386,136,48,35
384,135,49,37
383,135,48,38
385,135,43,37
380,134,44,30
379,133,41,32
377,131,39,34
373,130,40,34
370,128,38,32
369,126,35,35
360,126,41,39
357,122,41,45
354,122,39,42
339,117,50,50
328,111,55,45
334,124,57,54
318,109,54,47
317,109,63,53
305,109,60,50
301,110,60,50
299,108,73,57
277,110,89,56
277,111,89,61
250,106,81,55
237,106,66,50
252,106,55,41
258,106,46,38
255,107,48,37
258,105,42,35
255,106,44,40
257,106,39,34
254,106,41,34
254,105,41,36
252,106,40,36
250,107,40,38
245,107,40,44
243,105,38,43
284,130,33,37
284,133,32,35
284,135,34,35
227,112,38,42
283,145,32,33
282,147,34,33
222,109,38,35
221,109,37,32
221,110,36,32
220,109,37,36
221,108,34,38
219,106,36,45
215,107,38,43
214,107,36,44
212,105,38,49
212,107,37,47
211,108,38,44
209,109,39,51
208,111,39,46
116,198,40,43
119,210,37,54
116,198,39,50
116,198,39,50
114,197,41,50
189,195,41,44
116,199,40,38
118,200,38,36
116,199,40,38
115,198,41,38
116,200,42,36
114,198,41,37
113,200,43,36
114,199,43,38
119,200,38,35
117,204,39,38
121,202,35,44
118,199,39,52
119,198,38,55
118,199,41,51
116,199,42,45
116,198,39,50
118,198,39,47
111,197,44,45
111,197,43,44
114,200,43,39
113,198,41,38
114,200,43,37
114,198,41,44
117,199,39,37
117,201,40,35
120,198,34,37
116,200,40,37
117,201,40,36
115,201,42,35
114,201,43,35
116,201,41,36
118,201,38,37
115,198,41,38
114,199,42,39
114,200,43,39
114,197,39,38
115,200,41,37
114,200,42,38
118,200,38,40
116,201,42,35
110,198,46,41
111,197,45,43
111,197,45,45
112,200,45,39
112,199,44,37
114,198,41,40
114,198,42,44
118,199,37,37
116,198,38,43
113,197,40,43
120,200,36,36
119,199,38,35
119,197,38,39
117,199,38,37
117,200,39,36
118,201,38,35
119,200,38,35
118,201,39,34
116,201,41,33
115,199,40,39
117,200,41,39
116,198,41,40
116,199,40,48
110,198,46,40
113,197,43,40
117,198,37,40
115,198,41,41
113,200,42,40
109,197,47,46
110,196,45,46
101,195,52,48
104,197,52,54
107,200,49,64
106,192,50,68
106,198,51,72
102,199,56,71
102,198,56,71
102,199,54,69
102,199,55,67
108,188,51,61
108,198,49,66
106,198,50,66
105,198,51,69
111,190,47,65
113,198,45,69
114,194,45,64
116,199,43,64
118,200,38,76
117,183,38,85
117,198,42,72
115,189,42,79
116,198,43,72
114,197,46,68
114,197,45,60
114,198,44,74
113,195,46,73
110,197,48,65
114,197,46,69
115,196,44,64
115,197,42,61
118,198,40,55
114,198,43,54
113,196,43,51
114,197,43,46
109,197,47,41
117,205,39,47
117,197,37,42
119,199,38,37
119,200,36,36
118,199,38,36
118,200,38,39
115,199,40,39
113,197,41,44
115,200,42,41
110,197,46,43
115,200,43,37
118,198,37,37
118,200,39,37
116,201,41,36
118,200,39,35
119,199,37,37
117,200,39,37
118,200,39,36
117,201,40,35
117,202,40,35
116,200,40,35
119,200,37,35
118,197,37,38
116,199,39,45
112,199,44,53
115,198,41,64
116,198,43,72
119,195,40,69
117,198,44,65
118,199,41,70
116,198,40,62
114,198,44,64
117,199,42,71
115,195,45,72
117,198,43,69
116,198,40,80
115,197,45,73
118,199,39,79
117,197,38,78
117,199,39,78
116,193,38,82
116,197,44,73
114,200,46,74
117,199,41,68
116,199,44,68
113,198,44,78
117,198,39,83
114,198,44,75
114,199,41,73
113,197,43,81
118,201,41,73
118,200,39,71
118,198,41,67
119,200,38,74
120,197,35,70
117,196,41,64
114,196,46,74
115,198,43,67
118,199,38,75
118,200,43,74
119,197,41,73
118,199,44,72
118,199,44,77
114,198,46,66
117,198,42,69
118,199,40,67
117,199,42,65
116,199,43,67
118,199,43,75
119,200,42,71
112,198,48,72
118,199,42,74
117,200,40,76
115,198,41,78
117,200,42,75
115,198,44,68
112,199,48,76
115,198,43,75
116,200,46,70
117,199,42,78
117,199,41,77
116,197,41,75
118,199,43,71
117,200,42,71
119,199,42,75
119,199,42,79
116,199,43,73
118,201,40,80
115,198,46,73
116,199,43,71
117,200,43,70
117,199,44,78
117,199,44,74
117,199,41,74
115,198,41,77
117,199,43,79
117,199,44,76
117,197,40,80
117,198,39,82
113,197,46,79
118,199,43,76
117,199,45,77
118,199,43,74
119,199,43,73
118,198,42,71
112,198,44,72
119,200,40,65
119,199,43,71
120,201,41,77
117,200,43,75
116,203,43,69
117,199,45,73
118,201,41,67
118,199,40,64
120,199,39,72
116,199,44,71
119,199,42,74
119,199,41,77
117,199,43,73
111,198,48,74
114,199,46,67
117,198,44,76
116,200,46,72
115,198,44,75
117,200,45,73
118,199,45,73
117,199,44,73
119,200,42,67
118,200,42,66
117,200,41,60
118,198,46,65
116,198,45,70
116,200,44,77
119,198,44,77
120,199,42,77
114,198,48,78
114,199,45,78
115,197,47,78
119,198,42,81
117,198,46,77
118,198,43,71
113,198,48,75
113,199,43,78
115,199,43,76
117,198,46,74
118,199,44,74
114,198,48,74
117,199,42,71
114,199,44,65
112,199,48,63
117,198,45,72
117,199,44,72
118,199,42,74
117,199,42,71
117,200,42,80
116,198,46,77
117,198,44,72
118,200,42,78
109,197,50,79
113,199,42,73
115,199,41,71
113,196,45,74
112,199,48,81
114,199,46,73
116,199,45,70
116,199,44,69
115,200,41,76
117,198,43,79
119,199,45,76
119,200,43,73
117,200,46,78
116,199,45,76
114,197,45,75
116,199,44,72
117,199,41,68
116,200,41,72
117,199,41,82
117,198,44,81
117,197,40,78
116,199,47,76
118,198,47,78
116,200,46,74
117,200,43,70
119,200,41,73
115,198,44,74
114,200,43,68
111,196,50,71
114,198,47,75
115,198,45,75
119,199,42,75
118,199,42,75
117,200,40,71
116,198,40,71
118,200,39,69
116,198,42,69
115,199,44,67
117,200,43,66
113,198,46,69
119,198,41,74
117,199,43,75
115,199,45,71
115,198,44,77
118,199,44,73
119,200,41,67
116,199,42,71
120,199,41,74
118,200,41,70
117,199,42,67
117,199,42,73
113,197,46,73
116,199,45,74
117,199,42,71
118,199,43,73
119,200,37,72
118,198,43,74
117,199,46,74
118,199,42,70
119,200,41,70
116,200,43,68
117,200,42,71
118,199,42,74
119,200,41,71
118,199,39,74
117,199,42,70
118,198,39,78
120,198,43,77
120,199,44,76
118,200,43,70
116,199,46,72
117,200,48,76
118,201,44,73
117,198,46,70
115,199,46,64
118,198,40,66
118,199,42,73
114,199,47,70
114,197,46,78
114,199,42,73
111,199,46,74
117,198,42,80
118,199,42,74
118,199,43,76
116,198,41,75
117,200,45,75
117,199,42,77
119,199,44,77
118,198,45,76
119,199,44,74
111,198,53,76
114,197,52,82
117,199,46,73
115,199,46,78
119,199,41,74
117,199,43,77
117,199,45,77
118,201,41,72
120,199,41,71
119,199,43,68
116,199,44,79
116,198,45,77
117,199,45,72
120,199,40,72
120,198,40,77
119,200,43,75
116,199,45,69
117,199,43,71
115,199,44,69
118,200,43,73
119,199,42,75
118,198,45,77
113,200,46,70
117,199,42,70
118,199,41,80
116,197,42,77
116,198,42,73
110,199,45,73
116,200,44,72
117,199,43,73
118,198,40,78
116,198,44,73
116,198,42,76
117,198,44,73
116,199,44,70
115,199,43,68
115,199,41,71
118,199,41,71
119,199,39,67
119,199,40,66
116,199,45,71
114,198,46,71
118,199,44,71
119,200,39,74
118,199,39,73
117,199,42,74
119,199,39,74
120,198,40,76
112,199,46,72
116,199,45,72
117,199,42,70
120,201,41,70
116,197,43,72
114,198,41,73
117,199,43,71
119,200,41,80
117,198,43,79
118,199,42,72
121,198,36,82
120,199,41,76
120,198,44,76
115,198,44,74
114,198,47,75
117,199,44,78
116,199,46,74
117,200,44,71
119,199,44,79
116,198,44,79
117,198,42,79
115,197,47,76
117,198,43,67
117,200,43,69
117,200,46,70
119,200,41,68
117,198,42,71
117,200,42,66
117,200,41,64
117,200,41,68
119,200,43,71
115,198,43,72
116,199,42,69
118,200,41,70
118,199,40,73
114,201,42,69
119,199,41,67
118,200,40,58
119,198,36,51
112,199,42,46
116,216,39,52
119,201,36,56
115,201,41,65
119,200,36,58
117,200,39,55
119,199,36,54
114,199,42,45
113,198,41,42
112,201,44,49
115,200,41,46
113,199,42,47
111,200,45,49
115,200,39,52
114,200,40,55
116,200,40,54
115,200,39,54
113,203,39,62
111,199,45,64
115,199,45,68
117,198,40,65
114,198,42,60
114,198,43,57
113,198,44,56
111,197,45,67
113,198,44,59
112,197,45,61
114,198,42,59
111,198,46,63
112,198,43,63
108,197,46,70
110,198,44,66
106,198,52,64
107,197,50,70
109,198,48,73
109,198,48,66
106,198,50,66
111,198,45,68
109,199,49,68
115,199,42,70
113,197,47,70
113,199,44,81
112,198,47,77
117,199,39,81
118,199,36,80
118,200,34,73
117,197,36,77
118,197,37,73
115,197,42,72
113,197,44,73
114,199,43,74
115,198,45,77
118,198,36,82
119,199,39,77
115,199,45,75
119,201,39,75
117,197,38,73
119,200,38,77
120,199,41,78
118,198,41,77
