227,281,218,51
222,280,222,47
222,281,217,47
220,276,214,50
217,275,207,48
214,272,206,46
210,269,211,46
207,265,210,48
200,260,209,50
196,257,210,51
200,255,202,52
195,251,198,50
190,251,206,45
183,246,206,46
181,240,201,44
181,236,197,43
172,233,196,39
165,227,200,40
158,221,202,38
157,214,199,36
149,211,201,36
148,205,195,37
144,199,195,37
142,196,194,37
140,190,193,38
141,185,191,35
137,182,191,36
140,177,190,36
132,172,195,39
145,168,183,41
136,166,193,40
140,161,193,39
139,157,196,42
140,154,192,40
143,151,194,40
150,149,190,39
154,148,189,42
158,148,185,43
159,147,185,41
167,148,182,40
164,148,184,40
166,148,183,40
168,146,185,42
174,147,181,40
174,150,186,38
175,150,187,36
176,151,185,38
175,151,188,38
173,150,189,38
176,150,184,38
175,149,189,38
176,148,183,39
178,151,183,39
179,149,182,39
178,148,187,42
176,142,185,48
180,144,183,46
178,144,185,46
181,142,181,47
182,143,180,46
178,143,183,47
179,141,183,50
179,140,183,53
180,139,183,56
178,138,188,56
181,138,184,59
182,136,182,57
177,137,187,57
182,134,182,64
180,136,183,59
183,136,180,61
180,136,183,57
177,138,183,56
177,134,183,60
175,133,186,62
179,135,179,57
177,138,181,55
180,128,175,67
175,131,181,66
174,130,183,67
179,128,179,73
176,124,182,88
176,125,178,87
177,117,172,91
177,124,172,79
176,126,170,76
180,123,165,79
180,118,166,85
182,124,165,80
180,118,165,86
184,120,165,82
179,114,168,96
184,107,162,109
185,106,162,112
186,113,158,96
186,112,154,91
188,114,156,95
185,108,156,101
188,107,157,108
187,104,160,114
189,104,156,121
186,109,156,101
197,106,147,113
195,102,149,119
198,100,144,129
198,93,146,139
195,99,152,121
200,95,144,130
201,104,140,123
202,98,141,141
202,95,137,141
201,102,142,134
201,102,139,140
197,104,146,139
195,104,147,137
202,104,139,139
197,105,140,137
200,103,139,141
205,102,132,144
197,102,142,146
204,104,136,146
204,106,136,145
196,105,141,142
206,102,133,149
206,106,134,145
198,109,139,140
202,114,140,137
210,100,129,154
209,111,136,137
203,106,139,144
209,107,137,145
219,106,129,143
206,101,139,156
215,102,139,150
217,97,138,152
223,97,135,154
224,102,136,147
229,101,133,148
226,108,141,141
234,110,137,140
236,99,139,152
239,103,139,143
239,103,142,145
238,111,144,135
241,110,147,135
246,109,148,137
245,104,148,139
244,104,152,141
249,103,151,141
242,108,151,133
251,107,151,137
245,106,153,137
254,103,148,141
249,102,150,142
254,97,149,147
253,97,147,145
253,97,152,145
256,94,151,149
255,97,149,143
257,98,148,144
259,95,152,147
263,95,146,146
266,101,148,136
267,104,148,131
276,97,142,142
278,100,145,146
275,104,147,138
284,101,141,140
293,102,136,140
284,103,145,134
295,95,140,148
296,100,132,135
299,104,136,139
304,98,136,144
305,97,132,140
310,102,133,139
307,100,136,139
320,89,127,148
311,95,138,143
314,95,138,141
326,90,130,148
315,90,140,147
320,84,136,152
308,91,144,148
311,92,147,146
311,96,149,138
311,94,153,144
313,90,147,149
316,91,156,146
316,87,151,151
321,82,148,158
320,83,158,156
321,92,157,142
328,78,155,158
326,86,158,146
334,88,161,144
339,90,160,141
341,90,166,144
347,86,167,148
351,92,158,140
353,100,166,133
349,92,173,143
358,107,169,128
360,91,167,140
363,82,168,149
362,87,167,144
365,92,171,137
382,79,157,152
383,80,154,148
381,78,157,144
383,75,164,150
397,80,148,145
389,77,155,146
389,77,159,148
389,75,159,150
392,76,157,150
397,77,151,146
405,77,144,147
396,77,154,146
394,75,157,149
388,76,163,148
392,76,157,146
390,79,163,141
394,75,159,148
396,74,155,148
396,74,159,152
393,77,161,148
391,77,161,146
395,76,158,144
393,76,156,143
390,79,158,139
390,78,162,141
393,76,155,141
394,79,156,139
391,77,155,141
399,81,145,137
385,78,159,139
400,79,145,138
396,78,146,135
395,77,146,137
397,77,144,128
399,79,144,143
387,78,151,134
381,81,156,129
388,82,155,138
393,83,149,136
389,82,155,140
385,81,154,139
389,78,156,143
379,92,162,128
377,84,166,143
377,83,163,124
381,82,163,139
389,81,151,141
385,80,154,140
389,80,151,141
378,84,159,136
383,83,158,136
389,81,149,139
380,82,160,137
386,84,151,135
386,80,154,143
383,81,158,143
383,80,154,141
377,82,160,125
374,84,163,129
371,82,161,130
371,83,163,138
376,77,157,146
379,80,158,139
377,83,153,132
372,85,163,139
377,82,154,142
372,83,161,138
378,83,151,143
372,79,156,146
378,85,149,139
383,79,141,141
372,78,160,139
377,79,150,142
371,84,148,137
375,86,145,141
374,80,142,144
377,87,136,136
379,85,131,142
375,80,138,153
372,87,135,135
376,88,131,135
377,84,122,131
374,89,138,132
376,83,127,134
376,89,126,138
380,81,119,131
379,82,124,142
376,87,126,139
376,83,128,142
372,79,122,139
375,84,139,140
376,89,124,146
374,83,124,146
379,80,118,133
377,81,133,143
376,88,135,138
376,81,121,136
376,86,118,127
377,84,122,140
378,81,113,140
378,82,114,131
377,88,122,135
377,83,129,144
378,81,111,133
375,84,114,116
375,87,124,133
374,84,129,134
376,88,130,131
375,85,127,135
378,85,126,135
376,82,116,141
380,84,124,137
378,85,124,147
376,87,117,143
376,82,111,135
377,82,107,126
374,84,118,135
377,79,109,137
376,80,116,146
375,81,111,136
376,81,108,121
376,87,116,116
376,85,107,119
375,87,110,120
375,83,108,126
377,78,97,116
372,85,99,112
375,80,90,103
383,83,81,87
397,80,79,75
375,84,83,79
371,85,92,80
373,95,90,73
371,93,97,78
372,85,97,82
373,89,97,72
373,99,102,67
369,89,99,75
368,84,101,87
370,84,99,90
367,87,105,95
368,87,104,105
368,82,105,116
365,132,128,101
366,82,127,118
368,76,111,142
368,76,114,155
370,72,103,158
380,71,97,163
368,74,103,153
365,75,105,153
365,75,105,153
361,138,134,161
355,93,117,156
355,94,115,168
353,119,125,151
348,127,130,139
341,130,126,119
335,125,108,124
333,92,121,144
324,102,127,146
317,111,134,147
312,121,134,140
312,104,127,157
301,118,124,150
308,116,104,156
300,127,107,147
298,124,103,143
292,111,109,153
294,103,124,159
292,63,132,192
292,50,125,218
288,48,133,233
288,58,124,216
277,69,135,191
267,66,137,206
250,68,176,186
238,65,194,165
212,96,192,161
202,61,162,179
202,61,162,179
202,61,162,179
202,61,162,179
202,61,162,179
128,63,113,167
435,78,90,182
443,81,104,181
452,85,104,180
311,134,81,208
81,61,94,197
47,104,118,206
42,61,109,201
313,136,94,221
506,113,103,198
320,136,96,219
329,128,96,218
325,137,102,214
325,138,104,216
319,136,109,219
