278,98,167,216
272,95,169,217
269,94,174,213
273,93,185,214
274,93,181,219
278,93,183,214
286,100,176,204
283,100,197,206
284,101,197,206
289,102,208,200
284,110,221,199
285,104,230,199
281,103,229,208
277,115,242,194
282,119,233,193
279,109,234,194
288,114,225,192
280,123,232,187
282,121,240,182
288,118,238,187
278,108,244,198
285,109,241,191
276,112,245,198
275,115,253,191
278,115,247,191
284,118,241,182
292,114,226,186
283,109,241,198
273,111,252,195
274,107,260,200
278,105,263,196
275,91,253,212
282,94,249,216
288,108,237,202
292,104,228,205
287,101,238,215
287,99,241,209
290,101,235,215
293,97,225,218
293,83,224,234
307,89,207,232
305,88,215,225
297,76,240,240
295,91,248,213
295,96,252,216
296,100,253,210
289,97,260,208
301,97,241,214
301,114,230,192
313,87,209,221
311,89,225,219
298,89,243,227
303,68,239,241
307,77,240,235
315,77,215,230
322,69,206,249
320,70,207,243
316,78,211,229
307,90,221,218
311,86,215,235
315,76,205,240
300,73,230,229
309,61,212,245
303,58,221,250
305,62,215,242
306,47,213,269
308,50,212,261
309,67,213,240
313,78,198,223
325,72,183,243
315,64,194,244
322,65,164,244
315,71,167,234
322,69,156,241
316,76,145,231
314,82,132,233
308,107,128,209
305,115,111,196
304,115,97,195
307,133,89,201
299,99,111,221
296,73,131,235
299,76,150,243
298,62,176,254
295,68,187,248
293,63,194,245
300,64,182,243
307,86,168,228
300,81,182,225
295,76,193,227
304,69,182,235
304,72,178,232
301,72,185,234
299,60,186,250
296,79,194,248
305,61,179,243
300,76,180,233
300,79,180,234
300,72,172,235
301,89,191,225
297,69,195,244
297,79,198,232
305,71,179,236
305,78,185,230
304,73,183,246
300,61,182,242
301,80,179,245
296,79,198,232
300,90,192,229
301,77,195,242
302,85,194,228
304,86,191,226
304,77,193,236
305,76,176,236
307,75,178,234
308,69,177,241
307,69,175,242
300,71,188,237
295,70,198,244
294,64,194,250
298,59,157,244
292,75,142,231
321,82,110,232
331,55,109,253
345,55,110,249
349,109,121,199
325,122,158,198
305,137,202,171
300,131,229,176
296,126,242,174
297,135,253,173
312,128,237,184
307,110,245,199
291,94,266,215
311,73,232,229
323,78,214,223
318,76,224,229
305,95,232,206
307,79,239,236
311,64,221,241
291,67,253,238
296,58,237,247
308,42,223,262
306,56,214,263
296,65,224,248
307,83,208,231
302,113,211,206
297,113,212,199
304,120,199,196
301,117,200,191
298,120,203,193
297,122,209,191
293,126,206,183
312,128,177,175
305,122,188,182
307,119,182,187
314,119,173,189
308,123,180,180
307,129,176,180
310,124,178,179
316,128,168,176
324,141,165,161
321,143,170,165
335,163,157,143
319,167,177,140
325,155,172,153
309,143,190,164
314,145,182,160
318,136,176,170
324,135,171,167
294,143,199,166
297,139,205,167
297,131,200,180
299,136,198,174
306,135,189,180
308,124,190,192
310,133,187,173
295,136,197,174
298,138,199,169
299,137,183,178
298,135,180,170
289,133,190,174
295,133,196,171
296,115,201,195
301,115,191,192
305,133,192,178
308,127,204,182
316,141,206,177
328,140,193,169
328,141,182,176
328,131,177,176
324,137,175,174
328,147,167,170
324,149,175,166
318,149,182,167
307,160,195,152
308,152,194,159
308,158,182,164
309,150,191,163
300,148,204,171
300,150,198,169
306,143,198,166
317,148,179,163
313,154,178,163
302,148,190,167
311,150,179,159
302,153,177,161
303,158,189,154
302,160,185,152
306,167,193,147
305,167,221,145
303,173,229,144
312,177,217,141
299,165,228,153
284,133,243,177
281,134,232,164
288,117,215,192
296,150,200,156
296,163,209,152
289,154,218,162
284,150,232,153
283,142,238,170
288,144,206,161
298,156,206,155
307,167,184,151
305,184,187,134
308,186,204,129
303,182,204,134
307,178,199,138
305,161,203,157
308,175,199,144
305,178,202,137
313,172,194,147
319,165,186,151
318,161,181,150
328,150,177,161
305,137,200,174
301,147,202,159
294,152,214,153
314,153,195,158
304,146,212,163
305,154,201,169
308,141,207,172
301,148,206,174
302,153,214,157
298,142,217,174
301,125,212,186
299,147,203,168
295,130,220,181
311,138,192,177
300,144,205,162
312,161,185,149
307,162,196,148
296,158,209,156
295,156,208,153
278,139,230,169
306,157,191,149
302,161,196,154
306,166,194,143
307,161,207,153
310,152,215,165
311,161,211,150
299,157,225,160
287,140,249,175
280,137,278,164
281,137,271,158
291,140,256,167
283,136,259,178
288,141,246,172
293,143,243,152
298,147,227,165
298,164,225,149
288,143,244,164
271,130,254,170
273,136,253,173
269,138,260,173
268,136,258,181
268,138,256,184
258,143,273,172
245,135,282,174
245,121,278,184
239,118,295,192
290,135,240,181
300,146,224,171
310,145,220,166
287,132,238,189
281,123,251,199
254,117,270,200
266,81,260,225
253,75,267,235
260,81,256,221
272,129,248,184
248,128,275,186
264,121,256,190
272,131,251,176
255,127,267,181
216,100,303,211
236,96,289,213
231,108,300,204
243,106,281,208
261,96,269,208
244,93,276,218
257,120,271,193
250,121,274,196
249,113,270,196
256,114,262,201
272,109,245,202
277,102,235,203
293,108,223,202
277,142,245,167
283,145,232,159
297,160,221,153
310,168,207,136
312,162,206,147
322,153,199,153
317,158,202,144
314,133,204,172
316,143,209,168
311,151,212,151
316,166,211,140
313,170,210,141
311,175,213,141
315,185,205,125
314,178,217,135
320,185,205,121
322,177,194,134
317,181,202,132
319,184,196,129
314,190,200,123
321,178,187,132
318,178,208,133
319,188,195,126
310,198,201,113
307,203,193,108
302,201,204,110
311,183,222,128
319,173,215,137
319,188,221,132
300,171,236,143
290,164,243,155
274,153,255,169
264,138,261,188
270,147,258,171
263,142,265,180
264,120,254,193
272,143,257,174
267,154,264,156
273,145,249,161
264,121,252,182
279,167,250,140
271,139,246,158
277,143,248,162
283,137,248,175
283,132,254,179
280,131,262,183
277,132,259,182
279,135,258,179
279,138,260,176
281,135,250,176
297,160,225,151
302,162,229,157
301,163,233,152
289,146,250,168
284,139,256,183
298,136,241,175
304,153,225,175
310,158,219,159
308,163,218,152
289,159,242,157
310,148,218,162
304,151,226,169
316,160,215,158
321,165,189,146
318,174,221,142
325,164,218,150
313,159,249,154
307,153,260,162
302,145,244,168
299,142,253,174
287,129,275,189
297,140,251,168
313,136,221,190
314,145,212,179
328,127,189,183
326,147,198,167
321,157,189,153
319,160,208,159
323,154,209,165
314,148,220,173
304,149,229,178
292,117,228,194
278,118,258,188
279,120,250,193
282,122,254,188
282,126,253,186
276,125,258,186
283,122,261,187
279,126,263,184
280,118,266,186
283,128,272,178
285,130,270,175
285,130,266,181
288,125,257,175
283,125,262,178
279,108,261,193
278,112,265,194
271,123,276,185
282,118,270,195
305,133,238,186
302,122,246,185
299,132,236,178
308,137,230,179
306,145,233,173
305,145,230,169
302,147,227,174
310,154,216,162
313,149,218,161
302,132,239,178
298,135,252,177
296,143,261,169
299,138,253,180
299,144,259,171
293,134,267,179
297,141,257,174
304,148,250,166
299,142,255,177
297,138,260,175
298,133,263,182
299,136,264,176
304,133,261,184
292,127,277,190
296,116,267,194
298,114,269,196
296,118,274,196
287,117,289,196
289,116,280,195
303,117,258,192
297,114,253,202
302,114,245,201
293,110,252,206
290,109,255,203
298,109,254,207
310,106,269,208
298,80,287,223
296,76,305,239
295,74,303,238
302,71,266,241
299,77,281,238
297,62,256,229
285,65,229,241
285,73,227,249
267,101,243,215
278,111,211,202
273,111,221,206
278,96,209,218
275,84,216,228
273,88,221,231
288,78,216,240
284,68,224,242
301,80,216,246
314,62,208,248
315,60,202,255
292,28,219,290
315,54,204,266
311,44,204,273
295,14,203,302
302,19,191,287
281,30,206,276
258,22,213,287
239,28,216,271
251,39,235,271
247,30,214,274
245,29,195,271
237,29,199,267
227,34,203,271
236,34,198,259
215,34,226,261
223,29,229,271
239,31,210,262
224,28,254,276
229,34,244,263
231,59,249,243
223,52,246,250
228,57,238,248
225,54,241,251
224,55,232,246
231,55,237,247
224,63,215,240
215,56,248,255
230,54,244,267
226,34,223,271
229,41,255,259
226,58,267,254
317,63,201,248
330,58,186,259
335,59,187,250
346,62,177,248
334,55,172,244
310,64,197,251
306,60,193,246
300,68,194,236
301,71,169,232
291,78,186,235
284,81,183,226
277,81,178,233
279,85,167,218
277,89,174,214
285,96,196,219
288,91,182,227
280,96,196,218
287,103,194,214
285,102,207,215
294,110,171,221
301,122,179,194
293,118,193,198
303,121,168,188
298,115,175,189
299,126,165,183
309,133,166,175
311,149,157,174
320,152,168,159
324,147,169,169
327,139,159,172
336,134,136,170
339,141,129,174
340,138,133,168
347,152,124,156
348,164,139,152
356,159,127,156
362,164,109,146
363,181,110,131
361,197,114,121
360,189,125,125
363,187,121,130
366,186,111,128
366,189,109,120
363,189,119,118
366,186,115,126
365,189,107,127
365,187,118,126
364,190,106,121
369,186,107,128
364,190,108,120
365,192,113,125
362,188,118,123
363,186,110,129
364,187,110,124
360,190,107,123
362,189,110,127
348,202,119,117
355,197,112,118
343,194,122,122
338,195,128,120
333,191,127,126
328,197,131,115
330,187,122,124
324,194,127,122
315,189,131,121
322,201,115,111
319,199,112,115
319,198,107,115
326,199,92,112
326,202,90,107
326,212,85,98
321,218,90,99
316,217,95,98
316,217,90,99
314,215,94,100
313,218,98,99
314,204,92,107
313,209,96,107
312,202,97,110
311,212,99,102
313,205,97,111
306,211,109,106
308,197,104,114
313,201,96,112
316,213,102,97
315,200,99,115
307,199,107,114
312,199,103,117
306,197,112,120
310,200,110,112
317,195,100,122
314,197,109,117
311,193,114,120
318,196,110,122
310,201,124,110
317,201,118,114
324,198,111,112
334,189,109,130
322,200,130,117
331,198,132,121
331,192,130,115
337,193,122,135
341,194,120,124
341,198,125,114
343,198,121,120
340,200,120,115
341,207,113,113
343,205,93,114
339,211,100,103
340,209,106,108
338,206,106,110
336,203,108,115
345,195,86,119
354,192,71,122
351,192,71,121
332,190,79,121
323,186,81,124
315,184,90,127
310,180,100,126
318,187,95,122
302,183,107,126
303,194,105,113
305,207,111,107
312,220,101,92
316,218,99,96
320,221,100,93
324,229,98,80
328,237,99,74
319,237,104,78
327,237,102,79
329,238,103,76
324,234,107,78
326,240,102,75
323,243,108,72
320,244,109,72
327,240,100,76
320,240,100,72
328,235,98,79
322,238,95,75
322,236,93,80
328,239,89,77
325,235,87,75
325,238,90,75
322,241,95,73
321,238,98,69
322,241,98,71
323,242,93,70
323,236,95,74
321,237,101,76
321,237,97,80
318,234,106,76
321,238,105,73
320,236,107,78
322,237,107,76
322,237,110,79
321,240,116,77
322,235,114,78
329,236,107,78
327,237,111,81
327,235,114,79
326,232,117,85
325,233,117,80
322,235,121,77
323,235,116,77
324,234,115,79
328,233,117,83
334,216,113,96
336,204,116,104
334,201,124,111
338,201,122,110
333,196,130,116
330,194,139,118
336,196,134,114
334,193,142,120
332,190,155,120
338,187,135,122
332,185,121,131
350,191,100,120
346,186,101,127
348,188,99,124
353,188,101,123
349,190,107,127
346,194,113,120
354,197,106,119
354,198,105,118
352,202,105,113
345,202,108,114
344,205,106,109
346,203,103,105
341,208,110,110
343,198,105,110
341,208,106,107
342,206,103,107
334,211,110,104
331,216,113,101
332,208,107,102
331,214,108,97
333,206,105,105
334,208,97,103
332,208,98,104
329,200,110,114
337,198,107,113
327,199,117,114
325,204,121,111
319,198,127,113
325,197,121,111
322,219,129,98
318,199,127,113
316,204,129,110
313,204,130,110
321,216,119,99
316,207,127,103
312,210,118,103
313,204,121,109
308,201,118,112
308,198,129,113
306,207,143,111
308,199,142,117
306,200,129,111
302,203,135,114
298,200,132,110
308,206,115,108
301,205,117,106
303,200,110,112
303,203,111,112
302,197,112,115
305,201,118,113
302,205,117,106
304,199,102,111
305,198,97,113
303,209,96,102
305,205,92,101
307,210,96,99
306,224,102,87
304,235,112,80
305,240,125,76
306,224,130,86
294,208,130,89
291,202,150,115
317,200,128,110
315,191,119,123
327,197,112,125
312,202,124,116
315,191,130,124
332,199,105,121
320,212,111,104
317,204,123,112
321,190,114,121
313,192,129,124
313,191,124,123
324,189,112,125
310,183,125,129
317,186,122,125
319,192,116,122
307,198,126,123
309,186,124,129
314,191,124,124
324,205,115,115
315,198,130,115
317,195,123,114
312,196,123,120
317,196,119,115
322,208,110,108
318,204,117,112
314,202,128,113
320,202,120,111
318,194,119,117
323,193,110,119
319,192,116,123
319,192,116,121
313,195,121,120
310,192,127,109
310,196,127,118
313,184,125,129
311,189,129,125
315,191,121,119
324,193,118,115
322,197,117,118
319,191,116,112
312,193,123,122
313,186,124,129
316,186,120,126
318,190,118,122
320,191,112,126
319,192,113,120
318,195,121,120
318,191,113,120
317,190,120,122
317,194,117,122
319,193,112,123
319,190,115,123
320,187,119,125
320,190,114,125
319,191,114,121
319,189,114,125
319,191,115,127
318,194,116,117
318,192,112,125
319,193,112,120
319,192,113,128
319,191,120,121
318,190,114,125
317,191,114,129
319,195,116,116
315,196,120,123
316,194,119,120
319,194,116,123
321,192,117,125
315,192,118,119
317,196,121,120
314,198,115,116
318,199,118,117
317,198,116,114
317,195,118,119
321,201,113,113
324,209,109,107
331,205,107,110
315,194,125,124
314,196,125,116
319,189,118,125
325,194,122,121
314,185,130,122
301,199,150,108
299,192,139,120
308,190,135,120
304,196,133,117
308,201,124,114
306,204,121,112
307,191,111,123
304,199,104,114
305,206,106,109
309,201,101,111
315,196,110,114
308,194,108,123
323,198,120,115
321,187,117,122
308,189,136,121
302,183,139,127
310,181,125,134
311,179,118,127
317,181,93,126
316,181,101,132
314,180,106,132
314,175,116,136
316,173,115,144
314,175,116,134
315,166,112,142
320,173,109,137
317,165,118,141
325,174,111,140
326,178,109,138
320,183,116,127
327,180,106,127
328,179,107,129
321,185,119,121
327,191,109,121
319,180,118,136
320,183,116,129
313,183,118,129
314,178,119,133
313,184,117,137
308,189,116,124
318,187,100,127
313,176,94,133
312,178,96,139
314,179,95,133
307,185,110,126
309,185,113,125
310,175,134,136
315,167,126,141
316,158,127,151
314,154,136,154
315,169,134,138
314,161,129,152
306,150,132,165
305,146,129,160
306,146,130,166
306,142,131,162
311,147,127,157
305,148,132,157
302,155,136,150
298,150,138,156
298,145,133,161
297,146,131,162
297,139,134,166
303,149,123,156
298,143,124,161
290,142,138,164
301,142,130,163
293,138,137,166
304,130,124,168
306,137,123,165
305,136,126,165
302,145,134,166
307,136,135,170
306,137,137,169
304,138,137,166
308,133,133,169
303,131,146,173
296,142,159,164
288,142,163,167
289,145,156,164
289,144,165,166
286,139,164,171
285,133,169,176
288,129,166,172
290,125,168,171
286,114,178,189
274,113,182,187
269,107,175,202
252,104,181,205
224,95,192,208
207,89,182,218
187,88,186,213
155,76,198,215
131,77,196,211
103,49,204,230
94,29,184,239
78,20,198,232
58,17,206,212
279,91,181,223
296,111,152,202
306,144,139,169
311,144,136,169
314,144,132,170
314,166,134,147
312,163,139,148
313,177,140,138
313,192,133,118
312,191,133,120
313,192,136,122
312,193,136,119
314,191,133,116
314,191,125,120
314,191,132,122
313,191,130,120
308,194,138,117
308,193,136,124
309,192,139,119
319,193,130,121
330,190,120,120
346,189,97,127
346,189,97,127
354,179,99,130
354,179,99,130
354,179,99,130
354,179,99,130
354,179,99,130
354,179,99,130
354,179,99,130
291,177,95,138
411,186,114,127
305,207,132,107
307,218,155,92
311,232,166,86
311,232,166,86
311,232,166,86
503,60,136,79
503,60,136,79
503,60,136,79
503,60,136,79
483,92,130,106
477,78,140,124
477,78,140,124
477,78,140,124
477,78,140,124
477,78,140,124
477,78,140,124
477,78,140,124
460,79,158,126
460,79,158,126
460,79,158,126
460,79,158,126
460,79,158,126
487,73,138,130
486,66,135,143
490,68,144,140
485,65,140,139
502,65,120,146
503,69,114,142
503,64,108,146
502,61,132,149
502,61,122,152
507,70,112,142
504,74,116,129
506,70,107,137
505,63,119,146
505,63,112,147
506,67,109,142
507,65,121,146
511,65,105,145
508,65,110,145
511,67,103,146
510,66,112,143
509,64,109,149
508,66,108,144
507,64,118,149
508,66,115,148
508,64,110,150
507,65,117,143
507,67,115,145
508,65,111,144
511,68,103,142
509,66,118,146
512,62,110,152
515,63,116,153
522,62,107,161
527,59,110,164
