227,82,54,198
228,81,55,199
227,81,53,196
226,80,52,197
223,76,58,194
223,81,52,195
223,77,54,193
223,76,51,196
223,80,49,193
223,78,48,193
223,79,53,194
220,81,53,193
221,80,55,189
223,79,43,190
222,81,49,191
222,82,46,192
223,83,47,191
220,79,51,189
220,82,57,193
221,82,48,187
219,82,57,191
218,84,54,187
215,81,63,186
208,77,72,189
203,81,80,190
197,83,87,188
196,80,89,189
192,87,92,192
189,80,97,188
187,85,100,186
187,81,100,192
183,83,104,186
182,87,105,181
186,83,99,184
179,85,107,187
180,84,106,181
181,87,106,183
178,83,109,179
171,85,118,184
170,84,119,181
169,87,124,180
165,88,133,182
161,86,135,172
157,92,141,173
155,92,146,168
152,93,149,167
149,96,157,163
147,99,161,159
143,101,169,161
142,103,165,156
143,102,169,155
139,104,171,156
142,106,173,153
137,109,183,149
137,110,179,150
137,115,179,135
136,116,179,137
132,117,190,132
128,122,195,126
128,126,187,115
128,123,185,116
124,127,201,116
125,127,196,110
119,131,200,105
121,129,205,107
120,133,199,100
118,134,209,99
119,133,200,99
115,134,205,98
120,136,203,94
116,138,205,93
115,140,208,91
116,139,208,91
117,142,207,84
112,144,213,84
115,145,215,83
114,148,208,76
114,148,217,74
111,149,218,76
112,147,224,78
112,147,216,80
113,149,220,76
111,150,225,74
110,153,222,68
111,153,213,64
110,155,222,64
110,158,221,58
110,158,216,57
111,160,224,55
110,160,221,55
107,162,219,54
111,163,220,50
110,163,220,50
110,163,220,50
109,164,221,51
112,160,213,52
111,160,219,53
111,161,221,52
112,160,220,52
110,163,221,48
110,160,224,52
110,156,219,56
109,155,222,56
109,155,221,56
110,153,224,56
111,154,222,58
112,153,215,55
111,152,207,53
110,156,217,47
112,155,212,48
112,153,206,51
112,150,207,52
112,151,215,49
114,149,213,51
113,149,214,60
115,149,214,59
114,148,216,64
116,147,209,62
117,148,213,65
117,149,214,63
118,149,214,66
118,149,212,65
118,150,216,63
118,151,217,64
119,152,211,61
119,153,213,57
117,153,214,55
117,153,217,60
117,155,218,59
118,153,215,69
116,152,219,74
112,152,221,74
114,149,212,72
112,150,216,74
108,151,220,73
108,152,217,75
104,154,216,74
102,154,212,61
98,154,212,59
93,154,215,61
91,155,217,63
85,156,217,69
79,161,220,60
80,159,215,55
74,156,218,64
65,156,224,66
63,158,217,71
60,157,214,66
55,157,217,73
51,156,213,75
47,154,211,81
39,157,215,79
38,159,214,66
34,160,212,43
31,161,214,43
24,159,214,47
22,160,214,46
16,155,215,51
16,157,216,47
15,155,215,51
13,156,214,48
13,157,215,55
10,156,219,47
12,155,213,47
7,155,218,44
10,153,214,48
10,151,213,49
11,151,212,58
13,149,210,53
12,148,211,53
17,147,207,55
16,147,210,61
20,149,203,61
22,145,203,70
24,147,203,69
29,144,195,76
29,145,194,79
31,147,195,68
33,145,195,68
34,145,188,72
35,147,194,69
37,144,188,71
40,145,183,71
42,145,184,69
41,145,182,68
42,144,182,68
40,141,180,64
44,142,179,64
42,138,179,68
43,136,180,70
40,135,180,70
41,138,178,64
39,137,177,65
38,136,180,66
38,137,180,64
35,137,182,61
34,137,181,62
34,138,179,65
33,136,179,66
33,138,179,76
34,140,179,72
32,141,180,69
29,141,183,59
31,146,182,66
34,147,181,56
35,150,179,60
34,149,176,59
34,151,177,57
33,153,177,53
30,149,186,54
30,151,181,52
31,150,187,69
33,150,178,68
34,150,180,69
35,148,188,70
33,149,195,67
33,147,197,72
35,149,181,68
35,148,172,66
33,149,177,57
33,146,178,54
32,145,176,49
29,149,178,43
29,146,173,43
27,145,172,43
25,143,173,45
22,142,174,44
20,142,176,50
19,144,181,45
16,144,179,44
14,145,180,41
13,148,183,37
11,147,182,35
11,148,180,34
8,146,180,35
4,144,184,36
4,142,184,38
2,141,185,38
0,142,188,34
-1,141,183,34
-3,138,182,36
-3,138,182,36
-3,136,175,38
-3,135,174,37
-4,134,163,37
-3,133,156,36
-3,133,157,38
-4,134,150,35
-4,130,151,40
-3,131,145,39
-1,130,143,43
-1,136,136,34
-3,135,131,35
-3,136,127,35
-2,146,119,24
-4,145,114,26
-4,143,112,31
-2,143,103,35
-5,145,104,37
-3,146,95,37
-1,155,86,29
-2,153,82,36
-2,155,84,35
-1,156,80,35
-2,157,81,37
-2,161,77,33
-2,158,80,42
-1,160,78,55
0,145,74,64
0,156,80,63
0,146,89,59
0,145,83,75
0,153,87,68
0,140,87,74
0,155,94,62
0,157,94,61
0,139,98,56
-4,150,102,45
-2,159,101,38
-2,159,105,37
-4,157,107,38
-3,156,105,40
-1,154,109,43
-3,154,107,40
-2,151,106,45
-2,152,104,45
-2,152,108,45
-2,152,106,45
-2,149,107,48
-2,148,106,50
-2,147,111,51
-3,145,113,54
-3,145,108,55
-1,144,106,56
0,143,106,63
2,141,103,71
2,145,105,59
7,149,101,63
11,146,95,72
12,147,95,66
13,135,101,78
13,145,101,73
14,136,116,77
13,135,122,85
13,135,125,80
16,137,123,82
17,137,127,75
21,136,121,81
22,136,123,84
24,139,121,77
25,137,126,74
28,138,128,76
31,140,130,79
36,140,125,77
38,141,130,71
46,141,126,72
50,140,128,74
52,139,132,72
57,135,134,74
61,135,133,77
66,138,130,67
75,138,120,71
77,136,122,73
80,136,126,76
82,135,127,79
85,135,130,73
89,136,130,77
94,138,127,68
100,138,125,70
101,138,127,76
105,137,129,72
110,138,124,69
112,137,122,76
114,138,125,70
118,136,124,71
121,136,121,71
123,133,124,75
126,136,124,69
128,137,124,73
129,135,128,75
132,136,125,70
131,136,128,71
136,136,121,68
134,136,126,72
133,135,127,73
137,138,123,70
135,137,125,70
135,139,125,69
135,137,125,72
134,137,125,73
133,135,127,74
133,139,124,68
128,140,129,70
127,135,129,79
129,137,129,74
124,137,128,82
125,135,127,85
121,136,129,83
124,98,126,111
122,88,122,134
130,86,112,135
121,82,118,138
130,84,109,131
118,83,117,136
120,86,111,161
117,84,117,133
111,84,123,136
114,85,120,138
109,83,120,129
102,104,128,138
109,81,121,140
107,83,117,133
120,83,109,127
109,80,115,141
118,82,110,127
120,76,107,132
107,82,123,134
112,78,120,137
147,78,87,133
136,79,92,124
171,79,64,128
178,75,52,134
182,72,45,133
184,74,41,134
184,73,42,135
186,73,39,134
190,72,32,128
189,70,33,130
192,73,33,131
193,75,35,134
194,74,36,132
195,71,33,127
197,76,37,132
196,68,38,130
196,72,47,133
197,75,45,132
194,71,52,131
200,72,43,130
198,72,48,132
198,78,50,135
200,78,48,129
202,77,48,125
200,70,49,129
202,70,48,131
201,75,53,127
200,77,60,130
201,76,55,130
201,80,62,131
202,77,59,124
199,79,68,127
205,78,61,124
203,80,67,128
198,76,74,127
202,82,75,127
200,79,79,129
201,83,85,123
202,79,83,127
201,84,87,124
200,79,93,121
207,81,85,119
207,87,85,121
207,81,87,119
208,84,89,120
206,82,93,120
206,84,95,120
204,85,98,117
207,89,96,113
199,88,107,113
203,91,103,110
203,92,106,110
201,94,108,109
200,93,114,111
200,96,118,110
205,98,113,106
201,101,119,105
204,104,120,103
209,107,111,99
205,110,117,98
206,113,119,93
209,115,119,93
202,117,125,92
203,118,126,90
205,122,123,86
200,123,129,88
203,128,127,84
197,127,134,80
201,131,134,78
196,133,136,75
204,134,129,75
199,139,135,71
195,143,143,66
196,145,144,61
192,146,151,62
196,150,147,58
194,151,149,55
189,155,153,52
192,156,153,54
189,160,153,47
191,161,157,44
187,163,160,41
186,165,159,41
188,165,159,41
187,167,159,40
188,169,155,38
187,169,157,38
188,172,157,35
190,174,154,34
186,177,157,32
185,177,160,34
187,179,157,32
185,181,159,31
185,182,157,29
186,181,161,31
184,181,161,31
188,182,157,30
186,182,158,29
187,181,160,31
185,182,162,29
186,181,159,30
186,181,160,29
186,181,158,30
187,181,159,30
190,181,157,29
189,182,157,28
189,181,157,29
189,182,156,28
190,182,157,28
190,182,156,29
190,181,154,32
190,181,157,31
186,182,161,30
189,182,157,30
189,181,157,31
186,180,159,32
186,180,161,33
189,180,158,31
186,178,158,34
188,178,157,34
188,178,153,36
188,177,153,36
188,176,155,38
187,176,153,36
186,176,157,36
186,175,153,36
187,173,153,36
185,173,155,36
186,173,158,34
186,172,154,36
186,171,152,35
185,172,156,34
185,171,153,34
182,171,158,33
184,170,155,34
184,170,154,35
183,172,155,33
177,171,158,34
172,171,165,33
169,171,169,33
168,171,172,33
169,168,166,35
167,168,170,34
167,168,172,35
168,168,166,34
167,164,168,38
168,166,166,36
170,166,163,35
171,165,163,34
172,163,163,36
170,161,162,38
172,159,158,40
170,160,161,38
172,162,158,36
173,160,158,38
171,159,159,39
173,160,156,38
173,158,154,40
171,159,157,43
172,159,153,41
172,158,156,40
174,161,154,36
174,159,152,37
171,158,154,38
169,157,157,39
171,158,155,38
169,158,157,37
167,157,156,40
168,154,156,41
172,154,153,39
169,151,156,44
175,149,149,44
171,150,152,45
170,148,152,49
172,150,148,43
168,150,154,45
172,149,149,44
170,150,152,47
169,152,153,41
167,153,156,43
167,157,157,37
167,158,154,37
166,158,158,38
166,160,157,38
164,159,161,38
165,161,159,36
165,165,158,32
163,162,161,34
164,164,158,33
162,165,156,32
161,164,160,34
161,165,157,34
158,165,159,35
159,167,158,33
159,167,157,32
156,170,156,30
156,169,159,31
154,167,162,33
156,169,157,33
156,168,156,35
155,167,159,36
155,167,158,37
153,166,158,38
152,167,157,38
152,167,159,39
153,166,156,41
153,166,155,41
154,165,158,40
151,165,159,42
150,167,160,40
149,167,157,39
151,169,156,36
149,167,156,39
149,167,158,40
147,167,158,40
148,168,157,38
146,168,160,39
145,167,160,40
148,168,157,39
144,170,160,37
146,167,155,40
144,168,157,38
144,169,157,39
141,168,161,38
141,170,160,37
140,171,162,36
140,171,159,36
141,172,156,35
142,171,154,37
141,170,155,37
139,170,159,37
139,170,161,36
141,169,158,38
140,170,158,37
140,171,157,35
140,170,157,35
142,170,154,36
141,173,155,32
139,171,157,34
142,173,154,33
143,173,152,32
142,172,153,33
139,174,155,31
143,173,150,31
139,175,154,30
141,173,155,31
138,173,154,30
142,173,155,30
140,173,152,29
140,174,154,29
140,172,154,29
136,174,160,29
140,173,159,30
142,174,154,29
143,175,152,29
145,175,153,30
150,175,149,31
148,176,150,30
152,175,152,29
149,176,155,29
152,174,154,30
153,174,151,30
156,173,152,30
156,175,150,30
159,173,149,30
161,172,150,31
163,173,150,31
165,171,149,31
168,172,147,32
168,172,153,32
172,171,150,34
175,169,150,36
176,166,153,41
181,164,149,42
184,163,147,43
189,162,146,43
193,162,142,42
196,162,147,39
198,161,147,41
201,162,148,40
201,160,152,42
205,158,149,43
209,157,149,46
216,156,145,47
222,157,142,45
224,155,142,50
226,155,142,48
232,155,140,47
234,155,140,49
241,155,138,46
241,154,142,46
244,155,140,45
248,154,139,47
254,155,138,45
255,155,142,44
257,155,143,44
261,155,142,46
261,155,144,45
264,155,143,44
266,156,144,46
267,158,143,43
269,159,145,40
275,161,139,40
273,160,145,40
275,162,145,37
279,164,144,35
279,163,148,36
284,163,144,36
285,163,146,35
283,162,150,36
285,163,150,35
290,161,147,37
287,162,155,34
291,162,154,34
290,162,156,33
292,162,155,33
291,163,160,32
290,162,166,38
294,162,164,34
301,162,158,33
303,163,158,33
310,162,157,34
311,164,156,31
305,163,166,32
306,164,169,31
308,164,169,31
309,165,176,30
309,165,179,31
311,165,178,32
320,164,172,32
323,164,173,31
331,163,168,33
332,164,170,30
333,164,174,30
343,163,169,30
348,164,170,29
353,163,167,30
361,161,158,31
366,161,158,29
363,161,164,30
366,161,165,30
367,160,169,30
365,159,170,30
372,159,165,29
375,159,165,30
372,160,168,30
376,160,163,30
379,160,162,29
378,160,169,30
379,160,167,30
385,159,159,29
387,161,160,28
387,162,161,28
388,161,159,28
388,161,162,30
389,162,161,29
390,162,162,29
388,163,169,29
388,162,165,30
387,164,173,30
389,164,170,29
386,163,175,30
389,163,169,31
391,163,166,31
389,163,171,31
388,162,171,32
389,162,170,33
388,162,171,34
391,162,166,34
388,162,169,35
388,162,166,37
385,160,169,38
386,160,167,38
386,160,166,38
387,161,168,37
388,159,165,39
387,159,166,40
388,158,163,39
387,158,164,40
389,156,160,43
388,155,161,45
390,155,155,43
390,153,156,45
389,153,157,46
389,152,156,45
391,150,153,46
389,148,157,49
385,147,162,47
384,148,160,45
385,146,157,47
385,143,156,50
382,143,161,49
381,142,160,50
381,141,157,48
380,142,157,48
379,141,159,49
380,139,155,52
379,138,157,55
378,138,156,55
379,136,155,57
373,136,162,60
376,136,158,57
374,136,158,60
373,136,158,59
374,135,156,62
373,134,155,64
368,135,163,65
368,135,162,65
360,136,173,70
367,134,161,70
366,135,162,65
365,133,164,66
368,133,159,64
369,133,155,63
371,132,151,64
372,132,148,64
370,135,151,62
370,132,151,68
370,131,150,70
370,132,151,69
370,131,151,73
373,131,150,74
373,132,150,73
374,132,152,74
377,130,149,82
378,130,150,82
379,129,149,81
381,130,149,78
382,128,148,81
383,125,145,84
384,124,147,88
385,123,146,88
388,123,142,87
387,124,145,89
390,123,142,87
393,121,137,89
392,121,140,89
392,120,141,91
391,122,141,87
395,118,134,89
397,117,132,88
395,115,134,95
393,116,138,87
396,115,132,86
396,119,132,79
399,116,128,87
397,114,130,88
398,114,130,89
397,117,127,82
398,114,129,91
398,112,130,91
400,112,126,92
399,114,127,87
400,111,125,97
400,110,125,93
400,113,123,95
399,111,126,91
399,113,125,91
398,111,122,91
399,111,121,95
399,109,118,96
401,107,115,102
403,109,111,97
405,108,106,104
402,109,113,98
404,106,110,103
406,107,108,104
404,106,111,106
402,106,114,102
406,104,110,106
408,104,109,107
410,104,107,108
409,103,106,108
409,102,107,110
409,101,101,109
412,100,101,106
414,99,97,110
415,97,96,112
416,96,95,113
418,94,92,111
417,93,92,112
416,93,91,109
419,92,90,113
421,91,87,111
421,90,87,110
421,89,86,111
422,89,83,110
423,89,81,111
423,90,79,108
423,89,80,111
423,89,78,111
424,88,77,111
423,89,77,111
426,87,72,116
429,88,67,117
429,84,65,119
431,88,60,118
433,85,56,122
430,85,57,121
432,82,51,122
431,85,51,123
432,85,47,125
433,85,45,125
431,85,46,127
433,86,40,125
433,85,37,125
433,89,35,126
429,89,35,126
431,88,33,126
427,91,35,124
426,91,38,124
424,93,40,122
422,93,43,123
419,96,45,122
418,95,49,124
417,95,50,124
416,96,52,123
416,95,54,122
413,93,56,124
415,94,52,126
411,95,59,123
413,92,54,125
410,94,59,122
408,95,63,123
409,91,61,122
413,95,54,128
413,92,54,124
413,93,56,125
405,98,67,128
406,96,67,124
407,90,65,121
402,98,73,125
411,90,61,123
403,96,69,127
403,92,69,126
406,97,65,124
409,91,63,122
405,95,64,126
407,93,64,125
405,101,63,128
409,99,58,123
400,91,69,124
402,97,69,124
392,95,84,121
384,97,92,123
381,95,96,123
384,97,92,121
396,94,78,117
396,96,78,121
388,99,88,122
384,98,94,119
385,95,97,123
389,96,89,120
389,95,90,122
386,96,94,117
388,97,93,117
383,94,100,117
382,93,101,120
384,95,97,119
378,98,100,120
377,92,107,121
375,100,104,118
384,96,98,115
380,96,95,120
379,93,99,124
385,91,95,124
377,91,100,127
378,87,96,129
373,89,97,121
379,85,95,131
375,87,95,131
380,87,91,126
379,87,91,127
379,85,91,132
380,86,91,125
383,86,88,130
377,87,92,124
380,84,94,128
382,86,89,125
380,86,92,127
379,87,94,120
382,86,91,122
378,87,95,125
381,84,98,129
377,87,97,128
381,85,93,123
377,85,94,127
386,83,91,127
383,87,91,127
383,85,94,126
379,86,96,128
383,83,97,129
381,86,95,126
383,83,96,124
380,84,100,129
382,83,97,123
385,86,91,118
385,84,98,123
385,87,96,124
387,85,98,123
386,83,100,127
383,86,101,127
389,81,103,125
386,88,99,121
390,87,98,121
385,86,104,122
389,84,99,126
389,90,99,120
387,87,102,124
387,89,100,124
386,86,104,120
384,88,103,123
390,85,105,122
387,90,102,118
387,88,102,123
388,86,100,121
386,88,101,123
396,88,93,114
389,88,98,120
388,89,97,119
388,87,100,121
386,89,100,120
388,85,99,124
386,88,99,121
388,85,99,126
385,88,102,123
391,89,93,119
387,90,95,121
388,89,98,118
387,91,95,117
385,87,95,119
389,89,94,120
387,87,95,123
385,86,98,127
386,86,98,120
382,88,101,121
388,87,96,115
384,88,99,118
391,85,95,119
385,88,100,115
388,88,99,115
387,88,100,116
385,88,102,114
386,86,102,119
385,88,103,117
389,86,98,116
385,89,102,117
385,89,103,117
387,88,100,120
384,90,102,115
385,90,100,118
391,88,99,114
385,91,102,111
388,92,101,110
385,92,102,110
386,93,103,108
387,91,101,110
385,95,103,108
387,90,104,111
383,95,105,108
382,92,110,109
383,96,108,105
379,95,112,106
381,97,110,107
377,95,117,105
378,98,114,105
379,96,115,99
381,96,115,101
372,97,121,101
381,98,115,101
375,99,120,104
382,99,114,82
381,98,115,82
383,101,116,72
366,112,128,71
362,103,136,77
368,104,130,74
366,107,133,69
369,105,131,70
365,106,131,70
363,106,136,70
363,111,143,63
356,111,142,63
361,113,139,60
359,110,141,63
360,111,142,65
363,112,142,63
358,113,145,62
361,117,146,57
365,114,140,60
357,114,145,60
359,117,147,58
359,116,144,57
360,116,145,59
360,117,147,56
363,119,143,55
362,118,142,56
356,122,148,51
361,123,147,51
355,122,150,52
358,123,148,51
354,124,153,49
358,124,149,51
359,125,148,48
358,124,149,51
360,125,147,50
358,125,147,49
357,126,150,48
359,127,147,46
360,128,147,47
362,128,145,47
358,129,150,47
349,132,158,46
366,136,142,42
367,140,142,39
374,144,132,40
387,147,116,42
379,149,123,40
378,151,124,41
386,149,112,49
383,153,116,45
366,152,129,47
366,152,128,48
356,149,137,53
350,150,140,51
336,152,153,49
322,150,164,55
310,150,172,57
289,152,189,50
282,146,192,69
278,140,196,68
272,143,195,80
269,134,197,71
263,134,203,87
256,134,204,90
248,126,208,99
248,128,207,103
244,131,200,91
241,126,205,98
236,129,203,92
238,115,198,114
237,115,202,129
235,110,206,150
230,103,209,167
242,102,199,182
257,98,194,190
276,97,182,205
246,97,228,214
268,97,215,227
275,100,225,237
284,103,234,247
291,108,244,238
291,110,263,238
301,118,262,225
280,127,293,226
269,130,309,223
282,132,309,228
283,145,316,215
288,140,313,207
292,151,321,205
279,163,341,190
284,164,330,180
283,168,339,175
281,172,348,182
296,173,334,176
