1,64,46,39
0,63,46,39
1,61,47,39
1,61,47,39
0,58,51,40
1,54,49,40
2,52,48,40
1,52,51,41
2,54,51,41
2,58,51,40
3,64,51,41
5,72,50,41
5,81,52,42
11,93,49,42
13,107,49,41
17,122,47,40
19,142,46,37
23,161,44,37
22,150,43,35
22,137,43,37
20,127,45,37
19,118,45,37
15,111,49,39
14,107,50,38
13,103,51,40
12,101,51,40
12,101,49,43
14,104,46,40
12,108,48,41
12,113,49,41
13,122,47,40
16,133,47,40
13,143,50,41
15,158,50,41
17,159,47,38
16,150,47,37
15,141,48,40
14,135,51,41
14,132,48,40
15,128,51,41
13,128,52,43
17,130,49,43
19,133,46,42
20,138,49,42
20,147,50,41
24,158,49,41
26,167,49,41
24,159,49,41
23,154,48,40
23,150,49,39
25,145,49,41
25,145,48,42
24,146,51,43
26,152,49,39
26,156,49,43
28,166,51,41
27,170,50,43
26,164,53,42
27,160,53,41
27,159,51,41
27,158,52,44
29,159,52,42
27,164,56,44
31,167,54,46
30,172,54,45
31,167,56,44
31,166,52,43
32,166,53,44
31,166,55,45
31,168,56,45
31,170,55,46
31,176,56,48
29,174,55,46
30,174,55,46
30,173,55,46
28,173,56,46
29,177,58,46
28,178,56,49
28,178,55,48
28,176,57,47
28,178,57,47
28,179,58,50
26,182,62,47
28,181,56,50
27,180,59,51
27,182,60,51
25,184,62,52
26,183,62,51
26,184,60,52
27,186,60,51
26,186,60,50
25,187,59,54
27,186,62,55
24,188,64,53
28,190,61,54
24,189,64,56
26,190,63,56
26,194,67,57
26,192,63,56
26,193,66,60
25,194,66,57
26,195,66,56
27,197,64,57
25,196,68,57
27,198,69,56
27,199,66,58
27,199,69,61
24,201,71,61
29,201,68,60
27,203,68,61
30,205,73,60
28,204,69,64
32,207,69,65
28,206,73,64
30,206,76,66
32,210,75,67
30,209,74,66
34,212,78,68
35,213,76,65
33,214,78,68
37,215,76,64
38,215,78,68
38,218,81,72
41,216,76,71
40,221,77,71
40,221,84,71
40,225,84,71
45,225,82,74
43,225,83,73
46,227,85,74
48,229,86,78
44,232,88,79
51,233,87,78
48,232,91,80
51,236,87,80
55,237,88,83
57,242,89,82
60,245,96,80
57,241,94,88
64,245,97,87
62,248,99,85
67,258,95,78
71,253,101,91
72,253,104,94
76,257,99,95
80,260,107,93
88,264,102,91
85,267,107,90
91,272,113,82
97,280,115,79
101,279,110,70
101,282,117,77
108,289,114,71
118,290,113,69
123,296,115,66
133,301,113,61
133,305,121,57
141,308,119,53
150,316,118,45
160,323,117,39
171,328,118,31
185,334,125,29
185,334,125,29
185,334,125,29
185,334,125,29
229,311,110,40
238,319,106,39
245,313,106,46
255,317,101,41
264,325,104,35
264,325,104,35
264,325,104,35
290,336,101,27
290,336,101,27
308,346,83,29
308,346,83,29
308,346,83,29
308,346,83,29
308,346,83,29
