302,72,24,30
301,72,23,26
300,73,24,26
299,74,26,27
298,75,27,27
296,75,30,26
294,75,30,28
292,78,29,27
288,79,30,27
288,79,29,26
285,80,30,27
283,80,32,27
279,82,36,27
276,86,35,25
273,89,35,26
268,90,38,26
262,91,39,26
257,91,40,27
254,93,38,26
248,94,38,28
241,93,42,28
241,93,39,29
237,94,41,29
232,94,43,28
229,92,45,30
225,90,46,30
225,87,43,31
223,86,38,32
221,86,35,31
220,85,38,31
217,84,43,31
215,86,46,31
213,85,48,30
209,85,49,30
205,84,49,31
205,84,45,33
201,85,45,33
198,86,46,32
193,87,50,31
189,87,48,32
183,92,44,27
176,94,47,29
170,92,51,29
163,90,54,32
158,92,52,31
152,93,49,32
149,92,51,35
142,94,54,29
77,63,50,32
74,62,53,34
129,94,46,33
126,95,47,32
122,97,47,31
81,64,43,34
114,98,44,29
113,98,42,29
109,101,48,31
106,103,50,31
102,105,53,29
99,103,60,32
97,103,60,32
95,102,63,33
99,103,60,30
101,103,58,28
101,103,58,32
99,104,59,34
100,105,61,35
102,105,57,33
104,105,59,34
107,110,56,30
121,112,44,28
163,64,35,32
168,66,35,29
173,65,35,29
180,67,34,26
180,67,34,26
114,112,33,30
117,110,40,30
114,104,46,33
114,102,54,35
115,104,57,34
119,104,58,35
127,104,54,35
133,105,49,32
136,102,54,36
137,101,57,39
144,102,54,35
151,103,54,34
157,102,51,35
161,104,52,35
164,103,55,37
171,104,56,39
181,106,50,37
190,109,52,35
199,109,49,37
206,111,50,35
214,116,49,33
225,119,46,31
236,122,45,31
248,125,41,32
258,128,40,31
269,130,44,31
279,130,46,32
288,131,45,32
299,132,41,31
309,134,42,31
318,136,44,32
329,136,40,32
339,139,41,32
349,141,43,32
358,143,45,33
371,143,44,35
381,146,45,34
391,148,48,35
402,150,48,34
413,152,48,33
425,154,46,33
436,155,46,34
443,157,50,35
455,161,48,34
467,162,46,34
476,164,46,34
484,165,48,32
489,168,47,32
497,170,45,32
501,173,49,33
504,177,52,34
506,180,53,31
512,179,48,31
513,180,48,32
516,182,44,32
517,181,40,31
518,184,41,32
518,185,39,31
521,187,40,32
522,189,39,32
522,190,44,32
522,192,47,33
521,193,50,31
522,194,43,32
522,194,38,30
519,195,39,32
517,198,39,32
515,198,37,33
514,199,39,30
511,202,43,32
509,206,46,33
504,209,47,35
502,209,50,33
501,210,46,33
499,212,45,33
494,215,44,34
490,218,44,32
488,219,46,33
487,221,45,31
484,223,47,32
479,224,49,34
476,226,44,33
475,226,44,36
473,226,45,35
467,229,50,35
462,232,45,35
459,233,39,34
457,233,45,40
454,237,49,37
452,237,52,37
449,240,46,35
443,240,46,34
440,239,52,36
441,240,51,36
438,242,49,37
433,242,46,37
430,241,47,37
427,240,54,38
427,242,54,34
424,243,53,35
420,241,53,37
416,239,45,38
413,237,46,41
410,236,51,44
408,238,53,43
405,238,43,35
401,236,46,34
399,235,52,36
400,235,50,39
397,237,50,40
394,236,52,40
391,236,51,37
386,235,54,40
382,235,59,42
382,235,55,40
380,237,54,38
373,238,46,36
379,238,41,35
378,235,44,41
377,237,46,41
376,235,53,48
375,237,56,53
374,234,57,55
369,235,62,54
375,237,52,52
372,235,55,58
369,234,55,56
367,233,59,57
368,229,56,56
367,230,60,56
369,233,48,46
365,236,58,44
362,239,59,40
360,239,58,40
360,239,55,40
361,240,50,39
361,241,46,39
360,242,43,41
358,245,37,40
357,246,42,42
355,248,38,41
352,247,41,38
352,248,41,39
353,247,42,43
352,248,46,45
352,249,45,47
351,252,47,45
349,254,52,47
347,259,52,41
347,259,47,42
347,259,45,43
346,259,46,42
346,259,42,46
343,261,39,46
341,264,39,44
337,266,41,41
332,267,47,37
330,266,49,38
329,266,53,40
328,268,51,43
326,269,51,48
324,271,55,49
319,273,59,45
312,271,63,47
312,271,51,47
311,270,54,50
310,270,56,48
307,270,58,48
305,270,53,48
302,269,53,50
298,266,56,53
294,265,56,57
293,267,51,55
291,267,58,56
290,269,52,52
286,269,58,53
286,267,56,55
282,267,57,54
281,265,55,55
277,267,56,53
269,267,59,52
261,262,60,56
255,260,62,57
251,259,60,54
245,256,63,56
240,255,63,54
234,253,65,53
229,250,65,55
222,250,52,56
216,248,51,55
210,249,48,50
203,247,53,52
194,245,54,56
185,246,55,51
175,244,60,52
168,245,63,54
159,250,68,52
147,250,69,52
137,248,72,52
123,248,85,55
118,250,79,52
115,249,71,55
108,248,74,58
104,252,73,55
99,252,75,57
94,250,74,60
90,251,60,61
89,251,62,59
88,250,54,62
86,249,54,61
84,251,60,61
80,251,64,61
76,251,72,60
73,249,74,61
72,249,71,60
75,252,70,59
73,251,73,60
69,253,74,58
65,256,78,54
56,255,87,57
55,257,86,54
51,257,90,54
52,260,89,50
49,260,85,52
49,260,77,51
42,259,83,52
34,261,79,51
