151,103,168,166
141,110,171,154
134,109,174,155
127,106,168,158
121,103,171,158
123,100,171,163
119,92,174,164
127,95,168,150
125,93,171,154
128,87,179,155
140,75,165,153
158,75,163,159
163,70,163,159
189,68,157,145
220,69,150,141
258,68,141,136
290,65,136,129
320,71,136,125
334,74,136,122
358,82,135,120
373,81,137,121
373,86,136,125
373,92,134,118
368,98,126,122
361,98,124,123
330,99,131,120
305,97,125,120
293,96,123,115
232,94,124,110
201,92,112,109
130,84,124,112
94,77,124,110
43,58,121,111
10,32,102,140
7,26,91,139
3,32,88,130
3,32,88,130
3,32,88,130
3,32,88,130
3,32,88,130
0,12,113,132
0,12,113,132
22,64,105,120
48,78,93,114
98,100,98,111
120,112,114,109
184,126,105,107
215,128,101,105
238,132,105,102
286,134,105,103
312,132,110,102
326,126,110,108
328,125,115,104
327,121,121,111
310,127,117,112
279,138,113,114
227,152,130,106
161,156,132,116
114,156,143,118
112,151,137,125
22,125,131,143
22,125,131,143
22,125,131,143
22,125,131,143
22,125,131,143
22,125,131,143
22,125,131,143
22,125,131,143
22,125,131,143
22,125,131,143
22,125,131,143
22,125,131,143
22,125,131,143
47,136,122,139
143,161,138,123
207,165,139,105
233,164,132,99
231,160,139,100
271,147,125,99
279,141,123,101
287,138,122,100
280,137,121,103
243,148,126,103
221,150,139,107
156,155,145,116
87,160,156,112
59,154,141,114
18,137,112,130
0,145,96,143
0,145,96,143
0,145,96,143
0,145,96,143
0,145,96,143
0,145,96,143
0,145,96,143
0,145,96,143
0,145,96,143
0,145,96,143
0,145,96,143
0,145,96,143
10,130,81,130
59,137,100,131
114,164,128,128
178,179,137,124
239,176,135,114
261,171,121,110
288,151,121,112
303,120,128,116
300,114,134,120
279,105,141,125
251,99,149,135
205,95,168,137
175,100,162,139
146,98,169,127
144,95,129,113
142,98,114,106
151,99,110,101
179,105,88,94
203,118,77,86
219,125,81,79
223,127,81,81
231,123,82,80
232,124,88,78
248,120,84,86
255,119,85,87
259,120,87,93
260,121,100,104
260,121,104,103
253,109,116,116
242,102,124,126
245,87,131,129
228,42,143,145
214,29,143,150
204,16,149,155
202,15,148,167
203,22,149,157
212,39,132,163
231,72,127,136
235,88,119,132
243,102,109,119
243,104,119,114
263,108,97,105
274,107,87,96
277,92,79,81
274,81,73,73
275,65,78,70
270,57,78,72
263,46,70,73
263,49,73,73
259,54,70,73
256,61,74,71
252,61,74,79
242,74,79,83
236,75,83,86
232,72,96,96
225,56,107,111
220,24,123,118
210,1,133,119
207,-2,142,106
215,-3,146,89
209,-6,148,71
211,1,155,85
219,10,148,109
214,2,152,123
247,81,137,139
269,116,121,119
295,150,111,108
300,158,110,101
308,176,106,105
317,195,110,91
325,195,102,86
328,198,102,81
326,202,104,81
329,205,98,72
329,204,99,75
328,207,101,74
331,204,95,80
328,200,100,86
327,204,102,78
324,200,102,79
328,205,101,76
326,209,105,76
327,204,101,77
327,201,100,73
329,205,99,76
328,204,103,79
325,199,102,80
324,198,109,79
327,199,99,80
325,191,95,89
318,193,97,91
300,194,105,83
294,192,113,83
268,181,104,85
265,178,105,87
210,169,108,92
172,180,112,101
131,206,116,93
101,216,125,90
99,215,128,86
92,212,129,84
95,212,127,90
102,213,128,92
110,210,128,97
113,212,119,94
108,211,118,97
114,214,113,88
113,216,115,90
110,214,118,85
113,214,116,89
111,217,115,90
110,214,116,89
111,212,117,90
112,210,124,90
131,201,112,92
155,189,108,93
158,182,110,99
189,172,109,95
194,170,117,94
219,174,116,95
244,180,112,90
249,184,110,88
294,200,100,103
302,193,96,109
294,193,102,99
296,194,103,100
293,195,100,103
294,197,94,104
276,186,99,88
270,179,104,95
257,158,107,89
234,150,104,90
227,149,105,87
185,148,112,91
156,145,109,96
111,140,122,103
75,146,120,103
25,160,113,117
3,183,115,113
3,183,115,113
3,183,115,113
3,183,115,113
3,183,115,113
3,183,115,113
3,183,115,113
3,183,115,113
2,2,113,101
6,0,98,83
24,1,86,97
24,1,86,97
24,3,103,105
0,6,99,118
0,6,99,118
41,182,72,115
48,179,66,111
106,162,82,105
149,169,102,102
200,162,126,106
247,161,134,110
278,157,140,115
311,157,135,116
311,155,137,117
309,158,133,117
281,165,141,117
238,175,147,107
235,176,147,108
140,164,150,114
78,142,148,117
72,138,146,127
1,93,118,129
1,93,118,129
1,93,118,129
1,93,118,129
1,93,118,129
1,93,118,129
1,93,118,129
1,93,118,129
11,100,111,131
3,83,119,156
69,109,143,165
131,163,174,149
227,193,180,162
297,208,173,143
322,189,174,140
334,174,169,138
345,170,159,129
342,162,158,132
322,157,160,124
322,152,152,128
282,156,153,124
263,153,160,123
198,146,175,125
190,144,179,129
132,144,170,120
134,147,153,120
74,135,153,124
70,136,149,126
16,99,137,155
-8,107,108,180
-8,107,108,180
-8,107,108,180
-8,107,108,180
-8,107,108,180
-8,107,108,180
-8,107,108,180
-8,107,108,180
-8,107,108,180
-8,107,108,180
-8,107,108,180
-8,107,108,180
7,111,98,178
0,111,104,170
64,122,126,161
130,145,139,140
201,162,148,115
237,159,141,110
239,159,138,112
280,152,132,105
288,146,124,113
314,137,123,109
318,128,122,108
312,125,119,108
289,129,115,108
269,131,119,106
265,133,111,108
216,131,116,104
162,133,118,102
110,133,117,109
73,137,115,106
68,139,105,104
53,136,101,106
47,134,100,102
31,137,111,96
41,138,97,94
45,140,102,95
52,145,104,90
65,147,103,93
76,151,103,94
101,164,101,86
140,174,100,85
159,175,96,88
160,178,102,80
195,183,107,80
202,184,101,81
261,175,108,85
294,167,95,88
309,159,97,93
324,148,105,98
325,136,111,105
313,128,115,115
268,123,136,125
231,116,149,132
156,115,165,147
129,114,177,147
66,126,163,133
32,129,163,146
28,141,138,134
44,154,118,126
55,163,122,112
90,171,125,100
91,175,128,98
155,184,106,88
177,186,104,85
213,190,108,79
237,187,99,79
274,184,99,79
281,181,94,80
306,167,99,84
313,157,106,95
313,154,111,92
315,148,113,101
307,143,117,99
281,138,132,110
247,134,148,117
174,126,175,132
112,117,179,144
72,104,158,148
34,99,144,159
6,103,137,161
11,116,114,151
35,132,99,137
40,146,98,123
59,155,107,122
62,165,111,108
115,178,116,98
161,181,103,92
195,184,107,88
221,180,102,87
240,173,125,90
272,160,106,90
292,150,98,94
290,149,105,93
292,145,113,97
292,138,108,104
272,140,116,104
229,143,133,108
175,141,136,116
123,139,148,122
76,124,145,136
47,97,128,136
52,88,110,147
63,84,95,149
36,49,112,135
28,51,123,142
52,69,118,151
71,98,125,152
78,111,134,141
106,121,137,141
128,116,141,133
131,106,163,137
161,67,168,149
184,7,180,153
184,7,180,153
184,7,180,153
184,7,180,153
184,7,180,153
184,7,180,153
184,7,180,153
184,7,180,153
184,7,180,153
184,7,180,153
184,7,180,153
184,7,180,153
184,7,180,153
184,7,180,153
184,7,180,153
184,7,180,153
184,7,180,153
184,7,180,153
184,7,180,153
184,7,180,153
184,7,180,153
184,7,180,153
184,7,180,153
184,7,180,153
184,7,180,153
184,7,180,153
184,7,180,153
184,7,180,153
184,7,180,153
184,7,180,153
184,7,180,153
184,7,180,153
184,7,180,153
184,7,180,153
184,7,180,153
184,7,180,153
184,7,180,153
184,7,180,153
184,7,180,153
184,7,180,153
184,7,180,153
184,7,180,153
184,7,180,153
184,7,180,153
184,7,180,153
184,7,180,153
184,7,180,153
184,7,180,153
184,7,180,153
184,7,180,153
184,7,180,153
184,7,180,153
184,7,180,153
184,7,180,153
-24,171,144,162
19,181,163,133
56,176,156,127
94,176,142,117
170,163,127,113
231,152,131,113
235,143,135,122
306,126,119,113
324,120,116,107
330,111,123,108
331,108,121,108
331,105,124,112
322,111,120,114
302,123,118,111
259,131,125,117
205,144,133,114
165,143,151,121
108,143,138,123
60,136,124,130
1,122,109,142
-2,117,95,171
-2,117,95,171
-2,117,95,171
-2,117,95,171
-2,117,95,171
-2,117,95,171
-2,117,95,171
-2,117,95,171
-1,134,78,159
20,141,93,135
53,151,109,114
80,160,124,98
118,170,116,92
158,176,99,82
168,172,98,87
195,171,90,79
198,172,92,76
206,176,97,80
218,182,91,79
227,205,85,69
236,208,77,62
236,201,81,67
236,202,79,71
234,208,78,68
235,204,80,64
237,208,79,64
237,207,74,64
236,205,75,67
236,204,80,69
235,203,82,68
234,202,84,69
232,190,86,80
233,179,83,78
232,175,83,76
231,172,86,80
231,170,84,84
226,177,90,83
227,184,91,76
219,209,95,76
213,213,99,68
212,206,99,73
211,204,99,77
208,203,100,77
212,198,96,82
212,199,93,82
210,192,98,84
207,184,104,86
206,179,103,91
209,168,102,86
210,162,103,86
218,151,104,96
220,145,104,102
220,147,105,103
221,154,112,103
219,169,119,105
218,181,126,117
222,190,121,123
213,222,122,125
203,216,128,129
206,219,128,128
207,218,128,125
201,221,136,127
206,214,128,132
203,213,135,134
201,214,134,130
204,208,136,134
213,202,125,121
217,199,120,106
216,196,117,98
218,195,112,95
214,177,114,91
219,161,104,94
223,154,93,88
221,153,89,89
225,149,87,84
225,148,82,80
229,156,77,80
234,166,75,78
230,172,74,71
237,187,71,72
234,200,74,67
229,202,73,58
229,202,72,55
228,201,70,58
227,204,71,61
226,202,73,57
227,201,73,63
231,198,69,62
228,171,74,70
229,186,72,69
227,182,73,71
229,142,87,78
235,133,94,86
236,133,98,90
243,129,103,96
241,127,118,113
242,127,120,109
244,112,130,121
234,99,142,142
225,85,148,156
204,76,157,162
194,75,158,165
184,78,167,164
165,89,164,165
153,99,170,158
123,115,165,146
116,113,150,142
113,116,138,135
108,116,145,128
110,113,126,125
103,111,125,133
104,105,115,120
102,104,112,114
107,101,114,113
104,86,104,100
115,87,96,96
120,94,95,88
132,91,94,84
138,92,96,80
158,82,88,91
167,88,83,90
187,101,85,85
199,105,83,86
212,107,91,93
219,104,94,97
241,110,103,110
252,108,112,119
248,101,127,130
234,93,138,139
204,77,151,155
184,76,164,154
136,55,182,169
4,18,198,194
0,17,165,188
1,18,125,172
0,26,117,168
-2,36,126,166
20,37,112,168
28,65,123,142
41,78,116,130
104,106,110,120
193,128,102,105
241,145,118,99
284,149,125,112
287,147,125,115
295,133,132,119
272,112,143,128
228,93,146,139
172,82,166,154
140,73,180,163
91,66,158,171
63,63,164,175
57,70,141,167
14,70,145,163
6,75,143,164
1,87,118,150
11,100,117,135
21,101,117,132
30,108,120,128
62,120,119,119
102,127,121,116
148,139,118,110
179,143,118,110
219,146,132,108
224,141,137,115
254,139,141,115
263,135,142,117
264,119,151,119
260,105,150,130
244,90,168,146
206,52,161,163
151,32,167,160
110,23,151,155
112,28,158,151
23,26,171,140
31,21,147,139
46,10,134,140
61,10,125,133
57,7,133,131
92,3,120,122
117,4,114,119
129,6,115,123
142,8,117,127
171,26,118,130
187,49,124,120
193,74,135,126
197,80,129,126
179,88,147,135
165,96,149,131
124,105,157,132
87,112,145,136
74,120,142,132
56,126,129,126
0,128,111,161
-5,133,106,154
-5,133,106,154
-5,133,106,154
-5,133,106,154
107,180,120,133
107,180,120,133
107,180,120,133
107,180,120,133
107,180,120,133
107,180,120,133
107,180,120,133
107,180,120,133
0,152,96,130
42,132,76,112
46,134,75,110
92,134,91,111
81,137,105,108
135,142,102,101
136,147,104,97
179,153,99,86
195,152,95,86
202,153,94,88
228,159,88,81
237,166,89,74
241,179,94,81
242,183,90,85
248,206,87,75
252,204,81,67
253,202,78,65
254,199,81,59
252,199,81,69
253,202,78,66
250,203,76,71
248,206,79,68
250,203,78,66
241,203,80,68
234,194,82,67
219,161,87,83
198,148,100,88
188,137,105,97
176,123,107,104
144,96,132,118
129,78,139,136
121,71,134,138
87,41,165,162
75,28,173,166
73,21,169,173
42,3,183,177
25,-3,196,180
27,-2,189,171
14,0,201,192
3,21,198,206
17,57,184,199
31,67,176,188
43,118,160,167
40,128,158,154
45,138,128,145
16,135,145,139
10,135,159,125
-3,126,146,129
0,127,110,128
0,122,95,118
-3,123,76,112
-3,123,76,112
-3,123,76,112
121,181,92,94
121,181,92,94
121,181,92,94
121,181,92,94
5,171,81,109
43,184,63,103
58,177,64,116
73,178,77,115
125,168,96,135
120,165,119,146
171,162,143,149
238,161,145,148
268,156,141,155
272,150,143,155
259,152,150,152
216,158,161,149
157,161,161,163
140,163,173,162
51,160,150,151
-4,136,122,145
105,173,126,118
105,173,126,118
105,173,126,118
105,173,126,118
105,173,126,118
105,173,126,118
105,173,126,118
105,173,126,118
105,173,126,118
105,173,126,118
105,173,126,118
105,173,126,118
105,173,126,118
105,173,126,118
105,173,126,118
107,181,123,96
104,190,118,69
104,190,118,69
102,206,122,52
102,206,122,52
102,206,122,52
102,206,122,52
102,206,122,52
102,206,122,52
102,206,122,52
102,206,122,52
102,206,122,52
102,206,122,52
102,206,122,52
102,206,122,52
102,206,122,52
102,206,122,52
105,207,120,50
105,207,120,50
105,207,120,50
106,207,119,49
106,207,119,49
106,207,119,49
106,207,119,49
106,207,119,49
106,207,119,49
106,206,117,50
106,206,117,50
106,206,117,50
106,206,117,50
106,206,117,50
109,206,115,50
108,207,119,51
108,207,119,51
108,207,119,51
108,207,119,51
108,207,119,51
108,207,119,51
108,207,119,51
108,207,119,51
108,206,119,52
108,206,117,51
105,207,120,48
107,206,116,49
106,206,117,50
105,205,118,50
106,207,120,47
37,53,114,67
84,47,117,90
116,32,116,118
161,23,143,147
193,16,154,151
206,10,149,153
211,7,158,153
221,11,140,150
208,8,140,148
185,5,138,135
174,5,128,129
152,6,136,126
121,4,139,128
105,6,145,121
67,6,136,130
55,10,132,133
56,10,117,140
62,14,110,140
51,22,119,142
42,29,145,146
37,33,142,148
94,60,136,140
129,80,126,132
135,92,137,121
204,105,138,127
224,109,131,130
270,97,127,126
284,85,137,131
291,83,134,129
301,74,129,136
309,67,126,127
307,51,120,123
283,46,128,121
260,38,125,112
234,41,135,109
191,35,120,110
175,31,122,108
116,30,123,112
86,30,125,114
48,27,116,120
48,28,117,120
3,12,112,139
0,14,100,142
3,31,95,132
3,32,99,135
42,62,82,131
49,76,88,126
47,81,98,125
67,109,113,125
113,131,122,122
139,138,126,126
165,144,125,129
163,152,144,119
243,165,136,112
252,160,128,119
287,147,127,119
305,130,128,117
313,113,127,118
310,110,130,122
302,99,131,125
295,91,131,128
240,79,138,143
220,81,144,147
161,86,155,149
110,88,150,152
98,90,142,150
72,92,135,147
60,95,135,137
54,100,119,125
54,98,111,122
51,102,103,116
49,108,110,108
53,111,112,101
51,112,113,104
71,113,103,101
70,119,114,96
107,123,90,92
111,125,97,91
144,126,96,93
181,131,92,89
214,134,92,86
228,134,97,89
239,135,90,90
266,130,97,91
272,122,99,101
271,117,103,106
268,113,104,104
257,101,116,114
247,91,119,122
234,83,119,129
165,63,139,143
119,51,152,137
61,46,146,138
24,38,141,150
5,37,114,164
3,29,111,167
-1,74,90,134
10,105,90,113
38,129,82,114
66,166,106,109
112,192,118,97
176,200,112,88
189,199,113,82
192,197,126,83
207,190,117,91
231,190,110,94
253,201,105,108
249,203,119,105
261,206,110,115
261,213,115,105
261,215,115,112
262,215,119,108
260,215,121,109
265,214,113,114
266,218,108,112
266,219,108,105
268,217,109,104
266,219,114,103
265,216,110,104
268,218,109,94
266,217,116,106
261,214,118,115
264,214,115,118
259,211,123,107
260,210,118,116
262,216,114,103
263,214,113,102
259,216,120,100
261,213,119,120
258,216,123,117
258,209,118,133
258,211,122,128
255,210,125,129
258,210,122,140
257,211,124,135
259,214,120,113
261,210,115,122
257,207,117,122
252,216,118,114
249,217,119,115
246,216,121,114
243,218,125,109
243,217,121,118
244,214,120,125
242,216,126,115
241,219,125,111
240,215,128,114
240,214,129,124
238,217,128,110
233,214,123,107
221,205,124,111
210,200,128,103
187,177,130,112
141,159,138,106
105,127,131,119
67,94,129,135
45,88,117,139
22,94,109,136
13,107,95,137
1,116,101,135
1,119,103,148
2,120,106,159
48,162,86,129
63,164,111,135
105,169,137,127
162,177,145,119
191,181,146,117
257,181,135,118
298,190,144,114
317,193,150,116
320,192,151,118
311,197,145,122
310,203,146,120
267,203,130,118
187,189,152,117
154,177,151,118
77,139,153,132
49,122,151,138
11,100,145,155
-4,95,117,159
10,97,98,163
10,97,98,163
10,97,98,163
110,174,107,133
112,178,108,105
112,188,106,73
106,202,121,58
106,202,121,58
99,200,129,53
99,200,129,53
102,205,125,53
110,207,112,48
107,208,118,51
110,208,113,47
108,207,115,51
106,206,118,49
108,207,118,49
101,204,125,53
107,206,118,49
109,207,115,50
109,208,118,49
106,208,117,50
103,207,120,48
106,206,121,51
104,207,124,53
105,207,123,50
107,207,120,49
104,208,122,49
107,207,118,49
108,208,116,47
110,207,107,50
110,208,116,46
109,208,118,49
108,207,118,48
107,207,117,50
105,207,124,54
104,207,128,48
104,207,120,50
108,208,120,49
108,208,118,50
108,207,119,50
107,208,118,51
104,207,121,51
106,207,119,48
106,207,125,49
105,205,122,50
100,207,127,51
104,201,120,54
104,207,124,49
104,207,129,50
