358,127,60,91
355,124,62,92
358,122,58,91
355,123,58,91
353,121,60,88
351,116,62,90
351,111,62,91
352,108,58,91
352,108,60,90
352,106,57,92
353,105,59,93
353,104,60,94
355,108,58,93
354,112,57,89
354,114,60,90
357,117,56,90
356,116,62,94
356,120,61,89
354,122,62,90
352,122,61,90
347,123,62,88
343,121,60,89
339,121,60,86
337,117,58,88
337,115,57,83
334,111,57,83
334,106,52,82
331,95,52,89
327,91,55,90
327,88,55,87
329,88,53,86
330,88,55,88
334,91,56,91
339,95,57,88
342,97,53,86
339,95,56,85
337,91,54,86
333,85,54,91
333,79,52,93
326,76,60,94
327,73,55,90
321,73,59,87
318,71,58,86
314,66,59,87
312,62,55,86
308,60,54,84
309,54,58,84
310,51,55,80
312,45,56,82
315,40,51,81
316,34,54,83
318,28,54,89
321,25,52,85
325,21,51,79
331,16,53,80
336,13,54,83
342,8,54,83
348,5,53,86
355,2,52,88
363,0,51,91
369,0,51,88
378,3,50,87
385,3,53,89
393,2,52,89
401,6,46,82
409,10,49,81
411,10,52,91
414,11,53,94
417,17,55,86
417,20,48,91
412,21,47,89
406,22,48,90
396,22,55,92
388,24,53,89
378,25,56,85
371,22,54,88
364,21,52,91
356,15,55,102
350,16,55,98
341,17,59,92
336,16,56,91
331,15,56,88
326,15,57,92
323,17,54,93
311,19,56,91
307,23,55,92
302,25,57,93
298,29,58,91
294,30,56,92
297,31,56,93
301,34,55,87
305,34,56,88
311,33,55,93
317,35,55,86
322,34,55,84
327,33,57,87
333,35,58,83
342,32,55,91
346,32,57,92
350,35,57,91
354,36,55,93
356,37,57,93
362,39,51,96
362,41,54,96
368,45,51,95
376,49,43,93
386,55,38,90
383,59,49,89
374,63,60,91
374,64,61,89
373,65,59,88
374,65,46,93
373,65,45,91
353,71,52,86
353,71,52,86
353,71,52,86
353,71,52,86
353,71,52,86
353,71,52,86
353,71,52,86
353,71,52,86
353,71,52,86
353,71,52,86
353,71,52,86
353,71,52,86
353,71,52,86
353,71,52,86
353,71,52,86
353,71,52,86
353,71,52,86
353,71,52,86
353,71,52,86
353,71,52,86
353,71,52,86
353,71,52,86
353,71,52,86
353,71,52,86
353,71,52,86
353,71,52,86
353,71,52,86
353,71,52,86
353,71,52,86
353,71,52,86
353,71,52,86
353,71,52,86
353,71,52,86
353,71,52,86
353,71,52,86
353,71,52,86
353,71,52,86
353,71,52,86
353,71,52,86
353,71,52,86
353,71,52,86
353,71,52,86
353,71,52,86
353,71,52,86
353,71,52,86
353,71,52,86
353,71,52,86
353,71,52,86
353,71,52,86
336,60,55,88
346,73,53,77
354,76,55,77
358,75,57,76
364,78,60,75
364,78,60,75
364,78,60,75
364,78,60,75
364,78,60,75
364,78,60,75
364,78,60,75
364,78,60,75
364,78,60,75
364,78,60,75
364,78,60,75
364,78,60,75
364,78,60,75
364,78,60,75
426,68,62,81
432,70,60,78
431,69,65,76
428,67,75,82
427,69,80,79
432,70,82,82
432,67,81,83
442,67,79,78
451,65,71,83
446,68,81,74
451,66,81,78
453,63,86,79
457,60,85,80
465,57,82,83
464,55,84,81
464,56,86,78
466,52,85,81
464,51,87,80
464,49,84,82
462,47,85,81
459,46,88,82
462,47,86,80
458,48,89,80
459,49,91,80
461,51,85,81
462,51,89,83
459,50,90,84
457,53,94,82
459,52,95,83
458,53,92,83
458,55,95,79
459,56,91,79
459,60,80,72
460,59,84,74
459,60,86,73
460,61,78,73
459,61,85,70
461,59,85,73
461,60,84,75
462,59,83,71
463,60,84,79
462,59,85,73
460,58,91,76
461,61,84,71
462,60,89,77
457,60,90,80
455,61,88,83
450,60,89,83
447,60,87,85
445,59,84,88
440,62,87,88
442,61,69,82
438,59,69,85
432,61,68,81
424,59,70,83
419,63,66,84
416,60,60,88
404,60,66,86
399,61,65,85
391,59,65,87
384,59,67,88
378,59,64,89
373,57,64,84
367,58,64,86
364,62,64,86
357,60,67,90
349,60,71,89
337,59,79,94
339,59,71,88
333,58,74,89
333,56,68,87
335,58,69,86
332,60,66,87
326,58,68,90
326,59,66,90
326,58,66,89
324,60,68,92
325,60,70,89
326,61,67,92
325,62,68,90
324,62,68,94
322,62,68,95
322,63,68,96
321,67,69,92
322,68,70,93
325,70,72,92
326,72,68,96
329,76,71,90
329,78,75,82
330,77,82,86
326,77,92,89
327,79,93,102
336,84,84,104
340,84,88,107
335,83,94,111
332,82,97,112
336,85,91,111
340,83,90,118
326,78,106,119
326,82,107,112
323,81,117,112
330,95,110,96
328,99,110,96
334,105,100,94
335,107,100,92
339,109,98,90
341,112,97,89
344,113,94,86
342,117,99,84
344,121,97,80
342,125,99,76
341,125,103,79
340,135,105,71
341,133,104,75
341,138,104,76
340,138,109,78
341,142,105,74
343,148,104,71
340,145,109,78
340,145,109,78
340,145,109,78
340,145,109,78
340,145,109,78
340,145,109,78
340,145,109,78
340,145,109,78
340,145,109,78
340,145,109,78
340,145,109,78
340,145,109,78
340,145,109,78
340,145,109,78
340,145,109,78
340,145,109,78
329,117,92,77
322,150,97,89
320,165,104,76
320,160,108,79
321,157,104,80
320,165,108,73
318,149,117,86
318,159,111,82
315,150,119,85
317,155,126,84
317,146,115,76
319,153,116,89
321,138,109,84
318,143,117,100
320,156,122,92
336,147,98,71
346,153,90,61
351,157,85,45
352,165,86,39
347,162,92,37
349,165,87,43
347,158,90,44
345,162,94,55
351,155,85,46
345,158,93,40
346,158,88,36
347,157,91,37
350,157,84,36
353,156,81,37
357,156,76,37
360,154,72,41
366,161,70,40
368,156,65,46
374,161,65,49
377,158,66,48
382,159,69,43
382,169,81,35
375,166,92,44
369,161,106,51
368,158,113,50
375,156,111,51
381,153,110,56
387,151,110,58
387,152,116,53
387,149,116,54
393,148,108,55
399,148,103,54
405,148,91,55
413,149,87,52
413,148,94,54
419,150,91,53
422,147,94,57
423,148,95,54
424,146,96,56
425,146,98,56
427,145,98,56
432,144,98,55
434,144,100,53
437,141,102,59
440,140,103,57
441,138,105,55
445,137,105,55
447,136,108,54
451,133,109,56
454,132,108,57
456,122,109,57
458,112,104,58
452,99,105,57
447,85,104,62
444,74,102,62
441,61,99,68
432,50,105,67
422,34,109,70
425,41,97,59
410,31,97,50
402,27,99,56
395,24,93,71
385,21,90,72
369,18,90,74
354,18,92,76
349,19,85,76
340,22,82,75
329,25,81,76
321,31,79,76
314,37,78,75
302,39,79,82
294,46,74,81
291,53,67,82
290,62,64,79
280,69,68,77
271,74,71,79
265,82,73,81
259,92,75,75
251,104,84,73
247,115,85,71
246,129,88,66
242,135,95,69
236,144,103,76
242,166,99,66
249,182,88,62
241,191,89,65
246,199,78,74
242,209,81,79
232,214,87,94
227,222,83,93
223,230,78,85
225,237,74,79
226,245,70,71
222,252,81,66
222,252,81,66
222,252,81,66
222,252,81,66
222,252,81,66
222,252,81,66
222,252,81,66
222,252,81,66
222,252,81,66
222,252,81,66
222,252,81,66
222,252,81,66
222,252,81,66
222,252,81,66
222,252,81,66
222,252,81,66
222,252,81,66
222,252,81,66
222,252,81,66
222,252,81,66
222,252,81,66
222,252,81,66
222,252,81,66
222,252,81,66
222,252,81,66
222,252,81,66
222,252,81,66
222,252,81,66
222,252,81,66
222,252,81,66
222,252,81,66
222,252,81,66
222,252,81,66
222,252,81,66
222,252,81,66
222,252,81,66
222,252,81,66
222,252,81,66
222,252,81,66
222,252,81,66
222,252,81,66
222,252,81,66
222,252,81,66
222,252,81,66
222,252,81,66
222,252,81,66
222,252,81,66
222,252,81,66
222,252,81,66
222,252,81,66
222,252,81,66
222,252,81,66
222,252,81,66
222,252,81,66
222,252,81,66
222,252,81,66
222,252,81,66
222,252,81,66
222,252,81,66
222,252,81,66
222,252,81,66
222,252,81,66
222,252,81,66
222,252,81,66
222,252,81,66
222,252,81,66
222,252,81,66
222,252,81,66
222,252,81,66
222,252,81,66
222,252,81,66
222,252,81,66
222,252,81,66
222,252,81,66
222,252,81,66
222,252,81,66
222,252,81,66
222,252,81,66
222,252,81,66
222,252,81,66
222,252,81,66
222,252,81,66
222,252,81,66
222,252,81,66
222,252,81,66
222,252,81,66
222,252,81,66
222,252,81,66
222,252,81,66
222,252,81,66
222,252,81,66
222,252,81,66
222,252,81,66
222,252,81,66
222,252,81,66
222,252,81,66
222,252,81,66
222,252,81,66
222,252,81,66
222,252,81,66
222,252,81,66
222,252,81,66
381,134,79,61
414,111,66,71
412,101,61,79
407,93,62,92
401,90,62,95
394,91,65,93
392,91,60,92
388,87,60,94
383,87,64,98
376,84,68,101
373,83,66,100
369,85,68,98
367,85,65,99
362,86,67,96
359,87,64,101
355,85,65,102
349,85,68,98
350,85,59,99
344,80,66,100
343,84,62,100
340,77,67,106
341,80,59,101
340,78,63,103
338,81,60,99
334,82,62,98
334,77,63,101
333,75,60,102
331,78,66,102
333,75,60,99
333,78,63,101
330,77,66,99
328,73,64,103
328,68,62,105
325,69,63,103
321,63,63,105
321,60,57,105
312,65,64,105
304,64,66,104
294,66,63,94
288,65,55,96
275,62,57,99
267,61,60,96
260,59,60,96
255,57,59,95
252,55,58,95
249,51,57,99
248,49,58,98
248,46,58,100
252,48,58,98
256,49,62,97
262,52,63,95
267,55,66,98
270,54,66,98
274,55,71,97
281,56,79,97
289,48,86,109
294,49,84,107
305,43,72,109
312,45,70,108
320,39,60,112
329,53,56,102
339,68,51,92
344,68,62,89
376,58,53,93
384,54,45,96
384,54,45,96
384,54,45,96
384,54,45,96
358,61,45,90
358,61,45,90
358,61,45,90
358,61,45,90
358,61,45,90
358,61,45,90
383,63,38,82
369,72,24,83
369,72,24,83
369,72,24,83
356,64,23,88
356,63,28,87
355,62,34,86
389,73,21,86
434,72,25,85
430,73,29,80
427,71,32,74
379,57,44,78
388,53,45,88
394,54,56,88
404,39,59,99
416,33,63,104
426,26,67,105
437,20,69,106
445,16,69,106
453,10,70,105
457,5,77,109
464,6,72,101
470,5,75,102
476,3,76,105
477,2,81,102
477,0,83,97
476,0,84,91
473,1,83,83
472,1,80,74
469,4,82,60
466,2,84,51
468,-1,82,45
468,-1,82,45
468,-1,82,45
468,-1,82,45
468,-1,82,45
468,-1,82,45
468,-1,82,45
468,-1,82,45
468,-1,82,45
468,-1,82,45
468,-1,82,45
468,-1,82,45
468,-1,82,45
468,-1,82,45
468,-1,82,45
468,-1,82,45
468,-1,82,45
468,-1,82,45
468,-1,82,45
468,-1,82,45
468,-1,82,45
468,-1,82,45
468,-1,82,45
468,-1,82,45
468,-1,82,45
468,-1,82,45
468,-1,82,45
468,-1,82,45
468,-1,82,45
468,-1,82,45
468,-1,82,45
468,-1,82,45
468,-1,82,45
468,-1,82,45
468,-1,82,45
468,-1,82,45
468,-1,82,45
468,-1,82,45
468,-1,82,45
468,-1,82,45
468,-1,82,45
468,-1,82,45
468,-1,82,45
468,-1,82,45
468,-1,82,45
468,-1,82,45
468,-1,82,45
468,-1,82,45
468,-1,82,45
468,-1,82,45
468,-1,82,45
468,-1,82,45
468,-1,82,45
468,-1,82,45
468,-1,82,45
468,-1,82,45
468,-1,82,45
468,-1,82,45
468,-1,82,45
468,-1,82,45
468,-1,82,45
468,-1,82,45
468,-1,82,45
468,-1,82,45
468,-1,82,45
468,-1,82,45
468,-1,82,45
468,-1,82,45
351,42,96,47
227,70,89,62
238,57,84,84
247,61,81,99
255,66,79,101
264,70,77,101
272,70,76,106
281,75,71,103
288,77,73,101
297,80,72,101
305,79,76,109
314,79,76,115
322,83,76,113
329,81,79,115
336,84,86,116
347,86,81,115
361,85,75,116
365,85,78,117
375,84,78,118
386,85,75,121
391,87,80,125
402,89,77,123
409,90,75,129
412,90,79,130
401,92,95,130
382,83,115,142
382,86,137,134
382,79,135,139
381,78,135,148
389,73,128,160
385,71,131,147
393,72,127,145
396,68,121,156
399,70,118,159
400,74,119,155
399,75,118,159
409,74,109,162
378,68,111,154
371,70,121,154
366,79,121,143
356,86,132,127
346,87,146,123
352,90,163,108
347,99,174,101
348,105,174,98
355,109,162,100
358,114,155,99
345,114,171,105
356,118,160,106
346,120,167,100
326,127,186,95
349,131,163,95
328,134,184,92
307,135,204,91
299,149,212,79
283,154,230,81
280,162,230,76
274,162,220,72
276,153,214,85
252,150,211,97
272,148,232,102
290,148,223,100
259,148,227,107
263,149,217,108
262,147,182,126
306,156,186,104
274,157,170,110
275,161,154,109
275,167,154,107
274,164,156,113
270,164,160,115
286,156,162,134
278,163,157,121
274,165,162,118
325,170,121,116
337,165,107,112
351,163,92,111
350,166,98,111
359,161,97,109
361,155,99,109
372,149,88,104
377,147,87,107
349,151,102,100
331,150,130,98
329,151,145,93
327,164,158,77
332,150,155,92
335,155,153,83
340,150,147,86
342,147,129,88
348,152,102,76
375,134,113,83
351,146,93,79
362,138,87,86
382,130,65,86
397,129,51,90
418,122,38,92
416,114,45,98
412,115,56,98
411,112,65,98
406,108,79,103
410,106,79,100
413,106,81,104
418,106,79,100
420,103,80,98
425,102,76,97
427,100,77,98
425,101,80,95
426,99,81,98
425,102,82,97
427,103,80,99
425,104,80,101
423,104,81,101
426,103,82,105
429,103,79,106
431,108,79,101
436,110,76,100
437,110,82,98
437,109,76,100
433,104,79,102
430,98,84,105
429,96,83,102
428,93,86,103
432,90,86,103
437,87,87,106
444,86,91,108
448,82,91,109
453,80,91,110
455,76,94,110
457,77,89,108
457,75,89,111
451,79,95,115
457,79,84,118
452,87,90,112
449,89,91,119
450,91,86,117
451,86,86,117
451,88,86,116
451,88,84,119
450,84,86,121
451,84,86,121
450,84,87,121
451,83,87,120
448,88,91,123
449,85,89,124
450,86,89,126
451,85,89,125
448,87,93,126
450,85,91,122
451,86,91,123
453,82,88,125
454,81,86,124
452,82,87,121
451,85,89,119
451,84,88,119
449,82,92,125
447,82,94,124
447,80,96,123
446,81,96,120
447,78,95,126
446,84,95,121
447,83,95,118
