464,141,43,44
464,143,41,41
461,145,42,42
459,147,42,41
459,148,41,41
460,148,42,42
462,148,43,43
464,148,44,43
466,149,41,43
466,150,42,44
464,152,42,42
457,153,43,42
450,153,44,43
441,153,45,43
433,153,46,44
430,155,44,44
427,158,45,43
426,162,45,43
424,165,46,43
423,172,48,43
423,175,48,47
423,176,49,47
426,173,47,46
429,167,49,46
438,159,45,45
445,149,44,44
452,138,47,45
464,127,43,46
473,118,44,46
480,108,46,47
487,99,46,48
492,91,47,49
498,84,46,50
506,79,44,47
509,77,47,47
512,75,49,45
517,73,44,46
519,71,45,46
519,70,47,45
521,69,47,44
521,67,48,46
523,65,48,47
521,64,49,48
524,63,47,48
524,64,46,45
524,64,46,45
523,64,46,45
522,64,46,46
520,67,43,45
516,69,43,45
511,73,44,44
507,76,43,46
501,81,43,46
496,87,43,48
492,92,43,48
486,99,45,49
481,106,45,46
473,114,43,45
465,121,45,44
456,130,45,41
448,136,46,42
441,143,43,44
434,147,44,44
427,154,47,43
424,158,44,44
421,163,44,44
421,167,42,43
421,170,43,43
421,171,46,45
425,173,45,43
431,175,45,44
439,176,43,45
446,177,45,46
453,178,47,46
459,178,46,47
466,176,46,49
473,176,46,52
480,175,46,54
487,177,47,53
491,181,50,53
503,188,49,51
511,194,48,52
515,199,49,53
518,201,51,54
520,203,49,56
519,206,49,55
516,208,51,57
514,209,50,55
511,208,48,59
505,211,51,57
499,209,52,55
494,201,50,58
486,191,53,56
474,173,53,57
467,154,50,53
459,136,49,50
454,117,51,48
452,102,49,47
453,91,46,46
454,84,46,44
456,83,47,45
456,86,44,43
454,91,44,43
449,97,45,42
442,102,43,44
431,109,46,41
420,115,46,43
407,125,45,42
395,134,46,42
386,144,44,41
380,154,45,40
375,162,43,40
371,170,44,39
368,179,41,38
366,187,43,39
366,198,43,41
368,211,42,40
370,225,44,43
374,238,42,43
377,245,41,42
383,248,43,45
392,248,42,46
402,246,43,48
415,244,43,49
429,241,44,51
443,239,45,51
458,235,47,50
474,230,45,51
488,225,46,53
501,221,47,51
516,219,45,50
528,216,46,50
539,214,45,50
549,212,44,49
558,209,43,48
562,204,44,49
564,201,46,50
591,165,56,54
577,165,61,57
573,167,57,60
566,171,57,60
562,172,57,65
561,172,60,57
562,171,56,59
561,169,59,61
563,169,58,59
564,168,57,60
560,168,61,59
563,168,59,59
562,168,60,60
522,221,53,48
516,224,58,45
513,226,60,46
509,231,65,43
506,232,66,42
505,232,65,44
501,228,66,46
500,221,66,44
495,204,66,48
565,182,64,58
565,183,60,61
562,186,59,61
559,186,62,65
559,191,59,62
559,195,55,59
558,200,54,60
556,207,56,58
555,209,56,58
554,209,54,60
552,209,56,59
549,205,56,61
550,203,52,59
547,199,53,54
547,194,49,54
543,185,50,53
540,178,51,55
539,175,49,54
538,174,47,50
537,173,47,51
534,172,49,50
533,169,45,48
558,79,52,54
557,90,57,58
560,103,56,59
562,117,56,61
561,133,57,60
560,143,56,60
560,150,54,60
557,153,54,60
554,157,54,60
549,159,56,60
545,160,54,59
541,162,54,58
539,164,53,57
538,167,52,55
539,172,52,54
541,179,53,55
543,186,51,56
547,193,49,56
547,198,52,54
545,201,52,54
545,200,50,50
542,194,48,49
538,184,49,51
536,174,47,49
534,161,45,48
532,149,45,48
530,139,44,47
576,105,50,59
567,113,58,64
564,122,62,68
561,133,65,67
560,142,66,67
559,152,64,65
558,164,64,66
556,175,62,70
553,187,64,72
549,203,64,69
549,217,62,67
546,229,63,67
541,241,63,67
539,249,63,72
538,262,62,68
537,271,61,64
534,275,58,64
531,276,56,60
528,268,57,59
527,258,53,56
524,245,51,56
521,235,48,52
520,225,47,50
519,217,48,48
520,208,48,50
521,201,46,48
521,193,47,47
549,100,61,60
550,113,60,64
550,131,58,66
545,146,58,67
541,160,58,66
536,173,59,61
530,182,59,63
526,190,61,62
527,198,60,62
527,201,60,64
530,206,57,62
532,206,56,62
534,206,55,60
535,204,55,59
535,206,58,58
535,206,59,59
536,205,61,61
538,204,58,62
538,203,58,61
538,202,57,61
537,204,56,59
533,203,58,61
532,203,56,61
531,202,55,60
528,201,60,59
531,200,54,57
531,196,53,56
532,192,51,55
530,188,52,53
532,183,49,51
531,177,50,52
535,172,44,51
535,170,42,49
538,166,38,52
572,123,46,57
566,115,51,57
567,118,53,62
561,117,63,64
556,119,73,68
561,119,71,71
559,122,70,67
564,122,67,68
564,122,65,71
562,123,69,73
551,128,80,69
555,128,75,74
557,134,69,69
554,136,72,72
553,137,70,72
552,139,69,73
553,143,64,71
552,144,66,70
551,143,65,71
548,144,68,70
551,142,67,69
549,144,70,69
551,144,67,70
553,145,64,67
553,143,66,71
553,144,67,70
552,143,67,70
553,142,66,69
555,140,69,69
556,141,68,64
557,137,70,67
564,132,68,69
566,128,68,69
564,125,71,69
558,124,78,67
557,120,78,73
560,115,74,74
563,113,66,71
562,113,68,73
560,115,65,69
555,115,68,72
555,116,69,79
554,120,72,73
551,124,75,75
549,127,75,77
550,132,72,73
549,140,64,69
544,146,63,72
542,155,60,67
538,163,58,65
536,169,57,67
535,181,54,60
537,187,54,57
544,190,53,55
557,189,49,54
490,193,50,47
482,189,44,46
468,184,43,45
455,182,42,43
440,180,44,45
428,179,44,43
416,177,47,45
409,178,46,44
401,178,44,43
396,177,46,43
390,176,47,45
389,176,46,47
386,178,46,44
386,180,45,44
382,182,48,45
382,186,49,47
385,193,49,47
395,200,50,49
407,209,51,48
422,211,49,50
434,202,50,51
450,190,48,51
461,176,48,50
471,165,48,49
481,158,47,50
489,155,45,50
545,140,45,51
546,141,48,47
495,155,44,51
492,158,43,51
488,163,45,48
484,168,46,49
481,173,44,49
476,183,44,52
475,196,45,49
476,206,47,51
476,209,46,52
473,206,44,49
470,201,42,46
458,203,43,45
454,223,44,40
449,282,48,48
456,304,53,49
448,343,62,59
448,368,61,68
441,366,63,73
436,357,67,66
433,355,65,70
436,366,65,72
439,380,66,75
438,386,70,76
438,387,73,78
437,385,71,74
439,384,68,74
437,373,65,77
435,335,59,67
438,265,61,71
438,213,58,60
444,194,47,53
443,202,47,50
440,241,47,54
438,302,55,64
439,314,60,74
441,333,61,75
447,367,58,69
446,395,63,71
447,376,66,72
455,307,66,72
474,241,55,64
478,208,55,53
488,203,51,51
498,227,47,51
506,283,48,57
508,354,58,63
486,336,76,69
483,336,72,73
477,362,67,74
474,416,58,58
459,427,61,50
465,408,63,60
460,312,65,69
469,210,53,65
468,142,49,53
466,103,47,47
463,88,47,47
461,99,46,51
457,142,48,51
453,225,51,60
448,318,61,69
449,332,62,75
454,351,65,76
458,399,66,68
456,422,59,55
453,420,60,57
453,375,64,67
457,274,58,73
460,188,48,59
458,134,48,51
454,108,48,47
453,120,46,50
451,167,46,50
446,245,50,49
443,311,59,67
445,350,65,73
449,400,67,70
451,424,61,54
450,416,60,61
447,358,63,68
442,250,71,83
445,164,60,77
451,110,47,59
448,88,46,48
447,87,44,47
443,114,43,46
438,172,44,46
432,257,47,54
426,315,56,58
431,352,62,71
437,394,72,75
446,417,68,60
450,421,67,55
447,395,68,71
448,316,70,70
465,216,52,58
473,145,46,51
476,100,45,50
480,83,48,48
486,91,47,51
488,134,53,56
495,211,52,60
497,281,59,71
492,306,66,78
486,346,71,78
480,404,70,69
463,433,62,49
460,439,55,39
468,406,52,49
467,301,57,58
467,173,51,49
467,116,50,49
466,95,48,49
463,104,51,50
461,143,51,54
459,217,54,55
460,291,57,68
461,344,60,75
455,395,71,74
449,424,72,55
445,430,61,50
445,431,56,43
463,447,49,32
456,434,50,36
452,390,55,41
450,287,60,44
438,240,64,55
435,219,67,75
434,231,66,82
432,264,66,83
434,310,64,75
437,355,63,70
434,374,59,67
425,355,62,72
416,321,65,67
413,274,64,70
419,240,63,73
423,226,69,82
430,238,68,84
434,282,71,76
438,338,68,73
437,346,64,79
440,266,62,77
442,179,57,59
445,123,51,52
445,98,49,48
445,102,50,49
445,139,48,50
445,207,48,55
443,312,56,56
454,357,59,69
464,387,62,78
462,409,71,65
462,422,74,53
462,412,74,59
462,381,76,71
458,351,76,76
452,340,73,75
446,344,72,76
438,355,71,75
436,370,68,81
429,381,72,91
425,394,74,83
430,391,71,81
430,380,71,87
430,377,66,73
428,386,74,78
424,414,77,64
426,443,73,46
439,445,66,34
452,413,64,48
451,301,62,55
454,179,54,49
452,107,49,49
451,67,47,48
447,55,47,46
446,68,45,45
442,106,47,51
439,187,42,48
431,277,49,55
433,328,50,69
415,360,61,73
403,376,58,79
402,364,66,85
406,335,63,80
409,295,63,69
412,266,62,72
416,260,63,77
420,282,67,75
440,301,67,70
475,295,67,75
541,292,62,65
570,288,67,73
583,311,70,74
607,345,69,75
638,367,78,86
481,274,90,87
471,307,80,87
466,353,73,85
455,404,72,68
447,430,59,51
452,432,57,44
474,443,51,35
471,412,51,43
469,362,58,52
465,317,66,60
491,276,70,68
551,258,73,69
562,248,68,85
578,275,69,80
601,311,77,76
622,343,77,72
538,197,64,74
516,285,79,80
504,309,83,80
488,346,77,79
465,396,75,74
449,421,65,57
440,424,60,55
441,419,65,56
436,401,71,70
436,371,68,73
443,327,70,71
461,285,74,72
494,259,70,73
555,259,77,75
553,253,92,91
594,284,82,86
617,324,87,73
632,340,91,71
638,338,84,70
634,333,79,70
630,332,79,73
466,351,62,82
446,390,74,79
447,415,80,63
449,413,74,60
450,407,77,61
454,346,73,69
455,287,85,77
455,259,92,102
470,256,82,110
488,268,73,102
566,275,76,88
576,281,73,90
592,300,69,83
607,333,71,89
632,363,80,87
485,315,72,80
481,341,72,76
470,369,75,78
457,399,72,73
442,407,74,68
435,401,72,71
430,381,72,81
430,356,68,73
441,320,69,72
462,295,67,68
488,283,72,69
550,280,70,82
560,296,68,78
583,326,80,85
610,351,74,79
643,366,74,85
469,316,72,77
458,329,70,81
474,350,72,73
482,365,69,67
476,377,72,59
462,382,70,61
443,387,69,71
429,389,64,75
419,387,64,75
420,370,64,78
427,353,66,72
449,331,70,64
489,309,74,68
546,293,79,78
573,306,72,74
596,333,75,77
616,359,68,78
477,321,79,79
468,349,73,79
471,384,70,76
459,404,72,69
453,404,67,69
451,383,64,76
466,347,60,69
482,315,69,68
514,300,81,68
557,285,81,79
585,304,69,73
601,335,75,83
628,360,85,88
481,320,94,78
472,347,76,72
467,364,68,76
459,383,66,78
449,391,68,75
448,384,67,75
447,366,64,74
443,354,64,72
429,351,72,72
406,350,78,71
378,346,80,75
366,341,80,76
358,318,82,71
379,250,64,75
407,181,51,67
426,149,52,51
445,145,51,51
466,170,49,55
485,227,51,53
500,259,47,49
501,276,55,43
490,324,53,55
472,366,57,68
455,381,67,78
458,373,70,75
473,358,79,74
481,347,96,77
616,302,75,77
587,289,63,72
580,285,61,64
571,307,63,59
584,286,55,73
583,279,60,82
587,265,58,90
580,288,57,78
569,273,59,71
549,257,62,68
522,238,70,61
486,220,72,62
448,197,77,69
336,256,84,89
289,191,112,98
166,244,114,117
59,270,135,136
-6,311,157,156
-53,306,143,183
-53,306,143,183
-53,306,143,183
-53,306,143,183
-53,306,143,183
-11,215,107,173
-3,240,123,154
-3,240,123,154
-3,240,123,154
-1,230,121,134
0,235,87,123
81,207,86,101
81,207,86,101
81,207,86,101
81,207,86,101
81,207,86,101
81,207,86,101
81,207,86,101
81,207,86,101
81,207,86,101
81,207,86,101
81,207,86,101
81,207,86,101
81,207,86,101
81,207,86,101
81,207,86,101
81,207,86,101
81,207,86,101
81,207,86,101
81,207,86,101
81,207,86,101
