335,76,64,80
335,76,61,77
334,77,64,77
335,76,58,78
337,77,59,79
336,78,58,75
335,78,63,79
333,75,64,78
336,78,63,79
335,76,61,77
334,77,66,79
336,79,58,75
338,77,53,75
337,77,46,74
335,78,52,72
337,77,49,74
334,76,51,76
333,75,62,80
338,74,54,95
337,75,53,93
338,74,53,97
336,76,51,98
336,74,53,102
336,74,50,105
337,74,48,107
337,72,48,117
337,73,49,113
336,72,50,123
337,70,48,129
340,64,41,123
341,61,38,122
341,50,36,122
339,66,42,118
342,62,35,101
340,71,35,101
335,63,40,92
336,69,35,81
337,72,33,70
334,82,35,55
335,89,33,54
335,88,30,47
336,91,26,43
334,95,28,40
334,95,28,40
334,95,28,40
367,95,30,43
367,98,30,39
366,95,31,42
365,99,32,38
365,96,32,42
363,93,33,47
364,97,33,42
356,89,41,47
360,91,38,48
365,97,34,45
363,97,36,46
365,97,35,44
355,80,33,54
366,97,32,47
366,95,31,49
369,94,26,51
370,98,28,46
371,98,26,45
371,101,25,41
371,98,25,45
372,99,24,43
373,100,23,42
374,103,21,39
376,106,20,34
376,106,20,34
376,106,20,34
376,106,20,34
376,106,20,34
376,106,20,34
376,106,20,34
376,106,20,34
376,106,20,34
376,106,20,34
376,106,20,34
376,106,20,34
353,78,29,35
353,78,29,35
353,78,29,35
353,78,29,35
350,77,34,27
319,111,32,25
315,93,33,32
322,103,31,32
319,81,31,39
352,65,36,30
352,59,36,31
349,58,39,33
345,51,41,39
342,46,46,46
344,44,44,49
343,44,45,49
342,42,46,53
339,38,49,57
339,33,43,63
341,32,40,61
336,21,42,61
333,18,43,56
334,29,37,61
336,36,33,52
331,25,33,57
331,19,37,60
327,26,43,63
327,28,44,63
328,28,45,64
324,34,50,71
325,34,54,81
327,46,56,90
327,51,59,88
327,55,58,84
333,64,69,92
331,73,81,104
329,74,89,110
336,87,95,118
341,85,94,124
357,133,86,101
357,136,85,97
384,173,74,82
388,181,71,74
404,205,64,83
412,215,60,70
412,216,59,69
414,214,61,76
414,210,62,79
412,207,64,84
430,204,60,88
432,201,54,90
432,186,49,86
426,165,55,81
423,149,65,79
422,138,70,84
418,130,73,91
416,114,76,86
411,105,81,96
399,91,80,94
392,90,82,92
374,86,90,86
354,80,92,79
343,80,100,90
326,75,112,98
291,67,131,113
263,75,128,119
271,67,117,134
264,86,115,113
232,127,97,97
213,165,88,61
205,176,88,47
207,176,71,49
188,185,76,46
190,187,83,45
153,215,79,46
154,224,84,43
151,223,87,43
149,226,91,45
149,226,91,45
172,223,71,47
170,216,71,56
178,201,65,66
181,200,63,67
186,187,60,75
187,173,61,84
192,168,58,87
192,163,54,87
189,146,55,89
188,143,57,87
185,131,60,90
181,119,60,88
176,106,62,97
176,103,63,92
175,101,65,86
171,93,71,93
169,86,82,99
169,85,92,103
169,81,90,105
170,79,96,105
170,76,108,114
167,75,117,115
172,74,112,116
179,75,107,119
181,78,107,119
187,77,116,122
195,76,104,122
201,79,114,111
211,78,133,109
214,78,126,109
219,76,127,108
226,78,121,111
228,76,122,110
242,84,119,100
252,84,110,102
258,83,110,106
271,84,110,103
303,85,90,97
315,84,81,100
325,85,68,98
337,83,73,103
339,85,75,97
347,81,81,100
352,81,79,104
315,109,86,93
336,113,102,90
342,109,117,95
336,110,136,96
343,114,130,94
342,109,130,100
383,91,125,105
394,102,109,105
404,115,93,124
402,122,73,125
409,104,96,131
439,97,98,117
451,99,85,87
445,110,95,83
451,103,94,94
447,117,96,99
439,126,97,128
438,115,109,146
441,120,110,146
433,118,118,150
432,114,121,158
430,116,121,155
425,122,124,151
417,119,128,154
408,111,125,154
402,107,127,152
410,106,118,149
397,105,128,141
392,106,133,140
392,108,119,135
386,101,126,141
388,101,122,143
380,104,123,147
378,101,125,147
376,103,112,139
371,103,122,143
361,105,117,143
358,101,120,141
353,105,113,145
348,104,118,142
332,101,117,152
330,96,120,150
319,100,114,151
311,95,119,150
304,100,121,148
298,89,127,150
282,91,134,149
270,96,121,138
264,91,125,149
246,97,123,142
241,93,127,144
226,99,124,151
221,93,131,153
205,101,126,146
198,94,131,140
186,103,135,137
190,100,129,141
184,99,128,137
175,102,133,133
173,103,139,132
161,103,150,125
159,104,131,127
157,110,116,127
156,101,110,121
144,103,120,125
134,101,122,117
136,104,121,124
131,108,117,113
129,102,109,117
130,102,108,122
128,100,100,115
126,107,99,111
124,102,99,117
125,106,92,112
123,104,97,115
125,104,95,114
126,105,93,114
126,105,95,112
124,105,97,106
127,108,103,108
124,105,111,108
130,104,109,114
136,105,94,108
144,105,96,118
139,108,107,119
149,102,105,114
151,104,105,119
166,97,102,122
182,103,96,118
179,96,100,117
193,100,98,125
202,98,86,122
212,90,85,124
212,94,90,125
223,96,94,120
225,90,98,125
227,88,111,127
244,94,104,120
249,88,99,126
250,88,100,127
260,93,96,120
260,89,101,125
274,91,100,125
277,91,99,125
289,89,102,129
299,81,112,132
304,88,105,125
303,83,111,128
317,85,107,129
318,70,114,141
333,61,114,149
332,59,120,150
332,67,127,139
348,76,119,130
350,76,139,125
334,68,156,135
339,65,156,133
369,72,140,123
348,74,169,119
381,68,159,122
423,66,138,119
433,69,130,113
448,64,131,117
449,61,131,122
464,53,132,134
467,59,127,124
478,61,132,127
479,59,131,126
489,62,130,120
498,68,135,118
496,74,133,109
495,71,140,114
502,80,132,107
504,80,132,115
510,87,126,118
510,98,127,124
505,104,127,126
509,107,123,126
505,109,129,130
502,120,124,128
506,124,124,130
500,144,122,128
496,145,118,123
490,158,119,121
482,172,120,119
483,173,120,117
482,183,124,117
472,184,124,116
470,191,126,115
460,203,131,113
456,193,133,119
444,207,135,106
436,211,122,107
427,215,127,106
429,215,127,108
409,220,125,107
411,221,119,103
407,223,121,101
400,228,106,98
389,229,97,93
388,230,86,85
385,233,85,84
386,231,83,80
388,227,80,95
386,224,82,97
380,217,86,100
378,216,87,105
380,207,84,112
380,201,86,119
379,193,91,126
381,193,86,122
380,176,98,123
379,169,104,128
390,151,104,129
386,144,111,137
391,124,111,136
384,110,116,121
395,101,108,126
391,92,112,131
388,70,110,127
377,71,120,117
360,60,131,100
353,56,137,109
330,41,140,102
307,36,144,83
307,39,138,78
300,37,148,79
296,37,150,78
275,37,137,76
272,39,144,76
242,45,131,80
218,57,141,98
213,59,119,108
213,59,112,109
211,69,116,105
200,73,132,115
186,102,110,114
186,100,95,128
184,104,90,122
174,135,103,105
169,159,93,96
169,165,85,96
169,168,85,99
179,208,102,85
181,211,88,84
204,216,79,86
214,214,62,92
227,210,57,91
233,205,71,93
233,205,74,91
232,201,71,92
238,195,76,100
238,191,80,103
238,184,84,96
239,180,91,98
239,174,87,104
239,169,76,92
228,155,59,90
234,151,52,89
235,145,49,96
231,146,53,80
230,141,55,84
230,131,60,83
226,120,67,92
236,106,67,95
234,100,69,100
245,92,80,101
237,90,91,100
243,83,93,100
248,81,89,99
258,76,85,102
266,69,89,108
276,64,92,105
278,62,96,103
282,61,93,102
295,60,108,97
307,63,120,95
311,66,108,75
317,68,111,73
326,70,112,71
333,72,111,69
350,76,110,70
354,76,111,72
375,85,106,74
371,86,112,72
384,94,117,77
385,95,116,81
403,102,116,83
417,136,122,54
424,137,113,52
427,140,109,50
447,152,93,55
456,152,87,50
482,158,76,40
489,158,68,39
491,159,67,38
492,164,73,36
492,165,76,37
489,165,82,42
488,165,88,45
485,164,93,55
484,160,93,68
481,157,98,80
482,156,96,85
481,151,104,108
480,153,107,109
478,152,107,110
477,152,109,112
473,151,109,103
468,152,110,101
467,154,109,96
464,156,113,111
464,151,112,119
457,147,116,120
459,150,114,118
454,146,117,114
455,148,115,118
451,142,116,116
449,145,113,119
447,146,113,116
442,140,123,112
444,144,118,113
440,138,120,118
442,138,118,115
433,135,124,119
431,142,128,119
428,136,130,117
423,130,135,124
423,128,135,122
423,123,132,124
417,124,136,123
417,123,133,122
408,130,141,118
412,131,140,114
413,126,129,116
414,132,132,117
409,124,133,115
411,126,126,112
410,131,129,119
402,125,130,116
405,137,131,111
402,126,131,115
394,130,131,107
394,122,125,115
391,126,128,118
393,120,113,121
392,116,117,123
398,124,97,120
392,117,104,116
396,123,96,120
394,125,96,112
400,121,90,121
398,125,101,111
401,121,99,121
403,121,106,114
406,119,107,117
407,120,103,114
414,121,110,105
407,124,123,101
410,122,138,89
415,126,134,83
422,122,143,74
438,120,133,68
439,122,136,68
437,124,139,66
466,128,117,59
476,129,109,54
478,132,114,58
476,132,115,60
481,132,119,68
487,132,121,72
489,135,118,70
490,132,121,75
491,135,128,69
495,137,127,68
502,134,128,66
501,133,134,69
497,136,136,67
503,133,133,66
498,136,139,62
497,139,139,58
493,142,142,56
504,144,134,53
514,143,122,56
516,144,120,55
511,146,120,53
513,145,115,51
515,151,109,49
511,150,111,48
508,150,114,47
507,156,111,44
503,155,105,43
502,153,111,42
496,154,108,43
492,152,104,40
495,154,100,42
492,152,104,39
488,151,103,41
488,150,103,41
485,150,98,39
480,152,103,39
473,151,109,39
474,150,112,40
473,149,112,41
466,150,115,38
463,151,116,39
462,151,116,38
458,153,118,35
453,151,124,37
448,148,125,38
446,150,125,37
442,150,130,35
436,146,128,36
426,145,122,31
423,146,121,31
428,145,118,28
399,146,118,29
395,145,107,30
395,145,105,28
390,143,108,32
372,142,96,36
376,142,87,35
366,138,72,42
372,134,64,45
366,124,58,56
358,122,46,54
358,123,44,53
356,122,47,51
341,121,46,49
339,123,47,46
321,122,57,45
323,125,58,40
297,126,64,35
294,125,72,38
274,127,82,46
273,127,87,48
249,125,98,57
228,128,115,53
224,135,115,43
214,146,118,33
191,156,120,21
193,156,112,23
189,155,112,23
183,161,106,23
173,170,110,20
172,169,107,21
171,170,109,20
167,176,108,18
170,173,104,23
166,177,104,19
169,177,100,20
168,181,99,17
174,183,93,16
174,185,92,16
173,184,92,16
174,187,93,16
175,184,87,19
172,185,91,16
174,186,91,16
175,187,88,15
177,184,82,17
176,183,84,16
174,182,86,16
180,178,79,17
179,175,80,19
179,175,81,18
182,162,78,26
185,159,77,28
185,145,74,34
185,142,76,35
187,132,77,40
189,127,73,39
189,119,76,43
188,118,76,42
187,114,79,49
189,115,76,46
182,113,81,54
183,114,83,50
182,117,85,54
177,123,75,43
181,142,80,40
174,142,85,45
175,144,85,44
175,160,92,38
174,167,91,25
170,167,96,25
172,185,91,28
174,194,89,33
173,191,89,39
182,193,81,40
178,192,87,39
182,195,83,39
186,189,80,44
191,191,77,42
193,182,72,45
195,172,69,50
194,166,71,56
198,159,68,63
199,161,71,60
204,158,69,64
203,158,69,63
203,160,70,63
209,165,65,67
210,183,59,59
211,190,57,56
211,213,56,47
210,212,58,50
211,211,58,54
206,234,63,45
205,235,65,42
199,240,70,49
190,230,79,59
187,224,83,71
186,209,77,76
184,206,80,77
184,202,78,82
178,176,79,79
175,176,83,81
181,147,84,79
187,134,81,75
187,130,81,77
193,127,76,76
193,130,79,69
194,135,76,67
196,143,74,61
196,150,75,51
193,151,67,52
196,168,73,36
208,188,77,28
210,189,77,28
208,190,79,28
231,191,71,37
262,175,68,41
266,168,64,58
270,161,60,62
270,161,60,62
273,113,66,68
285,84,55,83
294,105,48,95
259,76,45,83
246,82,56,71
241,82,59,68
236,83,68,71
215,85,79,73
201,94,83,80
199,92,84,85
201,88,88,86
190,124,76,92
189,119,75,94
188,173,79,93
197,201,87,91
203,200,90,101
230,230,90,100
237,229,86,104
239,229,86,104
267,225,89,84
265,228,90,71
289,199,81,82
286,189,77,102
298,165,62,119
309,163,52,129
291,127,59,112
294,132,61,101
274,120,75,101
270,120,81,101
247,118,100,85
228,114,104,72
205,117,113,87
202,118,111,108
205,131,138,92
176,171,108,103
171,199,100,127
174,223,103,115
172,187,114,147
190,233,114,110
184,252,117,85
232,256,114,80
225,254,127,83
254,233,123,100
261,231,105,107
291,214,81,122
302,209,64,124
311,166,51,131
285,119,60,115
290,146,69,117
276,117,73,110
244,95,98,112
221,97,109,87
216,97,117,88
216,98,127,90
202,94,127,91
203,89,148,104
195,97,153,115
181,90,174,129
191,120,160,112
180,124,172,117
183,174,160,99
191,172,169,112
208,205,151,88
224,227,141,68
238,230,144,68
258,230,130,71
269,222,135,78
269,222,139,79
305,222,135,92
340,186,108,118
355,169,89,136
362,142,80,140
372,136,67,145
377,125,67,138
380,126,60,141
380,131,62,136
381,126,63,134
384,130,58,126
386,138,55,118
392,154,50,104
390,153,51,107
401,188,54,97
392,180,60,107
397,209,70,100
389,221,83,89
388,229,92,91
392,227,89,95
395,225,80,101
396,222,82,105
401,241,70,92
401,241,70,92
401,241,70,92
369,252,56,87
367,229,54,110
369,229,53,113
372,227,45,115
373,228,43,110
373,229,35,106
375,228,34,103
374,225,31,99
373,226,32,97
373,226,32,97
373,226,32,97
373,226,32,97
373,226,32,97
367,150,34,99
367,150,34,99
367,150,34,99
368,167,30,106
369,168,27,115
378,168,24,118
370,167,26,120
369,177,27,138
369,172,27,145
364,149,33,144
366,161,30,153
365,159,31,149
361,161,34,146
356,163,42,143
355,165,44,140
349,159,48,141
339,158,60,138
340,157,59,137
338,157,60,133
337,163,58,138
331,165,66,133
330,161,67,139
332,168,65,136
333,175,64,130
335,190,61,119
335,189,62,119
337,191,59,117
317,187,82,126
309,195,89,118
290,200,103,113
278,199,116,114
273,195,121,118
269,200,119,114
264,194,112,114
262,190,109,119
248,169,97,124
249,161,89,126
245,138,82,130
232,116,98,149
222,88,107,134
223,82,122,113
222,70,132,108
230,58,160,113
229,53,142,120
260,29,145,114
260,24,151,117
274,25,140,140
295,18,166,140
289,30,176,129
345,47,150,130
391,83,128,123
420,119,125,116
423,122,126,124
421,122,127,130
437,157,110,126
444,152,99,135
447,154,77,138
450,158,77,128
448,148,73,131
444,132,77,140
445,135,75,130
441,129,79,130
438,107,94,128
437,86,99,126
436,78,105,126
436,69,97,131
416,45,114,139
389,21,126,113
382,23,129,108
377,24,139,103
351,17,137,93
349,16,140,96
324,12,120,92
299,30,105,97
300,16,98,117
285,14,115,137
275,20,130,139
275,22,120,143
259,34,125,156
248,40,123,155
240,65,132,150
242,61,146,164
219,93,127,147
217,137,120,156
217,144,123,156
218,167,125,135
221,137,120,162
216,180,118,130
217,171,107,122
220,161,108,113
224,148,95,108
224,142,107,108
225,141,101,103
223,129,114,104
218,110,117,117
217,106,121,116
218,99,119,117
219,91,116,113
225,86,120,106
229,85,110,99
234,86,112,96
250,78,123,93
255,79,122,90
286,75,125,114
305,70,110,139
311,68,107,137
326,78,106,131
327,80,110,130
324,75,117,135
344,108,109,116
348,112,105,120
369,143,95,107
378,145,86,105
375,143,88,112
400,177,67,86
385,207,80,76
390,209,74,57
398,211,67,53
402,215,65,55
399,211,66,62
376,200,67,77
375,198,73,87
378,185,61,74
388,183,50,73
387,171,50,78
388,165,50,81
381,145,64,87
373,142,74,88
372,134,79,83
353,125,97,85
342,121,100,84
338,117,103,85
335,120,104,79
319,114,106,71
317,116,104,68
293,87,118,87
286,82,124,97
277,81,131,96
272,85,136,89
253,82,150,92
250,83,140,92
246,85,120,87
247,86,119,93
236,83,119,97
230,83,124,101
228,81,113,102
208,95,110,99
207,102,98,93
201,99,101,96
189,103,86,97
175,106,72,102
177,98,59,110
176,98,57,113
158,100,70,111
157,97,69,113
141,96,78,110
136,98,86,104
133,95,84,103
131,92,90,105
126,90,95,106
126,90,90,107
126,86,84,109
124,87,93,111
128,86,82,116
127,91,84,111
128,89,80,111
128,90,78,109
127,91,80,107
123,92,85,107
119,91,89,108
128,92,82,111
127,94,85,109
131,98,89,104
136,93,84,110
141,93,90,108
143,94,89,110
149,91,87,107
151,95,87,106
156,89,89,105
159,95,86,94
160,93,88,94
165,92,92,94
170,92,92,89
169,93,93,90
177,94,95,86
182,84,98,85
184,77,108,94
182,70,116,101
189,65,123,99
186,64,141,94
189,65,143,95
186,63,152,94
193,65,158,94
187,69,172,90
186,64,177,90
187,70,179,79
221,66,193,104
207,62,190,104
222,60,197,120
229,61,186,110
269,62,175,113
277,64,160,109
297,61,175,102
291,58,185,115
322,57,173,107
327,59,170,105
351,55,157,116
393,66,123,116
397,64,117,127
414,76,100,134
413,78,101,134
411,77,106,141
416,100,98,122
417,107,91,116
411,121,97,108
412,124,93,101
415,123,89,88
416,128,94,88
413,126,96,93
416,124,96,96
414,125,97,100
417,124,93,104
416,120,92,109
421,126,88,106
417,115,91,118
420,92,90,127
418,83,90,133
419,83,93,134
413,59,90,136
409,45,85,143
403,39,84,144
402,36,87,147
399,24,81,150
396,20,79,141
398,22,78,146
400,13,75,153
396,6,78,158
400,15,75,152
399,21,85,136
395,44,108,130
402,50,103,132
409,78,125,136
392,73,147,161
380,97,181,141
376,106,178,132
383,124,168,121
387,119,155,119
416,172,133,101
493,170,128,90
497,180,123,69
491,178,133,73
495,168,136,87
497,164,137,95
498,160,138,123
507,153,136,149
513,146,136,168
517,147,125,172
515,150,132,171
523,160,126,171
531,191,111,150
526,194,116,146
533,200,114,139
536,214,104,124
524,225,109,103
520,228,109,98
514,224,117,96
505,217,135,89
503,218,138,87
490,206,148,84
483,202,159,102
472,186,169,129
468,175,169,156
464,150,172,199
457,145,179,200
452,134,189,209
445,140,196,202
426,137,221,197
424,136,216,197
412,133,222,202
402,121,213,210
398,118,211,206
392,119,221,208
388,107,185,220
385,113,186,213
371,110,164,201
373,97,167,209
356,100,159,208
347,93,172,220
335,80,156,238
323,76,163,241
327,77,166,248
319,69,170,246
317,64,174,258
286,124,171,226
264,162,150,195
271,172,124,177
271,172,123,144
264,170,109,129
211,188,132,119
197,201,130,102
194,196,125,107
182,195,126,101
179,180,118,116
168,158,124,124
164,146,115,134
144,116,130,154
141,112,133,159
133,100,147,160
137,93,141,166
136,92,162,162
146,99,175,128
152,97,168,122
154,101,175,109
182,94,185,102
214,101,182,99
216,119,191,82
214,120,197,82
246,119,181,95
253,122,182,100
303,125,144,108
304,121,138,106
355,152,132,116
364,154,108,114
437,185,87,129
444,192,67,129
442,190,83,129
433,173,99,141
424,145,116,150
424,137,118,155
417,94,146,174
403,85,157,179
395,57,155,176
374,47,173,162
361,44,175,165
326,31,181,180
313,24,191,179
298,30,169,178
304,30,179,182
307,33,173,184
269,34,210,201
234,87,247,184
259,80,222,181
225,105,247,201
249,99,223,186
214,142,263,212
250,131,222,218
272,168,190,179
261,169,204,184
235,178,218,165
227,204,218,145
240,228,204,124
236,227,208,122
225,242,222,104
218,239,218,104
211,226,221,117
228,238,203,99
203,229,217,107
232,230,199,104
206,232,223,105
226,235,197,106
216,229,207,116
156,253,227,88
215,227,205,102
172,234,213,108
182,198,221,129
208,196,210,152
232,120,178,209
267,104,147,250
248,91,160,256
252,62,157,287
259,55,149,295
263,62,144,295
258,56,146,296
254,58,150,293
221,58,186,300
241,65,164,288
219,59,192,292
241,77,162,290
259,64,134,276
262,67,126,276
262,71,129,275
260,67,130,274
264,76,127,268
263,76,129,268
266,74,120,273
261,73,134,274
268,75,121,263
266,76,122,271
267,77,130,279
259,71,143,282
259,76,158,278
265,75,134,266
277,78,113,254
229,10,145,230
226,26,162,256
250,77,145,238
266,79,133,256
273,77,130,275
273,72,123,277
273,81,131,276
278,76,125,282
275,73,127,283
282,66,111,288
284,73,101,274
244,-48,100,256
241,-29,123,231
253,-13,117,235
265,59,116,261
278,63,107,285
272,62,134,298
272,62,130,299
276,54,124,302
276,61,114,292
274,58,126,298
274,66,121,287
269,61,125,291
271,65,121,287
270,61,122,292
270,71,126,286
272,66,119,291
269,68,132,282
267,65,136,285
268,69,136,284
269,69,119,284
267,71,131,278
266,68,134,291
269,66,133,291
264,68,140,293
267,65,139,294
266,73,144,297
262,69,144,283
269,68,137,297
267,68,138,294
268,69,141,290
268,66,141,298
268,60,143,300
268,61,145,299
269,57,147,306
272,57,145,303
272,54,143,308
266,53,154,308
268,51,154,313
274,52,147,307
275,51,139,309
286,55,128,304
279,55,135,301
278,56,140,302
284,58,134,300
295,56,119,303
277,55,144,306
293,56,126,302
292,59,120,298
306,50,106,306
306,60,100,304
308,59,101,299
305,59,104,302
304,60,108,300
308,61,104,296
308,59,102,301
307,57,98,306
313,60,93,292
312,65,97,295
310,62,95,293
305,62,102,295
312,63,94,295
311,63,94,291
308,71,97,289
300,71,111,291
300,68,107,290
315,74,86,287
307,75,102,283
305,79,103,283
302,72,108,282
297,81,114,277
297,77,111,278
296,80,112,279
301,74,107,281
297,80,114,279
291,74,118,279
283,73,126,286
277,73,135,283
284,78,126,284
279,74,128,286
279,76,132,281
276,74,130,283
270,75,138,278
266,80,143,281
267,77,141,281
270,74,141,285
269,79,137,285
267,78,140,288
265,77,140,280
265,78,138,275
269,79,136,279
268,79,140,278
263,71,145,284
263,84,145,281
262,77,140,275
257,78,151,281
257,75,148,276
261,79,145,281
262,71,149,286
264,80,144,288
266,72,143,283
263,77,146,283
266,75,144,287
261,78,145,280
263,72,139,286
266,77,132,285
264,77,136,286
264,74,134,287
268,71,135,286
268,69,132,285
270,75,133,285
265,73,141,278
263,72,137,286
263,67,141,287
269,71,138,286
266,70,138,288
261,66,142,293
256,63,149,282
263,75,145,273
262,72,148,290
258,62,146,288
264,60,139,289
270,67,135,299
265,60,139,299
268,62,135,298
273,66,133,293
275,58,134,300
273,57,134,295
275,60,134,292
270,62,147,293
282,58,132,300
286,54,133,299
284,52,140,298
296,45,135,303
292,46,153,306
295,42,168,310
299,38,160,316
309,33,148,314
298,34,177,322
293,35,186,322
308,23,175,336
303,54,186,308
292,88,213,269
296,83,216,262
299,78,249,273
308,85,243,266
312,84,244,263
330,83,222,216
320,84,236,183
285,89,249,233
336,77,201,275
342,66,179,278
345,70,180,279
343,66,225,279
353,47,225,298
353,63,235,288
360,53,220,292
360,59,236,294
363,57,258,294
360,46,266,290
375,42,243,288
376,39,245,289
372,43,250,301
391,27,231,303
