445,189,53,77
448,190,53,75
448,191,51,75
448,191,51,75
447,188,52,81
448,192,50,75
448,192,50,76
448,194,50,73
447,192,52,76
447,194,50,72
448,193,50,73
448,196,50,71
448,192,51,75
447,190,51,77
448,192,51,74
447,195,49,72
449,193,49,75
447,191,52,77
449,194,49,72
445,194,52,72
448,193,50,76
447,193,52,73
450,194,48,73
446,192,52,78
449,194,48,73
448,194,51,74
447,193,51,74
448,196,49,69
447,193,50,74
445,193,53,72
446,193,51,72
448,194,49,74
445,191,54,79
445,195,51,72
448,195,51,72
445,194,51,73
448,195,48,72
448,193,51,74
445,196,50,71
447,195,50,73
446,191,53,77
446,188,51,80
447,191,52,75
445,193,52,71
447,193,52,73
446,190,52,75
446,184,53,82
447,189,51,74
447,185,52,79
446,190,52,74
446,186,55,79
446,186,51,78
447,189,52,73
446,187,51,75
447,187,52,75
446,185,51,78
449,189,49,70
447,184,53,79
448,185,53,77
447,185,51,77
447,186,55,78
447,185,52,75
448,186,51,76
448,185,52,77
449,188,51,72
450,188,49,72
447,186,53,76
451,188,50,74
446,187,54,73
449,185,52,76
447,188,53,71
448,189,53,71
448,189,51,69
449,187,52,75
446,187,51,74
447,187,50,74
449,184,51,79
445,184,51,78
448,185,50,75
445,187,53,74
446,185,52,76
447,187,51,72
445,187,52,74
446,186,52,75
445,186,51,73
445,187,53,75
443,187,50,72
445,186,50,72
444,188,52,69
442,189,52,68
444,188,51,70
441,187,53,72
444,185,51,76
442,187,51,72
443,187,51,73
441,186,50,72
441,187,50,74
440,187,49,70
440,187,52,69
440,190,46,68
440,188,47,69
440,187,47,73
438,188,47,68
439,190,47,66
439,189,48,68
439,189,46,70
437,188,46,70
438,189,47,70
436,187,46,70
437,187,46,71
436,190,46,67
434,189,49,69
435,190,49,70
435,188,45,70
436,188,46,69
435,187,47,72
436,190,46,69
436,188,49,70
435,190,49,68
436,190,47,70
436,190,48,70
437,190,47,68
438,191,45,65
437,189,47,67
436,189,50,68
437,188,49,70
438,189,47,67
439,188,48,67
439,187,45,68
437,185,51,72
439,187,49,69
438,186,47,68
439,186,49,70
438,185,48,69
442,183,46,73
439,184,48,71
442,183,46,70
440,183,47,69
440,184,48,67
439,182,50,70
440,184,46,66
440,183,48,66
442,182,45,67
442,181,47,68
442,179,45,72
441,180,47,68
443,178,46,69
444,178,43,70
443,178,46,67
444,181,45,66
444,178,45,67
444,177,44,65
444,177,44,69
445,176,43,68
443,177,43,66
444,176,46,65
445,175,44,67
444,177,44,66
443,175,47,67
443,177,46,65
446,177,46,64
446,177,46,65
444,174,47,67
445,177,46,64
445,174,46,65
446,174,46,67
448,176,46,67
448,175,45,66
447,174,46,66
449,171,46,69
449,173,47,65
450,175,43,63
450,172,45,66
451,173,43,65
450,174,44,65
452,171,43,67
450,171,46,67
449,171,47,68
453,171,43,69
454,172,42,65
456,173,40,63
453,173,43,64
455,171,44,65
456,172,42,67
456,171,44,67
453,174,45,62
455,175,46,66
453,174,46,61
456,172,47,66
454,171,45,66
457,172,47,67
455,172,46,65
456,172,47,67
457,172,48,68
457,171,46,70
459,170,46,69
459,172,46,66
459,172,47,68
459,171,50,69
457,172,51,67
461,173,48,64
459,173,50,65
462,173,46,64
464,175,44,61
462,175,51,65
462,173,50,66
463,172,50,68
462,172,51,66
463,173,48,71
465,177,49,66
462,176,51,67
463,178,52,63
464,176,52,67
465,178,49,65
463,177,50,63
465,178,50,64
464,178,50,65
465,177,49,64
464,180,52,64
466,179,48,67
466,182,50,66
469,181,47,67
466,181,50,67
465,180,51,70
467,181,50,67
467,181,50,70
467,182,51,67
466,182,50,71
467,182,48,70
466,183,52,70
468,183,51,69
467,184,49,71
468,184,50,69
466,183,50,70
468,186,48,70
467,184,49,73
466,185,50,70
468,184,49,71
466,185,49,71
465,185,50,72
466,188,50,68
467,187,49,70
466,188,50,71
466,186,49,73
466,186,50,72
465,186,51,73
467,186,49,75
465,189,50,72
464,187,50,72
467,189,48,73
466,187,51,73
466,187,50,75
468,191,47,72
465,188,50,75
468,190,47,73
464,188,50,75
464,187,52,76
465,191,49,73
464,190,50,77
466,191,49,75
465,187,52,79
464,195,50,70
463,192,52,76
464,192,51,76
465,191,51,77
464,191,52,79
465,195,47,74
465,197,47,74
464,198,49,71
465,197,48,72
463,197,49,72
464,194,47,76
463,195,50,76
464,199,46,71
465,197,47,73
463,197,49,73
464,196,48,75
462,197,48,73
461,197,50,74
463,199,48,72
462,200,48,69
460,201,51,70
460,201,51,70
462,200,49,73
462,201,47,71
461,202,49,70
460,202,50,71
461,198,48,75
461,199,49,73
459,203,47,69
459,199,48,75
460,201,49,72
457,201,50,72
457,200,50,72
457,199,50,75
457,200,48,74
456,201,49,71
456,201,50,74
455,202,49,68
454,200,52,71
454,204,50,66
453,203,51,69
450,201,54,71
453,204,49,67
453,202,48,72
451,201,51,71
451,202,50,68
449,202,51,69
449,199,51,73
449,199,51,76
450,203,48,68
449,201,52,71
448,202,51,71
448,200,51,73
448,201,50,71
447,200,51,72
446,202,53,70
445,202,53,68
444,203,53,66
444,203,50,70
444,201,52,70
443,202,52,70
444,201,52,71
445,203,49,68
443,201,51,70
442,201,52,68
441,202,54,68
440,201,53,69
441,198,54,75
440,200,53,68
441,196,52,71
441,200,51,67
440,198,51,68
440,196,52,69
442,195,50,69
441,195,50,66
441,194,51,70
440,192,51,71
441,189,51,74
440,186,52,76
443,191,50,72
442,191,49,70
441,189,51,72
441,188,50,72
439,188,52,71
442,191,47,68
441,189,49,70
441,187,48,70
441,186,49,71
440,185,50,73
441,189,49,67
442,186,47,72
443,189,48,67
444,188,46,67
443,186,46,70
442,187,46,69
442,187,47,66
443,189,45,65
443,188,45,66
443,186,45,66
443,187,44,66
443,186,46,67
444,185,43,67
443,186,44,64
441,187,47,66
442,184,46,70
441,185,45,68
442,186,46,67
440,185,45,67
440,186,47,67
441,187,46,65
440,185,47,67
440,186,44,66
442,184,44,70
442,186,45,69
442,182,42,69
441,184,44,69
441,182,43,69
442,186,43,64
441,182,45,66
438,185,47,62
441,183,46,69
442,183,44,68
440,183,47,68
442,183,44,67
443,182,44,67
443,183,44,68
444,183,44,68
443,185,46,67
445,183,42,64
444,183,45,67
443,183,45,67
443,182,46,67
445,182,47,65
444,182,46,64
446,181,47,66
446,183,46,62
448,183,43,65
446,181,46,66
445,181,47,72
444,181,48,73
446,182,46,71
444,183,47,69
444,183,44,68
446,185,43,67
446,184,42,64
443,185,46,65
443,186,47,64
443,184,45,66
445,183,43,67
443,183,42,70
447,186,39,65
446,184,40,68
444,184,39,62
445,186,39,63
445,183,38,65
445,185,38,63
444,185,39,64
443,181,41,70
446,184,38,63
445,182,38,67
445,183,38,67
445,182,37,66
448,181,34,66
447,183,34,67
448,182,33,64
448,183,32,64
446,184,35,62
446,185,35,62
443,186,36,62
443,186,35,63
443,187,35,61
444,185,34,64
447,186,32,63
444,186,34,61
443,184,36,64
444,184,36,63
443,185,35,63
443,184,36,65
444,186,34,60
447,188,32,57
447,188,33,59
446,188,34,57
445,188,34,58
445,185,34,61
446,188,34,58
447,188,32,56
444,187,35,58
445,186,32,59
448,186,30,61
446,187,32,59
444,186,34,59
447,187,32,58
446,185,32,62
444,184,34,63
446,187,32,59
444,188,34,60
447,188,32,59
444,186,34,62
447,186,31,61
446,186,33,61
444,186,33,61
443,186,33,60
446,186,31,60
444,186,32,62
446,186,33,59
442,184,36,60
444,182,32,62
442,184,34,59
445,184,32,61
444,182,33,63
444,181,31,62
443,180,33,63
445,181,31,63
444,178,32,65
442,179,34,66
442,177,35,70
443,177,34,69
444,179,32,66
444,178,33,68
443,178,33,68
442,179,36,66
443,179,33,64
442,177,34,68
442,178,32,67
442,174,34,74
441,176,33,68
440,175,34,67
443,177,32,60
443,177,30,61
444,177,30,64
442,174,31,65
442,175,32,70
441,177,34,64
441,177,33,61
441,177,34,59
443,177,33,59
442,175,32,64
442,174,32,66
441,174,33,61
442,175,33,60
442,175,31,62
443,175,33,62
443,174,31,60
442,175,33,62
443,172,31,64
443,174,32,62
443,175,33,67
441,173,35,63
442,175,33,65
445,172,33,68
442,173,35,66
443,176,35,65
442,176,34,59
442,176,33,60
443,176,33,60
442,178,35,58
445,178,34,64
442,177,34,58
442,178,34,57
443,178,35,63
443,178,34,59
443,178,34,60
443,176,34,61
442,178,34,58
441,178,35,60
442,179,37,59
441,177,35,57
440,179,35,57
439,179,37,58
439,177,37,57
441,177,36,62
441,179,36,57
441,178,35,60
441,178,35,59
441,178,35,58
442,178,34,61
441,178,36,60
439,176,37,59
441,176,37,59
442,176,35,63
441,177,35,59
442,176,34,65
441,175,36,62
438,176,37,64
439,176,38,60
439,175,37,62
441,176,38,61
440,174,37,61
440,175,36,68
441,177,37,59
442,177,37,58
441,177,37,62
441,175,36,59
442,175,37,61
441,175,37,62
442,177,36,61
441,174,38,64
442,176,35,60
444,175,34,66
443,172,35,70
442,168,37,71
442,172,38,70
441,173,36,65
443,175,35,62
443,173,35,64
441,174,39,65
441,173,38,64
440,175,39,63
441,176,39,59
442,175,41,63
440,175,42,62
440,176,42,58
441,175,44,66
441,174,43,70
440,175,45,69
441,174,45,68
438,175,47,68
440,174,44,68
441,174,45,68
440,174,44,71
441,174,44,71
441,174,45,70
439,174,47,67
440,173,47,70
439,172,48,73
438,173,49,73
440,172,47,71
440,172,49,72
442,174,43,67
441,175,45,65
440,174,47,69
442,175,45,69
441,174,46,68
441,176,45,68
441,175,48,67
443,175,45,68
441,171,45,69
439,173,48,65
440,171,49,69
442,172,46,72
445,174,42,69
445,175,40,65
443,175,44,67
440,174,49,66
440,172,49,68
441,173,47,67
440,174,47,66
441,173,45,69
441,173,46,69
442,171,45,69
442,172,44,68
440,173,46,67
441,172,44,70
441,172,45,70
442,170,43,71
443,172,43,69
445,171,38,71
444,168,40,74
442,171,43,74
443,171,41,73
444,172,40,69
443,172,41,69
442,173,41,67
442,172,42,69
444,171,40,72
443,172,38,69
444,171,38,68
444,172,39,71
442,171,41,70
443,173,38,70
443,169,39,74
441,170,41,74
444,169,36,73
445,170,35,72
445,171,36,70
445,170,34,70
446,173,35,70
445,171,34,72
449,171,32,73
447,168,34,71
447,173,32,68
448,172,32,68
448,174,32,68
446,171,33,72
447,173,32,65
448,172,31,70
447,173,33,65
448,176,32,65
447,174,32,60
449,175,32,62
449,175,32,66
447,174,33,64
448,177,32,68
449,177,31,67
448,176,33,64
448,176,33,64
449,178,33,64
448,176,34,62
449,177,31,70
447,177,33,66
448,177,33,69
447,177,33,68
448,175,32,70
449,175,32,71
448,174,32,71
450,176,32,68
448,175,34,67
448,176,32,61
449,174,31,70
449,176,32,71
447,175,33,70
448,175,33,64
448,175,32,59
448,176,33,58
447,175,33,64
448,172,32,65
447,176,33,60
448,174,33,62
448,173,33,62
449,175,32,60
449,171,31,63
448,172,32,63
449,172,32,61
449,174,32,59
448,173,31,57
449,172,31,63
449,176,31,58
449,175,31,59
448,172,33,64
447,172,33,63
446,173,34,61
447,175,36,61
446,174,36,61
446,172,34,62
446,174,35,59
447,175,34,58
448,173,34,59
446,171,34,61
446,173,34,60
447,176,34,56
445,175,35,57
446,175,35,58
446,171,35,62
445,172,36,63
447,173,35,60
444,172,37,61
443,172,40,60
443,172,40,62
442,171,40,66
443,171,40,61
443,172,39,62
444,172,38,66
443,173,40,66
442,173,40,65
444,172,40,60
444,173,40,59
442,172,42,63
443,172,39,66
444,170,39,70
444,169,39,71
441,170,42,71
444,169,40,72
442,169,42,70
442,171,43,63
440,169,45,66
442,169,42,65
442,171,41,64
444,172,40,65
445,171,39,68
447,170,36,70
446,168,37,73
446,169,38,72
448,167,36,76
446,168,38,75
446,166,38,75
444,169,42,72
445,169,39,72
445,167,39,74
445,168,39,73
446,168,38,72
447,169,38,72
446,167,39,75
447,167,37,75
448,168,37,72
445,169,42,73
445,168,44,73
448,167,39,73
444,168,45,73
444,168,49,73
448,166,40,75
445,168,48,71
446,166,45,74
445,167,46,71
445,168,47,71
441,167,52,71
444,168,50,69
444,167,48,66
442,167,52,70
442,167,55,72
440,166,55,70
442,164,54,74
441,162,57,74
441,164,58,73
441,165,61,73
439,167,55,67
440,167,61,71
439,169,62,68
439,168,64,68
440,172,63,62
440,168,65,66
439,169,68,69
438,170,64,62
438,168,68,66
437,168,67,65
438,170,68,66
435,171,71,61
437,173,70,60
437,170,68,64
437,170,68,63
438,172,71,61
438,172,69,59
438,171,72,63
435,171,72,59
433,173,78,59
434,172,79,59
430,175,83,55
431,174,81,54
432,175,80,55
429,176,86,51
430,176,82,52
430,177,86,49
430,176,84,48
427,178,87,48
428,178,90,46
426,178,93,45
427,179,91,43
432,180,83,42
420,179,73,41
421,179,60,38
426,180,57,38
430,180,51,40
429,182,48,37
429,182,52,37
429,183,51,39
430,184,50,39
425,183,54,39
432,185,49,37
431,183,49,39
430,183,50,41
431,184,48,39
433,184,48,41
432,185,49,41
434,186,47,41
434,185,46,42
432,186,47,41
434,185,47,43
433,186,47,41
435,187,46,41
435,187,47,40
436,187,45,40
435,187,46,39
434,188,47,42
434,185,46,44
433,187,48,41
435,185,48,43
435,184,47,45
433,184,49,45
433,183,49,45
433,185,47,45
431,184,49,45
434,187,46,44
434,185,46,44
432,185,46,45
431,186,45,45
432,185,45,45
432,185,45,47
429,185,46,44
429,186,47,46
431,186,44,45
427,186,45,48
428,187,47,44
427,186,44,46
425,186,46,46
423,188,47,47
424,188,47,46
424,189,45,44
423,189,46,46
423,188,47,46
420,190,48,47
420,191,47,46
420,192,47,45
418,194,49,45
418,193,48,46
420,195,47,44
417,196,49,42
417,195,49,41
417,197,47,40
417,197,47,39
418,199,48,41
415,196,50,42
414,198,50,40
416,198,48,40
414,198,48,38
413,199,48,40
413,197,48,42
413,198,47,42
411,200,48,39
410,200,48,40
411,200,45,41
411,201,45,41
408,200,47,42
406,200,48,40
404,199,47,43
403,200,46,44
401,199,46,43
399,200,46,43
397,199,48,43
395,200,47,43
396,200,45,43
393,202,47,40
391,201,45,43
390,199,44,45
386,202,46,41
384,201,46,44
380,201,46,44
381,201,45,43
375,200,44,43
373,201,46,41
373,201,43,41
368,200,48,42
368,201,45,42
364,201,47,42
364,201,45,43
363,197,45,46
362,200,45,44
361,201,45,43
360,199,44,46
358,198,46,47
356,197,47,48
359,196,43,49
357,198,46,50
357,199,45,44
360,200,43,46
359,199,44,46
358,198,45,46
360,198,44,50
359,200,46,47
361,199,43,48
363,202,44,47
364,202,42,46
364,201,42,48
365,203,42,45
366,203,42,43
368,205,42,43
369,205,42,44
373,207,41,43
373,206,40,40
377,208,41,42
374,207,44,42
376,209,44,41
380,209,42,42
379,209,45,42
382,210,44,43
384,210,44,41
387,212,44,38
388,210,44,42
390,211,44,40
395,211,40,41
396,212,40,41
398,210,40,41
401,209,38,41
402,211,40,42
405,210,38,42
405,211,38,41
406,210,40,41
408,210,37,40
410,210,38,41
410,209,39,41
412,210,36,39
411,212,39,40
410,210,39,39
413,211,39,41
414,210,37,40
413,211,38,41
416,212,38,40
415,211,39,40
416,213,39,39
416,211,39,41
416,214,40,40
417,213,38,41
418,211,37,42
416,214,40,41
418,213,37,41
417,211,38,43
416,211,40,44
416,213,38,41
419,215,38,40
420,213,38,42
418,213,39,42
419,213,40,44
419,214,40,44
419,215,39,42
420,212,39,43
421,214,41,41
420,212,39,45
422,215,40,42
421,214,39,44
424,213,39,43
424,213,39,42
425,213,39,44
426,214,39,43
426,213,39,43
427,212,39,42
429,213,38,41
429,213,39,42
431,214,38,39
432,214,37,41
434,212,38,42
436,212,37,41
438,215,38,40
439,213,38,43
439,215,36,41
441,215,39,41
443,216,40,39
444,215,39,40
449,217,38,40
452,214,35,40
451,216,38,41
454,215,39,40
456,217,37,42
457,217,37,40
458,214,39,42
461,216,38,41
464,218,39,41
464,214,37,42
468,218,37,39
470,217,34,41
471,217,37,41
470,217,38,39
472,216,39,40
474,216,36,39
474,214,39,41
476,214,39,41
475,213,38,39
474,213,40,39
476,213,40,38
475,210,41,39
477,211,41,39
479,211,40,38
479,210,40,38
479,209,40,37
481,209,40,36
483,209,40,35
481,208,39,35
484,206,38,34
485,203,37,34
487,203,36,33
487,202,37,34
487,201,38,34
489,200,36,34
491,199,37,35
494,198,33,37
492,198,35,36
493,197,36,36
494,197,34,37
494,195,34,37
498,197,31,40
498,198,31,36
499,197,30,35
501,196,29,35
502,197,30,35
501,198,31,34
503,196,29,36
504,197,29,42
505,197,29,41
505,196,32,43
507,196,29,46
508,196,37,57
506,196,32,55
509,196,29,50
509,197,29,52
509,195,29,53
509,196,31,52
509,196,30,51
510,198,29,49
512,195,28,53
512,198,29,51
512,198,29,51
513,195,29,54
515,198,28,51
514,196,29,55
515,198,29,50
516,199,28,50
517,198,29,55
516,196,30,54
517,198,29,56
518,199,30,53
519,199,30,55
521,199,30,53
520,199,30,56
520,199,30,57
522,196,30,58
524,200,28,55
525,197,29,53
534,197,22,58
534,197,22,58
534,197,22,58
534,197,22,58
534,197,22,58
534,197,22,58
534,197,22,58
534,197,22,58
534,197,22,58
534,197,22,58
534,197,22,58
534,197,22,58
534,197,22,58
534,197,22,58
521,183,21,49
529,202,21,54
528,199,28,55
528,198,30,59
525,201,32,60
524,196,34,65
523,200,34,58
522,202,35,58
522,200,36,57
520,200,37,60
518,200,38,59
516,202,38,56
514,202,39,57
513,202,38,58
513,203,40,59
510,203,39,57
509,202,38,59
507,202,42,61
505,204,39,61
503,202,39,62
501,201,40,66
501,204,38,62
499,202,40,59
497,205,41,60
493,203,40,59
491,205,41,57
489,205,43,60
488,204,44,60
484,202,45,62
482,205,46,61
482,202,45,65
479,205,44,62
477,203,46,63
474,205,44,64
475,205,44,61
472,205,45,60
470,208,45,61
468,209,43,60
467,209,43,62
466,209,42,62
465,208,41,63
463,209,41,62
461,210,42,64
457,209,43,62
458,208,41,64
455,208,41,63
454,209,39,61
452,209,39,63
451,211,38,62
450,212,37,57
448,212,39,55
444,214,38,52
443,213,37,55
442,213,36,57
441,216,34,59
439,217,33,57
438,218,32,54
437,217,31,56
436,218,30,55
433,220,30,57
433,219,27,59
428,218,29,60
425,220,32,60
426,221,33,60
425,220,32,62
423,221,29,61
422,219,37,60
421,223,32,55
421,223,31,53
419,225,27,51
419,224,35,52
417,226,38,51
419,227,37,52
418,227,39,53
418,228,38,53
419,226,39,56
417,226,40,56
420,229,38,53
420,227,38,54
420,226,38,56
420,223,38,58
421,221,36,61
421,222,36,59
422,224,34,59
422,226,33,54
423,222,32,58
423,224,31,55
423,227,30,52
423,228,28,51
423,224,25,53
425,230,24,47
424,229,22,50
426,229,18,49
425,229,16,48
419,232,18,43
415,241,19,50
411,242,21,51
408,242,24,47
408,244,22,42
401,245,27,39
393,247,35,38
393,247,35,38
394,247,35,37
396,246,29,37
395,248,30,37
395,248,30,37
397,247,28,32
395,248,27,27
397,248,26,28
392,248,26,23
395,249,26,24
395,250,25,23
396,249,22,24
396,248,23,24
395,249,24,23
394,248,23,23
395,248,21,23
398,248,21,23
397,249,18,23
397,249,18,24
397,250,18,23
394,250,18,23
395,248,18,23
393,248,18,24
394,248,15,23
394,249,15,23
395,247,13,26
390,248,16,26
389,247,17,28
386,241,19,32
382,242,20,33
382,236,20,38
383,237,17,40
379,239,20,38
380,237,19,42
375,238,20,40
375,238,20,40
375,238,20,40
375,238,20,40
375,238,20,40
368,237,25,40
365,236,26,41
367,236,20,39
365,238,26,41
361,237,28,42
361,237,28,42
361,234,29,45
361,234,29,45
361,234,29,45
361,234,29,45
361,234,29,45
361,234,29,45
363,232,26,48
361,229,27,49
367,232,20,49
368,236,21,44
370,238,20,40
368,238,24,44
372,239,21,40
372,241,22,38
372,239,22,38
378,239,20,41
377,240,21,43
379,240,21,43
383,238,17,46
378,233,21,49
378,226,24,55
378,224,23,54
381,221,20,54
383,235,21,51
385,236,20,53
385,215,19,56
386,235,21,53
387,237,19,50
390,237,19,45
392,240,16,42
394,243,15,43
394,244,16,45
394,238,16,41
394,246,16,36
394,240,16,33
394,247,17,30
394,249,19,30
397,247,16,27
395,249,16,26
397,249,17,25
396,250,19,22
395,249,20,23
397,248,18,23
397,249,20,22
395,250,19,23
397,248,21,23
395,250,17,23
404,249,19,21
402,249,23,22
402,248,26,25
400,247,29,26
401,249,30,25
408,246,27,27
415,247,20,28
395,251,19,24
420,247,20,26
425,247,18,26
428,247,17,24
429,248,18,24
395,250,19,22
427,248,20,24
426,246,24,27
428,248,25,26
429,247,24,25
429,248,26,25
435,248,21,24
439,249,18,23
444,250,15,20
448,249,12,23
445,251,14,22
442,250,17,22
445,249,16,22
444,248,17,23
444,248,17,24
444,248,18,24
442,248,19,24
445,247,16,25
445,247,16,25
444,246,16,27
445,246,15,27
444,245,15,27
444,244,14,28
445,245,14,28
445,244,14,28
445,242,14,30
443,240,15,31
444,242,13,29
440,244,16,28
441,245,14,29
440,243,14,30
436,243,16,31
438,240,14,34
431,243,19,31
434,245,16,29
436,243,13,31
435,243,12,31
432,244,15,31
427,244,17,31
428,244,18,31
425,244,16,29
425,246,17,27
426,246,14,26
425,245,14,27
421,246,17,29
419,247,19,27
416,246,21,28
415,245,19,28
415,245,19,28
417,246,18,28
416,247,18,27
414,244,18,27
417,245,16,28
416,245,15,28
418,246,14,27
420,245,12,28
417,245,14,28
417,245,15,27
417,247,16,27
418,246,14,27
416,246,15,27
417,246,15,27
420,245,13,27
418,247,16,26
417,247,16,27
418,248,17,27
416,245,19,27
418,246,19,28
418,246,21,29
421,245,19,28
424,246,17,27
425,247,16,25
429,248,13,23
428,250,16,21
429,246,17,26
429,246,18,26
429,245,19,28
428,246,20,26
432,245,20,26
432,244,21,28
432,246,22,26
437,246,19,26
438,246,18,26
440,247,18,26
441,248,17,24
442,250,16,24
442,251,16,23
443,250,15,21
439,247,18,24
433,247,20,24
433,246,21,26
432,247,24,24
428,245,27,26
428,245,26,25
428,245,26,25
429,245,27,25
429,246,26,25
428,246,25,25
429,245,25,24
425,244,27,27
426,243,28,27
426,244,29,26
426,244,29,28
428,245,29,26
428,244,29,27
428,245,28,27
427,244,29,28
427,244,29,26
426,244,30,27
430,241,26,30
437,239,20,32
440,241,17,30
443,238,15,33
442,239,14,32
441,238,17,33
439,243,18,30
441,243,16,29
443,239,14,31
443,237,14,34
442,236,13,34
443,238,15,32
441,238,17,32
442,237,16,32
441,238,16,33
442,240,16,30
440,240,19,31
441,239,17,30
441,239,17,32
442,237,16,33
440,240,16,31
435,242,19,29
432,244,22,27
435,244,19,26
434,244,17,26
433,245,18,27
430,245,21,26
427,245,20,26
428,244,20,28
428,245,19,26
426,245,19,27
428,244,15,28
427,246,15,27
428,245,13,28
426,246,12,26
425,245,14,29
423,245,13,28
417,244,16,29
417,245,14,27
417,245,14,24
414,246,11,24
414,247,10,23
413,247,10,22
405,250,14,23
401,250,15,23
397,248,16,23
395,249,15,22
392,248,14,22
392,246,12,20
389,248,14,21
386,246,13,20
384,245,16,22
379,246,17,22
378,246,17,23
377,241,18,27
373,242,19,26
372,244,20,26
371,245,21,28
368,239,22,31
372,242,19,29
371,240,20,32
371,242,19,31
371,240,20,34
372,241,19,32
369,242,21,35
370,241,20,39
366,243,24,39
364,244,24,41
365,242,23,41
360,240,27,44
357,237,30,45
358,237,29,46
355,238,32,45
358,242,29,41
352,238,33,45
352,240,33,44
353,238,31,45
356,242,28,43
353,238,29,45
353,240,27,44
352,238,28,44
353,239,28,45
352,236,27,48
351,237,24,45
353,237,23,46
351,238,22,45
353,238,20,46
351,239,20,45
351,238,17,47
349,238,15,47
350,238,14,48
351,238,14,48
349,235,14,52
348,235,14,53
346,241,17,49
344,238,19,47
342,242,18,46
339,239,20,47
340,237,20,49
339,248,21,42
336,249,22,39
339,247,19,38
336,249,22,38
338,250,21,38
335,249,23,39
335,247,23,40
337,248,19,38
335,251,19,37
335,249,18,38
334,248,17,39
333,246,16,40
334,247,15,40
329,248,20,39
326,249,21,39
323,248,23,39
322,246,23,41
319,244,24,40
317,246,27,37
317,248,27,35
314,248,30,36
317,247,29,39
319,248,28,38
319,250,31,35
317,248,33,36
315,250,37,33
315,249,39,35
313,250,40,33
314,250,39,35
315,250,38,34
314,250,38,34
314,249,38,35
315,249,36,36
312,251,39,33
314,250,39,34
313,248,38,36
315,249,38,36
313,248,37,36
317,249,36,36
315,246,38,38
314,247,39,37
313,249,42,35
315,248,43,36
317,246,41,37
318,247,41,38
315,248,44,38
319,248,44,37
319,246,44,39
320,245,45,41
318,248,50,38
315,248,50,36
318,247,52,37
316,249,55,34
316,248,55,37
316,247,56,38
316,248,58,36
315,247,57,37
319,247,55,37
319,246,55,39
316,247,59,38
318,249,58,38
317,248,58,37
315,247,60,37
315,249,62,36
316,247,61,37
319,247,58,40
318,248,58,36
325,247,54,39
338,246,44,41
335,247,45,40
344,245,39,40
342,244,40,41
345,241,37,45
352,237,31,47
355,238,28,47
352,237,30,49
353,236,30,47
355,239,28,44
354,237,29,46
359,243,26,42
363,242,22,42
365,244,20,38
365,243,21,41
366,244,20,39
364,244,20,38
366,241,20,40
367,245,18,35
365,244,18,38
367,243,20,41
367,244,18,40
367,245,20,39
365,245,21,38
368,244,18,40
368,243,20,40
364,245,23,39
367,243,22,42
368,244,21,40
368,240,20,44
369,242,21,41
370,243,19,41
370,244,19,39
370,241,19,40
369,243,20,40
371,239,20,43
371,240,19,40
371,242,20,41
368,238,24,42
373,242,20,39
374,241,20,37
377,245,18,36
373,244,22,36
378,245,19,34
378,245,20,36
379,244,20,37
380,239,19,40
384,241,18,41
386,248,18,38
391,247,15,36
391,245,17,32
394,248,14,31
396,249,15,31
397,248,17,26
399,250,18,23
399,249,20,24
401,249,21,25
406,248,19,26
413,247,14,27
416,247,12,26
418,246,13,27
417,246,15,27
421,246,13,27
420,245,16,27
419,245,19,27
423,245,16,28
428,247,12,26
425,246,16,27
427,247,15,27
428,246,15,26
428,245,18,27
427,245,18,26
430,245,17,26
429,245,19,27
430,246,18,27
428,245,21,29
428,246,20,27
430,246,18,27
427,246,21,28
429,246,20,28
434,244,14,28
433,245,16,28
433,245,16,27
430,244,17,27
431,245,17,28
430,246,18,26
428,246,20,27
427,246,20,26
427,245,22,28
428,245,20,28
428,245,20,28
427,244,20,29
428,244,19,28
428,244,18,28
428,246,19,26
428,245,17,28
426,246,17,27
428,246,15,26
427,246,14,26
427,245,13,27
428,245,11,26
427,247,13,29
426,246,12,28
424,246,13,26
422,245,14,28
417,246,16,27
420,245,14,27
418,245,16,29
417,245,16,28
417,245,15,28
415,246,16,27
416,246,16,27
416,246,15,28
416,245,16,28
416,245,17,28
417,246,18,30
417,245,18,29
416,244,18,28
416,246,17,26
416,247,18,25
416,246,18,26
416,248,17,25
419,247,14,25
418,247,13,27
416,247,14,26
416,249,14,26
417,253,11,22
418,254,11,21
412,243,13,23
415,249,10,26
416,254,13,25
415,248,11,29
411,249,15,28
406,249,18,27
403,249,20,24
400,249,23,23
398,250,24,22
396,250,25,23
394,248,27,24
396,249,27,22
394,250,29,22
393,249,30,23
392,250,32,22
393,249,30,22
394,249,30,22
393,249,29,21
395,250,28,21
395,250,28,21
395,249,28,22
396,249,28,21
394,250,31,22
394,249,30,22
395,249,29,22
397,249,27,23
396,249,30,26
395,249,32,24
395,249,31,23
394,248,34,25
393,248,32,25
395,249,32,24
397,247,31,26
396,248,31,26
394,247,34,27
395,247,35,26
393,246,34,26
394,249,37,25
393,248,35,25
393,247,37,26
395,247,35,27
393,247,37,26
395,248,34,25
394,248,35,25
395,248,34,27
393,247,35,25
392,247,37,26
395,246,34,26
395,246,32,25
393,248,35,25
393,247,32,24
397,249,29,23
396,247,29,24
393,249,30,22
391,249,31,22
392,249,30,22
391,250,28,22
391,249,28,22
392,250,24,22
393,249,21,22
393,249,18,24
394,249,15,24
394,248,13,23
394,248,13,20
389,249,15,23
386,238,17,25
384,246,16,24
381,246,18,24
380,247,17,22
380,248,15,21
379,248,15,25
377,248,17,25
375,247,17,26
376,246,17,27
374,246,16,28
372,244,17,33
371,243,18,36
368,240,21,42
369,239,19,43
369,239,18,42
367,239,20,42
365,239,21,43
369,237,16,44
366,239,19,44
366,240,19,43
366,239,20,44
363,238,22,45
362,238,23,45
358,237,29,46
351,238,33,45
351,237,36,47
353,238,34,44
352,239,35,45
352,237,36,43
351,238,37,46
353,241,37,41
354,237,39,45
352,236,39,46
352,239,40,44
353,236,39,46
352,238,40,46
350,237,42,47
350,237,40,48
351,239,41,48
351,236,40,49
352,239,38,47
350,237,38,48
352,236,37,50
351,237,38,53
350,237,37,49
351,237,38,51
353,236,37,50
352,235,41,49
351,233,40,53
351,237,39,47
351,238,41,47
351,240,42,45
351,239,43,44
353,239,41,45
352,238,44,50
352,237,44,48
354,238,45,49
352,236,47,51
352,237,47,49
352,238,49,50
353,238,47,51
353,238,48,49
353,238,48,52
353,240,49,48
353,239,52,47
351,240,54,48
354,243,48,44
351,241,51,47
353,239,50,50
350,242,52,45
353,241,54,47
352,239,53,47
350,240,52,45
352,243,46,44
349,239,48,48
350,237,47,47
352,240,47,47
354,248,44,39
351,255,45,31
363,257,36,27
396,247,34,25
395,247,32,27
386,256,31,26
388,249,24,26
389,251,21,23
389,251,21,23
389,251,21,23
389,251,21,23
389,251,21,23
393,251,18,22
393,251,18,22
393,251,18,22
394,250,18,22
394,250,18,22
394,250,18,22
394,250,18,22
394,250,18,22
394,250,18,22
394,250,18,22
394,251,19,22
396,250,17,24
395,251,19,22
396,251,18,23
395,252,18,22
395,250,18,22
392,251,20,21
394,251,19,22
396,250,16,22
394,252,17,21
396,251,16,22
396,251,16,22
395,251,16,22
396,250,17,23
395,250,18,22
393,251,18,21
394,251,18,22
395,250,16,21
392,251,20,23
394,250,20,23
392,252,21,21
394,252,17,20
396,250,15,22
393,250,18,22
392,250,19,23
394,251,16,23
396,251,14,20
391,250,17,22
395,249,15,19
401,248,18,19
399,247,17,21
379,249,17,24
375,247,16,26
371,243,21,28
361,244,21,32
360,241,25,34
353,242,31,37
353,242,25,41
352,239,24,47
353,238,22,48
350,238,23,48
352,237,19,49
351,237,17,49
350,235,17,48
349,238,16,47
350,239,15,47
352,245,14,42
350,247,12,40
351,248,12,37
349,249,12,36
349,248,11,38
349,249,12,37
347,246,11,38
337,239,14,44
343,245,15,42
342,249,17,37
341,249,18,37
344,249,15,37
344,248,15,39
342,249,17,37
344,250,18,37
341,250,20,38
339,249,22,37
342,250,22,36
341,245,23,41
338,247,26,40
336,249,28,38
338,245,27,42
340,244,25,42
339,244,25,42
336,247,28,40
343,241,24,45
348,236,19,50
349,236,18,49
350,238,17,49
351,239,16,46
352,237,14,48
350,238,16,47
352,236,17,48
350,237,15,47
351,239,14,48
350,238,15,47
350,237,13,48
349,239,12,47
346,244,13,42
346,238,12,46
342,243,13,44
341,249,12,39
340,247,12,40
335,248,13,41
330,251,16,38
325,213,18,41
321,223,21,37
318,248,19,35
315,224,19,38
313,226,18,37
315,228,15,38
312,226,13,39
308,254,12,41
304,250,15,45
300,230,16,51
295,227,18,56
294,232,17,56
290,232,17,60
288,235,17,60
283,234,19,57
279,236,23,57
273,233,28,59
266,233,31,57
265,229,31,59
262,229,32,62
262,230,31,60
261,229,32,60
261,230,30,61
264,230,29,60
266,231,29,61
262,231,30,58
267,228,30,61
264,234,33,54
263,231,35,56
264,233,37,56
269,233,33,60
270,234,36,57
265,237,43,54
265,236,46,51
266,236,48,54
265,231,55,57
264,230,60,58
262,226,67,62
262,225,73,61
261,226,76,61
264,226,77,61
268,227,69,62
279,226,71,62
270,228,70,62
273,232,79,59
277,237,77,51
269,243,86,44
274,239,90,47
264,240,95,48
261,234,96,54
272,241,93,47
272,243,88,47
271,243,91,47
274,243,88,46
307,246,84,46
273,241,90,47
313,250,89,40
289,251,81,37
