276,64,104,183
279,70,116,176
281,71,102,173
277,69,120,175
275,66,113,177
279,64,108,179
278,72,106,173
276,68,105,176
274,70,105,174
274,68,105,176
275,69,97,175
274,63,91,181
269,61,98,184
260,62,107,184
257,66,108,177
253,65,109,180
250,63,104,182
244,65,102,177
241,70,97,175
236,75,96,170
234,72,95,174
230,71,96,181
226,74,96,176
223,78,95,173
223,78,91,173
217,70,97,183
215,73,95,176
215,72,94,179
214,74,94,175
214,75,91,174
213,76,95,172
212,79,95,167
215,76,92,174
212,78,93,168
214,78,91,171
216,76,87,171
214,76,92,173
216,74,92,172
218,78,90,170
219,79,82,166
221,78,86,168
222,81,84,164
224,80,80,165
217,83,93,160
220,83,89,162
222,88,84,152
222,85,87,158
222,85,88,158
223,87,84,154
227,91,81,148
225,87,84,148
229,86,80,148
227,89,83,142
227,89,82,139
229,87,82,142
230,82,82,151
231,81,82,149
232,80,81,148
234,82,73,148
235,84,73,145
233,81,76,150
233,81,78,146
234,85,71,138
235,82,73,145
234,82,74,145
232,79,79,148
234,82,79,131
232,82,86,130
232,81,92,126
229,86,96,117
229,83,95,126
229,89,90,117
226,84,92,124
222,90,96,117
220,90,96,118
221,82,106,130
222,70,137,143
223,63,141,161
209,58,165,170
208,60,171,168
207,64,171,172
210,63,163,169
209,63,162,164
206,63,161,169
207,64,158,167
207,63,155,168
210,63,154,163
206,61,158,172
207,62,152,167
207,65,152,168
207,65,152,169
207,60,153,170
208,62,153,167
208,64,151,167
209,61,149,166
206,67,154,167
208,62,153,168
206,65,158,166
208,64,159,167
206,64,160,166
207,66,160,162
209,63,157,167
205,67,164,170
208,63,152,165
209,65,154,167
210,66,158,163
210,67,160,164
212,69,154,164
212,66,159,168
212,64,156,165
210,65,161,166
214,66,148,162
210,65,170,168
213,67,153,164
212,66,151,162
210,69,159,163
211,67,155,162
217,65,145,158
209,68,159,161
211,68,162,164
209,69,170,162
213,69,153,160
213,66,154,158
210,68,169,163
215,69,152,157
209,64,170,163
213,68,166,161
212,67,166,161
212,67,169,160
212,66,169,163
217,66,165,161
216,69,161,161
219,65,163,162
216,68,163,161
212,68,170,160
222,68,163,163
216,67,169,163
217,68,166,160
218,70,165,159
217,69,165,156
220,70,166,160
211,68,176,163
214,68,171,161
213,70,170,158
215,69,170,158
216,69,165,157
215,68,171,158
216,69,171,157
211,68,173,158
215,69,172,162
215,69,166,156
220,71,164,158
214,70,166,156
213,70,174,161
216,69,166,157
213,69,171,157
215,71,175,158
214,70,168,155
219,69,155,152
217,70,169,165
214,68,166,157
214,69,171,162
217,69,165,158
213,68,170,156
215,68,168,158
214,67,172,155
218,69,166,158
213,69,167,154
218,70,157,153
214,69,165,153
219,70,163,159
221,70,158,156
215,71,173,156
216,69,170,157
216,69,175,156
214,68,175,159
214,68,173,157
219,68,176,160
215,69,173,162
221,70,171,160
224,68,173,164
223,70,170,159
222,71,176,164
232,71,163,166
225,69,177,165
233,68,168,165
226,71,173,166
234,71,168,165
233,68,172,167
230,69,180,166
236,71,176,168
238,70,179,171
243,70,177,170
237,71,194,174
242,71,180,178
243,72,183,179
240,69,189,180
247,66,180,182
246,70,188,180
245,68,193,181
253,71,180,183
254,69,188,185
257,69,183,181
253,70,195,184
253,71,192,186
253,69,193,192
253,72,191,193
260,72,184,186
262,71,187,190
268,71,181,188
268,75,181,188
270,69,181,194
268,73,188,190
266,72,190,186
264,74,198,191
265,70,197,202
262,70,183,212
260,66,143,226
283,69,172,222
264,68,172,256
279,68,182,266
259,69,208,255
257,68,182,256
270,68,149,220
268,67,138,230
298,69,158,254
292,60,108,224
360,122,141,196
355,138,156,186
364,153,155,174
270,69,137,177
365,140,147,160
355,168,155,124
349,179,171,96
348,184,159,91
348,182,150,93
350,188,160,85
356,187,156,88
362,189,144,87
366,191,159,86
368,192,157,90
370,191,154,94
373,194,152,93
373,194,155,88
374,192,158,95
376,193,156,96
376,194,154,93
378,190,151,101
376,194,161,100
378,195,161,97
378,202,164,89
384,198,155,95
382,198,158,93
387,197,158,97
388,201,157,97
384,202,167,92
386,200,167,96
385,201,167,97
386,200,168,98
389,205,163,94
388,201,162,94
386,202,169,95
389,203,161,95
388,204,164,93
387,202,174,94
381,204,182,93
385,203,174,96
385,202,171,97
383,204,178,95
387,201,173,100
383,201,174,99
383,203,177,98
389,200,163,101
387,202,158,98
384,205,174,92
383,203,168,95
380,201,177,98
382,203,176,98
379,203,183,97
386,201,169,98
380,202,176,100
386,203,174,98
378,204,176,96
385,203,170,98
384,201,169,100
382,202,173,95
381,204,173,95
379,202,174,95
383,205,170,94
382,202,174,97
383,203,166,94
383,204,165,95
382,201,167,98
378,203,175,94
379,204,171,93
380,204,173,95
381,201,170,96
386,206,164,92
386,203,160,91
383,206,162,92
386,203,161,93
384,205,156,90
387,205,152,87
384,202,161,89
390,205,156,86
388,204,158,88
390,203,153,88
388,204,154,90
383,204,160,88
381,206,163,92
375,205,169,91
377,205,168,85
379,209,163,85
377,204,162,89
378,205,167,90
375,206,165,89
374,207,161,91
375,207,163,87
375,205,167,91
375,206,160,91
382,206,152,90
374,208,162,85
380,208,159,85
375,207,162,86
377,207,160,87
376,206,160,89
384,206,153,90
380,206,154,91
388,207,147,88
390,208,142,87
382,206,150,90
384,207,150,88
378,207,153,87
377,209,158,85
379,207,156,87
379,208,156,86
377,207,158,88
376,208,158,86
377,208,156,86
374,207,160,87
373,208,161,86
376,207,156,88
380,210,153,83
375,210,162,81
370,210,168,83
372,211,163,80
376,210,160,83
382,210,153,84
374,208,160,86
374,209,164,84
379,210,157,83
383,211,152,80
377,210,161,81
375,210,161,82
380,211,156,82
378,211,157,81
374,212,164,80
373,210,163,84
373,210,166,84
373,209,163,86
373,211,165,84
374,210,165,84
374,212,164,85
374,212,164,85
372,212,164,84
378,211,157,83
375,211,159,84
372,211,165,85
376,213,160,84
370,212,165,82
371,212,171,85
371,214,164,83
371,212,167,83
374,212,164,84
374,211,162,84
379,210,154,83
377,211,157,85
374,209,161,84
375,211,163,86
370,209,167,86
376,209,160,88
371,209,167,88
370,207,166,90
371,210,165,89
371,207,163,89
371,207,165,92
378,206,159,90
373,205,164,92
370,206,171,89
368,203,171,95
369,202,169,96
371,202,167,97
366,202,176,95
371,200,164,98
366,201,171,96
367,201,165,95
372,197,166,100
371,198,165,100
368,199,166,100
370,198,161,101
379,199,151,102
371,197,163,101
370,198,164,101
370,198,160,101
374,199,157,99
376,197,154,101
379,194,150,105
374,195,157,106
373,194,157,106
376,195,152,104
377,196,154,107
374,192,153,108
372,196,158,106
366,194,166,106
368,196,162,106
370,195,158,107
370,195,160,109
368,193,161,108
372,192,157,114
374,197,152,104
377,194,150,109
374,193,155,113
371,195,157,109
369,192,162,114
373,192,153,112
371,190,157,119
369,192,159,113
370,193,158,112
369,192,159,113
377,191,144,114
372,193,151,113
371,192,155,115
368,193,161,110
372,189,152,120
371,191,153,114
369,191,158,116
369,194,155,110
370,193,156,114
368,190,160,118
368,188,161,120
369,190,157,118
364,188,165,118
369,188,157,119
368,188,159,121
367,189,158,119
369,188,158,121
366,187,163,120
383,188,142,119
373,188,151,121
371,187,156,120
377,187,150,121
371,188,154,119
373,184,154,121
392,184,134,125
389,186,133,122
378,183,143,125
373,184,150,121
371,185,156,123
381,182,142,122
374,186,150,119
370,183,151,123
383,186,141,120
378,184,143,122
382,184,139,119
366,186,156,118
372,183,150,123
378,184,147,121
380,183,142,121
402,178,120,126
379,183,138,121
390,181,132,119
399,180,120,124
406,179,110,125
403,177,111,124
409,180,106,121
415,176,101,124
418,175,99,126
424,175,92,125
439,176,73,124
430,175,83,121
439,172,72,124
439,171,70,124
436,173,74,121
439,170,72,126
441,173,67,124
439,172,70,123
437,170,72,124
437,170,74,127
438,172,70,124
440,169,67,128
438,170,67,125
437,169,69,125
437,168,69,129
438,168,66,128
435,169,71,127
438,168,69,124
437,166,68,130
431,166,78,125
432,165,75,127
433,161,73,130
432,163,77,129
432,164,78,126
430,163,77,128
433,158,72,131
430,160,76,129
431,158,76,129
433,160,72,128
434,157,67,128
434,154,70,131
430,158,79,130
434,155,68,129
432,154,71,131
431,153,73,129
435,151,65,132
431,152,73,132
432,150,70,130
431,146,72,135
433,148,68,128
430,147,73,132
431,143,73,130
430,146,74,130
434,145,69,126
431,141,74,128
430,141,76,127
431,137,73,129
429,138,76,128
432,136,67,126
432,134,66,131
431,137,68,128
430,133,69,127
427,131,74,128
429,129,72,129
429,127,74,127
429,127,73,125
428,124,72,128
427,122,75,126
427,123,74,124
428,117,73,133
428,119,72,127
430,116,69,125
430,114,71,128
429,118,70,122
430,114,68,124
430,111,70,124
428,109,72,127
430,106,72,126
428,104,71,130
429,105,69,127
429,101,69,126
430,103,69,125
430,97,70,127
431,95,67,126
429,97,70,126
428,93,72,128
430,93,71,128
429,89,70,128
429,89,72,126
430,86,72,129
429,85,74,127
430,83,71,128
432,80,72,129
431,80,74,127
433,77,72,129
434,75,71,129
431,77,78,124
434,72,75,127
433,73,75,127
433,70,76,130
434,70,76,128
433,66,77,131
434,66,77,129
436,67,76,128
435,65,76,130
435,67,79,127
436,67,79,127
435,63,78,128
436,61,75,132
435,63,79,131
435,63,79,130
433,62,80,131
433,62,79,130
434,63,79,129
434,61,75,130
431,62,80,130
429,60,80,130
427,59,81,131
428,63,77,129
426,61,77,129
421,59,84,130
422,58,81,131
422,62,80,130
418,62,86,127
416,65,86,126
414,62,88,128
412,59,91,130
409,62,96,131
407,64,103,129
405,62,107,129
406,61,101,130
403,58,104,130
402,66,106,130
403,62,105,126
401,62,106,131
403,61,102,126
399,61,106,132
400,64,107,127
399,60,110,132
402,61,105,128
400,61,106,132
399,60,107,129
398,61,107,129
395,61,111,130
397,63,109,128
397,62,108,130
396,63,108,131
398,60,100,129
393,62,110,132
394,63,108,128
396,58,104,130
393,61,108,132
395,60,106,130
394,61,106,132
394,61,102,130
390,62,110,133
394,65,107,131
391,59,101,129
390,62,108,129
391,63,106,130
394,66,99,127
392,61,101,132
391,63,105,128
392,64,103,134
394,62,99,132
387,64,107,134
390,63,106,131
390,62,106,134
393,62,101,135
393,65,99,134
396,64,97,135
391,64,99,135
394,68,103,131
398,65,93,132
395,65,98,132
395,65,100,133
399,64,95,134
398,64,94,136
401,65,91,135
403,66,88,133
403,65,89,137
406,64,88,140
407,66,87,135
412,65,83,136
409,67,85,135
414,66,84,138
412,67,87,132
413,68,87,133
415,67,85,136
417,69,85,135
417,70,84,132
421,69,77,134
421,70,81,135
422,70,81,133
426,71,75,136
426,69,76,137
425,73,80,136
424,70,78,137
426,70,78,139
429,72,70,135
429,71,72,138
428,69,73,141
430,67,69,141
431,70,68,139
431,71,67,137
428,70,74,141
431,70,70,138
431,69,69,147
430,71,71,141
429,70,73,139
430,72,73,150
431,72,72,143
430,72,72,153
429,72,77,146
434,72,68,146
430,74,74,148
432,73,72,146
431,75,73,152
430,75,74,149
430,75,73,143
431,75,71,146
433,76,66,148
432,76,72,146
431,74,73,146
431,76,72,141
432,75,69,146
432,75,70,140
433,75,70,148
432,77,68,145
429,78,72,140
430,80,71,143
428,80,72,142
430,81,66,139
430,81,67,142
429,80,68,141
429,80,67,145
430,81,67,140
430,79,66,142
429,80,67,146
430,81,65,140
430,80,64,134
433,82,62,137
429,81,65,138
427,82,69,142
429,80,64,137
433,79,60,139
435,78,59,143
436,80,59,137
437,78,60,140
440,78,58,137
438,78,62,141
439,78,62,140
441,78,63,137
441,76,61,139
443,74,61,142
445,73,59,142
443,75,65,139
445,72,58,141
445,72,60,142
446,69,58,146
445,72,59,143
445,71,58,144
445,71,57,141
443,69,61,146
444,68,59,148
444,67,61,145
444,67,62,145
444,67,59,149
444,67,59,144
442,68,61,142
442,66,57,145
442,66,59,143
442,66,60,141
441,65,58,151
440,67,62,143
439,68,65,141
438,67,66,142
438,67,66,149
437,67,68,142
437,67,66,142
438,67,66,143
439,68,64,141
440,67,63,144
438,67,64,149
437,69,64,145
436,68,67,142
434,68,68,147
436,69,66,144
435,68,66,146
434,68,68,148
432,68,69,147
434,67,68,144
432,68,71,150
432,67,70,145
434,66,67,144
436,66,67,132
435,67,69,141
434,67,70,135
435,67,69,135
435,67,70,132
434,66,71,141
433,66,71,136
435,68,71,131
434,66,72,137
436,65,66,132
435,64,69,139
435,63,67,134
436,63,66,137
437,63,65,134
436,63,65,135
436,63,64,137
436,63,60,133
435,64,61,132
436,61,59,138
435,61,58,137
432,61,60,138
432,60,59,139
429,61,62,139
429,60,61,137
427,62,61,135
427,61,59,127
423,63,62,133
421,62,61,134
422,63,59,134
418,61,63,135
416,62,64,137
415,61,64,138
410,61,69,142
410,61,65,138
410,59,63,147
406,59,67,144
406,60,63,134
404,60,61,138
400,59,63,144
395,58,65,146
390,58,64,144
388,58,64,153
383,58,66,153
376,58,69,158
377,55,65,153
373,54,66,156
371,56,64,153
368,57,61,154
367,54,62,151
364,56,63,151
361,56,62,153
358,55,61,152
354,57,65,147
352,55,62,148
348,55,66,149
343,55,70,159
340,55,70,153
335,56,71,155
332,56,72,158
321,57,83,158
321,54,83,160
314,61,88,155
315,56,86,158
310,55,89,160
306,56,91,160
305,56,89,158
302,59,91,154
298,62,90,153
296,60,92,153
297,60,88,153
295,57,88,154
294,60,86,150
250,63,106,144
230,62,130,150
230,57,142,165
220,57,156,160
220,58,154,156
218,59,152,155
223,58,143,158
219,55,148,162
215,60,152,165
210,55,152,158
217,60,144,148
215,59,142,155
211,57,139,156
216,59,138,152
215,60,133,138
216,61,125,134
216,61,123,133
213,61,119,131
213,62,120,135
211,61,115,127
214,62,107,129
212,62,105,124
211,61,101,127
212,62,94,121
212,61,86,119
209,61,83,123
203,61,88,124
200,62,88,122
194,61,93,134
195,64,89,126
190,62,94,133
186,63,99,128
181,63,105,120
177,64,107,117
172,62,108,123
167,64,115,131
164,62,115,135
165,62,120,127
157,61,128,132
158,62,121,134
153,62,125,137
150,62,130,139
149,64,128,137
149,63,127,134
147,63,133,130
146,64,129,135
143,60,133,147
141,64,134,136
138,63,129,133
139,63,128,135
137,63,129,122
135,66,129,123
135,63,130,133
134,64,130,123
132,66,131,132
129,64,135,144
130,63,140,158
129,61,136,151
125,63,140,155
122,63,141,152
123,63,140,157
122,63,142,156
117,65,145,155
116,63,144,157
113,64,146,157
112,65,150,156
113,66,138,157
109,62,146,156
104,64,156,160
102,65,154,148
101,62,154,157
96,64,162,158
95,65,160,157
91,63,166,161
85,59,172,158
82,64,174,171
82,63,170,169
78,63,173,167
74,59,183,168
70,61,191,173
66,60,193,170
62,62,202,181
60,58,199,183
55,60,197,180
55,58,203,177
49,60,211,178
44,58,210,178
38,59,213,179
41,58,219,176
38,57,221,182
35,59,224,188
35,55,226,187
32,56,226,191
29,57,232,187
23,58,237,187
25,57,235,196
23,58,239,181
11,58,248,195
19,57,246,187
14,58,244,195
19,57,237,205
12,57,250,190
8,57,221,215
9,59,250,233
11,57,246,179
4,60,235,186
8,57,246,183
7,57,245,197
6,57,249,182
3,60,249,187
6,60,244,183
1,59,247,190
6,59,242,179
6,58,238,186
6,58,236,189
8,58,234,185
4,60,235,175
7,60,235,175
6,60,234,176
10,59,227,171
12,58,225,176
9,59,227,167
11,59,228,171
9,61,229,173
14,60,222,167
11,58,222,176
12,60,221,164
16,59,222,169
13,59,224,172
17,61,219,169
19,60,217,163
19,62,213,167
18,61,216,173
23,59,211,166
20,60,209,168
18,60,218,169
22,63,211,161
22,61,214,164
26,60,209,160
28,63,201,164
28,64,209,162
28,60,211,163
30,63,208,163
32,63,200,157
36,60,201,158
36,65,202,162
39,62,196,153
38,61,207,163
43,58,197,164
43,65,207,161
47,59,199,159
52,58,195,159
55,57,195,163
56,65,198,166
59,59,191,159
65,60,196,165
65,60,193,163
70,59,193,161
72,58,199,162
75,62,195,167
75,59,198,170
80,62,199,165
81,60,194,166
83,58,190,167
86,61,196,166
87,65,198,168
84,60,201,159
86,60,206,170
87,59,210,171
88,60,206,169
89,60,198,169
92,62,205,172
94,59,202,168
90,61,210,170
93,59,214,171
97,61,207,173
98,60,207,171
97,60,208,169
92,62,216,171
92,61,216,174
97,58,211,165
98,62,208,168
96,60,216,173
98,62,214,170
96,63,215,163
98,63,214,174
99,63,219,165
100,63,214,166
102,63,214,172
101,63,213,165
103,65,212,167
100,65,214,159
103,65,216,174
101,66,216,163
104,65,204,166
102,65,215,164
105,65,213,165
107,68,208,167
105,67,214,162
103,68,215,160
105,67,216,166
105,66,218,160
107,67,215,165
108,70,204,159
107,68,214,160
107,69,213,162
104,70,212,158
108,68,214,165
101,70,224,161
105,69,217,159
110,69,208,162
111,70,202,157
108,70,212,158
107,69,215,158
108,69,214,163
109,70,209,157
107,69,212,160
110,70,214,156
105,69,219,159
109,69,215,165
109,71,216,158
108,72,217,158
111,71,211,159
110,71,213,162
110,71,215,159
111,72,214,165
108,73,215,158
111,72,215,160
107,72,217,162
108,76,212,154
112,74,207,162
109,72,216,161
106,74,211,161
110,74,214,160
109,74,214,159
104,74,221,154
111,74,208,163
107,76,216,156
111,74,210,158
110,80,195,152
106,75,217,155
107,79,206,151
109,90,180,138
108,88,169,143
115,97,135,136
116,94,111,136
111,97,107,124
114,98,103,117
114,100,98,97
117,100,84,96
115,102,86,94
117,102,87,95
116,103,84,95
114,103,89,92
116,104,91,95
113,102,89,92
114,106,92,92
112,103,102,92
113,102,90,94
114,105,93,90
113,104,87,91
113,104,93,89
111,106,104,90
112,106,93,90
113,107,87,86
114,109,81,84
115,111,79,82
112,111,82,80
114,112,79,79
108,112,90,81
114,112,84,79
111,115,86,77
112,112,88,77
111,113,88,81
110,112,89,77
113,115,82,77
111,114,88,76
115,114,77,77
117,116,77,73
116,115,77,75
117,117,75,78
116,117,78,78
115,119,76,72
116,119,75,75
110,119,83,85
114,120,81,92
113,120,76,93
116,121,78,95
115,120,87,101
113,121,99,101
115,122,102,102
114,124,108,99
115,124,112,103
117,125,106,103
116,125,107,101
116,126,109,99
116,124,112,101
121,124,104,104
122,125,102,102
122,127,100,99
125,128,94,99
126,128,97,97
125,128,102,99
127,129,99,99
131,130,92,100
131,129,93,100
129,129,95,102
131,128,94,101
130,128,95,102
130,128,93,103
127,129,98,103
129,128,96,102
128,128,95,105
127,126,97,104
128,127,93,107
128,127,95,104
129,126,93,107
128,125,96,106
126,125,100,109
129,123,97,106
127,126,99,110
131,123,95,108
129,124,97,109
128,123,99,109
128,124,98,110
127,121,101,111
129,124,96,109
129,123,95,111
129,122,94,111
129,123,95,111
127,122,96,112
125,122,102,110
128,124,95,111
127,121,97,113
128,121,96,110
128,122,98,114
130,119,94,111
129,119,96,116
130,118,94,114
129,118,97,118
129,115,96,118
129,115,96,118
129,112,99,122
129,112,98,121
129,112,95,121
125,111,101,122
125,114,101,120
127,113,99,127
129,113,91,122
125,113,99,122
125,114,91,119
125,111,88,122
121,110,92,120
122,113,90,118
121,113,88,119
122,110,83,115
121,113,80,100
119,113,79,96
120,112,78,91
120,113,79,107
119,113,77,89
119,115,77,92
116,113,78,92
117,115,76,101
115,114,79,99
112,111,87,104
114,113,78,104
111,111,82,101
112,113,84,105
111,110,80,104
111,111,83,107
111,111,79,105
115,112,72,107
109,111,81,107
113,113,75,110
110,111,77,111
112,113,75,106
114,111,72,108
109,110,78,109
112,112,74,110
107,109,78,109
107,109,78,109
106,110,78,110
106,108,78,113
103,106,79,113
104,107,80,117
99,106,82,117
97,107,84,118
96,107,83,119
95,107,83,120
93,106,84,126
92,108,86,124
92,108,87,125
90,107,89,124
89,108,92,123
88,108,87,124
87,108,89,125
89,110,90,115
85,109,91,121
84,109,93,121
84,109,92,121
84,109,92,120
85,109,92,118
85,110,92,116
84,109,92,117
85,108,88,123
84,109,93,118
81,109,97,119
83,109,94,119
80,109,99,122
82,109,95,118
79,111,99,114
78,112,98,116
74,111,105,121
74,111,106,118
71,113,112,112
72,113,110,112
72,114,110,112
71,113,111,108
71,116,111,109
70,111,112,109
67,114,121,111
68,113,114,108
68,112,118,111
69,114,116,107
63,113,121,105
63,112,120,106
61,116,129,105
60,113,129,105
62,115,130,108
59,111,132,103
62,113,129,103
61,115,133,105
62,113,128,103
62,114,124,106
62,114,128,104
62,112,127,104
61,113,132,106
62,113,132,104
63,112,130,108
66,116,130,107
66,116,129,104
68,120,126,106
67,119,132,105
71,122,129,105
73,121,129,104
75,124,126,105
80,126,121,107
76,126,128,109
81,126,119,107
83,129,121,108
82,128,127,102
86,129,118,109
85,130,126,108
85,129,127,110
85,129,124,114
86,129,129,117
90,129,118,111
88,130,120,112
88,132,121,107
87,132,126,111
89,131,124,114
88,132,120,109
91,134,114,108
90,136,113,105
89,136,114,107
87,135,118,109
87,136,128,109
89,136,120,107
87,137,122,110
87,136,125,116
90,135,124,112
92,138,118,114
95,140,117,106
94,140,123,111
97,142,116,113
98,143,117,110
99,146,123,108
99,146,126,108
101,147,127,110
103,149,130,108
112,147,117,111
113,148,120,110
117,148,122,104
121,149,121,109
122,148,120,112
127,149,121,112
130,150,121,108
131,150,127,113
139,151,119,108
142,152,121,107
146,150,119,109
147,152,120,111
149,155,122,110
154,154,120,109
156,155,122,111
159,156,121,112
163,158,120,114
167,158,120,113
171,160,120,113
170,158,127,114
173,160,128,116
175,161,130,117
177,160,135,118
181,163,132,119
180,164,135,120
186,165,132,116
184,166,138,130
185,166,139,132
186,167,135,137
190,168,136,133
195,169,131,130
196,171,137,129
198,171,136,131
198,172,136,132
200,173,139,131
200,175,135,134
205,175,136,128
203,175,134,129
206,177,133,127
203,179,136,125
212,178,127,125
199,177,144,132
209,180,133,130
214,182,128,126
209,185,136,124
209,187,136,131
217,200,125,110
208,209,134,97
209,203,136,105
212,194,139,114
202,191,150,123
215,192,141,117
217,189,138,121
220,184,140,127
215,187,145,125
223,195,140,106
233,192,130,110
235,188,125,112
238,189,127,111
235,189,126,112
238,190,127,111
240,188,128,114
242,188,121,115
244,196,113,105
242,199,113,105
250,192,102,114
246,196,109,110
245,226,100,81
245,239,91,68
250,249,82,61
255,249,83,67
258,253,80,69
261,256,87,74
266,256,83,80
273,263,103,76
271,266,118,82
271,274,117,76
277,280,120,75
277,282,113,72
277,288,104,67
279,292,96,70
280,294,100,65
286,295,96,61
295,299,100,60
300,306,98,59
308,311,91,51
315,319,86,40
323,325,80,34
325,332,83,31
335,335,80,27
335,335,80,27
335,335,80,27
335,335,80,27
