302,72,24,30
302,73,24,25
300,72,25,27
299,74,26,27
299,75,28,27
297,76,29,25
294,75,29,28
292,76,29,31
289,79,29,25
288,79,30,27
285,80,31,28
284,79,31,29
280,82,35,28
277,86,33,26
273,89,35,27
269,89,36,27
262,92,39,26
258,92,38,25
256,93,35,26
249,94,37,28
242,93,41,28
241,93,40,28
237,94,41,29
234,95,44,29
230,93,45,30
227,91,47,30
226,88,45,31
223,86,42,33
223,86,35,31
220,84,41,34
217,83,43,34
215,85,44,32
214,86,45,31
209,85,49,31
206,84,49,33
206,84,46,34
202,85,43,33
198,86,45,33
193,86,50,32
189,87,48,32
184,92,43,30
177,93,46,30
172,92,49,31
165,91,50,31
160,91,50,35
152,91,50,34
149,91,50,41
145,93,50,32
77,65,50,31
76,63,51,33
131,96,44,31
128,95,45,34
125,96,41,32
121,98,39,29
116,97,42,31
113,98,40,31
110,100,47,32
107,102,49,33
103,103,57,32
101,103,59,33
98,102,59,34
97,103,62,33
100,104,60,28
101,103,58,30
102,103,57,32
101,106,56,33
102,105,59,34
103,104,55,33
106,105,49,34
115,108,45,33
156,63,38,33
164,64,33,31
168,65,35,30
171,65,36,31
179,66,35,30
179,66,35,30
114,109,32,32
113,106,39,35
117,105,50,33
115,103,53,34
116,103,55,36
120,104,56,38
127,104,56,36
133,105,52,33
136,102,55,37
137,101,59,39
144,102,56,37
151,101,53,37
157,101,51,36
161,101,52,37
166,102,54,38
172,103,56,40
181,105,50,38
192,106,47,38
200,107,47,38
207,110,48,38
214,115,49,33
225,118,47,34
237,121,45,33
248,125,42,31
258,127,42,31
269,129,46,32
279,129,49,34
289,130,46,34
299,130,43,35
310,132,43,35
319,135,45,35
329,136,44,34
339,137,43,35
350,139,41,35
359,141,43,35
371,143,45,36
381,145,47,35
392,147,47,35
403,150,47,33
414,150,46,35
425,152,46,34
435,153,47,35
446,156,48,35
455,159,47,35
467,162,47,33
474,163,50,34
486,165,45,33
490,167,47,32
496,170,48,33
500,173,49,33
501,176,56,35
509,178,50,31
513,179,50,31
514,180,48,32
516,181,43,32
516,181,44,31
518,184,41,32
518,184,39,31
522,186,41,33
522,189,37,33
522,189,43,34
523,192,47,33
522,193,50,32
523,194,54,32
521,195,54,30
517,197,47,29
517,197,42,31
515,197,38,33
514,198,42,32
512,202,41,32
509,205,45,35
504,208,46,34
503,209,46,33
502,210,45,32
499,213,44,33
495,215,42,33
491,218,43,34
489,218,44,34
488,220,44,30
484,221,48,33
480,224,48,35
477,225,43,35
474,225,41,37
473,225,44,36
468,229,48,33
462,231,47,37
459,233,44,36
457,233,46,38
454,235,49,39
453,237,53,38
449,238,46,41
445,241,48,35
441,240,48,36
441,240,50,35
438,242,46,37
434,241,43,37
431,240,46,38
429,240,52,39
428,241,56,37
424,243,58,36
419,241,53,39
416,239,47,39
412,236,53,43
409,237,53,44
408,238,56,45
405,237,53,47
401,236,54,39
400,234,53,37
400,235,48,40
398,236,49,40
395,236,51,40
391,236,49,39
388,236,52,41
383,235,56,43
382,235,54,40
382,237,53,39
378,236,43,42
379,236,41,39
379,233,47,44
375,234,50,46
377,234,40,52
379,235,50,55
376,238,60,54
372,238,69,62
371,235,64,66
373,235,63,65
368,235,60,63
366,234,59,60
368,231,56,55
369,234,55,52
369,233,54,49
367,236,56,44
365,240,57,39
361,240,58,38
361,241,55,37
361,242,53,37
361,242,49,38
359,242,49,42
358,243,43,42
357,246,41,39
355,247,41,39
352,246,41,37
352,246,41,40
352,246,43,45
353,247,45,49
352,248,48,49
351,250,47,48
349,254,50,46
347,257,50,44
346,258,49,43
347,259,47,40
346,258,46,46
346,258,46,48
344,261,40,46
341,264,41,44
337,266,44,40
333,266,46,39
330,266,50,38
329,267,49,39
328,268,50,42
327,268,50,48
324,271,54,50
320,272,57,46
315,272,57,45
313,269,57,48
310,269,61,49
308,269,64,49
307,268,60,51
305,268,58,50
302,265,57,54
299,268,52,51
294,265,54,57
294,267,58,55
291,268,53,54
289,266,55,55
286,266,58,56
287,268,57,54
283,269,56,52
281,265,58,55
277,267,56,52
271,264,57,54
265,263,56,54
258,261,61,54
253,260,59,53
247,257,62,53
243,255,61,52
238,252,61,54
231,253,64,52
224,250,59,57
216,248,58,55
209,246,64,55
200,245,62,57
193,246,62,55
183,244,65,56
175,245,66,56
167,245,66,57
160,249,64,53
147,247,71,54
135,246,76,55
125,246,80,57
122,252,75,53
115,251,74,52
110,249,73,57
105,250,72,56
100,251,74,57
96,252,72,58
90,251,73,60
88,251,72,60
86,250,72,61
85,250,69,62
84,251,73,60
80,250,70,63
74,248,78,64
73,250,73,59
74,250,74,60
73,252,72,58
74,251,69,60
70,252,72,60
63,254,81,56
53,255,89,56
49,255,94,56
48,256,96,55
49,255,95,57
48,259,91,52
47,258,87,54
42,260,82,54
34,260,79,52
