338,324,182,180
338,315,179,181
343,318,178,179
337,311,180,182
334,311,174,177
339,311,172,177
328,305,176,177
332,304,172,177
340,303,167,176
338,299,169,175
339,299,172,172
333,297,172,172
335,293,168,164
336,296,169,159
330,290,167,173
328,290,160,167
333,291,165,159
330,288,164,154
324,289,167,160
316,286,172,163
314,287,173,157
312,288,177,154
306,287,182,159
302,294,185,150
298,288,178,152
296,285,190,158
287,292,199,154
286,285,202,156
275,286,204,155
278,290,207,153
271,292,211,150
273,286,216,153
262,289,223,153
260,287,227,157
258,290,231,153
263,288,229,152
258,294,229,150
256,290,231,152
255,293,233,152
249,294,233,148
251,296,233,140
257,292,226,144
257,299,226,138
250,292,229,138
254,291,231,145
251,292,230,146
248,293,236,140
247,291,232,139
243,295,229,142
256,293,227,139
253,291,225,141
258,291,219,141
252,292,215,137
259,291,215,138
258,291,210,131
256,289,209,136
252,291,206,124
260,295,214,123
261,295,209,126
253,292,208,133
254,288,203,121
247,288,205,124
248,288,204,122
255,285,204,122
242,289,213,127
245,286,216,122
252,285,216,131
255,281,209,132
249,285,218,128
253,277,219,129
249,285,221,126
251,281,224,130
245,281,225,132
250,280,222,129
242,281,227,128
257,280,223,127
256,281,229,123
249,280,231,126
263,279,231,122
252,283,222,120
262,277,222,128
269,281,216,118
266,278,221,125
272,282,220,116
271,278,219,126
277,276,209,126
282,277,208,126
284,274,203,130
278,275,203,124
285,278,202,121
285,271,203,134
298,275,187,128
299,275,186,127
313,271,177,136
300,271,189,133
305,271,189,129
305,272,179,129
309,272,181,128
319,273,171,123
320,269,168,125
327,269,160,123
325,271,154,127
323,269,151,130
322,272,154,124
331,272,152,121
330,272,147,124
337,274,147,121
323,274,153,122
329,273,158,122
326,274,161,117
323,274,165,119
325,273,167,120
329,276,176,118
322,275,182,123
326,271,182,125
323,277,188,119
327,277,191,117
326,275,193,121
324,274,198,122
323,275,205,123
320,273,209,127
325,275,204,125
324,278,207,124
326,280,211,121
323,280,212,125
329,276,218,128
333,276,214,124
332,276,216,128
335,273,220,131
337,279,218,123
328,284,219,122
336,282,223,122
331,285,220,121
331,280,224,126
331,286,225,127
340,286,224,120
340,279,222,126
344,284,219,125
347,282,214,126
347,285,212,124
348,284,213,128
352,281,215,129
355,288,209,124
356,287,211,126
354,287,202,120
361,287,205,121
363,286,202,118
357,293,209,117
360,288,205,113
353,291,203,118
358,286,205,125
349,288,206,120
346,291,208,122
350,289,211,122
344,294,216,120
348,291,213,121
342,291,215,122
338,289,219,125
335,295,222,123
339,291,231,125
336,297,228,119
332,297,228,117
333,290,230,131
335,292,229,136
331,287,230,141
328,292,231,135
331,288,228,144
327,291,229,143
329,292,230,139
332,290,231,141
331,291,222,143
329,285,233,151
334,285,228,155
328,284,223,151
327,289,224,150
326,287,221,155
334,291,213,152
329,292,213,153
329,287,216,159
333,285,213,154
319,291,210,158
326,289,212,155
329,286,209,160
331,291,198,158
327,290,199,155
330,288,191,152
332,289,185,156
331,289,173,158
332,287,177,157
336,282,172,160
326,289,172,155
323,287,179,161
320,283,174,157
321,282,168,157
314,284,170,155
314,281,171,158
313,280,164,156
308,280,170,152
314,278,167,150
312,276,175,150
309,274,176,152
308,268,173,154
311,266,172,149
308,265,177,150
306,261,182,153
305,263,183,148
311,262,178,146
313,270,184,135
312,258,187,144
315,258,183,147
316,253,185,150
314,249,182,149
317,252,181,143
323,250,177,139
332,252,167,137
330,250,172,138
352,248,153,137
348,244,153,135
351,243,149,134
368,242,133,134
369,243,138,128
372,239,137,132
374,239,132,132
378,238,135,126
380,235,131,129
375,235,131,123
375,234,130,124
369,233,128,122
366,229,131,125
370,231,131,119
366,228,132,115
368,222,133,120
364,225,136,124
370,224,134,116
365,221,129,124
371,220,130,118
371,220,126,120
374,217,125,115
375,219,124,117
380,216,125,120
381,217,126,117
385,212,121,120
390,212,118,113
387,211,120,117
393,215,112,102
384,211,118,108
384,207,122,111
384,206,120,114
379,205,121,113
377,205,125,110
374,205,125,112
372,202,130,112
367,200,137,113
368,198,135,108
365,202,140,107
364,197,143,110
365,197,146,108
367,194,145,108
367,199,147,105
362,194,153,109
363,194,152,108
365,193,158,105
368,189,156,105
368,193,155,101
370,188,160,109
368,192,160,96
374,188,156,99
369,191,165,99
374,190,158,94
373,191,164,92
371,189,167,98
370,196,163,87
367,189,162,94
362,193,164,89
365,195,169,87
366,193,163,88
365,192,166,90
364,194,166,86
369,193,168,91
371,192,163,91
373,193,165,86
372,194,166,84
377,193,166,81
380,188,169,91
380,192,170,86
388,186,166,90
388,188,176,91
393,195,169,80
403,191,166,84
404,187,167,86
407,190,171,87
409,186,168,91
414,186,171,85
417,187,170,88
423,191,166,87
424,186,169,83
427,186,170,81
432,184,170,86
440,185,160,83
448,184,156,83
449,184,156,87
449,184,157,81
451,182,164,84
453,185,157,83
457,183,154,86
455,181,155,86
460,183,148,84
459,182,152,88
460,184,149,82
457,182,151,85
462,180,154,84
453,181,153,88
461,182,154,84
459,183,165,82
463,182,151,82
463,182,159,84
463,183,158,79
466,181,153,85
465,183,148,81
465,180,151,85
468,182,143,83
465,182,146,79
463,181,152,84
471,181,147,84
467,182,146,81
466,181,152,83
469,181,152,81
467,180,152,82
472,180,151,82
471,180,150,81
472,179,152,80
474,183,149,79
472,181,159,83
468,178,156,82
474,182,156,80
475,182,151,81
477,175,151,86
475,183,152,78
474,179,151,81
478,184,148,78
473,181,153,80
476,183,147,79
474,179,153,82
477,179,147,82
483,181,144,82
481,180,147,80
485,181,143,79
488,180,142,80
491,179,140,82
491,179,138,81
495,182,140,80
493,180,133,78
488,177,138,81
490,180,135,80
489,177,136,80
490,179,137,81
491,180,136,80
489,177,142,80
492,180,136,79
486,179,140,81
494,181,132,80
492,181,136,77
495,180,137,77
495,181,140,77
501,180,134,76
502,181,132,76
504,182,132,80
509,181,124,75
512,181,122,74
516,182,116,76
519,181,112,75
524,183,110,72
527,182,107,75
532,185,103,72
534,185,98,73
538,185,97,72
541,184,95,72
541,184,92,73
543,183,92,75
542,183,91,71
543,182,92,73
546,183,89,75
545,184,87,70
547,181,86,72
549,182,84,75
550,180,82,77
551,181,87,79
549,180,82,80
552,181,82,75
551,180,82,78
552,180,77,77
554,180,81,75
553,182,78,72
555,181,81,71
558,184,79,71
563,182,73,71
564,183,67,70
566,182,69,71
568,183,65,69
570,183,60,70
571,180,57,72
572,181,56,70
574,184,55,70
576,182,51,73
579,183,46,69
581,184,45,71
581,182,47,70
584,181,43,74
586,179,42,74
587,183,40,70
588,182,39,70
586,184,41,71
583,185,45,70
586,180,43,72
587,182,41,71
587,180,43,74
587,182,43,73
588,180,42,74
590,180,38,74
591,180,39,75
591,178,38,75
591,177,39,77
593,177,38,76
593,179,35,74
591,178,35,76
593,177,34,78
592,176,36,79
591,176,39,79
591,177,36,77
594,176,35,75
594,175,32,76
594,177,34,74
598,177,31,72
596,181,31,71
600,183,27,68
601,185,26,63
600,185,27,63
597,190,30,59
589,183,36,66
589,183,36,66
589,183,36,66
589,183,36,66
589,183,36,66
589,183,36,66
588,168,34,54
588,168,34,54
588,168,34,54
588,168,34,54
588,168,34,54
588,168,34,54
588,168,34,54
588,168,34,54
588,168,34,54
588,168,34,54
588,168,34,54
588,168,34,54
588,168,34,54
588,168,34,54
588,168,34,54
588,168,34,54
588,168,34,54
588,171,37,49
588,171,37,49
583,176,41,47
590,184,34,38
590,184,34,38
591,187,33,35
591,189,33,33
590,190,33,32
591,191,33,30
590,192,32,29
590,194,30,27
591,193,24,28
591,198,19,22
590,192,15,24
590,191,15,25
591,197,18,24
591,197,19,24
591,197,19,24
591,197,21,24
591,197,21,24
592,197,19,23
592,196,19,23
592,197,18,25
590,196,18,24
591,196,18,25
592,196,19,25
591,197,19,24
591,196,21,25
592,197,20,24
592,197,19,25
591,196,18,24
591,195,19,26
591,193,16,27
591,195,19,26
592,194,16,26
592,195,19,25
591,194,18,26
592,197,17,25
592,196,16,24
592,197,17,24
592,198,19,24
592,197,20,24
592,195,17,26
592,196,15,24
591,195,16,25
591,196,19,24
591,196,20,24
592,197,20,24
592,198,18,23
592,197,22,25
591,197,22,24
592,197,21,24
592,198,19,24
592,197,20,23
591,197,19,23
592,195,20,25
592,197,20,25
591,196,17,25
591,196,17,25
592,196,16,26
591,197,16,25
591,196,17,25
592,195,16,25
591,195,18,25
591,196,19,25
592,196,21,25
591,197,19,25
591,196,15,24
591,196,16,24
591,196,17,24
592,195,18,25
592,198,20,24
592,197,21,25
590,197,21,25
591,196,21,25
591,195,21,26
590,195,17,25
591,195,19,25
592,196,18,24
592,196,18,25
592,197,18,25
591,197,18,25
591,196,20,26
591,197,20,25
592,196,19,25
593,197,21,23
590,196,22,24
591,196,18,23
591,198,17,23
592,196,19,24
592,197,17,22
591,198,16,20
592,197,12,21
594,204,14,22
595,215,15,26
593,200,16,26
592,195,17,24
591,196,18,29
593,184,19,28
586,196,24,27
588,212,27,32
577,191,36,40
576,190,38,48
575,190,50,55
573,178,54,64
571,176,57,68
572,174,55,68
571,175,58,68
571,175,57,68
568,174,64,69
563,172,66,69
562,176,66,69
556,173,75,69
553,173,77,69
549,176,82,68
546,173,89,70
539,176,96,70
537,176,96,68
533,174,98,76
531,176,102,71
528,176,103,70
525,175,109,73
518,174,116,72
512,176,122,71
511,177,123,74
507,174,127,72
504,174,127,74
499,174,133,74
494,172,140,77
490,172,138,76
487,170,137,77
481,171,139,74
479,170,136,75
476,171,140,76
471,172,134,74
472,170,131,75
464,173,127,73
462,171,130,74
460,173,128,73
454,174,131,73
454,173,130,73
447,176,131,71
443,173,128,74
440,175,133,73
437,175,134,73
432,174,134,76
426,173,134,76
423,177,135,75
415,175,138,75
413,176,137,76
408,176,140,76
405,176,142,78
401,177,142,82
396,176,143,79
395,177,142,78
396,176,139,77
388,176,144,78
393,176,143,79
392,175,141,79
392,177,142,79
384,178,146,77
390,176,144,79
387,180,147,76
382,178,148,78
389,180,148,79
389,178,149,79
386,183,152,77
393,179,150,80
393,182,153,78
392,175,157,83
396,178,158,78
394,182,159,77
394,178,160,78
401,174,156,82
404,178,157,78
412,176,152,77
416,177,154,76
422,173,150,77
426,175,148,74
428,174,154,76
429,176,155,74
433,174,154,77
436,171,156,77
438,170,150,76
442,168,148,76
444,166,144,80
445,166,146,81
448,166,143,79
451,167,138,78
452,168,143,78
450,168,142,80
453,165,136,83
456,169,135,79
458,168,132,79
450,166,138,82
453,169,137,82
446,165,136,85
443,171,138,78
445,169,139,83
436,168,139,82
439,172,136,82
435,171,138,81
435,170,135,85
434,174,140,82
434,170,134,87
438,170,134,88
436,175,130,83
438,171,134,85
440,171,129,89
443,172,123,86
441,171,128,87
443,171,124,88
443,172,127,84
447,169,120,87
448,169,119,87
449,169,115,88
448,171,115,88
450,169,115,87
449,168,118,88
451,170,115,86
448,171,116,89
450,168,115,89
455,167,110,88
457,167,113,89
463,170,104,90
467,168,103,88
466,165,100,92
470,165,94,84
469,163,103,87
472,162,98,85
470,165,96,82
477,160,96,86
473,163,96,87
477,161,96,87
477,157,99,86
479,158,102,85
478,157,105,85
477,156,107,86
474,155,114,89
476,156,114,81
472,155,117,84
472,154,117,87
469,153,122,85
468,154,120,85
467,154,120,85
467,151,115,86
465,152,119,85
466,151,113,84
464,151,115,82
463,150,115,82
460,147,117,84
462,149,110,82
457,147,114,82
456,147,115,81
457,146,112,79
454,148,110,75
452,145,111,77
453,144,112,77
454,146,108,75
450,144,110,79
450,144,110,77
451,143,107,76
447,141,110,76
447,144,108,74
445,143,108,72
448,140,112,71
444,143,113,72
444,141,114,70
440,139,114,69
439,140,116,72
438,140,115,68
436,137,116,70
436,139,115,68
433,137,118,68
435,139,113,65
430,136,117,69
428,138,117,68
433,136,112,67
428,136,113,66
423,134,115,68
425,137,112,64
420,137,113,66
418,135,110,66
420,132,107,68
416,132,108,68
414,133,109,66
415,131,106,67
413,131,105,69
412,131,103,66
412,131,102,66
411,129,98,66
410,128,100,66
412,127,98,66
410,128,96,65
408,129,92,65
408,128,87,66
409,125,83,64
408,126,81,65
409,124,81,66
410,124,81,65
409,123,81,66
409,122,81,65
407,123,82,65
407,122,81,64
407,123,81,62
405,122,80,63
405,121,79,62
404,122,79,64
405,120,82,63
405,119,82,63
405,120,78,59
406,118,76,60
404,119,79,64
403,120,78,60
404,117,78,61
405,117,76,60
405,117,75,59
404,116,75,59
405,116,74,60
403,117,75,58
401,115,75,62
403,114,78,62
404,115,74,59
404,113,73,60
402,113,75,58
403,113,76,58
403,113,73,58
403,114,75,57
403,112,75,58
403,111,72,57
401,112,74,57
399,112,75,56
399,110,75,56
400,110,71,54
400,110,71,57
401,110,72,57
399,109,68,57
397,108,71,58
395,110,71,57
397,108,70,56
396,107,71,58
395,108,71,55
398,107,70,57
399,107,68,58
398,108,67,55
399,105,67,58
400,105,66,59
401,104,65,58
402,106,68,55
403,104,68,56
404,103,68,57
404,103,65,56
404,105,69,53
402,102,67,55
400,104,66,53
401,101,68,57
402,103,70,55
401,103,69,56
399,104,68,55
397,101,71,56
394,103,73,54
394,103,73,56
391,102,73,56
391,102,74,54
387,105,78,53
386,102,81,55
384,101,83,56
384,103,83,54
384,103,84,53
385,102,85,54
383,101,89,56
385,105,86,54
387,102,87,55
388,101,89,54
386,101,92,55
390,101,87,54
390,101,89,53
392,100,89,51
394,100,89,52
391,98,91,53
393,100,88,52
396,97,85,52
398,97,85,52
402,97,80,52
403,96,80,53
408,97,77,53
410,97,78,51
411,95,79,52
409,97,77,52
414,95,78,53
414,96,77,50
416,95,76,52
416,93,74,53
417,93,74,53
418,92,73,52
422,93,71,53
424,90,68,52
423,93,67,51
428,90,66,53
429,91,64,52
430,91,63,53
437,90,57,49
434,89,61,51
435,90,65,51
434,90,64,50
436,89,62,51
435,90,63,51
435,90,61,49
434,88,62,50
432,87,62,52
434,86,63,55
432,89,65,50
434,87,60,50
433,87,59,49
431,86,60,49
429,86,60,51
429,86,60,49
429,87,58,48
430,87,59,48
428,86,59,49
431,84,57,50
430,85,58,49
432,84,60,50
430,83,58,49
431,84,58,48
432,83,58,49
433,82,58,49
435,84,59,47
436,83,60,48
434,82,60,49
435,83,62,48
435,82,62,46
434,82,66,48
435,82,65,48
433,82,70,46
434,81,70,48
433,83,71,47
434,83,74,46
434,83,73,46
431,82,79,46
433,85,77,44
433,85,79,44
431,82,79,45
432,85,82,42
434,85,81,44
432,84,83,44
432,83,80,45
432,83,81,44
435,84,81,43
434,86,80,41
434,85,83,44
435,83,81,46
433,84,79,44
435,83,80,45
435,84,84,45
436,83,79,45
437,83,79,44
439,84,78,43
439,86,77,42
439,84,76,43
440,84,76,40
442,86,74,41
441,84,74,42
441,86,73,41
443,83,75,43
441,85,77,51
442,83,73,57
441,84,72,63
441,84,78,57
442,85,73,57
442,86,74,50
443,85,70,49
444,83,71,43
443,84,71,42
442,84,72,41
441,85,74,41
443,85,72,41
439,83,74,39
436,83,80,43
442,84,76,40
436,84,81,42
436,85,79,40
435,84,80,40
435,85,80,41
432,84,81,41
434,84,81,40
435,84,81,43
430,84,80,42
433,85,82,43
432,87,82,41
433,86,80,41
432,86,82,39
432,85,81,42
432,85,80,39
429,85,81,43
427,86,83,42
428,86,83,41
427,86,84,42
425,86,81,42
424,88,83,38
425,87,82,42
421,87,80,41
421,90,76,39
420,86,77,40
421,87,77,41
420,88,72,40
419,87,71,41
417,88,68,42
417,88,69,41
417,87,69,41
416,87,67,41
418,88,65,42
418,90,62,40
418,89,60,41
419,88,59,44
418,89,59,47
416,90,60,45
416,90,58,41
418,89,61,44
417,89,60,46
417,90,60,45
418,90,60,46
417,90,61,53
416,91,59,44
418,93,62,43
417,91,59,44
419,91,62,48
417,92,58,45
420,93,61,48
418,92,63,43
419,94,62,42
416,94,64,41
416,95,64,45
416,95,64,41
416,95,64,44
414,95,66,45
412,96,68,45
415,97,66,45
415,96,64,45
416,96,65,46
416,98,58,47
415,97,60,46
414,97,62,47
413,98,65,44
412,98,67,48
412,99,69,47
411,99,69,48
414,100,70,46
408,101,77,43
410,102,76,45
411,101,75,44
410,101,75,44
413,102,75,45
415,103,73,45
412,102,77,48
414,102,79,47
417,103,74,47
414,102,79,50
418,105,72,48
423,105,72,46
419,104,72,48
421,104,72,47
417,104,77,48
422,104,69,48
426,105,70,47
424,105,71,48
427,105,69,50
425,105,69,49
430,108,64,46
429,107,68,49
428,108,69,50
432,108,65,54
431,108,67,51
431,109,66,50
429,108,65,50
429,107,66,52
425,108,67,51
433,109,61,55
428,109,65,55
427,108,70,56
425,110,70,58
422,111,71,57
426,110,72,56
421,111,76,55
423,112,77,56
421,114,79,52
420,114,80,50
420,112,85,50
418,115,85,51
416,116,88,49
416,117,91,48
414,117,93,48
412,118,89,50
410,118,96,49
409,116,98,49
406,116,105,51
406,119,103,49
405,119,106,49
403,119,103,50
404,120,104,51
403,120,105,50
404,119,106,50
403,118,107,50
403,118,107,52
403,118,106,52
407,119,106,51
408,118,104,52
407,117,106,50
406,117,105,50
405,117,105,54
405,119,104,52
401,119,106,52
400,117,105,53
397,119,107,51
395,119,110,50
389,119,112,53
390,121,110,52
383,119,113,51
382,122,110,51
378,119,112,50
376,121,113,50
373,122,111,50
374,121,110,50
373,120,110,51
374,122,106,51
375,121,103,53
376,121,103,53
375,120,102,52
376,120,100,50
381,120,95,50
380,121,99,52
378,121,98,53
382,121,95,51
377,121,98,51
374,120,104,52
371,120,104,53
367,123,106,51
364,122,105,51
362,122,106,51
361,124,104,50
353,122,107,51
354,123,104,51
353,123,104,51
350,124,103,48
350,123,101,52
349,122,105,51
347,123,105,52
347,122,102,53
347,124,101,52
347,122,102,55
347,123,102,55
346,123,102,53
346,123,100,54
346,124,100,54
346,123,99,53
342,124,103,52
341,123,101,55
338,124,103,56
337,124,101,56
332,126,105,55
328,125,106,56
328,126,106,53
326,125,108,53
327,124,104,55
326,126,105,54
324,124,106,57
320,124,108,56
321,125,106,54
320,126,102,54
314,125,109,55
315,127,110,56
315,125,106,53
315,126,103,55
313,126,106,54
314,126,103,56
316,125,101,54
319,122,98,55
317,124,98,55
319,125,101,53
314,125,101,55
315,126,99,54
316,125,99,53
317,126,95,54
315,126,97,53
315,125,98,56
313,126,99,54
315,128,100,53
313,126,102,55
316,127,100,55
313,126,105,57
312,129,100,54
314,125,100,58
313,126,101,59
310,125,106,55
309,126,105,58
310,126,103,56
312,126,102,53
309,124,105,56
311,125,100,56
309,124,105,55
306,128,102,53
307,126,107,54
307,127,103,53
308,124,105,54
306,127,108,54
306,127,107,51
304,127,109,54
308,126,105,54
305,125,105,55
307,127,106,53
306,126,103,54
307,126,104,54
305,125,108,55
303,128,104,55
303,125,103,55
302,126,105,54
303,127,101,55
301,126,99,54
304,127,96,54
303,127,95,56
304,127,92,55
304,127,89,56
305,127,87,56
305,127,83,55
304,128,82,51
305,127,75,51
306,129,73,52
305,128,72,50
304,129,72,52
303,129,69,51
302,127,64,52
304,129,61,50
302,127,58,49
306,127,58,50
305,128,57,50
303,127,56,50
305,127,52,49
304,127,53,48
305,128,48,49
304,127,51,48
305,128,52,48
303,126,56,50
304,128,56,51
303,129,61,49
303,127,58,50
303,128,60,49
304,126,60,51
303,127,57,49
302,128,56,50
305,128,58,50
302,126,58,55
305,128,59,51
302,127,61,50
304,127,58,51
303,128,55,50
304,128,57,50
303,128,55,49
304,127,55,50
304,128,54,49
304,128,54,50
304,127,53,49
303,127,54,50
305,127,54,49
304,128,53,48
303,126,55,51
304,128,55,50
302,128,58,49
304,128,54,48
305,127,51,49
305,127,49,49
304,126,46,48
304,127,49,49
302,127,48,48
305,126,46,50
305,129,42,48
305,128,41,51
304,126,39,49
306,128,37,48
305,127,32,49
306,130,30,48
304,131,29,46
304,131,26,46
304,131,25,45
304,128,24,48
304,128,24,48
304,128,24,48
304,128,24,48
304,128,24,48
304,128,24,48
304,128,24,48
304,128,24,48
304,128,24,48
304,128,24,48
304,128,24,48
304,128,24,48
304,128,24,48
304,128,24,48
304,128,24,48
304,128,24,48
304,128,24,48
304,128,24,48
304,128,24,48
304,128,24,48
304,128,24,48
304,128,24,48
304,128,24,48
304,128,24,48
304,128,24,48
304,128,24,48
304,128,24,48
304,128,24,48
304,128,24,48
304,128,24,48
304,128,24,48
304,128,24,48
304,128,24,48
304,128,24,48
304,128,24,48
304,128,24,48
304,128,24,48
304,128,24,48
304,128,24,48
304,128,24,48
304,128,24,48
304,128,24,48
304,128,24,48
304,128,24,48
304,128,24,48
304,128,24,48
304,128,24,48
304,128,24,48
304,128,24,48
304,128,24,48
304,128,24,48
304,128,24,48
304,128,24,48
304,128,24,48
304,128,24,48
304,128,24,48
304,128,24,48
304,128,24,48
304,128,24,48
304,128,24,48
304,128,24,48
304,128,24,48
304,128,24,48
304,128,24,48
304,128,24,48
304,128,24,48
304,128,24,48
304,128,24,48
304,128,24,48
304,128,24,48
304,128,24,48
304,128,24,48
304,128,24,48
304,128,24,48
304,128,24,48
304,128,24,48
304,128,24,48
304,128,24,48
304,128,24,48
304,128,24,48
304,128,24,48
304,128,24,48
304,128,24,48
304,128,24,48
304,128,24,48
304,128,24,48
304,128,24,48
304,128,24,48
304,128,24,48
304,128,24,48
304,128,24,48
304,128,24,48
304,128,24,48
304,128,24,48
304,128,24,48
304,128,24,48
304,128,24,48
304,128,24,48
304,128,24,48
304,128,24,48
304,128,24,48
304,128,24,48
304,128,24,48
304,128,24,48
304,128,24,48
304,128,24,48
304,128,24,48
304,128,24,48
304,128,24,48
304,128,24,48
304,128,24,48
304,128,24,48
304,128,24,48
304,128,24,48
304,128,24,48
304,128,24,48
304,128,24,48
305,132,25,45
305,129,23,46
306,130,25,46
305,128,25,47
304,127,25,50
305,128,23,49
305,127,24,52
304,127,24,52
305,126,25,51
305,126,24,50
306,128,26,49
305,127,27,47
305,126,25,51
305,128,28,51
304,126,27,53
304,127,26,51
305,126,28,50
305,125,28,51
305,126,27,51
304,127,27,51
305,126,28,50
304,127,28,51
304,127,28,50
304,127,28,49
304,127,28,50
303,127,28,50
305,126,27,52
306,126,26,52
306,127,26,52
306,127,26,51
305,126,27,51
304,126,28,53
305,126,27,52
304,127,29,52
304,126,31,52
303,126,31,50
304,127,35,51
304,126,39,49
304,125,42,49
304,126,44,49
304,126,48,49
307,126,51,49
305,127,53,48
304,126,58,49
305,126,61,49
305,126,64,50
303,126,68,50
304,127,67,50
306,127,72,52
305,127,75,49
306,128,80,50
303,125,83,55
303,127,85,55
303,126,87,54
303,125,91,56
304,126,93,54
306,124,96,54
308,127,97,55
309,125,97,54
311,127,99,54
316,123,99,60
318,128,98,53
322,124,97,55
321,126,103,55
325,126,100,56
329,124,99,57
332,125,100,56
335,125,99,57
337,128,100,52
342,127,99,54
346,125,101,54
348,126,99,57
349,124,101,58
353,126,102,54
353,125,102,55
353,127,98,56
354,126,98,55
358,125,97,56
361,127,95,53
362,125,95,55
361,126,93,55
359,125,95,56
363,123,93,56
359,125,96,54
362,124,95,55
360,124,98,55
360,127,98,52
360,123,99,54
364,126,98,51
359,124,101,53
358,124,101,53
355,123,102,53
351,124,107,49
352,124,107,52
350,124,109,52
351,124,108,50
351,124,106,51
350,123,108,53
348,124,110,54
347,125,112,52
347,125,108,48
351,124,105,51
347,125,110,51
345,126,108,48
346,125,107,50
344,125,108,52
340,125,110,48
345,125,107,48
345,125,103,50
345,126,102,46
347,125,100,51
343,125,102,49
341,124,101,52
340,123,101,51
342,124,97,52
343,125,96,51
342,125,97,52
341,125,95,56
342,125,93,57
344,125,93,57
341,125,87,58
341,126,88,58
340,125,84,56
340,125,84,54
341,125,81,55
341,126,83,55
339,127,78,54
344,126,79,55
346,128,75,51
344,127,78,52
343,128,79,54
343,129,80,51
343,128,83,52
337,130,80,53
346,128,80,54
342,127,81,53
342,129,85,54
341,129,88,57
337,129,92,56
340,131,88,52
339,130,91,53
345,131,85,56
346,131,86,55
348,132,87,54
342,131,91,59
344,132,93,58
347,133,90,53
343,134,89,56
347,135,90,51
352,134,84,56
352,134,86,60
352,134,85,58
354,135,85,64
353,135,84,63
356,137,84,56
357,138,83,57
358,137,84,60
357,138,88,61
358,138,84,57
356,138,83,62
356,139,84,61
358,139,87,60
358,141,84,59
359,140,86,61
357,140,86,63
359,142,85,59
361,143,89,60
361,142,85,64
358,144,85,60
361,143,88,63
362,143,88,65
361,144,91,64
362,145,90,65
359,145,92,68
363,146,95,64
366,145,91,72
365,149,92,65
363,148,91,65
367,149,91,61
365,147,90,68
363,149,93,72
365,151,91,68
364,152,95,66
367,151,93,63
368,151,93,66
367,151,98,64
368,153,97,70
367,153,96,71
372,155,92,68
370,154,93,71
369,155,96,72
369,155,95,73
371,156,95,72
369,156,93,70
370,156,96,73
374,157,93,70
375,158,89,68
376,159,92,70
375,159,90,69
378,159,92,70
375,159,92,72
375,161,91,75
379,162,91,72
377,164,92,71
376,163,95,80
374,164,92,71
375,164,97,74
377,165,94,72
375,166,94,71
376,167,96,71
378,167,95,74
376,169,96,74
379,170,97,75
378,170,100,78
375,170,96,73
374,171,96,78
378,172,100,74
378,172,97,75
378,173,95,73
378,174,98,74
376,175,98,77
377,177,100,75
380,176,100,76
377,179,98,75
376,179,100,82
379,179,98,80
378,180,100,78
374,179,103,82
380,180,106,82
376,182,104,79
381,181,103,84
376,183,104,84
380,184,104,81
375,183,102,85
373,186,103,81
377,188,108,82
378,187,105,86
374,186,106,91
374,191,103,83
377,189,105,84
379,191,105,86
377,193,106,82
375,192,107,87
378,192,109,85
378,194,106,89
378,196,110,90
373,196,110,94
382,197,110,91
377,197,111,93
379,197,111,95
378,200,107,89
378,202,111,94
377,203,112,94
375,201,113,98
377,203,116,97
374,204,117,97
377,207,118,90
377,204,116,100
378,207,116,98
377,207,114,95
375,209,117,102
376,211,119,94
378,212,116,101
381,212,119,102
380,214,121,100
376,215,121,101
382,212,121,105
380,218,116,97
381,219,117,94
378,221,123,99
377,219,127,103
377,223,121,98
379,223,125,104
378,221,124,108
376,225,121,104
377,228,124,99
384,228,126,103
378,230,123,103
378,231,124,104
379,233,127,107
380,234,128,105
379,235,131,107
379,237,130,109
380,241,126,99
382,236,130,109
380,237,129,111
380,237,130,110
383,243,131,105
384,241,133,114
379,243,132,115
377,244,132,112
381,250,129,110
376,248,132,117
378,248,133,119
374,246,135,121
374,251,136,119
380,252,132,119
380,257,135,114
381,257,132,116
378,258,138,118
375,260,137,115
373,265,141,121
367,264,138,124
372,266,143,126
373,267,140,127
377,267,143,126
369,271,145,123
371,273,146,126
364,273,144,131
374,276,150,124
363,278,146,127
360,282,151,126
361,284,157,130
360,285,157,131
360,287,155,131
364,288,152,133
363,290,155,132
361,291,162,133
353,294,161,136
354,297,157,136
363,296,162,141
352,298,161,142
349,300,157,140
354,301,167,139
352,305,168,142
357,309,161,142
356,311,155,146
356,314,158,137
351,313,167,144
349,317,173,146
347,320,172,143
354,317,171,149
344,319,177,151
344,322,175,148
343,328,169,150
347,332,174,150
335,330,183,155
340,333,183,155
338,339,182,156
343,338,176,152
338,343,181,158
343,340,177,160
336,346,182,164
328,353,187,156
335,356,186,165
330,361,196,164
325,360,199,173
315,362,190,167
320,367,190,169
326,371,197,164
322,370,195,164
320,379,199,157
322,380,201,154
320,386,197,150
328,388,194,148
324,389,198,141
320,395,206,143
317,391,207,141
319,400,204,138
318,402,210,140
307,400,217,139
312,411,215,122
317,412,210,125
312,413,219,123
302,417,223,111
310,421,224,107
308,427,222,112
316,428,212,107
313,432,215,112
314,437,218,103
319,440,206,100
310,442,217,95
312,449,223,87
315,453,222,84
299,457,233,81
295,461,241,78
292,464,237,73
298,466,238,74
286,475,247,61
271,480,264,61
297,480,238,58
273,486,264,54
284,492,254,48
300,497,252,42
254,500,251,49
254,504,262,59
240,515,276,82
263,505,267,109
294,519,236,118
308,511,212,149
302,511,221,156
302,511,221,156
302,511,221,156
302,511,221,156
302,511,221,156
302,511,221,156
302,511,221,156
302,511,221,156
302,511,221,156
302,511,221,156
302,511,221,156
302,511,221,156
302,511,221,156
302,511,221,156
302,511,221,156
302,511,221,156
302,511,221,156
302,511,221,156
302,511,221,156
302,511,221,156
302,511,221,156
302,511,221,156
302,511,221,156
302,511,221,156
302,511,221,156
302,511,221,156
302,511,221,156
302,511,221,156
302,511,221,156
302,511,221,156
302,511,221,156
302,511,221,156
302,511,221,156
302,511,221,156
302,511,221,156
302,511,221,156
302,511,221,156
302,511,221,156
302,511,221,156
302,511,221,156
302,511,221,156
302,511,221,156
302,511,221,156
302,511,221,156
302,511,221,156
302,511,221,156
302,511,221,156
302,511,221,156
302,511,221,156
302,511,221,156
302,511,221,156
302,511,221,156
302,511,221,156
302,511,221,156
302,511,221,156
302,511,221,156
302,511,221,156
302,511,221,156
302,511,221,156
302,511,221,156
302,511,221,156
302,511,221,156
302,511,221,156
302,511,221,156
302,511,221,156
302,511,221,156
302,511,221,156
302,511,221,156
