328,106,23,41
327,103,23,42
327,105,22,42
327,104,22,42
328,104,23,41
328,103,23,42
328,104,23,41
329,105,24,43
328,104,24,43
330,105,24,42
330,106,25,42
332,107,23,42
332,107,24,43
333,107,25,42
334,107,24,43
334,106,26,42
335,106,25,43
335,105,26,42
337,102,27,41
339,100,26,43
339,99,27,41
341,96,26,42
342,94,27,42
343,93,25,42
345,91,26,42
344,90,28,44
344,91,29,43
346,91,27,42
347,90,28,43
349,92,26,42
350,92,26,40
350,94,27,42
351,96,26,41
351,97,28,42
351,98,28,42
353,98,26,43
351,99,28,46
352,101,29,43
350,102,30,45
351,103,30,45
349,105,29,45
348,106,30,45
348,104,29,45
346,106,29,45
345,105,27,43
342,105,28,45
339,106,28,45
338,106,26,43
335,107,26,44
334,108,25,44
331,108,25,44
328,108,24,44
324,108,26,43
322,109,26,43
320,110,25,42
317,110,28,42
317,111,26,42
315,112,27,41
313,112,29,42
311,113,29,42
310,113,33,43
309,113,31,42
309,113,33,42
308,112,35,44
310,113,34,41
312,114,33,43
313,114,31,41
315,113,32,40
316,113,30,42
318,111,30,43
321,110,29,42
321,109,32,42
322,106,32,42
323,103,32,42
326,101,30,42
326,96,29,43
326,93,29,44
327,91,26,46
329,88,24,45
326,87,24,45
325,87,24,46
322,84,25,47
320,86,26,44
316,84,26,45
312,83,27,46
308,82,27,46
305,80,26,49
301,79,25,48
297,78,27,50
293,76,28,48
290,74,29,51
285,72,30,51
284,69,29,53
283,67,30,54
282,66,30,54
283,63,31,54
284,63,29,55
286,61,30,54
287,64,33,56
292,62,30,53
294,63,31,54
298,64,30,54
303,66,30,55
307,70,31,53
311,75,30,52
317,82,26,48
320,87,27,48
322,93,27,46
324,92,25,47
325,98,25,44
323,98,25,45
325,102,25,44
326,105,25,42
324,108,26,42
323,110,26,41
320,110,27,41
316,111,28,40
314,111,27,39
311,110,26,39
305,109,30,39
304,109,27,39
298,108,29,38
294,108,30,39
290,108,32,37
287,107,33,38
284,106,31,36
280,105,33,38
277,103,33,38
274,101,32,40
274,99,29,40
275,95,29,41
273,91,32,41
273,89,31,42
275,86,30,42
276,81,31,43
279,78,29,44
283,74,27,45
287,70,27,46
292,68,27,46
295,65,29,46
299,64,27,44
303,63,28,46
306,64,30,47
308,65,31,46
311,67,33,46
315,69,35,44
318,71,33,45
320,75,32,44
321,76,34,45
322,81,31,46
324,85,30,45
323,88,30,43
322,95,29,43
321,99,29,43
320,105,28,43
319,111,26,40
315,116,29,40
315,122,27,40
311,127,26,40
308,131,25,40
307,137,25,39
306,142,24,39
305,146,23,39
302,150,23,39
300,155,23,39
297,158,24,40
298,160,22,39
296,162,23,42
295,163,23,44
294,163,25,45
294,163,23,46
295,163,23,46
295,163,23,46
295,163,23,46
295,163,23,46
295,163,23,46
295,163,23,46
295,163,23,46
295,163,23,46
295,163,23,46
295,163,23,46
295,163,23,46
295,163,23,46
295,163,23,46
295,163,23,46
295,163,23,46
295,163,23,46
295,163,23,46
295,163,23,46
295,163,23,46
295,163,23,46
295,163,23,46
295,163,23,46
295,163,23,46
295,163,23,46
295,163,23,46
295,163,23,46
295,163,23,46
227,97,32,46
227,97,32,46
227,97,32,46
227,97,32,46
274,179,27,41
274,179,27,41
282,175,25,33
282,170,26,37
284,162,27,44
285,153,28,47
285,145,30,42
285,137,32,42
289,129,28,43
291,123,28,43
291,121,27,43
294,116,26,43
292,115,27,44
296,109,25,45
297,104,25,44
298,100,24,44
298,96,24,43
300,91,24,41
299,85,25,43
300,81,27,41
298,75,28,41
299,69,28,40
300,64,27,42
300,60,28,43
300,57,26,44
302,57,24,48
301,61,25,47
299,71,26,46
300,75,25,45
299,71,29,43
298,66,34,42
298,62,38,42
299,59,40,41
301,55,40,43
304,52,37,46
308,52,33,46
312,50,30,44
314,47,33,46
317,44,37,44
318,40,38,45
323,37,37,45
328,36,33,48
334,37,31,50
337,38,28,48
338,36,34,49
340,33,36,48
343,29,36,51
348,30,34,52
353,33,32,51
358,36,31,51
361,45,27,50
362,44,29,50
359,37,32,53
355,33,37,49
350,30,42,48
347,28,44,48
345,27,41,51
344,25,37,52
341,22,30,54
331,16,37,51
318,9,46,52
308,2,52,52
299,1,52,49
291,2,45,44
285,3,36,38
276,2,36,32
268,2,35,25
259,0,34,22
244,0,39,18
235,-1,37,17
235,-1,37,17
235,-1,37,17
235,-1,37,17
235,-1,37,17
235,-1,37,17
235,-1,37,17
235,-1,37,17
235,-1,37,17
235,-1,37,17
235,-1,37,17
235,-1,37,17
235,-1,37,17
235,-1,37,17
235,-1,37,17
235,-1,37,17
235,-1,37,17
235,-1,37,17
235,-1,37,17
235,-1,37,17
235,-1,37,17
235,-1,37,17
235,-1,37,17
235,-1,37,17
235,-1,37,17
235,-1,37,17
235,-1,37,17
235,-1,37,17
235,-1,37,17
235,-1,37,17
235,-1,37,17
235,-1,37,17
235,-1,37,17
235,-1,37,17
235,-1,37,17
293,40,36,20
301,32,37,25
292,32,40,32
281,32,46,36
269,34,49,41
266,32,53,49
260,26,56,60
261,21,49,68
258,25,48,66
255,28,47,67
254,35,48,67
251,42,54,68
253,48,55,68
257,49,56,64
260,47,57,64
267,49,55,62
273,52,50,65
282,53,40,66
287,54,41,65
290,57,46,65
295,57,48,59
299,58,55,60
306,59,51,61
310,61,51,61
319,61,44,62
329,61,37,60
334,59,37,62
337,60,37,62
338,59,37,62
341,61,35,63
341,61,34,64
342,60,37,63
342,60,40,61
340,56,45,64
338,56,47,63
339,53,43,63
341,54,37,67
339,56,38,63
333,56,46,62
324,57,52,62
318,60,54,60
314,62,52,59
311,66,51,60
306,71,46,61
304,74,37,61
301,77,34,59
294,79,36,59
290,81,36,57
285,78,39,58
279,76,44,58
274,75,47,55
273,72,43,57
272,74,40,56
272,74,35,55
269,70,34,58
267,71,37,59
266,69,38,60
264,70,41,64
267,69,40,63
270,69,40,64
273,69,41,66
277,70,46,66
281,69,46,66
286,68,50,69
296,67,50,65
308,66,50,62
327,63,43,63
339,62,42,65
353,62,43,66
366,58,39,66
376,60,37,62
384,61,39,59
390,64,41,54
396,66,37,55
399,68,34,57
396,70,35,54
393,72,35,53
384,76,34,52
377,80,34,49
366,83,39,48
355,86,42,43
344,83,43,42
330,78,43,41
316,74,40,42
306,69,32,44
294,66,30,44
282,61,30,45
267,56,36,47
255,54,39,43
244,50,43,42
232,48,44,41
225,44,46,43
225,40,45,41
228,33,47,42
228,30,50,40
231,31,50,34
239,31,50,32
245,31,51,37
256,30,48,41
269,30,45,49
283,31,45,53
301,32,35,55
315,34,40,54
331,36,41,54
343,38,46,54
358,41,45,49
372,41,42,52
383,40,38,52
395,39,35,51
404,39,34,49
413,37,31,47
417,37,33,48
419,38,35,48
423,41,31,46
425,45,29,46
423,47,28,46
419,50,31,47
413,52,33,46
407,54,37,45
401,58,38,44
394,62,37,45
390,66,32,46
381,69,31,45
373,74,29,46
363,78,31,46
354,82,31,46
340,88,32,46
331,92,32,45
318,95,33,44
309,94,33,46
302,94,31,45
292,94,37,45
283,92,43,45
279,92,44,43
273,92,48,41
271,93,49,42
271,93,48,43
272,91,49,45
276,91,45,47
282,93,39,49
289,97,36,50
296,102,36,46
303,108,32,43
312,113,30,41
325,116,26,43
331,121,29,45
341,126,27,46
350,130,26,47
357,136,27,44
357,135,30,43
363,138,29,42
363,138,31,41
370,140,31,40
374,140,30,40
381,139,30,40
382,135,30,41
386,132,28,40
387,129,29,40
390,129,24,39
391,127,23,40
389,128,24,40
386,128,28,37
383,127,30,39
379,129,31,40
376,131,31,39
374,133,29,38
371,133,26,38
368,131,26,38
364,131,26,40
360,132,27,41
351,133,31,41
348,132,34,42
344,132,37,40
341,129,36,42
340,127,37,42
340,122,35,44
342,118,34,44
344,114,28,44
349,108,26,43
352,105,29,44
355,102,28,45
361,99,30,45
365,98,33,45
371,97,32,46
378,96,31,48
385,98,28,50
387,100,32,50
395,102,30,49
398,104,34,48
402,109,38,49
405,114,38,46
412,116,36,47
417,113,32,45
423,108,28,44
426,104,30,45
429,101,31,46
432,98,30,45
432,97,32,48
431,95,37,48
431,93,42,48
430,94,44,49
431,96,44,48
431,97,43,52
433,101,40,51
435,98,36,52
436,99,32,54
434,97,34,55
431,96,35,57
429,94,37,60
427,95,33,59
422,94,35,59
418,91,37,59
413,92,37,58
408,94,37,58
407,93,34,59
402,96,37,57
395,98,40,58
388,104,45,55
383,109,47,55
381,113,43,53
381,121,37,51
379,123,34,48
378,125,30,47
376,123,29,45
374,121,30,43
372,123,34,42
369,123,35,40
368,123,35,39
366,124,34,39
366,123,31,38
366,121,31,38
367,119,27,38
367,116,26,38
367,116,26,38
366,115,29,37
365,116,32,36
364,115,30,36
365,115,33,36
365,116,34,37
367,114,33,38
367,115,33,37
369,116,32,38
373,115,29,40
375,115,30,41
377,114,30,43
378,114,33,44
382,112,34,43
383,108,38,45
384,103,42,47
388,98,42,48
393,94,43,48
396,86,42,51
403,81,39,51
407,72,37,54
411,67,38,54
412,60,39,59
414,57,38,58
415,58,41,55
413,56,42,52
411,60,44,51
411,63,42,50
406,67,45,51
405,71,41,53
401,76,40,54
398,82,38,53
394,89,37,52
388,95,36,51
383,100,36,50
379,107,35,48
376,111,35,45
373,114,35,42
369,116,36,42
367,117,34,40
368,117,32,39
365,119,32,40
363,117,30,37
360,114,28,39
359,112,26,38
359,107,24,37
356,104,26,37
355,101,26,34
353,98,27,35
351,95,29,35
351,94,30,35
349,93,30,35
349,92,30,35
348,94,30,37
349,95,30,37
350,98,27,39
350,102,28,39
351,105,30,39
351,108,34,38
353,106,36,40
357,105,38,41
360,103,40,42
368,99,39,44
373,94,42,47
382,87,41,50
391,82,40,48
400,75,44,51
408,69,45,46
419,63,46,48
431,59,45,45
439,57,45,44
452,58,43,43
461,59,43,46
471,62,40,48
480,66,37,53
486,73,35,53
492,80,33,53
494,88,32,52
492,98,32,50
489,107,33,49
487,115,30,50
478,123,31,47
470,129,32,46
463,135,30,44
454,141,29,40
445,146,28,38
433,148,29,37
423,151,28,35
412,152,28,35
402,151,28,34
389,150,32,34
378,149,34,34
371,147,32,34
363,145,31,32
352,143,34,33
345,140,34,33
339,137,33,33
333,134,33,33
327,132,33,33
325,131,31,32
320,128,32,34
316,126,35,33
315,124,36,32
316,122,37,33
318,120,37,34
322,118,37,36
329,115,36,38
334,112,39,40
342,110,42,41
355,108,42,41
363,107,47,43
378,106,47,44
392,105,49,45
409,104,47,45
428,102,41,48
446,102,40,49
459,101,37,49
472,104,35,49
485,105,34,51
494,106,32,49
496,111,35,49
500,113,35,46
500,116,32,46
497,120,31,43
492,126,31,40
484,127,31,40
474,129,32,39
464,131,31,38
452,132,32,38
440,134,31,37
430,135,29,37
418,136,27,36
403,136,31,35
388,137,32,32
377,135,32,33
363,133,32,32
353,133,27,31
340,130,28,32
328,128,28,33
316,125,30,34
307,122,29,34
297,119,29,34
289,116,32,36
282,114,35,35
276,113,34,36
274,109,32,38
274,106,30,39
273,105,32,40
276,104,34,41
281,104,36,40
288,102,36,44
301,100,37,45
311,100,38,45
331,97,34,48
349,95,32,51
368,93,32,53
387,92,39,51
404,90,49,50
420,88,50,51
437,86,56,49
439,85,57,51
455,83,52,50
454,84,58,50
471,82,54,50
482,82,53,49
492,80,53,50
497,82,53,49
502,84,52,49
504,87,53,48
506,90,50,47
502,95,51,46
500,97,50,49
494,102,49,50
488,106,44,51
482,110,39,52
472,118,36,51
463,121,34,50
451,126,34,48
441,129,32,47
430,133,29,45
415,134,34,46
405,136,31,46
395,136,31,45
381,138,36,45
369,138,40,45
360,141,40,43
354,143,39,43
346,146,39,44
336,148,41,45
333,153,38,43
330,158,36,44
326,162,36,46
322,167,38,43
318,173,38,37
317,178,38,33
318,180,36,30
324,180,30,29
326,178,28,32
327,178,26,33
327,178,26,33
327,178,26,33
327,178,26,33
327,178,26,33
327,178,26,33
327,178,26,33
327,178,26,33
327,178,26,33
327,178,26,33
327,178,26,33
327,178,26,33
327,178,26,33
327,178,26,33
327,178,26,33
327,178,26,33
327,178,26,33
327,178,26,33
327,178,26,33
327,178,26,33
327,178,26,33
327,178,26,33
327,178,26,33
327,178,26,33
327,178,26,33
327,178,26,33
327,178,26,33
327,178,26,33
327,178,26,33
327,178,26,33
327,178,26,33
327,178,26,33
327,178,26,33
327,178,26,33
327,178,26,33
327,178,26,33
327,178,26,33
327,178,26,33
327,178,26,33
327,178,26,33
327,178,26,33
327,178,26,33
327,178,26,33
327,178,26,33
327,178,26,33
327,178,26,33
327,178,26,33
327,178,26,33
327,178,26,33
327,178,26,33
327,178,26,33
327,178,26,33
327,178,26,33
327,178,26,33
327,178,26,33
327,178,26,33
327,178,26,33
327,178,26,33
327,178,26,33
327,178,26,33
327,178,26,33
327,178,26,33
327,178,26,33
327,178,26,33
327,178,26,33
327,178,26,33
327,178,26,33
327,178,26,33
327,178,26,33
327,178,26,33
327,178,26,33
327,178,26,33
327,178,26,33
327,178,26,33
327,178,26,33
327,178,26,33
327,178,26,33
327,178,26,33
327,178,26,33
327,178,26,33
327,178,26,33
327,178,26,33
327,178,26,33
327,178,26,33
327,178,26,33
327,178,26,33
327,178,26,33
327,178,26,33
327,178,26,33
327,178,26,33
327,178,26,33
327,178,26,33
327,178,26,33
327,178,26,33
327,178,26,33
327,178,26,33
327,178,26,33
327,178,26,33
327,178,26,33
327,178,26,33
327,178,26,33
327,178,26,33
327,178,26,33
327,178,26,33
327,178,26,33
327,178,26,33
327,178,26,33
327,178,26,33
370,196,26,28
375,205,25,25
379,204,24,20
381,206,25,18
382,206,24,18
383,208,24,17
382,210,24,14
382,210,24,14
382,210,24,14
382,210,24,14
382,210,24,14
382,210,24,14
395,218,21,18
397,227,19,23
397,221,20,25
398,220,19,30
397,221,18,34
400,226,14,38
399,222,15,43
399,221,14,46
397,221,17,46
398,221,17,46
399,219,18,48
399,219,21,47
398,218,22,46
399,218,24,46
399,217,24,48
400,218,22,49
399,217,22,49
399,218,22,49
399,216,24,50
399,215,23,48
399,217,25,48
400,217,28,50
399,218,30,47
401,218,30,47
401,218,32,47
401,219,33,47
401,217,32,48
401,217,33,48
403,214,31,49
404,213,31,50
405,214,31,49
406,214,32,48
407,215,33,48
407,215,36,46
406,214,39,46
407,215,40,48
411,216,39,48
411,218,39,49
414,219,36,51
418,223,33,49
420,224,32,51
422,228,31,50
423,233,33,51
424,237,34,50
425,238,36,50
426,239,38,50
427,240,40,50
432,238,38,51
434,242,34,49
436,241,34,53
438,242,32,55
440,243,31,55
441,245,31,55
442,250,30,53
443,250,33,55
441,253,35,54
442,254,37,56
442,255,35,55
444,257,32,56
443,258,36,57
440,259,37,55
439,258,38,59
438,261,39,57
438,259,38,56
440,261,34,57
439,262,33,54
439,262,33,56
436,263,32,55
435,264,35,54
432,261,36,55
430,260,40,57
427,258,43,56
424,256,46,55
424,258,42,55
425,255,40,56
426,253,35,56
426,255,35,55
425,254,33,55
427,253,33,55
424,250,33,57
425,248,33,59
426,246,32,58
426,245,35,60
425,242,37,57
425,241,40,58
426,237,40,60
429,236,40,61
432,236,35,61
435,235,39,61
438,236,37,62
439,235,39,63
441,234,40,67
444,233,40,66
448,232,42,68
451,229,44,69
454,226,45,70
458,222,43,73
461,220,45,76
464,217,45,74
463,217,51,75
466,216,54,76
465,217,57,77
467,212,55,74
471,214,52,80
475,211,49,77
471,212,54,77
474,206,50,78
472,204,52,79
471,202,55,77
466,200,59,73
461,195,64,73
461,192,64,74
460,187,62,73
459,182,61,74
460,178,56,69
457,172,54,72
457,165,52,72
456,159,50,70
452,153,51,68
448,148,54,67
445,144,55,65
443,136,54,64
440,126,52,63
440,118,50,67
439,113,45,64
439,106,42,64
437,99,39,62
432,91,39,62
426,83,39,61
425,75,37,60
422,71,37,61
417,64,38,61
415,58,37,60
412,53,37,61
407,50,39,61
403,47,39,62
399,45,36,65
395,43,36,63
390,42,39,65
388,41,39,63
384,43,38,55
381,43,37,56
375,45,39,58
371,46,38,55
369,46,36,56
364,48,37,51
362,51,35,50
359,54,33,49
357,57,30,54
353,60,33,57
350,64,33,57
346,67,32,56
344,70,32,56
340,74,32,54
338,75,31,55
335,76,32,52
330,75,33,51
328,74,35,52
324,72,37,52
320,72,41,52
315,71,46,51
311,69,46,51
311,69,45,54
309,69,45,54
308,68,43,56
308,68,41,55
309,69,37,56
307,70,41,55
307,69,44,57
311,71,41,54
311,71,45,54
316,71,43,54
321,70,41,54
329,70,37,54
335,69,38,54
344,68,36,53
353,68,38,54
359,72,45,52
365,74,42,55
376,76,39,58
388,77,39,59
399,79,36,59
412,81,33,60
421,80,37,61
430,82,40,62
437,88,45,57
443,92,48,56
447,96,49,57
451,97,49,54
457,99,49,54
461,100,46,56
461,102,45,56
464,103,41,54
462,103,39,55
459,105,39,53
462,104,36,51
462,107,34,48
462,106,36,51
462,106,36,51
462,106,36,51
462,106,36,51
462,106,36,51
462,106,36,51
462,106,36,51
462,106,36,51
462,106,36,51
462,106,36,51
462,106,36,51
462,106,36,51
462,106,36,51
462,106,36,51
462,106,36,51
462,106,36,51
462,106,36,51
462,106,36,51
462,106,36,51
462,106,36,51
462,106,36,51
462,106,36,51
462,106,36,51
462,106,36,51
462,106,36,51
462,106,36,51
462,106,36,51
462,106,36,51
366,51,36,62
370,51,42,63
378,55,46,62
389,60,44,58
394,67,49,55
399,74,48,53
408,79,45,52
413,84,40,53
413,88,40,53
414,93,36,51
416,99,34,52
415,102,33,52
413,107,29,51
409,111,27,50
405,113,27,47
400,114,26,45
396,114,23,43
395,114,19,39
395,114,19,39
395,114,19,39
395,114,19,39
395,114,19,39
395,114,19,39
395,114,19,39
343,81,20,41
341,77,23,38
329,77,28,36
323,75,32,38
316,76,33,36
312,74,30,37
309,76,27,37
305,74,25,41
302,74,25,41
298,72,25,43
296,73,28,45
292,71,30,46
292,68,33,47
294,64,32,49
297,60,31,51
300,52,32,55
307,45,32,58
313,40,36,55
319,34,41,56
330,28,41,61
338,26,43,54
349,23,43,51
359,22,43,50
370,21,44,51
380,20,45,52
388,22,48,51
393,26,49,54
400,33,48,54
408,41,43,54
412,50,41,54
415,58,37,53
415,65,33,55
415,73,33,56
413,81,36,54
410,89,31,52
407,94,32,52
404,99,29,48
397,104,28,47
392,107,27,45
387,110,27,42
383,111,26,41
380,110,24,41
375,107,23,38
372,105,22,34
372,105,22,34
372,105,22,34
372,105,22,34
372,105,22,34
338,79,24,29
336,75,22,25
332,71,23,27
329,66,24,31
325,59,25,37
322,52,27,39
320,45,28,42
320,35,30,44
323,26,30,44
328,16,31,45
332,6,35,47
337,1,39,47
339,1,37,46
345,1,40,43
346,1,40,42
354,3,42,36
365,4,42,34
377,3,43,38
390,5,45,42
403,2,53,51
420,0,55,60
441,2,58,65
461,9,61,66
487,19,58,58
510,24,60,66
534,34,59,76
564,51,67,71
592,63,48,73
612,75,31,72
612,75,31,72
612,75,31,72
598,-3,40,64
612,-1,31,60
612,-1,31,60
612,-1,31,60
612,-1,31,60
612,-1,31,60
612,-1,31,60
612,-1,31,60
612,-1,31,60
612,-1,31,60
612,-1,31,60
612,-1,31,60
612,-1,31,60
612,-1,31,60
612,-1,31,60
612,-1,31,60
612,-1,31,60
612,-1,31,60
612,-1,31,60
612,-1,31,60
612,-1,31,60
612,-1,31,60
612,-1,31,60
612,-1,31,60
612,-1,31,60
612,-1,31,60
612,-1,31,60
612,-1,31,60
612,-1,31,60
612,-1,31,60
612,-1,31,60
612,-1,31,60
612,-1,31,60
612,-1,31,60
612,-1,31,60
612,-1,31,60
612,-1,31,60
612,-1,31,60
612,-1,31,60
612,-1,31,60
612,-1,31,60
612,-1,31,60
612,-1,31,60
612,-1,31,60
612,-1,31,60
612,-1,31,60
612,-1,31,60
612,-1,31,60
612,-1,31,60
612,-1,31,60
612,-1,31,60
612,-1,31,60
612,-1,31,60
612,-1,31,60
612,-1,31,60
612,-1,31,60
612,-1,31,60
612,-1,31,60
612,-1,31,60
612,-1,31,60
612,-1,31,60
612,-1,31,60
612,-1,31,60
612,-1,31,60
612,-1,31,60
612,-1,31,60
612,-1,31,60
612,-1,31,60
612,-1,31,60
612,-1,31,60
612,-1,31,60
612,-1,31,60
612,-1,31,60
612,-1,31,60
612,-1,31,60
612,-1,31,60
612,-1,31,60
612,-1,31,60
612,-1,31,60
612,-1,31,60
612,-1,31,60
612,-1,31,60
612,-1,31,60
612,-1,31,60
612,-1,31,60
612,-1,31,60
612,-1,31,60
612,-1,31,60
612,-1,31,60
612,-1,31,60
612,-1,31,60
612,-1,31,60
612,-1,31,60
612,-1,31,60
612,-1,31,60
612,-1,31,60
612,-1,31,60
612,-1,31,60
612,-1,31,60
612,-1,31,60
612,-1,31,60
612,-1,31,60
612,-1,31,60
612,-1,31,60
612,-1,31,60
612,-1,31,60
612,-1,31,60
612,-1,31,60
612,-1,31,60
612,-1,31,60
612,-1,31,60
612,-1,31,60
612,-1,31,60
612,-1,31,60
612,-1,31,60
612,-1,31,60
612,-1,31,60
612,-1,31,60
612,-1,31,60
612,-1,31,60
612,-1,31,60
612,-1,31,60
612,-1,31,60
612,-1,31,60
612,-1,31,60
612,-1,31,60
612,-1,31,60
612,-1,31,60
612,-1,31,60
612,-1,31,60
612,-1,31,60
612,-1,31,60
612,-1,31,60
612,-1,31,60
612,-1,31,60
612,-1,31,60
612,-1,31,60
612,-1,31,60
612,-1,31,60
612,-1,31,60
612,-1,31,60
612,-1,31,60
612,-1,31,60
612,-1,31,60
612,-1,31,60
612,-1,31,60
612,-1,31,60
612,-1,31,60
612,-1,31,60
612,-1,31,60
612,-1,31,60
612,-1,31,60
612,-1,31,60
612,-1,31,60
612,-1,31,60
612,-1,31,60
612,-1,31,60
612,-1,31,60
612,-1,31,60
612,-1,31,60
617,62,24,54
606,61,32,60
591,49,40,65
569,40,53,68
552,31,53,64
537,23,52,62
522,17,51,62
521,15,50,64
396,24,39,62
328,33,40,65
321,35,44,65
314,33,49,65
314,32,46,67
312,34,44,68
310,34,45,65
314,37,40,65
311,38,43,67
311,43,47,64
312,45,46,65
314,43,48,67
315,45,49,65
318,49,49,64
322,47,44,66
326,48,42,66
332,47,40,65
333,46,39,68
336,45,42,68
339,48,39,69
339,51,41,67
339,54,45,69
339,57,47,67
340,59,48,69
341,61,46,68
341,63,45,71
342,65,43,71
339,67,44,70
337,67,44,68
336,69,44,69
331,73,49,67
329,75,49,67
328,78,48,66
327,79,48,64
324,84,47,62
321,88,48,62
321,92,45,61
318,95,46,61
314,97,47,60
314,101,43,61
309,102,45,60
308,103,47,59
307,108,44,58
307,108,45,57
306,112,48,56
305,116,44,60
305,121,41,58
305,124,40,58
304,128,38,56
303,132,36,56
306,136,33,56
303,139,34,58
302,141,36,62
300,145,35,61
301,152,36,56
301,156,34,52
300,160,34,50
299,163,32,48
297,168,33,44
296,170,33,40
292,174,34,36
288,179,34,29
287,183,30,26
282,186,30,23
280,188,30,21
280,188,30,21
276,191,29,18
276,193,28,17
275,191,29,18
274,191,30,18
275,192,28,17
276,192,28,17
276,195,28,15
277,196,27,15
277,197,28,13
277,197,28,13
277,197,28,13
277,197,28,13
277,197,28,13
277,197,28,13
277,197,28,13
277,197,28,13
277,197,28,13
277,197,28,13
277,197,28,13
277,197,28,13
277,197,28,13
277,197,28,13
277,197,28,13
277,197,28,13
277,197,28,13
277,197,28,13
277,197,28,13
277,197,28,13
277,197,28,13
277,197,28,13
277,197,28,13
277,197,28,13
277,197,28,13
277,197,28,13
277,197,28,13
277,197,28,13
277,197,28,13
277,197,28,13
277,197,28,13
277,197,28,13
277,197,28,13
277,197,28,13
277,197,28,13
277,197,28,13
277,197,28,13
277,197,28,13
277,197,28,13
277,197,28,13
277,197,28,13
277,197,28,13
277,197,28,13
277,197,28,13
277,197,28,13
277,197,28,13
277,197,28,13
277,197,28,13
277,197,28,13
277,197,28,13
277,197,28,13
277,197,28,13
277,197,28,13
277,197,28,13
277,197,28,13
277,197,28,13
277,197,28,13
277,197,28,13
277,197,28,13
277,197,28,13
277,197,28,13
277,197,28,13
277,197,28,13
277,197,28,13
277,197,28,13
277,197,28,13
277,197,28,13
277,197,28,13
277,197,28,13
277,197,28,13
277,197,28,13
277,197,28,13
277,197,28,13
277,197,28,13
277,197,28,13
277,197,28,13
277,197,28,13
277,197,28,13
277,197,28,13
277,197,28,13
277,197,28,13
277,197,28,13
277,197,28,13
277,197,28,13
277,197,28,13
277,197,28,13
277,197,28,13
277,197,28,13
277,197,28,13
277,197,28,13
277,197,28,13
277,197,28,13
277,197,28,13
277,197,28,13
277,197,28,13
277,197,28,13
277,197,28,13
290,190,27,18
294,180,29,25
291,172,35,28
294,158,36,40
298,144,35,48
306,130,32,55
308,119,38,56
315,95,41,59
316,92,45,50
314,84,50,48
317,76,49,54
323,64,46,63
329,55,41,63
334,46,40,63
338,38,36,63
343,29,35,65
347,22,33,64
346,17,34,66
343,11,42,68
341,9,49,66
339,5,50,65
341,3,48,61
338,2,51,58
337,2,47,54
338,4,42,48
333,2,41,45
330,0,40,43
327,1,39,38
322,0,40,36
321,0,39,35
317,0,41,36
313,1,44,35
310,2,43,35
308,2,42,37
306,0,39,43
303,2,36,44
300,3,36,48
299,2,40,52
302,1,38,59
305,2,34,60
308,5,31,60
307,8,34,62
310,12,34,59
311,18,36,57
315,20,34,57
320,24,31,57
324,28,29,56
328,32,30,54
329,35,30,54
331,40,31,51
334,43,30,52
334,45,32,50
336,46,33,52
335,44,33,53
337,45,33,53
337,44,31,54
339,41,30,55
338,39,29,54
338,38,29,54
334,35,30,57
330,32,32,57
329,28,32,61
324,24,34,61
320,19,37,62
314,14,38,64
310,9,40,66
305,4,41,66
298,2,47,62
290,3,54,56
288,2,50,53
284,1,48,51
282,6,45,41
282,6,42,39
279,5,44,41
277,3,45,40
276,3,49,47
274,8,56,50
275,15,55,54
278,22,52,61
277,28,54,67
285,37,47,67
290,48,43,64
297,61,37,62
304,71,31,60
304,82,34,63
306,90,36,59
309,96,39,53
314,101,37,52
317,102,37,51
315,102,40,48
311,102,41,49
309,102,41,48
309,102,37,46
309,101,33,46
307,102,33,46
305,99,31,50
304,94,32,50
303,89,34,50
299,82,38,53
296,80,43,53
295,77,42,50
295,70,43,52
293,62,46,56
293,56,45,56
291,50,48,58
292,43,45,61
293,39,45,60
294,29,44,65
296,21,46,65
296,14,49,68
295,6,52,71
295,2,53,70
296,0,56,73
295,1,55,71
297,1,53,70
297,0,53,68
303,0,45,67
307,1,42,62
309,1,44,65
309,2,39,67
311,2,40,71
310,0,39,76
311,1,43,76
311,4,40,77
310,13,42,78
309,25,42,72
309,34,38,72
310,45,34,70
309,54,35,67
306,63,36,62
305,70,35,62
305,78,34,58
307,82,30,55
307,83,30,54
307,84,28,52
308,83,29,52
308,81,29,51
307,78,32,48
307,74,33,46
308,70,33,47
309,65,34,47
307,62,33,49
310,60,32,47
309,55,30,51
311,52,32,49
310,51,32,49
309,52,29,52
308,51,31,55
307,53,32,54
304,52,35,54
301,50,38,56
300,47,39,58
297,42,40,62
297,35,36,65
297,22,36,74
297,11,38,77
295,4,40,76
292,1,41,74
293,5,43,63
293,3,47,55
294,6,48,45
294,4,50,44
295,5,52,46
291,3,54,55
290,1,55,64
290,3,53,74
290,3,50,81
290,1,53,95
289,3,52,110
289,21,55,102
284,39,62,103
281,54,65,100
281,69,64,92
282,79,61,94
282,87,58,92
285,95,50,87
285,97,48,85
285,97,44,81
284,93,44,79
280,86,46,82
275,77,53,88
273,65,52,89
272,56,53,91
272,47,53,80
270,40,54,80
271,34,50,80
271,29,47,80
272,24,45,80
269,18,47,82
267,17,48,82
268,14,46,81
266,8,45,79
264,6,51,76
261,3,58,69
261,0,61,64
263,0,57,64
269,1,47,64
272,1,41,64
273,1,43,64
275,2,48,64
277,1,51,68
281,4,46,71
285,10,40,70
290,16,36,70
290,21,38,65
292,26,39,62
295,30,41,59
298,34,36,55
304,36,30,61
306,40,33,56
307,41,34,58
310,44,31,56
311,47,32,54
313,50,29,53
314,53,29,53
312,55,33,52
314,55,32,49
314,57,32,49
316,62,27,48
318,65,26,48
318,67,27,47
317,68,32,46
317,69,34,47
320,70,32,46
322,71,28,46
327,71,24,46
327,71,24,46
327,71,24,46
327,71,24,46
327,71,24,46
327,71,24,46
327,71,24,46
327,71,24,46
327,71,24,46
327,71,24,46
327,71,24,46
327,71,24,46
327,71,24,46
327,71,24,46
327,71,24,46
327,71,24,46
327,71,24,46
327,71,24,46
327,71,24,46
327,71,24,46
327,71,24,46
327,71,24,46
327,71,24,46
327,71,24,46
327,71,24,46
327,71,24,46
327,71,24,46
327,71,24,46
327,71,24,46
327,71,24,46
327,71,24,46
327,71,24,46
327,71,24,46
327,71,24,46
327,71,24,46
327,71,24,46
327,71,24,46
327,71,24,46
327,71,24,46
327,71,24,46
327,71,24,46
327,71,24,46
327,71,24,46
327,71,24,46
327,71,24,46
327,71,24,46
327,71,24,46
327,71,24,46
327,71,24,46
327,71,24,46
327,71,24,46
327,71,24,46
327,71,24,46
327,71,24,46
327,71,24,46
327,71,24,46
327,71,24,46
327,71,24,46
327,71,24,46
327,71,24,46
327,71,24,46
327,71,24,46
327,71,24,46
327,71,24,46
327,71,24,46
327,71,24,46
327,71,24,46
327,71,24,46
327,71,24,46
327,71,24,46
327,71,24,46
327,71,24,46
327,71,24,46
327,71,24,46
327,71,24,46
327,71,24,46
327,71,24,46
327,71,24,46
327,71,24,46
327,71,24,46
327,71,24,46
327,71,24,46
327,71,24,46
327,71,24,46
327,71,24,46
327,71,24,46
327,71,24,46
327,71,24,46
327,71,24,46
327,71,24,46
327,71,24,46
327,71,24,46
327,71,24,46
327,71,24,46
327,71,24,46
327,71,24,46
327,71,24,46
327,71,24,46
327,71,24,46
327,71,24,46
327,71,24,46
327,71,24,46
327,71,24,46
327,71,24,46
327,71,24,46
327,71,24,46
327,71,24,46
327,71,24,46
327,71,24,46
327,71,24,46
327,71,24,46
327,71,24,46
327,71,24,46
327,71,24,46
327,71,24,46
327,71,24,46
327,71,24,46
327,71,24,46
327,71,24,46
327,71,24,46
327,71,24,46
327,71,24,46
327,71,24,46
327,71,24,46
327,71,24,46
327,71,24,46
327,71,24,46
327,71,24,46
327,71,24,46
327,71,24,46
327,71,24,46
327,71,24,46
327,71,24,46
327,71,24,46
327,71,24,46
327,71,24,46
327,71,24,46
327,71,24,46
327,71,24,46
327,71,24,46
327,71,24,46
327,71,24,46
327,71,24,46
327,71,24,46
324,136,30,47
324,136,30,47
324,136,30,47
324,136,30,47
335,110,40,47
335,110,40,47
335,110,40,47
335,110,40,47
330,84,53,52
330,84,53,52
330,84,53,52
330,84,53,52
330,84,53,52
330,84,53,52
330,84,53,52
330,84,53,52
330,84,53,52
330,84,53,52
330,84,53,52
330,84,53,52
330,84,53,52
330,84,53,52
330,84,53,52
330,84,53,52
330,84,53,52
330,84,53,52
330,84,53,52
454,96,43,48
454,88,34,43
454,88,34,43
454,88,34,43
454,88,34,43
454,88,34,43
454,88,34,43
454,88,34,43
454,88,34,43
408,46,36,43
419,41,28,38
425,45,24,32
429,49,25,34
428,55,32,37
428,62,39,43
434,69,43,49
445,77,43,45
459,84,40,48
476,90,36,48
488,94,37,48
504,98,34,46
514,99,36,46
527,96,32,46
533,94,34,46
539,92,35,45
541,89,37,46
542,88,36,46
542,87,36,44
538,85,35,46
532,85,35,46
523,84,37,45
514,88,35,46
500,90,38,47
488,93,35,48
470,96,39,46
453,99,41,47
434,101,41,46
417,105,42,45
400,105,41,43
388,106,38,42
388,106,38,42
388,106,38,42
388,106,38,42
388,106,38,42
388,106,38,42
388,106,38,42
388,106,38,42
388,106,38,42
388,106,38,42
388,106,38,42
388,106,38,42
388,106,38,42
388,106,38,42
388,106,38,42
388,106,38,42
388,106,38,42
388,106,38,42
392,96,31,40
410,93,26,41
423,89,29,42
439,85,27,42
453,80,33,43
467,77,32,44
482,76,30,44
496,76,31,46
509,77,34,46
522,78,31,46
534,80,32,47
546,80,32,49
555,80,34,51
565,80,32,52
572,80,37,53
573,75,42,55
579,73,42,54
585,65,40,57
588,60,40,59
592,51,43,61
594,41,45,62
591,29,48,68
595,17,45,70
595,6,42,75
596,0,43,73
596,1,41,74
599,0,41,70
600,0,36,69
604,1,35,60
607,3,33,50
610,12,29,44
613,18,25,42
618,31,22,43
618,31,22,43
618,31,22,43
628,61,18,39
629,77,19,34
628,84,15,29
630,91,13,26
632,91,11,23
631,88,9,23
628,88,10,22
623,88,14,23
621,83,17,27
613,88,22,28
602,100,26,27
602,117,31,30
591,114,36,36
570,110,40,40
561,114,43,47
554,117,41,56
543,119,44,61
530,121,48,62
520,120,49,64
511,120,49,66
506,119,48,67
499,114,45,71
492,110,47,74
489,104,45,78
486,104,46,80
483,103,50,78
482,102,57,79
482,100,60,78
485,100,62,80
488,105,59,79
497,107,49,78
500,113,52,76
499,123,57,78
499,129,62,75
501,139,61,74
504,147,56,72
509,148,50,73
509,147,44,70
507,149,44,72
502,148,45,68
498,150,45,67
490,149,51,66
484,148,51,65
479,146,50,65
475,144,48,66
469,148,42,64
466,144,43,67
458,143,49,67
451,141,53,65
444,143,61,68
441,147,59,71
440,154,57,72
442,162,54,78
441,174,59,77
445,180,68,82
459,189,77,88
475,195,85,93
500,205,91,98
535,214,102,106
577,225,72,115
584,249,57,112
585,273,55,88
587,275,53,84
584,275,58,83
