477,243,119,76
471,238,126,80
468,236,119,75
466,236,110,78
457,231,116,82
447,224,118,85
440,223,113,85
430,228,119,84
421,234,118,84
415,239,109,81
407,240,115,83
399,241,113,83
392,240,115,81
380,242,119,87
374,241,115,84
367,240,116,88
361,242,117,86
351,241,127,88
345,241,127,84
343,243,129,86
342,241,125,86
347,242,130,85
350,239,131,89
359,244,129,89
369,244,124,84
379,245,125,87
382,244,126,88
389,246,122,85
390,245,124,84
395,245,123,85
396,247,129,87
402,245,124,83
406,245,121,81
408,241,122,85
405,240,122,81
404,244,125,82
404,239,124,82
407,240,115,85
402,235,118,87
397,234,122,96
398,224,118,103
406,224,100,99
415,224,92,98
425,226,82,84
429,227,79,81
429,226,63,79
429,234,45,72
427,230,56,73
451,235,60,85
417,223,77,86
419,220,90,89
429,222,77,94
434,223,67,86
443,227,64,81
446,229,58,82
445,230,55,82
446,233,58,79
448,233,61,85
454,234,58,87
456,233,60,85
466,234,53,85
471,238,55,82
480,240,55,83
436,244,57,82
435,242,67,83
432,245,73,84
430,240,76,87
427,243,78,83
423,245,83,82
421,244,90,85
420,242,102,86
417,239,121,90
411,233,122,90
420,233,120,98
421,230,122,100
423,234,117,98
421,229,127,106
424,231,124,105
415,228,131,111
419,228,130,112
422,228,131,115
417,227,139,118
417,238,132,110
422,240,127,109
427,243,113,107
426,243,111,110
427,253,97,98
428,260,88,91
431,264,76,84
438,262,68,84
443,262,58,80
448,266,52,80
451,268,54,76
455,268,54,79
461,271,50,75
465,275,49,75
467,275,49,74
471,274,46,71
427,270,44,84
426,266,50,88
421,263,60,95
410,265,76,92
405,265,86,91
404,265,89,88
401,266,93,86
400,264,99,86
399,263,99,89
401,261,103,95
401,263,110,96
397,263,119,95
399,265,118,97
398,267,119,96
398,266,121,96
397,264,125,99
397,262,126,104
392,257,132,107
396,252,132,112
396,251,130,109
394,246,137,114
400,247,125,112
400,248,130,114
406,246,118,113
402,249,119,116
402,241,126,119
406,245,108,118
408,241,108,119
412,243,103,121
414,240,97,115
416,238,91,117
419,243,86,113
421,243,82,107
422,242,77,113
419,235,87,108
419,240,86,108
417,236,90,109
416,234,103,116
414,235,109,113
409,227,116,120
408,226,123,119
414,225,120,118
411,231,125,114
410,230,128,113
409,236,130,108
407,236,128,109
412,243,128,102
419,242,123,93
427,253,120,86
427,248,122,93
427,249,120,89
432,253,111,90
435,255,114,89
435,258,112,83
435,256,115,87
435,256,116,89
432,256,127,93
432,258,130,91
437,256,123,87
435,255,126,97
434,256,125,92
434,250,124,101
430,246,134,112
433,241,125,115
435,241,122,117
437,246,112,118
438,248,114,117
436,246,112,119
438,250,107,117
443,259,90,120
445,258,88,113
451,255,78,116
451,251,79,112
446,251,83,113
446,246,79,110
441,244,82,118
435,242,89,120
432,239,96,122
432,240,99,116
428,242,104,111
423,244,106,112
424,247,110,113
423,246,113,113
424,244,118,115
425,246,115,113
425,242,112,115
418,245,120,112
417,245,123,115
409,247,128,114
405,248,132,117
402,249,122,115
389,253,130,108
377,253,137,105
373,255,134,102
371,257,135,106
371,261,128,92
372,264,127,91
377,270,130,85
374,271,130,83
374,274,126,78
377,277,124,80
381,274,126,79
380,278,127,78
385,276,129,79
392,274,123,87
394,275,120,89
391,272,127,94
384,275,139,91
383,270,143,95
373,270,157,99
376,268,156,103
381,269,146,98
390,269,138,98
387,265,150,105
393,269,137,102
392,272,134,101
394,269,134,104
397,268,128,103
397,271,129,103
401,267,130,105
403,270,123,104
408,268,115,110
407,266,121,107
411,266,119,112
415,264,114,111
420,261,107,114
424,258,105,117
429,261,96,112
432,261,87,119
438,258,82,117
441,263,80,116
444,259,76,115
447,262,76,115
445,261,77,114
445,263,78,112
450,261,71,114
453,262,69,99
450,263,70,101
452,262,70,91
452,260,65,86
453,265,65,82
457,265,61,80
459,263,62,81
465,267,59,76
470,266,59,79
474,265,56,81
476,266,53,80
478,267,54,84
481,271,53,82
486,280,49,77
489,283,47,77
491,286,51,78
493,284,37,81
493,288,36,78
447,288,47,76
440,293,59,71
439,298,62,68
435,300,71,67
429,300,79,67
433,300,79,73
434,302,81,68
438,302,85,70
410,303,106,70
404,301,114,73
404,297,115,75
399,299,122,74
399,301,121,72
398,298,121,78
397,299,128,78
399,298,127,79
398,295,127,83
398,291,129,87
404,291,127,84
401,295,130,84
405,292,131,87
404,292,129,91
404,287,131,94
398,285,141,98
403,288,131,97
395,286,145,97
402,285,140,96
402,286,141,100
400,276,143,104
398,278,143,106
396,275,139,105
396,268,146,110
394,268,144,121
397,263,138,115
397,263,132,115
392,263,139,116
398,261,132,118
399,260,132,119
399,260,133,112
399,263,134,112
401,258,136,111
401,260,129,111
404,263,128,115
400,263,139,112
401,263,132,111
403,265,133,114
408,268,130,105
407,269,129,108
411,269,122,104
417,272,110,94
425,273,95,82
433,269,94,87
445,270,87,84
452,267,88,83
460,266,86,83
457,264,89,85
462,261,85,86
457,265,93,84
452,264,95,82
444,261,103,82
441,261,102,82
436,262,112,79
434,261,110,76
430,263,111,79
428,258,114,78
422,255,118,83
419,256,122,84
423,253,123,83
416,252,126,83
412,253,132,80
413,247,126,83
413,251,124,83
409,250,130,80
405,253,136,85
407,247,134,90
403,257,139,86
401,264,141,81
399,265,145,81
402,265,138,85
399,269,143,80
395,276,148,74
392,275,152,79
400,279,138,78
392,280,141,78
393,281,147,75
396,284,137,73
387,285,144,74
389,285,144,74
388,286,143,74
380,285,151,70
385,286,146,63
383,283,146,56
383,289,140,52
383,289,139,53
383,292,138,49
383,295,138,46
386,299,138,45
386,294,136,49
384,298,137,46
379,291,144,56
379,289,146,62
378,283,146,67
375,286,150,68
373,277,155,73
371,277,158,78
378,276,146,76
380,277,140,74
378,273,142,77
375,277,150,76
372,270,151,82
380,275,141,78
374,276,149,75
377,276,144,77
391,277,129,76
389,277,129,79
381,277,142,74
381,278,138,76
387,277,131,77
381,274,138,80
385,274,135,76
381,269,141,82
382,267,141,80
384,267,138,81
381,266,139,80
383,269,139,68
388,268,138,61
462,271,125,69
391,268,133,63
461,269,126,74
480,272,103,71
397,271,86,65
483,272,92,72
485,272,94,66
413,272,75,51
413,272,75,51
413,272,75,51
410,268,82,58
420,265,80,58
413,263,90,61
406,257,98,67
404,256,110,72
404,253,126,74
395,252,141,75
395,254,141,73
401,251,136,72
398,253,135,80
396,250,138,78
403,255,133,80
401,251,133,78
403,255,133,72
402,252,135,80
406,251,129,72
404,252,133,80
406,250,129,74
406,247,131,82
408,251,129,72
411,247,127,82
414,246,125,80
415,248,125,74
415,248,124,73
412,243,129,78
414,242,129,79
414,246,130,77
419,245,123,76
417,246,122,74
417,242,124,78
416,245,121,81
417,243,121,82
418,242,118,84
422,240,117,86
419,247,120,84
422,244,115,87
422,247,111,85
419,252,115,84
424,249,107,87
422,246,111,89
421,250,113,86
419,246,116,98
419,252,115,95
420,250,113,92
421,252,115,92
418,254,117,90
411,256,131,73
410,261,135,60
405,261,135,62
406,262,130,63
405,266,136,59
403,270,139,56
408,272,137,59
408,271,136,60
406,266,138,66
408,258,130,79
408,258,133,77
407,254,135,83
407,253,136,85
408,254,131,82
407,252,133,82
413,256,124,73
408,254,121,79
409,256,118,77
403,255,123,77
407,254,119,78
405,255,118,82
401,256,123,78
401,256,121,79
400,255,123,78
398,255,121,78
397,255,125,77
395,258,127,69
389,260,140,65
388,261,146,57
396,261,147,59
392,263,136,59
390,267,146,53
388,269,145,50
386,272,141,50
390,270,136,54
388,272,139,57
388,271,138,54
390,270,138,61
389,269,143,57
390,269,137,60
394,269,133,61
390,265,139,63
391,266,139,66
393,262,139,73
391,263,153,73
395,260,134,72
395,263,138,74
396,260,131,78
396,259,135,82
399,261,125,76
402,261,127,75
402,257,125,84
399,261,129,79
402,262,125,78
402,260,124,87
404,263,124,65
406,264,124,65
407,263,115,67
407,263,121,70
402,261,125,80
402,263,116,74
398,263,121,76
393,266,127,77
396,272,120,77
394,269,120,77
392,271,118,75
393,271,114,77
392,273,117,77
385,271,123,77
383,270,125,80
381,271,125,81
386,273,120,83
387,273,118,84
385,268,120,84
382,269,125,87
383,269,122,85
381,269,127,84
386,267,121,85
388,266,122,84
386,264,126,86
392,263,122,84
393,262,121,87
390,260,127,86
384,260,136,85
386,261,134,87
386,257,132,86
388,259,129,87
385,258,134,82
391,255,129,90
390,253,131,89
388,254,134,88
386,253,140,88
395,251,131,93
393,256,130,93
397,255,128,87
401,249,120,86
403,249,116,90
404,246,109,91
412,247,93,82
417,246,89,85
421,244,86,84
426,247,92,80
429,246,99,84
439,250,87,79
438,251,94,77
452,252,84,75
446,250,92,79
459,254,88,80
433,250,111,81
423,250,131,81
421,247,140,84
421,248,140,82
424,246,134,88
426,249,128,79
429,247,124,90
429,244,124,90
429,240,126,84
429,245,123,84
431,245,122,83
434,243,116,87
431,245,119,87
430,245,121,88
430,245,121,89
429,244,122,91
427,247,119,92
427,245,119,90
427,246,119,88
425,245,122,85
426,245,123,89
425,242,124,90
426,243,123,95
423,239,128,99
423,239,127,97
421,238,131,96
418,236,133,97
423,235,130,98
414,234,141,97
414,233,143,99
412,234,148,99
413,234,148,102
413,237,146,102
413,237,139,91
414,240,136,86
418,244,129,80
422,246,123,77
426,247,126,92
426,249,102,90
429,250,92,82
437,252,93,84
441,252,92,85
439,250,96,88
432,249,107,94
435,251,107,92
432,252,111,96
426,249,122,98
426,251,123,102
423,249,132,103
421,253,136,103
424,252,130,106
427,254,131,102
426,256,127,102
429,257,131,104
429,260,124,106
431,261,117,102
433,264,118,103
432,266,124,106
431,265,124,104
426,268,132,107
427,266,120,106
425,268,121,104
418,276,127,101
417,273,125,101
417,273,127,100
416,280,121,94
416,281,124,91
413,283,123,91
412,285,121,88
406,283,125,88
401,284,133,89
403,287,125,84
399,287,129,85
396,289,133,79
395,292,133,78
394,294,134,76
388,295,147,76
388,296,145,74
390,288,157,87
392,288,174,99
394,284,180,94
394,286,179,106
396,286,181,118
406,288,168,124
414,288,159,124
424,287,149,125
419,290,143,114
423,293,111,115
435,290,101,118
432,290,102,122
425,293,110,116
427,290,107,114
437,289,89,112
428,294,88,107
424,294,82,112
425,293,84,111
423,287,85,112
423,291,83,116
425,284,87,121
422,289,94,117
426,286,91,114
425,283,91,114
425,284,95,115
427,280,96,116
428,282,97,118
421,283,103,119
419,283,105,123
410,283,121,118
412,284,118,117
416,282,116,119
409,284,123,115
406,285,132,118
402,285,133,115
402,280,130,116
404,285,129,108
402,282,132,109
403,280,132,110
404,278,131,107
403,278,129,109
405,275,126,107
404,278,133,109
406,278,123,105
409,274,123,105
407,280,118,99
412,278,115,99
410,278,116,96
413,277,118,92
414,275,114,93
413,277,120,96
410,277,123,96
408,275,126,99
412,272,124,104
410,273,130,112
416,271,124,105
413,269,131,117
420,271,128,116
417,268,130,117
425,267,122,114
430,264,119,119
426,268,126,119
431,263,122,119
433,264,118,119
436,262,115,126
439,258,111,122
441,262,113,122
445,255,110,122
444,259,111,123
446,253,110,128
446,258,108,121
446,254,106,130
448,250,106,130
449,244,104,138
452,246,100,131
453,244,95,142
457,239,90,143
457,242,88,145
456,236,88,144
454,242,93,146
459,236,89,146
458,240,85,142
464,240,85,147
469,243,79,132
469,241,78,127
468,241,77,134
467,244,73,140
467,244,70,134
469,239,67,128
474,248,61,117
477,239,54,103
479,248,51,107
475,240,55,93
473,247,53,85
470,247,56,79
468,246,61,82
466,250,64,79
462,254,66,84
460,253,70,83
455,253,76,84
455,253,78,84
457,255,80,81
460,256,83,80
460,257,82,81
459,263,84,82
452,266,89,82
452,270,91,79
452,276,90,75
454,283,88,69
451,284,89,65
448,288,89,63
446,293,92,62
445,295,86,61
448,294,81,58
448,302,82,52
447,296,81,53
446,292,81,59
444,290,85,64
443,288,90,70
443,284,88,79
444,287,86,79
445,280,84,86
438,277,92,88
438,280,95,84
438,279,86,81
441,275,81,86
445,274,82,87
455,274,70,86
464,270,55,83
466,271,48,79
468,274,45,75
465,274,44,73
463,275,41,70
460,275,43,70
456,275,45,69
452,275,48,67
447,275,50,72
444,270,53,69
439,261,56,77
437,260,61,77
391,276,68,84
439,255,67,79
393,265,82,93
409,251,103,98
395,250,116,107
378,249,131,117
377,251,134,117
377,248,132,121
373,249,133,121
371,250,134,120
373,251,136,113
372,253,133,113
368,250,134,110
371,249,133,119
368,252,134,110
367,247,135,119
364,245,132,116
365,245,130,118
357,239,127,124
358,241,124,119
356,241,122,117
353,239,120,122
352,238,121,118
351,237,126,127
348,235,130,122
349,237,132,119
345,239,135,115
342,238,138,115
340,236,136,116
337,240,135,108
333,238,135,104
332,236,140,105
335,236,131,100
333,235,136,102
339,241,129,96
334,235,130,97
338,233,131,101
345,233,126,105
352,230,123,102
353,234,127,107
352,231,125,108
362,233,124,105
358,232,132,112
363,228,131,111
364,229,135,118
359,229,145,119
367,227,138,115
369,230,142,119
371,226,139,126
371,226,146,124
381,227,139,125
389,227,132,122
396,219,122,126
401,225,114,117
404,223,118,121
409,221,115,121
410,222,112,123
411,219,112,122
417,220,109,119
419,221,107,122
425,220,103,123
428,219,103,123
438,222,92,121
442,217,89,114
446,218,92,113
450,226,81,107
452,224,86,114
453,223,99,114
455,222,94,115
454,220,101,117
449,222,119,124
452,222,112,123
448,215,119,129
443,214,129,132
442,222,131,126
440,216,130,122
441,225,123,124
441,231,122,114
439,242,122,100
439,247,120,97
435,253,120,94
433,255,125,89
429,257,124,90
430,255,127,89
427,260,131,91
427,256,124,93
423,256,121,93
425,255,119,83
420,257,127,86
421,252,128,89
418,247,129,91
422,244,127,95
415,245,129,93
415,241,132,99
420,239,129,97
415,238,129,94
410,233,135,98
408,233,134,99
406,230,135,105
402,232,137,100
397,233,130,95
394,238,134,91
387,235,137,94
384,231,137,100
382,234,137,96
379,235,139,99
381,232,124,92
376,234,135,99
379,234,118,103
375,236,125,107
375,233,117,106
372,233,118,102
374,232,117,105
371,238,120,104
369,244,119,102
373,246,119,97
375,249,112,98
372,253,116,90
369,259,117,83
364,259,122,86
362,260,119,84
357,262,119,79
350,263,121,78
349,262,122,77
344,261,124,76
341,260,123,74
339,257,124,82
336,254,127,81
332,253,126,81
331,253,126,85
325,250,129,90
330,249,122,87
326,249,127,87
320,247,134,96
324,250,130,85
324,251,130,90
321,250,135,85
325,251,131,85
322,247,133,89
323,253,136,84
325,251,128,88
327,253,130,86
325,258,136,83
332,256,133,90
337,259,133,89
339,256,131,87
342,253,132,89
349,252,131,90
349,252,136,94
352,254,142,93
354,256,144,89
358,253,144,87
366,250,138,93
366,253,145,98
367,259,153,92
376,261,145,92
382,258,143,97
387,260,150,96
387,260,157,104
391,261,157,107
393,256,169,119
398,256,174,123
403,255,166,125
405,256,168,124
403,258,172,126
407,256,171,132
406,257,174,137
409,256,173,132
407,253,171,138
407,252,171,141
404,257,178,142
407,261,168,142
404,258,169,142
395,256,174,144
391,255,183,146
387,253,182,145
384,249,177,149
373,246,184,150
364,244,185,150
359,245,184,149
350,248,188,149
340,252,197,146
335,251,200,151
321,252,198,150
315,249,200,155
310,253,202,158
302,252,209,157
298,250,209,158
296,250,207,160
298,253,199,167
288,257,201,164
285,256,213,168
292,259,200,170
293,262,190,167
289,267,189,169
284,273,192,174
284,284,193,171
289,292,185,170
281,290,190,169
281,294,186,173
279,305,181,161
276,305,183,163
273,306,182,153
272,308,179,148
271,308,168,132
269,306,165,125
274,302,170,137
281,306,152,125
282,307,115,117
285,305,98,113
296,306,80,110
304,299,89,114
309,298,88,108
318,296,84,116
328,297,83,115
339,299,84,108
350,294,85,113
361,295,90,111
371,290,92,117
390,294,78,112
410,299,77,117
425,300,78,117
439,299,74,122
447,300,81,121
458,301,81,119
471,306,79,117
484,307,75,112
493,309,74,107
497,310,73,107
497,306,77,108
505,314,73,105
508,311,73,107
510,312,78,104
513,315,80,102
516,315,86,101
517,313,85,100
428,317,94,110
413,321,112,111
428,309,106,134
411,303,128,143
424,301,173,148
404,294,203,156
398,301,220,144
399,302,219,153
393,297,217,156
399,300,216,159
395,298,212,156
400,292,214,156
394,293,213,158
397,301,215,152
397,295,211,150
398,295,206,149
396,297,211,151
397,292,218,157
390,290,208,163
384,292,211,154
388,297,206,143
384,303,214,143
375,304,221,140
379,307,219,136
381,308,223,135
390,306,213,136
392,306,217,133
404,306,206,126
403,302,215,132
400,315,221,122
408,307,216,132
409,307,210,128
411,306,215,131
407,314,217,123
399,318,224,125
400,318,222,120
408,320,218,121
408,320,211,120
403,320,218,117
405,316,216,123
404,310,223,125
402,309,222,127
408,311,200,121
411,303,199,125
413,294,194,126
412,287,192,136
409,284,188,142
405,272,195,157
403,262,191,165
410,251,181,174
408,248,177,173
406,247,173,174
408,240,175,181
407,233,166,176
406,228,171,184
401,229,173,182
398,225,174,180
402,228,170,170
399,227,171,167
401,232,175,155
399,230,175,154
394,232,185,144
386,231,194,151
383,235,186,143
381,238,183,149
377,235,180,158
374,228,173,151
366,233,175,151
362,227,175,148
365,226,167,152
367,224,167,152
371,222,163,161
372,219,166,167
375,221,162,167
375,218,163,176
378,218,163,176
379,219,161,180
378,222,162,178
381,223,165,186
381,229,165,184
381,232,165,178
380,232,169,172
388,242,169,167
386,234,177,166
393,245,165,154
392,245,176,149
393,243,173,140
397,242,173,136
394,248,180,126
398,244,183,123
394,249,182,126
395,248,181,119
389,245,186,129
390,238,184,130
385,239,192,137
376,234,209,145
374,236,212,147
374,231,212,151
383,231,196,160
384,229,185,157
379,227,187,158
384,229,180,161
381,240,178,152
375,248,189,144
385,252,183,144
390,243,173,161
390,240,169,166
389,248,172,161
387,255,172,155
382,252,177,148
384,257,175,156
377,260,189,142
381,262,178,148
392,261,172,145
390,266,177,148
386,265,187,144
391,268,181,146
387,268,185,143
388,275,184,146
389,274,185,150
387,278,186,151
388,281,184,142
386,284,184,156
378,287,195,165
383,290,190,161
388,291,188,160
388,291,184,161
390,293,182,155
384,296,207,149
388,296,194,150
387,300,192,148
392,300,199,144
396,297,200,145
401,302,210,144
405,297,209,146
403,296,216,150
404,292,209,146
409,291,210,150
412,284,200,150
423,286,188,144
421,288,185,144
418,289,186,137
419,288,180,146
415,286,184,141
422,279,158,141
427,284,156,135
430,269,155,142
433,271,151,137
430,263,149,143
427,261,146,140
424,260,144,140
425,267,144,139
424,270,139,140
426,266,137,131
428,268,134,137
427,264,129,135
432,267,128,126
427,269,133,131
430,263,129,129
428,270,135,130
434,267,133,128
441,271,129,127
428,275,142,126
417,274,154,127
398,273,178,125
385,277,191,121
378,270,200,128
387,277,200,122
396,276,190,133
382,277,204,131
381,277,207,138
381,280,201,146
382,279,204,140
378,275,201,148
372,283,213,153
369,282,208,144
368,282,215,153
370,276,209,153
373,282,202,154
375,272,210,161
375,283,200,170
374,276,207,165
365,270,222,180
372,269,215,178
383,263,200,182
380,264,215,190
392,261,196,179
397,261,195,174
404,260,196,180
403,254,195,185
402,253,193,185
405,250,198,186
417,250,187,184
417,247,191,184
421,241,182,185
428,243,176,196
429,237,175,188
436,239,167,190
431,242,174,185
431,244,170,178
446,241,161,175
438,244,167,176
442,245,158,180
439,240,162,178
442,243,161,171
440,245,169,177
438,249,175,180
447,247,157,170
445,256,153,169
447,255,147,179
440,253,157,185
437,258,163,190
435,256,166,193
431,257,169,193
422,252,177,195
423,258,170,195
414,260,175,191
415,256,177,189
414,256,162,184
409,259,171,181
409,260,165,174
409,258,167,164
406,263,167,158
401,267,174,149
400,273,172,144
399,280,179,136
396,283,194,137
397,277,184,136
396,279,193,141
397,269,179,148
395,260,195,163
401,253,193,169
398,250,181,167
404,248,171,172
412,242,155,166
412,246,150,167
411,247,144,167
408,255,147,162
405,248,143,169
408,252,136,164
407,259,124,163
398,261,130,170
382,255,149,175
385,255,150,175
378,247,159,179
373,258,163,183
367,248,172,179
367,251,173,182
363,255,173,173
357,254,178,173
357,251,178,178
346,255,190,175
359,254,186,172
344,254,188,175
353,252,200,174
346,251,191,172
353,254,198,179
343,251,203,174
344,256,204,167
337,254,211,175
331,249,208,174
336,257,210,168
333,260,215,150
330,261,212,139
336,267,204,134
338,260,199,125
330,261,201,140
333,253,198,147
335,242,183,151
340,241,188,157
329,239,200,156
339,238,196,163
332,238,205,175
333,244,191,167
336,245,190,166
332,248,191,171
339,246,181,181
331,243,194,180
336,246,184,178
348,248,158,167
349,240,160,178
348,238,162,191
354,241,140,178
349,241,142,184
343,234,153,188
346,239,147,190
345,233,146,195
338,236,154,198
337,234,160,193
335,238,163,186
343,240,151,188
340,237,156,181
356,249,136,175
358,248,131,175
360,252,128,175
364,257,110,175
361,261,125,163
362,282,105,135
365,292,110,128
362,277,118,135
365,265,140,145
372,260,137,139
377,268,126,136
381,266,134,129
382,269,134,130
385,268,136,123
387,265,134,121
392,255,135,125
384,256,142,126
390,255,139,127
390,249,139,126
394,242,139,131
400,239,142,130
394,232,158,151
411,229,152,156
414,221,157,164
417,217,165,172
412,222,172,162
420,217,165,166
420,204,174,174
424,206,175,173
425,202,176,175
426,198,179,176
430,197,181,173
436,187,184,185
444,192,190,178
452,202,185,167
460,194,188,175
458,188,199,187
470,190,190,181
471,195,196,177
477,191,196,179
481,206,201,162
484,206,200,160
482,206,204,162
488,197,206,177
490,197,209,177
490,191,220,193
494,186,204,180
490,189,205,176
489,185,208,176
497,174,199,179
492,168,207,184
499,166,183,179
497,163,183,183
501,166,178,178
501,153,165,179
500,146,155,183
501,146,148,179
503,142,144,183
504,137,143,187
500,135,146,191
495,132,148,189
486,125,159,199
478,129,166,197
464,120,178,201
460,122,185,191
452,122,186,187
433,125,200,183
424,129,211,174
417,136,212,174
421,146,193,152
410,154,205,148
404,157,206,152
409,163,193,143
407,172,196,146
411,189,196,133
407,201,203,143
403,218,199,145
402,227,212,161
401,242,224,186
408,253,223,200
411,250,225,203
411,255,217,200
411,246,219,210
413,245,210,207
415,250,201,207
418,242,202,211
430,247,184,209
436,248,181,201
443,255,179,208
451,252,170,203
461,256,155,200
470,258,148,198
477,255,146,211
482,254,137,200
480,256,144,208
474,256,137,205
463,254,144,200
444,256,157,205
433,244,162,203
418,232,175,210
406,226,183,216
398,214,170,214
382,210,184,202
364,208,188,205
352,205,200,199
340,202,203,205
339,196,193,209
334,199,191,198
327,195,193,196
334,191,185,184
331,188,184,188
336,189,186,186
333,196,181,177
331,198,193,184
329,197,194,184
324,197,191,186
325,197,183,176
323,197,182,175
320,198,184,174
323,192,177,177
323,191,178,177
327,191,175,175
324,187,175,174
330,181,163,177
328,178,169,183
328,177,173,186
332,175,177,197
332,174,179,198
330,174,181,197
334,169,182,203
332,175,187,194
334,167,187,200
335,175,182,192
337,174,183,188
334,174,185,191
338,181,184,184
331,178,194,188
328,182,197,187
334,184,192,177
329,185,202,180
334,184,208,181
331,191,213,186
329,183,217,190
328,196,223,178
331,198,226,178
332,188,227,175
332,199,225,166
334,191,226,171
329,198,226,163
326,196,238,169
338,201,221,162
337,205,223,153
334,206,224,147
340,203,214,143
328,206,232,144
329,202,228,135
325,211,229,133
330,202,216,136
338,211,202,131
337,204,205,139
328,214,210,137
336,212,205,138
337,217,206,128
338,221,201,134
334,222,201,136
340,223,198,135
329,217,208,150
327,206,221,165
323,208,227,170
330,207,228,178
327,205,237,183
324,209,244,184
320,203,246,180
338,191,237,198
343,199,225,189
347,186,224,196
348,171,237,207
353,177,227,209
342,168,252,216
348,175,219,207
340,188,217,197
335,189,221,196
330,192,219,186
331,197,212,185
333,195,216,189
341,197,208,189
340,195,196,193
342,195,190,193
333,201,183,191
337,202,198,181
339,199,180,183
341,202,165,174
339,198,168,179
337,204,161,162
342,203,158,159
337,208,170,173
330,204,175,190
334,204,176,174
322,207,177,191
318,207,184,195
320,211,188,182
310,205,199,209
324,214,177,171
315,215,186,187
317,216,189,191
315,213,190,193
317,217,191,178
311,217,194,183
320,218,193,162
313,219,208,167
313,219,212,166
311,220,222,163
312,219,223,168
311,221,227,166
311,228,230,152
316,224,218,157
318,221,196,162
320,227,189,153
322,225,182,153
328,229,178,160
331,230,179,154
338,234,163,149
347,236,144,155
346,243,152,149
345,248,146,145
348,250,145,146
349,261,143,135
356,260,140,133
355,261,143,134
355,250,149,147
356,272,146,122
357,266,146,132
359,255,147,142
357,232,154,170
356,225,147,173
355,218,156,180
352,228,153,174
355,219,159,184
349,222,150,181
354,223,158,179
348,219,156,181
354,219,161,181
348,219,155,169
348,221,154,169
346,220,151,170
351,219,142,164
358,222,135,172
364,222,127,167
368,220,122,164
367,228,125,172
366,226,127,161
360,234,136,168
364,226,130,169
353,234,144,168
355,222,141,169
352,231,143,172
351,229,153,168
354,234,150,170
359,227,153,164
354,233,156,171
359,231,155,170
363,227,150,169
363,228,152,161
360,225,160,158
354,227,169,154
364,230,166,150
364,231,167,142
357,235,185,135
395,245,222,105
352,251,188,89
406,260,167,80
357,267,177,85
393,269,162,84
409,270,132,84
422,280,113,72
422,286,108,75
426,295,100,73
425,304,100,68
426,312,100,69
427,319,101,67
425,327,105,68
362,272,124,80
395,256,130,101
385,277,149,130
362,244,174,154
348,239,188,170
354,231,180,181
347,231,189,178
346,222,184,180
334,231,195,179
337,227,194,179
341,222,183,177
333,221,200,177
332,221,197,178
337,218,193,180
338,220,191,182
339,224,198,171
340,226,195,177
347,223,201,170
345,234,200,164
344,227,205,159
343,234,203,152
350,228,195,148
352,232,197,137
356,240,188,127
362,233,187,121
363,236,186,111
361,237,190,109
360,234,196,119
350,230,215,139
348,236,221,122
352,233,219,129
350,235,218,128
353,236,219,124
351,238,225,125
353,239,228,119
361,240,222,113
364,236,218,115
372,230,215,113
380,225,209,117
391,222,198,112
397,220,194,122
407,212,179,122
407,206,178,126
400,207,186,146
398,210,182,152
404,206,171,163
412,205,167,166
420,207,166,167
427,201,167,167
434,201,172,169
441,207,162,161
441,218,173,146
451,220,168,139
451,221,178,141
463,229,175,139
460,237,176,133
469,232,171,135
473,233,173,136
481,228,172,137
488,228,170,132
487,218,177,145
495,213,172,149
499,208,172,160
501,206,173,162
499,198,179,171
502,191,178,186
493,185,181,188
487,178,191,200
489,172,189,207
483,175,188,191
477,176,193,197
469,171,194,194
450,171,214,207
434,166,217,206
419,164,220,197
400,158,224,207
395,153,212,214
367,156,236,201
363,152,225,206
371,152,216,212
364,154,198,205
360,157,202,214
375,162,184,210
366,165,200,192
367,165,198,200
369,168,192,184
365,171,202,196
373,170,194,187
385,183,183,173
389,188,183,175
391,200,190,165
394,201,185,166
405,204,175,151
407,208,162,145
414,209,152,138
419,207,145,139
416,208,145,135
415,207,147,131
412,207,143,131
413,207,142,125
415,210,135,120
422,203,125,122
426,207,122,118
434,206,111,113
429,203,111,108
425,203,117,113
416,205,125,113
412,204,129,111
419,203,127,106
419,203,126,111
439,205,105,102
465,201,87,95
466,205,92,93
475,201,85,92
471,198,91,92
461,189,99,95
451,185,105,97
455,187,106,97
465,185,95,89
478,187,79,92
475,185,84,88
476,186,84,89
477,189,84,87
479,191,82,89
476,195,85,84
476,193,85,85
472,196,90,85
476,194,83,84
473,194,84,83
472,196,86,81
470,194,82,77
476,196,79,79
477,197,76,74
478,201,79,74
476,201,76,70
477,202,79,75
481,203,71,72
481,207,73,73
479,208,71,70
477,210,73,73
474,208,66,71
470,210,70,74
471,215,68,75
467,217,67,72
466,215,63,68
467,220,62,69
465,218,61,67
464,221,60,70
467,222,53,68
470,226,51,65
471,228,51,68
471,229,56,70
477,228,55,68
482,227,52,69
479,225,57,70
472,224,66,68
466,220,72,73
469,221,68,71
473,220,65,69
470,218,68,73
470,218,67,72
472,219,65,70
470,218,67,72
469,221,66,70
465,223,72,69
468,226,67,69
468,230,64,69
467,231,67,70
471,232,63,74
470,229,64,76
471,231,60,76
467,229,64,75
463,227,70,80
460,226,75,80
461,227,77,78
459,231,81,74
457,234,87,72
481,237,70,55
481,241,65,50
481,242,69,51
475,244,70,48
475,245,71,46
477,247,70,47
473,246,74,46
474,249,73,42
477,251,73,42
476,253,74,40
472,253,77,42
475,254,76,43
473,251,77,44
470,251,79,50
470,247,80,53
470,244,76,55
465,242,83,60
467,240,77,60
468,236,77,65
472,237,73,64
469,237,77,66
467,234,74,66
467,233,78,69
467,233,73,66
465,231,74,69
463,229,77,68
463,229,78,73
461,227,75,76
462,229,72,68
459,227,76,71
458,228,79,74
461,226,76,83
461,227,71,75
463,228,71,80
462,228,71,79
465,229,68,82
463,228,70,85
461,230,70,86
463,229,71,85
458,231,71,88
460,231,70,87
464,230,67,89
464,230,67,87
463,231,65,84
464,231,63,83
470,231,57,78
468,232,56,82
470,232,54,75
472,234,52,77
471,232,51,74
473,236,54,79
471,235,52,71
470,234,60,73
473,232,56,75
471,234,58,71
473,235,59,72
471,235,63,70
470,232,68,74
467,234,70,67
468,235,71,71
467,233,70,67
466,234,73,68
465,235,78,65
463,238,83,60
463,241,84,54
459,240,87,55
459,244,90,49
460,246,86,46
457,246,89,47
458,246,84,47
458,246,83,53
459,243,79,51
457,245,81,52
456,243,78,53
457,242,74,52
458,240,73,54
457,240,72,54
454,240,76,53
456,238,73,54
453,240,72,52
452,239,75,57
457,241,70,54
455,240,74,54
457,242,70,57
454,243,77,58
454,247,77,56
457,248,75,54
459,250,72,52
458,248,72,51
456,250,76,56
462,249,69,57
461,251,70,51
458,252,73,52
460,251,75,55
456,253,75,55
453,251,75,56
454,253,73,53
454,254,73,54
452,251,75,53
445,252,82,57
448,250,77,55
448,254,80,53
447,249,77,55
449,249,78,51
449,248,80,53
453,249,74,52
452,245,76,51
449,242,80,57
451,244,77,56
453,240,73,53
452,240,76,55
451,236,79,58
447,233,79,58
444,230,83,58
443,226,80,61
448,223,76,58
444,220,82,58
446,217,79,55
446,215,77,57
447,214,77,55
452,212,72,55
449,210,73,61
446,206,74,64
445,202,77,70
438,201,85,71
440,200,82,70
447,202,78,69
438,200,83,70
438,202,86,68
438,205,85,62
437,211,86,57
439,213,82,57
437,214,83,53
432,213,88,58
433,214,86,56
434,212,84,58
435,212,80,57
435,214,81,58
434,216,83,56
432,218,86,53
430,218,89,57
435,218,83,55
436,220,84,56
436,219,85,53
435,219,83,54
441,220,77,52
445,221,75,51
445,224,73,53
444,225,75,55
445,225,76,53
446,223,76,60
447,225,75,60
444,225,77,57
439,228,84,61
437,229,88,57
433,230,93,60
437,231,89,60
434,233,89,59
435,235,93,60
433,237,91,57
427,239,99,59
426,242,99,51
415,243,110,55
416,244,109,49
421,243,105,60
420,243,108,56
422,244,104,47
427,244,96,40
430,245,97,42
428,244,92,41
432,243,90,42
432,244,93,45
434,243,90,46
430,243,93,50
430,238,93,61
431,240,91,55
427,238,98,59
426,237,94,61
423,237,97,62
428,234,90,59
432,238,91,58
432,236,86,61
429,236,88,59
432,238,87,61
426,238,88,57
426,240,89,59
418,240,98,61
429,240,87,60
427,241,83,58
431,241,82,58
426,241,82,59
428,242,84,60
429,241,79,58
429,242,79,58
427,242,77,54
430,240,77,58
432,241,76,55
429,240,73,55
432,240,75,55
432,243,74,51
433,241,73,52
434,240,71,53
432,239,74,54
434,238,72,54
433,238,72,56
434,239,71,51
437,240,69,46
439,238,65,48
443,237,61,48
446,238,56,48
448,237,51,48
450,237,50,49
454,236,43,50
458,234,34,50
460,235,33,49
461,233,33,46
463,230,32,48
463,228,31,49
464,227,31,49
464,224,33,51
462,225,32,51
462,231,30,50
459,233,34,51
460,230,34,52
461,230,35,50
461,232,37,51
456,231,43,55
457,234,45,52
455,233,46,53
459,236,44,54
454,233,50,51
451,233,54,54
445,232,60,53
439,230,69,56
438,231,70,54
436,228,71,55
435,231,70,53
433,228,66,50
428,227,67,57
428,226,63,52
425,224,65,51
424,222,70,54
422,218,70,55
420,215,70,54
420,215,71,60
421,215,76,62
420,214,72,56
418,213,71,52
418,211,77,56
419,212,74,58
416,211,77,62
418,211,76,68
415,209,76,64
420,207,76,61
422,208,73,65
422,211,74,60
423,212,73,63
424,210,72,61
427,212,70,63
424,211,71,59
426,211,69,63
430,212,66,59
433,213,65,55
437,211,60,54
439,211,57,54
443,208,54,53
446,210,42,53
448,211,40,52
449,210,42,52
452,212,41,51
457,211,40,51
460,209,37,49
463,208,35,49
467,211,34,49
468,214,33,46
470,218,33,46
472,217,34,48
475,218,34,48
463,217,45,51
452,221,53,48
453,222,62,51
446,222,71,55
443,224,75,54
439,226,79,54
438,226,79,55
440,225,72,54
439,226,69,52
437,226,68,53
436,226,69,53
437,225,68,52
435,223,70,55
434,223,70,55
429,221,75,57
430,219,73,55
430,221,71,56
429,220,73,54
428,220,77,56
430,220,77,62
427,219,78,64
428,220,78,62
427,219,81,64
425,219,82,67
427,221,79,62
425,221,83,66
424,220,84,63
423,218,84,61
422,220,86,62
423,218,83,60
425,220,85,61
418,219,87,57
421,220,87,59
422,220,88,59
421,223,91,57
422,224,92,57
426,225,95,55
428,227,91,54
429,228,90,56
430,229,96,53
436,226,95,57
434,220,95,64
434,217,99,64
435,223,97,57
430,217,99,62
432,214,99,64
433,208,93,68
436,204,88,69
426,200,96,75
432,197,89,71
419,192,102,78
407,187,113,83
406,183,111,83
399,179,115,86
383,175,127,92
388,172,116,93
406,177,95,86
405,175,86,84
405,168,74,90
406,165,65,89
405,166,69,82
408,163,71,84
411,167,80,90
415,167,79,91
418,172,81,91
425,172,79,90
429,176,84,92
433,176,86,97
437,178,89,101
443,181,91,102
451,187,88,97
457,187,89,104
464,187,83,104
466,190,89,105
475,194,86,101
478,197,87,102
480,201,88,99
480,203,98,107
482,204,96,104
482,211,98,99
485,213,97,98
487,217,97,98
486,223,100,97
484,232,105,98
482,248,113,77
479,256,122,77
477,264,127,76
480,276,117,66
478,284,129,62
483,288,127,62
487,300,116,60
487,312,91,56
485,307,91,71
482,306,94,83
475,305,94,89
469,302,101,90
462,302,105,91
466,301,100,91
468,307,95,80
473,297,96,87
468,281,107,102
478,276,105,102
471,267,112,113
470,263,114,114
457,258,129,116
447,250,138,124
439,255,147,126
429,259,143,123
424,256,145,125
418,256,147,125
414,261,145,131
406,261,148,129
400,269,144,111
396,264,152,120
390,271,154,105
385,272,158,96
389,278,161,86
398,281,159,76
395,282,164,72
397,280,161,72
396,275,168,79
394,270,175,88
396,265,175,96
389,263,180,97
390,261,184,105
390,253,182,122
385,243,186,135
387,235,186,144
379,231,194,154
371,224,204,163
374,221,197,171
371,219,201,182
368,220,206,187
372,223,203,192
360,231,217,193
365,235,207,195
359,248,203,191
346,252,230,202
349,269,218,197
331,274,231,208
312,305,244,190
301,317,247,191
285,383,239,148
285,383,239,148
463,330,233,139
463,330,233,139
463,330,233,139
463,330,233,139
463,330,233,139
463,330,233,139
463,330,233,139
463,330,233,139
463,330,233,139
463,330,233,139
463,330,233,139
463,330,233,139
301,309,213,146
311,143,197,181
314,8,212,193
314,8,212,193
314,8,212,193
314,8,212,193
484,332,186,153
482,336,176,142
492,337,167,136
492,337,167,136
492,337,167,136
442,1,201,134
444,73,230,155
458,197,228,201
472,320,197,215
466,334,214,186
475,333,187,145
489,337,172,135
489,337,172,135
489,337,172,135
489,337,172,135
489,337,172,135
489,337,172,135
489,337,172,135
489,337,172,135
489,337,172,135
489,337,172,135
489,337,172,135
489,337,172,135
489,337,172,135
489,337,172,135
489,337,172,135
489,337,172,135
489,337,172,135
489,337,172,135
489,337,172,135
489,337,172,135
489,337,172,135
489,337,172,135
489,337,172,135
489,337,172,135
489,337,172,135
489,337,172,135
327,330,145,134
327,330,145,134
327,330,145,134
328,324,138,140
328,324,138,140
329,327,137,139
332,333,136,137
334,326,130,145
331,324,132,145
335,326,125,140
335,326,125,140
330,331,137,137
332,325,129,140
330,326,137,140
330,333,136,142
333,327,130,145
336,327,127,135
329,323,134,133
