241,191,53,89
243,188,49,90
241,186,46,93
243,191,44,89
247,186,40,95
247,187,39,96
246,185,43,96
246,186,45,98
243,184,50,103
233,185,65,97
227,184,72,98
222,183,78,97
218,181,80,100
215,182,84,99
215,179,83,98
210,182,88,94
207,180,92,97
203,180,93,98
198,181,92,101
196,178,91,101
193,182,94,102
192,183,94,102
185,183,94,106
183,186,93,105
182,186,89,110
180,191,78,114
173,193,77,119
173,197,64,118
171,204,56,113
169,209,46,111
162,210,45,110
155,213,47,112
143,221,50,103
139,222,48,103
138,222,51,101
138,220,54,98
140,213,62,99
142,204,67,99
146,200,74,90
150,196,77,95
151,191,78,93
159,186,81,97
163,186,82,96
168,185,86,94
174,189,84,87
179,189,89,88
186,191,82,85
190,194,82,83
196,197,77,77
202,195,72,79
205,199,68,76
204,198,67,77
205,201,66,74
207,205,59,69
205,204,55,74
203,204,51,72
198,209,50,70
196,210,41,70
190,213,38,71
184,211,34,70
179,212,33,71
172,215,34,68
164,211,34,73
157,211,32,74
149,212,33,73
142,209,36,77
138,203,38,79
130,202,41,79
122,199,44,75
115,198,53,80
108,196,55,78
107,198,55,72
104,193,58,77
101,193,63,76
98,193,67,75
98,191,69,78
98,194,73,75
100,194,76,76
103,198,76,75
106,195,77,77
115,198,73,77
117,199,76,73
126,202,74,78
135,205,70,75
141,209,68,75
147,209,69,73
157,207,68,74
165,206,63,75
177,205,53,74
182,204,49,72
192,204,47,68
202,200,38,68
210,201,33,66
214,198,31,65
219,198,28,64
221,195,26,64
220,192,28,66
220,189,28,69
219,190,30,71
220,189,30,70
217,191,34,68
215,189,40,69
213,187,47,69
209,184,51,71
205,184,54,71
199,182,60,70
196,182,62,69
192,181,67,73
183,180,69,74
176,178,76,81
177,186,72,80
172,186,74,86
169,190,70,86
162,193,70,81
158,191,73,84
155,184,72,88
148,183,78,84
147,180,77,79
148,179,76,80
147,179,69,79
148,180,67,75
149,176,61,77
152,177,57,76
154,175,53,77
157,175,51,76
162,175,43,74
165,173,39,76
168,172,39,78
174,173,34,78
179,179,32,76
182,184,31,72
188,185,32,70
194,185,28,71
197,191,30,64
198,188,31,66
201,186,33,68
201,185,34,66
203,182,38,63
202,181,40,61
205,177,41,60
206,181,45,58
207,178,53,63
208,178,60,69
210,176,52,61
209,177,55,54
208,178,57,55
209,177,59,56
210,172,55,59
209,175,57,55
205,170,56,63
205,167,59,63
201,166,58,64
195,162,61,64
192,161,60,64
189,160,61,64
181,156,63,65
177,155,61,63
172,150,62,64
166,143,59,67
159,141,62,68
151,134,63,70
147,133,60,66
140,130,60,65
138,129,56,65
126,131,53,64
121,130,56,66
115,129,54,65
115,127,53,68
112,127,52,68
112,133,51,65
111,131,49,69
116,130,48,71
119,136,50,68
122,139,49,69
126,139,59,72
137,146,51,68
143,153,49,69
155,156,47,66
166,159,47,64
175,166,51,61
189,168,48,59
201,171,55,61
213,167,57,66
225,169,59,65
229,171,62,61
249,170,57,62
260,169,66,61
273,167,61,64
282,169,64,60
293,165,61,65
300,167,61,62
308,163,63,66
316,164,60,62
322,165,62,59
327,160,62,62
329,159,61,59
330,156,59,59
331,157,61,55
326,155,58,55
324,157,60,52
322,158,63,48
314,159,61,49
306,159,67,53
299,156,66,57
285,154,68,62
273,158,65,60
258,164,68,61
238,169,66,63
216,169,67,71
198,170,73,65
167,167,76,71
143,163,78,73
114,157,82,80
93,154,82,83
73,150,73,81
55,143,75,79
38,137,76,78
27,128,73,78
20,120,71,81
17,113,72,81
9,111,77,77
8,106,76,78
4,105,87,77
7,106,82,76
10,109,78,74
12,112,76,73
21,118,74,74
29,126,67,75
39,134,66,79
50,146,62,77
63,157,60,76
81,166,57,76
99,179,51,71
122,187,50,78
144,192,45,69
164,196,43,74
183,203,37,71
210,205,43,66
226,208,45,57
247,198,39,62
252,191,46,60
268,183,41,49
278,177,46,55
279,171,51,55
284,168,50,57
333,135,41,70
298,163,47,64
302,164,50,61
306,166,45,63
304,166,49,65
305,166,48,65
302,167,48,68
300,169,48,67
293,169,49,72
286,171,49,68
285,172,49,68
280,173,50,71
270,176,59,66
258,181,59,67
251,184,59,67
233,185,63,72
222,182,67,74
206,181,72,79
193,188,69,70
181,191,68,69
165,181,72,76
154,178,73,69
142,178,74,70
135,169,72,64
128,159,72,65
120,153,72,63
114,150,72,59
109,148,71,58
106,145,72,55
107,146,72,55
106,142,74,59
105,141,74,61
105,143,71,58
109,145,69,58
111,147,69,62
116,151,72,62
125,157,68,57
136,158,67,63
146,164,67,63
157,169,62,65
168,170,64,68
179,173,60,66
194,173,57,67
205,172,63,69
221,171,53,68
232,169,51,66
242,169,49,66
257,166,40,63
266,161,41,66
274,160,38,63
278,156,42,64
282,156,47,62
285,154,45,63
285,155,45,62
283,160,45,57
278,163,50,55
273,164,54,57
269,166,58,55
268,169,61,57
257,177,44,53
251,184,39,54
241,188,33,59
226,193,41,61
211,205,42,51
196,212,36,53
180,216,25,53
162,220,27,50
133,211,33,56
112,212,40,63
93,208,40,63
77,204,41,64
60,199,45,64
48,198,44,60
36,191,48,61
28,185,49,59
19,181,52,55
15,176,52,56
14,171,53,53
14,166,53,51
15,166,57,48
22,161,51,50
28,158,50,49
35,157,47,48
41,158,48,46
53,161,44,47
61,160,44,48
73,163,40,48
85,168,41,46
96,171,39,46
111,176,35,48
125,181,35,48
137,184,35,48
149,189,28,46
149,189,28,46
149,189,28,46
149,189,28,46
149,189,28,46
149,189,28,46
149,189,28,46
149,189,28,46
149,189,28,46
149,189,28,46
149,189,28,46
149,189,28,46
149,189,28,46
149,189,28,46
149,189,28,46
149,189,28,46
149,189,28,46
149,189,28,46
149,189,28,46
149,189,28,46
149,189,28,46
149,189,28,46
149,189,28,46
149,189,28,46
149,189,28,46
149,189,28,46
149,189,28,46
149,189,28,46
149,189,28,46
149,189,28,46
149,189,28,46
149,189,28,46
149,189,28,46
149,189,28,46
149,189,28,46
149,189,28,46
149,189,28,46
149,189,28,46
149,189,28,46
149,189,28,46
149,189,28,46
149,189,28,46
149,189,28,46
225,178,32,51
213,185,42,53
194,177,44,61
177,181,43,63
159,181,42,60
144,182,40,64
130,182,42,67
118,184,44,63
106,186,41,62
97,189,39,55
89,183,42,54
85,185,37,48
83,178,36,50
82,172,36,51
82,171,35,49
82,165,39,51
86,165,36,48
88,162,41,47
92,165,35,45
99,162,37,47
102,160,36,48
110,161,35,49
116,164,35,47
124,167,34,49
138,170,31,49
145,174,31,49
155,179,26,46
155,179,26,46
155,179,26,46
155,179,26,46
155,179,26,46
155,179,26,46
155,179,26,46
155,179,26,46
155,179,26,46
155,179,26,46
155,179,26,46
155,179,26,46
155,179,26,46
155,179,26,46
155,179,26,46
155,179,26,46
155,179,26,46
155,179,26,46
155,179,26,46
155,179,26,46
155,179,26,46
155,179,26,46
155,179,26,46
155,179,26,46
155,179,26,46
155,179,26,46
155,179,26,46
155,179,26,46
155,179,26,46
155,179,26,46
155,179,26,46
155,179,26,46
155,179,26,46
155,179,26,46
155,179,26,46
155,179,26,46
155,179,26,46
229,182,33,50
221,175,39,53
203,182,50,54
177,172,56,64
152,177,68,63
130,182,73,65
117,183,70,62
102,185,71,59
92,183,67,59
84,182,64,55
77,183,61,49
72,180,60,50
69,178,59,48
69,171,58,47
71,169,57,44
73,164,56,44
77,164,55,41
81,164,54,39
85,162,54,41
91,161,53,42
99,157,52,45
106,160,52,43
114,162,54,43
120,165,55,44
134,172,47,45
142,174,38,48
146,185,32,42
146,185,32,42
146,185,32,42
146,185,32,42
146,185,32,42
146,185,32,42
146,185,32,42
146,185,32,42
146,185,32,42
146,185,32,42
146,185,32,42
146,185,32,42
146,185,32,42
146,185,32,42
146,185,32,42
146,185,32,42
146,185,32,42
146,185,32,42
146,185,32,42
146,185,32,42
146,185,32,42
146,185,32,42
146,185,32,42
146,185,32,42
146,185,32,42
146,185,32,42
146,185,32,42
146,185,32,42
146,185,32,42
146,185,32,42
146,185,32,42
146,185,32,42
146,185,32,42
146,185,32,42
146,185,32,42
146,185,32,42
146,185,32,42
146,185,32,42
146,185,32,42
146,185,32,42
223,177,37,49
200,176,42,57
182,174,49,61
161,181,51,54
144,183,48,58
129,183,50,62
115,183,46,60
104,182,44,60
94,183,42,55
88,183,43,53
81,180,43,53
77,178,43,51
77,175,41,51
78,175,38,47
79,174,37,44
83,173,37,43
86,173,34,39
92,170,35,39
98,168,35,41
103,167,34,42
112,168,34,45
120,172,32,45
130,174,30,47
142,176,33,48
149,181,28,48
149,181,28,48
149,181,28,48
149,181,28,48
149,181,28,48
149,181,28,48
149,181,28,48
149,181,28,48
149,181,28,48
149,181,28,48
149,181,28,48
149,181,28,48
149,181,28,48
149,181,28,48
149,181,28,48
149,181,28,48
149,181,28,48
149,181,28,48
149,181,28,48
149,181,28,48
149,181,28,48
149,181,28,48
149,181,28,48
149,181,28,48
149,181,28,48
149,181,28,48
149,181,28,48
149,181,28,48
149,181,28,48
149,181,28,48
149,181,28,48
149,181,28,48
149,181,28,48
149,181,28,48
149,181,28,48
149,181,28,48
149,181,28,48
149,181,28,48
149,181,28,48
149,181,28,48
149,181,28,48
227,227,31,48
211,227,38,47
196,231,34,42
179,234,22,46
148,217,28,50
126,215,33,47
111,206,39,50
99,197,43,54
89,189,48,56
80,185,47,56
74,178,46,56
72,174,43,55
69,170,45,53
65,166,50,53
63,165,49,53
65,168,47,50
66,165,47,53
71,165,44,54
76,167,42,53
80,169,41,54
86,175,42,55
94,185,43,53
104,189,43,56
116,191,44,62
128,193,46,65
144,197,41,67
165,203,38,61
177,212,47,60
198,212,52,53
210,209,54,61
233,207,58,66
252,193,58,75
281,172,53,83
292,171,50,79
316,174,52,72
332,166,54,68
349,148,51,71
358,133,56,76
368,127,58,73
375,118,62,66
375,117,68,61
386,112,57,56
389,108,59,56
388,106,59,55
387,104,59,56
385,104,58,59
389,104,55,58
388,106,53,62
383,104,58,63
381,111,55,62
367,114,62,66
354,119,65,69
344,124,62,68
335,132,59,75
330,150,52,68
305,159,60,74
287,169,64,72
267,172,68,74
250,183,60,66
230,182,63,70
215,182,64,69
195,185,65,64
173,174,65,71
164,176,57,65
151,178,57,60
138,179,55,53
130,172,52,57
120,168,52,53
113,156,52,61
112,149,49,62
108,146,47,61
105,144,47,61
104,142,45,56
102,141,44,57
101,141,44,54
104,139,44,57
105,141,41,56
110,140,40,57
115,139,39,60
114,139,46,61
124,143,40,60
135,144,37,64
137,148,40,64
149,153,33,60
161,149,30,61
168,152,33,63
177,156,32,62
189,162,32,59
197,167,36,55
208,167,35,55
219,167,32,56
227,155,31,65
237,153,28,63
244,155,28,60
249,151,30,62
255,148,30,61
262,146,29,61
267,142,29,62
269,143,29,60
272,141,31,60
277,141,31,60
279,140,28,64
280,139,28,66
284,134,26,66
285,137,27,63
284,133,27,65
283,134,29,69
282,136,28,65
281,136,29,65
284,139,28,64
283,139,31,67
285,137,31,68
285,136,31,67
287,136,31,68
290,136,31,67
294,138,34,63
301,138,30,60
303,135,31,62
310,133,32,62
316,129,32,62
323,130,31,62
328,132,33,62
334,135,33,61
340,137,35,61
345,141,35,60
351,147,34,61
357,149,34,63
358,154,38,65
366,163,36,61
371,172,36,60
373,179,36,59
374,183,36,62
375,195,36,59
376,198,35,60
373,209,36,55
367,212,38,54
362,217,39,53
359,219,37,52
350,222,39,50
347,221,39,53
338,223,39,48
329,223,42,46
323,225,37,47
322,231,34,43
322,231,34,43
322,231,34,43
322,231,34,43
322,231,34,43
322,231,34,43
322,231,34,43
322,231,34,43
322,231,34,43
322,231,34,43
322,231,34,43
322,231,34,43
322,231,34,43
322,231,34,43
322,231,34,43
322,231,34,43
324,214,27,46
324,214,27,46
324,214,27,46
324,214,27,46
324,214,27,46
324,214,27,46
324,214,27,46
324,214,27,46
324,214,27,46
324,214,27,46
324,214,27,46
324,214,27,46
324,214,27,46
324,214,27,46
324,214,27,46
324,214,27,46
324,214,27,46
324,214,27,46
324,214,27,46
324,214,27,46
324,214,27,46
324,214,27,46
324,214,27,46
324,214,27,46
324,214,27,46
324,214,27,46
324,214,27,46
324,214,27,46
324,214,27,46
324,214,27,46
324,214,27,46
324,214,27,46
324,214,27,46
324,214,27,46
324,214,27,46
324,214,27,46
324,214,27,46
324,214,27,46
324,214,27,46
324,214,27,46
324,214,27,46
324,214,27,46
324,214,27,46
324,214,27,46
324,214,27,46
324,214,27,46
324,214,27,46
324,214,27,46
240,184,31,50
224,199,42,47
239,202,45,45
254,203,42,46
267,206,33,40
273,202,40,45
277,190,47,52
287,182,52,63
298,186,65,61
305,180,54,67
320,187,36,61
333,187,33,64
332,182,45,67
326,176,60,73
329,178,56,74
343,183,47,69
356,182,38,70
358,183,31,68
354,186,42,66
354,184,53,67
354,184,59,66
353,189,58,59
355,190,52,62
359,193,38,60
362,195,33,58
352,195,41,59
345,195,49,61
334,196,55,61
331,199,49,60
331,201,44,54
327,201,35,56
327,207,28,53
326,214,28,45
324,221,27,39
322,229,22,32
322,229,22,32
322,229,22,32
322,229,22,32
322,229,22,32
322,229,22,32
322,229,22,32
322,229,22,32
322,229,22,32
322,229,22,32
322,229,22,32
322,229,22,32
322,229,22,32
322,229,22,32
322,229,22,32
322,229,22,32
322,229,22,32
322,229,22,32
322,229,22,32
322,229,22,32
322,229,22,32
322,229,22,32
322,229,22,32
322,229,22,32
322,229,22,32
322,229,22,32
322,229,22,32
322,229,22,32
322,229,22,32
322,229,22,32
322,229,22,32
322,229,22,32
322,229,22,32
322,229,22,32
322,229,22,32
322,229,22,32
322,229,22,32
322,229,22,32
322,229,22,32
322,229,22,32
322,229,22,32
322,229,22,32
322,229,22,32
258,196,29,36
246,214,28,42
260,208,35,41
287,199,40,47
310,192,47,52
311,176,47,69
327,171,43,71
331,171,41,72
339,170,44,73
350,171,48,72
358,171,57,71
363,169,66,69
369,172,70,65
373,173,68,58
382,174,70,57
384,170,67,61
387,168,62,65
391,175,52,65
391,178,45,63
390,181,42,62
387,185,40,60
379,187,43,60
374,191,44,60
365,195,51,62
354,198,54,60
347,203,52,56
340,207,48,54
335,211,43,55
326,211,38,61
321,212,28,58
321,212,28,58
321,212,28,58
321,212,28,58
321,212,28,58
321,212,28,58
321,212,28,58
321,212,28,58
321,212,28,58
321,212,28,58
321,212,28,58
321,212,28,58
321,212,28,58
321,212,28,58
321,212,28,58
321,212,28,58
321,212,28,58
321,212,28,58
321,212,28,58
321,212,28,58
321,212,28,58
321,212,28,58
321,212,28,58
321,212,28,58
321,212,28,58
321,212,28,58
321,212,28,58
321,212,28,58
321,212,28,58
321,212,28,58
321,212,28,58
321,212,28,58
321,212,28,58
321,212,28,58
321,212,28,58
321,212,28,58
321,212,28,58
321,212,28,58
321,212,28,58
321,212,28,58
321,212,28,58
321,212,28,58
321,212,28,58
321,212,28,58
321,212,28,58
321,212,28,58
321,212,28,58
321,212,28,58
321,212,28,58
321,212,28,58
230,204,40,51
213,182,51,59
223,177,64,65
232,177,72,70
248,176,81,70
262,177,82,71
277,182,78,71
291,185,69,73
305,187,58,76
319,194,47,75
332,196,40,77
347,200,35,75
354,204,39,79
353,205,47,79
353,209,57,77
353,214,67,83
354,218,69,81
356,225,70,79
359,227,65,80
366,232,60,75
374,234,52,75
378,238,49,72
384,238,43,72
389,241,33,69
388,248,32,64
382,250,37,61
379,247,41,64
376,243,46,69
371,243,54,68
370,243,59,71
367,245,67,69
364,245,68,70
361,247,65,69
363,247,61,70
358,241,56,69
357,238,49,72
359,234,37,70
357,234,31,67
356,230,27,67
350,223,32,70
343,222,41,70
333,216,49,75
327,212,55,78
318,210,61,73
308,204,67,73
301,199,68,77
300,200,64,72
297,197,58,73
295,194,61,74
294,195,58,74
294,195,55,74
295,195,48,69
296,194,40,70
289,187,36,72
281,184,35,72
270,180,41,74
259,180,49,71
252,173,52,74
245,174,59,69
238,170,64,72
232,169,65,69
229,164,63,71
226,165,62,69
222,170,62,61
219,165,58,62
216,162,50,65
216,163,40,62
217,162,32,64
217,163,27,60
217,159,29,64
211,157,35,65
206,159,42,63
199,158,51,66
195,160,56,67
191,160,61,71
187,162,62,68
188,165,58,69
186,166,62,70
182,169,64,66
194,169,51,68
196,170,47,67
202,170,40,66
205,169,35,65
205,169,35,65
207,173,29,61
207,173,29,61
207,173,29,61
207,173,29,61
214,167,19,56
211,166,20,51
210,169,21,47
209,168,22,50
207,165,24,50
206,162,26,51
205,160,27,51
207,156,25,50
202,154,29,58
202,147,31,64
200,142,32,65
200,134,32,70
201,132,33,68
199,130,34,71
197,125,35,69
196,121,36,69
194,119,38,71
194,118,38,71
190,119,41,70
189,118,40,73
188,121,43,73
184,122,45,75
184,127,45,75
184,131,44,78
180,136,46,75
177,146,48,76
177,153,48,77
172,164,50,77
170,171,54,80
167,180,61,87
161,190,57,82
158,194,56,87
140,196,69,91
138,203,73,83
139,207,65,83
134,205,68,83
135,201,64,85
130,199,63,84
130,193,61,84
125,192,62,82
122,189,62,81
119,185,61,80
115,182,63,79
114,180,61,78
110,180,62,68
107,176,63,72
106,176,62,72
103,177,64,70
105,177,63,69
103,180,64,70
105,184,64,69
102,184,66,71
106,190,66,68
111,189,68,67
114,192,68,66
119,191,64,66
126,193,64,68
131,195,65,70
139,195,70,81
143,195,74,80
146,201,87,81
153,203,110,76
144,194,119,89
145,190,121,87
147,192,122,87
154,188,125,90
183,186,105,92
222,181,82,88
245,178,66,84
255,173,71,79
265,170,73,77
273,168,80,80
285,168,75,83
297,169,73,80
312,169,65,81
315,168,65,81
320,177,64,79
328,176,60,78
329,181,59,80
329,185,63,80
327,185,56,82
323,187,61,80
316,189,65,81
315,191,64,82
309,195,62,81
303,204,63,77
284,206,67,77
264,211,73,75
244,204,72,85
220,208,81,85
208,207,78,84
185,203,84,87
157,204,102,83
143,200,123,83
123,179,142,99
104,180,164,94
87,182,182,98
69,184,208,91
63,180,225,95
63,180,225,95
63,180,225,95
63,180,225,95
63,180,225,95
63,180,225,95
114,178,215,99
114,178,215,99
96,183,201,98
120,169,174,108
126,179,153,93
126,170,124,105
129,180,128,92
128,182,128,86
32,152,111,83
127,198,124,77
134,198,118,75
102,185,144,86
124,172,128,105
136,178,127,96
135,179,121,97
132,183,118,94
134,181,117,95
134,186,131,89
137,182,141,91
205,177,122,83
221,172,109,74
255,169,91,68
278,161,82,69
292,151,77,69
306,147,76,70
312,142,72,69
324,141,68,67
332,138,62,67
340,135,60,71
346,137,62,70
348,137,61,68
349,140,59,67
348,139,58,71
345,142,56,73
337,145,57,74
330,150,55,73
325,152,50,79
310,162,54,78
295,166,56,76
276,168,57,78
260,174,56,79
238,181,63,78
210,180,75,86
195,181,77,91
173,185,79,95
153,188,104,98
136,189,126,101
120,178,151,114
101,176,170,114
85,169,186,119
72,170,221,123
62,169,228,122
74,167,244,140
50,160,226,132
106,162,224,149
58,150,226,149
133,171,190,155
131,165,172,160
126,167,146,123
131,180,127,112
134,188,125,101
138,194,120,96
133,211,127,75
132,212,126,73
128,210,125,72
133,208,123,76
53,212,111,76
146,206,111,75
109,220,101,77
126,226,82,73
136,226,81,72
162,209,88,92
167,216,88,91
206,215,76,84
223,219,81,80
251,214,72,77
267,211,79,71
291,204,72,72
309,196,72,69
326,187,68,74
338,177,67,73
349,173,67,70
360,166,68,68
368,160,66,69
375,155,68,69
383,153,63,66
384,150,65,68
387,149,61,68
387,148,60,70
383,150,62,69
376,152,62,69
369,156,59,70
361,161,59,71
353,165,57,72
340,174,59,74
333,179,51,78
320,190,47,75
302,202,48,70
284,204,45,73
270,214,48,63
263,212,49,68
256,211,47,72
228,211,54,70
208,213,57,73
184,216,70,73
139,218,85,71
145,214,113,74
134,206,132,83
137,212,129,77
144,213,121,82
142,217,120,76
143,214,119,77
142,212,125,81
142,216,126,75
142,214,123,76
140,214,124,75
139,210,121,79
138,210,123,77
137,210,126,75
133,210,134,77
136,214,125,71
137,210,119,77
136,214,122,75
134,215,123,75
134,216,126,75
137,217,124,76
133,217,122,75
135,221,124,73
133,220,125,73
135,220,122,75
137,205,128,90
132,197,127,99
138,191,118,102
137,185,130,107
137,206,136,85
133,217,119,77
240,183,90,85
273,176,74,86
291,171,71,84
308,171,66,83
329,170,60,75
335,165,64,78
346,163,63,77
356,161,60,78
364,159,61,71
366,156,64,74
370,160,62,73
369,160,63,74
368,157,62,77
365,164,61,73
360,166,61,73
355,170,60,78
345,176,63,80
331,181,69,81
322,184,63,82
300,193,69,81
284,199,67,77
259,206,70,74
241,209,70,78
217,209,76,82
196,210,78,77
176,217,79,72
150,212,87,66
131,208,91,75
118,209,83,74
99,207,84,72
84,204,85,70
74,198,84,74
63,201,84,67
56,201,80,64
52,199,78,65
46,200,81,66
42,193,78,72
39,200,80,69
41,200,77,68
46,205,79,69
55,208,76,68
64,210,72,70
77,212,69,74
87,213,68,78
100,220,66,80
116,224,68,77
132,229,61,68
154,236,56,61
171,239,52,74
184,237,52,76
209,242,43,69
231,250,37,64
250,248,30,61
271,245,27,62
288,246,20,55
304,250,22,48
318,248,32,45
328,243,39,46
339,230,40,52
346,218,43,58
353,207,46,64
361,201,47,66
366,195,46,67
368,188,51,71
369,183,53,71
373,182,55,71
373,184,53,67
370,179,54,70
370,182,57,64
367,181,57,64
360,182,58,65
353,183,59,66
346,183,58,62
337,182,58,65
330,185,58,61
322,181,55,64
310,183,59,65
297,188,59,61
289,189,58,58
273,191,55,55
265,190,49,58
251,189,58,63
233,188,65,69
226,188,61,67
224,187,64,64
218,186,55,69
211,184,58,69
202,187,63,67
191,185,55,64
180,181,58,65
171,183,58,58
163,180,56,62
157,182,53,59
152,181,50,60
146,182,51,59
144,179,49,64
139,180,51,66
137,182,54,65
133,180,55,67
133,180,59,68
132,180,59,68
137,180,55,69
138,184,60,66
140,185,61,65
143,186,60,65
148,189,59,63
149,191,57,60
153,193,59,56
159,192,60,56
162,193,64,60
165,185,64,66
173,184,64,68
177,183,60,65
183,186,55,67
188,189,59,66
190,187,62,66
193,184,67,67
196,183,69,64
198,182,73,68
200,182,71,66
200,180,72,68
203,180,72,74
204,182,73,69
205,184,75,65
202,183,72,65
200,181,71,65
200,181,68,67
196,179,79,68
195,180,73,64
191,178,83,70
187,177,79,66
185,177,66,65
179,178,65,68
177,176,61,65
171,172,66,69
167,174,66,70
160,174,65,68
157,175,68,67
153,173,67,70
147,173,68,67
144,173,67,68
143,174,61,69
138,175,62,71
135,173,63,71
133,174,62,71
127,175,64,69
126,174,62,70
125,173,63,72
123,174,61,70
124,174,60,72
123,175,58,73
122,176,58,72
122,175,57,74
124,179,55,70
123,174,56,76
125,175,55,77
125,175,55,77
126,186,53,67
129,181,53,71
131,183,51,70
133,182,54,72
135,175,53,76
126,182,65,70
124,177,70,74
127,180,66,72
128,183,57,74
134,182,41,74
139,184,35,71
142,184,40,70
139,181,50,70
135,178,59,70
125,179,70,65
125,175,75,69
130,172,72,72
142,174,59,69
151,174,46,71
165,175,31,69
166,175,34,65
174,173,42,66
173,173,53,68
168,168,65,74
170,169,67,73
176,169,61,73
181,172,55,74
188,176,45,70
202,176,35,75
210,178,40,73
212,180,47,73
213,178,60,75
213,177,70,75
215,176,73,71
225,175,69,72
238,175,62,69
255,177,49,69
269,178,37,66
283,180,28,64
288,183,29,60
292,174,35,65
300,174,43,65
303,171,50,66
307,171,59,65
311,171,55,64
315,169,52,67
321,170,42,65
327,173,39,67
331,173,37,67
332,174,36,66
332,174,38,67
333,175,38,68
330,175,42,67
326,179,43,65
318,180,47,65
310,183,50,66
300,188,54,64
292,179,53,71
289,174,45,75
283,175,48,75
274,191,33,63
260,198,26,57
246,194,27,56
228,196,37,58
209,194,48,56
191,189,56,58
171,182,61,63
157,182,64,61
143,179,57,61
129,173,56,65
117,172,53,62
109,169,48,63
100,168,44,61
92,161,45,64
83,159,54,65
79,154,58,62
77,157,59,57
78,154,58,52
75,149,61,53
76,147,65,54
76,143,67,57
81,140,71,60
91,134,70,66
100,133,67,66
112,129,60,71
133,132,44,72
145,133,34,74
153,142,31,64
162,144,33,60
170,149,40,54
181,143,48,56
185,140,58,60
192,144,66,52
204,140,68,56
211,133,68,65
216,132,68,63
223,133,61,60
230,128,58,60
233,131,55,55
237,128,48,55
242,127,44,55
243,125,42,55
243,125,38,57
241,123,35,61
238,126,35,62
231,132,35,59
224,139,35,57
210,138,40,60
197,135,45,62
181,136,54,62
163,136,59,64
148,139,63,63
137,134,65,64
124,134,65,63
115,131,65,62
109,128,62,62
106,125,60,61
101,123,59,54
100,120,59,52
99,118,56,51
100,113,53,53
101,109,50,55
104,107,47,54
107,109,48,56
110,113,47,50
112,114,49,51
117,117,48,52
124,124,48,56
133,127,46,59
141,134,43,61
151,142,42,58
160,150,45,55
177,149,43,57
187,156,53,50
206,146,53,58
219,140,60,61
232,134,64,59
244,128,65,57
253,123,66,55
270,124,68,51
279,121,66,52
287,119,67,53
295,117,64,55
298,117,64,53
305,114,59,58
304,121,59,53
300,122,62,52
298,128,58,51
296,132,56,52
285,134,57,55
277,136,53,60
263,142,64,65
247,150,49,64
227,166,50,55
205,172,51,52
182,168,51,61
166,169,45,61
141,163,44,66
118,154,51,73
98,151,45,70
84,147,54,67
65,145,52,62
49,136,62,65
39,133,65,64
28,127,63,59
20,123,62,57
16,117,61,54
14,116,61,51
12,115,62,50
10,110,65,54
11,112,67,51
11,111,65,52
16,111,61,51
18,111,62,57
24,115,63,59
32,115,60,61
40,120,63,63
49,125,66,67
61,135,73,65
71,138,76,76
84,148,85,83
103,153,84,87
122,164,94,85
147,171,89,79
175,181,86,81
203,184,83,84
226,187,81,85
256,169,74,99
276,170,75,92
299,172,64,93
322,174,55,85
337,179,57,78
348,178,58,74
362,177,54,72
376,176,52,75
385,177,47,73
392,181,45,73
399,184,42,67
402,185,41,68
405,189,41,65
410,190,33,66
411,195,30,63
406,197,33,60
405,197,33,63
403,196,32,62
400,194,34,62
398,195,36,61
396,193,36,57
395,195,36,58
388,192,39,54
386,189,40,51
383,186,42,49
379,184,43,50
380,180,42,48
377,179,43,46
375,176,45,42
372,177,46,41
369,176,46,40
368,175,48,41
366,176,49,41
368,178,49,43
365,179,51,46
365,183,51,49
361,186,53,50
360,189,56,55
357,194,56,61
355,200,59,61
354,200,57,64
351,200,60,69
349,196,61,74
347,191,60,78
343,183,59,78
342,171,56,81
339,158,56,74
335,138,54,82
334,119,48,85
335,110,45,84
329,84,43,92
325,58,43,104
326,44,44,106
320,35,51,103
318,24,59,108
317,25,62,104
311,31,70,94
285,63,76,76
289,77,91,73
288,76,94,85
289,100,98,89
298,128,89,85
295,151,90,88
300,152,89,102
307,177,79,96
312,196,84,90
321,209,78,78
329,216,71,79
342,223,62,70
349,229,51,69
361,228,42,68
367,227,37,62
374,226,28,60
381,225,23,54
385,221,22,51
387,222,22,47
386,219,22,48
388,218,25,50
391,213,32,50
390,222,33,46
390,225,28,49
390,233,24,53
387,237,23,51
385,248,25,51
380,257,27,53
372,260,33,55
367,261,38,64
357,251,45,60
344,252,51,73
332,242,59,81
317,230,67,86
301,222,75,84
290,215,84,86
283,209,93,78
270,210,94,71
266,205,98,70
254,190,103,69
253,174,97,71
244,165,98,70
243,162,93,67
240,158,91,67
238,151,85,69
241,148,82,75
242,148,74,78
244,161,67,72
250,169,61,77
259,181,52,76
260,206,55,71
258,208,57,80
276,226,44,79
286,238,44,75
295,242,51,78
305,245,51,77
315,254,57,69
324,253,57,67
327,250,60,71
339,245,56,72
342,241,57,65
349,230,54,65
354,225,55,60
357,217,55,52
364,210,51,50
367,204,48,49
371,199,46,45
373,193,44,44
374,186,41,41
377,183,37,38
378,181,35,37
383,179,30,34
385,178,27,34
386,179,25,32
387,177,22,34
389,179,20,34
389,184,20,32
389,189,19,32
389,195,20,31
388,199,21,34
383,204,26,39
380,212,30,43
372,217,36,49
365,223,42,56
360,230,45,59
352,237,49,62
342,241,52,65
336,248,55,75
324,249,60,85
313,250,66,88
293,246,79,85
274,241,87,89
259,229,93,93
242,222,98,90
229,214,98,81
218,194,95,78
207,172,101,78
189,162,112,66
190,141,103,72
175,124,109,72
175,112,108,74
176,100,102,82
176,95,95,87
175,91,91,91
180,91,88,97
182,105,88,87
182,113,85,95
201,137,72,90
206,167,72,76
222,178,65,90
232,203,59,78
251,219,47,76
259,230,48,74
279,241,39,68
291,238,37,67
303,237,44,70
315,234,44,71
321,230,45,69
329,221,52,70
336,217,55,65
343,211,56,61
345,207,52,56
351,203,47,54
359,198,40,53
367,195,32,47
376,192,26,40
381,189,28,34
379,185,34,35
380,181,38,36
378,179,41,39
377,177,45,40
379,181,45,39
382,184,39,41
386,186,35,45
390,189,30,48
392,195,26,52
392,203,26,51
387,213,33,49
384,217,42,53
379,227,53,56
374,238,61,60
368,245,65,67
360,248,67,72
350,249,69,77
348,253,63,79
334,254,57,78
329,245,54,89
315,234,44,93
299,230,51,83
286,214,58,90
248,191,70,92
231,172,83,90
215,151,84,87
195,128,93,80
168,108,112,66
143,79,113,66
133,57,114,77
128,22,95,104
132,14,88,110
123,7,82,120
120,9,81,116
114,3,73,117
104,11,72,112
98,28,77,102
82,54,87,88
74,83,87,73
72,93,102,79
70,110,81,84
65,129,84,82
68,146,71,82
72,166,63,88
75,195,50,83
76,216,40,81
81,235,36,80
81,239,36,85
87,245,40,83
85,247,44,75
75,245,55,71
73,244,59,64
71,241,59,65
71,239,59,59
70,232,60,57
73,226,57,54
75,219,52,52
77,210,47,51
85,209,38,50
87,205,29,47
88,203,25,48
88,202,22,48
85,201,25,45
81,200,32,44
78,199,40,40
69,201,50,42
65,201,53,43
59,202,57,47
54,204,58,48
53,209,58,46
48,215,50,48
45,221,44,50
43,226,36,53
40,229,29,57
36,231,31,63
31,231,38,63
30,226,41,63
26,224,46,66
22,215,50,74
33,206,42,77
34,194,45,76
26,179,57,77
29,161,60,77
42,145,57,73
52,122,49,77
39,98,65,78
47,70,68,83
64,42,63,90
81,20,63,105
88,13,80,99
95,6,94,95
105,8,107,81
115,12,110,70
129,20,104,64
142,23,117,75
155,33,94,89
170,44,79,93
184,80,91,95
196,103,84,104
217,130,64,104
224,172,65,94
229,192,64,96
230,207,56,103
231,210,51,116
229,228,48,109
220,241,48,99
205,256,51,88
190,259,57,82
175,269,59,74
164,271,63,66
154,266,67,69
151,262,62,66
134,260,66,65
124,257,65,63
112,258,63,66
100,256,62,66
91,254,61,65
80,251,58,69
69,246,52,68
61,246,48,70
42,248,48,69
23,240,49,77
2,245,44,75
1,236,39,75
1,234,32,69
1,234,32,69
1,234,32,69
1,234,32,69
1,234,32,69
1,234,32,69
1,234,32,69
1,234,32,69
1,234,32,69
1,234,32,69
1,234,32,69
1,234,32,69
1,234,32,69
1,234,32,69
1,234,32,69
1,234,32,69
2,222,41,69
2,221,53,68
13,223,51,59
30,224,50,60
38,225,53,57
55,221,48,56
71,216,40,55
84,211,35,55
90,209,38,49
101,208,35,43
113,203,31,39
123,198,27,33
124,197,27,34
126,193,30,31
127,192,30,33
129,186,33,34
129,185,37,33
130,183,44,34
131,182,45,34
129,183,45,35
129,187,46,33
127,188,46,36
123,192,49,39
119,192,53,47
113,198,53,51
106,202,49,54
93,205,49,60
82,211,43,63
67,215,41,65
49,217,39,66
24,217,43,74
3,217,51,78
-5,219,40,76
-5,219,40,76
-5,219,40,76
-5,219,40,76
-5,219,40,76
-5,219,40,76
-5,219,40,76
-5,219,40,76
-5,219,40,76
-5,219,40,76
-5,219,40,76
-5,219,40,76
-5,219,40,76
-5,219,40,76
21,123,49,69
48,133,43,67
52,139,51,70
47,179,65,72
73,192,74,89
99,194,94,97
143,198,97,109
191,212,107,108
231,220,89,109
281,230,75,93
320,231,67,98
342,227,68,100
365,227,65,95
387,222,60,91
403,216,58,80
415,207,53,76
420,199,51,74
426,190,50,68
432,184,47,61
434,178,45,58
431,169,46,58
429,161,46,58
427,163,43,51
420,161,44,48
416,161,46,47
406,164,50,47
396,164,51,50
387,168,55,51
373,174,57,53
358,183,61,56
345,189,68,59
329,199,70,59
307,210,75,63
280,219,79,58
245,228,78,57
214,232,83,63
163,225,87,71
118,217,90,74
73,204,87,86
31,189,94,84
2,171,82,83
136,20,68,95
136,20,68,95
136,20,68,95
136,20,68,95
136,20,68,95
136,20,68,95
136,20,68,95
136,20,68,95
136,20,68,95
136,20,68,95
136,20,68,95
136,20,68,95
136,20,68,95
136,20,68,95
136,20,68,95
136,20,68,95
136,20,68,95
136,20,68,95
136,20,68,95
-2,93,57,79
1,111,60,79
10,133,69,77
32,149,66,87
49,164,73,86
79,185,72,77
103,192,69,67
130,196,66,65
161,202,54,69
188,200,41,70
207,190,49,68
224,182,58,71
229,175,64,73
254,167,63,63
268,161,62,65
279,151,67,72
292,151,65,67
301,151,64,64
305,147,66,68
309,149,65,67
306,151,65,67
301,152,67,64
291,149,73,72
281,154,79,70
267,155,87,73
253,161,90,74
237,166,88,78
218,174,90,86
208,177,95,89
193,175,99,89
176,177,107,97
158,185,93,91
131,190,96,90
111,196,73,85
90,201,67,83
71,201,67,88
54,200,66,83
44,191,64,83
39,180,65,85
38,176,63,81
35,173,66,76
34,177,68,64
33,171,74,66
34,173,75,58
40,170,78,59
44,169,79,60
52,169,76,61
61,170,75,64
68,173,77,63
83,175,70,66
101,183,66,58
117,184,61,61
134,183,61,64
148,190,54,59
169,194,48,56
189,197,37,55
208,198,33,51
224,201,33,55
234,192,39,62
242,184,44,67
250,176,47,73
261,170,50,71
265,164,59,68
268,152,63,71
270,149,69,67
266,129,79,74
265,122,85,79
258,116,93,71
248,112,93,65
238,105,97,66
226,99,98,66
210,92,86,71
200,85,84,77
181,91,75,73
160,96,72,71
142,98,73,77
115,105,70,86
92,107,63,89
73,117,68,84
53,126,78,85
39,133,85,81
28,140,87,80
17,140,94,82
21,139,87,87
15,145,94,77
26,140,88,82
34,148,84,74
41,151,80,70
49,153,81,67
63,159,71,60
76,163,65,58
91,156,61,62
104,156,54,65
116,158,50,65
136,162,43,64
151,166,38,61
166,169,35,60
178,175,35,62
192,180,31,57
203,185,28,54
214,190,31,51
224,190,37,55
231,185,44,64
236,180,52,70
241,177,59,75
248,172,63,77
249,170,70,79
250,165,77,83
248,164,82,77
241,159,92,80
229,150,98,83
228,148,93,78
212,139,105,78
197,137,105,77
176,132,100,77
158,131,91,74
130,130,101,71
111,133,91,83
90,136,86,81
62,147,77,81
41,150,73,85
27,148,69,91
9,154,75,89
6,158,70,90
5,159,65,90
5,165,66,81
5,170,67,74
7,171,66,77
7,171,70,78
14,172,72,78
14,172,80,79
26,181,78,69
39,184,76,60
58,187,69,58
72,191,70,55
86,188,65,60
106,193,56,54
124,193,48,55
137,193,48,60
157,194,41,61
169,203,38,56
187,207,32,55
201,212,31,54
208,213,35,59
222,213,33,63
226,212,41,68
233,222,46,65
238,217,51,73
241,212,59,81
240,209,61,86
238,209,69,86
233,206,79,88
228,204,89,88
224,208,92,87
216,203,97,88
208,198,99,92
189,193,114,95
166,182,118,96
145,184,117,91
125,175,108,93
103,173,110,97
79,173,96,98
59,176,83,93
42,180,70,91
15,179,78,91
6,178,81,95
1,177,79,100
3,182,73,89
2,182,69,93
-1,194,72,84
3,197,73,84
4,196,75,86
10,203,83,85
23,203,84,85
29,209,90,78
41,207,88,80
58,211,85,75
82,211,78,74
101,213,72,70
123,211,66,66
142,211,61,62
165,207,50,63
183,206,44,64
203,202,35,60
216,202,35,56
225,196,40,60
226,192,45,61
232,185,53,67
235,185,56,66
251,191,47,57
253,185,49,64
254,183,56,67
254,182,57,71
248,186,64,68
239,188,72,74
231,193,82,79
225,199,88,89
216,210,88,91
200,215,99,96
177,217,101,93
157,218,93,102
132,220,88,91
110,223,80,92
84,229,75,94
67,231,72,99
43,236,60,98
22,234,68,103
5,236,74,101
3,239,71,89
1,237,66,82
4,229,58,86
3,225,59,91
2,223,63,86
5,225,64,81
9,226,66,71
13,223,69,75
31,218,59,77
36,211,61,79
38,207,71,81
42,207,77,76
57,204,74,73
72,201,69,68
88,198,64,68
101,194,56,64
119,183,46,70
136,172,39,71
147,168,35,65
158,168,32,60
164,161,34,57
169,148,36,60
174,141,36,60
176,130,42,65
176,115,46,74
175,112,53,74
177,113,61,66
177,116,65,60
173,117,73,54
168,110,77,59
167,106,76,62
162,100,77,69
159,98,79,71
151,100,75,66
145,101,75,67
141,106,73,63
136,104,84,69
134,105,90,69
127,102,96,70
125,101,100,71
105,105,75,73
118,105,63,67
115,101,50,71
121,99,41,72
118,98,46,72
114,98,54,69
112,96,59,67
110,95,66,71
108,93,69,70
108,92,72,70
110,87,74,69
114,88,69,68
119,85,64,70
124,82,61,71
128,77,59,74
136,80,46,69
141,80,39,70
143,76,34,71
141,75,34,73
135,74,35,71
126,72,39,73
123,76,46,67
116,70,54,70
115,75,59,65
111,75,64,65
112,73,64,65
105,77,73,60
102,72,80,65
98,76,78,64
96,73,77,71
92,79,73,67
90,82,67,68
90,84,57,68
91,85,46,70
89,96,36,67
88,103,33,65
86,105,38,66
84,102,44,71
77,104,52,73
68,107,66,72
63,109,72,74
57,108,75,76
55,109,74,77
56,109,71,73
55,105,69,75
57,108,69,71
61,107,61,71
67,109,51,65
72,109,43,62
72,107,34,63
70,110,32,62
65,111,31,62
63,108,37,63
57,105,47,70
58,105,54,74
52,106,64,78
53,108,70,77
54,106,73,82
53,113,82,77
55,113,82,84
57,117,87,83
61,120,79,83
73,123,69,85
79,125,59,86
86,132,52,80
98,130,45,80
110,137,39,74
116,134,48,78
122,129,54,81
125,123,60,86
124,122,73,87
125,120,83,86
127,116,86,88
128,114,91,90
129,108,90,93
135,105,88,101
145,109,80,99
140,113,84,97
147,112,73,98
147,116,70,96
153,119,58,97
160,125,44,98
149,132,46,99
139,132,44,97
127,143,54,94
116,145,62,100
106,142,74,110
98,146,81,112
88,152,93,115
86,155,95,112
82,156,99,113
77,164,102,109
74,161,104,113
75,167,96,104
75,169,87,105
82,168,77,107
89,164,63,112
93,168,49,108
101,170,47,112
104,170,55,113
98,161,69,124
94,161,80,127
87,161,102,127
81,158,111,123
78,158,119,127
79,157,120,126
82,153,121,129
83,154,124,133
91,149,117,131
99,148,104,128
111,149,91,134
123,149,79,132
131,147,65,136
130,141,57,141
124,142,57,135
114,147,67,130
107,146,76,136
102,149,89,129
94,152,100,125
93,150,109,131
91,145,119,126
92,148,123,127
85,149,134,124
86,152,131,122
92,148,118,127
97,149,104,124
104,153,88,125
106,147,70,128
107,149,59,123
113,152,50,126
114,148,55,128
108,153,70,129
97,151,80,123
95,149,90,132
84,155,106,120
80,148,115,128
77,152,124,117
74,146,126,126
77,141,119,130
81,143,119,125
91,149,113,118
101,142,102,124
113,143,91,128
123,144,75,130
131,142,66,128
134,144,60,129
134,144,59,131
134,145,57,133
129,146,54,131
123,145,63,131
122,155,71,117
113,156,89,121
113,148,97,125
110,149,110,121
104,154,118,127
112,150,122,123
107,149,130,129
107,153,126,125
108,147,126,126
112,147,113,127
116,148,102,131
121,151,81,121
125,162,58,112
133,154,48,122
133,152,48,127
128,148,56,131
119,151,71,130
109,152,86,127
99,150,101,127
87,156,117,120
81,156,119,117
80,158,125,119
75,158,125,118
77,157,126,123
82,161,118,121
95,159,104,122
