383,17,254,341
385,22,226,344
396,17,209,344
380,-6,218,364
395,22,197,338
400,17,178,349
379,7,191,360
373,11,196,346
381,18,180,350
386,-5,163,343
385,1,153,332
386,17,151,323
386,24,161,330
388,28,142,325
384,34,135,317
390,27,117,319
393,29,111,306
389,25,109,306
392,35,106,296
393,33,94,293
390,35,97,274
387,29,97,282
384,26,93,282
387,25,93,276
379,21,96,281
379,17,95,290
380,17,89,292
377,18,95,277
372,20,98,268
373,24,98,267
378,25,89,261
380,26,88,262
374,28,97,259
373,28,102,259
377,33,96,257
380,32,92,262
382,32,86,254
375,33,91,257
359,39,108,279
340,31,130,311
331,27,145,331
321,32,168,315
334,32,156,316
323,17,180,333
364,15,183,340
358,29,147,312
347,31,134,312
351,25,133,317
360,40,115,329
361,33,125,338
354,24,145,336
362,36,129,331
382,27,108,332
377,42,104,320
375,32,114,327
379,46,116,314
381,32,118,319
380,39,120,308
384,42,121,299
385,40,112,305
386,40,121,306
384,27,116,314
384,36,106,304
388,36,120,299
387,32,114,308
389,41,98,289
390,39,97,299
388,30,93,307
386,31,96,291
383,39,94,268
386,34,92,283
378,37,105,307
383,32,97,306
386,28,113,313
387,16,169,334
378,10,188,340
379,10,184,343
378,17,172,344
377,28,150,340
368,27,152,338
363,35,154,326
357,26,152,324
342,24,156,336
311,19,185,335
316,13,170,326
309,19,181,321
308,10,171,321
303,19,170,330
306,22,164,316
303,15,162,325
284,14,182,331
296,24,173,324
287,22,172,334
283,19,177,328
273,18,185,335
274,25,178,330
280,21,181,320
279,20,194,328
285,16,183,325
285,26,190,321
262,20,202,334
275,24,208,318
252,21,211,328
297,19,187,317
322,13,164,330
356,20,131,322
362,33,121,316
272,22,115,338
388,38,103,315
382,35,105,326
390,38,97,309
383,51,105,307
395,46,99,305
394,37,101,313
392,40,102,309
390,45,111,307
389,54,117,297
384,36,121,313
386,49,132,303
385,42,137,297
387,45,139,298
392,41,131,305
392,40,130,303
386,41,168,306
378,31,188,319
377,34,206,318
343,11,247,334
340,18,261,325
343,26,264,322
326,38,270,307
292,24,310,327
271,21,344,336
237,25,373,331
230,17,387,337
222,30,404,331
267,29,346,318
250,22,349,329
229,18,370,334
242,27,362,324
227,28,378,341
262,-11,345,343
230,38,375,325
285,7,325,332
270,32,344,329
283,15,337,337
248,8,359,337
255,17,361,333
213,18,385,338
194,17,417,335
190,8,427,343
206,20,420,319
204,29,406,342
215,8,401,343
235,13,364,353
239,19,381,326
236,6,379,342
266,26,323,331
268,4,318,332
277,14,320,326
280,12,329,332
282,9,321,342
293,16,289,325
292,21,303,325
281,9,314,332
283,11,321,323
283,15,327,332
294,24,308,318
295,24,319,323
302,1,317,339
297,29,295,320
298,20,310,331
303,17,318,337
301,4,294,311
312,19,284,327
312,9,306,339
314,27,304,327
315,15,288,278
333,25,237,311
323,26,263,315
331,10,265,335
335,10,263,336
320,2,291,309
328,7,269,263
354,67,225,210
368,85,218,161
375,92,220,150
367,82,246,161
376,85,227,164
373,90,225,154
380,90,205,155
375,92,206,154
363,68,221,181
371,80,208,174
364,92,228,164
386,79,194,172
387,82,197,173
397,97,183,161
404,86,161,164
380,93,194,163
378,85,203,181
394,61,181,225
400,50,175,243
407,45,169,268
408,35,155,301
412,33,157,311
411,34,147,314
416,34,142,316
413,28,153,319
413,26,171,319
408,29,178,318
405,25,176,312
401,29,179,305
404,27,171,309
401,30,168,302
409,31,161,308
408,37,155,293
415,41,144,283
418,44,139,268
420,38,135,278
421,16,140,299
413,24,144,275
419,36,136,271
413,39,142,277
411,44,136,282
413,30,133,323
425,39,119,300
427,43,115,311
427,42,119,307
423,45,126,305
424,42,128,311
423,35,128,313
420,37,131,318
422,38,127,308
424,35,136,317
421,30,135,314
417,29,148,325
415,41,145,310
419,35,139,313
411,27,150,326
414,35,146,320
410,31,151,322
411,27,151,328
415,40,148,307
420,35,142,312
419,42,156,305
413,37,162,314
416,48,156,305
422,28,154,323
420,55,152,298
422,40,155,312
421,40,161,312
420,45,151,306
420,36,176,318
420,35,179,315
415,37,175,317
418,54,189,307
423,34,150,313
427,33,149,323
429,46,147,308
428,35,135,319
425,17,146,341
426,35,177,321
425,54,179,307
429,71,171,286
414,62,192,290
427,43,156,314
424,42,123,313
423,60,132,304
415,20,148,336
421,34,140,314
427,34,132,320
425,36,135,325
419,39,143,321
425,29,142,326
424,38,132,314
423,43,130,315
424,57,140,303
423,16,125,341
428,37,132,324
428,16,123,343
425,37,133,320
430,43,133,320
426,51,125,306
430,57,131,307
428,40,135,315
431,41,132,315
428,41,135,315
428,56,142,300
431,54,135,306
429,52,135,303
429,54,134,301
431,15,130,330
429,30,137,315
432,36,134,314
430,35,132,314
428,13,137,339
425,6,138,350
427,4,136,347
431,10,137,350
424,18,140,342
429,22,164,331
435,44,178,309
438,50,176,302
433,60,181,294
433,48,181,305
432,49,175,302
432,50,161,308
432,37,156,319
431,52,155,305
428,38,145,316
421,29,155,326
423,22,153,330
423,22,135,325
419,30,148,318
423,51,144,292
417,15,149,330
420,34,140,307
423,30,142,320
422,32,152,318
420,28,149,326
425,14,142,328
419,22,150,316
425,20,143,322
432,36,136,295
429,33,137,299
429,32,140,275
430,44,137,248
421,45,146,256
423,47,144,268
419,35,142,313
405,39,158,310
412,22,161,332
395,24,175,327
381,27,191,313
384,22,186,323
376,34,191,310
369,19,203,334
379,14,192,335
374,16,190,341
356,17,214,336
366,11,198,333
358,19,205,341
378,9,183,341
349,12,220,338
349,9,225,342
366,26,207,301
347,19,225,338
348,16,201,316
335,16,222,331
337,20,203,329
347,16,195,331
331,21,211,314
329,19,226,322
321,18,221,322
325,17,264,333
330,19,243,329
335,28,233,320
346,12,230,329
324,18,267,326
347,12,229,342
354,30,239,327
365,10,202,336
397,10,156,346
420,16,141,331
418,16,147,339
413,51,169,309
414,21,161,322
425,34,135,310
425,31,127,315
423,34,127,310
426,41,128,304
429,41,129,306
424,28,128,323
427,28,130,321
428,30,129,316
428,33,127,300
426,31,140,321
425,27,132,319
425,29,135,319
427,18,132,318
424,19,139,326
427,16,158,324
423,28,136,313
430,30,157,308
432,33,124,315
431,18,124,323
433,30,130,304
430,42,144,291
428,41,166,305
420,23,161,316
419,19,191,336
415,24,188,323
415,17,157,318
418,14,153,320
417,22,151,321
419,20,157,319
416,28,149,317
424,17,134,303
417,11,141,324
415,20,145,302
418,26,136,292
425,19,128,304
429,10,122,321
421,17,125,334
419,17,132,327
420,15,135,332
419,33,131,309
420,23,126,282
420,40,123,256
426,41,116,235
422,51,125,222
421,45,124,221
423,46,117,218
420,54,121,205
416,49,123,206
421,56,120,210
419,47,119,211
423,59,112,200
424,57,112,206
424,52,112,202
423,51,111,204
423,54,115,199
423,56,108,196
426,57,108,195
421,64,108,190
426,60,102,197
421,53,103,211
421,51,109,210
420,59,108,200
420,55,111,200
419,50,105,209
418,56,108,198
415,53,113,198
418,57,109,193
416,57,108,191
415,51,109,201
417,54,109,199
422,54,98,200
423,57,98,196
423,53,99,202
423,49,97,208
426,50,97,218
423,47,100,204
421,60,104,199
422,53,103,204
424,49,97,206
425,48,94,209
423,45,98,212
423,43,95,211
423,46,95,207
427,48,92,209
426,45,96,211
424,51,97,203
423,49,99,204
422,44,99,209
424,54,96,200
424,53,101,203
422,48,105,208
424,42,102,216
425,45,103,203
426,46,102,206
423,42,104,211
424,54,104,204
425,48,103,199
425,47,104,209
425,47,104,208
423,48,104,209
424,41,104,210
428,48,101,210
426,44,100,212
421,46,109,210
427,49,101,202
422,48,109,206
425,48,104,205
423,47,108,212
424,42,108,213
425,47,107,210
425,43,106,207
424,53,109,205
422,47,108,209
424,46,107,213
423,43,107,211
424,47,108,212
417,41,118,215
416,50,118,207
420,55,114,201
419,41,116,217
419,46,121,211
419,44,118,212
425,47,113,211
424,51,119,204
426,45,117,214
431,44,114,219
432,46,116,212
431,52,121,205
433,51,119,208
433,43,119,221
434,54,120,213
427,47,128,217
428,57,147,209
424,61,148,212
421,72,145,197
420,49,146,214
418,51,149,211
424,53,137,205
421,51,129,213
419,45,133,214
422,44,128,221
415,53,153,212
414,52,151,213
413,74,162,182
410,85,173,171
409,80,172,178
414,75,160,186
419,101,161,158
421,95,145,161
423,102,158,150
425,96,148,162
426,93,160,161
424,94,155,161
423,91,156,173
428,89,150,171
427,89,151,171
427,80,141,184
425,93,142,171
429,71,132,189
429,64,126,192
425,59,137,212
427,77,147,228
426,92,143,221
428,70,136,238
425,59,139,263
429,51,135,286
425,43,134,300
425,44,134,304
424,49,132,306
420,47,121,305
427,25,123,329
423,35,122,317
422,37,122,313
425,17,114,340
438,39,100,316
436,40,104,312
433,29,107,330
430,37,107,314
433,39,104,314
431,38,111,315
431,45,105,310
435,46,107,306
434,38,111,319
432,46,115,308
430,38,116,313
430,46,121,303
430,53,116,296
433,33,120,322
435,40,115,316
435,39,122,310
434,39,124,311
434,42,120,313
432,47,121,304
439,47,116,303
437,40,120,304
434,45,123,307
440,31,122,311
439,39,122,311
440,45,127,292
438,41,129,315
436,48,130,307
439,52,126,299
437,55,130,286
437,52,131,294
438,39,124,303
440,35,129,310
442,37,121,312
441,43,125,294
440,38,126,309
441,45,126,305
438,45,131,316
432,50,139,310
423,42,146,317
428,37,141,321
437,41,134,318
439,42,135,317
437,45,136,312
418,36,154,291
412,22,157,317
395,20,180,320
348,16,221,341
318,6,257,348
308,16,261,342
327,8,247,354
321,3,246,346
344,0,234,351
357,10,235,357
356,-6,252,352
353,1,259,359
393,8,235,351
405,5,220,343
408,4,224,346
413,0,218,353
435,3,192,355
435,10,198,344
439,50,189,311
448,19,188,336
444,19,189,354
421,13,219,354
424,18,218,342
380,2,257,349
354,10,284,354
334,5,296,341
334,8,302,350
367,8,269,347
334,15,309,357
327,15,265,334
340,39,285,310
350,63,229,297
378,22,200,323
367,19,200,332
366,13,212,339
345,9,230,335
358,22,211,321
365,23,199,322
360,24,208,315
358,16,208,323
361,17,200,336
363,42,205,320
360,20,208,346
361,17,179,336
361,34,185,339
354,7,203,350
354,17,175,339
367,15,160,338
361,16,158,334
364,15,152,337
369,14,151,337
370,18,148,335
368,13,145,350
378,10,138,348
380,14,135,346
378,20,138,335
378,19,142,328
387,22,133,310
378,15,152,334
369,14,171,331
365,13,181,334
364,11,174,325
354,7,188,338
369,9,168,340
362,7,188,342
357,1,189,340
362,12,193,344
361,6,190,342
353,11,197,341
351,12,193,339
347,6,203,347
352,10,198,346
348,2,194,346
346,6,205,340
351,8,212,340
356,5,187,335
343,9,209,345
323,10,224,338
327,8,227,339
316,7,238,334
317,-1,233,337
310,3,225,327
300,2,227,338
295,9,224,338
286,13,239,339
280,10,232,338
314,17,188,332
280,17,226,333
260,16,244,325
264,31,236,322
266,25,222,330
283,22,202,317
282,36,193,316
326,30,151,325
332,43,150,308
330,43,155,307
324,59,160,275
329,45,147,299
322,48,153,301
329,51,143,296
321,62,150,287
324,54,151,298
314,73,161,270
313,64,160,286
300,81,165,267
278,78,192,286
262,39,201,317
235,47,227,313
283,62,188,285
286,57,187,291
273,49,195,301
289,41,181,295
297,54,169,289
301,44,167,302
305,34,164,309
304,33,168,309
299,33,173,315
299,21,175,319
317,19,160,317
306,14,170,325
319,14,161,312
309,12,174,326
304,15,182,321
309,8,182,335
312,13,177,334
319,9,171,334
329,14,166,314
328,6,164,330
315,4,176,339
340,3,152,336
349,6,140,314
352,7,141,327
347,7,152,320
357,8,151,330
347,14,157,316
365,9,135,318
357,14,147,329
371,11,138,338
356,9,159,344
356,6,155,345
347,7,170,342
354,11,162,346
338,4,191,341
356,-1,181,351
326,0,209,341
370,8,169,337
365,6,168,337
337,7,202,339
328,2,210,346
334,4,215,345
338,7,223,342
325,2,252,345
340,2,246,340
342,1,223,341
334,3,246,341
338,4,203,340
354,20,182,331
358,10,169,335
373,14,147,339
369,19,154,334
363,27,163,323
390,28,136,299
401,37,126,275
399,38,125,269
394,39,137,255
397,43,132,254
407,42,129,231
413,48,118,217
415,50,115,226
414,47,123,216
415,54,120,219
417,50,120,218
414,53,123,212
414,55,118,223
416,47,118,224
415,43,120,206
408,49,124,215
407,43,135,197
404,55,128,208
411,46,126,212
410,55,121,246
412,54,113,289
410,40,120,306
408,48,121,304
419,39,112,312
415,30,122,316
418,36,123,297
419,37,122,310
420,38,124,301
418,41,125,314
419,43,130,314
422,50,133,299
423,45,131,313
422,47,140,271
430,60,127,252
432,61,124,294
432,62,128,275
430,59,128,287
428,58,131,299
428,63,139,289
429,57,132,300
431,57,132,303
430,65,134,295
431,58,135,295
433,61,131,291
428,58,138,294
424,35,140,320
425,60,134,300
426,60,129,299
425,57,129,307
421,38,138,327
424,46,138,318
414,38,145,316
411,52,144,300
411,53,147,315
400,50,164,299
401,57,154,303
400,57,155,309
394,47,161,312
385,59,174,300
382,58,173,299
387,44,172,311
381,46,175,317
372,50,188,304
382,51,177,312
392,37,161,328
390,41,162,327
368,30,186,347
359,28,192,344
383,37,165,313
380,23,170,328
382,22,172,330
394,15,160,345
387,32,180,339
373,19,254,344
343,6,273,347
381,13,238,353
404,3,219,343
407,16,172,329
405,11,169,336
404,10,164,343
407,12,197,353
396,23,244,328
393,23,240,330
375,12,251,342
392,11,237,332
397,17,230,337
400,22,205,331
395,13,213,335
401,11,204,334
397,10,212,333
398,25,208,327
396,13,212,339
394,25,228,327
378,9,250,340
374,7,256,331
353,20,282,333
363,17,279,340
386,25,237,328
354,12,274,323
365,22,260,326
343,23,294,315
343,29,284,317
337,27,290,332
340,26,286,319
338,20,302,322
327,30,308,314
324,17,303,328
292,17,334,333
304,4,329,339
305,8,320,342
305,18,315,332
300,8,315,337
299,11,296,330
312,19,289,320
305,32,295,332
323,14,264,321
309,16,292,331
328,16,267,337
321,14,275,343
314,28,304,328
289,13,322,324
312,17,299,335
299,18,295,343
338,14,233,356
332,22,257,339
312,13,289,340
292,10,312,352
335,22,272,319
315,27,292,336
282,13,329,347
304,6,296,340
270,3,343,345
278,11,352,344
254,23,363,324
265,19,332,337
263,18,330,328
299,10,325,346
250,7,369,358
293,6,329,338
311,9,315,344
298,3,323,348
346,21,266,330
351,16,260,330
340,9,273,342
329,11,272,343
338,-1,262,350
341,2,250,354
360,1,231,343
347,-2,235,343
325,9,267,343
340,-3,255,338
365,21,228,320
338,9,243,343
352,17,233,342
334,39,268,326
314,12,277,346
350,72,267,292
368,39,248,318
349,24,269,329
326,28,289,345
325,35,290,321
287,31,323,320
283,53,339,298
324,23,285,330
315,32,302,325
339,23,268,344
380,37,229,316
399,49,221,309
410,26,179,323
443,41,147,318
438,56,140,309
470,54,107,277
462,49,113,278
456,55,122,291
452,56,131,289
449,58,131,298
451,61,128,299
450,56,130,298
449,57,138,303
445,63,152,294
445,59,163,297
442,45,180,315
434,60,186,306
444,45,141,314
453,52,110,296
446,40,118,302
444,50,124,303
445,54,115,293
445,54,128,304
443,44,118,312
440,52,125,294
441,52,123,297
446,30,120,323
443,41,120,315
438,41,134,314
439,39,129,311
437,43,133,309
441,43,132,306
443,37,124,308
443,41,128,307
437,19,123,338
442,40,122,312
443,34,123,321
439,44,128,311
444,42,136,302
448,35,118,307
451,44,132,296
446,42,138,300
435,41,145,293
445,44,127,292
437,43,140,310
391,37,185,314
382,42,213,311
379,41,227,310
391,16,220,324
387,40,183,293
404,17,163,326
409,27,162,310
415,39,155,307
407,51,156,291
416,35,151,292
419,58,207,270
406,55,198,256
410,47,191,298
419,28,150,314
421,61,170,295
409,51,154,276
419,53,168,287
427,49,134,289
412,42,155,288
422,44,146,267
416,49,147,260
418,51,144,254
420,60,135,257
421,50,154,251
409,61,180,239
408,51,198,251
405,52,184,272
407,52,172,281
417,52,162,253
419,58,177,265
418,63,164,281
415,42,165,281
424,51,153,256
417,55,174,248
417,64,171,239
416,65,181,264
413,62,166,240
424,61,156,250
421,54,153,256
423,54,153,252
422,61,154,259
414,55,163,256
423,56,159,253
417,64,166,244
417,63,177,260
416,71,163,265
430,52,148,287
420,42,151,308
423,37,148,298
420,57,151,283
425,51,148,298
422,50,155,290
430,45,138,254
415,58,166,249
420,55,150,251
417,62,162,257
419,54,158,247
418,64,163,239
422,56,156,250
423,60,151,245
417,55,162,252
418,52,151,253
429,72,144,282
417,54,157,246
416,56,166,279
415,36,158,299
422,55,153,293
426,56,149,250
419,57,158,249
413,49,169,255
429,52,145,285
428,49,149,300
420,46,154,312
422,32,156,310
410,56,171,296
411,51,166,311
421,55,150,299
417,50,154,275
411,42,162,271
409,52,173,277
411,61,162,288
399,43,173,290
410,55,166,294
411,59,158,295
430,46,141,316
409,51,164,307
401,56,170,288
399,47,172,284
413,59,162,297
400,34,173,280
389,58,188,256
414,57,159,298
402,45,167,282
393,54,180,296
390,28,179,297
398,41,171,282
394,66,175,302
397,64,195,292
384,31,191,321
392,29,183,315
385,21,186,321
387,57,203,300
381,58,215,300
365,21,232,329
355,18,228,325
356,21,249,325
354,14,226,333
345,19,259,325
340,31,272,313
348,55,265,292
340,28,266,321
340,49,259,304
344,6,220,332
340,18,256,339
325,28,281,325
337,31,282,327
329,32,287,322
337,51,283,312
343,36,246,306
329,62,291,308
335,78,287,270
334,9,278,326
333,40,270,323
321,17,243,330
309,14,280,323
335,48,293,304
313,12,275,334
331,15,281,339
322,2,295,345
287,6,319,334
312,5,301,334
304,13,303,336
299,2,287,342
290,12,334,331
298,18,303,333
281,11,332,340
296,18,314,318
297,25,332,319
285,12,311,349
300,7,308,338
299,20,330,337
265,-7,350,344
275,13,364,331
231,31,373,332
249,3,378,342
253,1,348,332
277,10,319,334
278,8,342,341
237,14,319,338
236,14,354,330
236,30,369,315
241,11,359,331
247,15,362,336
230,26,395,324
223,44,404,319
212,77,410,286
240,37,382,308
225,12,359,340
224,12,364,332
219,15,382,350
220,14,384,337
236,11,355,351
240,17,349,328
231,42,376,304
220,47,394,321
236,37,393,321
197,31,401,338
207,24,397,329
235,7,380,336
208,31,397,307
215,51,397,307
217,33,409,325
206,24,385,339
212,22,398,324
230,15,384,350
218,42,403,307
242,31,363,318
253,30,362,319
243,14,373,332
245,5,351,334
257,13,348,338
268,22,338,324
262,15,338,333
286,18,304,330
267,15,342,323
287,16,305,319
261,15,357,331
263,13,357,330
277,8,327,326
288,18,327,330
284,23,295,315
298,10,266,336
319,0,275,343
290,8,310,327
290,28,286,320
284,13,302,347
284,6,316,335
291,12,298,333
294,12,276,338
289,8,307,333
278,11,299,328
289,16,278,317
294,22,272,320
298,11,260,326
322,10,229,339
272,15,274,331
269,5,255,341
272,1,294,340
291,8,265,309
301,4,268,307
281,16,262,343
279,16,296,345
271,4,306,337
283,10,293,333
276,2,330,341
259,7,338,336
279,3,323,309
245,10,333,337
264,20,328,341
272,12,292,338
269,9,301,344
277,3,294,355
300,3,254,347
316,10,244,342
284,26,270,320
289,6,265,341
279,10,308,348
295,7,264,339
280,-7,277,342
268,6,285,340
274,1,292,349
271,28,270,322
285,26,316,329
276,22,280,328
281,26,283,332
273,23,301,347
275,16,275,325
280,17,294,334
271,7,294,344
279,12,308,346
269,5,338,339
286,11,292,333
286,3,286,346
280,8,302,330
274,4,283,349
284,5,295,345
272,10,292,347
282,9,308,339
289,30,303,345
285,18,302,330
290,6,273,336
279,6,300,344
277,2,299,339
295,2,293,351
298,19,288,323
279,0,311,341
274,10,318,344
288,1,262,349
276,15,309,338
281,8,276,347
274,3,309,336
277,2,329,338
279,9,297,338
284,1,310,340
291,8,274,344
282,1,313,339
291,6,290,351
287,7,307,350
287,5,289,344
293,0,296,353
263,5,302,336
284,7,294,342
296,6,296,347
271,13,288,335
275,5,291,341
280,4,305,337
287,11,296,337
279,15,292,342
267,7,300,332
262,13,316,340
267,3,301,341
273,12,284,338
259,9,305,335
260,14,322,332
260,8,300,338
275,25,248,329
272,14,261,297
283,11,257,295
268,32,232,318
275,15,220,333
277,21,210,322
275,21,209,329
306,21,177,328
304,11,185,339
297,18,186,327
305,20,186,333
273,12,210,341
272,15,208,334
275,8,208,334
287,14,201,323
332,28,166,313
345,47,172,296
325,29,178,322
343,25,188,313
346,27,153,306
323,25,175,303
346,37,147,310
339,37,149,316
331,30,151,318
322,27,168,319
321,21,170,333
300,27,187,318
313,24,166,326
317,22,150,326
299,25,155,322
315,23,134,321
286,23,157,324
300,11,140,323
300,26,137,317
298,23,131,330
289,19,146,339
290,24,148,324
283,24,155,330
299,25,147,322
275,26,172,333
270,22,188,326
256,10,208,336
275,25,204,325
267,17,213,331
290,18,212,342
279,18,225,328
272,15,244,339
266,15,281,337
242,18,293,344
272,28,243,325
293,50,212,300
306,17,254,334
277,15,299,332
254,25,320,333
273,15,292,333
264,39,318,318
259,31,344,332
251,22,336,333
256,14,362,344
276,52,329,311
280,53,317,318
268,51,332,308
293,55,308,290
315,81,291,269
321,56,277,298
300,83,312,274
299,88,309,266
345,73,266,273
404,53,208,295
415,33,199,320
419,46,186,303
424,40,198,316
427,58,172,311
420,48,201,322
428,55,202,305
437,45,194,315
400,36,224,308
395,66,230,299
393,61,240,293
386,60,241,289
397,51,226,304
393,44,233,307
355,61,269,310
365,57,252,300
351,56,267,302
345,72,272,286
349,60,266,304
365,56,253,292
363,54,250,303
386,68,227,286
379,63,237,289
390,53,223,304
401,53,204,295
402,57,197,290
392,59,218,285
390,59,215,294
400,65,200,290
396,57,199,296
400,57,202,286
406,60,189,295
404,61,197,286
410,54,186,291
413,66,177,281
415,60,167,285
401,57,181,287
411,58,170,286
409,52,172,282
412,63,171,284
396,63,191,285
404,64,179,284
393,53,194,298
397,70,193,278
380,57,207,301
396,67,187,296
384,67,204,294
405,66,177,290
395,59,188,295
406,57,172,289
428,61,155,288
432,79,146,275
433,65,156,286
417,89,200,259
425,80,197,272
421,69,209,284
401,65,219,290
402,30,223,317
420,61,206,295
443,85,190,264
427,81,199,267
440,75,191,279
441,92,187,265
448,96,179,257
461,98,171,264
455,101,177,262
455,95,180,267
465,98,164,255
466,86,164,275
473,100,160,251
467,89,170,264
463,97,179,250
469,92,170,260
473,92,159,256
475,84,159,261
483,83,150,272
482,84,150,275
485,91,147,268
494,74,141,286
489,71,146,279
493,76,137,277
490,83,142,276
500,88,130,273
500,85,123,276
500,81,127,277
497,77,131,285
497,81,124,288
494,81,127,283
496,78,131,280
496,77,130,290
496,73,130,281
494,85,139,282
496,83,136,273
486,83,146,275
486,88,137,277
488,73,136,282
486,84,138,270
483,84,141,268
472,85,152,266
465,81,159,281
467,78,155,270
465,91,164,268
459,67,156,287
466,72,123,274
467,86,162,272
466,59,119,283
463,75,117,281
464,63,108,292
464,73,105,285
460,64,111,294
456,56,113,296
458,64,114,289
457,65,108,287
457,69,113,283
457,72,110,281
455,78,114,269
458,71,105,282
454,67,115,286
452,64,117,286
451,69,119,279
453,59,106,289
455,62,107,290
453,57,101,288
455,60,95,292
452,59,93,298
456,59,86,294
451,59,88,297
452,61,90,292
452,57,84,290
449,64,94,282
451,63,88,274
449,63,93,286
449,60,94,290
452,59,89,281
451,61,89,268
449,62,91,258
449,66,94,250
449,69,92,246
448,63,93,259
449,63,92,272
449,60,93,275
450,55,98,296
447,57,96,296
445,53,102,297
444,51,103,300
441,51,110,302
440,42,111,300
437,50,110,300
439,53,113,300
432,44,110,294
433,51,114,297
433,52,113,297
431,55,122,301
430,42,112,310
435,57,114,278
419,50,128,301
425,47,123,300
426,54,123,298
423,53,132,305
426,37,117,316
425,51,113,305
427,60,111,298
425,44,116,317
426,49,116,311
420,50,114,307
421,40,108,304
421,51,107,291
420,51,111,290
417,45,108,307
415,52,109,295
415,39,111,306
416,40,105,305
414,40,106,302
408,45,118,306
404,53,115,299
405,52,120,297
404,55,116,301
404,46,123,310
403,40,116,309
402,41,121,305
403,28,126,323
402,41,120,307
408,35,116,333
409,39,113,318
406,43,122,318
403,42,118,318
404,17,127,348
399,42,138,306
413,33,122,320
411,37,121,316
410,33,127,322
412,29,134,323
417,29,132,319
423,17,129,336
427,21,125,330
427,24,132,335
430,23,127,325
426,30,131,325
430,31,133,320
436,34,130,300
438,32,130,255
443,45,126,249
446,49,122,239
449,45,121,249
448,45,121,252
447,46,117,254
450,40,118,256
448,48,121,245
447,38,117,257
448,49,122,243
445,43,130,238
448,42,120,249
450,42,120,248
453,49,120,239
449,50,126,240
454,43,123,240
455,54,116,229
450,54,121,227
449,54,124,229
448,48,123,241
449,55,122,231
452,55,116,235
453,59,115,229
452,61,121,225
449,59,124,230
452,64,122,221
456,74,117,214
444,77,132,209
446,72,123,210
448,77,126,210
434,77,137,207
445,77,123,208
431,79,138,205
432,78,138,201
437,74,128,205
437,74,127,202
429,75,134,201
435,76,127,200
416,75,148,197
416,75,153,192
415,77,158,190
415,80,164,161
420,79,161,153
422,80,159,151
425,79,158,149
421,80,160,152
426,79,153,152
427,74,138,151
428,77,158,150
428,73,131,166
421,71,158,161
418,71,142,154
419,73,159,165
408,73,159,159
406,68,142,163
414,67,159,175
398,66,170,162
386,98,202,130
387,106,202,122
388,109,198,124
386,106,201,120
391,110,202,117
375,108,219,113
375,110,225,113
366,113,227,120
369,107,228,123
361,114,236,119
349,112,224,146
338,103,189,168
351,90,157,203
351,63,156,230
345,47,159,261
349,38,154,296
338,43,169,300
341,38,159,298
336,40,171,300
337,30,171,313
338,34,166,305
344,32,151,302
327,36,164,275
335,50,146,289
326,38,153,265
324,50,143,255
325,52,132,252
328,45,125,267
322,44,124,272
320,46,127,272
320,45,129,274
314,42,132,271
306,39,133,290
308,33,137,295
305,31,135,295
300,36,139,290
296,58,139,271
289,38,141,295
291,55,143,280
290,43,137,296
278,35,141,308
279,33,143,323
276,41,159,304
271,57,152,297
331,74,131,268
270,44,172,305
263,39,165,311
262,46,167,310
259,34,189,307
256,36,177,323
254,14,191,338
248,24,184,337
245,25,207,326
235,17,204,342
271,19,187,324
245,29,197,323
254,29,204,314
259,34,177,301
291,78,168,272
350,70,112,272
363,54,120,279
372,67,98,274
381,47,88,290
382,54,91,295
384,47,87,305
389,50,84,294
388,50,80,305
389,49,86,309
386,38,91,317
387,28,88,334
395,6,82,349
381,27,92,331
397,15,85,340
387,27,85,333
393,8,82,344
397,12,84,343
396,16,80,338
389,14,91,338
392,19,86,328
391,21,90,327
388,28,94,316
387,22,94,336
388,25,93,327
392,27,90,317
388,26,95,318
384,21,95,339
389,29,100,321
384,31,107,321
386,24,96,330
385,25,106,329
387,21,94,328
384,26,96,323
380,25,106,301
383,33,105,320
382,20,113,335
379,31,108,325
372,17,126,337
371,26,123,313
370,27,128,324
371,25,128,317
371,24,130,305
369,28,134,299
365,29,138,278
370,28,126,273
364,25,141,278
370,25,130,262
367,23,134,270
361,27,142,254
361,27,140,266
355,31,138,246
352,31,144,258
354,30,124,266
353,32,133,260
342,26,143,265
344,31,136,262
330,24,147,272
330,16,137,300
343,14,125,312
318,7,142,333
329,15,131,302
328,13,128,282
327,15,128,290
323,16,130,287
313,11,147,319
316,15,137,289
316,17,136,303
301,14,150,308
307,10,150,311
307,14,145,318
312,13,139,308
311,12,146,316
314,10,139,323
312,10,149,317
316,13,147,313
311,13,153,316
310,13,159,324
316,14,163,319
318,8,164,309
316,15,165,302
325,16,167,306
320,10,172,316
321,15,183,293
317,29,189,294
320,16,187,293
326,22,181,295
325,19,184,301
327,18,182,314
332,17,182,304
325,16,189,300
324,15,195,308
326,17,195,308
336,27,190,293
331,9,193,308
327,9,211,322
323,6,215,336
332,12,204,326
333,14,221,326
330,8,195,329
326,11,220,325
320,12,226,337
322,15,243,321
332,12,204,330
328,9,229,330
329,14,224,313
343,11,193,321
346,25,208,313
350,46,194,287
348,26,193,307
337,15,194,322
338,21,198,320
337,16,213,327
334,22,212,309
333,22,205,306
332,19,195,313
