416,133,48,126
410,140,47,123
404,142,47,123
398,149,46,116
393,150,49,118
392,151,47,121
389,156,48,116
388,161,54,115
388,163,53,115
387,160,53,123
388,159,51,128
386,161,49,128
386,158,46,130
389,160,45,128
392,156,44,135
393,162,43,128
394,159,46,132
394,161,44,125
392,161,42,122
393,156,44,129
393,149,47,135
392,153,47,128
393,157,46,123
391,160,43,118
391,155,43,122
392,147,44,129
394,140,45,133
395,135,48,140
394,133,47,143
395,131,53,143
395,136,47,138
397,131,46,144
397,134,46,139
402,131,46,141
405,127,44,145
408,129,42,143
408,126,43,142
411,124,44,148
411,125,46,145
414,124,45,149
415,123,45,147
416,123,46,148
416,124,44,145
416,123,45,145
417,122,44,145
418,122,42,146
418,122,43,145
418,121,43,146
419,122,43,143
419,119,43,145
419,119,45,147
420,117,43,149
422,116,43,150
421,116,44,152
422,116,44,153
421,113,47,153
422,113,43,152
421,126,45,140
420,124,48,143
418,131,51,136
418,130,49,135
418,121,52,144
420,109,54,154
420,109,50,157
420,108,49,157
421,107,49,157
421,108,50,157
420,108,55,157
420,106,53,162
418,104,66,161
418,105,66,159
419,107,58,161
418,105,60,162
419,108,52,160
418,108,53,162
418,107,52,163
418,108,52,163
419,110,54,162
418,111,50,160
418,112,52,159
418,112,52,160
418,112,53,162
418,114,51,162
418,116,53,161
417,114,51,162
416,114,51,159
415,114,59,162
414,118,55,165
416,115,59,162
414,115,62,164
413,114,72,166
416,117,54,166
416,118,52,164
417,121,51,163
415,120,51,158
414,128,53,151
411,134,54,143
399,150,66,125
398,164,67,111
397,159,69,115
395,156,70,119
390,164,73,106
386,159,84,108
387,169,76,90
386,164,86,92
380,166,91,90
376,168,101,87
373,166,117,92
372,169,121,86
370,169,123,90
366,171,125,83
364,175,119,73
360,177,122,64
356,174,128,63
357,172,115,58
358,171,134,56
356,171,137,52
355,170,142,53
358,171,142,52
359,171,138,54
362,171,136,54
362,169,137,55
363,171,138,54
363,172,140,53
366,173,137,56
366,174,137,57
370,172,133,63
373,170,131,67
378,167,120,80
382,161,119,88
384,163,108,86
392,161,95,89
397,161,80,87
403,157,77,92
408,159,72,85
421,140,63,103
429,134,59,110
435,128,54,116
437,124,54,118
441,118,53,124
443,122,49,116
445,120,50,117
446,116,50,122
445,118,53,120
445,116,50,126
444,123,49,116
443,123,52,116
444,121,50,118
443,121,52,117
443,126,53,109
444,124,52,110
445,120,49,115
447,116,49,117
450,115,50,119
453,115,50,120
453,120,52,116
456,124,53,113
457,123,55,114
460,120,53,117
463,119,55,118
467,121,55,111
470,123,55,109
472,119,54,112
475,124,54,103
475,113,55,113
478,118,54,109
479,116,54,108
479,126,57,96
479,127,55,91
480,127,56,91
483,132,57,87
484,131,57,88
485,124,57,95
486,123,59,101
487,122,56,102
488,131,57,94
491,138,55,82
496,122,51,97
501,124,53,95
508,117,54,106
515,114,53,111
523,113,54,111
529,105,57,116
536,104,52,114
540,101,56,114
540,100,57,113
536,110,59,103
529,113,62,104
518,113,63,102
507,110,59,105
493,105,60,111
477,101,57,117
461,99,58,121
449,99,56,122
438,98,51,122
426,101,55,120
414,102,63,123
407,115,66,112
400,123,69,110
397,115,64,115
397,120,77,112
398,122,65,112
398,119,69,111
400,122,76,108
399,122,85,109
401,123,88,109
402,123,83,107
402,126,68,105
403,124,66,104
409,128,50,101
411,122,47,106
411,121,49,109
412,126,48,105
412,119,51,112
413,120,51,110
412,119,51,110
412,115,52,112
413,116,49,110
412,113,53,112
412,113,50,113
413,112,52,114
414,117,49,109
413,108,52,116
414,107,49,119
414,106,50,116
415,108,50,113
415,109,52,113
417,108,51,116
420,117,53,110
422,109,53,119
427,111,52,118
431,112,53,116
433,113,52,117
437,113,50,115
438,114,51,113
440,114,53,116
444,116,54,114
448,119,53,115
450,125,58,118
448,133,59,115
443,147,56,110
432,148,57,118
418,151,54,120
405,153,56,117
391,150,49,119
376,151,53,118
363,150,55,118
352,154,56,116
342,149,59,118
338,149,54,119
337,149,51,117
343,146,49,121
348,150,50,115
355,155,50,110
365,159,51,107
377,164,48,108
385,160,47,111
392,157,48,112
399,159,45,109
405,155,48,110
413,150,47,112
423,146,46,111
430,152,46,102
438,146,47,108
444,145,46,106
448,144,46,108
449,139,43,110
447,141,45,104
444,140,45,105
440,139,48,104
435,138,42,106
428,138,42,107
419,138,46,113
419,143,39,108
415,143,42,109
415,147,43,105
411,147,45,107
412,150,42,104
409,149,42,107
408,146,42,109
407,147,41,109
406,145,40,111
404,147,44,111
404,146,42,111
404,145,45,111
405,147,44,108
408,148,42,109
411,143,44,107
415,140,43,109
423,143,41,109
429,146,41,113
433,142,41,109
437,148,44,112
439,146,46,113
441,147,46,113
441,147,45,112
440,148,47,116
441,147,45,114
443,152,44,115
445,149,46,114
447,151,46,112
448,149,46,114
446,154,47,115
442,150,50,117
438,154,52,119
434,154,51,117
431,158,44,114
425,155,48,114
424,157,46,118
422,152,46,120
419,156,49,118
415,156,50,119
413,161,47,121
408,160,56,117
408,160,56,117
408,160,56,117
408,160,56,117
408,160,56,117
408,160,56,117
408,160,56,117
414,173,66,130
416,174,87,138
425,192,93,134
386,196,115,138
386,205,142,145
381,219,163,138
352,224,191,147
338,231,207,144
336,233,211,140
337,237,207,141
342,237,206,137
336,241,209,134
336,239,213,131
327,243,218,136
319,247,228,129
319,248,225,131
319,254,227,122
324,256,223,116
318,262,224,114
331,267,220,103
322,273,224,102
316,277,228,96
312,276,233,95
310,276,235,95
301,273,242,100
292,270,254,101
290,274,249,97
302,283,247,90
290,289,251,82
290,294,257,82
282,297,267,71
277,302,271,68
279,305,273,62
284,304,268,67
284,299,266,70
287,297,270,72
287,294,266,73
292,293,267,78
295,295,255,80
298,296,254,75
307,292,242,77
325,284,228,88
339,272,212,101
345,265,214,107
345,257,209,115
337,246,214,125
331,238,218,139
329,235,220,138
323,228,223,140
322,224,231,142
325,221,221,148
325,227,223,147
324,225,224,147
326,224,222,144
327,225,223,149
329,228,219,150
332,233,221,145
333,231,222,141
341,228,217,144
349,232,211,141
354,228,214,144
364,234,209,144
364,238,222,139
371,238,218,141
380,236,220,133
385,243,220,133
394,241,221,130
408,245,217,128
406,250,222,121
408,254,226,122
416,248,229,122
421,256,233,117
431,257,232,118
436,262,234,112
444,261,236,110
452,267,235,105
454,267,247,106
456,267,245,108
462,265,250,109
478,265,232,109
474,266,241,107
481,264,235,110
484,261,239,113
486,265,239,106
478,268,259,105
485,269,245,105
482,268,246,102
475,268,251,105
462,268,260,105
446,265,266,110
435,256,272,117
429,253,273,121
424,250,269,122
428,245,251,129
424,249,231,127
427,253,209,122
428,261,204,118
420,259,209,119
419,273,201,106
411,280,212,96
414,287,206,89
417,287,214,88
423,291,215,81
427,292,212,81
420,295,219,82
421,293,216,85
422,291,214,82
425,293,211,83
422,289,210,85
417,289,214,85
418,288,210,87
417,290,210,85
414,285,211,90
412,283,206,93
409,282,208,90
409,279,200,90
403,275,204,98
403,269,203,105
400,266,201,108
397,269,198,108
389,267,202,107
384,269,202,109
382,268,200,106
376,268,203,109
366,269,212,108
371,265,211,106
377,267,201,107
380,263,202,111
378,265,198,110
378,264,200,112
379,261,202,115
372,261,204,119
378,259,204,119
374,258,206,120
374,253,206,123
377,250,202,124
378,252,207,124
382,251,196,122
379,248,201,128
384,239,189,130
390,226,185,138
390,218,196,143
393,214,183,153
398,212,182,161
388,206,188,164
393,211,186,164
393,210,186,166
397,225,184,153
393,232,187,144
388,245,197,135
383,246,198,128
388,246,194,129
391,248,195,125
395,244,183,124
394,240,187,137
396,235,188,140
392,238,187,133
391,235,190,138
393,242,187,132
385,238,190,136
388,245,190,133
389,243,190,133
384,240,190,137
388,239,184,139
376,240,192,139
384,234,192,141
377,241,193,145
385,235,188,140
378,244,192,136
374,242,194,133
378,246,201,130
373,243,193,129
376,247,198,128
377,250,198,121
375,244,193,126
376,252,195,124
371,246,192,123
382,253,193,129
377,252,201,125
371,257,198,116
373,253,202,119
371,256,207,122
371,252,198,122
378,248,195,127
374,255,201,122
370,253,202,116
370,254,200,120
375,253,194,117
374,249,200,124
368,253,209,121
374,251,197,121
378,249,197,127
376,252,195,120
385,251,190,123
384,246,192,125
383,245,194,132
386,242,184,130
380,241,192,134
383,236,189,138
384,248,191,129
382,240,185,133
380,238,186,134
381,231,185,146
393,225,176,153
380,225,188,150
385,228,186,151
387,219,175,152
390,229,178,147
381,229,186,145
383,228,186,149
374,227,189,148
392,217,172,164
372,218,187,156
377,214,188,164
373,221,191,160
377,215,188,162
369,220,198,161
378,211,185,167
384,193,184,188
378,189,189,191
371,180,187,187
375,173,188,208
395,157,166,220
369,238,193,163
369,252,195,134
365,248,203,132
371,245,194,126
372,252,188,133
373,246,182,137
375,244,185,134
371,240,189,134
373,243,187,133
369,240,190,132
374,242,181,132
374,236,184,136
371,232,185,137
366,236,187,130
366,232,192,132
359,231,195,132
365,228,191,136
355,228,200,133
357,226,195,129
359,227,200,121
363,215,192,131
361,219,191,126
360,220,192,123
361,217,192,122
354,213,200,124
360,212,188,129
356,213,198,124
355,209,198,129
359,211,197,127
355,212,202,124
355,211,196,124
363,213,193,123
355,216,198,123
354,214,196,122
350,216,206,123
347,212,206,124
346,215,211,123
352,212,202,124
354,209,199,127
357,207,197,129
361,203,188,129
365,206,187,126
369,207,188,126
373,208,186,124
370,208,189,123
372,207,192,125
372,209,199,127
374,207,192,125
382,207,190,130
384,203,186,133
381,205,191,133
378,205,194,128
390,204,183,135
388,205,187,132
387,206,194,132
390,212,191,124
385,210,196,126
387,209,191,127
386,214,194,125
389,210,188,129
390,210,191,130
391,209,188,126
392,208,184,126
393,200,188,131
394,195,186,127
397,193,181,122
396,184,183,136
392,179,189,150
394,179,184,155
390,180,192,161
388,188,190,157
380,194,189,152
389,203,190,147
390,205,184,155
386,206,193,162
387,218,193,153
389,229,194,146
383,225,196,145
384,234,187,138
381,230,187,139
379,231,193,145
370,230,205,140
361,236,214,136
357,237,206,127
354,231,217,129
357,227,211,134
361,228,197,127
367,227,197,128
364,226,193,126
365,226,193,127
363,222,196,131
366,220,190,131
371,222,188,126
367,221,194,126
355,214,202,134
353,216,202,134
342,224,199,123
334,228,199,123
323,226,197,127
315,236,207,121
306,237,215,126
296,232,213,131
287,236,201,123
281,227,191,128
269,226,195,122
258,229,211,119
252,232,214,115
242,234,184,113
238,235,186,121
234,237,183,117
235,236,177,121
232,237,179,123
232,242,174,124
248,204,158,145
252,210,147,147
254,214,141,145
253,215,139,147
256,215,139,157
252,208,139,168
254,200,135,173
254,193,136,176
255,192,138,184
256,186,138,189
256,186,138,184
257,206,131,162
260,220,128,148
254,219,131,147
250,231,142,133
243,231,142,134
245,226,138,146
243,230,134,140
238,237,139,135
236,235,141,137
235,241,136,134
230,235,140,139
229,240,141,135
221,239,147,135
220,240,149,139
216,240,146,135
213,240,144,139
207,238,150,139
203,236,146,138
203,236,143,141
198,233,148,144
194,231,147,141
189,234,148,138
186,236,153,137
181,234,148,134
180,234,154,142
170,231,163,138
173,234,167,141
173,232,167,142
177,233,167,140
175,232,170,140
185,236,159,138
187,233,162,136
186,234,167,135
186,233,169,142
185,236,171,138
182,233,171,140
181,237,172,136
187,244,169,138
184,239,177,142
187,232,174,142
185,230,176,143
188,226,179,148
192,236,174,138
189,227,181,145
195,223,183,149
197,233,176,143
201,228,179,146
205,236,176,136
209,229,175,142
215,240,166,133
215,235,168,133
222,233,168,136
229,237,161,134
229,236,166,133
236,238,163,133
237,239,161,133
242,237,163,133
242,235,163,136
247,238,163,132
252,235,157,134
255,236,155,130
261,233,155,129
264,235,156,123
266,233,155,124
269,229,154,125
273,228,149,120
273,226,157,120
278,219,158,124
280,214,167,126
282,215,176,123
289,211,167,123
295,213,159,122
291,212,176,118
294,212,167,118
302,194,176,138
299,184,188,151
295,189,203,142
292,194,223,148
287,202,227,140
287,204,216,141
283,217,208,152
279,222,242,152
284,218,252,157
274,209,253,165
292,218,237,168
282,211,246,162
297,233,238,146
302,225,234,149
310,224,232,154
323,226,228,151
331,237,228,137
335,243,216,131
350,235,232,138
344,237,213,138
359,231,217,139
368,231,238,138
366,229,217,138
373,236,236,131
368,227,231,133
376,230,235,131
368,225,244,138
382,225,236,146
378,231,231,133
383,230,236,138
388,225,240,145
388,243,234,131
393,253,209,121
403,245,196,129
405,252,200,128
414,252,195,126
419,253,192,120
423,257,196,124
425,258,201,120
433,258,196,119
437,255,193,119
435,255,199,121
439,251,195,121
442,242,191,131
449,231,204,146
442,210,241,163
434,200,252,171
440,191,246,182
431,185,252,181
440,174,232,196
439,170,246,201
441,176,252,197
426,181,262,188
431,195,258,178
428,166,260,210
445,129,233,240
439,175,241,194
434,177,249,193
437,156,239,218
439,161,243,213
445,144,225,228
440,143,231,229
439,154,233,217
440,160,236,215
449,125,217,251
437,127,223,239
429,160,239,221
424,134,243,237
436,118,224,246
427,173,230,206
428,177,217,190
432,189,214,184
434,228,212,139
433,235,212,130
437,235,205,131
437,237,199,124
439,238,184,122
441,238,185,120
436,237,202,122
439,237,196,120
440,236,194,120
439,238,204,118
438,236,200,120
435,234,198,120
439,233,195,117
435,235,197,116
436,232,196,119
438,235,196,115
436,237,195,113
432,235,200,119
436,237,199,114
435,235,190,119
432,232,196,119
432,232,194,117
431,236,189,114
431,234,193,114
434,233,195,123
429,230,196,135
428,199,196,167
440,182,179,186
440,176,182,190
419,184,207,194
423,181,197,190
447,178,175,192
417,177,205,204
441,169,182,201
407,177,214,199
423,171,201,208
415,167,215,212
419,169,209,211
415,161,211,215
410,159,218,215
434,163,196,214
411,160,223,221
403,174,201,209
414,156,220,217
399,158,205,218
416,153,219,215
409,128,217,233
387,109,213,250
413,153,195,222
416,149,215,183
425,152,196,178
429,145,192,179
415,154,214,157
397,157,228,138
401,150,219,151
385,156,234,131
323,271,207,112
323,273,193,107
321,269,189,109
323,260,194,118
322,252,194,128
321,250,197,127
328,241,194,131
327,243,194,131
333,236,195,128
334,238,192,137
331,234,192,136
335,229,192,138
335,228,196,131
339,217,194,140
341,218,197,136
346,205,212,144
350,196,206,151
354,207,195,134
357,202,200,139
358,202,193,134
364,199,189,132
360,199,201,130
362,196,200,132
361,196,205,132
359,196,211,131
355,193,220,130
365,193,211,132
356,191,220,132
358,190,224,136
361,188,225,145
361,187,227,148
367,188,226,147
367,188,233,148
371,190,228,145
368,192,233,144
374,190,222,145
372,186,223,150
366,182,231,151
375,184,221,134
375,180,225,141
382,153,225,166
376,153,233,165
383,150,230,165
379,185,223,144
375,195,226,145
371,201,231,158
375,215,227,159
364,218,243,150
350,225,249,153
343,222,239,149
334,213,244,153
322,204,245,167
305,201,253,165
275,190,267,168
249,168,279,185
224,154,283,183
187,136,305,193
162,120,291,202
128,108,295,212
37,97,350,234
3,75,354,279
428,8,339,346
445,4,316,365
442,0,315,361
448,3,321,356
440,-1,324,361
448,-3,322,367
469,-5,293,374
468,-11,295,360
473,-3,300,376
480,-4,274,361
477,1,291,368
482,0,279,363
487,3,284,364
487,1,266,369
482,0,296,355
484,-4,275,369
485,0,286,365
484,-6,282,371
474,-9,282,370
480,4,295,358
