242,60,58,50
245,62,58,52
249,68,63,53
254,79,61,48
260,88,61,51
262,104,67,50
266,115,72,53
268,130,79,49
272,134,87,60
276,142,86,68
279,143,89,75
285,141,87,78
285,146,87,80
289,155,85,72
290,162,92,67
289,167,92,66
290,172,93,66
289,173,96,70
285,173,100,74
284,177,103,75
281,181,105,76
279,190,107,66
283,179,100,78
281,184,101,77
276,186,103,70
275,184,104,75
268,175,110,82
267,178,105,76
269,173,104,77
263,171,105,72
259,166,104,79
263,167,100,72
264,165,100,72
263,161,100,73
268,156,93,72
269,153,92,71
270,150,89,69
270,145,87,66
269,141,92,65
268,137,95,65
270,131,91,72
270,126,92,70
271,122,91,65
274,119,88,66
275,118,88,68
275,119,87,67
278,120,83,68
278,118,81,70
277,121,84,69
281,123,81,68
284,125,78,67
287,126,78,71
287,127,76,71
289,131,75,74
287,133,76,74
288,136,76,76
288,142,79,72
286,151,78,67
286,154,82,70
285,161,79,69
284,166,79,73
281,173,85,69
283,179,85,71
283,186,86,68
280,194,87,61
279,198,91,69
277,205,91,61
279,209,94,66
280,209,95,72
285,211,96,82
288,217,98,81
293,216,99,68
300,213,98,64
301,214,97,73
297,209,100,77
296,203,102,75
299,199,100,83
302,198,96,74
306,196,95,80
313,193,92,79
315,195,92,77
318,192,91,77
320,192,94,82
326,195,86,76
325,195,83,80
307,195,95,94
306,198,99,91
304,195,93,106
301,194,96,112
300,196,94,89
293,195,92,100
289,195,100,106
282,196,104,88
279,197,97,86
273,198,106,83
267,199,109,83
258,200,125,83
256,201,126,84
256,200,115,83
255,201,107,83
251,198,105,84
252,195,101,85
252,197,97,80
252,191,99,81
249,191,101,83
247,188,99,84
244,187,105,85
244,187,98,84
248,189,98,82
242,186,105,85
242,189,103,82
243,190,103,80
243,193,102,75
243,189,104,80
243,188,102,82
240,187,110,82
242,184,107,84
245,190,108,79
247,186,113,75
248,186,121,74
249,178,132,83
250,180,135,80
250,179,131,79
255,185,118,71
251,184,125,74
252,189,127,72
253,190,125,70
254,188,123,72
251,188,127,72
251,187,122,72
248,185,126,76
248,189,128,67
246,187,132,66
246,188,132,66
245,187,135,70
240,187,140,71
240,188,139,73
237,191,147,69
240,192,142,71
244,190,138,74
246,189,141,76
245,191,139,75
250,185,137,78
251,184,135,77
253,180,135,82
248,182,141,80
252,182,138,80
257,181,132,78
248,178,142,82
252,180,132,82
252,177,139,84
257,182,132,80
258,180,135,82
257,179,137,83
251,177,141,86
251,179,136,83
257,178,133,88
258,178,131,84
261,176,132,91
255,178,135,85
256,175,137,91
255,175,136,89
253,177,139,83
250,170,143,94
256,171,136,94
258,177,131,88
252,171,139,91
255,169,138,95
253,169,139,97
255,175,139,85
258,171,135,96
260,174,133,87
259,174,135,86
259,167,135,97
258,172,134,90
253,177,138,87
255,169,139,91
249,171,146,92
252,164,144,98
247,162,152,99
251,159,153,104
246,156,175,105
244,148,191,113
248,161,199,96
243,144,210,113
239,138,229,110
236,144,240,108
238,138,240,116
243,135,237,116
242,129,224,117
239,128,219,119
246,110,209,143
239,110,185,150
240,112,153,141
240,115,158,150
240,119,159,193
242,63,168,204
240,57,171,232
232,59,169,227
249,59,160,228
235,60,165,227
239,56,171,223
241,56,161,216
238,57,167,238
235,60,168,236
241,59,160,251
252,58,146,253
252,65,145,258
246,61,147,252
250,53,145,273
254,68,140,252
241,85,156,247
245,102,163,232
249,105,151,203
239,112,158,214
253,113,149,203
248,112,147,200
265,116,129,186
266,110,127,190
272,109,124,191
266,111,128,181
270,111,123,187
255,103,139,195
248,113,139,191
249,111,147,190
252,111,139,194
250,104,141,201
262,105,131,199
265,103,127,202
267,97,127,202
293,99,99,207
266,97,126,206
276,90,117,208
298,94,93,203
282,90,109,210
293,88,108,205
302,89,99,209
298,86,100,206
301,86,98,208
304,83,95,213
315,87,84,205
324,91,72,197
308,96,87,185
311,93,82,190
300,93,95,192
279,104,113,180
275,105,119,186
286,102,107,195
286,101,103,194
271,105,121,183
250,112,142,166
246,113,149,164
248,118,146,153
242,126,154,140
244,136,154,126
244,138,151,124
244,141,153,121
243,127,155,137
253,116,144,152
247,117,153,149
253,115,147,153
257,115,146,158
256,110,149,163
280,108,123,162
281,106,115,164
292,104,102,168
259,114,137,164
260,99,135,181
251,92,143,188
247,91,146,197
247,85,148,209
242,94,150,192
223,92,171,194
205,92,188,191
234,102,161,168
243,102,152,168
247,103,147,167
258,97,140,170
265,102,135,158
282,101,113,156
275,103,124,157
286,106,114,151
290,104,104,157
290,103,107,161
296,110,100,148
298,105,97,156
262,106,137,158
255,111,145,193
241,122,155,191
242,130,152,181
241,129,152,182
238,128,155,183
238,118,157,201
243,128,149,193
242,131,150,178
240,125,151,184
237,117,153,194
263,115,131,200
265,119,127,189
256,121,139,189
253,119,140,189
249,117,142,194
252,112,142,202
250,114,142,203
251,113,140,201
246,116,151,199
246,121,145,195
243,118,151,197
251,125,146,184
257,120,138,194
256,127,138,180
254,127,139,172
254,123,139,183
256,123,134,182
259,124,133,187
257,128,137,175
248,128,146,170
250,118,146,185
245,112,150,183
250,123,142,167
248,116,142,180
249,110,146,189
252,116,141,182
258,114,133,187
271,112,118,193
282,100,109,200
289,114,102,189
294,102,96,196
293,101,99,200
296,107,95,189
305,106,85,196
302,107,91,191
301,102,89,197
296,106,91,193
298,116,90,186
296,122,96,184
294,119,97,185
291,121,100,186
276,119,113,190
256,113,133,195
248,116,141,192
239,120,152,175
247,122,145,143
257,113,136,148
259,105,134,163
239,102,155,186
236,95,153,202
243,107,148,195
237,121,156,186
240,113,154,191
234,110,153,200
243,126,149,182
242,124,149,179
254,134,138,173
243,124,151,174
254,128,143,168
251,130,139,146
260,109,138,177
256,115,138,169
244,118,145,163
251,113,143,164
250,111,144,168
254,114,141,163
260,113,136,164
263,119,136,162
246,125,151,155
237,125,154,157
227,130,165,158
227,131,164,145
227,131,169,146
226,135,168,142
236,139,158,140
247,133,147,154
251,139,140,158
266,128,128,177
276,132,118,168
277,129,117,169
274,132,120,166
278,147,115,152
273,137,121,163
273,131,121,175
279,134,112,169
282,137,109,170
283,127,109,175
289,129,102,188
286,121,105,195
289,128,98,189
288,125,100,189
287,132,101,185
284,128,109,185
285,136,107,180
279,138,111,175
285,141,104,171
288,143,104,172
287,138,102,175
293,144,99,173
286,127,106,185
290,135,97,181
293,138,99,175
287,141,101,175
291,146,101,170
285,134,109,183
294,145,92,170
294,144,100,176
292,138,97,179
292,143,98,173
290,145,100,176
291,136,99,170
291,140,93,178
289,139,102,180
294,132,94,183
293,135,94,183
293,129,96,190
290,128,98,189
288,132,99,185
291,137,99,184
291,144,98,170
297,152,86,164
296,146,96,169
292,150,97,161
294,150,82,162
291,139,99,175
284,138,104,170
283,136,109,170
284,134,103,172
280,142,112,166
274,141,116,169
270,137,123,171
254,164,139,149
259,155,132,155
256,139,133,165
257,144,136,155
259,142,134,155
279,124,115,171
262,141,127,148
271,135,119,154
278,129,118,161
286,135,106,154
288,123,106,162
286,126,109,167
294,121,99,168
291,119,101,170
292,127,101,156
288,132,106,153
290,128,106,164
287,128,106,162
285,128,111,164
276,124,122,151
262,116,133,151
262,110,135,152
259,112,141,139
255,106,148,139
247,103,155,134
281,111,128,141
302,98,105,155
317,86,83,168
316,84,84,174
318,80,81,175
313,81,84,175
312,84,86,170
314,77,84,177
311,78,88,176
309,85,92,163
303,88,97,161
299,93,105,150
294,93,112,150
291,89,120,152
291,89,131,148
283,90,147,142
279,88,158,154
275,89,162,153
274,94,162,143
273,90,166,158
274,96,170,142
276,102,175,138
283,102,173,142
283,101,172,141
275,98,181,145
257,91,195,150
263,90,187,149
258,89,184,145
250,85,196,142
255,83,175,154
247,82,187,154
250,82,175,152
253,80,163,158
260,85,144,149
257,85,139,147
255,87,137,140
260,87,126,142
256,71,129,158
254,79,127,146
266,85,123,137
264,84,112,135
278,83,100,129
287,89,91,113
273,88,101,128
286,87,91,121
277,94,99,120
272,94,106,116
270,100,107,111
263,92,114,121
272,93,109,115
256,98,122,120
253,94,125,125
253,98,125,121
250,94,126,126
249,97,125,128
252,95,123,129
256,89,117,133
260,91,112,129
261,93,111,122
250,89,123,128
244,90,130,130
235,92,137,129
243,91,133,132
235,91,138,130
237,92,136,138
242,93,134,132
233,93,141,136
242,93,138,130
238,97,140,129
244,93,136,132
239,91,143,134
241,98,142,127
241,94,142,140
241,96,144,141
237,97,148,139
245,97,144,143
237,98,146,137
242,101,146,145
245,110,147,130
245,116,148,128
258,116,132,130
266,115,127,127
251,108,138,127
257,110,129,133
279,107,110,133
273,110,110,129
281,105,103,141
287,103,95,136
289,103,92,138
292,101,84,136
296,101,79,135
296,100,78,135
299,96,75,141
304,96,69,137
308,93,62,137
311,92,58,131
311,99,57,132
303,95,66,131
313,100,53,121
307,100,58,114
303,125,66,93
302,124,64,92
299,124,68,95
300,129,69,90
302,128,68,96
302,135,66,90
313,136,53,89
310,143,55,82
307,147,50,83
309,149,48,83
309,153,53,85
309,139,55,102
312,136,55,104
315,136,50,106
317,132,52,112
320,134,52,108
315,138,58,107
318,140,58,103
313,145,66,98
318,148,63,94
316,151,67,92
321,152,67,91
322,162,69,81
339,164,58,75
340,168,64,72
343,167,70,74
347,168,73,74
347,167,80,77
346,164,85,79
349,164,86,80
346,164,95,86
341,161,103,85
344,157,102,88
343,159,106,85
344,157,106,87
341,158,112,90
341,156,116,88
341,154,118,96
349,155,107,101
352,157,108,101
352,158,112,101
351,156,114,100
350,152,119,104
350,158,119,99
348,155,121,104
351,151,118,104
350,151,121,105
345,154,126,101
344,152,129,101
348,150,122,103
346,149,128,103
348,148,123,104
347,148,124,106
349,147,121,108
346,145,131,107
345,147,127,103
346,144,130,108
347,145,126,108
345,143,128,111
351,142,116,118
350,155,108,111
351,141,104,118
349,141,106,127
348,143,100,127
348,141,100,128
347,147,94,115
346,151,95,108
350,144,94,114
349,142,96,116
351,141,91,124
350,142,94,116
351,142,93,121
353,139,90,123
350,142,93,123
353,140,85,122
354,140,76,122
352,134,83,128
348,135,85,123
348,133,79,126
348,134,73,128
347,127,68,134
347,127,67,128
346,147,57,124
347,158,47,113
341,127,60,123
336,121,60,131
334,118,60,126
335,115,57,136
322,117,68,134
311,122,77,130
302,114,81,139
295,113,78,142
286,114,93,136
278,117,94,137
266,116,107,135
241,110,126,139
235,105,139,139
234,106,139,139
230,103,141,144
234,108,138,136
234,109,136,136
250,110,123,125
239,103,126,141
235,104,132,136
232,108,138,136
235,108,131,128
237,103,130,139
244,109,120,119
233,117,132,122
230,111,133,130
238,114,131,124
230,110,134,125
233,120,133,113
231,118,138,117
230,124,140,111
230,124,140,108
229,134,142,100
231,145,144,90
230,118,149,115
227,135,149,99
228,156,147,79
248,140,124,90
251,157,121,71
238,160,140,65
251,166,125,59
257,170,120,48
247,176,131,42
247,173,133,44
237,178,144,37
232,180,151,37
228,178,155,40
231,180,149,36
230,182,151,33
228,181,154,37
230,183,153,34
229,181,152,38
230,183,152,34
232,182,150,35
232,183,148,35
231,184,151,35
229,182,149,36
235,184,145,33
233,183,147,36
233,184,146,34
233,185,147,34
232,183,147,35
232,184,147,35
238,184,142,34
234,184,145,35
229,183,151,36
229,185,153,33
231,185,150,33
234,186,145,33
234,184,145,33
233,185,147,33
232,185,146,34
225,185,155,34
229,185,154,34
231,186,149,34
230,186,150,34
232,187,148,32
227,186,153,34
231,187,148,33
231,186,148,34
229,187,153,33
227,188,154,32
235,188,144,30
231,187,148,33
228,187,153,33
225,189,155,30
226,187,157,31
231,187,148,34
229,186,149,35
231,188,149,32
228,188,152,32
230,189,150,31
227,188,155,32
226,187,155,34
228,188,152,33
228,188,150,33
229,188,153,30
228,189,154,30
226,187,155,33
230,188,152,33
228,189,153,31
228,189,153,31
227,189,153,31
232,189,149,30
231,188,150,31
226,188,154,32
227,189,152,31
226,189,155,31
230,189,150,31
232,188,148,31
232,190,147,29
236,190,144,30
233,189,147,30
233,188,146,31
233,189,147,30
233,189,146,32
231,189,148,31
231,188,148,31
229,189,151,31
233,187,145,33
233,188,145,31
230,188,150,31
233,188,147,31
238,188,142,32
232,185,146,34
239,187,138,32
234,187,143,33
231,187,146,33
233,187,145,32
237,188,139,31
234,187,142,33
233,188,144,33
233,189,145,30
234,188,144,31
232,187,147,32
230,187,149,33
232,190,148,29
234,189,146,31
231,189,150,30
230,191,152,28
231,189,149,29
230,189,151,30
231,190,151,29
231,190,150,29
231,190,150,30
233,190,149,29
233,190,149,29
235,190,144,29
232,190,150,29
230,190,151,30
231,190,148,29
230,190,151,28
230,190,151,28
232,191,149,28
235,190,146,29
231,190,150,28
231,190,150,28
229,189,150,30
233,190,148,29
230,189,148,31
233,189,148,30
228,190,154,29
235,189,146,29
239,190,141,29
246,190,132,29
247,190,130,29
248,190,127,30
253,191,123,29
255,191,118,28
254,189,121,29
253,189,121,31
256,190,116,30
256,189,118,29
258,188,116,30
260,189,117,30
250,189,125,29
249,187,130,30
241,184,135,37
238,180,138,41
244,183,131,41
253,181,122,40
251,175,121,60
258,151,115,83
265,145,110,90
273,152,98,84
248,132,107,102
250,125,123,109
249,126,125,107
251,127,122,106
244,124,130,109
234,123,134,109
231,119,139,113
234,117,136,119
231,113,140,123
230,112,141,127
233,115,139,120
232,115,137,118
230,111,144,121
230,112,142,122
230,114,144,123
233,120,133,113
233,118,136,115
233,130,134,104
229,126,137,110
233,138,135,100
233,138,138,98
232,138,133,97
233,139,136,97
234,140,133,94
237,145,134,91
237,144,131,90
240,147,129,88
245,152,120,86
244,153,122,75
243,156,125,79
252,159,110,71
246,160,122,71
248,162,116,71
250,161,112,70
250,164,114,68
249,164,116,67
251,165,116,68
249,165,121,65
247,166,118,63
245,168,123,62
247,169,122,60
246,167,123,61
246,166,124,61
244,164,126,67
246,162,122,67
239,163,130,66
239,158,131,76
245,160,123,69
243,155,116,78
243,153,115,80
242,152,122,83
244,149,110,83
245,148,102,84
250,148,99,85
250,148,98,84
249,148,98,81
254,146,94,86
258,147,90,84
259,146,91,85
261,148,87,87
261,146,90,87
261,147,88,85
261,146,88,84
262,146,83,88
270,149,80,83
273,143,87,86
274,142,73,89
274,141,67,94
276,141,68,92
278,141,65,93
277,141,75,91
276,139,77,93
279,138,69,96
279,138,73,91
281,136,68,96
282,135,67,95
282,135,82,94
281,133,86,96
281,135,86,92
281,133,75,94
280,131,83,99
280,132,88,97
286,131,81,89
285,133,82,91
282,131,77,94
283,132,85,94
281,135,86,91
280,134,84,92
281,136,72,91
284,139,70,87
285,139,62,87
284,140,67,87
282,143,75,82
279,147,84,83
273,148,90,79
264,150,98,76
258,149,105,76
266,147,95,77
257,147,107,82
248,153,115,80
239,150,122,82
236,157,125,83
236,154,126,78
236,160,123,75
235,155,126,82
233,160,127,74
233,156,123,80
234,160,123,71
233,165,126,74
235,158,128,76
237,163,121,78
233,160,119,61
233,160,114,62
232,157,115,71
235,153,121,82
234,150,130,89
232,142,132,83
232,141,133,87
233,135,131,97
233,136,135,98
231,138,134,97
230,135,136,104
236,129,128,99
229,129,138,97
229,131,135,93
237,131,130,89
237,134,128,94
237,132,125,96
242,131,114,93
244,131,116,93
241,128,121,98
239,133,124,94
239,132,127,92
244,136,120,87
246,134,117,88
246,137,115,83
249,137,109,81
254,140,97,79
253,141,97,81
247,142,107,77
258,142,89,79
261,143,86,75
261,144,89,76
264,143,85,76
264,143,86,76
245,145,100,75
235,140,115,81
236,135,124,84
239,136,125,85
239,135,123,84
240,139,123,80
240,137,119,82
237,132,127,88
236,137,112,81
237,133,112,86
234,132,117,89
233,133,120,87
234,134,116,88
233,131,124,93
231,129,133,96
229,135,132,89
228,132,137,92
227,129,139,96
225,130,142,97
219,135,148,96
221,128,149,105
224,129,145,102
219,128,149,102
225,133,145,92
225,132,147,89
224,135,149,87
225,138,145,86
225,139,146,83
226,140,144,83
225,140,150,83
227,142,145,82
228,142,146,85
228,146,143,88
234,145,136,78
230,146,143,81
229,146,145,81
233,147,138,76
230,146,143,81
234,144,141,81
232,146,137,83
242,147,129,82
234,148,137,85
244,151,125,72
247,152,126,75
241,149,122,79
245,148,121,80
242,148,131,80
240,148,123,81
238,150,135,82
245,148,125,80
230,146,140,86
233,149,139,81
236,153,137,82
227,149,148,77
224,152,154,81
226,151,151,77
234,153,139,81
229,147,150,82
235,150,138,86
235,148,139,85
249,150,123,86
250,151,114,81
248,160,121,77
255,162,116,72
256,168,104,67
260,172,111,64
269,170,101,71
276,167,82,67
275,165,78,68
276,163,77,68
271,157,81,75
266,151,87,80
269,146,82,85
266,141,87,86
266,137,87,95
264,132,91,101
261,132,95,104
265,133,88,97
269,126,86,95
258,125,95,107
255,121,103,107
251,119,108,106
246,117,129,107
239,115,138,121
235,104,155,127
228,102,170,130
226,97,171,138
229,99,164,136
225,96,173,139
225,94,169,140
226,96,168,142
228,91,165,146
224,94,168,140
222,99,168,134
226,98,163,134
228,102,161,125
221,106,168,127
223,108,158,128
225,113,159,120
225,122,151,110
222,101,159,136
228,123,152,114
226,135,160,105
226,123,161,108
235,131,151,106
235,135,152,99
231,122,159,114
232,117,157,117
231,125,160,111
257,117,149,121
240,122,170,116
240,140,161,97
253,143,158,93
241,139,166,94
247,141,176,93
240,147,185,86
246,144,184,96
238,147,195,91
245,145,196,95
237,141,209,94
233,143,218,89
233,136,230,95
233,133,233,103
226,117,248,122
219,107,261,136
219,110,259,132
210,103,273,138
213,103,270,140
208,101,277,141
207,99,280,145
209,102,281,139
204,102,289,136
204,95,298,142
201,95,303,141
200,92,304,146
208,92,301,140
210,99,283,141
213,87,292,149
214,83,281,155
219,74,276,159
230,69,257,165
235,63,242,174
234,54,238,183
237,60,231,173
235,54,233,181
242,53,221,183
250,56,215,183
244,54,212,182
249,56,202,180
227,47,224,203
223,46,216,191
221,46,217,198
212,46,220,204
204,38,222,205
200,42,219,198
195,45,217,197
190,42,216,198
181,36,217,206
164,33,222,224
158,31,222,217
159,36,221,210
147,20,226,236
137,27,231,231
132,32,232,223
121,30,240,228
125,13,226,256
117,17,221,262
121,26,203,227
121,15,185,254
124,8,175,248
168,4,131,249
137,2,150,247
122,7,158,249
159,6,121,244
146,6,129,251
129,4,139,263
118,2,144,263
112,8,158,255
114,14,151,249
110,25,164,254
115,46,152,228
106,51,166,222
115,66,162,208
105,77,161,200
101,72,174,201
98,88,176,190
98,108,191,167
224,132,150,120
227,129,142,107
232,130,135,92
233,131,137,87
227,133,140,86
202,163,123,100
190,167,114,102
190,176,111,98
190,178,107,97
192,150,99,124
193,152,92,119
192,153,88,120
190,161,90,117
189,161,102,113
188,170,112,108
189,179,112,96
165,183,128,91
188,185,115,91
178,181,118,93
190,189,114,87
170,186,139,89
101,194,167,77
109,203,192,71
88,191,165,68
176,207,152,74
186,204,123,75
218,215,106,62
219,216,98,62
224,220,80,59
231,217,71,58
234,221,71,54
233,221,70,57
232,218,71,59
233,219,71,58
234,217,70,60
233,219,72,59
