278,188,101,126
274,184,105,135
271,179,112,142
276,181,108,135
277,182,104,138
274,184,106,136
273,184,106,137
275,178,109,143
274,175,108,144
274,181,108,140
279,184,99,134
276,181,105,138
273,181,109,139
274,179,106,145
275,175,112,146
276,182,105,139
272,179,106,140
276,176,110,143
271,185,101,136
271,185,106,133
275,180,107,138
271,181,100,138
270,186,107,133
265,185,109,135
266,184,107,139
264,186,100,133
264,185,107,133
260,184,104,140
260,180,110,138
256,179,102,145
257,178,106,135
251,184,103,134
248,183,106,135
246,185,99,133
242,184,106,133
241,184,101,135
237,182,105,136
233,184,104,137
228,179,105,142
225,178,102,144
225,182,99,134
218,185,103,133
214,183,102,135
214,181,100,136
208,184,101,135
205,182,107,136
204,182,101,135
201,180,101,140
196,178,102,143
193,180,104,140
189,183,100,133
186,179,100,138
183,180,99,139
179,178,100,140
177,179,100,140
179,183,100,131
176,178,101,143
174,181,101,137
174,176,103,143
173,182,98,139
176,176,103,141
176,184,97,136
175,182,103,136
177,178,99,143
177,179,102,140
176,179,100,139
176,184,101,135
176,182,101,137
177,185,103,137
176,185,98,139
177,185,102,139
175,190,100,137
176,195,104,134
177,202,99,129
175,196,102,138
177,203,101,135
175,205,99,136
177,211,102,128
176,212,97,134
177,219,100,129
175,216,103,134
177,218,102,133
173,222,103,133
178,227,97,125
175,229,101,123
175,232,98,127
175,236,101,118
177,235,98,119
174,239,96,118
176,244,95,110
175,246,92,108
176,251,89,101
176,250,91,104
177,258,90,98
177,258,87,95
176,259,90,99
176,263,89,91
177,267,89,88
176,268,88,85
176,274,86,78
176,272,88,82
177,279,83,74
175,278,91,74
177,274,88,79
176,277,88,77
178,274,85,78
178,274,88,80
178,271,84,81
178,272,87,83
176,274,87,79
176,275,90,80
175,279,84,74
176,276,88,78
177,273,87,79
175,274,89,79
177,270,87,83
175,270,89,84
177,267,88,89
174,268,88,84
175,267,90,87
172,265,93,89
174,265,88,87
172,261,92,93
172,263,88,90
171,260,93,93
172,259,91,95
169,254,93,99
169,254,93,95
167,250,95,104
167,249,94,101
166,245,94,108
167,244,94,113
168,244,95,110
164,242,98,111
166,238,100,117
164,238,101,117
165,233,103,120
165,230,102,127
163,229,104,127
165,225,104,128
162,228,102,132
161,223,110,131
163,220,106,131
160,217,107,138
164,216,105,136
159,208,107,147
164,205,102,150
160,205,103,147
162,197,106,152
159,200,106,151
155,199,112,149
158,193,107,150
161,192,107,149
156,187,111,157
159,188,111,149
156,184,107,154
158,185,107,150
156,182,108,151
157,179,111,152
158,182,102,149
155,182,106,151
155,181,110,151
155,181,112,150
154,181,111,153
154,179,112,152
155,180,110,153
159,183,106,148
156,178,110,156
158,182,112,149
156,185,110,151
158,183,113,147
159,180,109,151
159,177,113,153
161,181,110,151
160,187,113,145
164,181,110,156
163,182,114,150
167,181,112,153
170,176,109,155
174,177,112,152
178,178,107,155
180,180,108,151
183,181,112,148
186,180,116,150
191,176,112,155
194,175,117,154
198,180,115,150
202,178,114,154
207,180,113,149
206,184,118,145
214,182,110,149
215,181,115,150
219,177,118,149
225,186,113,144
227,180,117,150
231,177,116,152
229,183,117,148
237,182,119,147
241,179,116,152
244,183,116,149
252,179,116,148
253,178,111,153
255,183,117,144
258,178,116,151
263,174,114,158
259,182,111,151
267,174,117,164
267,178,121,155
274,176,120,159
279,179,114,150
280,177,124,162
290,179,107,150
283,180,113,152
295,179,107,150
301,177,108,152
294,182,109,149
306,187,111,142
302,180,110,147
313,178,104,150
312,182,110,146
319,182,105,146
318,179,108,151
321,179,108,151
323,179,109,152
322,184,103,145
324,181,112,148
316,175,116,156
320,181,113,146
320,178,106,153
316,184,107,145
316,183,118,146
316,183,111,146
322,178,110,149
315,180,106,151
323,178,107,151
317,180,104,150
315,178,108,151
315,181,108,149
306,179,108,149
312,186,111,140
307,182,108,148
310,180,108,148
305,184,112,147
311,178,109,153
307,183,119,148
304,178,110,155
314,177,107,153
311,177,106,150
313,184,106,146
309,178,111,154
307,179,113,150
314,177,109,156
313,181,112,145
311,178,109,152
314,181,112,148
314,178,104,151
315,180,110,150
311,179,110,149
314,177,115,154
312,181,112,151
312,180,109,151
311,181,109,147
314,180,112,149
310,183,112,145
313,183,111,145
312,178,113,150
311,180,115,150
316,174,107,157
308,179,111,152
313,180,112,149
313,179,110,152
311,180,109,150
312,177,114,154
315,177,114,154
310,180,108,148
313,182,111,144
307,180,114,147
315,178,114,149
307,171,111,155
316,173,117,153
318,173,107,151
311,169,109,156
319,169,110,155
315,165,106,158
318,169,111,154
309,167,109,158
318,163,106,161
316,162,107,157
315,164,113,157
308,162,110,158
317,163,105,154
316,159,108,159
317,157,106,162
314,158,106,157
317,158,112,158
313,163,108,152
314,161,114,156
312,162,107,153
319,159,107,158
317,159,114,158
315,160,109,156
317,158,109,160
310,162,109,155
320,159,106,158
309,163,111,154
320,163,109,153
314,165,112,154
308,167,111,154
312,169,114,150
311,169,109,150
314,167,115,153
317,171,106,149
315,167,106,154
315,174,110,148
314,172,105,150
314,171,107,153
315,173,110,150
310,176,109,148
311,181,118,143
313,178,107,147
315,178,109,150
311,177,106,149
317,175,106,154
312,181,108,151
316,187,107,142
314,183,108,146
311,181,106,154
315,183,108,150
315,182,109,153
313,193,105,140
316,190,109,143
312,188,110,146
315,193,113,142
311,191,106,149
315,178,106,162
318,187,102,151
311,190,108,150
318,195,108,144
314,190,107,153
309,197,115,142
310,198,111,144
311,196,112,147
307,198,116,143
310,199,114,144
310,199,111,143
309,198,116,148
311,198,114,149
309,202,112,146
306,201,118,146
308,206,120,143
304,205,120,144
304,202,123,146
306,201,116,149
306,207,120,143
304,210,124,144
304,208,125,143
304,209,123,143
304,216,124,135
309,214,121,136
303,211,127,139
307,210,122,140
301,212,132,139
302,208,127,141
302,215,128,135
304,210,127,141
306,207,125,148
309,210,120,141
304,213,123,142
308,213,120,136
310,213,121,142
310,209,119,143
305,208,122,145
305,210,128,143
305,213,124,140
308,213,122,136
305,209,123,141
309,212,122,141
308,210,122,144
304,207,125,144
306,208,126,145
307,206,120,148
307,207,123,147
307,213,125,138
306,211,123,140
307,213,124,139
307,211,122,142
306,213,125,138
301,210,127,144
310,209,120,143
311,212,118,143
307,209,126,141
306,209,123,144
305,211,128,140
305,210,126,141
306,208,126,143
308,211,122,143
306,214,124,135
310,212,119,139
303,206,129,144
307,211,124,142
307,212,121,139
307,207,125,145
306,210,127,145
305,215,122,137
308,213,124,140
304,212,127,140
308,211,122,140
304,208,128,145
309,209,123,145
307,212,121,139
308,209,123,141
306,212,125,141
310,211,121,140
307,211,126,140
307,211,123,141
307,214,123,137
304,206,125,147
307,204,125,149
303,209,128,147
304,207,125,143
311,213,121,141
308,212,121,138
304,211,127,141
307,211,123,140
309,206,125,149
307,213,122,139
308,212,122,140
306,209,123,144
307,207,126,146
307,213,122,138
307,209,124,143
304,211,129,141
307,211,123,140
305,210,127,139
307,213,123,138
307,213,126,136
308,208,125,142
306,212,126,138
305,210,127,140
308,207,125,146
310,209,119,144
305,203,124,145
308,209,122,147
305,210,120,144
308,209,124,143
304,209,123,144
313,211,117,145
305,208,122,142
307,209,124,140
306,211,120,142
306,206,122,145
303,209,128,144
300,207,125,145
310,211,122,144
304,207,121,147
307,209,124,143
305,214,123,136
309,213,127,142
304,213,128,139
307,209,121,143
310,212,119,138
302,206,129,142
308,207,123,147
305,208,122,141
302,208,125,143
307,208,123,145
306,210,125,142
306,215,121,137
303,210,127,143
304,201,123,151
301,213,127,138
311,212,117,138
304,207,124,147
303,207,125,147
305,207,126,146
301,202,124,152
308,212,125,144
306,208,121,144
306,210,124,138
305,214,125,140
305,212,123,137
307,208,119,144
307,212,124,144
302,205,121,146
309,211,121,145
305,207,121,146
305,205,125,150
299,210,126,142
305,209,130,147
303,214,129,137
302,211,126,142
306,210,123,143
303,208,126,145
305,207,128,146
300,206,126,147
308,205,120,150
305,205,124,144
303,211,132,143
301,208,120,138
304,210,123,143
304,207,126,147
305,210,124,148
298,204,126,148
307,215,123,137
308,208,121,152
306,213,126,139
305,212,124,139
306,209,121,141
308,210,121,139
304,213,128,138
308,217,123,134
307,212,121,141
308,210,121,143
305,215,124,135
309,209,120,141
308,212,120,140
307,212,124,140
310,214,120,141
308,211,120,140
304,208,123,143
300,212,129,143
306,207,126,148
307,209,123,144
306,212,125,139
310,216,123,137
304,207,122,147
304,213,125,138
306,209,122,141
305,208,127,146
308,210,123,143
307,212,124,140
300,212,131,139
306,210,124,141
303,204,129,148
305,210,126,143
306,209,125,142
308,210,124,144
307,215,120,136
305,210,121,140
306,210,125,139
302,215,125,137
308,205,122,146
306,205,122,147
306,210,124,139
304,208,128,143
308,207,126,145
307,210,123,141
304,208,130,142
305,203,127,149
309,210,120,142
305,208,125,145
308,213,121,138
309,207,125,143
304,208,125,146
303,200,128,155
309,211,121,142
306,211,123,137
312,213,119,138
305,212,124,140
309,210,124,143
313,210,121,147
307,212,119,136
311,208,121,145
310,209,119,143
311,216,120,137
309,212,124,139
309,213,123,141
311,209,120,144
310,207,116,146
313,217,107,137
311,220,107,133
309,224,107,129
313,218,97,138
309,217,104,136
311,226,99,128
309,223,104,128
311,229,100,124
314,222,95,133
312,223,96,129
315,218,92,135
315,219,89,136
320,217,83,137
325,219,78,137
325,222,79,133
323,216,78,141
326,211,74,143
324,207,75,153
317,238,82,118
321,260,69,94
323,264,61,83
323,267,54,78
327,266,46,82
327,266,46,82
327,266,46,82
327,266,46,82
327,266,46,82
327,266,46,82
327,266,46,82
327,266,46,82
327,266,46,82
327,266,46,82
327,266,46,82
327,266,46,82
327,266,46,82
327,266,46,82
327,266,46,82
327,266,46,82
327,266,46,82
327,266,46,82
327,266,46,82
327,266,46,82
327,266,46,82
327,266,46,82
327,266,46,82
327,266,46,82
327,266,46,82
327,266,46,82
327,266,46,82
327,266,46,82
327,266,46,82
327,266,46,82
327,266,46,82
327,266,46,82
327,266,46,82
327,266,46,82
327,266,46,82
327,266,46,82
327,266,46,82
327,266,46,82
327,266,46,82
327,266,46,82
327,266,46,82
327,266,46,82
327,266,46,82
327,266,46,82
327,266,46,82
327,266,46,82
327,266,46,82
327,266,46,82
327,266,46,82
327,266,46,82
327,266,46,82
327,266,46,82
327,266,46,82
327,266,46,82
327,266,46,82
327,266,46,82
327,266,46,82
327,266,46,82
327,266,46,82
327,266,46,82
327,266,46,82
327,266,46,82
327,266,46,82
327,266,46,82
309,276,48,74
309,276,48,74
309,276,48,74
309,276,48,74
309,276,48,74
309,276,48,74
309,276,48,74
319,290,37,63
321,292,28,57
317,287,30,58
316,292,27,60
310,290,31,61
310,290,31,61
310,290,31,61
310,290,31,61
291,283,40,65
281,288,52,58
284,295,53,55
291,298,45,55
298,301,36,54
298,301,36,54
298,301,36,54
298,301,36,54
298,301,36,54
298,301,36,54
298,301,36,54
298,301,36,54
298,301,36,54
298,301,36,54
299,303,29,51
302,308,24,48
302,308,24,48
302,308,24,48
302,308,24,48
302,308,24,48
302,308,24,48
289,304,28,46
289,304,28,46
289,304,28,46
289,304,28,46
289,304,28,46
289,304,28,46
289,304,28,46
289,304,28,46
289,304,28,46
289,304,28,46
289,304,28,46
289,304,28,46
289,304,28,46
289,304,28,46
289,304,28,46
289,304,28,46
289,304,28,46
368,290,31,54
368,290,31,54
368,290,31,54
375,289,42,56
371,291,50,51
367,289,66,56
350,278,79,59
349,281,84,63
347,281,84,64
345,264,84,80
346,262,84,82
345,240,86,104
339,225,96,122
338,220,94,122
343,218,91,126
337,213,92,131
346,210,91,130
338,209,90,132
338,208,99,129
342,210,95,124
338,203,96,129
338,207,103,125
332,203,103,131
341,202,95,131
339,195,98,142
332,200,102,131
330,197,107,139
326,198,106,137
335,199,101,132
329,198,106,135
335,196,104,134
324,190,111,145
327,189,99,140
325,194,112,137
329,194,108,138
332,187,96,137
339,190,103,136
330,189,100,137
336,186,104,145
325,186,110,141
334,184,103,139
335,182,97,132
323,183,110,149
323,183,114,143
311,184,125,149
324,178,102,151
331,177,106,148
321,182,113,137
321,182,111,134
319,178,113,145
323,175,109,151
325,177,103,138
327,176,107,142
336,175,95,133
328,174,106,142
333,179,98,127
329,179,104,133
324,178,108,133
322,178,110,138
327,171,104,145
328,170,103,147
331,174,103,135
320,176,112,146
324,177,103,135
326,175,107,145
328,174,101,137
323,179,108,137
328,173,103,142
332,169,100,154
332,176,99,130
317,178,114,142
319,177,113,142
325,171,104,146
331,172,97,137
324,175,109,141
326,173,104,134
318,176,116,144
329,174,106,141
329,176,104,136
325,178,108,135
328,174,103,138
316,180,117,136
319,177,111,134
324,181,109,134
327,178,111,132
329,173,102,140
313,178,120,144
319,176,115,141
326,174,106,136
329,175,107,143
333,174,98,147
334,177,92,131
331,180,102,135
332,180,100,138
328,182,102,139
331,189,102,128
330,186,96,137
338,188,95,138
334,193,95,137
333,197,102,139
330,201,99,138
337,202,98,140
333,209,98,133
340,220,99,122
332,222,98,123
335,223,91,125
339,225,96,126
332,234,94,117
334,235,98,125
334,232,97,125
329,236,99,123
337,241,96,115
334,240,93,118
333,240,98,118
330,246,97,111
335,238,97,120
332,239,94,121
332,230,99,130
340,243,89,115
335,242,97,116
332,238,96,120
335,233,93,123
330,235,96,122
334,239,97,118
331,241,94,117
331,240,96,117
329,235,97,122
324,241,98,122
322,242,100,119
321,239,101,119
319,240,97,121
315,241,99,116
310,240,100,121
302,234,101,123
309,242,99,120
302,239,95,120
295,242,100,117
290,241,99,120
289,235,100,123
287,237,93,122
280,237,94,123
278,238,95,122
276,236,95,121
268,241,99,120
265,238,97,119
261,238,101,118
256,242,102,115
252,241,99,121
249,235,101,121
244,236,101,128
239,238,105,123
237,238,105,123
228,236,106,122
229,243,108,119
224,238,109,115
226,244,105,117
227,240,107,117
227,240,107,117
227,240,104,122
229,235,105,127
229,241,104,120
232,237,105,119
228,240,101,123
231,238,102,121
226,239,105,119
234,236,101,128
230,239,101,116
230,235,100,126
229,235,102,123
228,234,105,122
230,229,106,127
230,229,104,128
230,225,107,126
228,221,103,125
230,217,107,130
228,212,104,124
227,210,109,130
228,203,100,132
234,199,104,133
228,197,105,130
226,192,113,134
229,188,106,131
228,191,111,128
229,186,107,128
230,179,105,134
231,180,107,129
225,179,109,124
229,173,101,128
230,172,105,123
227,169,103,120
227,168,107,122
225,160,105,126
222,160,113,139
225,154,111,139
222,146,109,149
225,147,114,142
225,146,108,145
225,144,111,150
224,141,107,153
224,144,112,142
221,139,112,157
230,141,105,154
224,136,107,165
226,143,109,146
224,139,112,156
223,137,105,153
224,136,112,159
222,135,110,157
225,139,115,140
223,142,104,138
224,141,110,147
222,141,112,137
224,139,114,154
220,137,112,156
228,137,109,151
226,143,107,133
224,140,110,146
226,140,110,141
218,134,119,161
223,143,111,136
225,141,110,126
223,139,111,145
224,140,109,133
221,142,109,143
218,138,117,151
219,139,115,150
221,137,116,147
224,139,110,147
229,137,106,133
225,137,118,148
232,136,108,145
237,139,102,127
235,146,100,116
232,143,109,126
230,144,110,139
233,140,110,143
233,141,109,144
221,141,123,145
209,139,141,152
211,139,139,155
218,142,132,150
210,142,138,148
206,138,145,155
214,140,134,155
208,141,143,151
209,142,140,152
209,142,138,150
209,144,139,147
209,145,139,145
211,147,135,142
217,142,135,149
209,139,143,155
209,139,142,156
207,138,141,159
211,140,144,151
212,139,137,156
213,140,139,152
215,139,133,157
209,141,140,152
219,143,128,149
215,137,131,156
228,145,124,146
227,141,120,153
228,139,124,157
224,141,136,155
228,145,127,148
229,142,130,153
229,144,125,151
247,143,109,150
234,142,124,154
232,139,128,159
229,140,129,157
242,140,120,157
249,141,112,155
250,142,112,153
264,145,99,144
262,139,99,155
252,145,113,152
253,143,116,147
258,145,109,144
254,143,115,151
254,142,113,151
252,140,121,156
252,140,119,155
250,139,123,151
259,145,113,143
265,142,109,146
262,143,106,142
262,145,111,145
260,141,115,155
259,136,118,150
264,139,110,154
266,140,110,147
270,139,104,150
263,140,114,149
258,140,116,150
262,136,115,150
265,142,109,148
261,137,114,153
261,139,117,147
259,141,114,146
264,139,115,147
265,134,108,157
267,134,111,157
270,132,104,157
264,135,112,152
264,136,112,156
261,143,115,145
264,141,111,142
263,138,110,149
262,138,117,154
260,136,113,149
264,139,112,152
262,139,116,150
263,140,116,142
259,140,117,141
255,135,123,154
263,139,117,141
262,136,115,154
260,137,118,141
262,136,119,152
248,138,134,153
258,138,124,148
252,139,128,148
255,134,126,152
255,138,124,147
252,137,129,144
260,139,121,137
260,135,117,152
261,139,120,147
261,137,117,144
251,137,122,152
262,139,118,144
257,140,121,154
264,139,110,145
265,142,108,150
271,143,102,148
268,145,105,141
257,144,115,146
262,141,109,151
264,144,111,155
263,145,101,147
266,147,103,147
261,146,103,147
260,143,105,153
259,157,101,137
264,149,99,144
263,157,93,137
267,159,99,137
268,155,88,139
260,158,92,136
261,160,95,138
254,151,100,146
260,159,99,139
255,155,94,138
254,160,102,138
258,164,96,137
253,164,93,135
255,162,101,138
256,161,100,139
253,162,95,138
252,166,84,132
252,166,84,132
252,166,84,132
252,166,84,132
252,166,84,132
252,166,84,132
252,166,84,132
252,166,84,132
252,166,84,132
252,166,84,132
252,166,84,132
252,166,84,132
252,166,84,132
252,166,84,132
252,166,84,132
252,166,84,132
252,166,84,132
252,166,84,132
252,166,84,132
252,166,84,132
252,166,84,132
252,166,84,132
252,166,84,132
252,166,84,132
252,166,84,132
252,166,84,132
252,166,84,132
252,166,84,132
252,166,84,132
252,166,84,132
252,166,84,132
252,166,84,132
252,166,84,132
252,166,84,132
252,166,84,132
252,166,84,132
252,166,84,132
252,166,84,132
252,166,84,132
252,166,84,132
252,166,84,132
252,166,84,132
252,166,84,132
252,166,84,132
252,166,84,132
252,166,84,132
252,166,84,132
252,166,84,132
252,166,84,132
252,166,84,132
252,166,84,132
252,166,84,132
252,166,84,132
252,166,84,132
252,166,84,132
252,166,84,132
252,166,84,132
252,166,84,132
252,166,84,132
252,166,84,132
252,166,84,132
252,166,84,132
252,166,84,132
252,166,84,132
252,166,84,132
252,166,84,132
252,166,84,132
252,166,84,132
252,166,84,132
252,166,84,132
252,166,84,132
252,166,84,132
252,166,84,132
252,166,84,132
252,166,84,132
252,166,84,132
252,166,84,132
252,166,84,132
252,166,84,132
252,166,84,132
252,166,84,132
252,166,84,132
252,166,84,132
252,166,84,132
252,166,84,132
252,166,84,132
252,166,84,132
252,166,84,132
252,166,84,132
252,166,84,132
252,166,84,132
252,166,84,132
252,166,84,132
252,166,84,132
252,166,84,132
252,166,84,132
252,166,84,132
252,166,84,132
252,166,84,132
252,166,84,132
252,166,84,132
252,166,84,132
252,166,84,132
252,166,84,132
252,166,84,132
252,166,84,132
252,166,84,132
252,166,84,132
252,166,84,132
252,166,84,132
252,166,84,132
280,255,112,107
313,265,115,87
349,249,99,96
226,213,82,97
227,206,91,100
227,195,108,115
236,172,104,134
235,163,110,140
234,157,109,152
232,164,109,140
235,167,109,138
232,166,110,140
232,163,112,143
231,160,117,149
226,164,113,148
233,163,115,146
232,161,112,152
235,158,116,152
228,156,119,156
228,153,122,160
228,155,116,158
235,156,119,153
232,159,118,155
226,155,122,159
226,161,116,151
229,158,119,152
230,165,115,143
230,165,116,143
226,167,117,141
232,163,112,145
234,161,105,147
232,165,109,143
231,166,114,144
229,164,114,143
232,165,116,144
230,158,112,155
233,159,118,152
233,160,110,151
231,160,115,150
232,158,113,157
233,160,107,153
235,155,113,155
228,150,116,158
235,164,111,149
229,161,112,151
228,159,117,150
231,165,108,143
235,163,108,145
227,168,113,140
228,163,110,145
225,166,110,142
224,167,108,141
220,166,116,142
220,165,108,144
213,162,113,148
211,159,113,149
208,162,110,148
205,163,107,147
202,160,108,152
196,163,111,149
191,162,112,150
189,168,107,141
187,165,108,144
183,159,111,150
179,164,115,146
178,158,109,151
174,164,106,143
172,163,103,146
169,164,103,144
167,162,100,148
164,162,99,147
157,160,109,149
154,161,106,147
149,162,104,147
146,161,109,145
143,159,108,150
142,158,111,150
140,159,104,151
133,162,106,148
134,162,107,148
135,160,107,150
134,161,105,148
140,157,104,148
133,161,111,149
136,161,106,144
137,159,106,148
137,159,107,149
139,157,105,150
140,161,103,150
140,160,102,151
141,161,105,144
140,162,107,146
143,153,106,156
144,161,106,148
146,155,112,153
145,160,108,151
154,159,106,147
148,164,108,144
154,160,112,148
159,162,104,146
161,159,108,151
164,161,108,147
169,163,109,145
174,162,105,144
176,161,109,147
178,162,113,147
182,161,115,145
181,163,107,147
190,159,111,149
190,165,110,144
197,161,109,149
196,161,112,148
204,165,110,140
205,166,114,142
207,161,113,148
212,160,112,148
218,159,111,149
216,164,117,146
221,164,117,144
220,169,118,140
230,166,112,145
233,165,114,144
235,161,113,153
237,161,118,150
246,159,109,153
249,161,116,149
244,158,115,155
254,162,115,145
257,161,116,148
256,161,113,150
259,160,122,149
264,156,120,151
265,155,124,157
271,158,120,151
273,158,121,153
277,155,121,155
279,158,122,156
282,161,124,149
287,156,119,151
287,157,117,152
297,154,119,160
294,158,124,154
300,153,123,157
307,159,119,151
311,160,116,149
313,166,121,145
314,167,130,147
314,158,125,153
324,155,121,156
327,163,121,146
334,158,119,154
332,163,119,145
331,157,122,151
334,159,124,154
345,159,112,152
340,159,113,153
334,162,118,148
334,161,115,145
342,161,114,149
333,160,119,147
335,160,124,153
334,162,115,146
335,159,120,152
332,156,125,160
332,159,121,153
326,156,128,146
334,170,124,139
326,157,124,150
334,163,124,148
330,158,122,152
327,160,124,150
325,152,125,157
330,167,121,148
322,158,130,150
323,155,130,159
320,164,130,149
321,155,127,154
320,160,134,149
316,158,130,156
330,159,121,163
317,158,129,153
322,163,134,150
321,159,124,149
324,160,125,150
323,160,128,155
319,157,133,153
320,158,130,156
318,159,130,157
321,157,130,158
322,159,127,153
324,159,131,153
321,162,126,148
328,168,130,144
323,160,124,151
330,158,126,157
327,161,121,142
331,169,123,140
330,163,124,144
333,159,122,149
339,162,113,148
335,162,119,147
344,159,115,154
335,158,118,146
349,157,103,152
342,160,112,149
343,161,113,147
339,158,115,149
345,162,116,147
344,162,114,145
338,159,117,150
346,155,109,149
341,157,115,152
345,162,114,143
342,156,108,145
340,156,113,151
347,160,107,150
350,163,106,145
339,159,110,147
348,161,110,147
337,161,112,146
346,164,110,141
343,160,112,149
343,159,113,147
348,162,108,145
344,161,111,146
340,162,117,146
339,156,115,152
346,163,118,148
340,161,116,146
342,163,116,147
336,157,115,151
347,161,112,148
343,161,112,148
346,160,110,145
345,161,114,146
336,156,124,157
342,148,113,150
345,158,112,145
338,151,115,148
349,150,110,152
347,155,114,147
348,152,112,153
348,153,111,146
351,155,116,149
350,154,109,145
345,145,114,150
354,147,108,152
347,144,114,147
350,148,114,150
351,150,111,142
351,149,113,144
352,141,108,157
343,141,121,154
347,137,116,160
348,143,118,152
354,147,109,143
347,144,114,146
353,144,115,152
350,143,109,141
350,145,113,148
349,146,112,143
353,144,107,144
350,147,117,147
348,141,114,143
350,146,115,145
347,146,119,149
349,145,113,146
345,142,113,145
352,144,112,147
348,144,113,142
347,142,115,149
349,145,119,149
348,143,118,151
351,150,112,141
348,144,114,142
352,147,110,140
349,146,115,145
349,141,113,145
352,144,114,148
347,143,113,146
340,138,120,146
350,147,112,139
346,141,114,146
351,144,111,144
351,144,113,149
348,144,117,151
350,142,114,150
344,140,120,153
347,143,118,150
347,140,114,145
349,142,119,158
346,141,118,143
348,138,114,151
345,138,115,146
353,135,108,152
346,129,117,153
354,125,116,161
350,124,112,149
350,129,116,146
349,119,113,151
353,125,120,149
350,122,112,144
354,118,111,145
350,115,115,147
349,108,117,151
352,105,114,161
351,98,118,156
352,101,116,155
348,92,119,157
352,96,115,152
353,93,116,151
350,85,119,158
349,82,119,159
346,77,117,159
349,78,123,162
353,77,115,162
352,78,120,164
349,75,118,163
353,78,117,162
353,76,117,166
350,74,116,159
353,79,118,159
352,83,120,162
348,77,121,164
352,72,120,170
349,85,117,159
356,90,114,158
347,88,117,157
352,91,117,162
352,94,115,159
352,100,115,150
351,99,118,160
346,96,118,156
357,104,107,156
353,107,113,156
345,116,116,150
345,114,118,149
354,127,117,142
341,117,121,149
351,128,109,147
353,132,111,146
349,129,112,151
351,135,116,148
346,130,114,146
350,136,116,146
350,145,119,143
345,143,111,141
348,148,113,140
345,145,115,148
351,151,111,146
346,158,120,145
340,159,122,143
343,158,114,140
351,160,110,145
353,166,105,142
352,169,106,138
344,164,111,147
352,171,112,140
344,176,114,139
348,176,114,140
346,175,111,142
350,177,109,148
344,175,111,150
347,184,111,145
352,186,100,143
349,186,102,140
346,193,110,141
344,194,108,137
351,203,109,135
342,198,111,143
347,199,110,144
343,203,104,135
347,214,109,128
339,207,108,134
348,213,103,133
343,214,103,129
339,215,111,133
343,217,108,133
339,212,108,137
345,215,105,136
336,214,110,133
341,214,110,137
339,215,109,131
340,214,114,138
343,205,105,142
351,217,103,139
339,213,113,139
345,213,103,138
348,217,107,137
347,211,103,142
348,205,97,146
344,217,109,135
338,210,108,137
351,217,103,138
339,209,107,137
339,207,113,144
340,209,107,141
340,215,114,141
339,206,106,142
344,211,104,139
345,220,109,129
345,212,103,134
346,212,106,134
341,212,112,134
348,209,103,137
345,210,104,141
346,205,104,140
345,205,109,141
347,208,109,135
346,201,105,144
350,210,105,137
343,208,103,132
350,211,107,138
342,206,104,135
348,212,108,140
342,201,106,142
351,214,103,135
342,212,104,130
338,211,113,135
341,209,112,141
344,210,102,136
340,212,114,138
344,212,110,140
342,210,101,135
341,220,114,132
339,212,106,133
342,220,109,132
334,215,111,135
341,220,108,133
336,218,108,130
342,225,107,129
338,222,112,133
341,228,105,123
338,223,106,130
335,221,108,131
341,227,106,133
335,219,106,135
339,228,109,134
333,226,111,131
333,224,107,129
337,229,106,125
335,227,104,125
335,228,104,125
337,228,104,127
333,230,103,120
339,233,102,122
338,233,96,121
331,230,103,125
331,233,104,123
327,235,108,122
330,239,103,116
325,237,109,117
332,237,102,118
329,237,100,118
332,240,99,116
327,238,105,118
329,240,102,115
324,238,107,116
328,237,101,118
330,241,103,115
325,237,107,122
321,240,110,116
325,241,108,115
326,237,107,119
328,237,105,120
332,238,102,121
327,237,104,125
333,239,101,118
328,233,101,121
328,241,103,115
326,239,107,119
326,237,108,123
322,237,106,119
