333,183,75,95
348,183,70,102
356,186,66,96
364,188,67,89
368,187,66,91
373,186,64,82
376,183,66,82
378,181,64,79
378,177,66,86
379,176,64,76
377,177,67,77
375,175,72,84
375,174,71,84
372,173,70,82
373,174,69,85
376,173,66,80
379,174,66,79
382,174,67,78
386,175,68,81
387,178,69,79
389,180,67,81
390,180,67,77
390,177,67,79
390,174,66,81
388,172,67,81
386,172,69,82
388,171,67,78
390,172,67,81
392,172,68,79
396,173,66,79
398,175,65,81
401,179,66,80
408,183,64,77
415,190,63,79
420,195,64,79
425,196,64,79
432,198,64,75
432,197,64,73
431,193,67,77
431,185,66,78
430,176,67,78
427,166,70,82
429,160,67,75
426,151,67,76
424,145,65,73
422,137,65,80
418,134,65,81
416,131,66,76
413,134,64,78
410,138,66,79
402,146,65,81
399,154,63,72
390,161,68,71
390,164,66,72
386,168,67,75
387,169,65,80
386,173,65,80
387,178,65,79
387,178,64,77
387,175,68,82
387,172,70,85
390,168,67,79
394,166,68,75
399,161,66,75
410,152,64,81
417,149,66,84
424,147,65,86
432,146,65,84
438,146,65,86
441,146,67,85
444,147,70,81
447,150,69,78
450,156,71,75
452,159,70,77
454,161,70,75
456,162,66,75
455,162,67,78
456,163,66,75
456,161,66,80
455,161,68,79
455,163,69,78
457,161,66,79
457,159,67,79
456,157,68,80
456,155,65,80
453,153,67,84
451,152,69,77
451,149,65,76
450,146,66,78
449,145,67,75
449,143,65,77
449,142,66,82
448,142,66,79
448,140,65,76
446,139,65,73
445,136,65,71
443,131,65,72
443,126,62,66
440,123,63,69
437,118,62,69
433,113,62,69
433,109,60,68
431,107,62,75
434,110,60,70
434,114,60,69
437,117,58,75
437,117,60,80
439,121,59,79
440,124,58,76
438,129,60,78
438,134,57,73
438,140,53,66
437,146,52,59
435,151,52,53
432,152,52,51
430,152,51,49
429,153,52,48
428,152,52,48
427,153,52,45
428,152,52,44
427,155,54,41
429,159,51,35
430,163,51,40
419,175,47,48
420,183,38,54
435,185,24,59
437,189,21,63
437,192,22,56
438,197,21,57
438,201,21,60
439,206,22,58
446,225,23,55
445,220,30,57
440,213,36,58
439,207,32,57
449,221,41,47
449,221,41,47
449,221,41,47
449,221,41,47
449,221,41,47
449,221,41,47
449,221,41,47
449,221,41,47
449,221,41,47
449,221,41,47
449,221,41,47
449,221,41,47
449,221,41,47
422,195,38,54
432,191,28,59
434,190,27,58
434,189,27,61
436,190,26,61
433,189,29,59
430,188,33,63
429,185,33,69
423,184,40,67
415,184,49,61
404,182,56,70
390,181,66,77
383,180,68,82
377,181,74,74
368,178,82,80
360,179,83,77
353,178,92,77
346,174,76,79
347,175,84,79
342,175,96,77
339,175,98,77
339,174,98,77
338,173,100,77
338,172,100,76
325,170,96,79
336,170,103,76
328,170,92,81
334,175,83,70
329,177,89,76
326,178,101,76
319,179,96,80
323,179,104,74
319,179,81,74
323,178,65,75
323,179,65,78
323,179,64,76
324,179,65,78
325,178,65,74
324,179,65,79
327,179,65,73
328,177,64,72
329,174,62,74
330,172,66,78
331,172,66,69
333,170,65,75
336,168,63,69
337,167,63,75
338,167,62,71
338,169,64,69
338,167,63,76
338,168,64,67
336,166,64,75
337,166,64,73
337,165,64,79
339,165,63,81
341,163,71,86
349,162,69,85
358,160,68,86
364,158,69,81
370,156,68,76
372,159,65,77
376,160,69,81
380,157,70,86
386,157,69,87
390,158,70,84
396,158,67,87
401,159,67,86
404,161,67,84
411,160,65,86
416,160,64,83
420,161,68,76
428,161,64,76
434,163,64,74
441,167,65,70
448,168,66,75
456,171,67,74
464,177,67,73
478,191,64,68
482,195,62,69
485,199,58,69
482,196,60,67
478,192,58,70
467,186,62,67
458,181,61,64
449,177,61,63
439,175,61,62
431,170,60,65
421,166,62,65
415,164,60,67
407,161,61,71
399,159,62,71
388,154,63,71
373,146,64,73
364,141,64,70
360,137,58,75
359,140,57,74
360,148,60,73
361,155,60,69
365,159,59,67
367,162,59,66
369,164,59,67
373,168,57,64
377,172,57,66
381,180,59,64
387,184,58,68
391,194,60,64
392,196,63,66
397,199,61,69
403,202,57,69
407,206,58,66
413,208,56,68
415,209,59,69
418,212,60,69
422,214,58,69
424,214,62,70
432,215,57,73
437,214,59,75
443,214,60,72
448,212,60,72
454,207,62,74
464,193,64,75
475,184,63,74
482,174,66,75
488,163,68,76
497,155,65,76
497,145,65,77
503,136,61,78
501,124,63,84
493,123,68,82
490,118,65,82
486,113,67,78
476,104,67,78
468,98,70,77
462,92,75,78
455,86,79,78
449,86,93,77
446,89,100,74
428,78,86,88
441,82,70,78
443,78,66,90
444,78,61,81
442,78,64,84
442,79,60,78
439,81,60,75
438,83,61,73
437,86,58,75
433,89,59,72
429,94,59,69
428,94,58,74
424,97,59,71
421,100,58,78
418,101,62,79
418,101,60,86
414,104,59,86
411,106,61,87
406,110,62,84
404,113,63,85
402,119,64,79
401,123,66,76
404,128,64,74
407,135,62,76
412,141,60,75
417,147,59,69
426,160,59,68
432,166,60,70
438,174,57,67
444,181,53,70
446,192,53,69
448,205,60,67
451,222,66,68
451,238,69,63
452,250,68,53
449,260,79,41
441,261,74,37
431,262,73,34
399,232,70,38
384,231,64,50
385,229,58,61
389,224,45,69
374,226,31,72
366,228,24,66
358,227,21,66
348,226,17,69
339,227,15,72
330,227,13,71
321,228,13,74
321,228,13,74
321,228,13,74
321,228,13,74
321,228,13,74
321,228,13,74
321,228,13,74
321,228,13,74
321,228,13,74
321,228,13,74
321,228,13,74
354,238,16,70
354,238,16,70
342,232,21,75
342,232,21,75
342,232,21,75
256,279,26,75
232,277,39,80
213,279,56,79
209,287,68,76
206,287,77,84
208,292,79,83
210,298,86,82
215,303,88,80
222,308,81,76
232,312,77,72
241,314,77,69
254,317,74,68
270,325,81,61
282,341,85,44
282,341,85,44
282,341,85,44
282,341,85,44
282,341,85,44
282,341,85,44
282,341,85,44
376,338,93,45
386,317,97,56
397,314,87,59
402,290,91,70
406,257,93,81
427,235,77,88
433,207,78,103
437,187,78,100
439,174,79,101
442,160,77,103
442,150,78,105
440,145,83,105
449,135,74,108
449,132,78,92
452,130,78,92
456,128,78,91
452,126,82,101
460,124,75,93
459,122,78,100
457,122,81,95
457,121,80,101
457,121,77,89
454,121,78,85
452,124,77,89
449,127,75,87
444,128,78,88
442,128,78,100
439,130,81,100
438,128,78,98
438,126,75,89
435,125,76,88
435,120,73,98
431,118,75,103
425,118,74,99
421,119,76,104
417,120,76,106
416,124,72,97
413,128,70,97
405,131,74,97
401,133,73,94
397,135,74,90
390,136,74,89
385,137,75,93
379,138,75,94
373,140,76,94
370,141,74,91
369,146,72,85
368,149,72,81
366,149,72,82
365,153,72,83
363,151,70,86
360,151,71,84
355,147,73,88
351,144,74,85
347,137,77,93
348,132,75,88
350,123,75,89
350,112,79,97
353,101,79,103
358,96,78,100
356,93,84,107
356,92,76,101
350,100,78,85
342,116,76,86
328,136,80,95
315,161,82,104
299,186,86,114
291,208,81,111
272,223,90,123
256,234,98,130
250,233,98,132
248,229,98,128
250,219,97,128
258,202,91,123
262,187,95,118
276,170,86,110
285,153,87,113
297,139,80,107
306,130,83,108
317,120,82,109
324,119,83,93
328,115,86,88
333,111,85,95
337,108,85,95
341,106,84,94
345,103,87,96
351,98,89,107
355,94,100,111
363,85,112,116
374,82,104,112
391,82,91,122
410,78,90,135
434,93,93,128
448,97,97,123
462,102,96,108
475,110,93,101
482,115,97,104
489,118,91,101
489,120,90,102
488,117,89,105
487,117,89,108
483,117,90,107
483,119,89,104
483,119,89,105
488,123,87,99
489,129,88,96
490,130,88,98
491,136,86,96
489,137,87,100
487,142,84,100
483,147,84,98
478,149,86,97
472,146,83,103
463,145,81,93
450,143,79,96
436,142,81,101
420,141,81,106
406,143,80,108
389,146,79,102
370,149,86,111
358,150,80,109
342,149,82,107
332,148,80,108
318,152,81,106
304,157,82,108
289,162,84,108
279,167,83,111
266,169,86,119
258,169,87,116
251,167,89,116
246,167,90,114
247,163,90,119
247,161,96,122
256,158,91,128
267,159,89,125
269,160,94,126
278,160,94,128
279,164,94,127
286,164,94,125
282,165,93,130
285,165,96,129
289,162,98,130
297,160,97,124
306,156,97,125
316,150,98,125
328,145,103,131
341,145,101,140
351,156,102,137
356,174,106,134
363,202,104,134
365,233,103,137
364,270,101,118
362,301,98,90
347,311,105,77
347,311,105,77
347,311,105,77
347,311,105,77
347,311,105,77
347,311,105,77
347,311,105,77
347,311,105,77
347,311,105,77
347,311,105,77
347,311,105,77
347,311,105,77
338,342,90,61
340,342,87,43
342,336,81,46
345,331,78,53
346,323,76,61
344,317,77,67
345,310,73,72
347,303,70,79
341,289,74,90
342,279,73,100
342,269,76,104
345,266,72,91
346,259,69,88
348,254,68,88
352,243,70,89
353,237,68,85
354,227,67,82
357,218,66,81
359,207,67,83
360,198,66,77
363,189,64,81
366,179,63,80
366,170,64,77
366,163,66,78
368,160,64,72
370,151,65,76
372,144,66,76
376,138,65,77
381,134,65,75
387,130,64,67
390,127,59,68
387,124,65,70
384,125,58,68
372,125,62,67
361,123,62,72
348,120,67,75
342,118,66,77
338,117,63,80
333,118,63,83
334,120,63,82
332,125,68,74
333,128,72,74
331,130,70,75
330,131,66,74
328,129,65,83
327,127,63,88
328,126,65,90
330,127,65,88
330,130,70,92
332,137,65,92
334,144,68,92
337,150,69,91
343,159,75,90
345,166,93,85
351,169,90,87
353,172,93,91
350,164,90,92
346,154,84,84
342,140,86,97
343,134,92,100
347,130,109,100
360,135,100,88
369,135,93,92
379,138,88,83
381,143,91,94
406,142,76,83
397,144,89,92
411,145,80,87
410,149,85,74
414,149,80,67
414,149,80,67
414,149,80,67
414,149,80,67
414,149,80,67
414,149,80,67
414,149,80,67
414,149,80,67
414,149,80,67
414,149,80,67
414,149,80,67
414,149,80,67
414,149,80,67
414,149,80,67
414,149,80,67
414,149,80,67
414,149,80,67
414,149,80,67
414,149,80,67
414,149,80,67
414,149,80,67
489,185,69,55
507,183,56,64
512,194,59,63
516,199,63,66
507,198,78,72
505,186,93,81
503,175,106,91
512,165,100,102
517,162,98,105
522,161,97,103
526,162,97,105
533,160,94,112
535,162,93,112
534,166,97,116
532,171,98,114
528,172,97,113
524,170,97,110
516,162,96,101
508,153,98,101
500,147,103,95
497,140,96,97
494,139,89,96
494,134,82,96
485,133,82,93
477,132,82,90
467,134,82,86
459,129,79,92
450,126,76,93
440,121,75,93
427,118,78,96
422,115,73,95
411,107,78,101
409,101,77,98
406,97,80,100
408,96,79,99
415,97,75,95
426,99,73,97
434,100,72,94
437,101,76,88
442,106,76,85
444,110,74,87
444,117,76,87
447,123,74,91
448,137,74,86
449,147,73,84
450,154,70,84
449,157,72,83
450,156,71,85
447,163,72,79
445,167,75,84
443,174,76,85
442,184,76,85
442,190,73,88
443,196,71,85
442,201,73,81
443,205,67,82
444,207,68,82
444,210,63,76
446,208,63,78
450,206,60,76
451,206,59,69
454,204,58,68
456,204,58,64
466,205,57,55
472,207,57,50
478,207,56,45
483,211,55,40
487,213,55,36
493,214,53,34
493,214,53,34
493,214,53,34
493,214,53,34
493,214,53,34
493,214,53,34
493,214,53,34
493,214,53,34
493,214,53,34
493,214,53,34
493,214,53,34
493,214,53,34
465,201,49,40
476,200,35,42
480,197,35,46
494,194,26,50
492,191,22,53
496,190,14,55
484,189,19,56
495,188,12,59
494,186,14,59
493,183,17,62
492,182,19,61
492,180,23,64
491,179,27,61
491,176,29,65
490,172,32,62
491,170,35,65
491,168,34,63
496,168,28,58
495,166,30,57
491,164,36,59
485,161,44,61
474,160,50,62
458,158,55,64
443,156,58,63
433,154,59,69
419,156,61,70
409,155,65,77
395,153,69,83
387,148,73,87
370,145,75,87
362,143,71,84
357,139,70,89
352,138,72,92
349,136,71,91
348,135,70,88
349,132,66,92
344,131,68,98
343,130,68,97
343,131,68,97
341,132,69,98
338,133,74,94
338,134,69,88
338,135,65,80
338,135,66,86
339,135,70,90
345,139,69,95
355,149,71,90
367,157,74,91
380,163,76,88
393,164,78,90
405,169,74,90
419,175,72,87
429,175,73,86
439,175,73,83
446,174,72,81
452,173,68,79
457,174,67,76
458,176,67,73
468,174,63,71
467,171,67,75
475,167,63,76
476,166,63,74
476,163,65,72
475,160,66,72
475,157,65,75
476,155,64,77
476,156,66,76
475,156,67,74
476,155,66,75
477,153,66,80
476,154,70,77
478,154,69,77
479,155,69,75
481,154,65,76
480,156,67,72
480,154,67,78
480,154,66,79
479,153,68,81
479,154,67,79
479,156,66,75
479,157,64,73
479,156,63,80
477,159,66,77
478,158,64,78
476,158,66,77
477,158,65,78
477,158,63,78
475,159,66,74
476,156,63,78
476,157,64,76
474,157,64,76
472,157,66,75
473,161,65,71
471,161,64,73
469,159,65,79
464,158,68,75
461,155,66,76
457,154,67,70
455,149,63,74
451,148,63,68
449,143,57,64
448,139,53,62
444,136,56,69
443,130,53,70
442,128,50,67
440,123,46,55
439,120,43,47
434,114,45,47
429,109,49,43
427,109,48,38
426,106,49,36
425,105,48,32
425,104,48,31
426,104,49,31
425,107,48,24
424,105,47,24
422,105,48,21
424,104,44,16
424,103,42,14
419,102,45,12
416,100,44,13
416,100,44,13
416,100,44,13
416,100,44,13
416,100,44,13
416,100,44,13
416,100,44,13
416,100,44,13
416,100,44,13
416,100,44,13
416,100,44,13
416,100,44,13
416,100,44,13
416,100,44,13
416,100,44,13
416,100,44,13
416,100,44,13
416,100,44,13
416,100,44,13
417,94,46,14
417,96,46,18
415,100,44,18
415,98,45,25
412,96,48,31
410,95,52,38
408,96,51,42
409,101,48,45
406,107,49,52
406,114,47,54
403,122,54,63
399,135,58,68
394,149,59,74
389,154,64,80
386,152,66,85
385,150,65,85
383,146,63,90
376,143,73,94
374,139,77,94
364,134,88,100
364,132,94,99
366,132,96,100
384,135,86,85
393,136,70,85
404,137,61,86
411,139,53,85
410,139,54,87
417,140,48,90
419,142,48,87
420,144,51,82
421,144,53,79
423,145,51,79
424,148,52,73
425,149,50,74
427,152,51,68
428,157,54,60
430,152,53,65
432,153,54,61
432,151,57,63
436,143,57,71
446,138,51,73
450,137,52,72
446,144,63,66
447,153,71,55
451,153,71,52
455,162,69,42
463,152,66,51
464,157,72,44
470,163,67,37
482,150,61,45
484,145,55,47
484,145,55,47
484,145,55,47
484,145,55,47
484,145,55,47
478,124,61,36
473,129,62,33
469,134,59,40
460,142,56,46
457,151,57,56
450,163,57,68
445,180,57,71
440,194,58,81
431,209,60,83
424,216,63,92
416,220,67,91
409,219,66,90
394,215,74,93
392,213,66,86
386,213,69,86
384,217,69,85
383,222,69,84
382,228,68,83
383,230,67,86
381,234,68,86
380,236,67,82
379,239,69,84
380,241,69,83
383,246,69,83
385,245,67,86
383,245,71,83
382,245,71,82
382,242,71,84
381,240,71,82
378,236,71,85
377,231,72,84
374,227,70,89
369,227,70,92
363,229,71,97
355,234,71,96
346,241,72,95
339,241,71,102
328,242,77,107
316,248,82,107
312,252,78,114
304,259,82,118
300,264,80,120
296,277,79,108
292,293,83,96
286,307,82,82
276,331,89,57
276,331,89,57
276,331,89,57
276,331,89,57
276,331,89,57
276,331,89,57
276,331,89,57
276,331,89,57
276,331,89,57
276,331,89,57
276,331,89,57
276,331,89,57
276,331,89,57
276,331,89,57
276,331,89,57
276,331,89,57
276,331,89,57
276,331,89,57
276,331,89,57
276,331,89,57
276,331,89,57
276,331,89,57
276,331,89,57
276,331,89,57
276,331,89,57
136,326,96,59
146,280,105,79
162,203,100,100
180,166,90,107
188,137,81,103
186,113,79,103
181,81,72,94
173,67,76,94
169,60,73,87
162,56,79,96
155,52,82,109
156,51,81,113
156,50,78,101
154,50,79,105
151,50,83,104
152,48,80,112
149,49,82,112
148,48,83,115
148,48,79,106
145,46,84,113
146,45,86,120
159,40,78,114
170,42,76,114
189,46,76,110
206,52,74,110
222,60,70,109
236,66,65,100
246,72,63,92
253,77,59,82
258,77,61,79
259,79,61,79
263,79,59,81
265,82,54,69
261,81,57,76
261,81,56,75
256,82,59,69
255,85,57,64
254,86,55,62
249,87,58,67
245,88,58,65
245,88,57,68
243,89,57,67
244,91,57,67
241,91,60,69
245,92,59,73
245,94,59,70
246,96,61,73
249,96,62,78
251,97,60,81
249,99,59,81
248,98,61,81
249,97,62,85
246,98,63,80
245,97,65,85
246,98,62,83
245,102,63,81
246,102,61,82
244,106,61,78
244,105,63,78
243,105,66,80
241,104,66,85
243,104,66,87
247,106,62,85
248,108,65,84
249,110,67,82
255,110,66,85
259,111,66,84
263,109,66,84
267,108,65,79
275,102,67,78
283,95,69,82
293,84,69,90
306,74,67,89
318,73,65,89
335,63,60,78
345,62,62,79
361,56,58,73
370,54,61,68
383,50,60,66
394,46,65,68
407,42,64,72
417,40,60,71
429,39,61,70
437,43,63,75
446,45,64,78
454,55,67,72
461,63,69,77
466,72,69,86
469,81,70,91
472,91,70,94
474,99,73,96
475,107,75,95
476,116,74,98
479,122,74,96
476,129,75,98
473,133,81,94
472,138,80,93
467,136,82,97
460,135,81,99
450,132,81,105
443,129,81,106
440,127,75,96
425,124,84,105
419,121,81,107
410,120,83,110
403,122,85,106
393,123,89,108
371,129,93,106
349,129,90,107
325,129,92,111
293,128,93,114
257,129,104,125
212,131,104,132
160,137,114,144
87,143,147,167
16,152,182,174
-3,154,139,184
-5,150,122,195
-1,152,143,195
-44,162,176,188
-44,162,176,188
-44,162,176,188
-44,162,176,188
-44,162,176,188
-44,162,176,188
-44,162,176,188
-44,162,176,188
-44,162,176,188
-44,162,176,188
-44,162,176,188
-44,162,176,188
-44,162,176,188
-44,162,176,188
-44,162,176,188
-44,162,176,188
-44,162,176,188
-44,162,176,188
352,180,168,182
352,180,168,182
352,180,168,182
352,180,168,182
352,180,168,182
352,180,168,182
352,180,168,182
352,180,168,182
352,180,168,182
352,180,168,182
352,180,168,182
352,180,168,182
352,180,168,182
352,180,168,182
352,180,168,182
352,180,168,182
352,180,168,182
352,180,168,182
352,180,168,182
352,180,168,182
352,180,168,182
352,180,168,182
352,180,168,182
352,180,168,182
352,180,168,182
352,180,168,182
352,180,168,182
352,180,168,182
352,180,168,182
