94,0,121,328
103,6,129,342
108,0,130,334
109,5,131,316
128,0,112,340
125,-4,120,342
134,0,113,315
134,-4,117,309
145,3,105,294
145,0,111,299
152,-4,110,294
157,-2,109,287
162,-3,107,275
167,0,115,264
173,1,105,285
175,2,99,271
179,-3,97,279
181,-2,101,273
188,1,92,269
190,-3,90,279
194,-2,88,268
201,-1,85,248
196,-2,88,233
203,0,86,228
207,0,85,232
207,-1,86,235
213,-1,81,217
211,1,84,221
213,-2,86,219
217,3,83,215
224,1,74,221
225,1,69,209
221,2,77,212
221,-1,77,209
221,0,77,201
224,0,76,194
225,-1,77,196
223,-2,76,195
221,1,83,188
223,1,80,194
233,0,65,180
229,-2,75,191
225,0,82,191
245,3,62,176
240,0,67,161
242,0,63,165
248,-1,56,177
251,0,57,144
251,2,60,138
250,2,60,138
252,4,59,134
250,3,63,142
248,2,61,134
248,2,62,110
244,0,59,114
253,0,58,105
253,4,61,101
244,1,67,107
199,-1,43,98
205,1,46,96
200,1,51,84
205,2,53,84
207,3,49,86
206,1,48,87
208,0,48,90
204,3,51,87
207,0,49,95
206,-1,47,95
205,3,48,92
206,1,47,88
208,0,46,94
205,1,48,97
205,1,48,88
205,0,47,86
206,1,49,86
208,1,46,84
208,0,45,89
208,0,46,90
206,0,47,93
205,1,47,89
210,0,43,87
209,1,38,94
207,2,47,92
209,1,45,99
209,1,44,110
209,1,47,112
208,2,47,115
211,2,46,116
208,1,48,117
209,4,47,111
212,2,45,117
209,0,47,121
208,2,48,117
208,2,50,116
206,3,51,115
208,2,49,116
210,4,45,115
209,0,47,112
212,2,46,118
211,2,45,117
208,0,50,116
208,3,51,121
205,1,57,118
208,1,52,117
212,3,48,117
208,0,54,114
208,2,52,117
211,4,49,117
211,3,48,125
206,1,58,115
210,2,53,114
211,2,48,119
209,1,51,122
209,3,50,127
209,0,52,119
210,3,50,118
209,3,51,113
211,4,49,114
211,4,47,114
211,0,48,116
210,3,50,116
211,3,50,115
210,3,50,119
209,4,52,111
211,4,49,115
213,5,47,122
212,1,47,119
212,3,47,126
209,0,50,125
208,3,53,115
208,4,54,115
209,4,54,111
211,5,51,116
210,4,53,109
210,5,52,106
211,3,49,112
210,2,49,114
209,1,50,114
210,3,50,113
209,2,51,112
215,3,45,116
213,0,43,113
212,3,46,115
208,1,51,115
208,2,51,111
207,2,54,114
208,3,52,110
210,2,50,117
211,3,49,112
210,3,49,110
208,3,53,111
206,3,57,109
207,2,54,108
207,2,54,115
209,3,51,111
210,3,49,114
210,2,51,113
214,3,46,112
213,0,46,114
212,1,47,113
209,4,53,111
210,4,52,111
210,4,51,110
211,4,49,109
212,5,49,109
214,9,46,107
215,2,46,112
214,4,43,110
214,1,43,112
212,4,44,111
214,0,42,113
214,0,42,116
211,0,48,113
212,7,49,107
212,3,48,108
213,2,46,110
213,1,44,112
213,1,46,114
210,2,50,120
211,3,49,108
212,2,47,107
214,1,44,109
212,0,46,111
221,2,39,117
227,1,30,110
232,0,24,116
232,1,22,113
232,0,21,113
232,17,22,104
232,1,20,110
231,1,24,110
230,1,24,112
233,0,20,111
232,1,23,111
233,0,21,115
232,1,20,113
233,1,22,108
232,0,21,111
233,2,20,111
232,2,20,111
232,2,22,109
230,4,24,107
232,5,22,105
233,7,21,107
230,6,24,109
231,6,25,108
232,1,23,112
223,10,32,108
229,6,30,116
231,2,22,111
230,2,27,111
232,1,21,113
228,1,25,112
232,1,23,111
232,0,21,112
232,3,21,110
232,2,21,111
232,6,23,108
231,3,23,109
232,2,21,109
230,3,24,112
230,3,25,110
232,1,21,110
231,1,22,107
233,11,21,100
229,18,24,97
231,17,24,95
225,20,31,90
226,18,31,92
228,17,29,91
223,17,34,94
231,18,27,95
232,14,22,98
231,17,22,95
233,18,22,90
231,17,22,94
227,17,28,99
232,16,25,97
232,17,23,94
230,18,23,94
233,17,23,95
234,20,20,93
232,17,21,93
233,17,23,91
231,18,23,94
233,18,21,93
233,17,21,95
232,17,21,94
233,15,23,101
233,13,21,102
231,18,24,95
232,19,24,94
232,19,22,93
232,19,22,93
232,19,23,93
233,18,19,93
232,16,21,98
233,12,21,102
230,10,24,104
232,11,23,103
228,14,27,99
232,14,23,101
232,11,23,103
233,14,21,99
231,17,22,97
232,19,23,95
233,17,20,97
226,16,28,97
231,16,24,95
229,15,25,98
231,12,23,101
233,14,21,99
226,16,30,100
230,14,26,99
228,16,28,97
232,12,23,99
232,7,20,107
232,4,22,110
233,2,20,113
233,2,21,116
232,2,21,114
232,4,23,111
228,9,27,104
230,11,26,104
230,9,26,104
233,3,21,110
233,2,20,114
231,3,22,113
232,5,24,108
232,1,21,111
233,13,24,100
231,17,25,96
227,18,30,94
231,16,25,92
235,13,19,98
235,11,19,101
233,13,20,101
234,13,21,102
230,14,23,98
234,10,23,104
233,5,21,109
234,2,21,111
233,1,20,110
234,2,19,108
234,1,20,108
233,10,21,107
232,11,23,102
232,10,22,101
232,9,23,104
234,1,18,109
233,2,20,112
233,3,20,110
233,2,20,114
233,2,19,111
234,3,20,113
233,0,21,120
231,2,22,120
232,1,23,113
230,3,24,110
233,0,21,111
232,1,20,113
232,3,22,112
233,3,20,108
232,11,22,104
233,8,20,105
234,10,18,103
234,13,18,101
233,15,20,97
232,17,21,97
229,17,27,101
233,21,20,93
235,22,18,91
233,17,21,94
232,18,25,87
232,16,23,98
231,20,26,99
229,10,26,103
231,4,23,114
232,2,24,113
232,1,20,111
233,2,21,112
233,3,21,115
233,2,20,116
233,2,21,112
233,2,20,117
234,3,19,110
233,3,21,111
232,3,22,113
233,3,21,108
232,2,23,116
233,2,22,111
231,2,24,116
232,1,22,112
231,5,22,111
229,7,28,106
231,3,23,112
232,2,24,111
233,2,21,110
233,2,21,116
233,4,19,110
232,5,21,109
232,4,22,111
232,2,23,106
228,4,25,110
228,6,27,107
220,5,35,110
227,0,30,118
223,2,33,112
221,4,35,115
222,6,34,115
214,8,46,111
219,4,41,112
222,0,36,114
226,2,31,116
229,0,28,113
224,3,31,111
228,0,26,112
221,4,33,107
215,7,42,105
216,2,43,111
224,-1,33,113
229,1,27,111
229,2,25,116
230,4,24,109
229,1,25,112
231,1,24,112
232,1,22,113
231,2,22,111
233,2,21,110
231,4,23,109
232,2,21,115
232,2,23,113
233,1,21,111
230,2,24,112
230,1,24,110
232,2,22,111
228,1,27,117
224,4,31,108
229,2,25,110
233,1,22,111
232,0,21,112
231,2,22,107
232,2,23,112
231,1,23,115
232,1,22,112
232,1,21,112
232,2,21,112
233,4,21,113
233,5,20,113
233,1,20,113
232,5,22,111
233,6,21,107
230,9,24,107
230,13,26,100
234,4,20,109
233,5,21,109
233,4,21,111
233,3,20,112
233,3,20,110
232,3,22,113
234,7,19,107
231,12,22,103
234,9,21,104
230,16,24,95
231,14,26,100
231,8,25,106
231,4,24,110
233,4,22,110
235,8,20,107
234,10,20,106
234,12,19,103
235,17,17,96
236,17,17,95
236,16,17,96
236,15,17,96
233,12,21,100
234,15,21,96
234,11,20,101
235,12,18,100
235,13,18,100
234,16,19,97
234,16,19,100
235,17,19,97
235,14,18,100
235,14,19,100
235,18,19,96
234,13,20,99
233,16,20,95
229,18,25,95
233,17,24,98
232,4,23,108
234,2,20,110
233,4,21,109
234,3,20,110
233,2,20,112
234,3,20,112
234,6,20,107
234,5,19,108
233,3,22,111
234,4,20,110
234,4,19,112
233,7,20,113
234,8,21,108
233,10,20,104
232,8,23,106
234,3,20,112
235,3,20,113
227,7,27,118
231,1,27,121
233,3,21,116
232,3,21,120
232,6,24,113
232,3,22,115
232,2,20,116
235,2,20,111
234,0,19,112
233,2,20,111
233,3,19,114
233,2,19,112
233,2,19,110
233,2,20,110
233,2,20,111
231,2,23,112
233,0,22,115
231,0,21,115
230,1,27,119
231,2,24,117
231,0,21,115
231,0,23,111
232,3,22,105
232,17,24,97
228,11,26,101
230,11,25,103
229,9,27,105
229,4,24,106
231,0,21,109
229,0,25,111
227,1,27,116
231,2,24,120
227,0,27,121
229,2,27,113
226,0,28,117
218,54,25,113
231,1,23,109
233,0,19,102
227,10,26,103
226,1,29,112
226,0,28,113
224,0,33,115
217,2,42,122
215,1,47,122
214,-1,50,121
217,1,47,112
221,1,37,116
219,0,41,121
216,0,43,117
217,8,40,128
215,0,44,135
219,1,40,146
218,5,38,160
219,0,37,170
223,-1,35,176
218,0,38,173
220,1,37,167
220,1,37,165
217,0,41,168
224,0,32,169
226,0,31,170
221,0,37,175
219,0,41,173
221,0,36,178
220,-1,39,169
219,0,40,162
219,2,42,157
219,0,39,161
217,1,42,163
218,0,39,166
220,1,40,167
223,1,34,169
220,0,37,171
220,0,37,172
222,1,35,173
221,-1,37,173
220,2,36,170
219,3,38,166
216,6,39,163
216,2,44,161
218,0,47,168
219,1,39,163
219,1,38,168
220,3,39,170
217,4,39,166
218,1,41,172
217,2,44,162
223,0,34,174
220,0,34,169
220,1,37,169
218,0,41,174
217,0,44,168
216,-1,43,170
220,-1,42,170
218,-2,38,174
219,1,41,167
220,1,38,168
217,0,39,168
216,0,44,169
217,-1,38,174
219,1,38,171
220,2,35,170
217,0,39,173
218,1,39,171
220,2,35,171
216,-1,39,171
217,1,40,171
221,1,34,173
217,0,36,172
215,0,40,170
213,1,45,169
220,-1,36,175
212,0,43,172
224,0,35,173
219,0,36,170
216,-1,40,172
216,0,40,173
218,1,39,172
219,0,39,174
219,1,36,171
219,-1,36,175
220,1,36,171
223,-2,34,177
218,-2,37,176
216,2,45,171
217,0,44,171
215,0,47,164
224,2,40,161
220,0,37,167
220,3,37,164
219,0,37,171
221,2,34,168
222,-1,35,169
223,1,34,165
220,-2,32,172
221,0,34,167
220,0,38,168
218,1,39,166
221,1,37,167
218,2,37,164
218,3,39,163
217,2,41,167
218,1,38,167
218,3,37,166
217,-1,40,174
220,5,37,170
220,0,35,168
223,2,32,166
219,1,39,164
220,1,35,167
220,0,34,168
219,0,36,165
219,2,38,163
221,3,34,163
218,0,38,160
229,-3,29,155
224,-4,31,156
218,2,39,159
226,2,35,163
221,0,37,161
219,1,38,164
221,2,36,166
220,0,36,168
220,2,35,164
222,2,34,165
222,-7,41,173
222,0,35,172
219,-2,36,170
218,1,39,162
222,2,36,164
220,0,38,167
223,1,33,166
219,-1,34,167
219,3,34,168
223,0,32,165
218,-1,40,161
218,0,38,166
217,0,37,169
218,0,36,170
217,3,40,163
218,0,37,169
222,3,30,166
222,1,32,162
218,0,38,158
224,1,33,165
222,0,32,166
220,-1,34,173
222,2,35,164
222,0,32,171
220,0,38,171
218,1,38,168
219,0,38,171
220,1,34,166
221,1,34,168
221,0,34,171
220,0,37,178
219,1,36,173
221,0,34,176
222,0,36,169
221,1,33,171
224,0,33,175
224,0,32,171
220,-1,34,174
221,0,32,175
223,1,30,172
221,1,33,166
220,0,35,173
221,0,32,172
219,0,34,173
219,0,36,170
220,1,33,167
219,0,35,168
220,0,33,171
221,0,36,173
221,0,33,173
222,-3,35,172
219,-3,35,177
222,-1,33,175
219,-1,39,168
217,0,41,164
223,-1,31,173
216,0,42,171
220,-1,36,169
221,0,33,169
224,-2,32,167
220,-2,34,174
223,-1,32,171
220,-7,37,171
218,-1,38,169
219,-1,40,174
220,-1,33,177
220,-2,33,177
220,-1,33,173
219,-1,35,170
220,0,34,169
221,-2,33,173
217,-2,41,172
220,-4,38,180
218,-1,34,182
219,-3,37,179
225,-2,31,168
220,-3,37,166
222,-4,33,169
221,-3,34,174
224,-5,33,170
222,-4,36,167
219,-1,37,165
218,0,39,154
216,-2,44,133
210,-2,51,129
219,4,41,141
221,-1,39,144
221,-1,39,122
225,9,36,126
228,2,32,111
234,1,27,114
233,4,27,112
237,6,29,108
231,0,27,111
233,1,23,113
235,4,27,109
233,2,30,112
230,2,32,109
233,4,27,108
236,8,22,107
233,5,28,108
237,4,25,112
233,1,24,113
233,1,29,111
231,1,30,116
234,0,24,112
235,5,23,109
235,2,22,111
234,0,25,107
232,2,23,113
234,0,24,113
234,4,22,110
235,1,22,114
234,3,20,110
235,4,24,106
232,5,27,106
235,1,30,112
230,0,26,114
233,0,24,111
231,3,24,108
234,1,24,109
232,2,24,107
233,2,23,113
234,0,21,112
230,0,26,116
227,1,27,114
224,1,30,113
213,0,43,112
208,1,46,112
224,1,39,110
211,0,41,112
227,0,25,109
222,3,30,100
216,0,36,90
228,11,31,83
232,11,22,81
235,10,21,74
235,18,23,66
236,18,20,64
200,0,16,59
200,0,14,52
200,0,21,50
199,0,18,54
200,0,22,52
200,1,17,56
200,0,20,59
199,0,17,58
200,0,12,51
201,0,11,51
201,0,10,50
202,0,10,50
201,0,9,49
201,0,10,51
201,0,10,53
201,1,11,57
201,1,11,55
200,0,12,54
200,1,14,49
201,2,20,49
200,0,20,49
200,0,20,52
199,0,22,51
200,1,19,48
200,1,23,50
200,0,22,52
199,1,22,52
199,0,17,54
200,0,22,50
199,0,19,50
200,0,20,54
199,1,21,54
199,0,22,50
199,0,21,52
199,0,17,53
200,0,12,53
201,1,11,52
201,0,11,54
201,0,10,54
201,1,10,55
200,0,11,54
201,1,11,56
201,0,11,53
201,0,11,50
201,2,12,52
201,1,15,52
200,1,13,55
201,1,12,56
200,0,11,58
200,0,14,51
201,0,11,48
200,0,12,45
201,0,9,48
201,2,11,48
202,0,13,52
201,1,12,53
199,0,13,54
200,0,14,50
200,0,13,54
200,0,11,57
200,0,11,57
200,0,12,52
198,0,14,49
201,1,11,53
201,0,10,55
201,0,10,54
201,0,10,56
201,0,10,55
201,0,10,55
201,0,11,56
200,0,11,55
201,0,10,58
201,0,11,57
201,1,10,57
200,0,11,58
201,0,11,59
199,0,12,56
199,0,15,54
201,0,11,57
201,0,10,55
201,0,10,57
201,0,10,56
201,0,10,55
201,0,10,51
200,0,11,52
200,0,11,51
199,0,12,46
199,1,12,44
200,1,11,44
201,1,10,47
201,0,9,44
200,2,11,44
199,1,11,45
200,1,11,48
201,0,10,51
201,1,10,53
202,1,9,55
201,1,9,55
202,1,9,55
201,0,9,56
201,1,11,55
201,0,11,57
197,0,15,58
199,0,14,58
200,0,11,52
199,0,12,54
198,0,13,58
199,0,13,54
199,0,12,55
200,0,11,54
198,0,14,51
198,0,14,51
199,0,13,50
200,0,11,50
199,0,12,51
198,0,13,51
198,0,13,45
196,0,15,46
196,0,14,48
196,0,15,51
197,2,15,51
200,1,12,52
200,0,11,49
201,1,10,51
201,0,9,50
201,1,10,50
201,1,9,52
200,1,10,50
200,0,11,51
200,0,11,50
197,1,14,48
200,0,11,52
199,1,12,46
201,0,8,42
199,5,11,40
199,0,11,41
198,3,13,44
200,1,12,49
200,0,10,46
199,7,13,44
199,1,12,41
197,5,14,41
194,8,19,42
195,13,18,37
193,8,17,33
197,10,14,30
195,9,15,29
195,13,17,30
194,13,19,32
193,11,21,37
194,10,19,40
190,11,24,40
194,10,19,41
192,9,23,42
196,10,18,39
193,9,20,40
192,9,21,43
199,11,13,41
199,4,12,45
201,1,8,49
200,1,9,48
198,0,13,48
199,0,12,47
195,1,16,48
197,1,17,50
200,0,12,50
199,1,11,50
200,1,10,50
201,0,9,51
201,0,9,51
201,1,9,51
200,1,11,51
201,0,10,51
199,1,12,49
200,1,11,48
197,0,14,43
197,11,16,39
192,2,20,43
194,3,18,46
193,1,20,52
197,0,16,51
199,0,12,50
200,0,10,49
199,0,11,46
199,2,13,48
199,0,12,48
200,0,10,48
201,1,9,48
200,1,11,50
200,1,10,49
199,1,11,50
199,1,12,50
198,1,12,49
198,0,13,50
199,0,12,49
200,0,10,51
201,1,9,51
200,0,10,54
200,0,12,53
200,1,12,55
198,0,13,49
200,1,12,49
201,1,10,48
201,0,9,51
201,1,10,52
201,1,9,49
201,0,9,49
201,1,10,52
201,1,10,49
201,1,9,51
201,1,9,51
201,1,9,51
201,1,9,51
201,1,8,49
201,1,9,50
201,1,9,51
200,1,11,53
201,0,10,56
200,0,11,57
201,1,10,56
200,1,10,57
200,1,10,56
200,1,11,55
201,1,10,53
200,1,10,56
200,0,10,58
201,1,10,56
201,1,10,55
199,1,12,55
200,0,11,55
199,0,12,52
200,1,12,55
200,1,12,55
196,0,14,48
200,2,11,48
201,1,9,44
199,6,12,43
201,4,9,47
200,1,11,53
199,1,11,56
198,1,13,53
199,1,14,55
200,0,12,54
199,1,12,52
199,1,11,53
200,0,11,56
199,0,12,58
200,0,11,56
198,0,13,50
199,0,11,47
198,0,12,47
198,1,13,47
197,1,14,52
198,0,13,50
200,0,12,48
200,1,10,49
200,0,10,48
200,1,10,46
201,1,9,42
200,6,10,43
201,3,9,49
201,0,9,50
200,0,10,49
199,0,11,47
201,0,9,47
201,1,9,44
199,2,11,48
200,1,10,49
201,0,9,51
201,0,9,51
201,0,9,51
201,1,9,51
200,1,9,50
199,0,11,51
196,1,15,49
198,1,13,50
199,0,12,47
200,0,11,49
200,0,10,51
200,0,10,52
201,1,9,50
201,1,9,50
200,0,10,50
200,0,10,51
200,0,10,49
201,0,9,48
201,0,9,47
200,0,11,47
200,0,11,49
200,0,10,50
201,0,9,49
200,0,11,52
198,0,14,50
200,1,11,49
200,1,11,50
198,0,13,50
200,1,12,50
200,0,11,46
199,0,12,48
199,0,13,47
200,1,11,48
200,0,11,45
201,0,10,48
199,0,12,48
200,1,11,47
198,0,13,46
200,1,12,52
197,0,14,49
197,1,14,48
200,0,12,53
199,0,12,49
200,1,11,51
200,0,12,46
199,0,12,46
200,0,10,45
200,2,11,48
200,0,10,44
200,1,10,44
200,1,11,45
197,-2,15,39
197,-2,15,39
197,-2,15,39
197,-2,15,39
197,-2,15,39
197,-2,15,39
197,-2,15,39
197,-2,15,39
197,-2,15,39
197,-2,15,39
192,0,19,34
194,0,17,34
237,9,17,35
235,8,16,37
236,10,14,40
235,6,16,41
198,0,14,36
200,1,10,38
199,1,11,39
200,1,10,36
200,2,10,38
198,3,12,41
200,1,10,40
200,1,10,40
199,1,10,42
200,1,10,41
200,1,10,43
200,1,9,43
200,1,10,45
201,2,8,45
201,1,10,45
201,1,9,44
200,1,10,46
200,1,10,46
201,1,9,45
200,1,10,47
201,1,10,46
201,0,8,46
200,1,11,47
200,1,10,44
201,1,9,46
200,1,10,46
200,1,10,47
201,1,9,46
