414,139,113,49
415,141,114,45
415,141,116,45
415,139,114,47
416,139,111,46
415,136,112,47
417,133,104,47
412,132,112,48
413,135,112,46
413,133,110,46
413,135,108,45
412,134,108,45
409,134,109,45
406,132,112,47
409,133,107,44
408,133,110,45
412,132,107,43
415,132,108,43
420,133,107,45
427,136,105,42
429,137,110,44
437,142,109,43
443,142,111,44
448,144,109,42
456,148,101,40
450,152,104,42
444,154,109,44
437,157,108,46
430,159,109,43
427,162,102,42
415,163,109,44
405,167,108,43
396,170,110,44
389,174,109,46
383,178,106,43
378,179,103,43
371,178,104,45
366,179,102,43
359,178,104,45
354,176,104,46
352,174,102,46
351,172,103,45
354,167,102,47
355,163,102,45
358,159,99,44
362,153,102,42
364,145,103,46
367,141,101,46
367,135,105,46
368,132,109,43
372,126,102,41
378,120,101,40
381,115,99,43
381,109,105,41
388,105,103,43
393,104,100,40
398,99,103,41
399,98,111,39
407,98,103,39
413,98,101,38
418,98,99,38
421,98,102,38
426,99,104,40
430,102,102,39
437,107,101,41
440,110,100,40
446,113,98,42
449,118,97,41
453,120,94,44
454,122,92,46
452,123,94,51
452,123,90,54
451,123,88,54
449,124,88,55
451,119,85,61
449,116,83,64
447,113,82,65
441,106,85,75
441,103,80,75
443,101,74,78
443,99,72,81
443,99,69,83
442,98,68,86
446,98,62,89
450,99,58,88
451,99,54,90
453,100,50,89
453,98,50,92
455,99,48,94
457,99,45,92
458,97,44,93
457,98,45,91
457,98,46,93
461,97,42,93
461,98,43,93
464,99,42,92
464,97,42,93
465,98,41,92
466,98,39,93
465,98,41,91
466,99,40,92
465,97,40,92
465,98,40,92
464,98,41,90
464,97,42,91
463,96,42,92
458,95,47,94
461,93,45,93
460,92,50,94
455,91,58,88
453,91,62,88
452,91,64,86
450,92,66,82
448,90,69,85
445,90,74,79
442,92,78,73
440,93,80,71
438,94,83,69
437,93,83,71
435,95,86,65
431,98,90,63
430,101,91,56
426,103,95,56
426,104,95,53
422,107,99,48
421,107,99,48
422,107,98,46
419,109,101,44
416,110,106,42
419,109,98,43
417,110,100,45
415,109,101,47
414,108,100,53
414,104,95,59
416,102,93,64
416,101,91,62
418,98,86,73
421,96,81,72
423,94,76,75
422,93,72,76
422,89,70,84
422,92,66,84
421,90,63,90
421,91,60,90
423,89,55,91
421,89,54,91
423,87,49,92
422,88,48,91
422,85,45,94
422,82,43,96
421,84,39,93
418,83,41,94
416,80,39,97
414,81,42,98
414,82,39,89
412,82,39,91
414,82,39,91
413,82,38,91
412,81,40,95
412,80,39,97
413,81,39,91
412,82,38,89
413,81,38,93
412,80,38,91
412,80,40,92
411,78,41,92
412,78,39,96
412,77,39,97
412,77,40,94
412,78,40,94
412,78,41,96
412,76,41,98
413,78,41,99
414,79,41,97
413,78,39,99
412,78,43,100
411,79,44,97
411,80,43,97
411,81,43,97
412,82,42,94
412,82,41,96
412,85,42,93
413,87,41,92
412,87,43,94
411,87,43,91
412,88,42,89
411,87,42,87
410,86,41,89
408,86,44,86
407,87,43,87
407,85,43,88
405,87,44,87
398,86,49,87
392,83,55,90
388,84,58,89
388,84,60,86
390,85,57,84
388,87,62,82
388,84,63,86
389,84,59,86
389,81,56,88
390,81,54,88
389,82,58,88
392,85,62,87
390,84,61,87
392,86,61,86
392,84,63,92
394,88,64,86
392,83,60,90
394,83,59,90
392,84,58,86
390,80,60,90
389,80,62,88
390,79,63,89
389,78,63,90
396,81,57,89
392,79,58,90
407,81,48,90
407,83,49,89
415,82,41,89
416,80,38,93
417,79,37,95
415,78,39,94
419,77,36,96
419,77,36,101
418,78,37,97
418,79,36,95
418,79,36,96
419,76,35,99
418,77,36,98
417,77,37,99
417,79,37,98
418,79,36,98
417,79,36,100
418,81,35,97
416,80,37,99
418,80,35,97
416,80,36,96
417,80,35,95
417,75,33,101
416,73,35,102
413,75,40,99
409,71,43,103
407,67,46,106
402,68,52,104
391,68,63,106
389,65,68,107
391,65,66,104
389,67,69,99
389,62,71,104
391,66,70,96
390,66,69,90
391,66,67,85
391,67,67,77
390,69,68,71
390,69,72,72
390,67,74,70
389,67,74,73
389,71,72,66
389,68,76,68
388,72,80,65
388,67,83,68
387,69,86,66
389,72,87,62
390,75,90,58
389,77,93,56
392,80,94,54
394,82,91,55
393,85,96,50
392,79,96,59
393,91,100,46
392,92,103,47
392,97,106,44
393,100,104,44
396,101,100,46
397,104,102,47
397,108,103,47
399,112,101,45
398,115,105,46
399,118,106,43
402,118,105,47
402,119,109,49
403,121,112,48
402,120,117,50
401,122,123,48
402,120,129,54
403,118,131,55
404,121,130,54
403,122,136,52
406,122,133,53
406,121,135,56
406,123,136,54
405,122,137,54
399,125,146,53
400,127,145,52
403,127,147,53
405,130,146,55
408,134,148,58
409,141,149,59
410,148,153,60
405,152,158,58
407,154,154,61
408,160,152,61
404,164,159,60
404,168,158,62
401,174,165,62
401,179,161,65
400,185,159,64
397,193,169,64
399,199,160,62
403,205,154,63
400,211,158,64
396,217,165,62
395,221,162,58
394,222,157,53
395,224,152,54
398,224,146,50
396,224,148,50
398,221,147,49
394,217,148,47
394,214,139,45
395,210,136,44
392,211,132,42
393,210,133,39
392,209,130,38
391,209,128,35
392,209,129,32
392,212,126,29
389,212,130,26
392,214,127,24
393,218,131,24
395,219,127,24
393,218,127,27
394,214,127,32
392,211,126,38
396,210,125,42
394,211,130,41
394,212,130,43
395,215,132,48
394,219,133,48
396,221,134,52
393,226,137,50
395,231,134,60
396,242,134,51
393,253,143,53
397,262,137,53
398,275,143,54
405,287,139,56
408,298,143,56
407,309,149,63
408,321,154,54
411,331,150,47
413,344,151,32
413,344,151,32
413,344,151,32
413,344,151,32
413,344,151,32
413,344,151,32
413,344,151,32
413,344,151,32
413,344,151,32
413,344,151,32
413,344,151,32
413,344,151,32
413,344,151,32
413,344,151,32
413,344,151,32
413,344,151,32
413,344,151,32
413,344,151,32
413,344,151,32
413,344,151,32
413,344,151,32
413,344,151,32
413,344,151,32
413,344,151,32
413,344,151,32
413,344,151,32
413,344,151,32
413,344,151,32
413,344,151,32
413,344,151,32
413,344,151,32
413,344,151,32
413,344,151,32
413,344,151,32
413,344,151,32
413,344,151,32
413,344,151,32
413,344,151,32
413,344,151,32
413,344,151,32
413,344,151,32
413,344,151,32
413,344,151,32
413,344,151,32
413,344,151,32
413,344,151,32
413,344,151,32
413,344,151,32
413,344,151,32
413,344,151,32
413,344,151,32
413,344,151,32
413,344,151,32
413,344,151,32
413,344,151,32
413,344,151,32
413,344,151,32
413,344,151,32
413,344,151,32
413,344,151,32
413,344,151,32
413,344,151,32
413,344,151,32
413,344,151,32
413,344,151,32
413,344,151,32
413,344,151,32
413,344,151,32
413,344,151,32
413,344,151,32
413,344,151,32
413,344,151,32
512,342,133,35
532,344,105,30
541,344,94,28
545,344,90,22
544,344,93,22
544,344,92,22
546,344,90,22
544,345,92,21
544,345,92,21
544,345,92,21
545,345,92,21
545,344,92,22
543,345,93,20
544,345,91,20
545,345,92,21
546,345,89,21
546,345,91,20
545,344,91,21
544,344,92,21
545,345,91,21
545,345,91,21
545,345,90,21
547,344,89,22
545,345,91,20
545,345,92,20
544,345,91,20
542,345,93,20
543,345,93,20
544,345,91,21
545,345,90,20
542,345,93,20
544,345,93,21
545,345,90,21
545,345,90,20
545,344,91,22
545,345,90,21
545,345,90,21
545,344,90,21
546,345,88,20
544,345,91,20
544,345,91,21
544,345,91,20
544,344,92,21
543,345,92,21
544,345,91,20
544,345,92,21
545,345,92,19
546,345,89,20
544,345,91,20
542,345,93,21
541,345,94,20
542,345,95,22
542,345,94,21
544,345,91,20
545,345,91,20
544,345,91,21
544,345,91,20
546,345,89,20
547,345,88,20
544,345,92,21
545,344,90,21
544,345,92,20
545,345,90,20
543,345,93,19
544,345,92,19
543,345,92,20
544,345,91,19
542,345,94,20
544,344,90,21
544,345,91,20
543,345,91,20
542,345,94,20
541,345,95,20
542,345,94,20
543,344,92,20
542,344,93,21
541,345,93,19
545,344,91,21
544,344,90,21
544,344,90,20
544,344,91,21
542,344,93,21
542,344,94,21
543,344,93,21
544,344,90,21
542,344,93,21
544,344,91,21
542,345,93,20
544,344,91,20
544,344,90,22
544,344,90,21
544,345,91,20
543,345,92,21
545,344,89,21
544,345,90,20
543,344,92,21
544,344,90,21
544,344,89,20
545,345,89,20
545,345,90,20
544,344,90,20
545,344,90,20
543,344,91,20
542,345,91,20
543,344,92,21
543,344,91,21
542,344,94,21
543,345,92,21
542,345,92,19
544,345,91,21
544,345,90,20
543,345,91,20
543,345,92,20
543,345,93,21
542,344,93,20
542,344,93,21
543,344,92,21
544,344,91,21
543,345,92,20
542,345,94,19
543,345,92,20
545,345,90,20
543,345,92,20
543,345,93,20
545,344,89,22
544,344,90,21
543,345,92,20
543,344,91,21
543,344,92,21
543,344,91,20
544,344,91,21
544,344,91,20
546,344,89,21
553,345,83,20
559,345,77,20
565,344,71,20
570,343,66,21
574,344,62,20
580,345,56,19
580,344,56,19
578,344,56,20
576,345,59,19
579,344,56,20
576,345,58,18
579,346,55,18
576,344,58,19
575,345,60,19
576,345,59,18
577,345,57,18
577,344,58,19
577,345,58,18
580,345,55,18
578,344,57,20
577,344,58,20
579,346,56,18
578,345,58,19
577,345,59,19
576,345,60,20
574,345,61,20
579,346,56,18
578,346,58,18
579,346,57,18
580,345,56,19
580,345,55,19
578,346,57,19
579,346,58,19
579,345,56,20
580,346,56,18
581,346,55,19
578,345,57,20
577,345,59,19
581,345,55,19
580,346,56,19
579,346,57,19
579,345,58,19
579,345,57,19
578,345,59,19
579,345,58,19
580,346,56,19
581,345,56,19
579,346,57,19
579,346,58,19
578,346,58,19
577,346,60,19
579,346,58,18
579,345,59,20
579,346,57,19
580,345,57,19
579,345,58,19
579,346,58,19
578,346,60,18
580,346,56,19
579,345,59,19
579,345,58,19
579,345,58,19
579,345,57,20
579,345,58,19
579,345,58,20
577,344,60,20
577,346,60,19
579,346,58,19
578,345,58,19
579,345,58,19
581,346,56,19
580,346,58,19
579,345,59,19
579,345,57,19
578,344,58,19
578,344,58,19
582,345,53,18
576,346,57,17
574,345,59,19
573,345,61,19
571,345,63,19
573,345,61,18
569,344,65,20
572,344,62,20
572,345,62,18
572,344,62,19
571,345,62,18
570,344,64,18
567,345,67,18
566,344,69,19
552,344,73,21
550,343,81,21
550,344,83,19
545,343,89,21
542,343,91,21
543,343,89,20
542,344,90,20
542,344,91,19
541,344,92,19
540,344,94,20
540,343,93,20
541,343,92,19
542,344,90,20
542,344,93,20
542,343,91,19
540,343,94,20
541,343,94,19
540,344,93,19
540,344,94,19
540,344,95,19
543,344,90,19
541,343,92,20
541,343,93,20
541,343,93,20
542,344,93,20
540,343,94,20
541,343,93,20
541,344,93,20
541,344,92,20
542,344,92,20
540,344,95,19
539,344,95,19
539,343,96,18
541,343,93,20
541,343,93,20
542,343,91,20
541,344,92,19
541,344,93,19
541,343,93,20
542,343,90,20
542,344,91,19
541,344,93,19
539,344,95,19
540,344,94,20
540,344,93,19
541,344,93,20
540,344,94,19
540,344,93,19
542,343,91,20
541,343,94,20
540,344,94,18
540,344,93,20
541,344,93,19
541,343,93,20
541,344,92,20
541,344,93,20
541,344,92,20
541,344,92,20
540,343,93,19
541,343,94,20
541,344,92,20
541,343,92,21
541,344,93,20
540,344,95,19
540,343,95,20
542,344,92,20
541,344,93,20
540,344,93,20
541,343,93,20
540,343,92,20
540,344,93,19
541,344,92,19
540,344,94,20
540,344,94,19
541,344,92,20
542,344,93,19
540,344,93,21
542,344,91,20
542,343,91,21
541,344,92,19
543,343,89,21
542,344,91,19
542,344,91,19
543,344,90,20
542,344,91,20
542,344,92,20
541,344,95,19
541,344,93,20
542,344,92,19
543,344,91,20
542,344,91,19
540,344,94,19
542,343,93,21
541,344,93,19
541,344,93,20
542,344,92,20
542,344,93,20
540,344,93,19
542,343,92,20
540,344,94,20
542,343,92,20
540,344,93,19
542,344,92,20
542,344,92,19
539,344,95,20
542,343,94,20
541,344,93,19
541,343,92,19
541,344,94,20
543,343,90,20
542,344,92,20
543,344,90,20
540,344,94,20
542,344,91,21
542,344,91,20
542,344,93,20
542,344,92,20
541,344,93,20
541,344,93,20
540,344,95,20
542,344,91,20
542,343,92,22
541,343,92,20
540,344,94,20
540,343,94,21
541,343,92,20
541,344,92,20
542,344,93,20
541,343,93,20
542,343,92,21
541,344,94,20
543,344,91,20
543,344,91,20
542,344,92,19
542,344,92,20
541,344,94,19
540,344,93,20
542,344,92,20
542,344,90,19
541,344,92,20
542,344,92,19
542,344,92,20
542,344,91,19
541,344,93,20
542,344,90,19
540,344,93,21
541,344,92,20
541,344,92,19
542,343,89,20
540,344,93,21
542,344,91,19
542,344,92,19
540,344,94,20
542,343,91,20
542,344,92,21
542,344,91,19
541,344,93,21
541,344,93,20
542,344,93,21
541,344,93,19
541,344,93,21
543,344,90,20
541,344,93,19
541,344,93,19
541,344,94,19
541,345,93,19
542,344,93,19
543,344,91,20
543,344,91,20
541,344,93,20
541,344,93,19
541,344,92,20
541,344,92,20
541,344,94,20
542,344,91,19
540,344,94,21
542,344,92,20
541,344,92,20
541,344,91,20
542,344,93,20
541,344,93,20
541,344,92,19
539,344,95,20
540,343,94,20
541,344,94,20
541,344,92,19
541,344,94,21
541,344,92,20
540,344,95,20
540,344,93,20
542,344,91,20
542,344,91,21
543,344,90,20
541,344,92,20
541,344,93,20
542,343,91,20
541,344,93,20
542,344,91,20
542,344,92,20
540,344,93,20
541,344,92,19
542,344,92,21
541,343,92,21
540,343,93,20
542,344,91,20
540,344,95,20
542,344,91,20
542,344,91,19
541,344,93,20
542,344,92,20
543,344,89,19
541,344,94,21
542,344,92,20
541,344,92,20
541,343,94,21
540,344,93,20
541,344,93,20
541,343,93,20
542,343,92,20
542,344,91,20
543,344,90,20
541,343,91,22
541,343,93,20
542,343,91,20
541,344,93,20
540,343,94,21
541,343,92,20
542,344,92,20
543,344,90,20
541,343,94,19
541,344,94,19
541,343,92,20
541,344,92,19
542,343,89,19
541,344,92,19
541,343,93,20
540,344,93,19
540,343,95,20
540,343,93,20
541,343,91,20
540,343,94,20
540,343,93,19
543,343,91,19
541,343,94,19
540,344,94,19
540,344,95,18
541,343,93,19
540,343,95,19
541,343,91,19
540,343,94,19
542,343,91,20
543,343,90,20
542,343,92,20
539,343,94,19
542,343,94,19
542,343,93,20
541,343,92,20
542,344,92,19
543,344,92,18
543,343,93,20
545,343,94,19
546,344,91,21
550,344,87,19
551,344,87,20
555,344,85,19
555,344,85,20
557,345,85,20
560,345,82,20
562,346,81,20
565,346,79,21
566,346,77,21
567,345,77,23
568,346,77,22
568,347,80,22
571,347,80,23
574,347,80,24
580,347,80,24
584,347,83,24
590,347,85,26
592,347,90,25
596,348,91,26
601,349,98,27
606,348,100,30
608,349,102,28
610,349,104,29
613,350,104,27
615,350,108,26
613,350,111,27
615,350,113,28
618,350,113,28
618,351,112,26
619,351,114,27
618,352,111,25
622,351,111,26
621,351,111,26
622,351,111,27
622,350,111,28
621,351,114,27
621,351,111,27
620,351,112,26
621,350,114,26
624,351,110,26
624,351,109,26
624,352,107,26
623,352,112,26
625,352,110,27
624,351,107,27
625,352,107,26
623,352,109,26
622,352,112,26
624,351,110,26
625,351,108,26
626,351,110,25
