305,233,229,127
304,235,231,127
296,239,243,122
302,237,236,124
305,235,230,128
301,235,237,125
296,229,239,132
297,231,240,129
306,237,231,125
302,240,233,119
300,240,241,120
301,237,239,124
301,237,238,121
301,238,237,123
300,240,236,122
297,242,243,116
299,239,240,124
299,236,238,127
303,234,231,127
296,236,240,124
303,235,238,128
297,239,238,123
304,236,238,122
302,232,231,128
303,238,239,125
299,238,240,122
299,239,242,123
302,238,234,127
303,235,233,127
299,236,237,122
305,241,236,121
297,234,238,122
302,232,238,131
302,233,234,125
299,237,241,123
299,235,237,122
301,238,237,127
302,240,234,118
297,239,245,123
300,237,236,126
302,235,232,124
296,232,244,128
295,235,241,125
305,237,231,124
306,235,230,127
302,237,233,125
299,238,240,121
302,235,233,125
300,235,236,126
298,238,241,124
302,233,234,124
307,240,231,122
307,236,227,124
302,238,237,123
298,239,238,124
301,239,236,119
298,238,241,121
303,238,239,121
302,242,232,119
302,231,236,128
294,238,242,125
299,234,238,131
302,239,235,117
299,239,241,121
295,239,243,123
302,238,239,126
303,235,230,129
304,234,234,126
299,242,236,118
298,231,241,129
304,238,232,125
302,238,235,123
306,237,228,125
307,236,230,124
300,237,233,124
303,236,237,123
296,238,240,124
301,243,240,118
300,242,235,117
305,238,233,123
300,239,233,121
301,241,239,121
306,238,231,119
297,242,242,120
305,241,237,118
295,241,240,121
299,233,245,125
301,234,235,126
311,237,227,124
303,240,232,119
303,240,238,120
301,241,238,123
294,246,250,113
291,238,253,123
301,243,241,118
304,238,234,123
303,241,239,116
305,244,238,114
301,235,242,128
300,238,241,122
312,241,230,120
305,241,232,122
304,240,240,116
299,236,246,128
305,235,238,129
312,231,227,130
311,235,230,130
307,236,237,121
310,240,235,123
308,248,239,118
303,248,247,113
310,244,237,117
306,245,246,123
312,236,232,139
317,226,224,148
314,224,236,149
313,235,233,129
323,232,226,131
318,239,232,121
317,243,236,122
314,240,240,116
317,242,242,117
313,245,236,124
318,236,239,127
314,238,235,125
321,238,234,127
317,228,237,133
322,230,229,128
318,240,236,123
314,240,245,130
308,224,248,148
315,231,238,128
318,237,237,128
316,235,239,129
311,235,245,132
317,237,238,125
312,242,250,127
309,247,254,116
308,239,260,124
317,228,238,136
317,232,243,138
320,236,242,129
315,238,244,127
321,241,241,125
311,231,255,144
319,223,246,139
319,228,241,153
323,232,238,130
314,236,250,135
320,232,242,137
324,230,237,139
323,232,240,139
322,231,240,137
322,234,240,139
325,230,241,135
318,229,242,146
322,232,241,136
322,237,237,132
326,239,238,130
319,233,246,133
324,228,237,142
324,230,239,140
327,235,231,137
326,225,237,144
328,230,236,140
324,228,234,147
323,236,243,129
328,236,235,132
327,234,235,132
324,231,236,141
324,232,235,135
325,227,236,137
326,234,230,134
326,233,232,135
326,234,231,131
326,224,229,146
327,231,231,138
316,233,243,134
322,237,232,129
322,233,235,135
323,230,233,138
324,229,227,140
319,229,233,135
320,233,227,138
317,234,235,133
320,234,226,135
318,237,232,130
321,228,223,138
319,233,224,134
313,232,230,137
317,229,226,133
311,228,229,140
313,232,223,137
313,233,225,135
315,227,220,136
310,233,222,135
314,230,220,135
307,228,223,143
305,232,224,133
308,230,220,138
310,236,217,129
301,228,225,139
301,225,223,141
300,229,223,132
299,230,218,135
293,230,227,136
294,229,220,138
295,234,220,129
291,231,216,136
294,226,218,138
296,228,214,135
287,231,220,134
286,231,219,133
289,227,216,135
286,230,216,132
289,232,212,131
287,230,212,127
284,236,214,126
285,230,211,129
284,233,214,128
281,231,216,129
283,230,212,129
282,233,212,126
282,230,208,131
280,225,209,137
280,230,207,129
281,227,205,132
279,231,205,127
274,231,207,125
276,230,202,126
274,229,204,126
278,227,197,132
274,228,197,129
275,231,197,128
262,227,207,134
275,226,190,128
274,228,188,129
272,230,191,125
272,227,185,128
268,228,190,128
272,224,182,130
269,227,181,126
265,233,185,119
266,230,181,125
268,230,179,122
267,228,174,127
265,229,177,120
265,228,173,124
265,227,172,122
264,226,171,127
267,226,165,126
264,226,165,122
263,228,167,122
263,225,166,124
263,228,163,119
263,225,163,122
263,221,161,130
264,224,158,125
267,225,152,125
262,226,155,118
260,221,159,129
263,224,154,124
263,225,151,124
260,222,155,123
266,223,147,127
255,225,158,120
262,224,153,122
262,225,149,120
260,228,152,114
258,223,153,123
259,223,152,125
258,223,151,122
260,225,147,119
255,225,154,122
259,224,149,120
261,227,145,118
260,226,145,120
263,223,143,125
262,224,145,121
260,227,146,117
256,224,149,121
261,224,145,121
260,225,144,118
258,224,148,122
260,226,146,117
257,228,146,117
260,226,145,119
254,225,154,121
260,227,144,116
261,225,144,119
261,224,142,121
258,225,149,121
256,225,153,118
261,226,146,118
260,226,148,119
261,226,149,118
260,223,150,125
266,220,143,125
263,220,146,129
256,223,156,127
258,227,156,120
263,225,153,121
261,225,151,123
266,225,152,123
263,227,153,120
263,227,157,120
264,227,156,120
264,230,159,115
261,227,163,122
268,225,157,125
266,226,160,122
262,229,165,120
263,227,169,121
265,229,166,121
265,230,168,118
265,224,170,125
265,229,171,120
265,226,172,124
265,223,176,127
265,226,174,126
274,226,167,128
267,229,175,124
271,229,178,122
267,230,179,124
269,229,177,125
272,231,178,120
273,229,179,124
270,225,183,131
269,225,190,133
270,225,191,130
271,231,188,127
269,231,190,126
269,225,195,133
271,224,196,135
270,227,198,133
272,225,198,139
271,233,200,126
272,229,201,131
275,231,199,127
274,232,201,130
276,231,204,129
273,230,208,131
277,231,207,129
275,231,208,129
278,227,209,136
276,230,211,130
278,232,212,131
278,230,219,134
278,232,214,131
279,234,216,128
285,231,212,129
282,235,216,126
282,235,217,126
281,231,221,133
281,231,220,130
284,233,220,132
287,229,216,133
290,235,217,128
283,233,226,130
294,235,217,124
289,229,223,139
296,236,222,126
283,235,232,129
291,237,232,124
293,230,230,132
298,237,222,127
303,241,221,118
300,239,226,128
299,234,230,128
302,241,232,122
301,237,232,128
304,237,232,125
308,237,232,125
306,238,235,124
311,238,227,131
306,236,238,129
316,236,230,131
310,236,235,127
315,238,234,126
317,241,230,121
319,233,232,130
315,232,234,137
316,232,237,127
320,239,235,125
319,236,233,125
319,242,240,120
319,242,234,118
320,240,238,119
319,240,241,122
318,239,241,122
319,241,240,117
320,235,241,124
325,235,232,122
323,238,231,124
326,239,231,121
324,234,233,120
326,241,233,117
322,239,237,119
325,235,230,120
327,238,228,124
325,233,232,123
332,238,221,119
326,235,228,118
329,239,228,116
326,240,228,114
329,239,223,116
327,237,229,117
328,233,220,119
332,239,222,114
329,238,218,111
330,237,223,112
327,235,219,115
330,241,222,111
330,233,213,117
336,235,214,116
334,236,209,111
332,237,217,114
335,230,207,119
337,233,204,118
336,235,207,116
336,236,207,116
338,232,204,117
341,233,199,119
338,225,201,126
341,232,203,120
343,228,195,121
344,231,196,124
345,229,196,121
345,227,191,123
347,228,191,124
348,226,192,128
345,226,193,128
347,226,191,123
349,230,192,119
353,226,186,123
352,224,185,126
352,225,188,124
354,226,185,124
354,223,185,127
358,227,182,125
357,225,179,125
357,225,181,124
357,225,180,123
360,225,176,123
364,227,172,121
364,226,170,120
364,226,170,122
362,226,170,120
366,228,165,119
370,226,163,121
368,223,165,124
370,224,161,120
371,228,162,114
369,228,163,115
371,225,161,118
371,227,162,116
371,224,162,120
370,227,162,115
370,227,162,118
374,224,158,121
373,225,157,119
372,228,161,115
374,226,155,120
370,220,158,125
367,225,162,118
372,229,159,116
369,228,160,115
368,225,159,118
366,225,164,119
364,221,165,126
365,225,164,120
364,225,163,119
362,228,163,117
367,226,160,119
362,228,163,117
361,226,163,120
366,226,164,121
363,224,161,122
360,226,164,119
359,226,164,120
356,227,169,121
359,226,167,123
355,227,171,121
354,228,171,121
354,230,168,119
353,227,166,123
353,226,168,127
349,226,169,124
352,225,166,125
348,227,175,125
350,227,170,126
347,227,170,129
345,229,174,120
344,228,173,123
345,225,175,130
340,228,175,129
341,232,178,122
338,232,179,123
335,231,181,123
336,229,179,128
332,226,179,134
331,227,179,128
328,230,182,126
326,228,180,131
323,230,187,124
326,230,176,126
325,225,182,134
323,228,180,130
318,228,186,131
321,227,183,132
319,231,184,126
316,232,182,120
313,230,190,125
311,229,187,127
310,229,187,129
308,228,185,128
308,232,193,124
307,233,190,122
302,233,194,122
301,232,193,129
297,233,200,127
295,234,200,126
293,234,202,122
290,233,202,124
289,234,203,127
287,232,205,128
285,233,205,129
281,235,209,126
280,233,207,130
277,229,209,134
274,235,219,128
276,231,208,136
277,233,213,128
270,233,217,130
272,234,216,132
270,231,212,135
265,232,223,134
265,226,216,144
264,229,214,139
262,232,217,136
265,231,214,132
264,228,209,136
255,231,222,131
256,227,220,135
252,229,221,131
236,229,239,132
232,224,242,139
231,225,245,138
223,232,251,130
238,227,231,133
226,225,253,134
225,228,250,130
223,226,246,129
234,230,233,127
228,222,237,132
235,227,229,129
225,222,237,129
225,225,240,128
223,228,239,129
224,223,238,135
228,221,234,131
223,222,238,133
231,223,230,132
229,220,231,130
228,220,231,130
227,224,231,122
231,226,225,128
230,224,227,125
231,223,225,128
238,224,215,122
236,226,216,129
228,220,226,126
238,224,213,126
251,219,199,126
256,228,193,121
260,228,190,118
257,226,188,120
258,228,187,120
257,222,190,122
259,224,190,124
256,222,186,125
259,222,184,126
255,220,187,123
258,223,185,123
258,225,185,119
261,223,182,122
259,226,183,121
255,227,187,117
261,228,181,117
259,228,179,120
259,228,180,116
258,224,180,123
264,224,176,122
260,224,177,122
266,224,173,119
263,224,170,122
261,228,174,116
263,233,173,110
267,228,167,115
266,223,165,124
275,224,153,119
270,221,157,126
269,225,161,119
272,226,153,116
279,221,146,123
278,224,144,117
280,223,143,117
280,224,140,119
285,223,133,119
281,227,135,115
288,224,129,118
282,225,135,115
285,225,131,115
284,224,131,115
284,222,130,117
286,223,128,119
284,228,130,116
284,222,128,118
288,224,124,114
287,226,125,115
289,223,122,117
287,226,123,114
292,226,118,115
287,229,121,111
289,229,119,110
287,225,120,117
289,223,118,115
287,228,120,113
288,224,117,116
287,223,118,118
288,223,116,116
287,227,118,113
288,224,115,112
286,222,116,118
288,222,113,117
290,222,110,117
287,222,113,116
287,225,112,112
287,225,111,112
288,225,111,111
285,225,113,110
288,226,110,109
288,224,109,113
287,224,109,113
283,223,113,113
286,225,108,109
288,221,105,114
286,224,106,110
286,225,106,108
288,228,104,104
288,223,103,110
286,227,106,104
288,224,102,107
289,224,102,106
290,226,100,105
290,222,100,110
290,224,99,107
291,226,99,106
291,226,99,105
292,224,98,106
292,228,97,102
292,225,97,104
292,228,95,101
293,229,94,100
294,230,96,96
294,228,92,102
294,228,93,99
295,232,92,95
295,234,92,94
294,233,93,92
295,231,90,95
296,233,91,94
296,233,88,92
298,229,85,96
298,232,85,93
298,234,85,90
301,234,77,89
302,236,75,88
301,234,74,89
302,234,71,89
303,233,69,90
305,231,65,93
308,234,59,89
307,231,60,92
306,233,62,90
307,232,60,91
305,232,62,90
304,233,63,88
300,233,70,88
299,234,73,85
295,231,78,89
295,231,79,87
292,233,85,88
291,230,85,86
290,228,88,88
287,231,96,86
283,229,103,86
279,228,110,88
278,228,112,86
277,229,115,86
276,229,118,84
273,225,122,87
273,223,127,90
272,224,129,87
273,226,127,87
271,226,131,82
271,223,133,90
272,223,133,85
271,221,135,90
271,223,136,86
271,221,138,88
269,218,144,93
269,216,143,92
271,219,144,90
271,222,144,86
269,221,151,86
273,220,145,86
274,218,145,90
275,221,145,88
278,221,139,87
278,224,143,84
278,221,142,89
275,222,148,86
278,223,144,86
276,224,147,85
280,220,143,86
279,216,142,91
279,224,145,87
282,219,142,87
280,220,144,90
281,216,143,93
280,218,145,91
282,216,141,94
281,215,143,96
281,216,144,93
281,220,145,89
283,220,143,91
284,215,142,96
282,215,145,94
284,221,143,91
283,218,144,90
280,220,147,92
283,216,145,95
282,214,146,97
281,220,147,91
281,216,149,93
280,222,150,89
278,216,151,95
273,221,158,90
278,216,153,90
283,224,147,88
285,220,145,91
288,216,143,93
291,220,143,91
296,214,136,93
301,218,132,96
307,223,128,85
310,222,124,90
315,218,119,91
315,221,120,89
320,219,118,88
327,219,108,92
331,219,105,90
331,219,107,91
339,217,98,92
345,219,92,87
354,217,83,88
357,219,81,89
358,219,81,87
362,218,79,88
368,216,74,91
371,216,72,92
351,213,91,90
340,220,105,85
332,218,116,90
314,218,134,94
311,217,140,94
309,217,144,103
307,216,148,103
306,234,151,89
309,237,148,84
312,235,146,88
316,237,141,84
312,238,147,81
317,241,143,77
319,238,141,80
320,235,139,82
323,227,135,89
325,229,134,83
329,225,131,89
328,229,136,83
317,222,125,93
331,228,95,87
335,223,74,89
338,223,74,85
341,223,76,90
342,220,80,87
340,219,90,95
339,220,100,93
342,220,99,92
340,223,111,91
339,219,116,95
341,218,116,96
342,218,112,98
339,218,120,98
338,223,124,91
343,221,113,94
341,221,118,95
342,226,116,91
345,223,118,89
344,224,117,92
345,227,118,88
346,229,118,84
348,226,113,90
351,227,113,89
353,228,105,89
360,222,99,96
363,222,99,94
367,227,92,86
370,223,87,90
370,223,91,94
371,224,91,93
371,225,91,93
372,221,93,100
372,223,91,95
371,222,94,100
372,223,95,96
373,223,94,98
371,223,97,98
371,218,98,105
371,218,94,103
372,217,98,108
374,220,92,102
373,219,98,105
375,221,93,101
376,215,94,110
377,221,88,100
378,217,90,108
379,221,87,108
376,215,95,115
374,220,94,111
377,218,91,112
378,220,88,113
378,220,89,114
376,217,89,119
375,218,92,116
376,219,89,117
375,215,90,122
373,218,93,118
374,216,92,122
375,219,91,119
375,221,89,118
375,218,90,123
376,217,88,122
375,220,90,121
375,220,90,122
376,222,87,120
375,220,89,122
374,218,88,127
375,221,87,124
375,221,88,123
374,221,87,126
373,222,88,126
371,221,89,127
377,219,80,129
372,220,86,130
374,221,82,129
374,222,81,129
371,222,82,129
373,224,80,128
374,221,77,133
371,219,80,134
368,222,84,131
372,222,79,132
373,224,77,131
370,221,80,135
373,220,76,138
370,222,79,134
368,224,80,133
365,220,84,137
369,223,78,135
367,223,81,136
369,225,78,133
371,223,75,136
373,227,73,134
370,224,75,135
369,223,77,139
370,224,75,134
371,224,73,137
370,220,74,143
372,222,72,139
373,223,70,141
372,225,74,139
371,224,75,138
371,226,74,139
373,224,72,139
374,225,71,142
374,224,71,142
375,226,70,142
371,222,75,142
371,224,75,136
370,222,75,136
369,223,76,142
372,225,70,131
371,226,72,120
366,223,78,120
366,223,80,122
364,221,80,123
364,222,80,131
359,223,86,124
358,223,88,119
356,220,92,133
356,220,88,152
357,223,87,147
354,224,91,145
353,224,90,143
354,227,91,140
352,225,92,144
353,224,91,145
351,223,95,146
351,222,92,149
351,223,93,146
352,223,90,150
351,227,89,143
352,228,88,141
351,223,89,150
351,221,90,152
351,224,90,148
352,220,89,153
351,222,91,152
350,223,89,151
352,222,89,150
350,224,90,145
351,223,89,150
353,221,86,150
353,226,87,146
350,223,91,148
350,219,91,151
348,221,93,150
350,224,91,146
349,222,92,148
351,222,90,145
352,221,90,147
352,223,88,146
353,221,89,144
350,222,93,144
356,220,84,148
352,222,89,143
354,223,87,140
354,222,88,141
352,224,91,137
351,222,91,140
351,220,94,142
351,223,91,138
350,224,94,136
349,223,95,136
350,222,96,136
349,225,98,132
348,222,99,134
349,224,97,133
347,221,102,136
348,221,98,133
349,221,101,132
349,222,98,133
350,217,98,137
350,221,97,131
349,220,101,133
351,223,101,129
350,219,102,132
348,220,102,132
349,221,104,130
349,224,103,125
350,222,104,124
348,223,103,123
350,223,103,124
349,221,104,127
349,225,104,121
349,225,105,118
351,227,104,116
353,224,101,120
354,222,103,123
355,221,102,121
357,219,101,123
357,220,102,121
358,221,101,120
359,227,101,109
360,221,99,115
361,222,99,114
359,219,103,117
364,218,95,118
365,220,97,114
361,221,101,112
364,224,96,105
365,227,96,100
361,222,102,108
362,222,100,106
363,221,98,107
364,223,97,103
360,226,99,98
362,221,99,103
361,225,99,100
360,225,100,96
360,224,100,96
357,224,105,98
359,226,101,93
357,222,103,100
355,223,106,96
353,223,109,96
359,224,102,93
357,223,102,92
358,222,101,94
359,222,100,95
357,222,105,96
359,222,102,95
356,222,107,97
360,223,103,94
360,218,103,99
359,220,104,100
358,220,107,99
360,218,103,98
360,220,102,98
363,219,99,98
363,222,99,96
364,222,99,95
366,221,97,96
367,220,96,96
367,218,96,98
367,220,97,98
368,222,96,94
369,223,94,93
369,221,93,97
370,220,93,99
370,222,94,96
371,223,92,95
371,223,91,93
373,219,92,102
372,221,92,98
375,218,89,101
375,221,89,101
375,219,86,100
375,219,89,102
377,222,83,96
376,219,85,104
375,218,84,101
373,222,88,100
374,221,83,98
374,220,87,101
373,219,83,101
374,221,84,100
372,219,87,103
371,217,89,106
371,221,90,99
372,222,87,98
375,221,85,103
373,219,86,106
374,219,84,105
376,219,82,107
374,221,85,102
373,223,87,101
371,222,88,105
371,221,90,106
371,221,89,106
370,224,89,102
373,221,83,103
372,224,84,104
371,221,88,108
372,222,83,103
374,222,80,104
374,221,82,106
373,223,82,101
374,223,80,100
374,221,81,103
374,219,82,111
373,219,84,115
376,220,79,113
376,220,80,114
377,221,79,114
380,221,75,115
378,218,77,122
374,219,85,119
374,216,82,124
374,217,83,123
376,218,81,123
375,218,83,124
376,218,82,126
378,220,79,124
378,219,82,126
375,221,83,125
375,217,84,129
376,220,83,126
377,220,83,126
376,216,83,133
374,217,85,130
375,215,84,133
374,217,85,132
370,220,89,129
373,218,88,133
378,221,80,130
373,224,87,126
371,220,91,130
374,222,88,129
374,222,88,129
374,223,89,129
379,226,83,126
375,222,89,131
378,229,86,123
377,226,88,127
375,223,89,130
378,224,87,127
380,231,85,122
379,228,87,121
380,231,87,121
382,224,86,125
381,223,87,127
379,225,89,127
384,223,83,129
386,223,81,128
387,225,80,126
387,225,80,127
389,224,77,128
388,222,80,128
390,224,79,127
393,222,76,128
395,223,73,127
396,221,74,130
396,226,76,127
398,228,74,122
395,225,79,125
398,221,74,129
396,224,77,126
397,226,77,124
395,224,79,126
397,229,78,121
394,224,84,126
394,230,84,121
393,234,85,115
394,231,86,120
395,237,84,112
395,234,85,118
395,232,83,115
395,229,85,121
395,232,84,118
394,231,88,119
395,235,85,113
395,234,89,115
395,234,86,116
397,232,84,115
396,232,87,117
397,231,85,117
397,227,88,122
396,226,91,122
396,226,91,125
395,229,93,119
395,227,94,123
394,232,93,117
394,228,95,122
395,237,95,111
394,233,95,116
392,242,100,108
392,235,101,114
392,236,106,112
391,237,104,112
390,235,110,114
390,232,104,117
391,234,105,115
390,237,106,111
389,236,110,112
389,235,111,113
388,226,113,123
389,232,110,116
390,231,110,118
389,236,110,112
389,234,112,115
387,232,114,116
388,233,112,116
387,235,114,114
387,233,115,115
387,229,114,120
386,230,116,118
387,225,117,125
388,225,115,124
389,228,112,122
389,229,111,119
390,223,114,128
390,228,112,119
390,225,113,124
391,228,114,120
392,225,111,125
393,226,110,123
394,222,112,128
398,229,102,120
399,226,103,124
400,224,103,127
403,225,99,126
405,226,95,125
408,228,93,122
409,222,91,130
411,219,90,132
411,219,89,131
414,219,85,127
412,220,88,126
412,221,88,124
412,220,86,120
411,218,88,131
413,220,87,130
411,221,87,134
413,224,88,132
415,225,87,131
415,223,86,137
416,228,83,130
416,222,83,139
416,226,84,134
415,227,85,133
416,223,83,139
413,228,87,135
416,229,82,135
416,228,80,135
416,227,80,139
416,226,78,140
414,223,82,144
414,225,82,145
417,225,77,143
416,226,81,143
418,229,81,142
418,232,82,140
419,228,79,145
419,233,82,140
419,234,83,140
420,232,83,142
420,231,85,143
418,233,88,143
418,235,91,141
419,228,89,149
419,231,92,147
418,232,98,145
418,235,100,144
416,234,105,145
417,234,105,145
417,235,111,146
417,229,112,153
415,234,119,150
415,230,120,154
410,235,130,149
413,233,128,153
412,224,131,162
409,232,141,152
409,234,138,152
409,234,143,149
408,231,148,156
408,235,150,149
405,234,152,153
405,233,157,153
405,237,160,149
407,234,160,152
407,231,161,161
405,234,168,154
403,240,172,151
402,235,177,154
399,235,182,156
398,233,188,156
393,232,192,157
390,235,202,156
387,233,207,155
385,236,209,150
387,231,215,156
383,237,213,153
384,231,216,156
377,228,227,165
379,229,215,151
381,231,222,155
375,233,228,150
372,230,235,151
371,228,234,152
369,225,239,163
368,231,237,147
361,233,243,146
361,237,247,139
363,232,240,142
362,237,248,139
359,233,251,139
358,232,248,145
356,228,250,146
360,229,247,147
355,225,252,143
353,230,251,143
359,231,243,142
354,231,250,139
355,235,244,139
360,234,242,132
355,233,241,144
353,223,251,145
349,229,249,153
353,228,245,141
353,231,240,147
357,232,234,135
351,238,239,131
352,230,243,139
356,227,233,148
350,226,239,148
355,227,237,138
346,230,246,146
355,230,237,139
352,232,239,135
354,235,240,136
353,231,237,141
350,229,245,142
353,233,246,137
349,230,246,139
359,227,234,142
353,232,245,136
358,237,238,134
353,232,248,138
355,232,245,138
356,226,244,143
356,229,241,145
356,234,246,136
358,227,242,140
360,223,241,149
356,237,249,136
355,223,249,145
359,231,244,139
357,229,252,147
360,230,249,135
359,238,249,137
362,226,250,141
362,225,246,149
369,224,240,143
361,228,250,145
363,227,254,141
362,235,251,142
367,229,249,139
360,232,256,143
370,232,244,136
366,235,258,140
364,228,258,141
370,234,253,136
366,230,262,138
364,229,260,144
373,228,250,142
372,232,251,139
367,236,261,135
372,238,259,134
375,230,252,141
377,239,248,136
375,233,257,138
376,228,250,146
373,229,257,148
377,231,254,139
371,236,261,140
381,228,249,146
377,228,253,150
379,225,250,147
377,232,258,143
376,237,252,140
379,227,257,149
377,230,258,145
380,232,250,144
380,228,255,149
383,232,248,148
384,240,249,137
385,248,249,127
385,241,250,135
383,235,257,139
381,235,254,145
389,235,253,143
386,238,247,142
387,236,258,142
388,239,251,142
389,233,256,148
392,225,248,156
384,236,263,149
390,234,258,150
389,233,256,152
