383,17,254,341
390,15,238,331
396,6,236,356
374,6,249,353
379,5,237,337
380,22,246,324
380,32,248,324
383,24,243,335
391,11,200,340
393,21,164,324
391,14,159,334
384,6,169,338
386,24,159,326
387,20,151,330
384,21,147,321
384,30,133,311
385,30,125,306
379,39,127,300
385,28,115,305
379,28,115,313
379,23,106,298
382,26,104,288
375,24,107,284
371,31,114,273
369,29,111,273
372,27,105,274
371,24,106,277
377,23,98,277
378,22,92,269
378,27,92,265
376,20,95,271
373,28,101,263
381,33,94,244
382,30,90,237
384,34,86,250
381,33,88,260
385,33,84,262
378,35,96,268
367,36,107,293
363,31,120,326
361,26,126,327
354,35,138,312
364,28,132,300
350,38,143,289
354,46,167,287
378,54,162,284
354,41,147,268
374,49,164,299
340,26,153,310
371,44,157,315
377,36,174,324
383,51,226,305
381,65,243,291
383,44,247,316
376,32,261,336
397,45,245,308
402,39,239,315
389,41,252,313
392,41,249,317
397,30,249,320
389,36,241,332
392,28,250,321
403,29,248,321
402,23,229,328
394,31,232,329
386,17,253,320
388,25,246,322
395,5,237,320
387,24,242,321
393,17,221,333
398,14,211,328
390,20,204,341
391,7,196,326
394,25,200,338
385,9,208,327
393,17,173,341
385,30,178,321
374,12,178,335
365,15,185,340
365,23,170,329
360,19,176,339
370,11,140,348
340,5,163,346
336,14,162,332
320,7,169,341
322,11,163,348
300,14,183,340
301,15,174,334
294,10,180,336
278,22,198,331
284,15,187,338
283,21,184,334
279,21,191,334
287,18,181,331
284,27,190,333
287,24,180,321
276,27,191,332
274,27,209,325
270,29,190,320
280,29,201,321
270,32,197,321
277,28,208,316
263,31,216,322
263,28,222,319
264,46,224,301
270,42,218,304
268,40,229,308
260,37,238,308
258,35,237,310
256,51,244,303
247,42,252,313
246,39,252,319
238,42,258,312
241,55,267,298
230,43,266,316
237,54,297,296
236,73,278,274
226,56,290,284
235,78,300,276
231,61,283,288
235,45,311,297
232,49,333,307
245,37,345,306
237,42,400,321
232,67,401,291
213,52,425,313
229,61,403,293
218,91,403,263
219,85,423,265
225,86,401,268
222,85,410,267
224,70,399,289
232,84,389,264
221,37,416,306
208,51,421,320
249,35,390,320
231,50,411,299
223,49,407,315
249,22,388,341
224,46,401,315
189,29,445,325
227,40,417,321
213,31,427,332
227,19,409,332
233,26,399,319
230,24,410,345
233,16,406,338
217,17,414,338
253,20,371,334
240,22,401,330
250,44,394,336
279,17,357,334
255,25,376,315
250,40,382,322
264,32,365,329
259,20,380,332
262,22,368,328
260,37,386,325
273,27,363,327
286,49,348,314
291,40,341,306
291,37,338,314
295,22,331,326
305,46,312,310
297,29,338,319
321,23,303,328
315,40,312,316
341,48,301,298
301,43,222,302
298,34,201,311
313,46,190,300
324,50,181,294
323,47,175,296
345,44,158,292
333,56,170,246
337,59,162,245
355,48,150,257
364,43,139,260
380,43,127,267
397,37,108,290
400,42,103,305
408,39,99,295
401,36,109,289
409,43,104,286
405,35,109,291
410,44,112,292
414,37,106,301
411,30,112,315
409,46,141,304
404,38,169,312
405,58,160,266
406,36,156,286
408,42,156,275
408,37,153,280
402,42,162,291
398,31,170,313
392,44,184,304
395,39,182,297
394,49,173,273
401,47,172,281
405,50,181,292
401,50,214,309
405,49,211,302
410,49,215,299
400,48,188,295
414,50,201,294
411,72,220,276
416,67,186,270
412,59,198,283
416,57,190,288
418,53,168,279
418,50,184,295
413,48,181,297
409,56,169,274
417,42,151,296
419,42,155,296
418,41,152,279
419,48,146,278
427,42,140,301
429,38,132,297
424,46,141,269
423,45,133,280
425,47,138,261
426,47,133,281
427,45,131,297
432,48,124,285
435,48,119,281
428,47,127,293
432,47,122,275
429,48,129,290
430,50,130,269
426,46,132,288
433,46,131,277
431,47,135,265
427,44,137,286
427,44,143,276
426,44,137,272
427,40,139,288
429,51,136,266
425,45,144,283
423,47,146,280
423,43,152,280
426,58,147,261
431,47,144,277
429,45,154,285
424,51,154,296
431,55,153,279
428,49,157,283
422,54,161,288
425,46,162,303
423,52,176,291
425,57,169,278
423,64,183,278
418,64,196,278
421,69,201,280
421,63,203,286
423,73,200,274
418,68,204,284
420,64,202,282
422,45,204,303
427,55,202,294
426,60,199,285
425,62,211,291
419,71,202,285
427,73,212,273
429,63,200,292
426,69,197,286
432,62,206,287
424,73,202,281
430,61,208,284
430,61,203,289
422,79,209,276
426,79,215,274
429,54,199,297
425,63,219,285
443,75,196,280
431,61,201,285
430,81,211,269
427,68,204,287
428,61,212,290
431,68,196,293
428,74,209,276
430,60,202,291
431,71,211,286
423,59,204,300
424,80,212,282
424,43,211,313
433,55,209,298
425,60,209,290
433,55,198,287
427,68,211,283
427,75,204,280
430,48,211,300
434,53,201,295
434,60,195,292
429,58,217,295
437,56,196,294
425,53,209,299
433,59,202,296
426,51,197,296
430,55,194,290
432,64,183,280
433,62,180,276
433,58,172,291
436,52,167,282
442,55,153,278
437,51,150,294
438,47,149,298
432,44,153,302
437,47,151,301
429,42,154,307
432,54,152,289
431,47,149,298
432,46,146,305
433,46,151,300
429,46,147,302
435,40,143,307
427,39,156,307
434,44,144,296
427,44,155,289
431,41,152,301
433,52,145,278
434,46,145,277
437,48,147,278
436,56,145,244
431,47,149,269
432,51,150,260
431,41,151,274
422,47,159,257
418,48,158,234
427,44,149,235
436,51,141,204
439,53,140,200
438,53,143,191
410,82,160,224
423,57,157,255
422,52,158,242
423,50,158,209
421,51,154,205
433,71,136,200
421,52,148,199
427,48,146,199
424,46,140,208
425,46,140,203
420,47,140,203
420,45,143,206
397,61,154,236
416,46,134,240
411,42,139,263
408,35,128,278
410,35,122,284
410,33,124,285
408,34,135,283
412,31,119,302
412,38,137,299
414,33,132,283
415,33,116,293
408,39,143,312
416,33,133,317
417,28,132,321
423,34,117,310
417,37,133,315
416,31,151,319
417,32,149,315
421,25,147,323
418,21,166,333
418,33,170,325
419,29,187,334
416,29,213,328
411,29,227,326
413,17,218,331
423,35,213,324
427,34,209,320
407,18,206,341
423,21,214,323
418,14,222,337
426,32,211,322
414,35,222,313
415,29,216,318
415,55,220,299
424,46,210,306
424,34,211,315
429,44,215,311
429,48,205,304
430,50,204,296
424,45,213,302
421,42,206,313
421,38,210,302
419,34,209,311
420,50,205,298
421,39,204,301
417,46,210,296
414,42,208,298
420,32,209,310
427,25,156,311
429,46,133,282
434,44,130,267
431,40,132,279
427,40,132,286
425,34,132,289
429,46,125,282
433,47,119,285
434,51,117,261
430,52,121,258
428,45,118,272
431,46,121,276
430,47,122,258
428,45,119,265
425,46,123,261
426,44,125,265
423,48,128,249
424,44,125,262
423,44,123,257
420,44,125,267
421,43,119,272
420,41,124,279
422,40,115,286
422,47,120,269
422,45,107,277
425,46,104,269
424,50,108,263
422,40,108,281
423,39,108,287
425,47,105,272
422,51,107,260
418,47,112,266
425,49,102,264
422,51,107,260
421,46,105,271
419,47,109,269
418,45,107,271
419,44,106,268
421,47,104,265
420,47,106,273
422,41,101,279
422,43,102,274
423,47,103,264
423,47,101,274
424,51,98,262
424,45,97,266
425,47,95,254
424,49,95,270
421,41,99,279
422,42,97,269
422,41,96,267
425,47,94,273
422,40,99,274
423,43,97,270
421,42,99,263
421,42,100,283
425,41,96,275
423,37,97,271
423,47,99,278
424,38,98,292
423,43,97,274
424,39,100,271
423,45,102,292
422,38,102,288
426,45,99,277
424,39,102,273
425,46,104,275
423,42,105,274
425,42,103,274
425,39,103,283
427,42,102,274
424,34,104,296
425,44,106,275
423,38,107,278
427,45,105,275
427,40,104,281
426,45,104,272
426,49,105,265
424,42,109,275
426,47,107,276
423,38,108,282
426,45,107,274
426,34,105,280
425,43,109,277
425,45,110,279
425,43,109,289
422,39,109,298
423,29,107,312
421,42,114,288
427,44,110,284
424,40,108,298
422,47,112,298
424,37,115,296
425,43,113,288
427,46,113,297
428,46,112,279
430,48,110,269
430,47,114,270
432,48,116,271
431,45,121,285
432,45,118,279
434,46,124,286
434,44,127,292
431,43,150,312
428,40,141,306
429,40,156,312
426,51,149,295
425,45,157,301
424,49,173,299
419,42,152,288
423,49,149,289
417,45,166,301
413,50,150,264
411,56,155,253
415,43,158,288
419,54,157,274
414,45,171,290
417,49,170,294
425,66,209,278
423,66,192,275
421,54,209,299
422,48,194,298
418,55,209,291
421,74,211,273
424,100,203,249
417,38,166,265
423,39,162,286
421,45,196,293
419,65,214,283
426,56,194,293
426,57,202,291
426,68,208,281
424,80,209,278
431,86,195,262
431,73,204,274
430,50,191,296
431,44,153,303
428,43,150,301
424,43,146,302
428,43,138,301
431,47,149,300
429,37,140,312
430,38,133,313
434,44,117,304
433,50,129,306
434,54,114,291
437,42,108,304
437,53,107,297
437,43,105,306
435,43,111,309
437,53,105,301
435,47,112,304
438,50,105,304
438,48,110,299
434,47,112,304
435,47,115,305
440,51,111,297
436,49,113,301
439,51,112,299
440,43,115,309
436,49,117,304
437,49,116,304
439,50,117,307
437,45,119,308
436,49,125,306
440,49,125,305
438,51,127,304
436,49,134,313
436,47,135,311
439,45,129,314
434,49,141,308
443,42,129,315
441,47,136,307
443,45,129,308
441,52,138,304
440,43,136,310
444,52,132,300
442,47,133,297
447,44,130,301
445,45,130,307
443,43,131,304
445,48,130,301
443,46,136,302
443,48,138,310
446,48,131,308
438,41,135,305
436,48,143,307
447,41,131,309
447,44,125,311
457,45,118,310
456,49,117,306
453,40,125,313
454,44,127,299
449,37,135,300
439,32,149,315
412,17,178,332
365,7,211,338
346,9,261,341
344,16,262,350
360,18,251,333
365,13,243,346
379,35,243,329
401,20,230,336
410,7,223,348
430,6,204,337
433,9,206,340
435,19,205,327
445,11,191,342
434,21,207,339
444,9,203,346
448,3,194,356
447,31,194,329
447,27,185,323
431,42,212,315
411,43,234,314
399,33,242,319
374,43,261,315
387,28,254,328
390,30,231,326
381,31,256,318
382,47,262,318
376,41,269,312
377,25,200,328
376,31,213,316
372,30,213,318
374,29,221,313
374,21,201,320
370,17,221,330
366,34,232,306
376,29,182,314
371,34,192,318
371,46,216,308
372,68,231,288
367,72,265,288
367,56,245,288
362,48,272,299
370,50,234,308
368,31,174,325
375,22,159,333
378,13,156,334
382,24,148,330
382,26,143,319
386,28,140,329
383,26,143,326
384,26,144,324
390,27,144,320
393,28,140,323
393,29,146,321
389,29,152,320
388,24,151,320
391,27,158,300
384,22,158,327
388,24,164,311
378,23,170,306
396,24,158,319
390,18,159,315
384,19,172,310
381,14,181,342
380,16,192,336
396,16,176,329
373,16,206,338
380,21,192,323
369,17,197,311
366,23,201,315
371,19,197,286
365,22,204,293
356,23,205,295
353,20,207,328
354,12,209,333
349,18,212,325
361,25,193,334
368,18,172,330
372,20,156,338
352,22,171,334
354,27,173,330
354,27,173,326
331,21,185,332
331,26,178,332
299,21,207,326
284,35,219,332
269,37,232,316
291,35,205,316
287,30,204,319
261,36,232,324
304,39,184,317
276,37,208,320
276,54,208,300
265,53,219,301
258,46,218,313
295,55,184,306
274,58,202,293
285,55,184,310
275,58,197,299
281,68,191,291
274,66,196,298
267,61,203,294
249,68,227,298
261,55,202,289
300,56,170,292
287,60,181,293
278,52,190,298
275,49,191,299
301,43,162,300
291,36,176,319
295,27,175,321
296,22,172,337
288,25,180,336
287,29,186,319
309,19,164,336
297,17,182,338
301,11,182,337
314,14,171,347
294,8,192,346
303,17,187,335
310,8,181,342
314,11,182,340
313,11,183,335
324,5,176,345
345,5,157,344
348,7,155,336
343,10,162,320
339,8,169,327
322,11,188,332
275,20,234,333
267,27,255,326
252,31,270,334
318,14,245,324
277,17,255,325
273,15,262,334
277,42,250,302
276,28,264,323
285,33,250,323
311,24,227,324
328,19,215,330
340,20,202,331
341,11,203,340
351,16,194,323
334,15,212,331
350,12,191,333
343,17,200,342
367,21,174,325
353,19,189,322
358,28,178,313
367,29,167,313
368,20,163,329
370,18,160,329
361,32,167,311
369,31,163,317
370,24,158,317
376,30,153,313
388,38,144,278
395,40,134,270
376,38,159,301
377,49,157,296
379,42,157,302
385,38,154,307
395,42,148,288
383,36,160,305
389,51,156,296
385,54,159,296
389,58,152,293
394,57,151,294
390,57,155,291
393,50,151,300
400,47,146,298
397,47,144,298
406,52,140,290
399,55,151,280
404,54,148,285
407,58,153,287
410,63,148,284
413,51,150,294
418,51,147,293
418,46,144,295
422,49,143,296
423,49,148,280
424,54,141,271
416,50,156,294
423,38,148,302
419,51,153,293
425,59,155,296
425,52,157,298
430,57,150,284
438,56,140,255
434,65,143,252
433,59,147,253
439,63,142,263
444,62,133,233
443,66,133,217
442,62,133,219
452,66,127,235
447,58,132,226
441,67,144,266
443,56,141,286
437,56,147,289
444,50,138,279
433,64,162,291
431,53,155,303
434,55,156,300
432,61,166,299
423,55,157,294
429,56,160,294
419,42,201,301
425,38,169,301
413,48,184,302
413,50,171,301
411,48,170,304
404,52,179,299
399,54,182,298
395,52,181,300
391,49,200,295
379,50,203,298
385,46,196,305
379,41,220,311
372,36,263,319
383,40,234,327
391,36,214,317
391,36,210,324
384,28,242,334
394,30,223,320
407,42,162,317
410,55,160,308
405,43,159,316
406,46,152,322
404,38,195,322
408,33,214,324
412,21,195,336
421,24,171,335
414,20,195,331
412,18,219,330
411,9,231,345
402,20,240,331
398,30,243,335
404,16,246,323
404,35,232,316
394,24,236,314
406,28,225,330
396,25,228,321
400,42,215,324
403,25,208,314
396,32,211,327
413,15,204,323
406,33,221,334
405,25,217,332
399,27,233,328
384,17,246,339
383,17,255,346
385,18,250,348
377,11,258,333
369,28,274,340
367,14,268,327
361,27,263,338
333,14,304,337
361,19,281,324
339,20,291,328
341,11,303,331
318,25,313,328
331,15,312,321
304,21,330,334
315,12,321,334
306,24,321,330
338,23,289,325
320,28,310,330
303,15,314,334
315,20,298,329
349,25,273,337
326,25,283,313
297,29,339,339
294,26,333,331
298,35,336,312
305,31,334,315
280,29,353,318
284,26,349,327
264,36,383,327
273,35,347,319
279,13,359,332
269,35,365,318
272,48,370,303
259,56,375,296
282,37,357,322
264,64,367,294
265,35,369,309
258,39,382,314
266,46,377,310
261,54,377,302
265,63,377,290
266,48,366,316
268,35,367,323
264,42,387,319
268,40,365,309
267,41,366,316
277,50,344,303
264,48,370,314
273,26,357,328
267,45,361,304
259,64,365,293
270,76,361,280
256,88,360,279
292,41,334,322
258,34,380,324
276,35,346,330
293,37,333,321
307,48,306,309
272,48,339,304
292,33,335,323
265,51,348,302
349,38,279,326
367,77,254,274
398,55,216,309
422,46,192,309
410,44,214,307
436,54,186,296
423,56,200,290
425,60,197,286
429,48,181,304
422,51,182,309
432,52,172,299
424,56,168,299
428,47,155,296
422,58,167,299
432,48,151,304
451,55,129,299
442,57,138,291
449,53,131,302
445,60,137,299
447,58,137,294
449,54,127,292
450,55,132,295
442,51,138,298
451,52,129,299
448,55,136,297
448,51,143,298
444,52,156,304
446,50,155,303
444,48,142,301
441,54,165,298
444,52,168,297
441,52,165,302
446,40,121,306
444,49,143,307
444,42,129,308
440,47,136,305
445,45,132,303
439,48,155,307
437,47,139,307
440,39,134,312
439,42,136,301
442,41,135,310
436,46,174,307
435,60,193,291
434,76,194,275
431,49,191,305
442,63,192,285
446,62,164,285
441,52,189,310
443,70,181,286
432,48,172,300
439,52,177,299
449,49,127,293
446,51,127,273
444,44,127,270
447,45,130,278
445,46,129,292
439,51,135,275
443,50,132,255
446,44,120,278
440,47,132,289
431,50,167,278
427,66,196,284
414,52,206,292
419,67,216,276
402,71,225,274
420,52,212,298
419,53,215,292
411,38,223,307
410,38,226,310
408,64,233,286
416,53,212,298
421,55,215,290
417,58,212,285
418,56,216,291
421,70,205,264
419,58,207,265
425,53,205,283
418,53,207,296
434,62,190,285
422,63,189,269
427,58,181,298
428,56,170,285
428,53,171,301
427,41,167,309
435,61,155,290
430,50,157,307
431,46,176,311
430,64,171,287
429,50,158,292
430,63,190,289
435,60,183,285
435,61,155,263
435,48,142,292
431,42,156,293
432,58,185,293
427,62,192,282
423,59,205,284
428,66,207,285
425,54,201,292
434,60,172,292
443,48,147,301
431,46,160,306
433,48,157,307
430,50,170,302
430,57,158,294
428,51,162,291
431,47,160,301
430,54,164,292
430,47,186,311
430,56,205,296
423,51,194,296
429,64,202,284
428,60,180,285
428,53,183,301
436,60,173,291
425,62,179,287
431,56,160,284
428,51,161,300
433,50,154,297
432,41,159,317
428,48,173,313
435,56,159,290
432,53,161,301
439,54,147,294
436,42,154,312
438,48,149,310
432,45,157,316
430,52,158,281
424,52,166,294
432,52,153,288
434,54,155,292
432,46,150,302
427,53,175,294
420,54,173,277
426,53,176,297
435,59,159,278
415,52,188,295
426,54,172,289
417,51,201,302
427,55,204,289
424,56,174,284
425,55,167,301
437,49,142,298
445,51,137,304
443,52,141,306
448,53,142,302
445,57,144,303
449,56,132,307
447,49,132,304
450,51,132,305
447,54,128,299
453,55,126,300
458,53,120,301
451,53,125,307
454,52,121,302
454,55,119,308
455,46,127,311
446,54,135,302
450,48,134,305
451,56,125,306
451,51,130,307
452,52,126,306
455,49,120,305
454,48,124,308
454,53,135,310
449,47,154,313
449,53,170,311
452,52,178,305
446,61,182,299
445,61,191,297
431,64,198,290
441,64,191,288
447,68,190,289
443,56,191,299
450,63,188,295
447,54,185,300
454,54,180,308
454,71,180,286
456,54,173,294
456,63,174,296
455,51,177,304
456,57,170,295
458,69,172,288
454,56,178,295
452,58,177,299
461,54,161,293
453,53,173,298
456,61,170,295
457,51,162,300
457,67,179,292
452,51,176,296
456,64,177,295
457,58,170,291
455,60,176,296
459,67,174,289
454,51,180,306
454,63,181,291
450,42,181,309
456,55,176,303
457,44,172,310
455,55,173,301
457,55,163,290
458,41,175,306
453,48,173,307
454,48,173,304
454,49,170,309
452,46,162,308
455,42,174,312
455,52,170,306
452,44,158,309
450,37,176,321
444,52,172,300
453,43,149,309
453,38,149,312
454,46,134,296
456,42,132,311
456,42,131,301
455,49,139,301
457,52,133,286
457,50,132,306
456,54,128,280
453,59,139,290
454,55,137,291
452,52,141,289
448,50,155,300
448,45,129,295
444,47,130,267
442,45,132,271
438,49,139,252
425,48,152,257
421,49,156,253
421,51,156,253
422,52,158,250
408,51,168,236
420,51,161,236
417,46,158,246
429,47,145,252
436,59,139,236
432,57,135,245
436,60,132,236
434,59,134,243
433,58,134,245
431,55,126,248
426,51,130,251
422,49,128,261
427,50,126,249
419,47,131,263
426,47,125,258
425,55,123,252
426,63,124,248
424,57,132,260
419,56,143,249
424,66,126,240
423,55,121,257
430,54,113,257
428,56,114,251
428,54,114,259
425,49,117,262
410,51,137,256
421,45,124,255
421,51,117,253
433,47,98,263
431,50,102,253
431,55,101,250
431,48,96,260
430,53,101,253
429,55,102,249
426,60,106,243
429,53,103,251
428,53,113,250
428,58,116,249
426,56,115,259
426,49,114,283
430,56,121,276
425,50,124,276
419,54,128,250
421,51,125,255
421,46,129,295
420,48,130,305
416,47,138,301
407,48,149,299
417,52,140,300
415,43,147,305
395,47,162,314
364,34,200,330
354,33,245,313
333,25,284,339
285,17,321,337
260,14,343,343
258,27,316,328
303,12,318,334
275,6,330,346
262,12,339,338
258,18,358,331
266,14,334,341
264,14,343,332
270,11,352,341
260,15,336,330
270,15,357,342
262,17,368,340
265,13,328,336
264,14,326,338
263,17,324,332
268,11,340,358
266,11,313,348
268,13,321,344
265,8,330,354
265,0,335,355
263,14,323,347
265,10,325,344
266,22,344,339
264,12,348,339
263,24,365,336
268,17,345,337
271,13,350,348
257,6,373,348
246,17,370,345
268,15,368,336
272,23,373,329
247,18,383,339
258,17,371,344
250,20,387,334
254,18,382,339
264,5,374,340
242,16,402,337
265,9,362,344
250,25,387,329
254,17,380,332
250,26,382,334
281,19,362,330
270,17,356,328
257,27,374,328
255,19,386,322
259,19,367,341
265,9,358,333
261,23,376,341
263,13,363,338
264,15,370,328
266,12,359,341
261,23,349,323
270,15,360,332
272,20,363,335
261,17,375,333
256,21,382,328
252,18,394,340
256,14,368,338
267,15,379,340
276,15,352,332
272,13,366,341
267,20,366,333
266,25,368,333
273,16,358,337
228,19,268,345
308,11,318,344
261,22,288,330
292,17,295,332
279,15,347,335
285,26,352,330
299,33,334,324
292,15,342,337
278,21,355,334
289,22,341,331
290,22,337,340
304,31,329,321
284,34,348,314
296,41,341,298
305,18,315,334
296,18,333,331
261,12,285,350
272,25,257,338
284,7,184,346
305,13,149,337
291,17,157,339
289,13,154,345
284,7,161,358
292,15,152,344
267,18,181,342
286,23,163,337
266,27,183,318
268,13,190,343
260,21,197,336
250,15,228,333
255,23,219,330
256,10,229,342
249,33,239,333
253,39,238,327
252,41,244,327
241,44,282,319
243,50,278,315
253,55,266,306
247,61,302,302
235,62,306,301
271,65,330,295
265,84,332,280
253,75,337,281
249,70,334,292
233,35,368,335
213,50,410,314
211,37,417,328
191,25,442,343
246,16,392,334
247,29,381,342
213,36,398,332
185,42,440,322
166,23,457,334
178,14,444,349
226,18,391,344
292,30,343,336
307,27,326,335
367,27,256,332
355,53,274,314
358,24,270,323
383,43,245,326
405,47,227,316
395,42,234,312
389,24,244,342
393,33,249,336
382,43,257,316
409,39,228,320
401,22,237,331
387,39,243,316
399,39,237,318
391,51,253,309
405,49,231,300
374,66,262,299
377,45,255,291
379,69,259,295
388,55,246,300
370,43,259,306
388,52,241,299
405,49,221,296
393,73,234,279
393,58,231,291
402,63,213,309
384,60,236,309
392,46,229,306
387,69,227,306
406,66,194,294
409,58,187,293
409,56,186,297
412,63,184,296
420,57,174,300
415,54,184,294
416,59,176,293
418,59,185,292
419,63,176,288
417,55,176,294
418,59,170,298
417,65,177,291
406,62,187,291
403,63,192,290
389,63,213,293
375,60,233,290
376,62,218,303
387,59,217,291
375,55,257,300
375,82,254,276
377,61,244,285
375,71,243,289
424,79,198,270
432,77,196,272
431,43,191,288
427,70,204,275
419,58,209,291
429,67,212,283
408,68,222,283
401,63,227,284
408,71,221,277
428,70,208,276
443,85,197,262
435,87,199,261
444,84,205,260
447,92,203,257
452,86,191,269
462,81,173,261
455,84,180,264
443,93,188,255
467,95,183,261
458,92,175,253
473,84,163,262
482,78,164,270
478,92,159,261
489,86,148,258
483,72,156,267
492,83,148,270
486,79,151,269
494,85,145,262
493,80,140,267
497,80,141,268
499,80,139,267
499,91,134,259
501,83,131,265
499,82,132,271
503,80,129,277
504,74,130,274
498,77,133,276
505,77,124,268
501,80,132,275
501,80,135,280
499,82,130,277
496,78,135,276
493,80,136,276
492,76,140,279
487,78,146,276
483,82,145,272
481,84,155,274
487,79,139,266
477,72,151,279
484,68,145,277
471,72,154,277
477,75,153,281
470,71,143,277
481,72,143,289
470,71,127,280
472,72,120,284
471,64,117,285
468,72,119,276
465,74,123,281
464,67,116,286
465,69,118,284
465,72,113,278
467,63,106,282
459,63,115,295
466,66,112,290
462,67,117,286
459,74,116,275
459,71,122,278
460,69,115,285
461,61,110,294
461,64,109,290
457,65,110,281
462,64,96,273
458,59,92,282
457,62,94,284
454,62,96,285
459,61,90,285
455,61,95,280
455,58,91,281
455,57,93,277
453,63,91,263
454,63,93,246
455,69,88,240
453,63,89,249
453,65,88,238
454,64,90,249
451,65,91,242
450,65,92,238
450,70,96,228
452,65,94,243
448,63,96,242
450,67,96,232
447,60,100,250
444,60,104,250
445,62,103,246
440,61,109,247
438,57,111,254
435,56,113,258
433,60,118,247
426,55,127,260
436,50,118,284
427,52,123,289
428,53,126,283
428,49,131,288
424,50,129,294
430,48,124,297
427,53,124,293
429,52,121,291
424,55,126,281
427,56,128,269
424,51,124,289
429,56,118,288
427,54,116,292
428,52,114,295
425,52,115,300
421,47,118,302
423,56,121,288
422,57,120,284
419,56,119,284
419,50,132,292
419,49,119,301
418,48,118,296
420,53,113,301
412,46,128,307
407,53,128,294
410,55,119,290
410,43,119,307
408,52,124,301
407,55,128,300
409,43,122,307
410,38,123,316
409,48,132,304
408,39,138,309
413,39,126,312
409,44,137,307
410,40,138,311
408,42,137,312
409,44,136,309
414,46,131,304
413,42,132,305
415,42,133,309
417,38,136,314
424,42,130,310
425,38,137,315
427,37,133,315
423,31,144,319
432,28,135,325
427,26,143,328
437,28,134,328
435,33,140,323
439,32,138,321
441,33,134,331
448,31,125,325
451,32,121,319
444,37,128,314
447,36,129,326
448,32,122,322
441,36,137,323
446,39,132,313
443,45,143,309
446,43,129,308
449,41,129,309
450,43,128,311
448,50,135,301
447,49,129,308
448,51,134,300
446,52,135,298
445,50,141,307
442,52,140,305
447,57,131,296
445,60,138,294
447,71,131,295
447,69,132,288
444,71,147,290
440,65,139,290
427,76,164,287
427,69,149,288
429,69,154,289
433,74,148,286
437,75,142,279
429,77,155,283
429,80,152,278
429,79,146,278
435,71,137,285
430,74,140,288
424,74,147,281
418,75,162,284
388,64,192,286
394,80,217,273
370,82,256,272
388,76,203,275
393,75,222,276
404,73,219,278
408,70,216,285
404,67,224,282
400,70,232,283
403,66,229,289
403,61,228,287
396,61,235,284
402,69,226,277
400,63,224,279
398,66,228,286
399,65,229,286
400,65,225,287
402,66,224,286
395,59,231,296
392,53,233,302
388,47,238,308
379,47,250,311
385,40,245,315
381,51,247,305
377,100,257,261
382,92,241,253
343,100,221,253
364,102,232,257
374,100,261,259
295,89,273,266
316,80,232,277
336,74,187,270
350,53,172,286
353,39,158,311
349,31,165,321
341,36,176,305
345,39,171,303
339,50,176,272
338,53,173,262
335,49,186,261
335,48,172,279
327,48,172,272
326,45,167,263
329,41,149,268
326,46,144,256
322,48,141,256
312,46,146,278
322,44,136,272
310,45,145,277
315,46,138,264
315,39,140,270
305,36,144,289
307,48,151,267
302,46,158,272
301,46,163,275
279,45,168,298
271,53,167,300
271,48,162,307
267,53,161,298
268,48,160,303
269,46,153,307
259,46,185,310
259,49,165,303
253,65,183,297
254,58,190,297
237,76,182,279
244,53,171,298
242,52,181,304
245,53,197,297
230,61,221,293
224,76,237,282
202,87,243,276
224,71,223,283
221,79,232,274
214,73,194,294
230,66,173,290
231,85,173,272
229,72,167,282
287,65,176,282
287,75,186,269
275,71,198,276
242,74,223,276
217,62,263,288
208,82,270,275
243,80,332,266
154,98,326,254
217,58,310,299
185,71,286,286
164,89,309,268
213,49,386,304
247,45,395,316
247,45,400,312
242,54,411,307
234,59,419,311
138,30,515,332
113,20,526,346
147,67,488,297
110,44,526,317
173,85,476,283
173,88,462,271
205,98,436,256
222,107,410,250
116,87,425,271
225,104,406,252
227,79,413,282
230,100,393,267
102,77,422,272
202,77,426,283
200,46,423,307
193,43,438,330
191,24,449,342
211,77,422,296
212,101,420,260
201,90,429,263
199,62,427,292
195,15,431,351
180,19,459,353
197,25,440,337
180,13,460,351
191,19,452,351
196,25,436,344
218,13,421,345
201,22,455,352
204,21,441,340
194,15,451,342
189,22,455,349
191,28,449,336
194,26,451,337
191,22,443,336
197,18,430,336
177,7,453,348
176,6,462,355
171,17,461,346
166,16,466,345
148,19,504,331
177,9,457,348
188,9,451,345
221,9,418,349
189,13,437,335
259,10,372,325
299,9,327,343
225,19,313,329
247,7,246,343
273,2,195,347
302,11,161,335
312,11,148,307
305,8,155,316
298,6,163,346
298,10,162,322
305,11,157,319
313,11,153,301
314,10,143,315
304,16,164,320
312,13,159,320
315,10,160,312
317,8,166,312
318,2,163,325
318,5,171,312
322,7,166,312
323,8,176,302
328,5,174,320
325,9,182,307
330,6,179,302
328,5,181,309
331,8,184,314
334,10,185,313
333,9,184,313
335,1,192,316
340,7,182,313
338,6,187,319
337,2,194,327
337,6,205,312
337,2,205,315
341,3,219,329
345,6,227,323
346,4,231,324
349,5,211,326
347,0,216,335
349,4,230,330
344,2,221,336
335,5,225,327
356,5,207,325
350,2,203,327
354,8,212,322
352,5,212,330
355,13,209,318
353,10,216,333
341,6,232,330
344,6,221,331
351,5,197,330
350,5,199,326
345,11,199,324
352,9,185,324
