493,166,121,156
492,171,121,154
500,171,115,157
503,166,114,161
506,175,115,153
508,168,112,160
511,159,114,165
522,165,106,166
518,163,112,171
515,164,128,166
519,166,126,174
518,167,131,156
537,165,119,135
542,166,118,124
548,166,112,126
553,165,111,126
559,167,108,108
562,168,109,105
564,169,111,102
567,169,105,98
571,173,105,99
576,170,104,99
578,173,101,101
586,168,101,111
587,168,96,117
591,170,97,115
589,167,104,130
596,168,106,133
599,168,100,123
604,168,93,130
606,169,89,130
606,172,91,132
607,176,92,139
608,176,88,134
603,174,91,136
603,174,90,137
600,176,90,139
603,178,86,141
599,169,85,151
599,175,77,157
593,169,81,163
595,178,77,145
592,177,77,146
589,179,82,140
586,176,80,142
584,178,78,145
579,177,78,144
578,179,76,142
576,177,74,144
570,176,78,141
565,182,81,131
563,181,79,136
560,181,76,138
555,181,76,127
547,184,81,114
541,186,78,106
535,186,74,112
533,187,68,116
529,187,55,100
525,188,46,98
519,190,35,89
513,194,24,84
513,194,24,84
545,299,30,81
545,299,30,81
545,299,30,81
545,299,30,81
476,285,44,79
456,300,51,64
434,294,54,66
415,301,56,61
394,290,60,75
373,293,61,83
354,297,61,107
523,209,56,82
510,207,62,72
492,208,74,69
482,212,77,67
468,216,82,65
460,214,82,66
456,211,81,60
444,209,84,67
438,210,80,68
433,207,78,68
420,213,90,66
416,210,87,69
411,212,89,67
407,210,87,65
394,209,93,70
378,210,104,67
367,215,111,60
361,216,115,61
361,214,111,67
362,222,111,57
361,229,114,51
356,224,120,58
351,226,133,56
340,230,150,50
335,236,163,47
336,239,170,42
321,243,188,34
316,239,197,39
301,241,192,52
287,237,187,64
280,230,174,89
271,228,177,109
271,228,177,109
271,228,177,109
271,228,177,109
271,228,177,109
271,228,177,109
292,232,165,102
295,241,173,93
295,241,173,93
369,152,176,116
383,138,168,124
360,137,179,134
333,117,189,133
351,133,190,141
355,143,194,140
353,121,203,146
358,114,188,133
374,140,178,139
370,105,167,154
378,96,164,133
384,100,147,130
387,120,147,106
395,153,113,129
407,150,103,135
410,143,100,150
414,113,91,160
410,122,84,159
416,114,91,160
422,113,86,159
429,111,80,162
433,108,77,163
430,127,80,146
231,237,104,143
137,359,135,161
137,359,135,161
-104,352,161,183
-104,352,161,183
-104,352,161,183
-104,352,161,183
-104,352,161,183
-104,352,161,183
-104,352,161,183
-104,352,161,183
99,260,174,216
434,262,162,252
428,255,160,279
432,250,162,280
439,246,154,286
440,243,157,290
54,253,199,293
440,250,169,279
446,246,152,280
450,250,145,275
48,247,164,285
452,243,157,277
450,241,148,280
454,245,140,274
455,247,146,286
456,241,153,290
457,242,143,287
462,239,146,284
465,241,145,280
463,243,151,279
465,235,151,291
470,234,149,285
472,238,150,288
473,235,144,280
479,233,147,293
482,233,157,276
482,227,161,280
485,243,158,264
489,237,147,265
489,229,165,275
495,231,154,274
496,228,153,270
500,229,161,265
499,221,154,267
500,220,153,274
498,214,146,272
505,218,146,266
505,221,129,264
507,221,141,268
511,221,141,269
505,219,146,264
510,217,134,265
515,221,135,260
514,218,129,264
515,217,135,258
518,217,138,262
520,216,133,260
522,211,128,258
526,211,131,259
524,216,136,252
525,208,146,255
525,211,144,254
526,210,144,249
528,209,151,252
531,207,134,252
529,207,135,252
534,207,130,252
530,213,129,253
527,208,145,250
528,215,136,242
529,212,138,243
529,217,137,244
529,215,134,240
528,214,134,244
529,213,132,244
528,213,135,248
528,211,129,249
530,215,127,248
521,215,139,252
528,216,130,251
523,218,134,251
522,221,129,252
522,219,133,258
518,216,136,261
511,225,142,257
518,223,123,251
523,225,120,249
515,227,133,254
511,229,135,259
520,229,130,254
509,225,140,265
509,226,143,270
506,227,149,273
504,235,143,269
495,226,158,283
498,230,164,285
492,231,179,286
487,233,179,277
481,234,177,278
477,236,177,282
473,244,180,282
466,240,184,284
461,240,185,283
455,241,189,291
460,247,176,280
445,243,177,274
437,247,197,283
428,250,212,288
418,246,209,281
419,264,214,272
409,249,217,278
399,245,224,281
388,243,230,279
405,244,194,276
400,249,195,276
390,250,209,266
380,260,209,265
358,257,235,276
363,255,214,266
347,263,227,273
333,268,241,269
334,269,228,273
334,256,204,285
317,260,232,278
304,252,226,291
313,258,208,275
301,242,209,296
301,253,209,284
285,265,210,267
288,263,223,268
279,259,213,278
283,257,211,276
265,284,208,256
246,291,259,256
221,266,283,276
202,261,296,280
209,281,281,256
190,276,288,258
185,263,295,273
188,304,279,227
189,286,252,247
197,269,223,256
184,319,233,216
160,339,272,191
141,337,284,195
131,331,289,203
136,303,283,221
112,313,290,219
107,322,282,211
121,305,223,225
115,301,218,224
108,308,244,227
90,313,246,221
81,299,256,234
82,302,237,230
64,309,253,221
69,313,243,223
77,309,246,225
70,309,260,223
29,318,311,212
15,305,333,223
23,315,323,218
27,306,312,224
31,315,318,217
47,348,292,185
81,310,264,226
85,308,265,223
101,311,243,224
106,311,238,221
114,317,240,217
129,333,224,206
138,326,218,209
143,299,238,234
159,298,264,236
169,297,238,238
177,296,237,242
176,298,262,239
186,293,255,246
198,294,231,249
211,302,224,236
217,316,218,222
221,349,228,192
236,334,211,204
246,345,204,197
251,320,213,223
265,296,231,245
271,274,234,254
302,240,233,285
298,224,243,312
305,231,254,303
307,233,288,306
313,233,260,305
320,234,283,307
332,234,256,298
337,228,252,299
341,229,261,302
347,246,259,284
352,242,257,283
359,237,251,302
364,238,268,289
369,236,264,304
372,227,263,302
376,244,281,289
378,223,282,298
386,232,267,295
388,280,292,255
388,271,290,266
391,247,274,282
390,250,281,280
391,258,280,275
398,259,273,279
390,266,275,270
398,248,265,289
410,234,240,301
408,226,232,307
407,220,222,314
394,218,244,311
384,215,233,322
387,218,230,321
385,240,215,294
382,263,222,276
379,278,229,264
379,280,230,262
374,273,219,267
384,271,207,268
379,274,212,256
380,270,199,266
388,280,185,258
388,279,188,261
390,282,163,255
397,284,156,251
397,278,158,261
395,280,161,236
395,278,161,254
398,272,165,259
393,262,167,282
399,269,157,268
404,269,156,262
398,268,161,262
407,273,162,263
407,269,162,261
400,270,165,258
395,272,176,257
395,276,176,251
390,271,171,260
384,261,186,268
384,267,188,265
375,266,193,265
368,265,201,265
374,244,195,289
360,253,211,277
374,249,199,283
367,238,204,296
357,240,211,280
347,243,209,284
347,241,212,291
352,240,202,298
336,241,212,285
339,244,209,286
339,234,204,298
306,250,239,276
303,244,240,272
307,247,228,280
311,250,217,273
303,244,228,283
295,251,235,271
299,237,220,288
293,244,235,285
308,246,214,285
306,244,210,283
298,248,216,278
318,251,188,283
327,243,173,285
335,248,162,291
335,244,155,295
337,242,158,293
340,242,146,292
337,244,145,293
339,245,150,287
331,243,160,290
334,239,156,289
329,243,156,295
335,236,169,290
334,226,158,298
334,238,171,293
335,231,167,296
339,234,173,289
343,238,166,289
348,225,162,298
349,225,150,294
354,227,150,287
358,238,146,283
355,235,150,282
359,232,149,287
361,244,137,276
365,240,139,274
360,237,148,276
365,245,138,269
363,245,139,271
357,234,145,277
365,244,137,268
363,243,137,267
361,237,140,269
365,236,137,264
365,241,143,254
356,241,146,261
361,231,142,260
359,233,147,260
356,228,149,262
361,233,137,268
359,227,145,256
362,238,146,262
364,226,143,262
360,237,152,260
361,223,140,264
357,232,151,258
363,237,141,255
361,236,135,254
358,225,137,263
362,228,134,261
357,232,137,256
361,225,137,265
361,226,133,265
359,225,138,266
360,223,136,267
362,226,137,269
362,219,136,271
361,224,136,261
363,227,139,262
363,230,133,264
358,228,141,260
357,226,135,268
358,226,139,269
360,227,130,265
360,232,128,261
361,225,132,269
362,225,133,260
363,230,131,261
362,235,133,258
362,237,136,253
361,224,131,267
360,229,132,261
361,235,134,256
363,239,127,252
364,230,131,265
363,227,131,262
361,224,133,271
363,229,135,263
362,232,132,262
361,232,137,258
360,231,138,260
362,232,128,262
361,228,135,262
363,227,138,259
359,222,143,270
364,227,135,267
364,223,129,266
363,219,133,268
363,222,128,262
366,225,127,255
366,219,127,263
366,217,131,266
364,217,128,264
363,222,128,257
360,225,142,253
358,219,140,265
358,222,136,259
356,222,129,259
364,232,121,243
360,231,120,247
357,223,122,254
358,228,118,250
356,224,121,260
348,219,131,263
343,224,140,260
341,225,145,264
335,220,154,269
330,225,159,271
325,220,165,272
323,223,167,281
318,233,172,265
308,234,180,265
302,237,189,267
294,244,188,270
296,244,174,268
287,239,176,268
283,238,172,276
271,242,193,281
264,245,191,270
258,235,197,274
255,245,193,276
242,246,196,265
246,243,174,272
247,238,162,289
241,243,162,270
239,251,165,287
231,237,168,277
236,238,154,282
234,252,145,277
230,255,144,277
228,252,144,283
230,262,141,274
227,254,136,291
225,251,142,271
228,251,145,280
227,256,152,271
227,249,159,286
223,244,169,282
218,260,163,271
218,264,167,268
207,258,178,272
209,261,187,263
203,266,197,263
204,262,200,267
194,268,208,261
193,271,218,248
197,272,214,258
193,272,217,251
197,266,221,262
187,267,229,259
197,270,228,254
197,293,228,236
206,277,220,267
192,269,235,253
189,262,235,253
198,265,225,254
204,283,226,244
218,277,214,256
216,292,229,235
215,282,228,253
219,268,239,253
216,287,240,241
210,269,258,248
206,277,258,252
215,283,262,259
213,271,266,254
226,281,260,251
238,287,250,244
242,272,246,255
251,274,241,262
261,266,244,260
260,271,249,254
273,273,239,257
280,259,235,269
279,265,247,260
289,263,243,270
298,247,231,275
317,264,220,263
312,256,229,274
334,261,205,264
327,258,229,270
344,255,201,271
341,253,214,274
353,252,203,274
355,247,206,278
362,246,198,280
366,246,200,275
370,248,198,271
376,240,194,274
383,244,198,268
403,247,182,267
407,235,179,283
422,238,169,277
451,240,150,275
457,236,146,281
476,235,132,283
499,239,109,269
511,233,102,279
524,232,89,278
535,133,101,236
547,163,90,247
547,157,106,199
547,157,106,199
569,172,79,163
569,246,74,167
569,246,74,167
569,246,74,167
475,232,48,175
478,232,52,197
477,180,69,204
473,231,80,217
473,224,97,228
473,227,116,231
469,210,133,250
466,223,139,249
465,202,144,275
459,168,155,307
451,167,173,308
453,177,174,302
450,170,186,325
444,190,182,300
445,220,174,265
441,220,187,275
439,215,196,280
434,226,204,267
439,234,188,257
435,227,229,269
436,236,221,251
439,234,202,255
444,229,186,254
445,225,211,264
448,225,198,262
458,221,178,262
460,225,167,249
460,214,173,266
469,224,173,258
469,223,162,243
475,215,159,256
478,214,158,251
487,214,157,253
489,216,141,247
491,215,142,245
492,210,141,247
498,211,138,250
501,208,122,244
508,212,117,243
504,213,119,238
513,209,112,234
507,205,119,240
513,205,116,234
507,196,120,242
514,201,114,231
513,201,116,226
517,204,115,225
514,202,118,226
520,201,107,222
518,201,110,220
521,197,103,224
519,194,106,221
520,194,106,216
525,199,105,208
524,196,102,206
529,200,99,203
528,192,97,205
532,193,97,202
533,190,95,209
532,190,96,205
540,195,90,194
536,193,90,197
536,193,91,193
535,188,94,198
540,189,87,192
534,185,94,191
535,187,94,192
537,188,90,188
538,184,90,188
534,184,91,187
534,178,93,191
536,183,93,183
540,177,88,189
536,179,91,184
536,180,89,181
537,180,90,176
538,179,87,171
538,182,88,167
542,180,82,163
539,182,88,171
539,182,86,169
538,179,88,169
540,180,82,164
538,173,85,173
538,176,82,163
539,172,79,164
539,168,80,169
539,172,77,162
543,169,77,161
539,166,80,161
542,167,77,156
541,168,75,157
542,167,80,154
539,166,80,156
544,169,75,150
543,164,80,151
546,167,80,152
544,165,79,144
548,166,79,145
549,166,81,145
557,164,69,143
557,161,72,146
557,164,78,146
561,161,80,149
562,160,78,148
565,155,80,155
567,157,84,151
570,161,80,137
568,160,91,139
572,157,83,145
577,156,72,138
578,154,80,136
579,150,81,141
584,155,76,141
588,158,75,139
592,157,73,142
596,158,69,139
598,158,67,137
604,156,59,140
607,164,54,126
611,163,52,128
613,176,50,118
618,178,47,115
626,178,43,99
636,202,46,93
636,202,46,93
636,202,46,93
636,202,46,93
636,202,46,93
636,202,46,93
636,202,46,93
636,202,46,93
636,202,46,93
636,202,46,93
636,202,46,93
636,202,46,93
636,202,46,93
636,202,46,93
636,202,46,93
636,202,46,93
636,202,46,93
636,202,46,93
636,202,46,93
636,202,46,93
636,202,46,93
636,202,46,93
636,202,46,93
636,202,46,93
636,202,46,93
636,202,46,93
636,202,46,93
636,202,46,93
636,202,46,93
636,202,46,93
636,202,46,93
636,202,46,93
636,202,46,93
636,202,46,93
636,202,46,93
636,202,46,93
636,202,46,93
636,202,46,93
636,202,46,93
636,202,46,93
636,202,46,93
636,202,46,93
636,202,46,93
636,202,46,93
636,202,46,93
636,202,46,93
636,202,46,93
636,202,46,93
636,202,46,93
636,202,46,93
636,202,46,93
636,202,46,93
636,202,46,93
636,202,46,93
636,202,46,93
636,202,46,93
636,202,46,93
636,202,46,93
636,202,46,93
636,202,46,93
593,221,40,80
593,221,40,80
592,223,40,81
593,217,40,83
593,217,40,83
579,218,50,79
561,229,49,71
551,238,55,70
555,242,53,69
559,240,50,69
559,236,48,64
559,236,48,64
559,236,48,64
559,236,48,64
587,249,40,60
587,249,40,60
560,261,29,64
560,261,29,64
560,261,29,64
556,275,30,52
563,276,26,52
563,283,22,45
581,279,26,49
602,282,29,48
629,292,34,47
629,292,34,47
629,292,34,47
629,292,34,47
629,292,34,47
629,292,34,47
629,292,34,47
629,292,34,47
713,296,40,45
729,300,37,42
663,268,45,38
663,268,45,38
663,268,45,38
663,268,45,38
663,268,45,38
663,268,45,38
663,268,45,38
663,268,45,38
663,268,45,38
663,268,45,38
663,268,45,38
663,268,45,38
663,268,45,38
663,268,45,38
