350,318,137,113
352,314,132,121
350,316,133,117
350,318,126,112
350,319,123,113
346,320,128,111
344,320,125,111
344,318,132,112
342,321,131,113
340,320,121,115
342,323,120,114
339,325,123,114
342,324,119,113
342,323,119,116
346,324,110,113
346,319,117,118
348,320,117,117
347,319,123,114
349,319,117,109
347,315,124,115
350,314,119,115
350,313,122,114
351,314,122,110
350,312,120,113
350,311,124,114
350,311,128,113
352,313,121,110
353,311,124,114
355,308,124,118
354,304,128,122
356,306,126,119
355,307,126,116
352,306,129,117
352,305,129,118
353,306,129,117
353,306,134,117
353,307,136,115
359,307,129,114
361,304,126,121
360,305,126,121
357,306,126,118
355,309,127,116
354,309,125,120
349,311,126,114
348,314,121,113
343,318,124,111
345,319,122,106
344,319,122,102
345,319,119,103
344,318,120,102
343,316,122,110
342,312,122,110
339,311,124,111
340,310,113,115
339,308,119,117
340,303,104,117
340,299,106,122
339,299,106,119
340,296,101,121
340,297,94,119
340,292,106,124
341,296,102,119
340,295,97,120
338,295,100,119
341,294,97,121
341,291,103,127
341,285,95,135
341,282,96,137
340,281,96,132
337,283,96,134
346,283,112,144
338,283,104,145
335,282,92,146
344,287,118,138
328,290,135,134
322,297,142,105
320,297,164,117
314,298,173,107
307,313,182,130
308,305,175,114
303,315,171,103
303,325,145,96
304,331,144,87
304,327,147,92
307,330,124,88
356,353,110,74
348,356,111,65
361,359,114,63
350,359,118,62
314,349,135,72
305,332,142,88
302,327,127,104
300,328,123,91
299,325,109,90
308,324,120,99
301,323,122,91
311,322,127,96
316,329,145,89
305,334,157,88
310,335,175,99
314,339,170,97
311,341,182,97
310,341,194,97
310,343,195,99
310,349,197,98
309,350,193,104
308,354,189,105
309,358,192,108
312,362,185,107
313,367,187,103
313,373,188,99
313,379,181,97
307,380,190,99
306,389,162,96
303,389,152,103
304,391,137,104
295,398,148,107
291,403,150,110
291,408,145,115
291,412,157,116
287,416,152,118
284,421,164,112
289,420,147,118
285,425,159,111
288,426,152,111
286,423,153,115
286,426,145,109
285,422,156,114
282,419,155,114
276,418,165,116
274,416,165,116
270,418,163,112
261,422,167,110
254,430,163,109
245,440,174,100
244,450,163,92
237,459,161,82
235,466,154,73
236,460,150,76
222,453,159,79
202,439,172,97
196,425,171,102
185,399,176,111
178,377,164,107
172,354,156,109
171,339,167,106
171,330,167,110
170,333,180,111
168,353,165,104
172,381,167,97
177,410,169,100
195,438,165,100
223,457,147,88
244,474,138,79
247,490,138,77
251,488,141,59
240,481,139,62
223,450,148,81
189,392,156,97
161,302,172,106
156,180,171,120
148,64,184,133
161,-4,181,115
161,-4,181,115
161,-4,181,115
217,276,161,127
215,300,167,107
334,311,149,111
320,299,171,127
308,294,192,144
318,293,194,161
277,46,151,167
300,154,130,154
318,273,142,140
332,369,179,122
356,394,158,138
361,416,157,115
366,415,144,121
362,405,145,126
357,394,148,133
354,380,167,112
354,381,156,102
357,382,138,103
354,385,127,88
351,384,130,91
349,387,146,93
350,389,142,93
352,390,148,92
354,382,142,94
355,374,135,92
351,350,126,109
352,328,125,93
363,298,121,106
372,290,115,93
371,282,113,111
377,290,112,100
397,293,103,102
422,295,103,112
435,298,97,121
434,299,99,122
433,300,97,120
425,297,99,114
412,292,99,105
405,289,103,96
407,278,103,100
413,276,104,97
424,273,99,96
435,271,99,92
446,266,98,92
463,266,86,93
476,273,84,90
488,280,80,89
503,291,68,84
510,303,62,76
510,303,62,76
393,225,58,79
393,225,58,79
393,225,58,79
393,225,58,79
393,225,58,79
393,225,58,79
524,303,45,67
519,288,59,65
510,271,72,74
498,254,81,85
487,235,82,91
476,218,83,90
466,200,83,91
459,185,82,90
455,170,79,91
449,167,78,92
443,176,79,90
438,186,76,94
426,193,77,107
403,197,88,107
392,194,85,111
381,184,85,119
374,167,86,112
367,158,91,99
365,161,90,96
363,165,93,101
359,167,89,104
354,167,86,104
352,176,82,102
347,184,88,100
344,193,96,102
346,202,92,99
350,207,98,97
361,210,94,95
371,213,90,92
379,210,89,96
390,214,86,91
400,214,85,91
411,213,93,93
421,216,81,92
431,221,60,90
431,221,60,90
431,221,60,90
431,221,60,90
431,221,60,90
431,221,60,90
431,221,60,90
431,221,60,90
555,237,65,95
553,226,67,104
549,224,79,102
551,219,83,106
560,209,80,103
570,200,79,101
583,189,76,91
595,182,77,84
602,173,80,85
606,173,87,85
609,178,78,81
608,182,71,80
605,190,71,77
600,200,67,73
592,212,67,67
578,222,67,64
564,232,69,62
550,240,69,62
548,237,61,70
543,229,61,66
533,209,66,59
521,186,73,58
512,159,80,69
507,153,84,75
502,141,83,83
494,153,75,74
493,167,64,69
495,186,47,61
495,186,47,61
495,186,47,61
495,186,47,61
495,186,47,61
495,186,47,61
495,186,47,61
495,186,47,61
495,186,47,61
495,186,47,61
495,186,47,61
495,186,47,61
403,238,54,68
403,238,54,68
403,238,54,68
403,238,54,68
403,238,54,68
403,238,54,68
403,238,54,68
403,238,54,68
403,238,54,68
403,238,54,68
403,238,54,68
403,238,54,68
283,103,67,67
262,149,76,67
237,259,85,81
217,313,99,79
205,333,110,86
216,338,123,96
207,330,139,101
210,326,149,98
210,325,169,90
207,328,170,91
207,328,174,95
208,334,172,101
211,334,173,103
211,325,174,115
224,325,164,123
231,334,157,116
234,336,159,111
243,338,151,107
249,353,172,90
255,353,190,85
256,342,190,95
268,342,181,95
283,340,161,104
302,338,143,114
320,338,125,118
332,340,113,117
336,342,114,119
341,344,114,116
345,341,119,117
347,343,121,117
352,343,121,116
352,340,121,116
353,339,116,116
353,334,116,119
352,334,120,114
349,324,126,119
351,319,122,120
352,307,121,129
346,296,130,133
341,292,126,123
343,291,122,135
341,288,134,129
345,286,141,122
348,279,129,131
347,275,103,129
354,265,94,136
353,261,96,133
358,256,90,139
359,249,91,147
358,248,93,146
358,246,95,153
358,249,92,146
363,255,95,152
362,262,105,152
361,270,111,149
360,278,116,136
361,285,115,136
360,291,111,139
357,304,119,128
353,318,117,123
345,330,118,128
338,344,124,125
338,353,113,122
331,356,109,118
328,359,103,110
326,361,104,105
322,358,104,105
314,356,109,103
309,357,102,92
293,348,109,93
271,342,114,93
241,337,116,99
206,334,113,103
178,338,100,112
136,341,111,94
104,331,100,107
75,330,93,108
39,332,93,101
34,340,91,84
34,340,91,84
34,340,91,84
34,340,91,84
34,340,91,84
34,340,91,84
34,340,91,84
34,340,91,84
34,340,91,84
34,340,91,84
34,340,91,84
34,340,91,84
34,340,91,84
34,340,91,84
34,340,91,84
34,340,91,84
34,340,91,84
34,340,91,84
34,340,91,84
34,340,91,84
34,340,91,84
34,340,91,84
34,340,91,84
34,340,91,84
34,340,91,84
34,340,91,84
34,340,91,84
34,340,91,84
34,340,91,84
34,340,91,84
34,340,91,84
34,340,91,84
34,340,91,84
34,340,91,84
34,340,91,84
34,340,91,84
34,340,91,84
34,340,91,84
208,327,95,66
208,327,95,66
208,327,95,66
208,327,95,66
208,327,95,66
208,327,95,66
208,327,95,66
208,327,95,66
208,327,95,66
208,327,95,66
208,327,95,66
208,327,95,66
208,327,95,66
208,327,95,66
208,327,95,66
208,327,95,66
208,327,95,66
208,327,95,66
208,327,95,66
208,327,95,66
208,327,95,66
208,327,95,66
208,327,95,66
208,327,95,66
208,327,95,66
208,327,95,66
208,327,95,66
208,327,95,66
208,327,95,66
208,327,95,66
208,327,95,66
208,327,95,66
208,327,95,66
208,327,95,66
208,327,95,66
208,327,95,66
208,327,95,66
208,327,95,66
208,327,95,66
208,327,95,66
208,327,95,66
208,327,95,66
202,145,120,68
246,191,118,85
232,236,117,92
243,246,130,103
258,270,123,101
282,268,128,125
315,292,160,136
330,363,151,125
342,438,170,106
218,323,191,104
344,483,165,84
344,483,165,84
344,483,165,84
344,483,165,84
344,483,165,84
344,483,165,84
344,483,165,84
344,483,165,84
409,479,151,70
417,458,125,76
332,434,131,92
325,437,147,97
296,408,163,111
275,393,187,139
270,356,165,160
247,327,158,164
255,332,149,132
227,321,155,116
231,310,152,108
243,296,138,99
246,280,135,104
249,276,125,100
255,259,118,117
259,253,117,122
263,251,119,123
272,247,116,126
274,246,116,124
268,240,114,130
264,234,112,136
260,241,115,129
258,246,115,119
256,247,116,117
255,244,115,120
253,237,119,128
255,236,119,130
261,236,110,137
260,231,103,143
253,239,105,124
248,238,111,120
243,233,113,129
242,233,104,121
241,231,105,116
240,230,116,98
243,231,107,94
243,230,103,93
246,229,103,96
252,225,107,110
256,220,111,137
256,218,116,143
255,216,124,146
256,219,128,141
258,219,127,146
261,222,130,145
267,224,121,143
273,226,117,134
273,225,118,149
280,233,116,130
280,240,113,120
287,242,107,114
290,235,100,122
292,237,98,121
291,236,97,121
293,235,96,126
294,235,93,130
298,224,91,144
296,218,89,151
293,218,89,143
288,215,95,149
287,214,92,141
286,211,92,143
284,212,96,139
282,212,98,149
277,213,114,147
276,214,112,143
275,212,105,150
271,215,105,140
273,218,100,113
275,220,99,107
276,223,103,122
272,219,100,121
267,223,101,116
261,232,98,101
255,239,106,92
280,254,124,109
297,261,110,115
259,253,128,118
259,256,137,120
265,259,135,124
265,262,132,123
271,271,125,115
284,278,109,112
281,277,117,115
276,280,114,119
274,286,122,112
274,285,125,114
279,286,119,115
277,282,127,118
280,283,119,117
274,279,129,120
269,278,134,119
270,278,126,118
273,276,112,122
269,274,113,124
273,274,107,120
273,274,109,124
273,278,113,116
271,279,117,117
273,283,115,111
269,286,116,106
268,286,115,111
269,288,117,108
262,291,124,104
262,294,119,100
260,298,120,95
263,301,119,93
266,298,115,94
267,297,116,95
266,296,116,95
264,299,120,96
262,301,124,95
259,302,126,95
258,303,128,93
251,303,136,94
252,305,134,93
247,303,140,93
251,303,135,93
252,298,134,95
248,292,139,100
243,286,141,102
236,278,147,108
237,275,144,114
234,271,147,112
230,263,146,110
231,258,150,110
241,252,140,110
242,249,145,112
248,244,143,117
254,238,139,122
261,233,137,121
266,227,135,122
268,224,129,122
271,220,129,117
272,216,130,119
272,211,126,129
274,206,117,132
276,203,117,148
276,203,114,149
275,203,115,146
274,204,120,151
271,204,128,156
277,204,131,145
276,208,141,147
289,212,135,139
289,208,133,146
292,215,133,137
295,220,137,127
301,220,123,131
297,219,131,135
296,220,134,139
302,222,127,138
300,222,138,140
304,227,134,136
306,226,128,139
304,230,129,134
299,229,134,137
294,226,133,139
290,225,138,143
289,221,132,145
288,217,126,140
283,211,121,135
278,207,121,122
272,202,120,115
265,215,119,102
259,228,118,96
258,263,121,82
236,267,131,91
227,272,131,89
221,252,130,112
229,229,126,104
234,219,130,92
246,220,117,101
255,234,112,108
270,248,104,99
280,252,107,91
287,254,113,90
291,253,116,94
290,254,119,98
289,258,117,101
285,267,120,105
284,275,123,115
279,285,123,111
275,288,123,120
271,301,120,120
270,305,115,124
269,316,117,110
271,319,112,112
272,324,109,107
270,330,110,103
265,339,114,94
264,344,116,93
261,343,122,96
268,340,117,94
273,333,120,101
278,312,127,115
282,298,126,124
285,288,124,123
285,284,124,121
280,284,128,118
278,287,123,110
272,291,120,112
270,299,115,110
262,309,121,96
255,308,123,97
252,305,123,100
247,298,125,100
241,284,127,108
237,277,123,111
238,275,117,110
242,264,105,120
241,267,109,118
245,274,116,117
253,286,116,113
268,302,117,109
280,317,116,121
292,327,115,119
298,335,118,111
304,337,118,114
308,343,121,107
311,344,119,110
310,343,124,114
308,343,125,118
311,347,121,112
308,351,127,112
305,357,126,107
303,354,125,114
299,354,118,115
292,355,117,115
286,354,120,117
278,353,116,119
270,350,116,124
255,346,124,124
237,343,138,125
211,335,152,129
192,333,122,126
166,336,126,124
140,340,133,114
120,347,133,99
94,347,144,99
77,354,127,90
75,361,111,88
43,367,120,96
43,367,120,96
43,367,120,96
43,367,120,96
43,367,120,96
43,367,120,96
43,367,120,96
43,367,120,96
43,367,120,96
43,367,120,96
43,367,120,96
43,367,120,96
43,367,120,96
43,367,120,96
43,367,120,96
43,367,120,96
43,367,120,96
43,367,120,96
43,367,120,96
43,367,120,96
43,367,120,96
43,367,120,96
43,367,120,96
43,367,120,96
43,367,120,96
43,367,120,96
43,367,120,96
43,367,120,96
43,367,120,96
43,367,120,96
43,367,120,96
43,367,120,96
43,367,120,96
43,367,120,96
43,367,120,96
43,367,120,96
43,367,120,96
43,367,120,96
43,367,120,96
43,367,120,96
43,367,120,96
43,367,120,96
43,367,120,96
43,367,120,96
43,367,120,96
43,367,120,96
43,367,120,96
43,367,120,96
43,367,120,96
43,367,120,96
43,367,120,96
43,367,120,96
43,367,120,96
43,367,120,96
43,367,120,96
43,367,120,96
43,367,120,96
43,367,120,96
43,367,120,96
43,367,120,96
296,128,101,112
340,68,126,129
322,96,146,140
320,117,148,162
321,126,153,181
324,150,148,173
329,171,158,169
332,189,159,166
334,207,159,154
337,217,157,158
335,209,157,173
336,220,156,168
335,237,152,150
326,223,168,176
321,224,154,174
314,218,149,177
301,218,154,171
289,222,157,169
281,227,159,160
281,226,144,160
280,226,138,165
281,226,129,161
278,223,128,163
273,226,126,160
272,222,126,155
269,218,122,159
264,217,121,153
264,216,117,151
261,224,118,143
261,227,117,137
266,231,114,136
268,224,117,148
275,221,112,154
279,218,110,159
285,218,106,162
290,217,103,155
289,221,99,149
295,223,100,148
298,221,100,149
304,220,99,148
305,219,96,154
308,219,97,146
302,223,99,136
296,226,101,144
289,232,102,119
285,242,95,107
288,246,95,92
294,240,94,94
299,233,95,103
306,257,95,99
304,259,100,99
307,250,103,114
312,250,108,116
318,262,107,114
330,271,100,111
335,284,102,108
342,296,98,108
347,308,98,106
352,321,92,102
352,338,88,92
