350,318,137,113
352,316,127,117
352,317,124,109
349,316,128,115
349,317,125,119
347,318,128,115
345,317,130,117
342,318,139,118
339,318,136,119
338,319,132,120
340,319,134,118
338,321,133,118
337,324,137,113
340,325,128,113
340,322,133,115
342,322,131,114
342,321,134,112
343,319,130,110
344,317,129,112
346,314,131,120
344,314,131,113
348,313,127,113
348,310,130,119
349,312,125,117
346,312,132,112
350,310,129,118
352,308,127,119
352,307,130,121
354,307,128,123
355,304,132,128
357,304,126,124
355,302,130,126
356,303,127,122
354,302,130,122
354,299,130,125
358,301,127,127
359,300,127,129
362,303,122,120
365,302,126,124
362,305,125,118
359,305,128,123
355,305,126,120
356,309,130,118
350,311,125,114
345,313,125,118
345,316,124,116
346,317,121,109
346,318,116,104
343,316,118,115
347,315,117,112
342,313,118,114
341,311,121,114
341,309,119,115
338,306,111,117
339,304,107,123
338,300,109,123
339,298,108,124
341,297,109,123
340,295,104,122
340,293,108,125
341,294,107,121
340,296,105,119
340,299,106,112
340,298,103,115
341,294,105,122
341,291,105,127
343,287,100,130
344,285,95,132
340,287,93,125
339,287,100,129
338,287,93,125
335,288,94,120
333,289,92,118
331,291,94,121
326,292,99,120
327,296,100,109
324,298,105,111
319,301,100,102
315,305,97,87
322,316,105,95
310,320,100,86
311,324,90,84
310,328,88,81
311,327,86,79
310,328,93,80
311,327,87,79
312,327,87,81
309,326,88,82
311,328,86,78
307,329,88,79
306,330,87,79
308,329,89,84
308,332,102,78
302,328,99,82
305,327,110,83
306,326,122,90
306,325,124,91
306,331,138,84
310,338,137,79
317,343,143,82
323,341,153,94
316,343,156,85
317,345,163,92
315,349,170,90
312,350,184,100
312,353,185,108
314,355,179,108
317,363,174,101
315,370,172,95
317,377,165,90
317,382,160,89
320,386,147,83
314,389,154,90
312,387,152,94
311,393,149,97
301,393,155,98
298,399,155,103
295,405,153,103
289,410,158,105
287,412,162,110
287,414,169,114
284,418,174,111
291,417,159,112
290,419,165,114
289,423,166,116
287,419,159,113
288,423,157,108
288,419,148,109
282,420,154,109
278,421,142,106
272,418,159,104
273,419,145,104
267,422,148,99
259,428,150,110
252,436,152,95
249,446,157,87
246,453,159,79
240,458,156,77
228,457,162,77
219,447,165,82
206,433,169,102
196,418,177,106
191,397,170,104
181,378,166,104
180,356,151,108
176,339,147,106
174,336,150,105
177,342,135,105
176,352,119,106
175,382,130,97
185,413,139,94
200,437,164,96
231,458,145,79
243,479,149,62
265,485,139,54
264,485,139,53
243,480,142,57
222,452,152,81
188,388,162,101
167,294,159,112
163,178,162,122
159,63,168,122
155,0,187,101
155,0,187,101
207,276,166,130
232,284,149,107
237,306,148,90
237,306,148,90
288,311,175,85
288,311,175,85
335,302,177,121
281,63,126,110
301,165,113,106
320,282,108,98
336,375,107,81
362,408,115,86
366,420,118,74
367,418,118,77
360,411,121,76
357,398,125,90
357,386,127,108
356,378,127,114
355,382,119,93
354,384,125,89
351,387,128,91
348,385,145,98
351,392,135,88
353,391,147,85
351,382,145,90
357,373,142,90
353,351,138,105
352,326,131,97
351,300,134,109
361,283,123,109
366,278,120,122
373,288,117,109
390,292,117,108
417,296,109,113
428,300,107,112
431,302,106,114
427,301,104,113
417,298,111,112
404,292,119,102
400,286,112,103
405,280,105,96
412,275,108,97
423,272,106,97
432,269,105,92
443,267,102,89
457,268,96,89
471,274,90,88
480,281,88,83
497,292,76,83
508,303,65,79
402,443,78,84
402,447,77,66
402,445,82,71
402,445,82,71
404,445,82,73
404,445,82,73
404,445,82,73
404,445,82,73
508,288,78,79
500,270,83,86
494,253,82,87
482,235,89,87
471,217,89,89
463,201,92,90
455,184,91,89
445,173,96,91
441,172,95,87
433,179,96,91
422,191,103,93
412,198,97,94
401,200,96,95
388,194,96,95
379,188,92,88
372,169,92,91
369,159,91,94
365,163,93,94
360,168,99,97
356,171,96,95
352,173,92,97
346,180,96,98
342,188,98,99
340,199,100,92
342,206,101,93
349,211,101,92
359,212,98,91
368,215,98,89
377,213,94,91
388,212,91,89
396,214,93,89
407,218,95,87
414,218,88,91
420,231,76,89
421,248,65,75
421,248,65,75
421,248,65,75
421,248,65,75
421,248,65,75
421,248,65,75
421,248,65,75
546,235,71,74
542,229,84,69
544,228,97,88
550,220,92,77
560,214,87,66
570,204,96,71
581,192,86,77
590,180,84,83
599,173,94,91
605,172,86,87
607,178,88,82
605,184,79,81
603,192,87,82
598,202,82,75
589,212,80,75
574,222,85,74
560,231,82,72
548,239,78,68
540,239,75,70
539,231,69,70
531,210,69,77
523,177,75,82
515,153,81,89
507,141,88,88
504,141,82,81
489,144,84,85
489,139,63,89
493,149,50,94
493,149,50,94
493,149,50,94
493,149,50,94
493,149,50,94
493,149,50,94
493,149,50,94
493,149,50,94
493,149,50,94
493,149,50,94
493,149,50,94
493,149,50,94
493,149,50,94
443,14,64,93
416,0,81,105
416,0,81,105
416,0,81,105
416,0,81,105
416,0,81,105
416,0,81,105
416,0,81,105
416,0,81,105
416,0,81,105
282,-1,78,95
257,38,89,106
243,142,97,121
231,258,105,107
215,311,115,92
206,336,122,87
216,340,136,91
208,336,153,93
211,328,158,87
214,325,152,87
210,329,165,90
215,334,169,91
215,341,165,92
223,346,157,88
226,354,150,87
227,357,146,88
237,363,131,89
242,355,141,91
248,356,138,85
252,358,129,82
273,354,129,87
265,347,151,86
276,343,150,95
285,341,147,94
299,342,133,100
309,342,132,101
321,343,127,109
327,345,128,112
337,345,126,112
344,343,126,113
349,343,128,113
353,342,129,117
353,341,128,117
355,338,122,119
354,338,121,114
354,332,122,119
352,325,121,119
350,317,124,120
347,308,125,127
342,298,122,131
342,292,124,130
339,291,122,127
340,288,123,128
347,279,117,129
348,280,107,124
349,277,109,125
355,270,97,131
356,263,92,130
361,258,90,128
362,254,95,127
360,252,88,130
363,254,92,129
362,255,94,126
362,261,100,131
361,266,109,134
359,271,115,142
358,282,113,124
358,287,121,121
359,294,119,130
356,305,119,126
350,326,124,114
343,337,120,115
337,347,121,118
333,352,121,122
330,356,118,114
327,364,104,96
325,365,105,93
322,362,111,97
312,357,114,102
305,353,115,99
294,346,109,99
272,343,112,92
240,337,116,96
210,335,107,100
178,334,103,97
141,336,100,94
100,339,103,99
71,332,92,94
52,334,77,81
52,334,77,81
52,334,77,81
52,334,77,81
52,334,77,81
52,334,77,81
52,334,77,81
52,334,77,81
52,334,77,81
52,334,77,81
52,334,77,81
52,334,77,81
52,334,77,81
52,334,77,81
52,334,77,81
52,334,77,81
52,334,77,81
52,334,77,81
52,334,77,81
52,334,77,81
52,334,77,81
52,334,77,81
52,334,77,81
52,334,77,81
52,334,77,81
52,334,77,81
52,334,77,81
52,334,77,81
52,334,77,81
140,346,94,72
199,342,96,68
255,347,83,69
255,347,83,69
255,347,83,69
255,347,83,69
255,347,83,69
255,347,83,69
255,347,83,69
255,336,95,59
207,338,103,52
207,338,103,52
207,338,103,52
207,338,103,52
207,338,103,52
207,338,103,52
207,338,103,52
207,338,103,52
207,338,103,52
207,338,103,52
207,338,103,52
207,338,103,52
207,338,103,52
207,338,103,52
207,338,103,52
207,338,103,52
207,338,103,52
207,338,103,52
207,338,103,52
207,338,103,52
207,338,103,52
207,338,103,52
207,338,103,52
207,338,103,52
207,338,103,52
207,338,103,52
207,338,103,52
207,338,103,52
207,338,103,52
207,338,103,52
207,338,103,52
207,338,103,52
207,338,103,52
207,338,103,52
207,338,103,52
207,338,103,52
207,338,103,52
207,338,103,52
207,338,103,52
207,338,103,52
207,338,103,52
227,277,97,46
224,137,96,59
220,194,105,74
238,239,104,84
251,250,108,97
263,265,116,101
283,281,134,112
310,302,134,126
328,368,148,119
345,433,168,106
232,345,168,86
232,345,168,86
232,345,168,86
232,345,168,86
232,345,168,86
232,345,168,86
232,345,168,86
232,345,168,86
232,345,168,86
232,345,168,86
369,463,156,70
331,442,160,92
301,415,168,122
294,411,161,116
279,394,165,135
274,368,143,135
267,354,139,120
255,338,140,117
245,324,138,106
246,311,130,100
238,296,135,99
239,282,132,102
242,274,130,103
245,267,129,110
251,257,128,118
256,255,131,119
260,253,127,119
259,248,135,126
258,246,131,126
257,237,127,136
256,234,119,140
251,247,122,128
251,245,120,123
252,242,115,121
250,242,123,123
253,238,116,118
257,241,117,121
253,238,112,123
248,239,115,120
247,240,116,116
243,238,115,107
241,236,113,112
242,235,113,105
240,232,117,101
240,231,119,101
243,230,118,99
243,229,123,104
250,227,116,108
252,224,120,119
252,220,126,125
252,218,131,128
255,219,128,130
258,222,126,135
263,223,126,133
269,224,122,141
270,224,125,143
274,229,127,136
276,233,123,136
279,235,121,130
287,240,110,114
293,233,102,126
293,238,102,123
294,224,100,139
293,227,100,139
300,228,92,136
301,224,88,141
299,231,86,129
297,227,90,129
293,228,88,129
290,222,96,136
290,218,95,132
288,218,96,132
282,220,106,141
281,219,108,144
279,219,103,131
279,220,100,132
277,221,99,135
277,219,103,139
278,222,104,135
277,223,106,135
272,227,117,126
270,232,112,124
263,236,126,119
258,243,136,116
257,249,147,116
256,254,148,118
260,255,142,120
260,258,138,118
264,263,130,116
257,267,139,114
259,271,136,111
261,273,132,115
263,277,129,113
259,279,142,114
258,284,141,115
262,287,141,111
271,286,129,114
271,284,127,115
266,281,141,117
268,284,126,113
266,282,132,114
263,278,132,114
262,278,125,123
264,274,122,120
267,274,115,126
268,272,115,124
266,276,116,119
266,278,109,105
263,282,109,93
266,283,105,90
266,288,107,88
268,287,105,87
264,290,105,86
263,293,106,91
260,298,111,94
263,300,109,87
266,300,103,91
267,298,107,95
267,300,110,92
265,301,113,93
262,304,118,91
258,306,123,91
256,303,130,95
253,307,132,91
251,304,137,91
249,303,138,96
250,300,141,97
246,295,144,101
243,290,146,98
239,286,148,101
237,280,149,109
236,278,147,105
233,274,150,104
234,269,149,102
234,264,144,97
236,255,145,104
241,249,144,103
246,246,136,108
254,245,137,99
259,239,132,106
264,233,130,109
268,231,132,105
272,227,124,105
276,221,117,103
276,217,113,99
277,213,110,98
280,210,106,100
277,212,108,99
279,211,106,98
273,212,114,98
275,212,124,101
277,212,131,102
275,214,138,108
281,213,140,114
284,212,138,117
284,214,140,111
288,215,135,110
287,217,135,110
289,220,138,111
287,223,132,118
293,222,126,109
298,224,122,114
295,227,138,130
298,229,137,135
298,231,136,134
296,227,135,136
293,226,131,139
289,225,138,144
285,224,138,142
281,219,138,137
280,218,129,124
274,210,130,120
263,209,134,109
257,213,135,100
255,225,127,98
244,249,133,94
233,263,130,92
223,267,132,84
220,252,126,97
221,232,126,80
230,220,124,84
243,220,118,96
257,234,107,101
267,246,108,97
274,250,116,94
286,252,114,95
288,252,115,98
289,256,118,97
289,258,118,104
286,267,120,108
282,274,123,114
278,283,124,119
273,290,125,120
268,298,127,123
265,300,121,122
266,303,124,123
268,308,118,119
269,313,114,116
267,316,115,116
267,318,114,118
268,313,113,127
268,316,115,124
270,318,113,119
274,319,117,114
274,310,123,112
282,299,121,114
285,287,125,120
283,282,125,123
281,281,117,119
276,283,121,119
271,290,124,113
268,300,122,106
260,304,127,104
256,302,123,105
252,301,119,104
245,293,123,108
239,282,129,111
238,275,118,113
240,270,115,116
237,268,122,118
241,269,117,114
243,276,119,111
253,286,123,113
260,299,132,115
271,318,134,115
291,329,127,113
295,331,126,115
303,333,120,117
304,338,124,111
310,336,119,114
308,337,120,118
308,341,127,116
304,342,131,118
302,349,134,112
305,348,119,113
299,351,119,119
294,350,117,119
289,353,115,115
280,352,117,119
273,353,117,120
263,350,125,122
249,344,131,123
231,342,139,120
204,346,142,118
181,338,130,121
155,338,139,122
142,340,123,116
113,343,132,111
87,349,140,106
73,352,128,114
72,368,108,113
72,368,108,113
72,368,108,113
72,368,108,113
72,368,108,113
72,368,108,113
72,368,108,113
72,368,108,113
72,368,108,113
72,368,108,113
72,368,108,113
72,368,108,113
72,368,108,113
72,368,108,113
72,368,108,113
72,368,108,113
72,368,108,113
72,368,108,113
72,368,108,113
72,368,108,113
72,368,108,113
72,368,108,113
72,368,108,113
72,368,108,113
72,368,108,113
72,368,108,113
72,368,108,113
72,368,108,113
72,368,108,113
72,368,108,113
72,368,108,113
72,368,108,113
72,368,108,113
72,368,108,113
72,368,108,113
72,368,108,113
72,368,108,113
72,368,108,113
72,368,108,113
72,368,108,113
72,368,108,113
72,368,108,113
72,368,108,113
72,368,108,113
72,368,108,113
72,368,108,113
72,368,108,113
72,368,108,113
72,368,108,113
72,368,108,113
72,368,108,113
72,368,108,113
72,368,108,113
72,368,108,113
72,368,108,113
72,368,108,113
72,368,108,113
72,368,108,113
72,368,108,113
72,368,108,113
72,368,108,113
300,124,126,122
320,76,144,137
319,96,149,171
317,105,153,179
318,123,161,178
316,142,166,181
327,159,159,181
330,170,160,184
328,188,163,176
328,198,171,179
332,202,159,181
330,211,161,179
328,213,159,176
319,217,161,173
317,217,149,172
310,222,144,161
298,227,147,158
284,228,152,158
280,228,150,159
279,228,139,154
279,229,136,153
277,225,138,148
274,224,133,148
267,222,136,147
265,223,131,145
261,223,129,147
254,220,138,148
251,224,138,143
249,224,130,141
258,222,129,141
256,223,129,140
267,223,120,143
273,221,113,142
276,225,115,129
284,221,106,129
289,226,98,112
293,228,97,125
296,228,92,117
302,230,95,115
301,228,98,127
306,224,95,133
307,221,94,133
303,224,96,134
296,231,99,126
293,239,90,104
285,249,101,93
289,248,95,89
295,241,93,91
300,237,97,102
305,234,101,114
304,234,108,126
304,246,108,121
302,255,117,119
313,263,117,115
320,275,115,108
330,285,112,111
336,299,111,110
343,311,109,111
350,319,103,126
353,328,95,120
