503,141,114,319
501,149,112,331
490,153,123,328
486,154,124,337
488,158,120,331
488,162,118,333
477,162,131,338
484,156,122,353
482,158,121,356
481,157,119,356
478,155,132,347
473,157,126,343
471,150,129,355
463,153,142,351
465,139,132,373
464,141,133,380
459,144,137,387
454,142,135,389
453,137,135,395
449,133,134,397
444,131,141,399
438,125,141,406
430,130,154,400
421,125,157,403
418,119,161,416
411,125,170,404
405,128,177,403
402,118,175,401
400,137,174,372
394,130,176,377
390,139,183,376
361,130,217,384
365,122,215,403
361,108,219,417
370,96,213,421
366,111,221,417
378,117,203,407
372,131,218,391
374,127,216,399
367,117,222,407
375,123,214,401
379,112,199,417
376,121,211,415
377,118,209,421
371,115,206,423
362,119,213,414
360,116,214,420
358,100,216,427
356,118,217,423
344,124,227,404
338,132,233,404
328,114,237,430
335,90,225,459
326,90,228,458
333,105,240,434
335,110,212,433
331,120,227,427
339,128,216,411
344,96,211,446
350,79,217,453
353,144,218,377
352,131,235,382
362,102,226,413
359,95,241,433
358,77,245,450
377,119,234,409
378,86,237,440
385,78,243,449
402,63,213,463
425,47,199,476
449,55,174,472
460,129,163,407
468,136,171,395
478,136,171,391
480,131,194,392
479,117,224,414
479,125,240,406
482,126,254,401
478,143,283,375
475,126,314,399
484,142,308,387
476,120,347,408
483,91,347,436
491,71,314,466
499,81,329,467
483,76,344,462
494,97,318,442
492,122,317,404
495,144,307,392
491,143,323,387
494,143,326,383
502,126,319,407
542,117,280,413
551,115,269,418
563,151,267,390
560,152,261,376
552,147,265,382
557,147,250,380
566,140,236,378
560,142,233,391
561,131,224,399
553,123,237,407
577,111,212,423
576,130,210,389
604,143,186,396
614,141,175,380
610,118,182,407
621,143,173,375
624,140,180,382
626,140,181,383
630,138,187,390
622,144,195,399
618,123,207,408
621,139,202,394
616,104,207,435
620,119,211,420
622,101,208,436
639,116,194,411
637,103,205,428
650,103,184,428
646,119,198,419
643,112,211,420
647,116,196,417
649,108,206,422
643,105,203,430
647,103,195,430
647,73,199,466
644,83,199,448
636,71,197,464
634,68,201,475
616,70,213,470
602,73,232,456
594,68,242,467
608,90,228,451
625,99,200,441
623,57,194,490
617,63,206,471
614,64,208,468
602,68,211,465
609,57,200,475
622,57,179,469
625,75,186,462
622,96,178,444
610,70,196,466
617,67,175,471
609,59,182,483
613,56,167,494
614,52,168,496
606,55,168,485
592,45,186,477
576,56,207,478
582,57,195,483
586,47,186,495
586,36,183,513
590,38,175,505
590,45,173,487
596,29,163,502
609,21,166,518
595,1,171,545
611,-16,151,547
591,4,181,552
586,-4,203,534
582,5,201,536
601,0,189,527
584,11,204,528
581,2,218,536
586,14,219,515
618,19,187,525
596,29,210,513
572,48,242,495
525,30,295,508
529,10,294,520
513,-4,305,534
526,12,298,519
510,3,311,522
498,9,327,486
514,20,310,508
494,5,322,510
503,20,321,494
542,28,273,519
568,48,252,490
556,49,260,494
571,76,246,454
623,97,193,441
640,65,177,461
639,88,173,455
635,59,170,463
643,76,162,471
634,54,164,473
611,59,187,491
574,67,235,464
552,68,258,470
562,58,251,467
560,70,256,465
557,61,253,469
549,62,260,474
588,42,225,483
576,79,234,460
555,59,261,480
574,72,228,476
624,62,174,487
628,57,177,482
622,67,184,486
614,64,191,474
593,77,210,459
570,78,237,467
588,64,219,472
574,52,238,473
572,68,231,470
589,60,206,481
585,70,211,470
603,77,193,471
601,63,201,465
618,71,185,462
616,61,178,481
612,58,183,492
604,63,189,472
592,65,210,461
596,67,198,459
573,71,224,454
559,65,255,446
547,66,276,463
561,70,272,446
560,72,288,471
554,81,300,456
533,81,332,452
517,91,347,436
517,82,358,444
510,99,363,428
570,73,282,456
570,60,262,463
614,71,208,479
619,79,184,454
617,53,207,475
622,73,188,457
619,72,196,476
622,78,179,468
612,106,205,438
595,90,209,453
537,88,260,453
523,64,280,482
521,74,289,458
529,70,272,464
542,78,263,444
548,71,247,457
571,71,237,460
569,82,237,473
573,68,237,463
576,75,226,465
578,75,212,470
585,69,214,460
596,63,229,462
594,75,240,458
584,63,241,467
563,58,248,455
554,53,259,471
547,74,260,469
559,47,260,477
526,62,287,486
535,58,272,478
522,61,289,477
514,61,295,469
491,69,316,462
493,71,303,461
482,78,307,452
488,73,290,460
477,71,289,455
536,65,225,474
541,62,211,474
556,59,190,483
552,72,188,467
564,60,171,478
562,56,170,486
551,57,174,491
543,57,178,483
545,62,170,485
551,57,154,479
546,61,165,481
522,67,185,474
506,73,203,466
492,81,212,458
517,68,181,472
544,60,144,491
545,66,143,479
536,66,147,469
536,72,141,473
536,67,143,467
526,69,146,469
530,63,144,472
527,60,142,484
529,61,140,484
528,63,142,477
518,56,146,483
514,61,150,482
518,52,144,471
511,52,150,487
497,50,155,489
493,60,169,481
450,66,218,484
444,65,229,471
472,66,191,482
492,68,173,459
491,68,173,477
494,65,177,478
487,58,188,484
494,67,188,472
488,76,189,466
494,68,188,463
487,68,195,471
485,87,207,448
478,104,214,423
482,159,223,378
486,113,222,419
485,136,231,405
475,173,246,363
460,177,267,361
478,131,253,412
455,159,300,378
455,189,294,360
450,181,306,350
436,177,322,359
435,193,338,334
461,183,316,354
471,189,319,332
474,193,322,344
479,166,320,368
492,166,307,373
502,143,307,401
504,115,292,428
501,93,290,438
489,76,308,461
513,93,286,447
514,63,275,463
512,85,271,466
525,83,252,448
523,72,252,471
544,71,222,476
540,80,223,473
533,80,226,471
533,77,229,461
520,115,244,425
506,65,271,472
498,119,280,421
473,118,347,406
478,132,326,402
482,118,304,426
475,137,325,402
479,144,327,390
476,124,323,416
480,134,308,407
487,73,282,458
484,80,269,450
498,73,256,461
509,67,248,482
507,61,257,471
513,55,255,486
515,51,259,484
506,65,287,471
509,70,293,453
520,58,276,474
523,74,271,458
528,69,263,454
546,74,246,465
553,55,247,491
550,69,294,459
558,80,300,445
564,88,304,439
565,103,312,433
570,106,262,414
580,64,244,473
574,58,229,486
584,75,225,456
580,131,267,391
583,156,287,375
579,114,309,413
574,126,351,401
553,126,296,396
580,126,247,394
595,121,210,397
596,99,190,434
568,49,236,471
563,53,244,479
547,30,242,507
547,37,239,498
557,64,233,466
545,61,247,473
553,75,240,473
553,65,249,471
550,55,261,488
556,64,268,465
555,80,273,458
551,77,300,448
546,101,296,426
554,93,299,434
557,72,257,461
546,67,309,479
549,50,289,474
546,56,297,496
544,38,281,481
552,61,310,471
540,54,286,472
529,59,276,481
522,47,284,486
521,50,299,486
511,58,306,477
507,59,323,472
519,55,271,483
531,49,254,495
526,49,253,499
525,40,240,511
516,40,261,495
510,63,279,475
507,58,315,475
500,66,301,463
503,51,299,471
497,60,316,455
492,65,328,449
485,63,336,465
488,60,318,433
479,63,331,452
484,74,308,416
478,77,281,458
478,68,230,465
472,50,224,479
460,62,220,475
462,61,225,472
454,52,222,479
462,50,222,475
455,41,227,478
445,58,230,488
451,57,236,474
448,42,232,494
452,44,221,496
455,52,231,485
455,51,230,487
456,38,224,493
460,32,205,492
454,61,211,488
436,51,240,489
443,52,231,477
511,57,238,444
454,44,286,452
456,52,207,493
462,38,204,488
460,47,213,485
471,38,201,486
472,42,197,494
466,44,209,484
457,49,233,482
446,58,257,476
431,47,265,481
426,58,255,490
446,44,238,481
447,62,233,459
432,56,257,469
433,61,253,490
432,53,265,483
437,62,263,468
437,47,255,492
437,43,250,497
441,41,229,491
449,46,230,500
438,47,244,495
444,35,225,499
444,46,232,494
438,41,233,497
437,48,244,487
429,49,265,478
427,70,263,464
444,46,234,489
463,37,218,482
460,44,214,492
448,79,232,467
441,59,241,478
454,48,216,487
465,41,210,479
458,53,206,485
440,61,238,470
423,64,266,466
432,54,254,473
437,68,248,463
452,62,230,473
427,58,262,477
454,61,233,476
445,60,240,476
449,52,231,479
445,61,234,484
460,46,212,476
463,48,210,484
460,54,215,475
455,57,220,478
446,55,232,471
456,50,214,469
454,65,215,475
440,66,239,469
444,61,242,476
442,56,237,483
448,57,236,471
436,67,241,470
454,59,213,482
452,54,228,471
442,63,235,460
435,67,242,463
429,57,252,479
430,79,250,460
421,56,264,480
430,84,258,461
421,65,263,470
441,61,227,478
445,60,228,485
443,51,238,485
446,93,234,462
449,63,230,472
452,68,235,475
457,69,225,477
460,67,232,475
460,62,236,485
468,71,225,473
470,68,224,480
477,62,218,487
485,63,219,482
481,57,235,484
476,47,248,482
481,71,255,481
493,54,232,487
486,64,233,476
491,53,243,497
482,53,250,497
494,54,246,488
491,42,236,491
478,35,254,489
478,59,258,483
474,52,254,504
475,45,245,493
471,77,239,473
467,90,235,461
462,108,234,430
459,132,228,414
447,113,235,426
410,129,272,409
416,121,270,402
420,89,262,438
409,59,266,474
407,104,261,430
393,106,274,433
395,79,262,462
399,55,255,485
385,77,267,471
383,58,271,476
365,90,284,449
369,112,291,422
353,90,302,446
375,59,275,479
362,93,301,438
382,110,273,423
371,80,276,458
352,97,297,444
384,107,294,416
368,97,291,443
359,87,307,448
389,81,290,442
430,78,232,462
423,108,253,441
439,79,237,467
444,69,246,486
451,57,242,484
464,71,241,480
464,65,259,477
471,47,265,488
480,49,257,499
484,46,265,496
485,52,268,483
490,49,283,491
495,49,270,497
494,40,287,485
489,53,279,489
494,35,282,490
503,54,267,472
507,59,283,484
510,51,276,498
517,44,263,499
512,33,274,501
519,51,271,500
508,38,282,485
489,58,312,472
499,63,307,464
518,37,268,499
497,56,287,482
495,50,274,479
502,50,269,486
503,49,256,483
488,39,272,468
485,42,260,491
487,49,264,492
472,64,273,459
483,70,260,450
469,58,264,447
471,42,251,485
472,44,225,478
468,36,229,487
447,51,242,488
452,50,228,493
453,45,230,480
439,49,231,496
439,44,226,480
442,50,212,478
441,51,209,485
426,49,214,490
411,49,224,479
420,38,207,493
420,47,195,486
415,55,203,477
410,34,203,499
397,48,218,496
349,39,257,506
320,36,295,511
313,55,303,484
323,45,302,494
324,71,294,469
332,53,284,471
338,47,290,479
322,61,293,472
318,24,298,492
318,58,304,477
312,51,322,470
326,55,286,483
318,50,311,469
312,54,314,473
322,62,299,464
315,69,308,471
324,56,309,466
313,55,320,470
311,68,335,468
318,64,318,465
330,72,294,464
328,80,304,448
333,75,313,455
337,80,295,452
330,84,305,448
324,75,321,462
329,77,301,466
335,82,285,447
327,82,294,442
315,82,305,444
322,92,299,444
314,93,292,428
318,98,292,426
320,107,294,411
306,125,302,391
314,110,317,421
307,113,305,407
323,115,307,403
321,105,283,417
315,94,290,427
327,99,245,423
324,92,237,442
328,98,217,447
331,95,270,439
331,131,282,385
341,88,211,436
348,83,213,442
350,103,211,435
362,91,213,440
358,103,217,433
365,109,223,418
366,99,227,422
367,100,217,411
374,88,212,423
377,92,213,434
380,90,210,428
388,101,202,430
380,113,211,413
407,129,179,398
391,106,210,423
395,99,205,422
408,115,179,406
405,121,183,404
412,125,175,403
403,107,183,427
410,127,177,402
405,111,182,413
422,120,165,414
409,110,185,415
426,137,168,388
424,125,172,401
426,117,168,412
435,124,160,395
439,136,158,377
445,146,155,361
450,133,151,379
457,135,146,385
458,130,146,378
462,137,143,378
462,137,143,370
463,133,138,375
469,137,139,366
467,138,136,364
467,139,136,357
461,143,137,359
462,137,132,364
450,139,144,351
448,144,144,345
441,141,147,343
442,154,142,323
446,149,127,326
444,149,123,334
436,141,123,334
430,132,121,351
429,140,122,333
428,131,116,353
431,128,107,354
428,139,108,340
426,135,103,350
427,147,99,333
426,135,98,346
424,132,97,339
421,139,100,323
419,136,103,303
419,157,105,269
415,160,105,257
406,155,114,233
404,165,110,218
392,166,118,217
390,168,117,220
381,164,124,218
373,158,129,228
370,140,123,243
371,133,118,246
375,130,106,245
368,134,110,241
370,133,104,242
371,132,105,245
366,137,105,237
365,137,108,234
366,138,103,237
360,140,113,229
364,137,114,236
363,141,106,236
365,133,103,241
367,139,100,232
365,138,101,237
362,131,111,244
367,147,109,219
369,154,106,217
370,147,105,223
368,146,105,231
369,144,104,227
371,140,101,239
369,138,103,237
370,144,102,234
369,144,99,236
372,139,99,239
368,145,99,234
371,150,99,224
371,146,95,232
372,145,99,232
368,147,104,224
372,143,103,233
369,132,102,240
373,136,104,247
380,142,91,228
376,139,103,242
385,142,92,231
390,153,86,220
394,148,82,228
401,150,79,221
404,146,78,229
411,151,74,227
412,157,70,216
417,160,64,216
423,156,63,217
423,156,59,222
425,135,59,240
432,140,51,235
434,119,46,242
398,92,73,243
398,92,73,243
398,92,73,243
398,92,73,243
398,92,73,243
398,92,73,243
398,92,73,243
398,92,73,243
398,92,73,243
398,92,73,243
398,92,73,243
398,92,73,243
401,113,81,231
401,113,81,231
401,113,81,231
366,76,102,238
356,74,129,222
356,74,129,222
356,74,129,222
356,74,129,222
356,74,129,222
356,74,129,222
356,74,129,222
356,74,129,222
356,74,129,222
356,74,129,222
356,74,129,222
356,74,129,222
356,74,129,222
356,74,129,222
356,74,129,222
356,74,129,222
356,74,129,222
356,74,129,222
356,74,129,222
356,74,129,222
356,74,129,222
356,74,129,222
356,74,129,222
356,74,129,222
356,74,129,222
356,74,129,222
356,74,129,222
502,169,108,249
515,135,99,270
547,150,68,266
556,161,58,251
565,149,55,233
566,164,58,239
567,163,57,241
564,161,59,239
564,160,62,245
561,161,69,243
564,158,66,246
563,153,70,256
565,153,73,253
570,155,74,254
563,154,81,253
564,153,82,257
566,150,85,262
564,148,86,269
567,150,91,268
570,157,92,258
564,156,91,262
568,155,102,256
568,151,95,274
572,146,94,274
574,145,94,278
573,142,97,283
573,141,97,293
570,144,99,289
577,144,97,293
573,145,104,290
567,145,109,298
566,145,99,302
561,147,104,301
557,146,100,301
562,141,100,306
554,143,105,302
554,149,99,297
545,149,104,299
543,146,101,306
540,151,102,301
535,148,99,316
535,147,104,318
530,145,103,329
525,152,105,305
527,145,102,323
520,149,105,318
517,144,105,326
513,148,101,303
512,140,102,323
510,145,100,328
504,153,106,318
502,159,106,317
492,155,112,321
493,152,114,329
492,141,104,348
484,144,111,339
470,139,120,353
461,152,132,324
453,144,141,336
439,135,152,355
441,143,141,353
434,135,137,366
429,134,132,373
432,127,124,391
430,128,117,400
407,125,145,402
405,116,147,411
407,132,136,388
394,124,158,406
400,126,145,398
395,118,148,418
391,119,153,414
390,114,145,415
391,120,143,413
377,125,156,411
380,125,153,401
382,117,156,409
377,118,160,412
372,140,165,389
367,145,165,388
364,136,174,391
355,139,160,395
358,116,165,409
359,129,165,405
344,113,174,420
334,116,184,417
333,108,188,422
329,110,186,418
325,109,190,426
327,112,187,423
327,118,191,420
327,117,195,416
330,108,186,428
325,105,191,431
334,117,202,421
331,115,197,429
341,118,201,421
340,92,203,447
340,98,203,443
339,109,202,441
347,79,214,468
340,90,223,449
343,92,230,443
345,78,229,461
345,84,227,460
359,63,217,461
348,93,236,443
355,75,235,462
363,69,227,461
372,72,231,468
384,57,214,465
394,49,216,473
398,86,206,441
423,56,189,460
410,59,195,477
424,55,201,479
419,60,227,474
418,56,243,472
429,70,243,454
417,62,269,475
427,101,271,438
431,100,270,435
445,88,262,446
466,74,233,457
461,71,242,484
476,68,234,465
473,92,224,459
485,127,230,404
484,133,243,409
483,136,246,399
500,121,249,406
503,125,235,414
504,130,243,402
504,134,244,392
507,134,256,399
503,114,271,423
509,87,277,443
504,115,297,416
514,126,296,414
536,108,287,428
534,106,306,436
529,127,327,389
537,138,333,383
545,130,332,394
557,83,321,442
572,79,311,458
567,90,328,436
569,79,311,461
581,96,298,434
575,67,319,459
602,111,290,423
578,88,318,439
573,86,322,443
578,84,305,444
556,79,319,450
570,97,303,430
566,102,307,430
570,118,291,406
562,106,294,426
560,66,294,471
549,84,300,439
543,108,289,412
547,85,288,447
550,121,276,416
545,107,263,426
543,94,256,441
541,75,266,449
531,129,266,400
530,127,264,383
528,113,269,411
502,115,295,410
507,126,297,395
495,103,304,414
483,98,308,427
481,119,312,406
484,99,301,422
464,88,312,442
487,73,287,447
480,76,284,458
480,71,283,464
485,82,273,445
483,72,271,455
484,74,275,468
461,90,304,441
483,75,292,458
461,78,302,453
513,57,268,467
535,74,238,463
591,75,178,456
589,89,183,452
591,96,186,441
576,82,213,453
583,99,207,455
578,94,227,445
580,82,226,451
586,82,228,451
608,96,215,451
608,104,225,431
606,100,223,429
613,107,219,431
609,82,226,454
614,99,220,444
608,112,232,416
603,118,247,407
601,105,235,431
596,99,246,437
582,106,249,419
580,89,263,448
583,99,257,435
572,74,249,463
566,75,247,469
558,69,236,491
551,80,242,459
540,71,251,477
531,61,255,486
515,58,258,475
514,74,252,474
499,80,262,458
505,63,242,488
503,63,239,486
497,59,238,480
497,66,233,473
485,54,248,482
481,66,242,466
486,99,255,449
483,89,230,445
483,84,244,456
492,72,234,468
496,59,227,486
494,53,240,477
492,59,240,480
501,54,230,489
501,54,252,483
505,58,252,459
516,64,228,475
524,61,228,480
517,61,235,482
509,48,235,501
512,49,228,505
507,47,260,487
518,39,273,496
507,67,356,456
509,68,386,447
509,51,420,478
498,52,407,458
492,57,447,464
495,45,389,448
487,45,373,468
489,55,331,448
486,57,291,458
489,61,278,473
474,54,287,473
482,59,266,461
478,57,268,470
472,90,258,444
474,73,248,451
474,100,237,435
477,108,223,433
474,122,230,408
469,115,240,413
471,117,223,430
476,132,215,401
468,139,230,389
469,141,215,386
475,139,209,393
452,103,222,437
438,98,232,440
462,89,217,445
474,102,209,430
479,113,200,416
467,118,206,419
460,83,228,455
465,86,222,449
471,81,217,455
465,99,215,433
467,104,233,428
468,121,217,406
457,104,246,430
426,76,288,461
424,95,274,453
398,87,300,448
421,80,268,445
424,102,249,433
428,69,246,474
441,64,241,475
438,57,240,485
430,58,246,476
435,60,245,489
463,36,217,496
474,40,201,497
474,49,205,496
492,44,188,486
485,50,197,497
480,42,203,485
515,53,159,474
492,65,183,470
493,42,180,499
483,48,183,494
495,51,180,490
482,50,192,485
474,73,188,475
471,55,196,483
486,57,184,469
473,60,193,472
469,60,203,469
475,45,191,486
479,60,191,481
449,55,220,475
429,63,234,470
410,92,255,462
433,63,234,465
424,70,252,468
394,74,279,469
364,107,308,431
390,83,287,443
362,72,309,473
383,68,286,451
346,72,322,459
327,75,338,465
409,78,271,481
373,81,289,495
367,82,306,450
379,58,287,464
425,69,250,470
488,66,193,465
492,79,179,457
491,64,179,466
495,64,184,472
486,68,182,467
482,65,198,466
489,65,192,464
483,67,189,480
488,74,182,465
491,52,162,480
496,58,169,481
485,64,188,491
484,57,188,479
486,60,176,479
498,53,167,482
491,41,180,478
489,58,184,477
480,59,204,470
486,59,203,465
491,61,201,475
498,59,206,463
495,70,201,482
496,58,210,482
491,121,219,419
499,140,215,415
510,55,198,487
505,48,204,494
505,61,198,491
484,72,208,483
470,78,243,457
460,61,259,488
483,46,227,487
479,26,227,503
497,32,210,508
495,26,199,505
515,26,198,518
499,24,190,515
501,31,197,497
505,9,202,531
497,33,191,515
459,40,236,492
458,36,232,490
427,44,261,488
442,54,243,489
458,46,221,466
449,54,250,472
448,82,250,466
454,66,255,472
461,80,247,468
463,76,240,476
456,94,267,444
453,92,252,434
450,98,238,439
444,98,239,433
446,80,229,455
453,75,212,461
437,73,226,466
442,74,226,459
436,78,239,464
429,74,243,461
415,81,256,466
409,105,270,437
400,105,283,429
405,104,279,437
401,97,283,439
412,85,266,454
406,95,275,439
413,100,261,435
414,106,266,420
420,99,256,430
422,97,256,430
425,97,256,432
426,99,260,429
429,95,260,448
429,101,267,433
411,90,289,442
422,99,293,441
399,70,318,458
430,66,285,470
409,98,326,440
386,108,355,438
364,152,397,378
369,165,362,370
428,61,367,438
361,53,428,471
352,95,393,407
363,72,307,431
363,63,317,468
334,55,356,475
356,47,343,465
384,65,322,445
397,62,294,464
395,65,290,467
408,65,291,462
419,57,267,463
405,58,291,477
391,69,312,467
378,78,336,441
393,71,319,458
403,72,298,458
395,54,293,444
393,62,282,483
397,43,293,476
391,57,299,474
401,59,285,463
381,46,310,481
396,50,296,468
375,54,315,474
368,61,334,456
374,64,333,457
376,60,328,429
373,56,333,467
392,55,302,471
369,50,327,473
399,60,282,494
388,45,305,489
400,57,295,477
422,44,272,479
437,42,264,490
430,45,272,467
436,48,270,483
444,39,257,503
440,42,257,477
433,41,248,483
442,40,233,484
447,52,216,488
437,49,234,467
428,53,251,471
425,45,241,485
442,41,233,487
430,36,245,484
417,17,232,499
430,23,231,496
428,38,234,465
424,41,223,482
428,32,223,470
400,38,254,471
362,42,280,487
381,35,268,481
385,43,251,486
393,38,265,483
397,36,237,497
405,47,220,488
401,40,232,485
400,41,234,483
383,28,253,488
370,36,261,495
352,39,276,443
376,37,243,464
342,32,277,504
324,61,303,476
270,63,362,466
241,73,400,461
253,71,397,462
241,86,402,440
228,86,407,436
231,100,419,411
225,92,412,437
219,84,427,455
209,83,357,456
195,71,431,477
189,99,439,436
199,85,425,450
197,79,408,457
204,93,420,446
227,70,392,459
247,56,381,471
255,46,363,496
245,46,386,498
240,40,403,507
249,45,407,497
239,61,413,467
263,47,401,463
239,51,442,474
190,60,503,486
220,39,484,486
227,70,490,475
235,23,494,489
279,52,497,484
184,57,577,456
193,63,568,469
189,55,566,457
183,70,590,459
177,88,625,451
176,106,617,440
179,109,583,407
188,89,531,459
214,38,511,495
243,42,473,493
303,50,395,484
315,59,347,475
309,22,340,502
296,38,332,491
282,29,359,507
300,30,353,512
318,42,311,507
270,24,352,506
301,30,348,497
292,66,373,460
317,69,370,458
282,97,440,427
294,92,454,389
291,124,438,321
269,118,393,326
290,120,336,337
298,126,312,319
304,134,294,315
312,144,281,305
298,143,325,297
306,153,307,299
308,151,300,330
307,151,299,325
309,156,296,310
319,164,292,309
315,143,304,372
315,124,314,398
308,54,321,458
310,37,335,464
320,40,309,453
326,43,309,453
335,35,298,459
326,35,300,452
324,27,298,477
330,39,291,470
331,36,292,510
341,47,291,487
353,36,287,490
385,65,252,457
420,121,206,395
426,102,213,423
435,71,217,453
426,62,247,467
440,94,261,441
447,93,259,440
448,123,278,416
458,102,270,435
447,98,266,437
465,84,263,454
458,76,270,461
449,88,275,445
451,97,298,440
474,102,293,433
463,104,299,420
485,108,286,428
496,106,276,427
486,111,285,426
494,80,281,441
500,112,285,408
511,122,286,399
511,96,288,433
519,107,283,423
530,139,279,388
531,115,266,412
546,79,248,450
556,86,236,454
549,119,246,418
557,105,226,426
552,103,226,428
552,103,230,437
563,91,217,451
558,86,211,455
553,79,220,456
556,81,210,435
555,114,211,414
557,98,208,420
566,117,196,407
562,126,195,399
560,145,191,373
564,133,193,396
562,142,193,390
567,135,188,396
571,138,189,394
566,121,194,400
570,142,200,384
572,153,193,381
574,136,185,390
571,133,177,397
581,133,170,403
570,147,162,391
568,135,149,390
575,146,143,385
566,135,151,400
560,146,157,384
564,140,148,377
555,145,148,390
560,146,152,373
560,148,149,379
568,147,143,389
504,151,185,387
449,156,232,383
439,156,248,369
443,156,249,368
449,156,233,367
455,146,229,380
457,145,227,376
467,148,214,375
473,150,188,363
473,152,197,374
477,149,188,363
475,158,195,358
480,171,192,350
476,159,192,359
475,160,197,352
478,160,187,343
479,162,184,359
477,166,183,342
477,161,185,343
481,161,168,348
482,164,168,342
480,159,175,342
476,157,183,342
480,159,174,345
481,153,166,346
486,164,159,332
486,158,155,345
486,174,155,324
490,163,156,337
490,170,184,319
497,169,172,323
498,164,181,327
502,152,182,341
507,142,181,342
506,147,175,335
510,159,158,317
516,154,135,318
520,149,129,332
521,162,147,311
523,160,132,321
525,166,120,308
528,167,115,304
528,164,117,302
532,169,111,304
534,159,114,309
537,163,104,308
539,167,104,280
539,162,107,287
544,155,106,290
548,156,98,295
555,153,95,296
554,158,88,292
563,158,93,286
563,158,95,281
571,158,92,289
574,159,94,279
577,162,98,283
586,166,98,269
587,161,102,281
599,161,89,268
597,157,91,277
608,155,86,282
614,156,79,277
623,161,69,269
626,170,69,255
635,176,57,250
639,182,48,250
644,186,44,247
644,186,44,247
644,186,44,247
644,186,44,247
644,186,44,247
644,186,44,247
644,186,44,247
644,186,44,247
644,186,44,247
644,186,44,247
644,186,44,247
644,186,44,247
644,186,44,247
644,186,44,247
644,186,44,247
644,186,44,247
644,186,44,247
644,186,44,247
644,186,44,247
644,186,44,247
644,186,44,247
644,186,44,247
644,186,44,247
644,186,44,247
644,186,44,247
644,186,44,247
644,186,44,247
644,186,44,247
644,186,44,247
644,186,44,247
644,186,44,247
644,186,44,247
644,186,44,247
644,186,44,247
644,186,44,247
644,186,44,247
