210,60,128,237
205,54,135,247
202,54,136,240
191,45,142,246
187,57,139,234
187,32,133,252
180,37,136,255
172,35,139,253
175,40,129,255
172,34,129,262
166,41,135,252
159,38,142,258
154,41,151,249
155,39,145,255
151,40,151,251
151,32,146,261
150,43,142,253
138,32,159,253
146,44,148,263
144,34,147,251
140,39,157,259
145,44,155,252
142,44,163,251
145,47,166,248
160,45,155,253
164,50,157,244
176,54,145,249
171,47,152,245
167,50,164,251
181,55,155,243
178,46,159,247
191,55,141,240
192,58,150,235
197,56,147,237
195,59,153,238
197,54,156,242
205,51,137,249
209,55,132,238
210,58,144,238
210,53,135,240
208,65,151,222
207,60,153,231
211,58,144,234
205,59,152,230
206,55,144,243
210,56,147,232
202,52,155,241
212,65,139,232
213,59,149,231
205,64,147,229
205,55,150,236
195,59,167,244
204,58,154,238
201,62,154,235
200,64,169,230
206,63,151,229
211,63,140,231
208,64,150,228
205,62,155,234
202,60,156,234
204,55,142,242
208,56,154,238
197,64,162,236
206,62,145,232
201,64,164,239
209,59,144,239
211,65,139,235
207,66,157,239
208,63,153,240
201,70,168,230
204,58,159,245
202,68,162,242
205,61,158,241
197,58,164,250
195,58,169,244
202,58,160,233
199,60,156,237
199,58,148,245
195,55,157,238
192,57,160,238
192,59,153,235
187,48,160,241
194,52,150,246
191,47,153,245
192,49,153,243
183,51,163,243
187,49,151,246
187,48,156,248
188,48,151,247
187,55,150,237
189,49,151,248
183,40,157,258
187,44,151,248
189,49,147,245
189,46,146,239
188,49,147,247
190,50,150,240
187,46,156,243
187,50,156,244
193,45,147,250
182,44,162,252
189,46,153,251
186,49,157,253
200,50,143,247
193,49,151,254
186,51,158,252
189,46,152,259
183,51,157,252
189,52,151,250
189,50,149,252
193,47,139,257
193,44,137,261
200,47,126,261
196,42,123,266
201,42,127,258
197,42,132,258
190,41,137,260
185,47,151,249
196,45,125,257
199,34,123,264
194,39,126,263
194,34,125,268
192,37,128,266
194,29,125,266
192,36,125,267
190,34,128,269
201,30,115,268
200,35,122,265
196,34,126,266
198,38,122,265
201,38,122,261
196,41,127,259
197,39,126,259
194,39,129,258
187,37,137,256
192,36,130,259
189,42,135,253
183,40,143,252
184,44,139,252
186,39,138,260
182,48,143,247
181,43,145,252
181,38,148,255
183,44,152,248
175,45,162,248
183,42,152,252
181,46,154,249
177,46,161,245
179,48,156,246
180,53,158,238
171,55,167,238
173,63,165,230
165,63,176,230
161,70,177,222
159,71,178,214
158,73,183,205
185,82,156,182
169,86,181,175
168,92,188,171
155,90,203,154
173,95,190,138
175,100,182,135
182,107,179,113
164,110,197,122
151,102,212,123
136,98,228,128
141,101,221,121
142,109,209,113
148,112,196,112
142,117,209,112
150,108,188,117
155,119,190,118
132,132,213,109
124,129,228,122
114,148,238,103
111,151,248,113
109,152,253,106
108,149,248,112
107,144,261,138
120,134,239,153
122,132,239,171
139,125,206,159
109,135,235,158
114,126,230,178
107,130,236,176
127,125,223,180
123,126,219,204
128,116,211,221
140,112,198,215
152,110,183,223
143,109,193,218
148,106,185,215
157,105,171,225
158,103,168,227
161,107,168,232
172,104,123,247
171,107,128,244
170,104,124,246
173,103,112,251
172,104,106,248
172,107,94,245
176,103,78,251
176,98,76,258
177,96,72,250
177,99,63,255
177,101,63,249
175,98,63,229
178,100,64,222
176,98,70,219
182,96,68,240
180,94,70,226
180,92,78,227
201,81,89,234
180,95,72,230
187,87,72,246
205,85,79,244
191,91,68,241
190,91,76,239
188,93,76,239
194,89,82,238
177,94,98,235
180,99,100,224
179,96,104,225
181,101,108,222
188,96,123,226
183,107,152,207
190,112,147,202
155,102,191,208
171,105,169,204
179,104,159,185
180,104,160,182
181,102,159,178
191,103,150,168
155,108,192,176
158,104,182,170
164,107,182,159
171,107,166,158
163,108,181,155
168,104,175,160
146,115,192,149
140,122,202,143
139,125,198,140
134,120,209,141
137,128,208,128
137,124,203,128
135,127,206,121
135,126,203,115
132,135,201,103
123,151,220,81
125,154,221,73
131,154,213,71
126,149,221,76
124,148,225,80
127,138,227,98
131,133,218,103
125,131,227,111
127,129,226,120
129,130,220,124
132,122,216,146
126,123,226,161
152,117,203,182
162,111,179,198
164,115,181,201
167,109,162,209
174,107,160,218
164,118,161,217
174,110,158,221
180,106,148,226
179,100,147,243
189,97,140,249
189,100,141,253
190,104,139,240
189,114,149,239
187,107,140,246
193,100,144,250
199,107,132,242
199,104,125,247
199,116,139,242
204,106,136,243
203,111,128,244
199,110,148,241
209,102,128,253
205,107,126,250
200,106,144,247
190,111,150,245
194,99,144,254
193,103,142,255
199,107,134,246
208,111,120,247
208,102,116,253
211,96,103,257
211,106,107,253
216,99,106,257
214,99,110,251
214,101,108,251
213,104,99,243
201,106,129,245
201,103,127,248
197,104,135,221
187,108,152,201
183,113,150,188
184,115,153,191
165,113,178,195
173,107,170,204
166,107,164,186
165,113,178,185
167,110,168,182
162,113,175,183
158,110,174,145
154,116,185,164
151,119,195,182
159,119,191,193
154,121,190,197
157,134,212,179
152,160,241,152
154,168,248,132
155,171,243,131
152,182,256,119
139,196,281,103
140,198,269,94
143,211,259,86
141,201,265,97
144,190,253,122
143,210,250,119
149,161,245,153
146,159,246,180
163,147,203,193
165,119,192,229
173,94,168,257
167,92,173,261
163,94,177,255
168,91,189,254
167,86,197,266
167,93,194,256
174,85,184,276
178,104,181,250
172,93,195,261
174,99,193,253
183,97,177,253
185,101,159,245
174,100,184,250
187,108,166,245
186,107,164,245
176,112,173,244
188,108,159,241
179,102,167,251
195,93,150,263
179,98,167,248
179,108,166,253
190,122,152,232
200,116,141,236
190,114,153,238
190,111,148,248
190,105,149,250
187,111,148,245
170,93,168,260
165,100,173,260
171,101,168,257
164,100,175,253
163,97,172,266
150,108,197,249
157,109,181,256
165,110,175,249
157,99,180,261
169,117,166,253
170,95,168,263
162,100,173,255
165,98,166,249
163,108,162,245
172,96,160,258
183,98,145,247
185,103,143,255
179,105,144,255
201,99,123,254
196,87,125,268
193,65,129,288
204,72,123,285
200,90,123,260
211,97,115,254
203,102,127,251
194,96,137,255
180,101,152,250
187,101,147,244
182,108,149,236
170,93,164,251
174,102,166,241
177,104,158,233
173,104,170,228
165,110,183,215
166,114,180,206
151,122,209,195
150,126,201,186
145,115,205,180
150,124,210,170
147,111,199,166
154,111,200,181
153,120,209,163
143,115,218,166
154,178,215,176
149,112,199,168
149,153,204,203
151,109,202,190
146,119,207,181
144,125,214,173
138,124,212,169
149,117,209,189
149,110,207,194
156,116,196,196
153,123,196,191
159,132,189,181
162,143,187,177
173,129,172,190
170,127,172,193
171,112,172,217
183,133,144,197
189,144,139,181
185,145,147,190
190,135,136,201
195,135,128,190
184,134,142,209
185,126,140,222
191,127,128,215
190,126,128,228
201,112,111,229
183,97,134,257
184,93,129,255
188,83,122,267
197,105,110,239
187,98,115,244
187,99,117,243
186,101,120,235
184,107,122,222
179,115,129,206
172,111,137,204
176,107,136,198
181,102,121,193
182,95,124,198
180,133,129,177
166,117,141,161
175,113,140,155
178,110,124,143
180,102,128,153
178,107,139,143
180,110,143,137
164,109,165,148
172,108,153,166
169,110,160,156
154,117,182,127
160,134,170,110
152,128,181,115
151,124,188,123
160,122,180,127
149,113,189,137
151,123,183,130
148,148,204,104
152,167,202,87
146,162,206,90
141,172,211,83
139,173,219,82
138,175,218,78
136,176,227,82
135,172,238,91
131,160,241,105
138,162,235,104
133,147,243,119
136,148,248,119
141,147,237,120
135,140,232,125
136,156,226,107
142,152,220,107
136,148,219,107
134,153,220,104
137,146,222,106
145,123,198,129
140,132,202,123
140,136,191,113
151,130,175,118
140,108,189,132
150,130,173,113
147,114,179,124
159,108,168,121
152,117,172,131
150,109,174,150
149,110,172,152
149,113,173,146
152,120,174,136
149,107,178,147
149,107,173,152
144,104,181,155
147,108,171,146
148,109,173,145
134,120,182,133
123,101,197,159
120,126,197,140
124,129,196,145
125,131,195,147
125,140,194,137
118,132,195,150
109,144,203,137
124,148,187,135
113,148,202,134
121,158,201,119
131,161,187,116
134,161,190,119
138,166,190,114
135,167,199,112
144,166,195,117
146,168,189,112
148,165,193,113
153,159,190,113
162,157,178,121
158,136,184,137
165,145,177,129
155,128,190,133
156,138,183,128
164,134,180,136
161,135,184,126
159,131,183,132
169,136,172,123
170,136,171,120
176,138,167,119
177,137,168,118
175,141,170,116
181,136,158,125
182,137,164,121
190,138,150,126
186,134,148,131
183,130,163,139
186,130,158,143
193,128,145,144
180,121,160,150
178,126,160,151
189,122,148,155
195,116,145,166
200,108,140,175
200,98,137,187
202,92,137,194
208,82,126,204
208,78,133,210
212,73,122,215
206,70,127,216
214,70,115,213
214,61,114,217
214,61,111,223
215,59,109,215
217,57,105,223
218,51,101,226
232,54,84,219
240,52,73,223
251,49,57,222
256,47,51,217
256,48,52,217
258,47,56,219
256,47,63,219
249,47,74,218
235,46,92,220
226,49,106,216
218,50,117,220
203,46,136,219
197,49,143,219
195,48,150,226
185,60,162,211
181,69,162,191
172,78,179,182
165,80,185,186
158,86,182,186
152,96,196,161
142,96,203,162
142,105,208,160
125,114,218,172
121,124,220,174
118,118,222,189
116,115,221,194
123,119,213,194
117,119,215,186
113,116,223,194
121,121,211,190
151,79,187,180
139,102,186,167
174,114,166,152
162,122,184,125
154,118,199,117
140,121,212,103
125,134,234,74
128,133,235,76
129,131,244,80
132,128,236,89
142,130,231,89
142,131,239,93
145,132,237,85
156,129,232,92
151,130,237,90
150,126,241,99
154,126,243,97
158,126,238,102
158,127,240,102
164,128,241,103
172,129,232,100
182,133,225,99
184,135,224,97
185,136,224,93
184,136,230,96
178,142,235,89
185,147,230,84
180,145,237,87
185,148,234,86
184,153,235,80
183,158,237,75
175,159,245,77
181,161,240,76
196,165,221,65
194,160,229,75
189,161,234,68
184,159,239,75
177,159,248,80
175,151,246,82
176,147,241,87
175,145,241,88
181,142,238,90
185,141,236,89
187,138,233,91
185,137,236,97
188,137,232,102
183,139,238,105
184,138,237,114
191,134,226,119
186,138,230,113
185,140,232,113
187,135,229,113
191,135,226,112
180,138,235,107
178,132,232,115
191,130,219,120
198,135,212,119
178,132,235,123
180,135,227,121
186,138,229,116
179,144,237,112
180,152,235,105
178,159,233,98
179,159,231,100
171,161,240,100
174,164,237,98
179,163,235,97
170,166,248,99
170,169,246,94
175,171,242,95
169,174,250,89
169,171,252,94
174,174,248,91
172,173,246,91
174,173,245,90
169,169,251,95
173,170,245,92
168,172,251,88
174,170,245,89
178,176,242,81
179,172,240,85
176,175,243,80
180,177,241,78
184,176,237,79
184,179,239,76
188,181,233,68
190,182,231,66
190,187,231,59
186,186,237,58
190,185,229,57
189,183,229,55
189,183,232,53
189,183,230,47
191,182,231,50
194,181,229,50
194,179,227,51
194,179,227,54
196,177,227,56
196,175,222,56
197,175,221,55
200,173,214,59
208,172,210,64
209,168,208,70
203,163,203,84
206,157,194,92
206,152,194,94
203,149,189,101
209,147,178,104
205,142,178,104
204,140,179,104
199,135,185,107
200,134,179,111
201,129,176,112
204,130,169,115
209,128,154,123
208,127,151,129
209,124,144,133
211,123,138,138
208,123,141,145
204,119,142,148
204,119,137,147
212,120,124,143
214,117,118,147
219,114,110,149
222,117,108,156
216,114,109,148
230,115,95,156
228,110,90,156
233,104,85,167
236,103,76,165
240,103,76,171
243,99,72,167
238,99,82,168
237,96,86,173
234,97,92,167
233,101,97,160
230,100,103,160
221,102,118,163
207,101,137,149
204,102,144,146
195,106,158,138
192,102,162,136
191,100,169,139
176,95,185,146
179,105,188,126
178,109,193,124
166,111,208,116
155,114,231,116
138,120,249,108
139,107,248,114
133,120,256,100
126,126,260,97
121,123,258,93
118,132,251,92
108,134,254,94
109,133,254,90
111,127,242,102
110,131,243,97
114,122,234,108
107,128,235,112
111,122,231,123
110,115,228,130
116,117,219,122
110,109,226,128
124,121,208,94
108,118,225,120
112,112,218,113
111,114,219,119
109,110,218,111
96,114,232,123
99,110,220,134
105,114,217,131
110,113,210,125
104,111,210,133
110,107,204,154
131,105,183,158
131,105,170,163
138,103,159,185
135,107,152,183
153,106,130,195
166,104,116,188
176,99,100,200
192,99,73,201
200,102,78,205
200,97,77,210
194,100,74,205
192,103,78,203
181,105,100,207
181,106,113,205
170,113,141,187
170,116,149,181
147,116,182,175
140,120,202,181
142,124,203,172
132,128,221,165
125,136,233,151
117,133,250,159
119,121,244,168
115,131,267,152
114,133,261,154
125,162,261,120
114,161,278,117
125,174,278,104
129,180,276,85
149,177,256,79
166,170,246,81
182,152,229,104
195,135,213,141
216,121,190,172
224,105,172,200
237,92,154,219
252,84,135,237
258,77,119,260
269,82,105,278
275,85,114,266
278,105,111,257
254,79,100,240
258,102,113,218
244,109,123,228
250,126,118,223
244,125,120,230
240,137,129,213
219,119,143,238
228,139,143,213
206,144,173,197
205,148,162,205
198,152,168,196
186,161,189,188
174,169,179,185
176,131,162,213
234,161,151,190
210,141,131,173
252,127,123,196
293,123,121,238
262,4,137,276
220,-45,151,256
220,111,139,250
234,90,99,258
216,136,102,227
219,157,97,204
216,185,84,168
156,40,109,157
94,112,130,157
187,221,140,126
196,200,124,123
205,216,99,94
211,220,81,86
217,223,79,83
217,224,77,82
214,223,83,83
216,224,81,80
212,223,84,86
211,222,90,86
207,226,91,90
210,225,87,88
209,224,90,89
206,220,93,92
210,222,91,92
210,222,91,92
216,222,80,86
213,222,81,83
213,225,83,79
218,223,78,81
217,222,78,86
215,221,83,92
216,220,82,90
215,222,83,87
215,223,84,86
217,222,79,86
216,223,79,84
219,220,77,90
218,222,76,87
217,223,81,83
