238,144,82,49
241,147,89,55
242,146,89,58
245,144,91,63
244,141,99,77
243,139,103,78
240,145,109,77
241,140,103,71
241,144,99,77
246,141,92,76
242,141,100,88
249,122,95,86
256,140,98,73
236,147,111,65
236,147,111,65
247,152,94,48
243,151,91,51
234,153,85,46
234,153,85,46
247,153,87,46
237,151,92,42
245,151,87,41
248,151,84,40
245,148,85,43
255,152,86,45
241,149,86,43
244,149,82,43
253,156,85,45
244,158,78,50
233,159,75,47
235,159,77,39
233,161,84,39
236,164,87,39
225,161,93,44
226,160,92,40
232,160,84,39
236,160,86,43
232,162,89,43
235,161,87,38
226,160,94,41
231,163,88,33
237,165,85,36
231,163,86,35
236,163,78,36
237,164,84,33
237,163,86,37
231,156,92,42
221,161,102,40
223,161,99,47
231,163,91,56
232,162,88,61
233,159,88,48
242,162,80,37
236,161,87,46
235,163,88,48
230,164,94,41
239,165,85,34
240,164,83,37
241,166,83,36
230,163,88,36
239,165,81,39
233,158,87,41
220,157,79,48
231,158,90,37
212,154,98,46
218,157,103,42
212,156,111,48
231,162,108,49
237,161,96,59
238,158,92,57
238,152,86,57
231,153,90,54
222,153,93,51
226,152,83,52
211,149,87,63
219,145,91,76
217,147,82,81
227,118,91,97
230,153,88,113
221,127,102,116
227,138,107,112
219,145,120,128
244,102,115,104
232,137,106,97
240,141,91,84
269,147,67,73
377,67,74,74
276,141,67,65
260,144,77,61
249,139,88,68
246,138,97,67
247,142,111,53
249,140,117,57
232,140,130,47
233,142,140,43
242,152,144,49
233,142,148,56
239,142,143,58
236,142,153,59
230,140,161,62
227,139,168,63
288,146,173,73
228,141,168,67
275,141,160,89
240,144,134,83
275,151,119,81
287,147,121,91
232,133,132,83
245,134,128,107
217,116,139,101
221,136,137,91
239,144,131,91
218,138,120,77
217,145,113,68
220,148,112,74
224,140,106,58
227,144,94,55
235,140,86,59
250,132,74,62
252,133,66,53
251,133,74,55
248,141,75,58
252,131,64,62
247,129,64,62
247,137,61,57
251,140,58,55
254,146,56,52
251,148,55,45
257,149,55,49
270,134,61,46
270,129,68,55
258,137,64,54
255,132,60,51
251,127,58,46
248,131,54,38
249,128,52,43
245,120,58,41
243,115,63,43
235,115,69,53
231,106,73,53
263,101,83,54
224,94,78,50
220,91,80,50
216,87,65,52
220,82,70,53
212,81,66,53
212,82,61,51
205,80,60,52
210,81,60,47
207,85,60,52
204,85,64,53
202,86,58,53
207,86,60,51
204,90,70,50
207,87,73,51
199,92,62,49
202,87,69,50
194,87,59,50
198,85,52,43
204,84,55,42
203,83,52,45
201,82,58,47
200,79,60,44
198,79,59,49
198,77,61,47
195,78,55,45
196,74,62,46
194,71,66,49
187,67,57,54
193,66,60,53
190,67,58,53
192,66,59,53
186,65,68,52
187,63,70,55
185,64,72,53
184,64,69,52
184,62,74,48
187,59,73,51
187,58,79,53
188,57,83,55
185,56,81,52
186,56,83,50
188,52,82,51
192,50,84,49
191,52,86,45
195,47,85,48
200,44,82,50
202,44,81,46
204,42,82,47
206,40,82,49
209,39,86,46
212,37,82,45
214,36,79,44
218,33,78,43
220,32,79,45
222,31,77,46
226,30,74,43
227,29,74,45
225,30,75,45
227,27,76,43
229,27,72,44
228,24,77,45
231,23,73,45
229,20,72,44
228,16,71,45
228,13,65,44
228,9,68,47
226,5,68,45
227,3,65,40
227,3,60,37
224,2,67,34
224,3,67,30
222,2,71,28
215,1,73,25
217,3,81,23
217,3,81,23
217,3,81,23
217,3,81,23
217,3,81,23
217,3,81,23
217,3,81,23
217,3,81,23
217,3,81,23
217,3,81,23
217,3,81,23
217,3,81,23
217,3,81,23
217,3,81,23
217,3,81,23
217,3,81,23
217,3,81,23
217,3,81,23
217,3,81,23
217,3,81,23
217,3,81,23
217,3,81,23
217,3,81,23
217,3,81,23
217,3,81,23
217,3,81,23
217,3,81,23
217,3,81,23
217,3,81,23
217,3,81,23
217,3,81,23
217,3,81,23
217,3,81,23
217,3,81,23
217,3,81,23
217,3,81,23
217,3,81,23
217,3,81,23
217,3,81,23
217,3,81,23
217,3,81,23
217,3,81,23
217,3,81,23
217,3,81,23
217,3,81,23
217,3,81,23
217,3,81,23
217,3,81,23
217,3,81,23
217,3,81,23
217,3,81,23
217,3,81,23
217,3,81,23
217,3,81,23
217,3,81,23
217,3,81,23
217,3,81,23
126,25,87,30
115,21,83,38
129,15,87,47
127,17,85,55
130,17,85,58
132,21,87,56
132,26,92,54
135,29,90,55
136,29,89,55
143,29,85,58
143,33,84,56
147,36,83,55
150,39,87,54
154,43,85,51
159,44,85,49
161,47,79,47
166,45,79,54
168,49,80,50
171,53,89,46
178,52,85,49
184,53,84,48
187,55,86,48
193,54,83,48
193,57,91,47
200,58,85,46
208,59,85,46
212,60,87,45
218,62,80,43
222,63,81,44
226,64,86,40
233,62,82,42
238,64,84,43
243,62,83,44
247,62,83,41
254,62,83,45
260,61,83,44
264,60,81,45
271,61,75,43
276,60,78,45
286,59,77,43
289,60,83,42
295,57,81,46
300,58,82,44
305,56,78,41
308,56,79,44
312,56,79,42
315,56,82,43
320,55,78,43
325,56,76,45
328,57,78,40
329,56,76,42
334,55,71,40
334,57,73,42
337,57,75,44
337,58,74,44
337,59,75,42
336,62,77,43
336,61,74,43
336,62,75,41
334,61,74,44
337,64,70,40
333,64,71,39
329,64,73,44
325,65,76,44
317,66,82,41
315,68,78,41
313,69,78,41
310,69,78,42
309,71,79,43
308,73,78,44
308,76,77,41
301,77,80,41
303,80,72,41
299,82,74,40
297,83,75,42
298,83,77,42
295,86,78,40
293,87,79,44
291,88,78,42
293,90,77,40
292,91,80,40
289,91,82,40
288,94,82,41
286,93,83,39
286,94,82,42
288,94,80,41
285,95,87,43
287,98,79,41
284,97,83,40
285,96,76,40
284,96,84,44
282,95,79,40
282,96,82,42
281,95,85,42
280,96,82,40
279,96,86,40
279,96,86,40
280,92,82,43
280,92,81,41
279,93,82,42
278,90,80,41
279,91,77,43
277,88,78,43
276,86,79,46
275,86,79,43
273,84,79,42
270,84,82,40
269,80,82,40
266,80,79,38
267,81,83,39
267,82,86,41
265,80,82,41
265,80,85,38
267,80,78,38
266,81,78,37
266,80,80,40
266,82,84,40
264,81,87,40
269,82,80,41
266,81,82,40
267,81,79,38
267,81,77,40
269,82,74,38
267,81,78,40
268,81,82,41
268,82,79,41
266,82,85,42
268,82,80,41
267,83,80,41
265,82,79,38
263,83,84,41
263,84,86,42
260,85,85,43
257,82,81,43
256,86,79,43
254,88,71,45
251,90,74,47
250,92,74,50
251,94,74,54
250,101,72,58
251,104,78,59
250,111,82,64
254,116,78,64
258,123,76,64
264,131,74,60
267,141,71,67
270,142,72,72
277,148,74,63
280,152,67,68
278,155,64,62
279,158,69,60
279,160,69,63
278,161,70,56
275,162,68,56
275,162,66,50
271,168,68,41
272,167,65,43
272,167,65,43
272,167,65,43
272,167,65,43
272,169,64,37
270,166,61,40
269,166,65,43
270,164,63,42
269,163,63,45
267,164,69,44
267,163,66,42
266,162,72,42
267,162,66,47
273,162,61,50
270,166,73,53
271,160,64,59
269,159,68,55
267,157,71,54
270,160,68,59
271,161,67,69
273,161,74,58
274,161,64,61
270,160,63,59
271,159,59,54
266,162,67,55
265,159,67,54
257,160,72,58
255,160,78,73
244,161,81,73
239,165,94,75
227,163,108,76
218,164,87,65
208,171,73,70
205,172,59,66
199,178,54,65
201,180,54,65
197,185,58,61
199,186,54,62
193,183,61,66
195,181,63,67
201,189,55,61
201,185,54,63
198,181,61,67
200,185,55,64
201,180,57,66
199,181,56,65
196,182,58,64
189,174,60,68
183,171,62,68
172,168,73,70
167,168,75,69
167,165,78,71
158,164,86,68
157,156,96,69
151,160,88,66
151,153,95,65
150,146,100,69
149,144,98,69
147,140,104,71
149,139,101,74
150,141,100,72
149,148,94,67
150,145,102,66
149,149,103,66
149,152,101,61
150,151,108,61
151,156,99,63
153,158,97,61
152,156,99,60
162,145,97,61
163,143,95,55
168,135,95,51
172,122,95,52
177,107,104,57
165,97,120,67
186,95,108,65
187,95,118,75
184,95,128,79
191,104,116,71
189,109,113,66
192,115,116,63
191,120,116,63
179,126,122,66
180,135,109,69
184,138,103,67
188,132,97,69
196,130,112,64
202,123,102,72
202,117,91,69
204,117,97,77
205,119,99,89
212,119,104,85
212,122,91,81
212,125,86,100
221,124,77,96
216,128,88,97
221,132,87,80
221,129,84,78
227,130,77,79
226,131,80,78
231,131,77,79
231,133,73,80
232,131,77,85
233,132,78,82
234,132,73,81
236,133,76,78
242,135,58,81
235,150,61,80
238,145,73,89
234,151,75,94
220,152,88,91
227,160,81,89
236,168,70,78
241,173,71,75
242,179,68,68
243,180,65,69
248,185,63,63
248,183,65,66
243,185,61,64
244,182,56,66
247,182,62,70
252,177,57,60
249,182,59,69
246,180,66,67
246,182,65,59
248,184,63,64
245,181,72,56
246,182,65,65
241,181,68,66
241,182,67,62
236,178,63,50
237,180,66,55
236,180,62,59
234,179,67,61
234,178,69,65
229,176,61,61
230,177,60,62
229,176,57,59
229,174,71,68
217,170,75,76
223,164,69,80
217,161,73,86
214,158,88,91
212,156,91,97
207,160,98,92
198,165,97,81
196,170,105,76
192,175,106,74
194,176,105,73
194,188,106,63
193,194,107,61
193,196,108,58
195,195,105,59
196,195,111,59
200,197,106,59
205,200,106,57
204,200,103,55
209,202,102,55
210,199,90,50
216,200,82,49
229,204,80,53
236,205,74,53
233,203,77,58
232,205,76,60
230,202,77,64
227,207,85,66
226,212,89,62
221,218,102,59
225,222,98,59
226,221,100,56
223,226,106,54
223,225,106,61
224,232,110,59
223,239,121,56
228,236,114,59
235,234,101,62
232,230,102,66
231,227,103,68
233,230,106,65
231,229,106,63
228,225,111,60
227,223,118,63
237,218,109,65
236,219,103,65
235,220,102,62
236,230,97,58
239,218,93,68
238,215,99,70
237,211,99,72
231,205,99,72
230,201,94,70
233,193,90,74
230,190,90,74
228,189,90,74
223,191,99,75
219,198,103,67
216,205,106,60
210,213,114,55
215,217,120,54
215,221,114,54
218,222,108,55
217,226,113,48
212,224,107,50
211,221,106,48
212,206,105,51
203,195,111,53
235,188,99,53
218,171,106,55
224,160,99,67
221,153,103,73
226,161,93,76
226,169,93,69
229,174,95,76
231,180,96,71
230,196,101,65
233,206,95,61
235,206,94,63
252,212,83,55
231,213,96,51
228,208,99,56
228,205,99,53
224,200,103,58
227,195,105,50
232,187,125,56
234,185,130,57
243,179,117,70
244,183,100,73
259,186,81,71
258,184,69,64
249,183,75,61
233,186,79,62
243,195,98,68
205,200,118,64
186,207,130,55
173,208,138,58
173,209,129,57
170,207,122,55
265,236,114,53
249,237,96,51
272,244,93,47
275,246,81,43
277,239,73,46
279,241,70,40
282,238,68,43
278,235,68,43
281,234,65,41
282,237,63,40
278,240,65,39
279,240,65,42
281,237,68,44
