405,80,116,189
413,87,110,172
418,80,102,189
415,86,101,181
417,83,102,182
412,92,109,168
409,91,115,175
413,89,110,175
413,93,107,174
414,86,113,178
414,94,105,166
414,87,110,180
412,90,113,171
417,88,110,181
416,94,111,172
413,90,106,181
414,93,116,175
415,91,114,169
414,91,118,183
419,92,114,172
416,92,114,175
415,92,115,172
417,90,111,178
419,88,112,177
419,87,106,181
417,85,114,185
417,89,117,184
412,97,117,173
412,100,116,166
415,89,108,179
412,96,110,174
416,92,109,172
410,94,111,165
411,86,110,177
412,89,106,176
409,82,105,182
408,87,106,171
409,81,103,179
408,83,105,177
409,89,102,168
406,88,99,176
408,85,93,180
406,88,103,177
405,85,104,176
402,91,105,166
404,96,105,168
406,86,97,174
404,87,99,171
408,88,93,163
404,95,102,158
403,89,102,167
406,92,101,165
408,90,99,165
416,88,97,170
415,88,102,166
419,85,95,168
418,84,102,174
424,81,98,173
428,86,92,170
430,86,94,173
430,91,103,168
430,89,98,172
433,92,98,164
435,88,101,168
438,82,95,183
439,87,95,169
435,89,98,168
440,86,92,161
440,87,100,172
441,83,94,177
442,90,90,172
440,86,91,171
443,88,90,171
442,90,87,162
442,87,89,172
438,87,89,176
436,89,91,166
436,91,91,163
432,88,91,168
438,91,81,159
435,92,85,164
433,94,81,164
432,85,86,169
436,89,79,161
437,91,78,156
439,87,78,163
438,88,78,165
442,90,73,156
442,87,76,153
446,89,69,150
447,86,69,142
449,84,69,139
450,77,67,149
457,80,65,147
455,77,68,147
454,77,70,151
456,77,75,149
455,80,70,147
457,78,69,151
453,76,70,154
454,75,73,155
453,80,74,152
454,79,72,152
454,79,71,147
456,79,70,153
451,81,78,157
452,77,75,150
453,77,75,160
454,75,79,163
454,74,79,173
454,74,82,169
451,75,79,160
453,79,76,159
453,79,77,151
453,79,73,145
456,76,75,154
456,76,76,154
455,76,75,155
453,75,79,167
453,69,77,166
457,73,77,167
457,73,77,161
460,73,75,160
459,75,75,161
460,74,77,157
461,71,73,163
461,76,76,159
462,70,75,170
461,75,72,158
461,75,73,167
462,76,73,161
461,77,74,173
460,75,75,159
458,78,76,165
459,81,75,163
458,76,76,172
459,74,76,180
459,74,78,169
461,75,78,160
461,73,78,167
461,76,79,169
461,74,74,163
464,74,74,170
465,76,71,167
462,76,76,166
464,78,73,156
465,77,73,159
464,74,71,171
461,78,77,158
463,78,71,151
462,73,73,157
463,72,74,171
461,69,73,173
460,74,78,188
458,69,76,169
456,73,78,181
454,73,74,163
455,75,72,162
456,75,72,162
455,75,70,168
453,74,72,161
452,82,74,162
449,73,71,156
448,72,73,167
443,76,77,151
446,75,76,157
446,76,76,172
450,75,72,163
447,78,79,160
448,78,73,176
447,76,75,163
447,78,77,151
449,74,79,169
446,80,79,162
450,78,77,154
448,81,78,137
446,75,82,144
448,80,80,137
445,76,82,145
445,74,82,149
449,72,83,153
446,73,77,156
449,72,77,152
445,73,79,157
442,81,82,145
436,81,86,140
438,79,88,146
439,76,81,142
436,79,88,137
434,85,90,132
434,78,87,137
430,85,90,136
429,80,87,139
428,79,89,141
430,80,90,141
427,81,91,140
426,83,90,144
427,76,90,148
423,81,95,154
424,86,95,144
420,86,97,137
423,87,91,133
420,87,97,136
418,88,95,133
420,88,92,142
424,92,87,133
416,92,93,125
415,96,93,117
414,96,95,126
417,95,85,110
413,95,89,106
413,96,88,110
415,96,87,107
411,96,93,106
405,94,98,113
415,96,90,117
410,97,97,124
417,98,91,129
411,96,99,134
411,95,93,129
410,100,103,137
401,97,126,165
400,97,130,162
396,97,127,161
394,97,122,165
394,102,121,159
392,99,116,161
392,102,125,158
389,99,120,157
390,103,107,156
388,101,116,160
388,104,127,162
391,103,126,157
388,102,119,156
388,106,109,155
391,105,118,159
385,107,120,153
384,105,148,158
379,108,148,155
384,104,121,159
385,106,124,152
387,105,142,160
382,102,133,160
383,104,144,158
384,106,137,159
385,105,139,160
384,103,129,161
385,105,136,157
390,104,123,151
384,105,130,157
384,108,150,155
385,107,146,154
386,107,155,154
383,105,140,158
383,107,126,154
383,110,143,147
384,108,132,150
383,110,146,149
382,110,147,148
381,111,147,148
380,112,143,146
379,115,138,147
381,116,146,146
374,114,147,150
376,116,153,150
373,113,153,145
370,114,131,145
375,122,142,146
369,122,154,140
366,119,148,144
366,119,137,144
366,117,136,140
367,121,144,142
364,120,157,144
359,123,163,137
350,122,166,143
353,121,171,143
353,122,161,140
351,133,170,134
349,123,164,140
350,124,169,140
350,130,165,133
348,121,169,145
351,123,166,138
350,130,168,134
349,123,160,140
354,125,163,139
348,118,172,147
349,126,161,136
350,116,162,151
347,124,166,142
348,126,168,141
344,125,166,139
347,133,164,134
345,128,170,137
344,129,167,136
343,139,170,128
344,136,174,127
344,140,168,125
342,141,173,124
344,144,170,119
343,137,170,131
344,143,168,122
343,147,176,123
343,140,170,125
344,144,172,124
342,144,169,120
342,136,177,131
339,152,174,117
340,152,171,116
340,158,171,111
337,143,180,127
332,164,183,103
338,167,177,106
334,166,180,105
335,169,180,105
331,169,186,102
332,171,180,103
332,172,177,106
335,171,179,106
335,172,179,106
331,164,181,109
332,167,181,110
339,172,181,109
326,167,184,102
331,165,182,107
330,170,183,110
332,172,181,101
331,174,181,106
331,172,180,101
331,167,181,116
331,173,180,106
333,172,182,112
328,174,178,95
335,174,180,110
331,175,184,102
332,174,176,107
336,173,173,115
337,180,175,105
340,178,170,112
337,178,175,104
335,170,176,124
337,178,181,112
335,179,181,107
335,173,181,125
333,178,182,119
339,173,176,128
335,177,186,130
337,180,178,130
339,184,178,126
340,180,175,127
341,181,173,126
340,179,178,128
340,188,175,118
337,187,184,126
338,184,177,134
339,181,175,137
341,196,178,115
338,195,183,120
338,195,183,123
337,193,178,121
341,198,179,117
339,197,177,120
337,200,182,117
342,203,178,113
337,209,180,104
341,208,178,109
342,207,180,112
342,208,176,108
340,209,178,110
344,209,175,109
342,207,176,113
340,212,179,105
342,212,173,106
341,211,186,107
344,215,179,101
344,212,172,106
346,219,169,99
341,221,176,99
348,223,178,96
344,225,176,94
345,233,185,87
345,239,180,84
344,243,185,83
345,240,181,82
347,246,180,75
344,242,189,81
347,242,179,82
344,239,183,84
347,234,167,93
349,238,160,86
348,237,169,85
351,248,161,74
350,246,169,74
349,245,178,78
348,247,173,75
351,247,170,73
354,248,165,75
353,247,174,75
356,247,159,76
355,247,167,73
357,241,168,79
355,249,166,72
359,248,164,75
358,249,162,71
358,251,164,68
356,248,166,74
357,250,165,70
360,245,153,76
359,256,158,66
361,255,159,66
358,254,162,68
356,253,166,66
364,256,155,67
362,256,160,65
362,256,159,64
364,260,154,63
367,257,151,63
366,257,150,66
364,259,157,62
367,259,149,62
365,260,151,59
366,262,151,59
365,259,152,62
366,260,150,61
364,261,153,61
366,262,153,60
366,261,151,59
368,263,149,60
362,262,153,60
369,262,149,64
366,262,152,60
365,261,153,63
363,264,157,62
365,265,148,58
366,265,152,59
365,264,150,58
366,265,154,58
364,263,153,60
365,263,156,62
367,264,150,63
369,263,149,62
366,265,147,59
375,262,142,63
383,262,135,62
390,263,128,61
396,264,120,58
401,258,116,63
404,262,110,59
407,261,110,61
397,264,120,62
396,259,123,64
402,259,115,63
398,260,121,63
401,263,116,59
403,259,115,65
403,258,117,64
402,259,113,61
406,258,111,66
406,261,112,63
405,262,111,60
408,259,109,62
409,261,106,64
414,259,104,63
409,256,106,68
413,261,103,62
416,258,99,66
415,259,99,66
413,258,104,66
413,261,105,62
414,259,100,64
413,257,104,69
410,260,103,65
409,256,109,70
409,259,105,66
409,258,108,66
417,259,102,64
412,258,105,67
411,257,103,67
413,259,106,66
408,260,109,65
406,256,109,66
408,259,108,66
395,257,118,68
411,260,103,65
406,256,109,70
403,259,111,69
399,259,116,65
407,260,108,66
412,257,100,66
407,259,108,68
414,257,101,69
413,258,98,67
422,257,92,67
424,257,91,68
431,259,81,68
435,259,78,66
443,258,70,63
442,258,72,64
443,259,68,64
448,257,64,62
455,260,58,62
445,255,67,67
447,259,67,63
444,259,68,62
443,258,69,64
444,257,68,64
444,259,68,64
445,258,67,65
446,258,67,64
443,258,70,63
448,260,65,62
446,260,69,62
451,257,61,66
445,260,67,62
449,259,64,62
457,257,56,64
459,260,54,64
457,257,56,64
449,257,66,65
451,258,65,63
450,258,62,62
451,257,61,63
445,257,68,59
445,257,69,56
443,258,70,64
443,259,70,63
446,258,68,58
447,258,65,63
442,257,70,57
445,258,69,63
446,258,68,58
444,259,69,64
444,260,70,63
443,257,69,64
440,258,73,58
442,257,70,60
443,258,69,64
442,258,72,63
442,257,72,66
440,258,71,60
441,257,72,62
442,259,71,66
439,258,73,59
442,259,73,50
440,256,74,51
440,256,72,52
442,258,70,57
440,258,72,65
445,259,68,64
443,259,69,64
445,259,68,60
444,259,68,50
441,258,71,47
441,256,71,44
441,259,73,41
443,257,69,48
440,258,72,50
447,256,65,44
445,258,67,39
445,258,66,45
444,258,66,41
440,258,71,40
442,257,69,41
443,258,68,39
443,260,70,39
440,256,72,41
439,258,73,41
441,257,70,40
441,259,70,40
443,258,67,44
440,256,72,43
437,258,75,39
438,259,72,39
435,253,76,44
436,257,73,41
437,257,73,40
441,258,73,40
436,258,74,39
438,259,76,40
439,258,74,39
440,257,71,40
442,259,70,45
449,260,62,63
444,254,65,68
440,258,73,65
443,256,71,67
450,260,63,64
437,256,64,67
440,260,72,65
426,256,79,67
433,257,81,64
438,254,89,68
444,252,95,68
432,253,122,66
412,250,149,74
426,248,138,78
440,240,123,85
439,238,130,88
436,239,125,90
433,239,145,88
444,239,131,81
446,237,120,90
438,234,128,94
440,229,128,94
450,230,119,96
436,229,130,96
449,234,122,90
432,230,132,97
434,229,135,96
438,225,130,100
440,219,126,99
434,225,136,101
434,219,132,105
432,221,136,100
430,218,131,109
431,218,143,103
433,218,136,110
431,215,142,107
428,217,143,107
434,217,136,107
431,213,138,110
433,210,138,110
434,209,135,113
436,206,138,113
436,210,135,113
438,206,134,112
433,206,138,114
437,204,130,114
445,205,129,114
439,203,129,115
431,203,137,112
445,200,130,110
438,200,131,107
451,197,125,118
446,200,129,116
440,199,134,111
447,196,127,108
462,193,115,108
446,193,125,113
443,193,130,102
452,188,123,119
458,188,122,103
455,189,122,104
453,187,128,107
442,186,136,108
454,185,131,111
432,184,147,105
436,180,143,134
436,187,150,127
439,183,146,134
437,184,142,141
444,183,135,142
439,187,142,137
443,181,141,143
446,181,131,144
439,181,144,137
450,179,133,136
453,180,132,140
454,179,128,139
456,175,124,140
453,177,132,142
449,176,137,135
452,180,140,133
453,176,133,134
455,176,137,136
453,173,137,137
453,174,136,141
453,173,136,137
454,174,140,143
446,176,149,133
454,168,146,146
452,173,147,139
451,170,148,138
458,169,138,148
455,171,145,139
453,162,147,156
455,168,141,149
444,165,149,148
445,167,160,144
440,169,157,137
444,169,161,136
439,172,172,130
440,171,165,133
443,167,163,137
443,165,159,134
448,160,161,136
444,159,163,131
446,158,162,136
443,156,165,142
449,161,154,140
442,163,160,130
440,158,165,136
446,162,155,132
453,159,152,134
447,152,153,144
463,155,144,160
449,149,159,159
439,154,164,131
451,153,156,140
447,144,159,141
447,145,159,139
447,146,157,135
448,142,157,140
460,142,144,151
455,136,146,150
454,136,146,147
456,133,154,153
453,136,153,144
450,132,153,146
450,138,158,138
457,134,150,141
455,134,155,146
454,130,152,144
452,135,155,140
453,135,156,138
456,133,152,146
455,130,155,146
453,133,159,143
453,126,161,149
453,130,158,142
456,133,155,139
456,130,159,141
451,133,164,143
458,134,154,146
462,132,152,150
456,133,161,149
457,133,154,145
465,133,148,146
461,124,148,156
460,126,149,151
457,125,149,149
456,123,154,145
455,128,153,145
461,124,157,147
464,123,151,149
462,124,154,145
467,118,144,154
465,120,149,151
463,121,151,152
461,118,153,149
458,120,156,146
452,122,164,151
456,123,157,152
457,123,155,144
453,126,160,146
458,120,159,149
457,120,159,150
457,118,155,151
457,118,155,149
459,120,150,147
454,118,165,145
461,116,149,152
458,118,158,146
459,121,153,149
464,122,150,148
464,121,145,157
459,118,149,151
453,120,156,146
450,120,158,144
451,120,154,144
448,120,157,147
450,116,152,155
449,119,155,149
450,118,153,148
447,119,156,152
451,114,150,153
449,118,152,143
450,115,156,147
443,114,161,149
447,113,152,150
445,113,151,155
444,110,156,156
443,112,152,150
444,110,152,157
445,106,154,156
447,107,144,156
446,105,150,156
447,105,147,155
448,105,146,154
449,105,145,153
446,108,145,152
446,107,146,147
446,107,145,154
447,106,140,158
447,109,138,158
444,107,142,153
440,107,144,154
440,105,144,152
442,102,144,159
439,107,148,155
439,104,141,158
441,104,143,158
442,102,146,163
439,99,143,164
439,101,139,161
438,103,148,159
440,103,143,159
436,101,144,156
439,101,141,165
437,101,135,162
442,98,136,165
444,103,128,158
440,102,142,162
436,99,144,166
434,100,143,163
441,99,130,166
440,98,134,164
436,99,138,165
443,98,130,164
440,96,136,170
443,97,131,168
440,97,136,170
440,99,133,162
440,100,125,163
436,99,134,165
441,98,128,159
436,99,124,164
435,91,129,170
439,96,120,162
436,94,117,167
442,97,115,164
438,93,117,166
437,96,117,164
437,95,117,166
437,96,119,168
434,98,108,166
433,91,113,171
438,95,111,167
431,93,109,167
433,91,113,168
431,97,119,168
435,91,102,171
434,90,101,170
433,92,101,163
427,87,116,177
428,92,105,170
426,92,117,169
422,98,122,166
423,96,117,155
425,96,106,160
427,94,105,151
428,94,114,155
426,93,115,152
430,91,107,151
421,94,122,156
424,98,116,157
423,97,120,156
425,95,113,156
423,91,114,164
425,89,109,167
423,89,109,167
421,84,118,175
425,89,116,178
415,92,127,168
419,89,122,172
419,93,117,162
422,88,122,171
423,91,111,171
423,91,113,167
421,89,117,174
420,84,117,175
425,92,117,170
419,95,120,167
414,94,124,162
416,90,118,168
418,88,117,173
417,88,114,173
418,89,119,170
418,86,118,175
419,84,112,177
420,92,114,163
415,89,117,171
417,91,119,172
415,92,115,173
415,91,120,174
418,95,122,170
413,95,120,166
417,92,118,172
415,90,117,169
413,92,120,165
414,95,124,165
408,94,122,163
410,90,116,172
409,95,121,163
413,94,117,165
411,92,107,171
408,90,118,166
411,91,117,168
410,89,112,167
412,88,110,168
412,86,104,170
410,90,107,166
408,93,106,164
408,99,110,154
407,95,109,155
408,95,101,156
406,93,105,162
407,93,98,158
407,98,107,159
405,93,107,164
409,95,96,160
405,90,101,164
406,95,100,160
407,92,96,163
408,91,96,167
407,95,95,159
406,94,104,163
404,96,99,157
403,97,98,158
405,95,92,162
403,92,96,162
404,96,97,154
403,98,94,156
402,95,96,155
401,100,100,153
405,98,95,155
402,96,96,158
408,103,87,154
407,99,91,155
405,101,89,149
405,103,90,152
402,99,89,155
400,102,97,153
397,102,102,152
400,94,95,160
401,97,91,157
401,102,89,152
403,99,86,156
403,102,79,154
402,102,86,152
404,100,79,157
403,98,81,157
402,96,89,157
403,107,87,149
403,105,90,148
403,104,80,147
404,104,85,151
401,102,88,153
403,102,86,152
400,104,88,149
401,105,94,150
399,105,88,150
404,105,86,149
401,98,86,155
402,96,82,156
400,96,84,158
402,97,86,159
401,96,84,158
399,99,89,156
401,97,85,157
402,95,84,157
401,95,85,158
405,96,79,157
399,93,80,162
404,94,82,160
399,98,86,155
400,99,85,155
409,100,69,154
402,108,79,146
403,108,79,148
399,103,87,152
401,100,80,153
401,108,81,147
402,110,80,143
403,108,76,149
400,104,78,150
401,109,77,145
400,115,82,142
400,111,74,144
399,105,79,151
397,107,80,150
402,121,73,134
401,116,75,141
397,112,81,145
396,106,83,153
396,119,78,142
397,118,80,141
396,126,79,132
395,122,77,136
397,126,76,132
392,118,80,139
395,122,80,135
394,128,78,128
393,123,78,134
393,126,79,131
392,126,77,131
394,128,76,125
395,130,72,125
394,134,74,124
393,129,80,131
391,137,79,121
394,128,79,129
392,140,79,118
391,132,78,125
390,140,77,119
390,141,79,119
390,147,79,114
391,137,79,122
388,139,80,123
389,136,84,123
387,141,85,120
385,157,91,107
387,135,80,126
389,140,83,123
390,148,78,117
392,138,80,122
388,149,83,115
389,148,80,115
390,156,81,106
391,160,79,102
388,151,82,110
391,152,83,111
391,159,80,103
392,156,79,102
392,155,80,107
391,158,83,103
390,155,83,104
392,159,78,104
389,158,81,104
390,165,83,96
391,162,85,99
391,160,83,101
391,172,86,89
392,171,82,93
390,164,83,99
393,167,82,95
394,168,83,93
393,171,84,91
392,175,87,90
393,172,85,93
395,169,83,95
397,170,82,98
395,173,85,90
396,176,80,92
395,173,82,92
396,176,80,89
394,176,82,86
392,177,85,88
394,177,81,86
393,182,83,86
393,177,88,88
393,187,84,79
395,181,87,85
394,178,84,86
396,188,87,78
392,184,79,80
395,183,84,83
395,183,83,83
391,198,90,66
393,196,81,73
391,199,81,67
395,189,80,76
394,193,82,71
393,191,83,75
392,193,83,73
391,195,85,71
393,194,84,72
392,197,86,68
392,196,86,71
391,198,84,68
394,203,85,63
391,201,85,62
392,201,84,64
392,205,83,60
395,205,82,61
394,208,85,58
391,211,84,55
394,209,80,58
388,211,85,56
394,215,80,52
391,211,84,56
387,224,87,41
385,213,87,53
384,218,85,50
384,216,90,50
385,223,91,42
382,220,89,48
387,229,76,38
391,238,79,28
387,232,88,35
385,224,86,41
382,233,89,33
383,230,92,34
381,236,95,29
381,226,96,38
381,225,94,40
379,224,95,40
383,230,94,35
375,243,98,25
376,242,104,23
378,247,104,18
374,243,106,21
379,236,103,28
375,247,105,20
374,247,108,20
372,244,109,22
374,244,106,21
373,246,106,20
371,245,111,20
369,244,113,21
372,243,109,25
373,246,110,20
370,245,113,21
371,245,112,23
373,246,109,21
373,244,111,22
370,244,112,22
370,245,111,24
368,246,116,20
370,245,115,21
369,247,116,19
372,248,113,21
370,245,114,23
370,247,113,21
370,246,114,21
372,244,110,22
371,246,113,25
367,249,117,26
364,245,119,36
367,241,120,38
367,245,113,31
365,244,119,41
368,242,115,57
368,244,129,56
366,238,148,67
366,247,153,52
363,252,153,44
364,238,153,63
364,235,153,70
359,233,159,77
368,246,144,63
366,254,150,47
366,244,155,57
365,251,153,46
364,238,155,64
377,247,141,54
367,243,152,62
368,255,148,45
360,246,161,55
355,249,168,49
359,252,160,46
371,246,147,55
366,252,151,48
370,248,149,57
376,255,142,44
370,255,146,46
378,258,138,47
362,250,154,48
370,250,148,53
362,257,154,40
373,249,147,50
376,254,140,47
372,245,141,55
382,255,136,49
381,248,135,51
371,257,146,42
369,247,150,55
368,258,149,43
371,249,145,51
375,253,141,50
384,241,130,57
384,255,132,47
377,253,138,46
392,247,127,55
398,251,121,50
386,247,130,54
383,254,134,50
374,252,142,47
386,251,131,50
390,251,128,50
393,255,122,46
380,241,134,58
375,249,141,55
387,251,127,48
384,241,132,63
376,256,144,44
385,250,130,50
375,260,142,39
368,255,147,46
375,258,142,40
375,253,141,47
378,242,136,61
370,252,147,51
370,251,145,47
382,255,133,44
382,247,132,55
379,253,136,49
375,254,140,47
379,241,138,62
371,252,148,52
379,246,136,52
385,255,130,45
380,247,135,51
375,244,139,57
375,233,140,68
379,232,140,73
374,232,145,73
375,235,140,67
377,232,141,71
378,229,135,74
387,228,126,72
388,222,124,78
391,227,120,73
388,230,107,71
391,222,110,66
394,214,92,63
399,218,79,49
409,216,77,52
407,214,74,53
408,215,78,51
405,214,80,51
408,213,78,52
408,211,77,54
404,214,82,52
402,211,83,53
402,207,84,57
403,205,81,60
401,206,86,58
402,206,82,59
400,205,84,61
400,203,84,64
403,199,79,67
400,199,84,67
402,200,82,70
402,199,87,66
402,197,85,70
403,196,83,72
403,195,87,70
402,204,85,63
398,201,90,65
400,194,87,72
401,189,87,76
400,192,87,75
397,191,90,74
397,187,92,81
401,182,86,84
401,182,88,85
401,188,88,78
400,186,87,78
402,183,87,83
400,182,90,82
399,180,85,85
403,184,85,81
400,182,90,82
398,179,93,85
401,179,89,84
402,179,86,86
401,178,84,85
401,177,89,87
402,177,86,89
404,176,80,91
402,180,85,85
404,174,85,90
406,175,85,90
404,177,87,91
406,173,84,88
408,176,83,90
405,169,86,95
408,174,81,88
404,169,90,97
406,170,88,93
407,172,86,92
408,170,85,96
404,166,87,95
404,165,88,100
410,172,80,93
405,164,88,98
408,164,84,98
412,164,81,96
409,169,83,90
405,163,88,97
409,173,83,88
414,163,77,96
409,160,85,102
410,163,86,100
411,159,82,103
412,156,82,104
412,157,82,104
412,156,82,104
412,161,82,102
413,157,81,104
414,154,82,107
410,155,86,105
414,157,81,102
412,156,78,104
412,153,79,107
415,152,79,115
411,151,79,109
411,152,80,109
412,149,82,112
411,152,83,113
409,150,84,113
413,145,80,115
410,152,80,112
409,150,82,111
412,150,82,112
412,142,83,121
411,147,80,116
412,145,80,116
411,142,81,121
411,142,82,120
414,142,80,121
412,141,81,122
410,132,87,128
411,137,82,123
410,137,84,123
410,137,81,123
409,134,85,125
411,137,78,124
412,137,80,122
412,131,81,128
411,129,87,130
410,131,83,130
412,127,81,131
412,126,83,130
413,125,83,131
414,131,76,125
416,124,75,133
415,124,77,130
412,122,84,137
412,122,86,140
412,121,85,135
413,115,84,143
414,121,77,137
413,116,86,142
413,112,83,145
416,116,74,141
413,115,84,142
415,115,77,141
415,112,81,144
413,112,82,144
413,109,83,146
409,109,86,145
409,107,87,146
410,105,82,148
412,110,83,143
410,107,78,141
408,106,87,145
414,107,78,147
407,109,94,145
410,104,82,148
412,109,83,140
408,102,90,148
409,101,92,154
412,104,86,146
408,103,90,147
406,102,95,152
412,101,86,147
415,101,84,145
414,103,81,149
407,104,94,148
416,103,80,146
417,102,76,146
413,102,84,150
411,104,88,144
416,105,83,143
414,99,90,147
413,98,86,148
414,102,91,148
411,99,89,151
414,99,89,151
416,98,81,153
422,101,71,142
421,102,78,142
422,101,77,148
418,98,83,152
413,96,87,156
412,98,88,155
420,102,79,149
416,96,86,156
413,95,85,155
413,99,88,159
418,95,81,157
416,95,83,155
416,95,79,159
414,98,93,157
417,97,87,149
412,100,84,150
416,96,86,159
417,95,82,155
415,97,92,155
416,98,86,151
414,94,84,155
409,96,98,155
414,95,91,155
417,95,87,150
416,96,89,156
414,96,86,160
416,99,86,157
416,99,83,153
420,94,65,165
416,102,79,152
412,101,94,159
411,98,95,156
415,101,88,147
418,99,80,155
417,98,73,158
416,104,85,154
418,96,78,159
417,96,73,161
413,103,93,154
421,96,73,158
419,98,73,160
419,98,80,163
417,98,71,159
417,104,80,154
420,100,74,160
419,98,74,164
417,105,90,155
416,98,85,158
418,96,77,163
417,97,86,163
415,96,91,163
414,95,89,162
415,92,88,170
414,96,92,160
413,98,96,165
413,94,87,169
414,92,85,168
412,94,79,168
415,98,86,163
413,95,83,161
416,99,73,165
413,104,86,159
412,99,89,157
411,97,100,164
415,91,84,168
414,91,92,169
413,93,94,162
412,87,101,169
414,89,92,165
414,90,98,170
414,93,97,166
415,93,87,159
416,91,89,163
416,92,96,167
414,89,95,169
412,84,96,173
412,89,100,169
416,91,92,168
415,84,86,176
416,86,84,173
417,82,91,177
418,83,95,174
417,89,92,167
417,86,92,168
418,83,91,174
420,82,85,177
421,84,87,174
417,87,92,162
419,80,90,172
418,81,81,173
422,83,84,173
423,83,81,175
420,81,84,179
420,83,81,177
424,82,80,176
423,82,68,175
422,83,77,170
420,82,88,174
419,83,95,174
420,82,89,178
420,84,98,171
421,81,97,176
419,84,104,174
420,88,102,170
419,84,103,174
419,79,92,181
419,81,100,180
418,84,105,180
417,86,106,174
416,86,107,173
417,88,108,166
419,85,106,178
418,82,114,180
415,83,111,175
419,85,107,175
423,82,101,173
427,77,95,180
426,75,97,184
425,75,119,184
421,78,121,184
424,78,112,180
425,77,106,182
425,72,104,189
422,80,109,183
425,79,111,162
432,76,90,173
428,71,108,189
424,75,110,185
428,70,108,188
428,76,98,183
431,74,105,189
428,76,98,187
430,72,100,189
427,76,101,183
428,73,99,191
433,72,89,193
427,76,112,190
429,78,113,191
429,80,111,196
428,73,108,197
430,76,106,197
432,70,101,200
433,79,112,180
428,78,117,176
429,79,119,184
430,90,125,181
430,79,125,196
435,79,116,198
434,79,117,195
439,80,101,196
434,77,116,203
433,77,116,201
433,72,111,205
437,81,119,197
435,76,124,202
437,79,109,203
435,79,120,191
429,85,135,193
436,83,128,179
432,75,131,195
436,79,125,192
431,81,135,183
432,80,132,193
432,79,131,193
437,78,120,198
430,71,126,209
439,73,113,200
436,79,125,194
436,77,124,193
435,78,120,194
439,75,114,202
439,72,112,211
432,68,132,209
435,74,122,201
438,75,117,204
435,72,122,200
433,75,127,201
440,79,127,197
436,76,127,197
440,75,119,206
438,71,123,219
439,75,136,211
440,77,133,213
438,77,131,222
440,70,132,212
438,78,130,217
445,75,125,227
446,77,126,224
449,72,123,225
450,76,136,208
447,77,130,226
454,71,124,247
451,72,136,244
451,81,130,224
452,81,133,203
452,79,135,234
456,72,125,248
452,73,121,241
453,77,136,230
455,71,125,242
453,80,138,224
460,79,118,237
454,80,147,235
461,80,126,226
461,83,138,227
464,81,127,236
465,81,128,238
466,75,131,235
468,85,131,223
471,76,128,241
478,78,105,236
474,79,125,233
482,82,102,220
481,83,118,203
480,74,131,221
475,84,125,224
480,79,134,212
476,79,138,210
479,87,128,203
481,80,142,213
475,85,136,212
481,90,123,206
475,85,142,210
473,90,138,212
476,82,122,225
479,89,117,208
479,81,131,216
474,92,129,196
478,89,137,203
470,87,130,222
471,92,143,224
478,77,124,252
479,83,116,246
474,87,136,228
471,83,133,233
473,89,142,237
479,82,116,254
473,89,149,234
476,91,125,239
474,88,138,236
472,81,126,246
475,95,130,227
480,87,133,237
484,80,113,257
481,86,126,237
483,91,125,220
482,85,132,229
484,89,125,216
486,95,118,194
488,99,111,188
486,89,127,210
491,98,130,206
492,93,129,200
484,102,131,167
488,105,131,154
494,97,117,168
501,106,122,169
494,100,129,187
497,97,125,177
500,105,119,194
506,91,121,211
502,87,150,227
499,88,155,236
500,96,144,234
504,101,159,238
498,95,170,245
498,94,166,241
499,106,166,224
503,97,160,230
499,99,160,231
498,105,151,219
497,98,166,237
499,93,152,248
502,106,152,236
499,96,149,240
498,102,139,240
498,103,157,242
496,100,150,247
498,101,142,242
505,94,131,242
502,95,129,240
501,99,135,233
503,92,135,240
498,99,134,232
497,99,132,230
497,96,140,243
495,84,133,264
493,79,133,256
485,89,153,240
487,96,149,249
493,94,140,248
496,95,144,230
502,88,142,255
503,90,137,241
499,89,143,240
499,99,142,232
500,99,142,232
504,101,140,232
509,99,137,243
508,106,134,240
504,108,149,231
501,116,146,224
501,118,151,240
506,116,149,257
503,123,156,233
504,115,130,240
503,121,144,252
503,125,138,239
503,120,133,242
503,121,132,264
498,124,140,273
497,125,149,288
492,136,152,287
498,135,144,294
495,136,149,300
493,141,156,315
490,141,166,311
483,148,191,321
481,149,185,317
489,144,167,330
490,154,168,301
484,160,182,303
483,158,181,292
480,162,189,306
487,164,182,309
484,166,177,295
487,165,171,301
488,163,168,303
487,171,172,300
488,175,171,294
486,177,171,289
488,169,171,300
486,168,171,302
485,173,172,293
488,175,176,298
486,171,173,293
481,179,187,291
482,160,179,308
483,178,189,283
480,186,170,273
482,186,175,262
479,189,184,272
478,191,191,270
486,204,180,254
484,206,169,229
479,203,175,236
478,215,170,237
484,211,166,236
474,221,180,208
473,226,185,237
478,230,187,216
475,237,203,192
477,240,198,195
482,237,187,213
476,241,194,213
472,239,201,206
476,240,190,221
478,238,191,220
476,239,203,227
471,233,208,235
474,251,203,224
469,233,203,239
470,234,209,232
466,244,207,219
472,240,201,217
478,240,196,227
477,239,199,241
471,233,185,233
478,235,186,230
478,229,181,235
472,240,184,213
479,234,177,203
482,238,173,234
470,242,191,203
479,242,182,233
473,241,197,227
473,239,200,225
470,247,203,212
473,245,203,225
474,241,212,225
469,237,216,236
471,241,207,230
