216,79,125,222
213,80,140,234
207,83,155,229
204,78,157,220
205,80,154,226
200,86,161,216
200,85,159,207
203,82,158,218
205,80,150,212
202,80,155,223
203,80,149,213
199,71,144,224
204,65,139,228
210,64,129,242
211,63,128,235
211,71,129,228
210,78,125,208
213,76,127,220
212,80,127,201
209,70,130,200
201,70,142,206
211,69,129,201
207,73,131,206
210,72,128,208
207,68,130,206
210,72,133,199
207,77,134,195
207,74,140,200
200,76,140,196
205,67,129,203
200,67,130,201
202,75,127,188
200,71,128,192
202,67,124,190
207,75,118,183
202,66,118,196
206,60,115,197
204,70,116,185
205,64,109,196
201,59,111,198
199,63,115,189
199,65,113,180
194,70,113,168
202,71,106,169
199,70,107,164
198,73,109,166
196,63,108,175
196,67,111,168
195,60,108,175
195,64,107,167
196,56,103,181
190,53,107,177
190,49,107,186
192,50,104,181
190,58,106,171
192,52,103,179
191,54,106,174
190,54,104,170
194,54,104,170
193,59,105,165
197,54,103,168
200,51,98,170
194,52,103,170
201,52,97,166
201,51,97,169
202,69,102,148
204,66,98,147
204,67,97,144
199,72,107,139
201,64,102,147
201,68,106,140
201,73,105,131
211,67,94,139
208,64,101,143
207,72,102,133
205,72,104,132
210,66,100,137
215,57,94,147
215,56,98,148
213,64,101,140
218,60,95,141
223,57,89,142
223,57,91,141
221,61,97,137
226,54,90,142
226,54,93,142
225,61,92,133
226,56,94,135
226,66,95,125
230,55,90,134
232,53,90,138
232,52,88,138
232,54,92,135
235,47,86,141
239,49,85,136
238,43,92,142
235,51,96,133
240,44,88,138
242,51,90,130
247,45,82,133
244,41,85,133
247,39,83,140
241,52,92,118
246,40,87,131
245,37,90,136
245,37,87,129
245,42,87,130
247,40,88,128
245,45,89,125
249,37,87,129
247,44,88,124
246,39,91,126
255,43,81,120
251,37,82,130
249,41,85,122
255,36,82,130
252,37,84,126
250,38,89,121
256,33,84,125
251,35,91,129
252,34,88,125
250,33,91,129
254,37,84,124
255,41,84,119
255,44,83,112
256,41,83,117
255,45,81,109
254,38,81,117
256,40,81,114
255,42,81,115
255,25,80,128
253,30,79,129
255,30,79,126
255,30,76,125
253,34,77,119
250,36,80,118
250,45,84,103
251,45,84,105
251,43,81,104
250,38,78,110
251,42,84,104
252,39,75,107
249,41,77,104
249,37,79,108
250,37,75,109
247,33,75,111
247,35,71,110
250,38,68,107
249,35,70,108
250,38,69,105
252,37,68,105
253,37,67,103
258,35,61,107
258,32,59,108
253,36,65,105
249,35,69,105
250,37,70,103
253,35,65,104
256,35,63,103
251,36,68,102
254,33,65,106
250,33,68,104
251,36,67,98
254,40,65,92
253,38,66,94
252,34,68,99
255,34,66,97
249,39,71,93
258,37,66,94
253,41,71,91
257,34,68,97
257,32,68,99
258,37,66,91
258,36,65,95
257,37,67,93
257,38,68,89
256,36,69,90
257,36,67,92
255,34,68,94
256,36,67,89
258,34,66,92
256,33,67,92
255,33,67,92
255,36,68,89
255,33,66,91
256,34,63,89
253,35,65,85
254,35,65,85
255,33,64,90
253,32,68,92
253,34,66,89
253,33,66,90
255,33,66,89
254,32,65,88
255,31,65,90
253,32,65,86
254,31,62,88
255,32,63,84
254,29,65,89
254,32,65,86
253,30,64,89
253,29,64,89
252,27,64,89
251,28,65,90
250,33,63,81
249,32,62,81
251,30,62,83
249,33,63,81
249,32,60,80
249,28,61,86
248,28,62,86
247,27,62,88
247,32,62,79
245,30,64,80
244,28,62,83
245,31,61,77
245,32,57,70
246,33,58,72
245,32,55,75
241,30,58,72
239,32,61,74
240,33,56,68
242,32,56,71
241,30,55,73
240,34,53,67
241,32,55,66
237,32,55,64
238,32,57,64
238,34,57,60
237,32,57,64
237,31,57,67
236,31,60,72
238,33,56,71
241,28,53,75
240,28,56,78
240,31,56,74
239,28,55,73
237,30,56,69
240,31,51,68
238,29,53,70
238,31,50,68
239,29,54,72
244,28,45,75
244,27,46,71
245,28,46,71
247,23,43,75
248,26,42,73
248,23,46,76
247,26,56,74
247,32,61,69
245,40,67,62
245,30,67,71
243,39,73,61
245,38,69,61
247,28,71,72
250,28,66,72
253,30,64,70
253,24,63,76
254,25,62,75
259,25,57,75
262,24,54,73
260,23,56,76
263,20,51,80
260,27,57,72
260,32,58,67
262,37,57,61
258,41,59,57
259,40,56,58
260,34,56,65
261,39,53,62
260,42,56,56
260,43,56,56
262,41,53,58
261,43,56,57
261,43,54,55
261,40,54,59
260,34,57,66
260,31,57,68
266,27,50,73
265,24,51,74
265,26,41,73
266,26,48,72
265,28,46,69
266,22,45,76
268,24,47,73
264,27,52,70
267,20,43,77
266,15,42,82
269,15,42,80
270,14,42,82
269,18,47,78
268,19,53,78
268,18,51,78
268,22,53,74
269,22,52,74
270,21,47,76
271,20,49,76
269,20,54,76
269,19,55,78
271,21,48,76
271,21,53,74
272,20,52,77
272,22,55,74
272,21,54,75
271,21,52,75
272,21,55,73
274,23,52,72
276,21,51,73
275,23,52,71
274,22,54,73
276,22,53,72
277,21,51,72
276,23,52,71
279,23,50,71
278,23,50,73
278,22,51,73
278,22,49,74
280,21,48,74
279,22,50,73
281,21,48,74
282,20,48,75
283,21,47,75
283,24,49,71
283,20,48,73
282,19,51,75
286,18,45,76
285,20,46,74
286,21,46,72
286,22,49,72
288,20,48,75
290,20,44,73
289,19,45,75
289,22,46,72
291,23,46,72
291,21,47,72
292,21,46,73
292,20,49,73
294,20,49,74
296,19,46,73
298,19,47,76
298,18,45,75
299,17,47,76
299,18,48,75
300,16,47,77
301,16,45,77
302,18,41,75
303,19,43,75
304,18,44,74
303,19,44,76
304,20,46,73
305,20,42,71
305,21,44,74
305,20,46,73
304,22,44,70
305,21,46,72
305,21,45,73
306,21,46,74
305,21,45,73
306,21,45,72
307,20,44,75
307,22,44,72
307,21,44,75
308,21,42,74
309,24,42,70
310,23,41,72
310,22,40,72
309,23,41,73
309,22,41,75
311,24,40,71
310,23,39,74
310,23,38,74
309,21,39,78
310,21,37,75
309,19,39,77
310,18,37,79
309,12,39,85
308,14,42,84
309,15,39,84
308,16,39,84
307,15,42,84
307,17,39,82
307,13,42,86
307,17,38,83
309,13,36,87
305,14,40,86
305,14,40,85
303,23,44,76
304,21,46,77
303,25,46,74
301,23,48,75
301,22,47,78
300,15,54,84
298,14,53,86
298,12,50,88
297,17,55,83
297,17,56,83
296,21,58,78
294,24,58,74
293,19,59,80
291,23,60,74
292,19,57,80
290,17,57,81
288,14,58,86
288,15,56,85
287,14,58,87
285,16,58,84
284,16,55,85
283,15,58,85
280,15,57,85
282,14,55,87
280,14,56,87
281,15,57,84
278,15,57,87
277,17,59,82
276,16,58,84
274,16,58,84
274,18,57,81
277,17,52,82
275,14,53,85
273,16,55,82
273,20,54,77
273,26,52,73
273,24,51,75
272,19,52,80
274,19,49,81
274,17,46,82
274,16,45,84
274,14,44,86
273,14,41,85
272,14,42,85
271,14,43,87
269,15,44,86
269,14,42,86
268,16,43,84
266,14,42,87
266,13,41,89
265,15,44,85
266,16,41,87
264,14,44,88
265,13,44,88
265,15,43,85
259,14,49,86
262,14,46,83
266,16,45,82
271,14,36,86
271,12,36,89
270,14,37,86
270,14,39,86
271,16,43,82
270,13,37,87
270,13,34,86
269,13,36,88
269,18,36,82
268,15,39,84
268,16,35,85
267,14,37,84
267,21,37,79
267,20,37,79
269,16,35,83
269,17,37,82
269,22,45,77
266,18,43,79
266,20,44,79
270,18,41,78
269,19,43,76
267,21,48,76
267,20,52,77
267,19,50,77
266,22,55,75
267,21,55,76
268,21,50,76
271,18,42,77
271,21,46,76
272,22,42,74
271,23,41,73
270,23,45,71
270,23,52,73
270,23,55,74
269,23,56,73
270,23,56,74
271,20,56,76
270,23,57,72
273,22,53,75
274,21,51,74
273,22,54,72
273,21,55,74
275,22,53,73
274,19,53,76
277,20,51,75
277,22,49,72
279,22,49,75
279,23,49,73
279,25,49,70
277,22,51,75
277,24,49,71
281,22,47,73
279,23,50,73
281,23,50,73
282,23,49,73
283,21,47,75
283,21,48,73
284,21,47,74
283,20,49,75
284,21,48,75
286,21,47,75
287,21,47,75
287,19,48,77
288,23,45,75
288,24,46,74
289,23,45,75
288,21,46,79
288,23,49,77
288,23,49,77
286,23,55,78
288,17,51,85
288,18,50,82
288,18,49,82
286,21,51,80
287,21,50,80
287,20,48,82
284,19,51,84
284,24,51,79
286,20,47,83
284,19,49,85
283,17,51,87
281,16,51,87
280,20,52,86
280,16,52,88
279,15,53,91
277,23,53,83
280,23,48,82
279,23,50,82
277,24,50,82
277,22,51,86
273,25,55,82
272,22,56,85
270,22,56,87
270,16,56,91
272,27,50,82
270,26,52,84
267,25,54,84
266,28,57,81
264,30,57,80
264,29,56,82
262,28,57,84
262,31,55,82
261,26,57,86
262,29,54,83
261,30,55,82
260,29,53,83
258,31,58,82
259,30,55,82
258,31,55,80
258,31,56,81
257,28,56,85
258,29,54,85
258,27,55,87
256,25,57,91
256,30,55,85
258,31,54,86
257,33,55,85
257,31,56,87
257,32,56,87
255,31,59,89
256,33,58,87
257,32,59,88
257,32,57,89
259,31,58,91
254,32,59,91
259,32,58,91
258,31,57,91
257,31,62,92
259,30,61,93
260,33,60,91
260,33,61,91
261,32,61,94
261,32,59,95
263,28,57,97
263,29,60,99
263,31,59,96
264,33,58,94
263,35,61,92
264,34,60,94
264,33,59,94
266,34,60,94
266,36,60,93
266,32,60,98
267,35,60,94
267,37,60,94
266,36,61,94
267,34,60,99
267,36,59,95
269,35,59,100
269,30,58,104
269,32,61,104
268,37,62,98
269,36,59,101
268,34,62,103
269,36,60,99
270,39,60,100
269,35,61,104
269,38,61,102
269,37,61,100
269,38,63,102
270,41,62,98
269,40,64,101
268,41,66,98
268,39,65,104
271,37,62,104
268,39,64,102
272,41,63,102
269,35,66,107
269,38,66,107
270,40,66,104
270,41,66,103
267,39,70,107
269,44,68,102
269,45,67,102
270,42,68,105
268,40,71,107
270,41,69,107
270,42,67,107
270,42,70,107
272,42,67,109
270,43,69,110
269,46,71,104
270,46,71,106
271,44,70,109
270,43,70,110
270,44,71,109
270,45,71,108
268,44,75,111
270,43,69,112
269,45,73,112
270,48,73,109
269,44,74,114
270,46,72,113
269,47,73,113
269,47,74,113
270,48,73,112
268,49,74,111
267,49,77,112
266,47,79,113
266,48,75,114
267,46,74,117
266,45,75,119
265,41,76,123
267,37,73,130
265,52,75,116
265,46,78,121
265,43,74,127
265,45,76,125
264,44,75,125
262,35,80,135
263,52,76,120
263,53,79,118
263,50,80,122
262,50,79,124
262,48,78,126
262,46,78,129
262,48,77,129
261,44,79,136
261,44,80,135
262,58,79,122
261,58,81,120
260,56,80,126
262,57,76,122
261,56,78,129
259,55,86,129
257,56,85,129
260,55,81,132
256,58,84,129
258,58,84,131
258,57,85,133
257,52,85,139
259,51,82,141
258,53,82,141
258,55,84,140
256,57,86,139
254,59,91,136
256,56,89,140
255,55,88,142
254,60,90,139
253,61,92,139
253,55,92,145
253,56,93,147
251,56,96,146
252,64,91,138
252,59,92,146
250,58,92,147
250,66,91,140
246,66,95,140
247,62,96,148
249,60,93,150
247,71,92,141
246,61,93,153
248,63,88,151
246,52,92,163
245,52,93,168
242,54,98,164
244,53,95,164
244,53,92,166
242,53,93,170
243,58,94,168
243,55,92,174
244,53,93,172
242,49,98,178
242,51,100,177
243,52,96,177
244,63,95,166
244,58,97,172
245,56,95,179
245,58,99,173
245,62,99,172
244,66,98,172
242,66,100,172
244,63,99,178
241,57,101,186
243,63,105,180
239,60,108,182
241,66,107,180
241,63,108,184
244,62,105,186
239,75,110,173
237,74,111,175
238,72,108,180
240,73,109,180
238,65,113,188
234,58,116,197
239,57,112,203
237,64,114,196
236,67,114,195
234,69,116,194
236,72,114,191
236,61,111,204
235,63,111,205
232,70,121,196
233,71,120,198
235,75,112,193
232,69,114,206
230,61,116,214
233,68,112,210
232,73,117,205
226,80,124,199
231,69,116,206
224,84,127,197
225,70,122,215
227,62,118,228
225,69,122,225
231,69,114,219
223,62,120,232
226,65,117,230
226,70,118,225
222,70,119,230
223,70,117,228
217,66,122,239
219,61,118,244
210,66,129,249
211,66,127,247
210,65,124,246
208,68,122,251
202,78,131,237
205,83,127,234
197,89,137,231
195,101,137,223
202,99,127,216
197,82,126,241
192,78,133,253
183,101,148,238
187,83,140,246
182,98,143,234
182,113,142,204
177,124,152,162
180,104,139,183
183,80,121,215
172,102,141,239
167,97,152,247
166,82,156,231
165,124,153,197
159,129,154,175
156,127,161,180
153,133,160,175
148,139,163,175
140,142,173,167
138,142,169,170
137,142,168,171
133,141,172,176
133,146,168,169
127,152,173,161
123,160,178,148
121,160,179,156
119,164,179,152
116,167,178,160
111,169,182,155
109,168,184,161
102,170,188,159
103,164,187,184
99,170,186,179
99,163,181,188
102,155,180,199
97,142,180,209
107,107,168,240
100,106,169,251
105,111,168,247
103,113,169,245
99,116,173,244
100,112,172,246
102,120,171,237
104,123,170,236
108,117,165,245
103,128,171,224
101,126,173,232
95,122,183,238
102,124,172,233
114,116,164,233
114,123,158,237
117,120,166,235
123,123,157,240
130,120,161,226
138,96,137,217
136,129,159,229
147,127,156,231
157,128,147,236
159,129,153,231
158,132,159,230
160,131,164,233
164,130,166,234
163,138,173,224
187,144,154,216
190,144,155,216
176,148,174,216
199,146,151,192
210,145,133,196
209,126,122,162
218,150,119,141
221,156,106,114
222,157,114,108
227,156,110,110
228,157,112,105
230,160,115,108
235,157,112,113
235,156,112,110
235,159,110,112
238,157,114,114
240,159,111,110
241,159,108,113
241,161,110,112
239,162,109,114
233,162,115,116
228,165,116,118
224,165,119,116
221,166,123,117
217,167,124,119
215,168,126,122
211,167,131,122
210,170,127,102
214,169,123,91
221,166,115,93
224,163,118,95
231,159,112,93
233,159,112,93
239,159,107,93
244,157,106,96
246,157,107,97
251,156,102,97
252,156,100,95
255,156,101,99
256,156,102,98
259,155,103,98
260,157,103,96
262,156,102,100
265,155,104,101
265,155,103,102
265,156,104,97
267,155,105,102
266,156,99,101
269,155,99,99
268,154,102,100
266,155,104,99
267,154,105,100
268,155,103,100
267,155,107,99
271,155,101,100
271,155,101,99
271,155,101,100
271,154,105,101
269,157,104,100
267,159,105,99
266,165,108,95
258,165,116,90
252,167,128,108
249,167,128,113
247,172,129,112
246,171,131,117
244,173,139,119
247,177,138,115
248,175,141,120
245,175,141,107
245,174,143,114
244,171,139,113
247,167,135,115
246,166,129,111
246,167,128,113
248,164,121,111
246,166,122,110
246,164,122,110
246,162,120,108
247,160,120,105
249,160,117,103
250,158,116,103
254,158,110,97
259,155,107,97
264,153,99,96
266,153,100,95
268,152,96,96
268,152,98,95
268,152,99,95
269,152,99,95
271,153,97,93
272,152,95,93
272,151,99,95
275,152,94,94
274,151,97,94
276,152,95,97
273,153,96,95
274,151,99,96
273,151,98,95
274,153,97,92
277,151,96,97
279,151,91,95
279,151,94,97
278,152,96,96
278,151,92,96
280,151,93,94
276,153,94,92
277,151,96,95
278,151,96,97
278,151,94,95
278,151,93,98
277,151,92,95
274,151,95,96
273,151,98,97
273,151,96,93
272,154,96,97
266,155,99,95
259,157,101,92
246,161,108,93
220,173,125,98
201,187,132,100
173,195,150,101
152,204,153,99
136,212,150,95
115,220,150,96
99,226,141,91
75,234,145,94
56,241,145,91
35,251,134,92
11,264,130,94
1,273,115,80
1,273,115,80
1,273,115,80
1,273,115,80
1,273,115,80
1,273,115,80
1,273,115,80
1,273,115,80
1,273,115,80
1,273,115,80
1,273,115,80
1,273,115,80
1,273,115,80
1,273,115,80
1,273,115,80
-17,127,101,109
4,114,108,111
4,114,108,111
4,114,108,111
4,114,108,111
4,114,108,111
4,114,108,111
4,114,108,111
66,197,95,97
66,197,95,97
66,197,95,97
255,-2,104,105
257,6,84,98
262,5,67,83
284,6,43,75
287,6,33,74
285,6,30,76
285,3,35,80
284,6,31,79
283,1,34,84
280,2,33,85
274,2,42,82
278,3,40,81
277,1,39,86
277,3,37,83
278,2,34,82
278,3,33,83
279,0,33,86
278,3,32,88
279,1,32,91
278,0,32,93
276,1,34,91
276,5,34,90
274,2,37,94
273,0,38,99
271,1,39,98
269,1,42,101
270,0,41,104
270,0,41,102
271,2,40,99
270,7,40,93
268,16,42,87
268,17,43,90
269,17,43,88
270,15,43,95
270,15,42,100
271,15,41,99
270,15,43,98
270,10,45,103
271,16,45,101
271,14,44,110
267,18,55,110
266,17,53,107
266,9,55,115
264,13,50,110
262,2,60,123
259,2,57,129
262,2,52,129
261,0,60,132
262,3,56,129
264,4,50,131
262,3,63,134
263,15,53,124
260,9,51,127
257,3,55,138
258,9,57,137
259,2,58,149
257,8,57,145
261,2,51,156
263,3,49,155
263,7,55,158
259,1,67,169
254,1,70,164
250,2,71,158
248,3,60,159
244,0,73,164
244,1,66,168
239,34,68,158
234,16,74,171
233,1,82,187
231,17,74,187
231,1,86,199
223,0,90,209
232,12,72,194
224,43,81,162
227,56,73,156
222,13,96,166
210,46,72,177
214,39,66,191
222,27,50,210
215,9,54,231
212,2,51,242
