296,171,34,60
298,168,29,63
298,167,29,65
297,169,31,62
298,167,30,65
298,168,30,64
297,167,31,65
297,168,30,65
297,169,30,62
298,170,30,61
297,168,30,62
297,169,31,63
297,167,31,65
298,169,30,63
298,167,30,64
296,168,32,64
298,169,30,62
298,168,29,64
297,169,31,62
298,168,29,64
297,169,30,63
297,168,31,63
298,169,29,63
296,167,31,64
296,169,31,63
297,168,31,62
298,169,30,63
296,167,31,65
295,168,33,64
297,168,31,63
297,166,30,65
297,167,31,65
297,168,30,63
297,167,31,65
296,170,33,61
296,169,32,61
296,168,31,62
298,169,29,62
296,170,31,61
297,171,31,60
296,171,30,60
296,171,29,60
296,169,28,61
297,169,29,61
296,166,31,65
297,168,30,64
296,169,30,62
297,169,30,62
297,170,28,62
296,168,32,64
297,170,30,61
296,171,32,61
297,170,36,63
296,171,42,60
297,171,38,60
296,171,33,59
296,171,33,61
296,171,33,62
296,170,31,62
296,175,31,57
296,173,31,57
297,172,41,56
297,171,43,58
298,166,38,67
285,163,43,65
309,171,38,59
304,172,30,58
298,170,31,61
295,168,33,62
295,168,33,62
297,171,32,61
298,169,31,60
298,170,31,61
297,170,33,57
296,172,33,61
298,169,32,60
296,169,33,61
298,169,33,60
296,171,33,56
298,170,31,60
297,171,33,57
297,170,32,59
297,170,31,60
297,170,31,61
298,170,32,58
297,170,32,61
296,170,31,61
298,170,31,58
297,169,32,62
296,168,33,65
298,166,32,64
297,165,32,66
299,163,40,69
296,165,45,69
297,168,56,67
295,170,56,64
294,171,54,62
294,170,52,66
294,169,52,65
296,169,51,63
298,167,51,63
301,164,51,59
305,161,52,58
313,158,55,58
323,152,54,63
332,149,53,70
338,143,52,74
344,137,50,68
344,137,50,68
344,137,50,68
344,137,50,68
344,137,50,68
344,137,50,68
344,137,50,68
399,102,47,67
404,100,46,66
404,99,47,66
404,96,49,69
405,95,46,68
402,94,49,72
395,93,50,73
389,94,51,72
379,96,55,73
379,96,55,73
379,96,55,73
356,109,48,68
356,109,48,68
335,134,51,73
324,130,55,89
309,134,65,83
301,132,58,82
298,142,68,80
289,145,60,73
286,152,57,79
284,151,58,70
282,156,58,65
279,158,59,65
279,161,59,63
278,162,59,62
277,165,58,61
276,166,58,59
274,169,71,55
267,169,64,60
272,169,58,54
270,171,63,55
268,170,60,59
265,172,60,58
265,171,54,59
262,170,55,58
260,170,57,59
257,168,67,62
262,168,77,57
254,164,84,63
254,152,80,77
282,137,90,79
271,133,89,87
274,130,97,90
252,133,113,97
245,132,95,102
246,145,101,93
210,142,101,96
215,141,81,98
237,138,95,100
209,136,84,102
231,132,89,108
229,140,108,98
236,139,105,101
241,141,99,99
246,154,102,85
237,134,111,101
231,134,123,106
234,132,114,110
244,132,95,111
252,130,88,111
263,129,81,111
273,129,72,113
289,129,87,119
291,130,80,116
292,132,88,117
291,135,90,111
301,139,80,107
314,135,66,108
322,139,61,100
325,139,56,103
328,139,55,100
327,139,55,97
330,136,55,95
328,137,55,96
327,136,51,94
328,134,55,94
326,138,54,90
324,135,49,90
323,137,54,90
321,137,64,87
320,135,56,87
319,138,68,83
308,136,67,90
316,139,68,86
319,140,49,81
318,140,52,82
315,137,46,86
313,138,48,86
312,137,49,88
313,137,60,89
314,141,61,84
315,141,60,85
319,136,54,92
320,138,54,89
321,139,53,89
320,137,51,92
318,138,53,91
319,136,52,92
320,138,49,91
321,136,49,93
319,139,50,89
320,135,51,91
319,138,49,88
318,137,51,87
294,154,66,92
286,147,80,104
284,138,84,115
286,129,86,124
285,128,87,124
285,125,88,130
284,117,83,137
286,106,71,148
285,101,70,153
284,96,79,159
282,123,81,139
282,93,65,155
279,98,74,155
278,81,72,171
275,82,92,147
274,104,96,149
261,79,103,163
251,81,116,162
240,84,123,152
237,89,135,156
232,97,138,136
220,99,149,139
261,105,115,145
274,116,101,141
278,112,98,142
277,111,100,144
279,107,102,149
276,114,104,144
276,112,109,145
282,110,107,149
276,111,111,148
278,108,114,146
271,126,113,131
268,136,106,115
271,129,106,121
270,120,108,134
278,119,104,136
276,119,104,139
270,116,111,142
257,117,120,142
249,98,125,155
238,116,143,148
234,103,144,165
239,108,146,162
236,99,150,174
236,102,148,170
240,100,145,179
241,93,148,194
240,91,149,203
237,100,155,194
237,94,158,203
231,99,155,200
231,86,157,187
225,78,162,199
230,84,159,195
218,92,170,172
212,97,179,162
208,98,180,173
206,100,183,187
199,103,194,193
197,103,194,197
206,101,184,194
209,101,179,186
213,103,178,163
197,106,198,185
202,101,193,207
216,104,170,192
221,98,169,201
232,95,151,217
255,105,129,205
189,155,124,187
274,126,112,191
295,181,104,147
315,205,88,128
333,214,78,124
342,239,75,113
349,259,76,96
356,264,74,90
362,266,74,89
365,270,82,83
362,266,87,90
364,273,91,82
366,272,90,81
366,274,96,80
368,278,91,78
371,276,94,81
373,274,93,83
370,276,96,81
378,274,87,79
381,273,88,84
361,264,85,93
381,246,73,106
385,230,62,126
383,222,63,132
384,221,63,136
383,220,64,136
383,220,66,140
381,219,66,137
385,225,65,136
387,223,62,135
383,222,65,136
385,223,63,134
383,221,65,138
386,219,61,139
386,228,61,128
384,222,63,134
384,223,61,135
386,219,62,140
386,225,59,132
385,221,62,132
384,224,65,130
383,229,69,122
384,226,71,130
386,226,69,128
385,231,68,125
384,224,71,129
385,231,59,124
414,214,66,119
385,236,58,117
382,254,59,101
379,246,64,109
374,274,69,81
382,277,60,78
381,277,60,78
385,280,56,78
391,288,48,67
386,290,49,64
381,291,47,65
365,278,52,74
349,275,54,79
334,279,52,73
317,281,52,71
292,283,52,71
257,279,64,75
234,271,73,83
207,272,79,82
190,270,65,82
166,272,71,79
136,271,77,80
118,267,79,88
110,266,73,84
100,267,82,85
93,264,97,88
90,262,96,77
94,262,96,80
92,261,105,76
94,261,104,81
97,259,97,78
103,260,91,87
107,259,86,78
117,260,74,91
130,259,75,88
123,259,89,79
134,258,88,82
143,256,80,76
152,256,74,72
158,254,66,77
164,255,64,79
161,258,65,77
164,256,68,72
169,255,69,78
171,255,75,74
176,252,72,76
185,250,68,78
183,247,70,82
191,244,68,81
196,242,71,80
205,239,70,85
290,241,75,80
295,237,73,85
291,230,65,95
292,223,60,97
293,221,68,101
293,225,63,97
293,215,61,110
294,221,67,103
296,212,55,115
301,206,69,118
318,204,74,119
301,214,92,107
344,217,66,97
348,217,73,100
362,222,70,99
373,221,68,96
379,223,73,87
380,225,86,86
383,226,89,80
377,229,102,66
380,232,104,70
386,233,104,69
386,235,110,66
384,234,114,64
383,232,116,65
380,232,120,66
381,233,119,65
377,233,123,63
386,233,116,65
382,234,119,62
385,234,118,65
385,235,117,64
386,234,114,63
385,233,116,64
385,234,116,66
386,235,113,64
389,235,109,63
389,236,111,62
386,235,113,62
382,235,118,61
383,236,113,60
385,235,110,60
383,234,107,60
381,234,108,61
374,234,112,63
375,233,106,66
375,232,104,78
381,230,91,80
367,229,99,71
361,227,99,68
360,223,92,82
355,182,91,101
354,215,86,83
349,218,84,81
351,190,76,84
341,217,73,78
341,196,74,81
335,215,68,78
330,214,69,79
327,212,66,83
327,211,60,77
327,210,54,65
324,208,56,57
324,206,54,50
323,203,51,49
321,199,53,48
321,196,54,48
322,191,52,46
324,187,53,46
325,184,49,45
327,180,46,45
330,178,45,45
333,176,41,43
335,175,41,44
338,175,39,44
341,176,38,42
342,175,45,41
346,175,42,42
348,175,42,43
355,175,38,42
358,178,38,37
359,178,41,40
361,176,41,42
363,175,41,42
366,177,41,40
365,173,41,44
364,171,39,45
366,174,37,41
367,173,34,40
363,171,36,41
361,169,37,44
361,169,35,39
358,167,38,44
358,174,36,44
358,173,38,39
359,170,39,43
360,167,40,37
360,164,42,37
363,156,41,41
365,153,41,42
367,150,41,43
363,146,48,46
350,139,55,43
354,140,58,50
344,132,67,57
339,130,70,60
338,130,70,61
335,126,68,67
342,121,59,74
333,122,66,76
326,118,71,82
335,119,59,89
320,116,70,95
334,123,55,89
318,116,65,98
328,115,59,100
333,113,54,101
334,113,51,104
318,114,60,106
288,117,75,108
286,121,89,105
282,100,99,121
285,98,92,126
286,96,90,130
283,96,90,128
283,106,92,120
285,101,89,125
284,100,91,126
284,97,91,125
286,97,91,128
285,96,94,131
284,100,93,128
284,102,91,130
284,100,98,129
282,100,96,131
282,104,98,121
278,98,102,123
275,96,101,128
284,106,98,118
278,100,99,127
273,96,106,135
260,97,111,134
265,98,113,131
261,101,111,128
266,100,109,128
259,95,116,134
267,101,106,124
266,105,104,120
264,101,107,124
250,97,125,135
257,97,115,134
257,95,117,135
253,91,120,141
251,91,122,142
252,91,123,139
253,93,118,143
239,93,138,140
232,92,143,143
209,94,169,132
245,105,130,122
234,99,145,127
223,102,161,122
212,98,178,128
201,91,200,129
193,93,215,134
186,89,227,144
190,89,231,165
185,96,236,145
198,98,212,145
200,105,215,147
198,103,224,139
201,100,217,147
210,94,195,136
212,99,184,133
208,100,214,139
212,97,201,134
213,102,215,128
214,100,197,131
214,99,196,134
210,99,204,130
203,98,220,130
196,99,237,147
197,99,205,138
198,99,199,139
203,96,180,134
210,97,173,131
209,97,180,132
205,99,180,131
202,97,177,131
210,94,170,134
208,94,169,136
218,90,159,138
216,89,159,139
223,91,151,137
226,90,150,135
230,91,146,137
231,90,147,138
229,87,150,138
233,92,141,137
236,91,141,137
235,89,141,140
235,89,144,134
237,88,142,135
238,88,137,138
229,90,147,134
227,88,153,140
219,89,159,139
214,89,163,140
206,92,178,138
202,87,185,141
203,88,179,140
209,88,175,141
218,89,165,138
230,89,144,137
229,90,159,135
224,91,148,134
221,90,160,146
222,92,149,137
229,93,136,131
228,93,140,130
226,94,151,128
227,96,148,128
224,96,146,128
222,99,147,129
218,93,180,134
199,73,206,156
198,70,199,159
198,71,192,159
213,87,176,143
213,94,166,132
214,99,159,130
215,103,158,128
224,104,154,127
221,104,151,125
226,115,145,113
228,113,141,116
227,109,144,119
223,100,143,130
226,106,148,122
227,107,141,122
229,109,138,123
231,114,136,121
223,106,145,130
225,102,146,135
229,108,142,131
225,100,142,139
226,95,139,147
232,99,134,142
228,99,140,140
229,96,142,144
229,98,145,144
226,95,144,148
227,97,151,144
227,97,145,144
224,97,152,144
223,95,152,149
224,97,156,145
221,99,154,144
222,100,158,144
223,98,155,146
227,98,156,143
227,97,155,143
227,98,155,144
227,97,154,143
224,95,155,147
226,98,149,144
227,95,148,147
230,99,145,145
234,104,145,139
238,119,146,127
233,120,144,127
243,130,137,115
239,130,144,115
242,127,128,117
245,130,133,115
248,132,127,109
244,130,131,112
240,129,137,114
246,133,131,111
243,131,129,112
243,128,134,116
240,122,137,120
248,134,117,113
250,132,124,109
248,130,126,111
249,134,128,109
247,133,121,110
248,129,129,112
243,128,132,113
247,129,129,114
244,130,128,112
245,129,130,115
243,128,132,111
252,136,125,105
257,133,115,103
254,136,121,100
249,133,126,104
251,136,123,103
255,134,116,103
259,133,116,103
254,132,120,109
257,133,116,109
254,136,126,105
255,135,122,106
256,143,96,96
272,143,111,95
262,135,128,107
254,146,144,102
246,150,143,95
255,159,122,80
254,154,113,86
256,152,114,87
254,149,110,92
251,157,122,83
252,154,116,87
252,155,118,85
258,155,107,86
256,153,106,87
254,153,111,88
252,158,118,83
252,153,118,85
251,157,122,83
255,151,117,89
254,152,121,88
255,145,121,95
254,141,124,102
253,143,123,101
254,152,125,92
276,156,104,82
285,161,93,74
291,158,82,78
287,156,87,79
289,156,87,80
289,156,87,80
290,157,87,77
289,155,88,79
290,154,87,80
289,148,92,86
291,154,89,78
288,152,93,79
288,146,100,85
290,152,98,80
287,147,109,80
289,150,109,82
290,144,112,88
288,148,118,101
283,137,126,115
285,145,123,106
284,138,139,123
284,146,142,114
290,141,130,101
290,142,129,87
288,142,128,87
289,144,129,82
291,137,120,89
288,128,122,97
290,125,116,98
288,124,117,98
288,124,115,98
289,126,111,97
284,127,114,104
279,111,116,119
254,102,132,139
238,102,156,141
239,105,145,135
238,102,148,136
231,99,149,144
234,99,139,147
245,102,126,141
233,98,144,154
231,96,143,151
227,96,142,155
222,97,148,141
219,96,153,148
219,95,156,150
223,92,149,146
224,96,152,136
214,97,160,131
206,96,175,129
197,94,195,138
196,93,199,141
192,94,224,136
186,99,246,140
181,92,266,160
173,90,262,151
172,89,284,175
171,86,280,180
169,90,289,153
162,90,305,168
158,92,309,153
164,93,298,156
169,94,291,158
168,97,278,143
165,99,293,152
168,98,282,148
169,96,262,150
174,99,264,152
177,96,238,136
175,98,246,137
178,98,230,140
174,96,224,141
186,97,209,132
180,95,214,132
182,95,212,132
180,97,210,132
188,102,201,133
189,97,195,136
186,97,199,133
185,98,198,134
194,95,190,137
189,94,198,143
198,94,178,139
218,91,160,136
228,89,145,137
238,91,138,134
231,91,144,131
233,92,140,135
224,93,151,133
222,89,154,134
220,90,154,137
203,94,170,122
221,89,151,134
238,90,130,139
239,90,129,139
237,87,138,142
235,89,137,141
241,87,132,143
242,92,132,137
242,91,134,139
242,90,133,143
239,90,136,141
239,87,133,141
242,92,134,137
244,98,135,134
215,86,157,148
232,89,138,136
235,94,142,131
240,87,136,141
241,87,132,143
241,95,135,136
238,84,136,146
240,85,136,144
238,87,132,142
241,91,133,136
244,88,128,141
242,96,135,133
235,89,140,139
236,93,139,135
238,91,140,140
239,92,136,139
236,89,135,138
239,91,135,135
239,95,136,135
239,93,133,137
238,87,139,144
235,91,137,139
236,92,135,137
237,94,138,136
238,88,135,140
236,94,138,137
238,90,136,139
236,97,139,132
238,91,136,136
240,97,138,134
240,88,131,141
239,96,138,134
236,85,138,144
238,93,138,135
241,90,132,137
241,92,136,141
239,84,134,144
239,92,134,138
243,89,130,139
243,82,130,147
242,93,137,141
235,89,145,139
236,91,137,138
235,88,141,140
240,99,134,134
239,92,135,140
238,88,137,139
238,91,142,141
240,90,137,140
240,90,136,139
241,96,137,139
240,87,137,143
243,94,135,138
247,94,139,134
242,96,137,140
242,95,139,133
243,99,138,135
239,96,139,135
242,99,145,132
239,97,146,133
241,98,146,134
239,100,152,135
240,101,150,133
246,98,146,140
244,97,150,136
244,96,155,140
245,100,154,134
249,98,153,136
245,102,154,134
242,98,162,145
251,96,151,138
249,98,162,148
249,99,164,146
244,101,171,151
245,106,174,145
246,109,177,134
248,101,176,155
247,101,181,151
244,99,183,153
247,98,184,158
251,99,178,160
248,97,182,160
247,97,187,162
249,95,187,163
252,94,182,164
245,96,186,166
248,96,185,163
246,93,187,162
249,90,191,168
249,91,183,167
247,91,188,170
242,96,192,166
243,97,193,168
247,112,191,157
241,114,199,154
249,133,192,136
237,91,191,161
245,91,186,169
239,107,193,158
242,130,180,143
237,83,181,146
230,89,190,171
241,117,179,160
241,127,176,156
236,86,177,197
236,92,177,185
238,111,168,168
238,129,162,151
224,86,178,158
231,99,178,179
224,107,179,171
231,122,165,154
220,79,172,187
222,106,167,166
224,85,163,167
228,98,160,170
224,86,160,180
225,105,159,153
238,121,137,134
232,121,140,127
220,118,151,127
223,111,148,137
231,97,141,125
237,98,134,125
225,91,143,135
223,92,140,143
222,112,137,126
211,96,151,134
211,90,149,151
214,86,141,148
209,83,147,149
202,85,156,148
201,83,153,146
187,100,157,138
198,83,151,152
181,80,171,152
186,76,165,158
201,78,150,157
199,77,148,155
213,79,132,151
223,80,126,148
221,78,128,152
218,81,131,150
224,77,125,152
224,79,127,148
227,76,122,153
223,78,128,149
226,79,128,148
221,81,134,148
218,82,139,144
221,83,138,143
226,83,132,148
226,87,138,142
232,86,131,143
233,87,133,140
232,88,134,141
242,89,127,140
247,84,127,139
242,90,137,143
241,91,139,140
241,95,144,138
249,96,144,127
244,97,151,128
238,95,160,130
216,94,185,120
214,94,200,122
216,91,202,130
224,96,198,126
218,99,209,127
228,96,204,132
225,97,212,133
222,100,215,135
232,98,210,137
234,103,209,138
231,95,212,150
238,103,210,143
237,102,207,153
244,101,198,154
243,101,198,154
240,107,202,146
244,116,195,141
242,128,197,129
241,126,194,124
238,119,192,136
248,126,181,130
227,94,191,146
228,131,204,129
227,100,194,161
228,100,189,165
228,95,184,167
226,91,179,167
227,93,185,162
225,89,186,172
223,91,187,173
226,91,187,179
221,92,195,179
222,92,199,177
224,97,195,178
217,94,207,180
220,95,204,185
221,95,202,179
221,92,206,191
210,91,208,194
211,90,215,204
212,96,210,199
208,100,224,194
206,102,216,189
207,98,224,199
207,98,217,199
211,97,219,204
206,96,221,209
204,100,223,204
204,97,227,211
201,98,228,208
197,108,240,203
196,96,230,213
200,94,230,225
190,104,237,218
194,107,240,221
201,104,228,222
200,107,234,226
184,100,234,231
197,108,233,228
210,93,208,248
205,102,215,230
206,103,217,232
187,115,235,217
200,102,225,229
202,101,222,231
206,101,212,228
203,105,217,224
199,95,219,228
210,105,210,228
207,94,209,227
222,100,192,225
231,94,181,226
247,100,160,219
239,95,173,215
239,98,178,224
252,96,153,214
260,90,149,218
247,93,165,210
238,92,176,217
202,99,214,208
204,101,215,207
207,100,200,212
201,100,211,210
199,106,220,208
196,102,221,210
199,102,215,216
200,102,218,221
198,97,219,226
206,101,212,234
204,94,201,241
207,91,200,248
209,95,200,246
216,135,185,208
232,126,163,210
225,146,165,181
235,153,126,178
243,152,115,184
253,153,103,177
262,152,95,181
263,152,104,183
267,151,104,177
270,157,125,170
289,152,116,178
308,152,99,177
315,151,89,176
234,130,95,172
225,135,111,167
227,101,126,168
218,95,151,180
218,91,169,203
214,91,189,217
212,89,201,211
213,87,204,224
217,90,199,209
220,86,199,220
218,89,221,211
213,85,237,220
216,98,258,204
215,90,245,203
211,92,291,211
210,93,263,202
207,97,285,202
208,94,294,203
201,87,271,215
196,100,307,205
194,91,286,208
187,99,298,207
189,100,306,192
175,97,327,202
177,118,323,174
184,117,310,177
200,96,287,193
205,92,254,190
211,88,225,199
216,97,212,150
216,94,221,164
221,88,223,180
220,88,213,186
222,90,217,173
228,91,220,180
220,92,219,183
226,92,208,157
235,92,203,155
239,93,192,150
244,95,187,153
235,96,199,136
224,97,209,134
207,100,229,128
212,104,220,123
211,99,232,130
213,100,224,129
218,99,219,130
218,100,215,132
225,97,211,131
225,96,212,134
227,95,208,134
230,94,195,135
223,95,210,134
226,93,203,134
222,96,210,131
213,89,253,130
209,81,263,180
218,97,237,176
212,89,237,162
205,86,252,177
204,93,249,173
200,77,255,173
206,83,248,176
204,82,250,172
199,83,242,166
187,85,248,164
186,91,252,160
183,92,255,161
180,96,249,146
176,102,258,150
179,96,250,154
178,105,253,146
178,101,244,135
183,116,253,137
186,125,246,119
179,122,248,109
172,113,261,144
179,99,241,144
172,98,242,152
175,110,261,152
175,98,249,145
172,102,265,161
178,101,245,145
171,95,260,163
174,99,259,165
171,100,266,166
174,91,259,168
177,107,261,165
177,97,245,148
172,93,255,168
177,93,257,174
176,101,262,169
176,86,261,176
175,88,228,176
176,96,260,174
176,77,246,184
178,99,257,174
177,86,261,178
175,89,237,156
178,105,256,154
179,92,257,159
172,91,265,177
175,84,263,178
178,95,258,182
176,89,254,173
176,85,256,188
183,91,240,163
183,97,252,169
184,86,254,186
174,88,255,192
183,78,242,193
183,98,255,178
179,92,252,171
176,105,259,166
175,95,260,161
175,86,259,188
185,85,216,149
181,91,205,149
175,84,227,145
173,87,243,183
178,92,255,180
175,81,259,179
177,98,258,171
177,88,256,166
174,101,265,171
175,88,257,174
177,100,260,169
178,89,256,173
176,90,258,186
178,89,259,174
177,85,252,190
187,89,240,169
181,97,251,171
179,86,251,171
185,93,234,180
183,89,248,173
180,89,259,185
182,86,239,169
174,89,257,180
174,87,257,190
184,91,247,178
179,88,255,186
181,88,254,178
186,90,217,170
195,91,218,162
186,86,227,179
177,84,253,189
178,77,240,180
177,87,251,184
182,83,225,197
189,83,227,171
187,87,226,179
191,85,237,187
181,79,238,198
185,90,252,188
180,81,232,180
181,85,245,189
201,83,196,172
201,86,203,174
203,88,219,175
191,80,223,176
201,84,193,167
200,91,220,171
206,87,197,171
220,87,173,162
236,85,139,138
228,87,149,138
235,88,142,136
231,91,145,134
230,90,145,132
234,88,141,141
225,87,154,143
231,93,148,131
236,93,141,129
241,90,134,133
235,90,137,134
237,90,136,135
236,91,143,131
237,91,138,132
239,93,142,132
237,89,142,143
237,89,141,136
238,91,136,131
236,88,140,146
241,88,135,136
235,89,141,140
238,85,142,140
238,90,138,132
238,90,137,138
240,91,135,135
243,88,132,134
240,89,133,142
244,87,130,136
241,89,133,137
241,90,138,133
243,86,135,135
242,89,133,140
244,89,134,133
243,89,133,139
244,88,133,135
243,86,135,136
245,91,131,133
243,94,132,128
243,88,136,135
246,90,133,131
239,91,147,140
242,88,148,137
242,90,138,135
246,88,135,134
241,89,143,136
242,89,144,135
243,87,143,142
237,90,152,138
241,88,151,138
237,89,151,140
218,88,175,142
199,91,198,146
197,88,205,147
194,90,204,148
199,90,207,158
196,92,206,156
197,90,201,153
203,88,202,157
209,87,195,155
217,89,184,154
222,90,178,151
225,88,176,150
228,92,174,148
237,89,166,155
230,92,180,147
236,89,173,154
240,87,170,154
242,91,161,154
242,90,164,147
250,88,157,156
241,87,162,146
243,88,156,142
253,88,153,150
240,87,163,143
240,91,162,146
242,91,164,146
248,92,161,144
244,91,162,150
242,92,159,141
248,93,160,137
243,91,160,138
240,93,170,130
240,96,173,130
239,94,173,133
237,91,172,137
235,93,176,137
228,92,180,143
228,94,182,139
226,92,189,136
224,95,184,139
221,91,190,136
217,100,196,127
213,96,199,135
211,90,207,146
209,101,209,129
207,94,206,140
204,100,210,128
207,97,208,134
204,90,208,138
212,92,203,143
209,94,201,137
212,96,203,142
216,92,198,140
220,99,190,132
232,92,178,145
237,92,167,143
243,93,162,150
248,89,158,154
251,105,149,145
262,127,139,121
276,134,127,105
274,103,126,138
261,91,145,154
263,90,143,161
260,94,143,158
259,88,149,191
263,92,162,189
264,85,146,209
264,90,139,201
262,91,157,190
262,96,144,184
259,95,145,186
265,94,146,185
262,95,147,177
261,91,143,174
265,94,138,188
314,105,169,163
268,101,141,166
262,93,147,181
258,93,150,171
261,94,147,166
259,91,147,196
258,87,151,191
258,85,167,185
257,96,190,171
254,92,218,179
258,117,204,162
258,120,203,152
270,140,172,143
253,91,174,140
252,92,190,176
255,101,173,189
256,91,162,198
255,91,157,197
255,84,149,204
253,83,149,198
249,86,147,190
248,86,142,192
247,92,154,177
243,86,158,189
243,89,166,176
236,88,166,152
230,91,169,139
229,88,176,144
223,93,180,139
224,93,192,133
225,92,199,132
218,100,215,137
217,98,220,160
214,94,226,173
213,95,228,169
199,92,243,174
206,88,245,172
201,92,252,171
194,90,258,166
201,92,263,175
201,85,254,173
205,90,258,171
206,94,264,172
203,87,265,177
204,91,266,182
218,88,250,175
216,86,246,177
216,93,245,174
213,96,238,152
216,99,224,170
220,100,211,164
223,110,199,144
229,112,177,175
252,102,142,202
234,99,161,205
235,105,160,184
261,112,129,162
255,120,134,151
244,85,142,153
234,88,154,186
229,89,161,190
223,98,166,174
221,92,163,176
218,88,165,176
221,90,163,176
215,85,166,176
202,96,181,160
196,88,184,168
192,93,193,160
192,92,187,166
195,93,184,161
197,90,181,163
203,88,175,156
202,85,173,171
222,81,155,161
228,83,146,141
225,79,148,163
221,82,152,169
226,83,151,153
227,81,146,174
230,81,150,166
233,88,152,152
232,85,156,160
229,80,163,173
232,83,167,170
230,82,163,177
229,87,178,174
230,86,167,171
235,88,181,169
233,87,165,167
232,86,180,178
230,86,192,176
231,87,185,176
214,89,209,173
232,85,182,169
234,86,182,171
231,88,183,174
226,88,197,178
230,89,193,179
226,88,200,177
224,92,203,174
225,90,206,178
224,93,206,169
229,93,205,167
218,90,217,176
226,91,216,180
201,92,236,171
204,91,234,157
191,84,248,167
185,85,260,171
194,84,258,170
194,83,255,173
196,85,258,175
200,85,255,177
205,79,255,164
196,81,266,180
185,81,281,184
199,83,261,169
199,81,268,183
195,85,269,186
196,76,275,164
201,81,262,180
192,94,255,176
193,82,268,163
192,85,283,183
191,86,275,167
196,91,272,181
199,82,248,162
203,92,247,172
203,79,248,172
205,91,242,170
199,81,249,190
212,84,229,160
203,84,236,169
201,86,241,177
201,86,236,177
195,83,236,170
194,87,229,179
203,88,210,164
199,88,217,175
205,84,203,180
212,83,195,181
201,80,199,182
211,81,190,175
212,85,181,162
212,84,178,152
211,87,173,154
213,87,175,147
212,87,167,142
218,87,165,155
214,84,166,165
213,88,164,148
216,89,166,148
216,86,164,143
216,88,164,143
208,87,168,152
212,87,168,143
202,90,184,153
196,92,187,158
201,91,176,152
211,90,159,134
207,90,176,156
192,94,200,167
193,94,191,168
196,94,195,163
194,93,192,163
206,93,172,141
203,89,183,140
199,86,186,159
204,88,184,158
215,88,173,139
219,87,163,148
224,85,170,162
220,87,168,159
225,86,160,149
223,81,168,178
227,87,155,169
229,83,144,179
227,85,143,179
233,80,153,184
232,84,151,183
235,96,156,170
237,102,165,164
243,118,163,152
233,95,186,175
233,89,198,177
242,93,197,172
238,80,205,185
247,106,218,159
244,100,220,169
242,91,233,176
244,98,231,171
239,92,245,174
243,67,233,201
244,64,209,203
251,72,211,197
246,59,232,206
255,40,187,217
255,82,204,194
258,94,215,184
247,88,240,198
253,67,221,208
262,27,217,240
256,68,225,212
263,33,208,242
257,65,221,215
257,28,215,242
252,102,240,183
247,132,253,153
240,72,263,201
251,59,234,225
258,7,222,274
254,52,229,234
250,7,245,276
247,73,249,215
247,62,241,223
244,27,246,253
250,16,237,269
249,86,226,206
243,80,243,209
248,62,220,222
245,33,215,249
248,18,193,258
248,12,200,260
242,44,202,230
237,30,218,248
238,33,192,237
232,65,199,200
226,72,190,178
225,86,174,149
224,69,185,160
222,74,191,160
220,73,195,160
218,71,198,161
216,75,201,164
211,78,203,163
212,85,195,152
207,86,200,145
206,88,210,148
199,87,207,143
203,88,207,141
203,91,188,136
199,90,200,137
202,90,188,133
201,93,191,131
202,91,192,135
202,94,191,128
206,96,183,148
203,94,185,156
207,91,175,167
212,91,164,178
212,93,161,181
213,88,157,198
228,91,139,199
239,94,129,199
236,89,130,209
234,88,132,213
234,88,131,212
230,90,133,214
227,92,132,211
224,98,134,211
225,95,129,210
217,101,139,211
210,108,149,201
209,105,151,210
204,108,153,209
203,102,159,216
214,112,153,199
217,103,146,209
233,100,130,208
248,98,116,201
253,101,110,195
261,97,99,187
262,91,99,192
257,86,106,198
258,94,110,187
250,95,123,180
250,95,125,181
245,102,127,173
247,101,135,158
236,100,143,162
233,97,151,157
224,92,154,176
219,91,155,162
208,100,157,141
201,97,161,131
191,101,175,131
187,94,170,131
173,119,199,127
160,88,204,152
157,86,175,143
159,97,163,158
155,74,161,151
154,63,155,168
153,55,154,171
149,47,158,177
145,39,157,184
138,29,156,195
155,62,140,200
164,65,115,225
168,54,107,256
184,50,86,261
176,43,93,273
173,34,98,282
174,20,95,296
169,25,93,293
169,19,95,296
160,21,105,302
143,7,116,313
115,7,146,308
107,9,149,321
109,8,143,316
105,2,145,327
99,2,140,303
94,6,151,306
77,2,163,299
75,5,172,310
73,0,157,294
63,-2,165,283
57,2,170,290
52,0,176,288
42,8,181,277
37,4,180,286
25,-3,199,296
13,10,214,294
10,1,237,316
13,-2,236,323
7,-1,221,320
80,-5,191,328
118,54,139,297
133,59,123,266
114,67,143,244
122,70,132,250
107,58,147,269
117,59,143,266
121,156,132,213
119,153,140,179
127,173,135,148
98,159,171,138
116,174,156,154
94,148,161,145
164,159,128,127
190,148,103,130
194,140,105,121
210,138,98,129
211,128,107,133
260,110,83,133
271,120,70,120
284,119,63,110
291,112,63,111
300,108,63,115
316,110,52,114
319,103,55,112
331,104,49,107
338,103,49,106
346,106,48,105
354,114,43,98
359,114,41,102
360,126,43,99
361,134,43,98
358,139,47,103
355,156,48,100
350,154,50,113
342,158,55,116
315,137,71,113
326,160,66,111
296,132,87,124
269,129,107,106
256,142,120,118
248,134,122,130
239,142,128,122
230,143,136,121
226,146,136,88
220,147,136,96
216,145,108,85
214,143,99,75
216,150,90,79
228,173,73,95
226,171,62,111
220,138,69,114
202,134,79,134
197,128,74,137
185,119,74,135
174,108,74,138
171,103,69,131
162,97,74,120
160,94,66,124
160,88,62,123
153,95,61,140
150,82,62,132
147,79,62,115
144,76,61,114
141,74,59,112
138,69,58,112
136,67,58,109
136,65,58,107
134,62,59,108
135,59,56,107
136,59,54,104
136,57,52,105
135,56,56,105
134,59,54,102
133,58,57,104
133,57,57,104
136,57,55,103
134,56,57,104
134,54,57,101
137,51,54,100
134,54,56,99
133,50,57,99
133,51,54,99
131,46,54,100
130,43,56,97
129,42,53,100
127,41,54,97
125,40,54,97
124,38,53,96
123,37,53,95
123,35,51,96
123,33,51,99
120,36,53,97
122,34,52,96
121,33,50,97
120,28,52,96
113,28,55,94
115,23,50,93
103,16,61,93
99,11,59,92
97,4,54,89
93,4,51,82
83,4,55,70
78,0,53,69
63,-4,61,63
71,5,49,46
70,2,50,52
74,2,48,54
78,2,49,55
79,3,55,58
80,6,61,57
82,9,66,55
78,5,78,61
90,4,74,65
101,5,69,66
103,3,75,69
119,11,66,64
140,17,52,60
158,20,39,58
166,21,35,59
172,24,35,57
177,24,36,60
182,9,36,76
186,12,34,77
190,5,34,83
192,3,36,87
195,5,35,88
196,3,34,91
196,2,36,95
198,6,36,94
197,9,39,94
195,4,44,100
198,4,43,103
196,3,47,106
197,5,46,105
194,8,50,103
201,7,42,104
201,12,44,101
203,15,43,98
204,17,42,97
202,20,46,92
206,20,43,94
207,15,42,96
205,16,48,95
199,12,56,96
208,16,49,91
206,11,56,95
214,8,51,98
216,7,51,96
212,6,58,96
219,5,54,96
216,5,61,97
221,5,60,95
222,4,62,96
228,4,60,98
229,5,64,98
236,2,60,103
238,2,64,107
244,4,67,109
245,3,72,111
253,3,71,113
251,4,77,116
257,2,76,117
260,4,81,124
260,6,88,124
234,7,81,107
271,41,85,98
283,76,82,88
286,79,78,87
289,84,79,80
293,91,79,75
290,93,81,73
258,36,62,66
270,36,49,61
311,97,61,61
303,98,70,66
249,45,75,65
304,99,79,65
310,96,77,69
312,100,77,66
315,100,73,67
319,98,73,62
271,49,64,63
279,49,58,60
287,46,47,54
287,47,45,50
288,46,47,53
288,46,50,52
285,46,56,52
287,46,57,54
289,46,53,59
293,46,45,53
292,46,52,52
291,46,52,59
293,46,49,57
293,46,50,57
295,45,49,59
292,44,53,60
293,45,51,56
293,45,50,57
293,44,50,55
293,46,52,52
293,49,50,46
291,44,54,55
291,45,52,53
292,48,50,48
290,46,54,49
288,44,56,53
288,46,54,48
289,43,55,54
291,45,51,51
290,45,53,51
288,41,54,53
288,44,53,50
287,45,53,46
290,43,51,52
288,46,54,45
287,46,56,46
288,45,53,51
285,42,56,50
288,44,53,50
290,45,51,50
288,43,53,48
290,46,49,45
289,46,53,43
288,42,53,51
286,45,55,44
288,45,53,45
285,40,57,48
286,41,55,46
287,44,53,43
287,41,56,45
287,42,52,44
288,44,52,41
287,40,55,45
288,42,48,41
286,41,53,42
287,42,52,42
289,39,53,45
288,40,53,47
288,38,55,47
289,40,50,45
289,41,50,42
289,40,52,44
286,39,56,44
285,39,56,45
286,38,53,45
291,39,45,43
290,38,50,47
288,40,53,44
290,38,52,47
287,40,52,43
287,38,54,43
287,39,53,41
287,39,51,40
288,38,49,41
287,36,52,45
284,37,55,44
281,36,58,42
280,36,58,42
284,36,53,41
285,34,54,43
281,34,57,46
282,33,58,45
282,34,56,43
283,32,56,46
279,33,62,45
282,32,57,46
281,31,57,47
279,31,60,46
278,31,63,46
278,31,60,46
280,32,59,46
278,31,60,44
278,30,60,46
281,31,51,42
280,31,55,45
277,29,59,46
276,29,60,46
276,31,57,43
278,29,60,44
275,28,63,46
278,27,59,47
277,29,59,43
276,26,59,42
277,25,58,46
279,23,50,42
279,22,44,38
279,21,43,37
279,20,43,38
278,18,44,38
281,16,39,39
279,15,42,40
279,14,40,39
281,13,39,42
280,11,38,41
281,11,37,41
283,7,35,43
280,5,35,43
281,3,33,42
280,3,34,44
278,1,34,47
277,1,32,42
272,3,34,42
270,3,34,41
270,3,34,41
270,3,34,41
270,3,34,41
270,3,34,41
270,3,34,41
270,3,34,41
270,3,34,41
270,3,34,41
270,3,34,41
270,3,34,41
270,3,34,41
270,3,34,41
270,3,34,41
270,3,34,41
270,3,34,41
270,3,34,41
270,3,34,41
270,3,34,41
270,3,34,41
270,3,34,41
270,3,34,41
270,0,43,33
270,0,43,33
270,0,43,33
270,0,43,33
270,0,43,33
269,3,50,28
269,3,50,28
269,3,50,28
269,3,50,28
269,3,50,28
269,3,50,28
269,3,50,28
269,3,50,28
269,3,50,28
269,3,50,28
269,3,50,28
269,3,50,28
269,3,50,28
269,3,50,28
269,3,50,28
269,3,50,28
269,3,50,28
269,3,50,28
269,3,50,28
269,3,50,28
269,3,50,28
269,3,50,28
269,3,50,28
269,3,50,28
269,3,50,28
269,3,50,28
269,6,54,32
271,4,51,35
270,2,47,40
271,7,47,41
278,16,48,47
282,20,47,57
282,25,47,68
288,31,41,79
284,43,48,87
287,55,44,78
333,74,58,73
313,83,77,80
290,78,93,92
294,93,84,86
293,81,81,99
295,117,77,105
295,78,77,110
298,125,73,98
294,128,76,103
299,124,74,115
296,133,78,109
293,133,79,112
294,126,79,118
292,130,81,115
293,135,82,116
290,140,83,112
293,154,82,101
292,158,82,97
293,170,74,89
297,178,60,85
297,185,56,82
297,186,60,85
298,191,59,87
298,194,56,87
298,195,61,94
297,199,66,95
297,199,70,102
298,205,58,105
309,160,63,92
296,209,77,104
299,211,67,115
301,217,55,117
315,134,60,131
299,218,61,131
303,133,70,141
303,167,70,108
299,163,73,112
301,161,73,117
304,156,66,122
302,149,67,130
303,131,67,147
306,129,67,148
292,126,80,145
291,129,82,126
289,130,85,110
276,129,98,111
279,129,94,112
284,166,87,82
283,169,89,75
282,162,91,86
288,160,81,89
289,157,74,99
289,154,70,106
287,159,64,101
287,158,58,102
263,162,74,99
254,160,76,102
233,155,86,108
217,156,90,104
228,119,107,112
225,115,107,108
241,113,92,109
231,105,101,116
216,108,115,112
204,110,129,111
189,105,146,118
181,138,158,93
168,146,167,79
160,146,179,77
155,144,183,81
150,147,189,79
159,148,182,82
149,146,192,82
161,147,200,78
158,144,184,85
161,144,193,82
155,141,196,83
163,144,191,79
173,134,188,89
187,128,168,95
201,132,157,90
215,137,145,84
226,137,140,83
239,128,130,92
250,135,123,85
266,122,102,96
281,137,91,81
291,105,68,90
265,158,66,84
278,161,72,78
297,161,69,75
316,164,64,79
329,163,66,79
335,168,79,71
335,168,79,71
335,168,79,71
365,232,71,98
372,221,64,115
378,215,59,123
379,211,61,127
382,201,59,138
380,193,59,144
380,209,60,129
346,114,54,118
325,113,70,109
312,92,65,124
285,89,78,131
274,88,83,128
267,79,105,142
204,117,128,145
242,88,133,137
227,90,134,138
210,93,161,131
195,80,173,142
176,76,190,148
170,71,176,157
168,68,164,158
155,59,172,171
147,51,167,176
151,40,161,184
139,44,162,185
132,24,157,197
129,17,163,214
126,10,156,212
124,42,157,228
131,76,145,197
120,20,149,196
112,4,151,226
109,1,151,229
114,36,145,238
105,4,142,265
103,0,134,280
102,9,130,270
99,3,126,279
106,35,117,251
98,61,125,221
92,61,113,213
93,65,113,214
86,73,116,206
87,82,106,197
84,97,103,180
274,115,93,152
104,141,85,137
94,173,100,116
98,184,92,96
92,200,75,80
92,199,71,81
93,201,71,80
95,200,68,80
93,202,70,78
93,198,70,83
93,202,70,77
91,199,71,81
95,202,68,76
94,199,68,79
97,202,67,75
94,201,69,77
96,203,68,75
